194
0
1
0.855732 4.21699 0.562475
0.0350875 -0.0252471 0.0233306
1
1
0.78638 4.2708 0.519337
0.0339198 -0.0293929 0.0221524
2
1
0.715209 4.33268 0.480029
0.0346738 -0.0333333 0.0191283
3
1
0.641828 4.40097 0.448504
0.035404 -0.0363767 0.0132794
4
1
0.563761 4.47306 0.427123
0.0388316 -0.0366892 0.00769012
5
1
0.479172 4.54399 0.417153
0.042048 -0.0345888 0.000840895
6
1
0.386316 4.60837 0.417637
0.0472129 -0.03014 -0.00366166
7
1
0.284445 4.66085 0.425018
0.0521406 -0.0227558 -0.00677943
8
1
0.174304 4.69737 0.434557
0.0561048 -0.0142106 -0.00578003
9
1
0.0587257 4.71583 0.440731
0.058359 -0.00455127 -0.00245115
10
1
-0.0587257 4.71583 0.440731
0.058359 0.00455127 0.00245115
11
1
-0.174304 4.69737 0.434557
0.0561048 0.0142106 0.00578003
12
1
-0.284445 4.66085 0.425018
0.0521406 0.0227558 0.00677943
13
1
-0.386316 4.60837 0.417637
0.0472129 0.03014 0.00366166
14
1
-0.479172 4.54399 0.417153
0.042048 0.0345888 -0.000840895
15
1
-0.563761 4.47306 0.427123
0.0388316 0.0366892 -0.00769012
16
1
-0.641828 4.40097 0.448504
0.035404 0.0363767 -0.0132794
17
1
-0.715209 4.33268 0.480029
0.0346738 0.0333333 -0.0191283
18
1
-0.78638 4.2708 0.519337
0.0339198 0.0293929 -0.0221524
19
1
-0.855732 4.21699 0.562475
0.0350875 0.0252471 -0.0233306
20
1
-0.923689 4.1714 0.605593
0.0342958 0.0205708 -0.0222855
21
1
-0.990349 4.13236 0.645654
0.0327379 0.0172217 -0.0193441
22
1
-1.05642 4.0985 0.680934
0.0339854 0.0149479 -0.0167484
23
1
-1.1228 4.06838 0.711524
0.0323607 0.0130464 -0.0142652
24
1
-1.18868 4.04157 0.737791
0.0320962 0.0124207 -0.0125908
25
1
-1.25397 4.01757 0.760686
0.0325666 0.0120292 -0.0108113
26
1
-1.31798 3.99612 0.781632
0.0305325 0.0107136 -0.0100885
27
1
-1.38025 3.97694 0.801293
0.0296267 0.00990347 -0.00973239
28
1
-1.44089 3.95897 0.819962
0.0300361 0.00967568 -0.00910852
29
1
-1.50046 3.94255 0.837481
0.0291805 0.00849458 -0.00850549
30
1
-1.5593 3.92827 0.85301
0.0284385 0.00695674 -0.00775534
31
1
-1.61767 3.91596 0.865937
0.0287191 0.00606258 -0.00662015
32
1
-1.67562 3.90543 0.876126
0.0287571 0.00523427 -0.00532456
33
1
-1.73306 3.89661 0.883134
0.028442 0.00419855 -0.00347726
34
1
-1.78989 3.88933 0.886102
0.0283198 0.00325488 -0.000759588
35
1
-1.84595 3.88324 0.884516
0.0277922 0.0021403 0.0020057
36
1
-1.90112 3.87854 0.87874
0.0265998 0.000894319 0.00390022
37
1
-1.95581 3.8754 0.869225
0.0260581 0.000247427 0.00560335
38
1
-2.01061 3.87307 0.855614
0.0267674 0.000629039 0.0080537
39
1
-2.06558 3.87038 0.837826
0.0274761 0.00148206 0.0104291
40
1
-2.1201 3.8668 0.81655
0.0273312 0.00215107 0.0119577
41
1
-2.17379 3.86238 0.792783
0.0269364 0.00295954 0.0131257
42
1
-2.2267 3.85772 0.766852
0.0266777 0.00364706 0.0139703
43
1
-2.27918 3.85281 0.739117
0.0264611 0.00338822 0.0145796
44
1
-2.33134 3.84794 0.709131
0.0262184 0.00272167 0.0157134
45
1
-2.38315 3.84262 0.676077
0.0258658 0.00283587 0.0178596
46
1
-2.43405 3.8366 0.639237
0.0250973 0.00351809 0.0206441
47
1
-2.48258 3.83022 0.598064
0.0239433 0.00349564 0.0230322
48
1
-2.52737 3.82439 0.552595
0.0224089 0.00261321 0.0248633
49
1
-2.56765 3.82004 0.503295
0.0201045 0.00153334 0.0269325
50
1
-2.60342 3.81723 0.451177
0.0174993 0.000694225 0.028497
51
1
-2.63509 3.81584 0.397072
0.015642 5.76291e-005 0.0289991
52
1
-2.66354 3.81595 0.341542
0.0143835 -0.000591328 0.0289184
53
1
-2.68886 3.81724 0.285225
0.0128801 -0.00135694 0.0289265
54
1
-2.71037 3.81924 0.228514
0.0107759 -0.00193192 0.029138
55
1
-2.72738 3.82097 0.171514
0.0083015 -0.00202798 0.0293648
56
1
-2.73941 3.82204 0.114344
0.0055868 -0.0016316 0.0292888
57
1
-2.74662 3.82235 0.0571387
0.00275799 -0.000926311 0.0288986
58
1
-2.74887 3.82234 -2.7165e-015
-1.61772e-016 -3.72611e-016 0.0286467
59
1
-2.74662 3.82235 -0.0571387
-0.00275799 0.000926311 0.0288986
60
1
-2.73941 3.82204 -0.114344
-0.0055868 0.0016316 0.0292888
61
1
-2.72738 3.82097 -0.171514
-0.0083015 0.00202798 0.0293648
62
1
-2.71037 3.81924 -0.228514
-0.0107759 0.00193192 0.029138
63
1
-2.68886 3.81724 -0.285225
-0.0128801 0.00135694 0.0289265
64
1
-2.66354 3.81595 -0.341542
-0.0143835 0.000591328 0.0289184
65
1
-2.63509 3.81584 -0.397072
-0.015642 -5.76291e-005 0.0289991
66
1
-2.60342 3.81723 -0.451177
-0.0174993 -0.000694225 0.028497
67
1
-2.56765 3.82004 -0.503295
-0.0201045 -0.00153334 0.0269325
68
1
-2.52737 3.82439 -0.552595
-0.0224089 -0.00261321 0.0248633
69
1
-2.48258 3.83022 -0.598064
-0.0239433 -0.00349564 0.0230322
70
1
-2.43405 3.8366 -0.639237
-0.0250973 -0.00351809 0.0206441
71
1
-2.38315 3.84262 -0.676077
-0.0258658 -0.00283587 0.0178596
72
1
-2.33134 3.84794 -0.709131
-0.0262184 -0.00272167 0.0157134
73
1
-2.27918 3.85281 -0.739117
-0.0264611 -0.00338822 0.0145796
74
1
-2.2267 3.85772 -0.766852
-0.0266777 -0.00364706 0.0139703
75
1
-2.17379 3.86238 -0.792783
-0.0269364 -0.00295954 0.0131257
76
1
-2.1201 3.8668 -0.81655
-0.0273312 -0.00215107 0.0119577
77
1
-2.06558 3.87038 -0.837826
-0.0274761 -0.00148206 0.0104291
78
1
-2.01061 3.87307 -0.855614
-0.0267674 -0.000629039 0.0080537
79
1
-1.95581 3.8754 -0.869225
-0.0260581 -0.000247427 0.00560335
80
1
-1.90112 3.87854 -0.87874
-0.0265998 -0.000894319 0.00390022
81
1
-1.84595 3.88324 -0.884516
-0.0277922 -0.0021403 0.0020057
82
1
-1.78989 3.88933 -0.886102
-0.0283198 -0.00325488 -0.000759588
83
1
-1.73306 3.89661 -0.883134
-0.028442 -0.00419855 -0.00347726
84
1
-1.67562 3.90543 -0.876126
-0.0287571 -0.00523427 -0.00532456
85
1
-1.61767 3.91596 -0.865937
-0.0287191 -0.00606258 -0.00662015
86
1
-1.5593 3.92827 -0.85301
-0.0284385 -0.00695674 -0.00775534
87
1
-1.50046 3.94255 -0.837481
-0.0291805 -0.00849458 -0.00850549
88
1
-1.44089 3.95897 -0.819962
-0.0300361 -0.00967568 -0.00910852
89
1
-1.38025 3.97694 -0.801293
-0.0296267 -0.00990347 -0.00973239
90
1
-1.31798 3.99612 -0.781632
-0.0305325 -0.0107136 -0.0100885
91
1
-1.25397 4.01757 -0.760686
-0.0325666 -0.0120292 -0.0108113
92
1
-1.18868 4.04157 -0.737791
-0.0320962 -0.0124207 -0.0125908
93
1
-1.1228 4.06838 -0.711524
-0.0323607 -0.0130464 -0.0142652
94
1
-1.05642 4.0985 -0.680934
-0.0339854 -0.0149479 -0.0167484
95
1
-0.990349 4.13236 -0.645654
-0.0327379 -0.0172217 -0.0193441
96
1
-0.923689 4.1714 -0.605593
-0.0342958 -0.0205708 -0.0222855
97
1
-0.855732 4.21699 -0.562475
-0.0350875 -0.0252471 -0.0233306
98
1
-0.78638 4.2708 -0.519337
-0.0339198 -0.0293929 -0.0221524
99
1
-0.715209 4.33268 -0.480029
-0.0346738 -0.0333333 -0.0191283
100
1
-0.641828 4.40097 -0.448504
-0.035404 -0.0363767 -0.0132794
101
1
-0.563761 4.47306 -0.427123
-0.0388316 -0.0366892 -0.00769012
102
1
-0.479172 4.54399 -0.417153
-0.042048 -0.0345888 -0.000840895
103
1
-0.386316 4.60837 -0.417637
-0.0472129 -0.03014 0.00366166
104
1
-0.284445 4.66085 -0.425018
-0.0521406 -0.0227558 0.00677943
105
1
-0.174304 4.69737 -0.434557
-0.0561048 -0.0142106 0.00578003
106
1
-0.0587257 4.71583 -0.440731
-0.058359 -0.00455127 0.00245115
107
1
0.0587257 4.71583 -0.440731
-0.058359 0.00455127 -0.00245115
108
1
0.174304 4.69737 -0.434557
-0.0561048 0.0142106 -0.00578003
109
1
0.284445 4.66085 -0.425018
-0.0521406 0.0227558 -0.00677943
110
1
0.386316 4.60837 -0.417637
-0.0472129 0.03014 -0.00366166
111
1
0.479172 4.54399 -0.417153
-0.042048 0.0345888 0.000840895
112
1
0.563761 4.47306 -0.427123
-0.0388316 0.0366892 0.00769012
113
1
0.641828 4.40097 -0.448504
-0.035404 0.0363767 0.0132794
114
1
0.715209 4.33268 -0.480029
-0.0346738 0.0333333 0.0191283
115
1
0.78638 4.2708 -0.519337
-0.0339198 0.0293929 0.0221524
116
1
0.855732 4.21699 -0.562475
-0.0350875 0.0252471 0.0233306
117
1
0.923689 4.1714 -0.605593
-0.0342958 0.0205708 0.0222855
118
1
0.990349 4.13236 -0.645654
-0.0327379 0.0172217 0.0193441
119
1
1.05642 4.0985 -0.680934
-0.0339854 0.0149479 0.0167484
120
1
1.1228 4.06838 -0.711524
-0.0323607 0.0130464 0.0142652
121
1
1.18868 4.04157 -0.737791
-0.0320962 0.0124207 0.0125908
122
1
1.25397 4.01757 -0.760686
-0.0325666 0.0120292 0.0108113
123
1
1.31798 3.99612 -0.781632
-0.0305325 0.0107136 0.0100885
124
1
1.38025 3.97694 -0.801293
-0.0296267 0.00990347 0.00973239
125
1
1.44089 3.95897 -0.819962
-0.0300361 0.00967568 0.00910852
126
1
1.50046 3.94255 -0.837481
-0.0291805 0.00849458 0.00850549
127
1
1.5593 3.92827 -0.85301
-0.0284385 0.00695674 0.00775534
128
1
1.61767 3.91596 -0.865937
-0.0287191 0.00606258 0.00662015
129
1
1.67562 3.90543 -0.876126
-0.0287571 0.00523427 0.00532456
130
1
1.73306 3.89661 -0.883134
-0.028442 0.00419855 0.00347726
131
1
1.78989 3.88933 -0.886102
-0.0283198 0.00325488 0.000759588
132
1
1.84595 3.88324 -0.884516
-0.0277922 0.0021403 -0.0020057
133
1
1.90112 3.87854 -0.87874
-0.0265998 0.000894319 -0.00390022
134
1
1.95581 3.8754 -0.869225
-0.0260581 0.000247427 -0.00560335
135
1
2.01061 3.87307 -0.855614
-0.0267674 0.000629039 -0.0080537
136
1
2.06558 3.87038 -0.837826
-0.0274761 0.00148206 -0.0104291
137
1
2.1201 3.8668 -0.81655
-0.0273312 0.00215107 -0.0119577
138
1
2.17379 3.86238 -0.792783
-0.0269364 0.00295954 -0.0131257
139
1
2.2267 3.85772 -0.766852
-0.0266777 0.00364706 -0.0139703
140
1
2.27918 3.85281 -0.739117
-0.0264611 0.00338822 -0.0145796
141
1
2.33134 3.84794 -0.709131
-0.0262184 0.00272167 -0.0157134
142
1
2.38315 3.84262 -0.676077
-0.0258658 0.00283587 -0.0178596
143
1
2.43405 3.8366 -0.639237
-0.0250973 0.00351809 -0.0206441
144
1
2.48258 3.83022 -0.598064
-0.0239433 0.00349564 -0.0230322
145
1
2.52737 3.82439 -0.552595
-0.0224089 0.00261321 -0.0248633
146
1
2.56765 3.82004 -0.503295
-0.0201045 0.00153334 -0.0269325
147
1
2.60342 3.81723 -0.451177
-0.0174993 0.000694225 -0.028497
148
1
2.63509 3.81584 -0.397072
-0.015642 5.76291e-005 -0.0289991
149
1
2.66354 3.81595 -0.341542
-0.0143835 -0.000591328 -0.0289184
150
1
2.68886 3.81724 -0.285225
-0.0128801 -0.00135694 -0.0289265
151
1
2.71037 3.81924 -0.228514
-0.0107759 -0.00193192 -0.029138
152
1
2.72738 3.82097 -0.171514
-0.0083015 -0.00202798 -0.0293648
153
1
2.73941 3.82204 -0.114344
-0.0055868 -0.0016316 -0.0292888
154
1
2.74662 3.82235 -0.0571387
-0.00275799 -0.000926311 -0.0288986
155
1
2.74887 3.82234 -5.58277e-015
6.00163e-017 1.51013e-016 -0.0286467
156
1
2.74662 3.82235 0.0571387
0.00275799 0.000926311 -0.0288986
157
1
2.73941 3.82204 0.114344
0.0055868 0.0016316 -0.0292888
158
1
2.72738 3.82097 0.171514
0.0083015 0.00202798 -0.0293648
159
1
2.71037 3.81924 0.228514
0.0107759 0.00193192 -0.029138
160
1
2.68886 3.81724 0.285225
0.0128801 0.00135694 -0.0289265
161
1
2.66354 3.81595 0.341542
0.0143835 0.000591328 -0.0289184
162
1
2.63509 3.81584 0.397072
0.015642 -5.76291e-005 -0.0289991
163
1
2.60342 3.81723 0.451177
0.0174993 -0.000694225 -0.028497
164
1
2.56765 3.82004 0.503295
0.0201045 -0.00153334 -0.0269325
165
1
2.52737 3.82439 0.552595
0.0224089 -0.00261321 -0.0248633
166
1
2.48258 3.83022 0.598064
0.0239433 -0.00349564 -0.0230322
167
1
2.43405 3.8366 0.639237
0.0250973 -0.00351809 -0.0206441
168
1
2.38315 3.84262 0.676077
0.0258658 -0.00283587 -0.0178596
169
1
2.33134 3.84794 0.709131
0.0262184 -0.00272167 -0.0157134
170
1
2.27918 3.85281 0.739117
0.0264611 -0.00338822 -0.0145796
171
1
2.2267 3.85772 0.766852
0.0266777 -0.00364706 -0.0139703
172
1
2.17379 3.86238 0.792783
0.0269364 -0.00295954 -0.0131257
173
1
2.1201 3.8668 0.81655
0.0273312 -0.00215107 -0.0119577
174
1
2.06558 3.87038 0.837826
0.0274761 -0.00148206 -0.0104291
175
1
2.01061 3.87307 0.855614
0.0267674 -0.000629039 -0.0080537
176
1
1.95581 3.8754 0.869225
0.0260581 -0.000247427 -0.00560335
177
1
1.90112 3.87854 0.87874
0.0265998 -0.000894319 -0.00390022
178
1
1.84595 3.88324 0.884516
0.0277922 -0.0021403 -0.0020057
179
1
1.78989 3.88933 0.886102
0.0283198 -0.00325488 0.000759588
180
1
1.73306 3.89661 0.883134
0.028442 -0.00419855 0.00347726
181
1
1.67562 3.90543 0.876126
0.0287571 -0.00523427 0.00532456
182
1
1.61767 3.91596 0.865937
0.0287191 -0.00606258 0.00662015
183
1
1.5593 3.92827 0.85301
0.0284385 -0.00695674 0.00775534
184
1
1.50046 3.94255 0.837481
0.0291805 -0.00849458 0.00850549
185
1
1.44089 3.95897 0.819962
0.0300361 -0.00967568 0.00910852
186
1
1.38025 3.97694 0.801293
0.0296267 -0.00990347 0.00973239
187
1
1.31798 3.99612 0.781632
0.0305325 -0.0107136 0.0100885
188
1
1.25397 4.01757 0.760686
0.0325666 -0.0120292 0.0108113
189
1
1.18868 4.04157 0.737791
0.0320962 -0.0124207 0.0125908
190
1
1.1228 4.06838 0.711524
0.0323607 -0.0130464 0.0142652
191
1
1.05642 4.0985 0.680934
0.0339854 -0.0149479 0.0167484
192
1
0.990349 4.13236 0.645654
0.0327379 -0.0172217 0.0193441
193
1
0.923689 4.1714 0.605593
0.0342958 -0.0205708 0.0222855
