194
0
1
0.427791 10.8179 1.8537
0.0121315 0.0440145 -0.026706
1
1
0.408807 10.7358 1.90658
0.00619404 0.0377433 -0.0196814
2
1
0.404533 10.6521 1.96478
-0.0101863 0.0451587 -0.0301851
3
1
0.40128 10.5736 2.03458
0.00181676 0.0384942 -0.0325573
4
1
0.379616 10.5142 2.11386
0.0208199 0.0153684 -0.0477566
5
1
0.344946 10.4715 2.19329
0.00918284 0.00985172 -0.0245903
6
1
0.272369 10.4002 2.29039
0.051321 0.0396734 -0.0422864
7
1
0.128799 10.3275 2.42891
0.0499234 0.0113983 -0.0542934
8
1
0.853362 6.33752 0.0606249
0.0468467 -0.0168302 -0.00841709
9
1
0.759511 13.8321 0.0853442
0.0266131 -0.0524839 0.00856233
10
1
-0.760774 13.8332 0.0772363
0.0266645 0.0522353 -0.0087852
11
1
-0.854799 6.3369 0.049038
0.0464913 0.0168917 0.00971576
12
1
-0.128813 10.3275 2.42891
0.0499233 -0.0113982 0.0542936
13
1
-0.272384 10.4002 2.29039
0.0513209 -0.0396733 0.0422868
14
1
-0.34496 10.4715 2.19329
0.00918281 -0.00985174 0.0245905
15
1
-0.379629 10.5142 2.11385
0.0208197 -0.0153685 0.0477567
16
1
-0.401293 10.5736 2.03458
0.0018166 -0.0384944 0.0325573
17
1
-0.404546 10.6521 1.96478
-0.0101861 -0.0451587 0.0301852
18
1
-0.408821 10.7358 1.90657
0.0061942 -0.0377433 0.0196815
19
1
-0.427805 10.8179 1.8537
0.0121316 -0.0440145 0.0267062
20
1
-0.454222 10.8953 1.79604
0.0153604 -0.0408848 0.0319428
21
1
-0.486139 10.9678 1.72922
0.0165427 -0.0290488 0.029803
22
1
-0.522154 11.0297 1.65593
0.0237786 -0.0291637 0.0422554
23
1
-0.558819 11.0864 1.57992
0.0196245 -0.0298303 0.040853
24
1
-0.588789 11.1376 1.50896
0.00986784 -0.0200847 0.0272417
25
1
-0.609326 11.1822 1.44504
0.00808825 -0.0206765 0.0299609
26
1
-0.625216 11.2248 1.385
0.00632764 -0.0199795 0.0313579
27
1
-0.637959 11.2671 1.32884
0.00462152 -0.0172947 0.0272839
28
1
-0.646219 11.311 1.27539
0.00353147 -0.0193432 0.0229939
29
1
-0.649625 11.3588 1.22333
0.00348678 -0.0264286 0.0252419
30
1
-0.649257 11.4071 1.17422
-0.00209479 -0.0229092 0.0213024
31
1
-0.645419 11.4533 1.12422
-0.00386362 -0.0209444 0.0218944
32
1
-0.637919 11.4989 1.07184
-0.0032818 -0.0245347 0.0291524
33
1
-0.628043 11.5439 1.02036
-0.00684741 -0.025173 0.0299777
34
1
-0.614959 11.5882 0.971043
-0.00947645 -0.0237866 0.025689
35
1
-0.599176 11.6348 0.923072
-0.00895521 -0.0241154 0.0243726
36
1
-0.581415 11.6817 0.87696
-0.0096865 -0.0242614 0.0230362
37
1
-0.562397 11.7287 0.833368
-0.0106018 -0.0248371 0.0220854
38
1
-0.541856 11.7749 0.791414
-0.00932197 -0.0227893 0.0201208
39
1
-0.521116 11.8189 0.751985
-0.00844733 -0.0176989 0.0165895
40
1
-0.50047 11.8589 0.71638
-0.0102817 -0.0166153 0.0151259
41
1
-0.47945 11.8965 0.682993
-0.0110073 -0.0176752 0.0142633
42
1
-0.458211 11.9347 0.649905
-0.00980936 -0.0180388 0.0150534
43
1
-0.437086 11.9742 0.616713
-0.0101955 -0.0198478 0.0173986
44
1
-0.415632 12.0156 0.582965
-0.0124834 -0.0235407 0.0187712
45
1
-0.393354 12.0598 0.548662
-0.0126079 -0.0235094 0.0170813
46
1
-0.371532 12.1054 0.5137
-0.0109556 -0.0204763 0.0149398
47
1
-0.350783 12.1506 0.47922
-0.0106821 -0.0221432 0.0160523
48
1
-0.330755 12.1964 0.443227
-0.00962385 -0.0259253 0.0196798
49
1
-0.312124 12.2422 0.406897
-0.00847693 -0.0252918 0.019099
50
1
-0.293402 12.286 0.370708
-0.00806913 -0.0223465 0.0158567
51
1
-0.272921 12.3289 0.333612
-0.01034 -0.022598 0.0170414
52
1
-0.251241 12.3692 0.294377
-0.0133144 -0.0223328 0.0192244
53
1
-0.228976 12.4049 0.252798
-0.0143852 -0.0213253 0.02033
54
1
-0.208059 12.4353 0.208271
-0.0128584 -0.0191268 0.0230157
55
1
-0.189755 12.4598 0.159194
-0.00922341 -0.0117459 0.0276749
56
1
-0.176082 12.4767 0.107899
-0.0054185 -0.00767339 0.0286425
57
1
-0.167298 12.4886 0.0541124
-0.00239742 -0.00444122 0.0280574
58
1
-0.163705 12.4929 -4.84157e-006
-7.94486e-007 1.53887e-007 0.0279477
59
1
-0.167295 12.4886 -0.0541221
0.00239585 0.0044415 0.0280575
60
1
-0.176076 12.4767 -0.107909
0.005417 0.00767361 0.0286425
61
1
-0.189747 12.4598 -0.159203
0.00922207 0.0117461 0.027675
62
1
-0.208049 12.4353 -0.208281
0.0128574 0.0191269 0.0230162
63
1
-0.228964 12.4049 -0.252809
0.0143846 0.0213254 0.0203304
64
1
-0.251228 12.3692 -0.294388
0.0133139 0.0223329 0.0192247
65
1
-0.272907 12.3289 -0.333623
0.0103397 0.0225981 0.0170415
66
1
-0.293387 12.286 -0.37072
0.00806897 0.0223466 0.0158567
67
1
-0.312109 12.2422 -0.406909
0.00847679 0.0252919 0.019099
68
1
-0.33074 12.1964 -0.443239
0.00962378 0.0259254 0.0196797
69
1
-0.350767 12.1506 -0.479231
0.010682 0.0221434 0.0160522
70
1
-0.371517 12.1054 -0.513712
0.0109556 0.0204764 0.0149397
71
1
-0.393339 12.0598 -0.548674
0.0126079 0.0235095 0.0170813
72
1
-0.415616 12.0156 -0.582977
0.0124835 0.0235408 0.0187711
73
1
-0.43707 11.9742 -0.616725
0.0101955 0.0198478 0.0173985
74
1
-0.458195 11.9347 -0.649916
0.00980941 0.0180389 0.0150533
75
1
-0.479434 11.8965 -0.683005
0.0110074 0.0176752 0.0142633
76
1
-0.500455 11.8589 -0.716392
0.0102817 0.0166153 0.0151258
77
1
-0.5211 11.8189 -0.751997
0.00844738 0.017699 0.0165895
78
1
-0.541841 11.7749 -0.791426
0.00932203 0.0227893 0.0201207
79
1
-0.562382 11.7287 -0.833379
0.0106018 0.0248371 0.0220852
80
1
-0.581401 11.6817 -0.876972
0.00968657 0.0242614 0.0230361
81
1
-0.599162 11.6348 -0.923083
0.00895528 0.0241154 0.0243725
82
1
-0.614944 11.5882 -0.971054
0.00947652 0.0237866 0.0256889
83
1
-0.628028 11.5439 -1.02037
0.00684749 0.025173 0.0299776
84
1
-0.637904 11.4989 -1.07185
0.00328186 0.0245347 0.0291522
85
1
-0.645404 11.4533 -1.12423
0.00386367 0.0209444 0.0218943
86
1
-0.649243 11.4071 -1.17423
0.00209484 0.0229093 0.0213022
87
1
-0.649611 11.3588 -1.22334
-0.00348675 0.0264286 0.0252417
88
1
-0.646205 11.311 -1.2754
-0.00353144 0.0193432 0.0229937
89
1
-0.637945 11.2671 -1.32885
-0.00462149 0.0172947 0.0272836
90
1
-0.625202 11.2248 -1.38501
-0.00632763 0.0199795 0.0313577
91
1
-0.609311 11.1822 -1.44505
-0.00808826 0.0206765 0.0299607
92
1
-0.588774 11.1376 -1.50897
-0.00986786 0.0200847 0.0272415
93
1
-0.558804 11.0864 -1.57993
-0.0196245 0.0298303 0.0408526
94
1
-0.522139 11.0297 -1.65594
-0.0237786 0.0291637 0.042255
95
1
-0.486124 10.9678 -1.72923
-0.0165427 0.0290488 0.0298027
96
1
-0.454208 10.8953 -1.79605
-0.0153603 0.0408848 0.0319425
97
1
-0.427791 10.8179 -1.8537
-0.0121315 0.0440145 0.026706
98
1
-0.408807 10.7358 -1.90658
-0.00619404 0.0377433 0.0196814
99
1
-0.404533 10.6521 -1.96478
0.0101863 0.0451587 0.0301851
100
1
-0.40128 10.5736 -2.03458
-0.00181676 0.0384942 0.0325573
101
1
-0.379616 10.5142 -2.11386
-0.0208199 0.0153684 0.0477566
102
1
-0.344946 10.4715 -2.19329
-0.00918284 0.00985172 0.0245903
103
1
-0.272369 10.4002 -2.29039
-0.051321 0.0396734 0.0422864
104
1
-0.128799 10.3275 -2.42891
-0.0499234 0.0113983 0.0542934
105
1
-0.853356 6.33752 -0.0606668
-0.046848 -0.0168301 0.00841239
106
1
-0.759509 13.8321 -0.0853539
-0.0266129 -0.0524844 -0.00856265
107
1
0.760772 13.8332 -0.0772461
-0.0266643 0.0522358 0.00878553
108
1
0.854793 6.33689 -0.0490801
-0.0464927 0.0168916 -0.00971111
109
1
0.128813 10.3275 -2.42891
-0.0499233 -0.0113982 -0.0542936
110
1
0.272384 10.4002 -2.29039
-0.0513209 -0.0396733 -0.0422868
111
1
0.34496 10.4715 -2.19329
-0.00918281 -0.00985174 -0.0245905
112
1
0.379629 10.5142 -2.11385
-0.0208197 -0.0153685 -0.0477567
113
1
0.401293 10.5736 -2.03458
-0.0018166 -0.0384944 -0.0325573
114
1
0.404546 10.6521 -1.96478
0.0101861 -0.0451587 -0.0301852
115
1
0.408821 10.7358 -1.90657
-0.0061942 -0.0377433 -0.0196815
116
1
0.427805 10.8179 -1.8537
-0.0121316 -0.0440145 -0.0267062
117
1
0.454222 10.8953 -1.79604
-0.0153604 -0.0408848 -0.0319428
118
1
0.486139 10.9678 -1.72922
-0.0165427 -0.0290488 -0.029803
119
1
0.522154 11.0297 -1.65593
-0.0237786 -0.0291637 -0.0422554
120
1
0.558819 11.0864 -1.57992
-0.0196245 -0.0298303 -0.040853
121
1
0.588789 11.1376 -1.50896
-0.00986784 -0.0200847 -0.0272417
122
1
0.609326 11.1822 -1.44504
-0.00808825 -0.0206765 -0.0299609
123
1
0.625216 11.2248 -1.385
-0.00632764 -0.0199795 -0.0313579
124
1
0.637959 11.2671 -1.32884
-0.00462152 -0.0172947 -0.0272839
125
1
0.646219 11.311 -1.27539
-0.00353147 -0.0193432 -0.0229939
126
1
0.649625 11.3588 -1.22333
-0.00348678 -0.0264286 -0.0252419
127
1
0.649257 11.4071 -1.17422
0.00209479 -0.0229092 -0.0213024
128
1
0.645419 11.4533 -1.12422
0.00386362 -0.0209444 -0.0218944
129
1
0.637919 11.4989 -1.07184
0.0032818 -0.0245347 -0.0291524
130
1
0.628043 11.5439 -1.02036
0.00684741 -0.025173 -0.0299777
131
1
0.614959 11.5882 -0.971043
0.00947644 -0.0237866 -0.025689
132
1
0.599176 11.6348 -0.923072
0.00895521 -0.0241154 -0.0243726
133
1
0.581415 11.6817 -0.87696
0.0096865 -0.0242614 -0.0230362
134
1
0.562397 11.7287 -0.833368
0.0106018 -0.0248371 -0.0220854
135
1
0.541856 11.7749 -0.791414
0.00932197 -0.0227893 -0.0201208
136
1
0.521116 11.8189 -0.751985
0.00844733 -0.0176989 -0.0165895
137
1
0.50047 11.8589 -0.71638
0.0102817 -0.0166153 -0.0151259
138
1
0.47945 11.8965 -0.682993
0.0110073 -0.0176752 -0.0142633
139
1
0.458211 11.9347 -0.649905
0.00980936 -0.0180388 -0.0150534
140
1
0.437086 11.9742 -0.616713
0.0101955 -0.0198478 -0.0173986
141
1
0.415632 12.0156 -0.582965
0.0124834 -0.0235407 -0.0187712
142
1
0.393354 12.0598 -0.548662
0.0126079 -0.0235094 -0.0170813
143
1
0.371532 12.1054 -0.5137
0.0109556 -0.0204763 -0.0149398
144
1
0.350783 12.1506 -0.47922
0.0106821 -0.0221432 -0.0160523
145
1
0.330755 12.1964 -0.443227
0.00962385 -0.0259253 -0.0196798
146
1
0.312124 12.2422 -0.406897
0.00847693 -0.0252918 -0.019099
147
1
0.293402 12.286 -0.370708
0.00806913 -0.0223465 -0.0158567
148
1
0.272921 12.3289 -0.333612
0.01034 -0.022598 -0.0170414
149
1
0.251241 12.3692 -0.294377
0.0133144 -0.0223328 -0.0192244
150
1
0.228976 12.4049 -0.252798
0.0143852 -0.0213253 -0.02033
151
1
0.208059 12.4353 -0.208271
0.0128584 -0.0191268 -0.0230157
152
1
0.189755 12.4598 -0.159194
0.00922341 -0.0117459 -0.0276749
153
1
0.176082 12.4767 -0.107899
0.0054185 -0.0076734 -0.0286425
154
1
0.167298 12.4886 -0.0541125
0.00239742 -0.00444122 -0.0280574
155
1
0.163705 12.4929 4.79694e-006
7.97467e-007 1.52078e-007 -0.0279477
156
1
0.167295 12.4886 0.0541221
-0.00239585 0.0044415 -0.0280575
157
1
0.176076 12.4767 0.107909
-0.005417 0.00767361 -0.0286425
158
1
0.189747 12.4598 0.159203
-0.00922207 0.0117461 -0.027675
159
1
0.208049 12.4353 0.208281
-0.0128574 0.0191269 -0.0230162
160
1
0.228964 12.4049 0.252809
-0.0143846 0.0213254 -0.0203304
161
1
0.251228 12.3692 0.294388
-0.0133139 0.0223329 -0.0192247
162
1
0.272907 12.3289 0.333623
-0.0103397 0.0225981 -0.0170415
163
1
0.293387 12.286 0.370719
-0.00806897 0.0223466 -0.0158567
164
1
0.312109 12.2422 0.406909
-0.00847679 0.0252919 -0.019099
165
1
0.33074 12.1964 0.443239
-0.00962378 0.0259254 -0.0196797
166
1
0.350767 12.1506 0.479231
-0.010682 0.0221434 -0.0160522
167
1
0.371516 12.1054 0.513712
-0.0109556 0.0204764 -0.0149397
168
1
0.393339 12.0598 0.548673
-0.0126079 0.0235095 -0.0170813
169
1
0.415616 12.0156 0.582976
-0.0124835 0.0235408 -0.0187711
170
1
0.43707 11.9742 0.616725
-0.0101955 0.0198478 -0.0173985
171
1
0.458195 11.9347 0.649916
-0.00980941 0.0180389 -0.0150533
172
1
0.479434 11.8965 0.683005
-0.0110074 0.0176752 -0.0142633
173
1
0.500455 11.8589 0.716392
-0.0102817 0.0166153 -0.0151258
174
1
0.5211 11.8189 0.751997
-0.00844738 0.017699 -0.0165895
175
1
0.541841 11.7749 0.791426
-0.00932203 0.0227893 -0.0201207
176
1
0.562382 11.7287 0.833379
-0.0106018 0.0248371 -0.0220852
177
1
0.581401 11.6817 0.876972
-0.00968657 0.0242614 -0.0230361
178
1
0.599162 11.6348 0.923083
-0.00895528 0.0241154 -0.0243725
179
1
0.614944 11.5882 0.971054
-0.00947652 0.0237866 -0.0256889
180
1
0.628028 11.5439 1.02037
-0.00684749 0.025173 -0.0299776
181
1
0.637904 11.4989 1.07185
-0.00328186 0.0245347 -0.0291522
182
1
0.645404 11.4533 1.12423
-0.00386367 0.0209444 -0.0218943
183
1
0.649243 11.4071 1.17423
-0.00209484 0.0229093 -0.0213022
184
1
0.649611 11.3588 1.22334
0.00348675 0.0264286 -0.0252417
185
1
0.646205 11.311 1.2754
0.00353144 0.0193432 -0.0229937
186
1
0.637945 11.2671 1.32885
0.00462149 0.0172947 -0.0272836
187
1
0.625202 11.2248 1.38501
0.00632763 0.0199795 -0.0313576
188
1
0.609311 11.1822 1.44505
0.00808826 0.0206765 -0.0299607
189
1
0.588774 11.1376 1.50897
0.00986786 0.0200847 -0.0272415
190
1
0.558804 11.0864 1.57993
0.0196245 0.0298303 -0.0408526
191
1
0.522139 11.0297 1.65594
0.0237786 0.0291637 -0.042255
192
1
0.486124 10.9678 1.72923
0.0165427 0.0290488 -0.0298027
193
1
0.454208 10.8953 1.79605
0.0153603 0.0408848 -0.0319425
