194
0
1
0.676925 10.0898 1.21036
0.00556527 0.0487484 -0.0194365
1
1
0.659767 10.0039 1.24456
0.00824713 0.0379838 -0.0160526
2
1
0.626209 9.91724 1.27138
0.0197026 0.0439442 -0.010175
3
1
0.569155 9.82663 1.28997
0.0368852 0.0508374 -0.00694979
4
1
0.494798 9.74854 1.30397
0.0432373 0.0315415 -0.00811412
5
1
0.402972 9.68623 1.31674
0.0487447 0.0198896 -0.00669399
6
1
0.282374 9.63614 1.30343
0.0583866 0.0139791 0.0174091
7
1
0.125719 9.55614 1.23468
0.0363954 0.0334943 0.0369313
8
1
0.130065 6.53767 0.0601977
-0.046681 0.00809294 -0.00755604
9
1
0.732955 12.4041 0.0651288
-0.00211222 0.0637275 0.00812846
10
1
-0.732955 12.4041 0.0651394
-0.00211289 -0.0637273 -0.00812571
11
1
-0.130034 6.53762 0.0600347
-0.04667 -0.00808212 0.00757599
12
1
-0.125719 9.55614 1.23468
0.0363954 -0.0334943 -0.0369314
13
1
-0.282374 9.63614 1.30343
0.0583866 -0.0139791 -0.0174091
14
1
-0.402971 9.68623 1.31674
0.0487447 -0.0198896 0.00669401
15
1
-0.494798 9.74854 1.30397
0.0432373 -0.0315416 0.00811413
16
1
-0.569155 9.82663 1.28997
0.0368852 -0.0508374 0.00694979
17
1
-0.626209 9.91724 1.27138
0.0197026 -0.0439442 0.010175
18
1
-0.659767 10.0039 1.24456
0.00824713 -0.0379838 0.0160526
19
1
-0.676924 10.0898 1.21036
0.00556528 -0.0487484 0.0194365
20
1
-0.68355 10.1725 1.16929
0.000153634 -0.0415985 0.0252003
21
1
-0.685893 10.2503 1.12003
0.00166389 -0.0306401 0.0243952
22
1
-0.691373 10.3233 1.07022
0.00519225 -0.0390222 0.0287646
23
1
-0.696189 10.3951 1.02394
0.000476219 -0.0367623 0.0242641
24
1
-0.69424 10.4602 0.986155
-0.00513965 -0.0245892 0.0128788
25
1
-0.686423 10.5183 0.956115
-0.00515401 -0.0266861 0.0132857
26
1
-0.677101 10.5747 0.93157
-0.00311111 -0.028339 0.0134052
27
1
-0.668157 10.6298 0.912075
-0.00361002 -0.0258751 0.00889353
28
1
-0.660057 10.6837 0.896423
-0.0057302 -0.0245656 0.00441547
29
1
-0.651479 10.7376 0.883288
-0.00717459 -0.0261585 0.00403683
30
1
-0.643673 10.7895 0.873131
-0.0053744 -0.0239121 0.00208225
31
1
-0.639218 10.8401 0.865149
-0.0029067 -0.0230326 0.0024621
32
1
-0.638741 10.8902 0.856719
-0.00218221 -0.0255754 0.00482574
33
1
-0.642097 10.9381 0.847733
-0.000457311 -0.026496 0.00447907
34
1
-0.64915 10.9837 0.838811
0.00462529 -0.0243155 0.00383368
35
1
-0.661406 11.0276 0.830404
0.00830943 -0.0212177 0.00442765
36
1
-0.677851 11.0688 0.822474
0.00941942 -0.0188302 0.00271059
37
1
-0.699316 11.1065 0.814622
0.0129922 -0.0182302 0.00125297
38
1
-0.725516 11.1414 0.805704
0.0160365 -0.015906 0.00275026
39
1
-0.75484 11.1735 0.794992
0.0144336 -0.0119048 0.00467341
40
1
-0.786215 11.2021 0.78291
0.0153899 -0.0112272 0.00624206
41
1
-0.820208 11.2284 0.768942
0.0197489 -0.0120306 0.00849285
42
1
-0.855761 11.2542 0.751519
0.0193998 -0.0110271 0.00934185
43
1
-0.891888 11.2786 0.730726
0.0172502 -0.0106028 0.00922007
44
1
-0.928406 11.3023 0.706395
0.0196541 -0.0122369 0.0115011
45
1
-0.96652 11.3254 0.67753
0.0224027 -0.0127396 0.0170017
46
1
-1.00484 11.3479 0.642998
0.0189469 -0.0110467 0.0189907
47
1
-1.04188 11.3699 0.60419
0.016877 -0.01122 0.0199814
48
1
-1.07728 11.3917 0.559765
0.0178249 -0.0120404 0.0271569
49
1
-1.11019 11.4122 0.511753
0.0161133 -0.0099179 0.029019
50
1
-1.14008 11.4316 0.46138
0.0142458 -0.00792256 0.0257372
51
1
-1.16782 11.4516 0.407983
0.0145441 -0.00975162 0.0282514
52
1
-1.19306 11.4723 0.352338
0.0132672 -0.0123803 0.0316339
53
1
-1.21508 11.4923 0.294539
0.0120073 -0.0113958 0.0330177
54
1
-1.23329 11.5106 0.235523
0.0105008 -0.0104949 0.0331366
55
1
-1.2475 11.5261 0.175824
0.00588825 -0.00892333 0.0324207
56
1
-1.25749 11.5373 0.116899
0.00400403 -0.00617231 0.0309371
57
1
-1.26363 11.5439 0.0576122
0.00230805 -0.00240716 0.0293187
58
1
-1.26547 11.5458 -2.50588e-008
3.67487e-009 9.55316e-010 0.0287561
59
1
-1.26363 11.5439 -0.0576122
-0.00230805 0.00240716 0.0293187
60
1
-1.25749 11.5373 -0.116899
-0.00400402 0.00617232 0.0309371
61
1
-1.2475 11.5261 -0.175824
-0.00588824 0.00892333 0.0324207
62
1
-1.23329 11.5106 -0.235523
-0.0105008 0.0104949 0.0331366
63
1
-1.21508 11.4923 -0.29454
-0.0120073 0.0113958 0.0330177
64
1
-1.19306 11.4723 -0.352338
-0.0132672 0.0123803 0.0316339
65
1
-1.16782 11.4516 -0.407983
-0.0145441 0.00975163 0.0282514
66
1
-1.14008 11.4316 -0.46138
-0.0142458 0.00792256 0.0257372
67
1
-1.11019 11.4122 -0.511753
-0.0161133 0.00991791 0.029019
68
1
-1.07728 11.3917 -0.559765
-0.0178249 0.0120404 0.0271569
69
1
-1.04188 11.3699 -0.60419
-0.016877 0.01122 0.0199814
70
1
-1.00484 11.3479 -0.642998
-0.0189469 0.0110467 0.0189907
71
1
-0.96652 11.3254 -0.67753
-0.0224026 0.0127396 0.0170017
72
1
-0.928406 11.3023 -0.706395
-0.0196541 0.0122369 0.0115011
73
1
-0.891889 11.2786 -0.730726
-0.0172501 0.0106028 0.00922007
74
1
-0.855761 11.2542 -0.751519
-0.0193998 0.0110271 0.00934186
75
1
-0.820208 11.2284 -0.768942
-0.0197489 0.0120306 0.00849286
76
1
-0.786215 11.2021 -0.78291
-0.01539 0.0112272 0.00624207
77
1
-0.754841 11.1735 -0.794992
-0.0144336 0.0119048 0.00467342
78
1
-0.725516 11.1414 -0.805705
-0.0160365 0.015906 0.00275027
79
1
-0.699317 11.1065 -0.814622
-0.0129922 0.0182302 0.00125298
80
1
-0.677851 11.0688 -0.822474
-0.00941942 0.0188302 0.0027106
81
1
-0.661407 11.0276 -0.830404
-0.00830943 0.0212177 0.00442765
82
1
-0.64915 10.9837 -0.838811
-0.00462529 0.0243155 0.00383368
83
1
-0.642097 10.9381 -0.847733
0.000457312 0.026496 0.00447907
84
1
-0.638741 10.8902 -0.856719
0.00218221 0.0255754 0.00482573
85
1
-0.639218 10.8401 -0.86515
0.0029067 0.0230326 0.00246209
86
1
-0.643673 10.7895 -0.873131
0.00537441 0.0239121 0.00208224
87
1
-0.651479 10.7376 -0.883288
0.00717459 0.0261585 0.00403682
88
1
-0.660057 10.6837 -0.896424
0.0057302 0.0245656 0.00441546
89
1
-0.668157 10.6298 -0.912076
0.00361002 0.0258751 0.00889352
90
1
-0.677101 10.5747 -0.93157
0.00311112 0.028339 0.0134052
91
1
-0.686423 10.5183 -0.956115
0.00515402 0.0266861 0.0132857
92
1
-0.69424 10.4602 -0.986155
0.00513965 0.0245892 0.0128788
93
1
-0.696189 10.3951 -1.02394
-0.000476207 0.0367623 0.0242641
94
1
-0.691373 10.3233 -1.07022
-0.00519224 0.0390222 0.0287646
95
1
-0.685893 10.2503 -1.12003
-0.00166388 0.0306401 0.0243952
96
1
-0.68355 10.1725 -1.16929
-0.000153624 0.0415985 0.0252003
97
1
-0.676925 10.0898 -1.21036
-0.00556527 0.0487484 0.0194365
98
1
-0.659767 10.0039 -1.24456
-0.00824713 0.0379838 0.0160526
99
1
-0.626209 9.91724 -1.27138
-0.0197026 0.0439442 0.010175
100
1
-0.569155 9.82663 -1.28997
-0.0368852 0.0508374 0.00694979
101
1
-0.494798 9.74854 -1.30397
-0.0432373 0.0315415 0.00811412
102
1
-0.402972 9.68623 -1.31674
-0.0487447 0.0198896 0.00669399
103
1
-0.282374 9.63614 -1.30343
-0.0583866 0.0139791 -0.0174091
104
1
-0.125719 9.55614 -1.23468
-0.0363954 0.0334943 -0.0369313
105
1
-0.130065 6.53767 -0.0601931
0.0466808 0.00809292 0.00755647
106
1
-0.732955 12.4041 -0.0651288
0.00211222 0.0637275 -0.00812846
107
1
0.732955 12.4041 -0.0651394
0.00211289 -0.0637273 0.00812571
108
1
0.130033 6.53762 -0.0600301
0.0466698 -0.0080821 -0.00757642
109
1
0.125719 9.55614 -1.23468
-0.0363954 -0.0334943 0.0369314
110
1
0.282374 9.63614 -1.30343
-0.0583866 -0.0139791 0.0174091
111
1
0.402971 9.68623 -1.31674
-0.0487447 -0.0198896 -0.00669401
112
1
0.494798 9.74854 -1.30397
-0.0432373 -0.0315416 -0.00811413
113
1
0.569155 9.82663 -1.28997
-0.0368852 -0.0508374 -0.00694979
114
1
0.626209 9.91724 -1.27138
-0.0197026 -0.0439442 -0.010175
115
1
0.659767 10.0039 -1.24456
-0.00824713 -0.0379838 -0.0160526
116
1
0.676924 10.0898 -1.21036
-0.00556528 -0.0487484 -0.0194365
117
1
0.68355 10.1725 -1.16929
-0.000153634 -0.0415985 -0.0252003
118
1
0.685893 10.2503 -1.12003
-0.00166389 -0.0306401 -0.0243952
119
1
0.691373 10.3233 -1.07022
-0.00519225 -0.0390222 -0.0287646
120
1
0.696189 10.3951 -1.02394
-0.000476218 -0.0367623 -0.0242641
121
1
0.69424 10.4602 -0.986155
0.00513965 -0.0245892 -0.0128788
122
1
0.686423 10.5183 -0.956115
0.00515401 -0.0266861 -0.0132857
123
1
0.677101 10.5747 -0.93157
0.00311111 -0.028339 -0.0134052
124
1
0.668157 10.6298 -0.912075
0.00361002 -0.0258751 -0.00889353
125
1
0.660057 10.6837 -0.896423
0.0057302 -0.0245656 -0.00441547
126
1
0.651479 10.7376 -0.883288
0.00717459 -0.0261585 -0.00403683
127
1
0.643673 10.7895 -0.873131
0.0053744 -0.0239121 -0.00208225
128
1
0.639218 10.8401 -0.865149
0.0029067 -0.0230326 -0.0024621
129
1
0.638741 10.8902 -0.856719
0.00218221 -0.0255754 -0.00482574
130
1
0.642097 10.9381 -0.847733
0.000457311 -0.026496 -0.00447907
131
1
0.64915 10.9837 -0.838811
-0.00462529 -0.0243155 -0.00383368
132
1
0.661406 11.0276 -0.830404
-0.00830943 -0.0212177 -0.00442765
133
1
0.677851 11.0688 -0.822474
-0.00941942 -0.0188302 -0.00271059
134
1
0.699316 11.1065 -0.814622
-0.0129922 -0.0182302 -0.00125297
135
1
0.725516 11.1414 -0.805704
-0.0160365 -0.015906 -0.00275026
136
1
0.75484 11.1735 -0.794992
-0.0144336 -0.0119048 -0.00467342
137
1
0.786215 11.2021 -0.78291
-0.0153899 -0.0112272 -0.00624206
138
1
0.820208 11.2284 -0.768942
-0.0197489 -0.0120306 -0.00849285
139
1
0.855761 11.2542 -0.751519
-0.0193998 -0.0110271 -0.00934185
140
1
0.891888 11.2786 -0.730726
-0.0172502 -0.0106028 -0.00922007
141
1
0.928406 11.3023 -0.706395
-0.0196541 -0.0122369 -0.0115011
142
1
0.96652 11.3254 -0.67753
-0.0224027 -0.0127396 -0.0170017
143
1
1.00484 11.3479 -0.642998
-0.0189469 -0.0110467 -0.0189907
144
1
1.04188 11.3699 -0.60419
-0.016877 -0.01122 -0.0199814
145
1
1.07728 11.3917 -0.559765
-0.0178249 -0.0120404 -0.0271569
146
1
1.11019 11.4122 -0.511753
-0.0161133 -0.0099179 -0.029019
147
1
1.14008 11.4316 -0.46138
-0.0142458 -0.00792256 -0.0257372
148
1
1.16782 11.4516 -0.407983
-0.0145441 -0.00975162 -0.0282514
149
1
1.19306 11.4723 -0.352338
-0.0132672 -0.0123803 -0.0316339
150
1
1.21508 11.4923 -0.294539
-0.0120073 -0.0113958 -0.0330177
151
1
1.23329 11.5106 -0.235523
-0.0105008 -0.0104949 -0.0331366
152
1
1.2475 11.5261 -0.175824
-0.00588825 -0.00892333 -0.0324207
153
1
1.25749 11.5373 -0.116899
-0.00400403 -0.00617231 -0.0309371
154
1
1.26363 11.5439 -0.0576122
-0.00230805 -0.00240716 -0.0293187
155
1
1.26547 11.5458 2.92204e-008
-3.78616e-009 1.01936e-009 -0.0287561
156
1
1.26363 11.5439 0.0576122
0.00230805 0.00240716 -0.0293187
157
1
1.25749 11.5373 0.116899
0.00400402 0.00617232 -0.0309371
158
1
1.2475 11.5261 0.175824
0.00588824 0.00892333 -0.0324207
159
1
1.23329 11.5106 0.235523
0.0105008 0.0104949 -0.0331366
160
1
1.21508 11.4923 0.29454
0.0120073 0.0113958 -0.0330177
161
1
1.19306 11.4723 0.352338
0.0132672 0.0123803 -0.0316339
162
1
1.16782 11.4516 0.407983
0.0145441 0.00975163 -0.0282514
163
1
1.14008 11.4316 0.46138
0.0142458 0.00792256 -0.0257372
164
1
1.11019 11.4122 0.511753
0.0161133 0.00991791 -0.029019
165
1
1.07728 11.3917 0.559765
0.0178249 0.0120404 -0.0271569
166
1
1.04188 11.3699 0.60419
0.016877 0.01122 -0.0199814
167
1
1.00484 11.3479 0.642998
0.0189469 0.0110467 -0.0189907
168
1
0.96652 11.3254 0.67753
0.0224026 0.0127396 -0.0170017
169
1
0.928406 11.3023 0.706395
0.0196541 0.0122369 -0.0115011
170
1
0.891889 11.2786 0.730726
0.0172501 0.0106028 -0.00922007
171
1
0.855761 11.2542 0.751519
0.0193998 0.0110271 -0.00934185
172
1
0.820208 11.2284 0.768942
0.0197489 0.0120306 -0.00849286
173
1
0.786215 11.2021 0.78291
0.01539 0.0112272 -0.00624207
174
1
0.754841 11.1735 0.794992
0.0144336 0.0119048 -0.00467342
175
1
0.725516 11.1414 0.805705
0.0160365 0.015906 -0.00275027
176
1
0.699317 11.1065 0.814622
0.0129922 0.0182302 -0.00125298
177
1
0.677851 11.0688 0.822474
0.00941942 0.0188302 -0.0027106
178
1
0.661407 11.0276 0.830404
0.00830943 0.0212177 -0.00442765
179
1
0.64915 10.9837 0.838811
0.00462529 0.0243155 -0.00383368
180
1
0.642097 10.9381 0.847733
-0.000457312 0.026496 -0.00447907
181
1
0.638741 10.8902 0.856719
-0.00218221 0.0255754 -0.00482573
182
1
0.639218 10.8401 0.86515
-0.0029067 0.0230326 -0.00246209
183
1
0.643673 10.7895 0.873131
-0.00537441 0.0239121 -0.00208224
184
1
0.651479 10.7376 0.883288
-0.00717459 0.0261585 -0.00403682
185
1
0.660057 10.6837 0.896424
-0.0057302 0.0245656 -0.00441546
186
1
0.668157 10.6298 0.912076
-0.00361002 0.0258751 -0.00889352
187
1
0.677101 10.5747 0.93157
-0.00311112 0.028339 -0.0134052
188
1
0.686423 10.5183 0.956115
-0.00515402 0.0266861 -0.0132857
189
1
0.69424 10.4602 0.986155
-0.00513965 0.0245892 -0.0128788
190
1
0.696189 10.3951 1.02394
0.000476208 0.0367623 -0.0242641
191
1
0.691373 10.3233 1.07022
0.00519224 0.0390222 -0.0287646
192
1
0.685893 10.2503 1.12003
0.00166388 0.0306401 -0.0243952
193
1
0.68355 10.1725 1.16929
0.000153624 0.0415985 -0.0252003
