194
0
1
0.450431 10.959 1.9399
-0.00698534 0.0368373 -0.0314219
1
1
0.45406 10.8981 2.00746
-0.00605503 0.0254819 -0.0262615
2
1
0.459937 10.8455 2.09288
-0.00720436 0.0174342 -0.058717
3
1
0.456194 10.7966 2.18813
0.00250222 0.0234905 -0.0448339
4
1
0.424977 10.7452 2.27595
0.0337693 0.0296465 -0.0377142
5
1
0.378612 10.6991 2.35312
0.0138404 0.0135159 -0.0214211
6
1
0.31227 10.6386 2.46474
0.0316814 0.0350988 -0.0617225
7
1
0.159036 10.5981 2.58587
0.0718314 -0.00636386 -0.0235126
8
1
0.856077 6.592 0.0604904
0.0473427 0.0154909 -0.00867688
9
1
1.10861 13.9124 0.088268
-0.000660886 -0.059895 0.007782
10
1
-1.11047 13.9141 0.0722657
-0.000606138 0.0596717 -0.00910571
11
1
-0.856871 6.59266 0.0490655
0.0468685 -0.0153314 0.00943729
12
1
-0.159054 10.5981 2.58586
0.0718315 0.00636428 0.0235135
13
1
-0.31229 10.6386 2.46473
0.0316814 -0.0350984 0.0617228
14
1
-0.378632 10.6991 2.35311
0.0138405 -0.0135159 0.0214215
15
1
-0.424997 10.7452 2.27594
0.0337693 -0.0296465 0.0377147
16
1
-0.456214 10.7966 2.18812
0.00250205 -0.0234904 0.0448341
17
1
-0.459957 10.8455 2.09288
-0.00720437 -0.0174344 0.0587167
18
1
-0.45408 10.8981 2.00745
-0.00605496 -0.025482 0.0262615
19
1
-0.450451 10.959 1.9399
-0.00698507 -0.0368374 0.0314222
20
1
-0.454176 11.0273 1.87582
0.00369968 -0.0379813 0.0333791
21
1
-0.47185 11.1006 1.81228
0.0134419 -0.0325701 0.0245957
22
1
-0.503951 11.172 1.75191
0.0252156 -0.0378869 0.0304119
23
1
-0.542489 11.2398 1.68997
0.0211072 -0.0360777 0.0332632
24
1
-0.576634 11.299 1.62945
0.0120574 -0.0217635 0.0244154
25
1
-0.602876 11.3494 1.57347
0.0126403 -0.0218235 0.0270002
26
1
-0.62527 11.3959 1.51996
0.0122686 -0.0216889 0.0275028
27
1
-0.643151 11.44 1.46877
0.00852296 -0.0186606 0.0240593
28
1
-0.652726 11.4846 1.41879
0.00309645 -0.0194308 0.0216552
29
1
-0.654289 11.5315 1.36792
-0.000392293 -0.0245406 0.0259448
30
1
-0.652004 11.5765 1.31689
-0.00485772 -0.0203314 0.023665
31
1
-0.646788 11.6196 1.26406
-0.00408697 -0.0194136 0.0235452
32
1
-0.641094 11.6643 1.21038
-0.00119302 -0.0254376 0.0290518
33
1
-0.634654 11.7089 1.15806
-0.00399816 -0.0259564 0.0297971
34
1
-0.624932 11.7528 1.10825
-0.00755366 -0.0227923 0.026515
35
1
-0.61146 11.7971 1.05874
-0.00810841 -0.0224252 0.0254855
36
1
-0.594039 11.8414 1.01151
-0.0101989 -0.022262 0.0238754
37
1
-0.573986 11.8851 0.966789
-0.012145 -0.0229374 0.0223834
38
1
-0.552142 11.9287 0.924438
-0.010426 -0.0217252 0.0198619
39
1
-0.530566 11.9701 0.88437
-0.00837572 -0.0171033 0.0166954
40
1
-0.509892 12.0081 0.848015
-0.00977595 -0.0157454 0.0157417
41
1
-0.48877 12.0442 0.814782
-0.010761 -0.0166813 0.0146024
42
1
-0.467098 12.0813 0.782914
-0.00963203 -0.0175992 0.0146049
43
1
-0.445179 12.1205 0.752251
-0.00999065 -0.0199366 0.0161259
44
1
-0.422047 12.1622 0.722691
-0.0131195 -0.0235666 0.0168665
45
1
-0.397171 12.207 0.693951
-0.0141601 -0.0232233 0.0150188
46
1
-0.370602 12.2535 0.666554
-0.0127101 -0.0204673 0.0124681
47
1
-0.344116 12.3008 0.64228
-0.0134057 -0.0230853 0.0114564
48
1
-0.31673 12.3507 0.620529
-0.0138855 -0.028054 0.011873
49
1
-0.289138 12.4019 0.601
-0.0140102 -0.0283945 0.0096872
50
1
-0.260541 12.4537 0.584826
-0.0139782 -0.0260313 0.00675649
51
1
-0.229823 12.508 0.570709
-0.0156538 -0.0279072 0.00693802
52
1
-0.195849 12.5642 0.559212
-0.0185495 -0.0314381 0.00586154
53
1
-0.158734 12.6249 0.553515
-0.0260467 -0.0387566 -0.0018944
54
1
-0.120196 12.698 0.552425
-0.0388122 -0.0575933 -0.0153663
55
1
-0.0844062 12.7906 0.53368
-0.0162088 -0.0759732 0.00609861
56
1
-0.0568929 12.8899 0.442644
0.0125327 -0.0554454 0.0532972
57
1
-0.0480723 12.9746 0.244857
0.00959963 -0.0188543 0.0749947
58
1
-0.0498195 13.0086 3.87652e-006
-6.32465e-007 5.48244e-007 0.0779221
59
1
-0.0480631 12.9746 -0.244851
-0.00960314 0.0188539 0.0749944
60
1
-0.0568737 12.8899 -0.44264
-0.0125352 0.055445 0.053297
61
1
-0.084381 12.7906 -0.53368
0.0162059 0.0759737 0.00610001
62
1
-0.120168 12.698 -0.552429
0.0388105 0.0575952 -0.0153646
63
1
-0.158703 12.6249 -0.553522
0.0260459 0.0387575 -0.00189359
64
1
-0.195817 12.5642 -0.559221
0.0185491 0.0314386 0.00586212
65
1
-0.22979 12.508 -0.570718
0.0156536 0.0279075 0.00693867
66
1
-0.260508 12.4537 -0.584837
0.0139781 0.0260315 0.00675714
67
1
-0.289105 12.4019 -0.601012
0.0140102 0.0283946 0.00968784
68
1
-0.316697 12.3507 -0.620542
0.0138857 0.0280541 0.0118735
69
1
-0.344083 12.3008 -0.642294
0.0134059 0.0230854 0.0114568
70
1
-0.37057 12.2535 -0.666569
0.0127103 0.0204674 0.0124685
71
1
-0.397139 12.207 -0.693967
0.0141604 0.0232234 0.0150191
72
1
-0.422016 12.1622 -0.722707
0.0131197 0.0235666 0.0168668
73
1
-0.445148 12.1205 -0.752267
0.0099909 0.0199366 0.0161261
74
1
-0.467068 12.0813 -0.78293
0.00963225 0.0175992 0.014605
75
1
-0.48874 12.0442 -0.814799
0.0107612 0.0166813 0.0146025
76
1
-0.509863 12.0081 -0.848032
0.00977618 0.0157454 0.0157418
77
1
-0.530538 11.9701 -0.884388
0.00837593 0.0171033 0.0166954
78
1
-0.552114 11.9287 -0.924455
0.0104262 0.0217252 0.0198619
79
1
-0.573958 11.8851 -0.966806
0.0121453 0.0229374 0.0223834
80
1
-0.594012 11.8414 -1.01152
0.0101992 0.022262 0.0238753
81
1
-0.611433 11.7971 -1.05875
0.00810865 0.0224252 0.0254853
82
1
-0.624906 11.7528 -1.10827
0.0075539 0.0227923 0.0265148
83
1
-0.634628 11.7089 -1.15808
0.0039984 0.0259564 0.0297969
84
1
-0.641068 11.6643 -1.2104
0.00119323 0.0254376 0.0290516
85
1
-0.646763 11.6196 -1.26408
0.00408716 0.0194136 0.023545
86
1
-0.651979 11.5765 -1.31691
0.00485791 0.0203314 0.0236648
87
1
-0.654264 11.5315 -1.36793
0.000392457 0.0245406 0.0259445
88
1
-0.652702 11.4846 -1.4188
-0.00309631 0.0194308 0.0216549
89
1
-0.643127 11.44 -1.46878
-0.00852281 0.0186606 0.0240589
90
1
-0.625246 11.3959 -1.51997
-0.0122684 0.0216889 0.0275024
91
1
-0.602853 11.3494 -1.57348
-0.0126402 0.0218236 0.0269998
92
1
-0.576611 11.299 -1.62946
-0.0120572 0.0217636 0.024415
93
1
-0.542467 11.2398 -1.68998
-0.0211069 0.0360778 0.0332625
94
1
-0.503929 11.172 -1.75192
-0.0252152 0.0378869 0.0304112
95
1
-0.471829 11.1006 -1.81229
-0.0134416 0.0325701 0.0245953
96
1
-0.454156 11.0273 -1.87583
-0.00369927 0.0379813 0.0333788
97
1
-0.450431 10.959 -1.9399
0.00698534 0.0368373 0.0314219
98
1
-0.45406 10.8981 -2.00746
0.00605503 0.0254819 0.0262615
99
1
-0.459937 10.8455 -2.09288
0.00720436 0.0174342 0.058717
100
1
-0.456194 10.7966 -2.18813
-0.00250222 0.0234905 0.0448339
101
1
-0.424977 10.7452 -2.27595
-0.0337693 0.0296465 0.0377142
102
1
-0.378612 10.6991 -2.35312
-0.0138404 0.0135159 0.0214211
103
1
-0.31227 10.6386 -2.46474
-0.0316814 0.0350988 0.0617225
104
1
-0.159036 10.5981 -2.58587
-0.0718314 -0.00636385 0.0235126
105
1
-0.85607 6.592 -0.0605407
-0.0473441 0.0154915 0.00867141
106
1
-1.1086 13.9124 -0.0882932
0.000661545 -0.0598956 -0.00778181
107
1
1.11046 13.9141 -0.0722911
0.000606836 0.0596724 0.00910554
108
1
0.856866 6.59266 -0.0491159
-0.04687 -0.015332 -0.00943189
109
1
0.159054 10.5981 -2.58586
-0.0718315 0.00636428 -0.0235135
110
1
0.31229 10.6386 -2.46473
-0.0316814 -0.0350984 -0.0617228
111
1
0.378632 10.6991 -2.35311
-0.0138405 -0.0135159 -0.0214215
112
1
0.424997 10.7452 -2.27594
-0.0337693 -0.0296465 -0.0377147
113
1
0.456214 10.7966 -2.18812
-0.00250205 -0.0234904 -0.0448341
114
1
0.459957 10.8455 -2.09288
0.00720437 -0.0174344 -0.0587167
115
1
0.45408 10.8981 -2.00745
0.00605496 -0.025482 -0.0262615
116
1
0.450451 10.959 -1.9399
0.00698507 -0.0368375 -0.0314222
117
1
0.454176 11.0273 -1.87582
-0.00369968 -0.0379813 -0.0333791
118
1
0.47185 11.1006 -1.81228
-0.0134419 -0.0325701 -0.0245957
119
1
0.503951 11.172 -1.75191
-0.0252156 -0.0378869 -0.0304119
120
1
0.542489 11.2398 -1.68997
-0.0211072 -0.0360777 -0.0332632
121
1
0.576634 11.299 -1.62945
-0.0120574 -0.0217635 -0.0244154
122
1
0.602876 11.3494 -1.57347
-0.0126403 -0.0218235 -0.0270002
123
1
0.62527 11.3959 -1.51996
-0.0122686 -0.0216889 -0.0275028
124
1
0.643151 11.44 -1.46877
-0.00852296 -0.0186606 -0.0240593
125
1
0.652726 11.4846 -1.41879
-0.00309645 -0.0194308 -0.0216552
126
1
0.654289 11.5315 -1.36792
0.000392293 -0.0245406 -0.0259448
127
1
0.652004 11.5765 -1.31689
0.00485772 -0.0203314 -0.023665
128
1
0.646788 11.6196 -1.26406
0.00408697 -0.0194136 -0.0235452
129
1
0.641094 11.6643 -1.21038
0.00119302 -0.0254376 -0.0290518
130
1
0.634654 11.7089 -1.15807
0.00399816 -0.0259564 -0.0297971
131
1
0.624932 11.7528 -1.10825
0.00755366 -0.0227923 -0.026515
132
1
0.61146 11.7971 -1.05874
0.00810841 -0.0224252 -0.0254855
133
1
0.594039 11.8414 -1.01151
0.0101989 -0.0222621 -0.0238754
134
1
0.573986 11.8851 -0.966789
0.012145 -0.0229374 -0.0223834
135
1
0.552142 11.9287 -0.924438
0.010426 -0.0217252 -0.0198619
136
1
0.530566 11.9701 -0.88437
0.00837572 -0.0171033 -0.0166954
137
1
0.509892 12.0081 -0.848015
0.00977595 -0.0157454 -0.0157417
138
1
0.48877 12.0442 -0.814782
0.010761 -0.0166813 -0.0146024
139
1
0.467098 12.0813 -0.782914
0.00963202 -0.0175992 -0.0146049
140
1
0.445179 12.1205 -0.752251
0.00999065 -0.0199366 -0.0161259
141
1
0.422047 12.1622 -0.722691
0.0131195 -0.0235666 -0.0168665
142
1
0.397171 12.207 -0.693951
0.0141601 -0.0232233 -0.0150188
143
1
0.370602 12.2535 -0.666554
0.0127101 -0.0204674 -0.0124681
144
1
0.344116 12.3008 -0.64228
0.0134057 -0.0230853 -0.0114564
145
1
0.31673 12.3507 -0.620529
0.0138855 -0.028054 -0.011873
146
1
0.289138 12.4019 -0.601
0.0140102 -0.0283945 -0.0096872
147
1
0.260541 12.4537 -0.584826
0.0139782 -0.0260313 -0.00675649
148
1
0.229823 12.508 -0.570709
0.0156538 -0.0279072 -0.00693802
149
1
0.195849 12.5642 -0.559212
0.0185495 -0.0314381 -0.00586155
150
1
0.158734 12.6249 -0.553515
0.0260467 -0.0387566 0.00189439
151
1
0.120196 12.698 -0.552425
0.0388122 -0.0575933 0.0153663
152
1
0.0844062 12.7906 -0.53368
0.0162088 -0.0759732 -0.00609859
153
1
0.0568929 12.8899 -0.442644
-0.0125327 -0.0554455 -0.0532971
154
1
0.0480723 12.9746 -0.244858
-0.00959964 -0.0188543 -0.0749947
155
1
0.0498195 13.0086 -4.07372e-006
6.22825e-007 5.39312e-007 -0.0779221
156
1
0.0480631 12.9746 0.24485
0.00960313 0.0188539 -0.0749944
157
1
0.0568737 12.8899 0.44264
0.0125352 0.055445 -0.0532971
158
1
0.084381 12.7906 0.53368
-0.0162059 0.0759737 -0.00610003
159
1
0.120168 12.698 0.552429
-0.0388105 0.0575952 0.0153646
160
1
0.158703 12.6249 0.553522
-0.0260459 0.0387575 0.0018936
161
1
0.195817 12.5642 0.559221
-0.0185491 0.0314386 -0.00586211
162
1
0.22979 12.508 0.570718
-0.0156536 0.0279075 -0.00693866
163
1
0.260508 12.4537 0.584837
-0.0139781 0.0260315 -0.00675714
164
1
0.289105 12.4019 0.601012
-0.0140102 0.0283946 -0.00968784
165
1
0.316697 12.3507 0.620542
-0.0138857 0.0280541 -0.0118735
166
1
0.344083 12.3008 0.642294
-0.0134059 0.0230854 -0.0114568
167
1
0.37057 12.2535 0.666568
-0.0127103 0.0204674 -0.0124685
168
1
0.397139 12.207 0.693967
-0.0141604 0.0232234 -0.0150191
169
1
0.422016 12.1622 0.722707
-0.0131197 0.0235666 -0.0168668
170
1
0.445148 12.1205 0.752267
-0.0099909 0.0199366 -0.0161261
171
1
0.467068 12.0813 0.78293
-0.00963225 0.0175992 -0.014605
172
1
0.48874 12.0442 0.814799
-0.0107612 0.0166813 -0.0146025
173
1
0.509863 12.0081 0.848032
-0.00977618 0.0157454 -0.0157418
174
1
0.530538 11.9701 0.884388
-0.00837593 0.0171033 -0.0166954
175
1
0.552114 11.9287 0.924455
-0.0104262 0.0217252 -0.0198619
176
1
0.573958 11.8851 0.966806
-0.0121453 0.0229374 -0.0223834
177
1
0.594012 11.8414 1.01152
-0.0101992 0.022262 -0.0238753
178
1
0.611433 11.7971 1.05875
-0.00810865 0.0224252 -0.0254853
179
1
0.624906 11.7528 1.10827
-0.0075539 0.0227923 -0.0265148
180
1
0.634628 11.7089 1.15808
-0.0039984 0.0259564 -0.0297969
181
1
0.641068 11.6643 1.2104
-0.00119323 0.0254376 -0.0290516
182
1
0.646763 11.6196 1.26408
-0.00408716 0.0194136 -0.023545
183
1
0.651979 11.5765 1.31691
-0.00485791 0.0203314 -0.0236648
184
1
0.654264 11.5315 1.36793
-0.000392457 0.0245406 -0.0259445
185
1
0.652702 11.4846 1.4188
0.00309631 0.0194308 -0.0216549
186
1
0.643127 11.44 1.46878
0.00852281 0.0186606 -0.0240589
187
1
0.625246 11.3959 1.51997
0.0122684 0.0216889 -0.0275024
188
1
0.602853 11.3494 1.57348
0.0126402 0.0218236 -0.0269998
189
1
0.576611 11.299 1.62946
0.0120572 0.0217636 -0.024415
190
1
0.542467 11.2398 1.68998
0.0211069 0.0360778 -0.0332625
191
1
0.503929 11.172 1.75192
0.0252152 0.0378868 -0.0304112
192
1
0.471829 11.1006 1.81229
0.0134416 0.0325701 -0.0245953
193
1
0.454156 11.0273 1.87583
0.00369927 0.0379813 -0.0333788
