194
0
1
0.870038 12.3221 2.70714
0.0180577 0.0269485 -0.0135499
1
1
0.83262 12.2677 2.74922
0.0122574 0.0216587 -0.019688
2
1
0.784887 12.2062 2.82757
0.027025 0.0357021 -0.0569604
3
1
0.731324 12.1568 2.91476
0.0310413 0.0202657 -0.0459473
4
1
0.660013 12.1271 2.99779
0.0449781 0.00301475 -0.0433567
5
1
0.58897 12.114 3.06886
0.0196053 0.00492816 -0.0160719
6
1
0.451386 12.087 3.15193
0.0689486 0.0118516 -0.0343143
7
1
0.210932 12.0531 3.25141
0.0751201 0.0046648 -0.0201757
8
1
0.513221 6.02522 0.0689896
0.00389765 -0.0501719 -0.00879861
9
1
0.879987 11.9907 0.209245
0.057269 -0.0193198 -0.0491819
10
1
-0.939137 12.0502 -0.309065
0.0351721 0.0693589 -0.00491016
11
1
-0.523166 6.02468 0.0400838
0.00296698 0.0486819 0.00926646
12
1
-0.210623 12.0529 3.25106
0.0751143 -0.00458094 0.0202164
13
1
-0.450775 12.0865 3.15145
0.0689458 -0.0117024 0.0343713
14
1
-0.58813 12.1132 3.06836
0.0195706 -0.00484721 0.016039
15
1
-0.658958 12.1261 2.99744
0.0449354 -0.00279239 0.0432487
16
1
-0.73001 12.1555 2.91473
0.0309311 -0.0199967 0.0457499
17
1
-0.783117 12.2046 2.82829
0.0267318 -0.0353797 0.056494
18
1
-0.830058 12.2659 2.75115
0.0118808 -0.0216017 0.0193007
19
1
-0.8665 12.3202 2.7101
0.0174808 -0.0269751 0.0128313
20
1
-0.899115 12.3813 2.67196
0.0176973 -0.0394021 0.0139233
21
1
-0.925392 12.4438 2.63158
0.0154529 -0.0260881 0.0173723
22
1
-0.941631 12.5034 2.58403
-0.000888485 -0.0333547 0.0325357
23
1
-0.943946 12.5524 2.53201
0.00347145 -0.021433 0.021782
24
1
-0.942364 12.5851 2.48539
0.00715974 -0.00786574 0.0100411
25
1
-0.935901 12.6124 2.44706
-0.00477414 -0.0106655 0.0133916
26
1
-0.918841 12.6312 2.40075
-0.0298689 -0.00384963 0.0278715
27
1
-0.892351 12.6413 2.35301
-0.0220687 0.000894064 0.0331189
28
1
-0.860285 12.6505 2.30312
-0.0165787 -0.00297389 0.0286569
29
1
-0.826947 12.6599 2.25279
-0.0188753 -0.0088621 0.0248227
30
1
-0.794518 12.669 2.20845
-0.0148201 -0.0055001 0.0161024
31
1
-0.765312 12.6746 2.16989
-0.011947 -0.0016908 0.0117378
32
1
-0.73759 12.6762 2.13235
-0.0107434 -0.000220526 0.0100501
33
1
-0.713077 12.676 2.09467
-0.00823978 0.00250234 0.0216532
34
1
-0.689674 12.6735 2.05362
-0.00887114 0.00368744 0.0247244
35
1
-0.664915 12.6699 2.00647
-0.0118522 0.00368338 0.0193625
36
1
-0.637124 12.6652 1.95541
-0.01457 0.00120995 0.032803
37
1
-0.606299 12.66 1.90203
-0.0194037 0.00303551 0.0371852
38
1
-0.573438 12.6531 1.85081
-0.019419 0.00626586 0.0212915
39
1
-0.541185 12.6434 1.80349
-0.013055 0.00536756 0.0115721
40
1
-0.508926 12.6385 1.76074
-0.0124703 0.00628531 0.0200019
41
1
-0.478383 12.6367 1.7221
-0.0152315 0.00543753 0.027138
42
1
-0.449175 12.642 1.68493
-0.0165219 -0.000798022 0.0217106
43
1
-0.417476 12.6604 1.64978
-0.022729 -0.0110005 0.017962
44
1
-0.3931 12.6846 1.60991
-0.0323829 -0.0359941 0.0182069
45
1
-0.369656 12.7141 1.56319
0.00893784 -0.0254061 0.0305495
46
1
-0.356381 12.7412 1.50476
-0.0152799 -0.00354266 0.0409444
47
1
-0.346308 12.7624 1.45307
-0.00639405 -0.0164697 0.0239835
48
1
-0.344142 12.7843 1.38427
0.0360979 -0.0147658 0.0674594
49
1
-0.350198 12.7973 1.32189
-0.0121097 0.00506813 0.0209273
50
1
-0.356843 12.8159 1.24561
0.016583 -0.0235829 0.0723927
51
1
-0.395822 12.8585 1.0926
0.0186488 -0.0163247 0.0738754
52
1
-0.437977 12.8943 1.02479
-0.0235528 0.00915962 -0.0548583
53
1
-0.507665 12.9221 1.01681
0.0464668 0.0107035 0.016517
54
1
-0.536161 12.949 1.01845
-0.00148423 -0.0102995 0.0199848
55
1
-0.592488 12.9315 0.978805
0.00555433 0.00212359 -0.00833885
56
1
0.237785 14.7099 1.25846
-0.0723918 -0.0268693 0.0104552
57
1
-0.194561 13.7017 0.00835803
-0.0425193 0.0122224 -0.0158719
58
1
0.0353797 16.0577 -0.0493889
-0.0611923 0.035672 -0.0324786
59
1
-0.193194 13.6905 -0.0471275
0.0447715 -0.0114767 -0.00814336
60
1
-0.293205 14.681 -1.37133
-0.0530783 -0.0528505 0.0214796
61
1
-0.451475 12.955 -0.954163
-0.00958085 0.00319689 -0.00846657
62
1
-0.389551 12.9651 -1.02162
-0.000722943 0.00227832 0.0217986
63
1
-0.350177 12.9458 -1.03646
-0.0605428 -0.0202341 0.0262366
64
1
-0.285667 12.914 -1.07675
0.0334793 0.0123061 -0.0534634
65
1
-0.254765 12.8877 -1.14055
-0.0245532 -0.00203539 0.0739246
66
1
-0.231388 12.8671 -1.27896
-0.00313267 0.0255319 0.0458693
67
1
-0.240318 12.8479 -1.34042
0.0187884 -0.00321615 0.0242217
68
1
-0.239265 12.8375 -1.3996
-0.0370463 0.0122314 0.0674523
69
1
-0.247496 12.822 -1.46549
0.0147815 0.00877493 0.015357
70
1
-0.258598 12.804 -1.52121
0.00515769 0.00527835 0.0488928
71
1
-0.276493 12.7762 -1.58639
0.000252796 0.0331958 0.0352474
72
1
-0.307085 12.747 -1.63256
0.0416155 0.0318104 0.0212798
73
1
-0.341353 12.7206 -1.67352
0.0294986 0.00912915 0.0209926
74
1
-0.384012 12.7042 -1.71011
0.0221308 0.00104916 0.022587
75
1
-0.422514 12.7009 -1.74851
0.0213693 -0.00346561 0.024191
76
1
-0.461102 12.7023 -1.78656
0.0176947 -0.00383697 0.0161921
77
1
-0.502695 12.7045 -1.82413
0.0182261 -0.00353768 0.00973752
78
1
-0.545253 12.7075 -1.86395
0.0249641 -0.00344336 0.016133
79
1
-0.587114 12.7095 -1.90748
0.0231914 0.000152366 0.0289096
80
1
-0.625406 12.7097 -1.95373
0.0172505 0.00148298 0.0289375
81
1
-0.658859 12.7099 -2.00078
0.014032 -0.00116572 0.0209721
82
1
-0.688025 12.7096 -2.04624
0.0104595 -0.00129371 0.0243218
83
1
-0.714908 12.7088 -2.08661
0.00954852 -0.000701619 0.0207602
84
1
-0.742393 12.7059 -2.12397
0.0118059 0.00125747 0.010265
85
1
-0.772619 12.7009 -2.16116
0.0126911 0.00284772 0.0117836
86
1
-0.80368 12.6915 -2.1994
0.0153602 0.00731423 0.0160733
87
1
-0.837292 12.678 -2.24337
0.0191401 0.0115812 0.0244598
88
1
-0.871004 12.6641 -2.2932
0.0164063 0.00557613 0.0277825
89
1
-0.903424 12.6512 -2.3433
0.021997 0.00168149 0.0330349
90
1
-0.930516 12.6379 -2.39202
0.0302115 0.00575773 0.0294864
91
1
-0.947857 12.6168 -2.43886
0.00496263 0.0113459 0.0140096
92
1
-0.9542 12.5877 -2.47755
-0.00714274 0.00825701 0.0101634
93
1
-0.954445 12.5535 -2.52439
-0.00447481 0.0211389 0.0220114
94
1
-0.95011 12.5044 -2.5773
-0.00102644 0.0320942 0.0327447
95
1
-0.932027 12.4456 -2.62596
-0.0160019 0.0261433 0.018255
96
1
-0.904071 12.3831 -2.66775
-0.0183189 0.039287 0.0150374
97
1
-0.870035 12.3221 -2.70714
-0.0180576 0.0269485 0.0135502
98
1
-0.832618 12.2677 -2.74922
-0.0122573 0.0216587 0.0196882
99
1
-0.784885 12.2062 -2.82756
-0.0270246 0.0357022 0.0569606
100
1
-0.731322 12.1568 -2.91475
-0.0310411 0.0202658 0.0459475
101
1
-0.660012 12.1271 -2.99778
-0.044978 0.00301482 0.0433569
102
1
-0.588969 12.114 -3.06885
-0.0196052 0.00492818 0.016072
103
1
-0.451386 12.087 -3.15192
-0.0689486 0.0118517 0.0343145
104
1
-0.210932 12.0531 -3.25141
-0.0751201 0.00466481 0.0201758
105
1
-0.513294 6.0252 -0.0687225
-0.00388851 -0.0501589 0.00881285
106
1
-0.879753 11.9909 -0.209191
-0.0573214 -0.0193277 0.0491177
107
1
0.939485 12.05 0.30908
-0.0351466 0.0693677 0.0049683
108
1
0.523218 6.02466 -0.039805
-0.00295564 0.0486696 -0.00927923
109
1
0.210623 12.0529 -3.25105
-0.0751143 -0.00458096 -0.0202164
110
1
0.450774 12.0865 -3.15144
-0.0689457 -0.0117024 -0.0343714
111
1
0.588129 12.1132 -3.06836
-0.0195705 -0.00484722 -0.016039
112
1
0.658957 12.1261 -2.99744
-0.0449353 -0.00279245 -0.0432488
113
1
0.730008 12.1555 -2.91473
-0.0309309 -0.0199968 -0.04575
114
1
0.783116 12.2046 -2.82828
-0.0267315 -0.0353797 -0.0564942
115
1
0.830056 12.2659 -2.75115
-0.0118807 -0.0216017 -0.0193008
116
1
0.866498 12.3202 -2.71009
-0.0174807 -0.0269751 -0.0128315
117
1
0.899113 12.3813 -2.67195
-0.0176972 -0.0394021 -0.0139237
118
1
0.925389 12.4438 -2.63157
-0.0154528 -0.0260881 -0.0173726
119
1
0.941628 12.5034 -2.58402
0.000888409 -0.0333542 -0.0325361
120
1
0.943943 12.5524 -2.532
-0.00347142 -0.0214328 -0.0217823
121
1
0.942362 12.5851 -2.48539
-0.00715965 -0.00786573 -0.0100412
122
1
0.935898 12.6124 -2.44705
0.00477429 -0.0106654 -0.0133917
123
1
0.918838 12.6312 -2.40074
0.029869 -0.00384954 -0.0278716
124
1
0.892347 12.6413 -2.353
0.0220687 0.000894027 -0.0331188
125
1
0.860281 12.6505 -2.30311
0.0165788 -0.00297398 -0.028657
126
1
0.826943 12.6599 -2.25279
0.0188755 -0.0088622 -0.024823
127
1
0.794514 12.669 -2.20845
0.0148203 -0.00550017 -0.0161026
128
1
0.765307 12.6746 -2.16988
0.011947 -0.00169085 -0.0117379
129
1
0.737585 12.6762 -2.13234
0.0107434 -0.000220586 -0.0100503
130
1
0.713072 12.676 -2.09466
0.00823984 0.00250224 -0.0216533
131
1
0.689669 12.6735 -2.05362
0.00887121 0.00368735 -0.0247243
132
1
0.66491 12.6699 -2.00646
0.0118522 0.00368329 -0.0193621
133
1
0.637119 12.6652 -1.95541
0.0145702 0.00120985 -0.0328026
134
1
0.606293 12.66 -1.90202
0.0194042 0.00303538 -0.0371848
135
1
0.573431 12.6531 -1.85081
0.0194197 0.00626579 -0.0212914
136
1
0.541177 12.6434 -1.80349
0.0130555 0.00536759 -0.0115721
137
1
0.508916 12.6385 -1.76074
0.012471 0.00628541 -0.0200016
138
1
0.478373 12.6367 -1.7221
0.0152322 0.00543761 -0.0271374
139
1
0.449164 12.642 -1.68493
0.0165223 -0.000798093 -0.0217103
140
1
0.417465 12.6604 -1.64977
0.0227289 -0.0110007 -0.017962
141
1
0.393089 12.6846 -1.6099
0.0323817 -0.0359936 -0.0182075
142
1
0.369644 12.7141 -1.56318
-0.00893749 -0.025406 -0.0305505
143
1
0.356368 12.7412 -1.50476
0.0152805 -0.00354293 -0.0409457
144
1
0.346295 12.7624 -1.45306
0.00639508 -0.0164696 -0.0239839
145
1
0.344126 12.7843 -1.38426
-0.0360959 -0.0147657 -0.0674604
146
1
0.350181 12.7973 -1.32188
0.01211 0.00506899 -0.0209292
147
1
0.356823 12.8158 -1.24559
-0.0165772 -0.0235789 -0.0723953
148
1
0.39579 12.8585 -1.09257
-0.0186373 -0.0163296 -0.0738772
149
1
0.43795 12.8943 -1.02477
0.0235466 0.00917445 0.0548728
150
1
0.507645 12.9221 -1.0168
-0.046464 0.0107103 -0.0165215
151
1
0.536147 12.949 -1.01844
0.00148615 -0.0103049 -0.0199912
152
1
0.592465 12.9315 -0.9788
-0.00555526 0.00212722 0.00834023
153
1
-0.237726 14.7099 -1.25851
0.0723868 -0.0268754 -0.0104746
154
1
0.19456 13.7017 -0.00835271
0.0425206 0.0122223 0.0158708
155
1
-0.035375 16.0577 0.0494158
0.0611925 0.035671 0.0324794
156
1
0.193197 13.6905 0.0471332
-0.0447709 -0.0114765 0.00814422
157
1
0.293225 14.681 1.37131
0.0530809 -0.0528562 -0.0214592
158
1
0.45148 12.955 0.95418
0.00957963 0.00319925 0.00846557
159
1
0.389553 12.9651 1.02164
0.000724388 0.00227955 -0.0217948
160
1
0.350182 12.9458 1.03647
0.0605544 -0.0202221 -0.0262357
161
1
0.285672 12.914 1.07677
-0.0334889 0.0123048 0.0534473
162
1
0.254773 12.8877 1.14057
0.024566 -0.00203169 -0.0739205
163
1
0.231391 12.8671 1.27898
0.00313435 0.0255348 -0.0458713
164
1
0.240317 12.8479 1.34043
-0.0187895 -0.0032178 -0.0242228
165
1
0.239263 12.8375 1.39962
0.0370453 0.012232 -0.0674527
166
1
0.247494 12.822 1.46551
-0.0147809 0.00877501 -0.0153577
167
1
0.258598 12.804 1.52123
-0.00515952 0.00527808 -0.048892
168
1
0.276493 12.7763 1.58641
-0.000252906 0.0331964 -0.0352477
169
1
0.307085 12.747 1.63258
-0.0416139 0.0318103 -0.0212788
170
1
0.341353 12.7206 1.67354
-0.0294981 0.00912893 -0.0209922
171
1
0.384013 12.7042 1.71013
-0.0221307 0.0010489 -0.0225867
172
1
0.422514 12.7009 1.74852
-0.0213694 -0.00346594 -0.0241906
173
1
0.461103 12.7023 1.78657
-0.0176947 -0.00383722 -0.0161916
174
1
0.502696 12.7045 1.82414
-0.0182261 -0.00353792 -0.00973702
175
1
0.545254 12.7075 1.86396
-0.0249642 -0.00344364 -0.0161322
176
1
0.587116 12.7095 1.90749
-0.0231916 0.000152259 -0.0289085
177
1
0.625409 12.7097 1.95375
-0.0172509 0.00148312 -0.0289371
178
1
0.658862 12.7099 2.00079
-0.0140325 -0.00116545 -0.0209726
179
1
0.688029 12.7096 2.04625
-0.0104599 -0.00129344 -0.0243217
180
1
0.714913 12.7088 2.08662
-0.0095488 -0.000701437 -0.0207599
181
1
0.742398 12.7059 2.12398
-0.0118062 0.00125757 -0.0102648
182
1
0.772625 12.7009 2.16117
-0.0126912 0.00284785 -0.0117834
183
1
0.803686 12.6915 2.19941
-0.0153602 0.00731442 -0.016073
184
1
0.837298 12.678 2.24338
-0.01914 0.0115815 -0.0244593
185
1
0.871009 12.6641 2.29321
-0.0164062 0.00557642 -0.0277822
186
1
0.903429 12.6512 2.34331
-0.021997 0.00168186 -0.033035
187
1
0.930522 12.6379 2.39202
-0.0302115 0.00575815 -0.0294865
188
1
0.947862 12.6168 2.43886
-0.00496248 0.0113461 -0.0140096
189
1
0.954205 12.5877 2.47756
0.00714286 0.00825708 -0.0101633
190
1
0.95445 12.5535 2.5244
0.004475 0.0211392 -0.0220111
191
1
0.950114 12.5044 2.57731
0.00102663 0.0320947 -0.0327442
192
1
0.93203 12.4456 2.62596
0.0160022 0.0261433 -0.0182547
193
1
0.904074 12.3831 2.66776
0.0183192 0.039287 -0.015037
