194
0
1
1.43079 6.9468 0.940844
0.0335298 0.0087754 0.0347849
1
1
1.36341 6.92428 0.872967
0.0319188 0.0135357 0.0370113
2
1
1.29601 6.88954 0.796461
0.0331076 0.0220736 0.0400434
3
1
1.23306 6.8413 0.711629
0.029473 0.0267661 0.0452555
4
1
1.17163 6.78248 0.61462
0.0282572 0.0301189 0.0511385
5
1
1.10288 6.71766 0.504893
0.036596 0.0351592 0.0591305
6
1
1.01176 6.65068 0.373551
0.0462266 0.0293169 0.055457
7
1
0.882232 6.57398 0.196298
0.043573 0.0210812 0.0610641
8
1
0.577843 6.37171 0.0795352
0.0272873 0.0404195 -0.0122041
9
1
0.0485991 8.9096 0.770011
0.000876793 0.00267933 -0.0778711
10
1
-0.0485991 8.9096 0.770011
0.000876793 -0.00267933 0.0778711
11
1
-0.577843 6.37171 0.0795352
0.0272873 -0.0404195 0.0122041
12
1
-0.882232 6.57398 0.196298
0.043573 -0.0210812 -0.0610641
13
1
-1.01176 6.65068 0.373551
0.0462266 -0.0293169 -0.055457
14
1
-1.10288 6.71766 0.504893
0.036596 -0.0351592 -0.0591305
15
1
-1.17163 6.78248 0.61462
0.0282572 -0.0301189 -0.0511385
16
1
-1.23306 6.8413 0.711629
0.029473 -0.0267661 -0.0452555
17
1
-1.29601 6.88954 0.796461
0.0331076 -0.0220736 -0.0400434
18
1
-1.36341 6.92428 0.872967
0.0319188 -0.0135357 -0.0370113
19
1
-1.43079 6.9468 0.940844
0.0335298 -0.0087754 -0.0347849
20
1
-1.49605 6.96137 1.00077
0.0321493 -0.0041551 -0.0291459
21
1
-1.5583 6.97044 1.05407
0.0297144 -0.00208476 -0.0247258
22
1
-1.61703 6.97458 1.10035
0.0289275 -0.000498369 -0.0223196
23
1
-1.67561 6.97547 1.14023
0.0284535 0.000408077 -0.0178805
24
1
-1.73456 6.9746 1.17281
0.0297822 0.000573276 -0.0141582
25
1
-1.79292 6.97278 1.1989
0.0297375 0.000818061 -0.0119587
26
1
-1.85015 6.9698 1.21954
0.0270616 0.0013254 -0.00894812
27
1
-1.90523 6.96503 1.23504
0.0262882 0.00210413 -0.00596763
28
1
-1.95882 6.95812 1.24587
0.0270524 0.00333852 -0.00411282
29
1
-2.01158 6.94857 1.25223
0.0264501 0.00471988 -0.00198617
30
1
-2.06302 6.93647 1.25421
0.0256218 0.00609957 0.000152352
31
1
-2.11321 6.92292 1.2519
0.0252486 0.00675357 0.00184313
32
1
-2.16181 6.90827 1.24538
0.0243212 0.00702116 0.00370557
33
1
-2.20811 6.89244 1.23522
0.0234174 0.00802813 0.00548044
34
1
-2.25195 6.87561 1.22184
0.0223057 0.00876618 0.00678287
35
1
-2.29301 6.85821 1.2053
0.0198597 0.00863313 0.00841404
36
1
-2.33078 6.84015 1.18568
0.0177158 0.00904489 0.00994352
37
1
-2.36598 6.82147 1.16303
0.016844 0.00997261 0.0112357
38
1
-2.39885 6.80248 1.13645
0.015427 0.0103642 0.0135394
39
1
-2.4287 6.78352 1.10535
0.0131363 0.0102126 0.0165495
40
1
-2.45548 6.76521 1.07045
0.0118013 0.00999638 0.0186789
41
1
-2.47971 6.74804 1.0324
0.0105873 0.00923456 0.0202724
42
1
-2.5011 6.73212 0.990882
0.00850863 0.00806849 0.0224007
43
1
-2.51997 6.71784 0.945727
0.00746635 0.00720948 0.0243636
44
1
-2.53711 6.70536 0.896938
0.00795615 0.00600421 0.0257602
45
1
-2.55346 6.69504 0.844399
0.00823478 0.00400264 0.0276764
46
1
-2.56943 6.68826 0.788145
0.00789735 0.00177896 0.0298782
47
1
-2.58478 6.68526 0.728895
0.00747871 -0.000563181 0.0314096
48
1
-2.59897 6.68525 0.667196
0.00680164 -0.0026064 0.0327965
49
1
-2.61181 6.68763 0.603555
0.00586596 -0.00347223 0.0342257
50
1
-2.62316 6.69089 0.538574
0.00517556 -0.00318895 0.0346781
51
1
-2.63317 6.69399 0.472719
0.00477018 -0.00206947 0.0346769
52
1
-2.64211 6.69611 0.406059
0.00413554 -0.000886822 0.0347083
53
1
-2.64991 6.69711 0.338829
0.00334048 -0.000523254 0.0346292
54
1
-2.65666 6.69731 0.271409
0.0028281 -0.000440419 0.0345836
55
1
-2.66215 6.69657 0.203861
0.00247473 0.000285375 0.0349196
56
1
-2.66602 6.69521 0.136203
0.00172345 0.00136345 0.0351928
57
1
-2.66823 6.69367 0.0682004
0.000625026 0.00125557 0.0348738
58
1
-2.66878 6.69302 7.14816e-013
-3.84266e-013 8.03667e-013 0.0345607
59
1
-2.66823 6.69367 -0.0682004
-0.000625026 -0.00125557 0.0348738
60
1
-2.66602 6.69521 -0.136203
-0.00172345 -0.00136345 0.0351928
61
1
-2.66215 6.69657 -0.203861
-0.00247473 -0.000285375 0.0349196
62
1
-2.65666 6.69731 -0.271409
-0.0028281 0.000440419 0.0345836
63
1
-2.64991 6.69711 -0.338829
-0.00334048 0.000523254 0.0346292
64
1
-2.64211 6.69611 -0.406059
-0.00413554 0.000886822 0.0347083
65
1
-2.63317 6.69399 -0.472719
-0.00477018 0.00206947 0.0346769
66
1
-2.62316 6.69089 -0.538574
-0.00517556 0.00318895 0.0346781
67
1
-2.61181 6.68763 -0.603555
-0.00586596 0.00347223 0.0342257
68
1
-2.59897 6.68525 -0.667196
-0.00680164 0.0026064 0.0327965
69
1
-2.58478 6.68526 -0.728895
-0.00747871 0.000563181 0.0314096
70
1
-2.56943 6.68826 -0.788145
-0.00789735 -0.00177896 0.0298782
71
1
-2.55346 6.69504 -0.844399
-0.00823478 -0.00400264 0.0276764
72
1
-2.53711 6.70536 -0.896938
-0.00795615 -0.00600421 0.0257602
73
1
-2.51997 6.71784 -0.945727
-0.00746635 -0.00720948 0.0243636
74
1
-2.5011 6.73212 -0.990882
-0.00850863 -0.00806849 0.0224007
75
1
-2.47971 6.74804 -1.0324
-0.0105873 -0.00923456 0.0202724
76
1
-2.45548 6.76521 -1.07045
-0.0118013 -0.00999638 0.0186789
77
1
-2.4287 6.78352 -1.10535
-0.0131363 -0.0102126 0.0165495
78
1
-2.39885 6.80248 -1.13645
-0.015427 -0.0103642 0.0135394
79
1
-2.36598 6.82147 -1.16303
-0.016844 -0.00997261 0.0112357
80
1
-2.33078 6.84015 -1.18568
-0.0177158 -0.00904489 0.00994352
81
1
-2.29301 6.85821 -1.2053
-0.0198597 -0.00863313 0.00841404
82
1
-2.25195 6.87561 -1.22184
-0.0223057 -0.00876618 0.00678287
83
1
-2.20811 6.89244 -1.23522
-0.0234174 -0.00802813 0.00548044
84
1
-2.16181 6.90827 -1.24538
-0.0243212 -0.00702116 0.00370557
85
1
-2.11321 6.92292 -1.2519
-0.0252486 -0.00675357 0.00184313
86
1
-2.06302 6.93647 -1.25421
-0.0256218 -0.00609957 0.000152352
87
1
-2.01158 6.94857 -1.25223
-0.0264501 -0.00471988 -0.00198617
88
1
-1.95882 6.95812 -1.24587
-0.0270524 -0.00333852 -0.00411282
89
1
-1.90523 6.96503 -1.23504
-0.0262882 -0.00210413 -0.00596763
90
1
-1.85015 6.9698 -1.21954
-0.0270616 -0.0013254 -0.00894812
91
1
-1.79292 6.97278 -1.1989
-0.0297375 -0.000818061 -0.0119587
92
1
-1.73456 6.9746 -1.17281
-0.0297822 -0.000573276 -0.0141582
93
1
-1.67561 6.97547 -1.14023
-0.0284535 -0.000408077 -0.0178805
94
1
-1.61703 6.97458 -1.10035
-0.0289275 0.000498369 -0.0223196
95
1
-1.5583 6.97044 -1.05407
-0.0297144 0.00208476 -0.0247258
96
1
-1.49605 6.96137 -1.00077
-0.0321493 0.0041551 -0.0291459
97
1
-1.43079 6.9468 -0.940844
-0.0335298 0.0087754 -0.0347849
98
1
-1.36341 6.92428 -0.872967
-0.0319188 0.0135357 -0.0370113
99
1
-1.29601 6.88954 -0.796461
-0.0331076 0.0220736 -0.0400434
100
1
-1.23306 6.8413 -0.711629
-0.029473 0.0267661 -0.0452555
101
1
-1.17163 6.78248 -0.61462
-0.0282572 0.0301189 -0.0511385
102
1
-1.10288 6.71766 -0.504893
-0.036596 0.0351592 -0.0591305
103
1
-1.01176 6.65068 -0.373551
-0.0462266 0.0293169 -0.055457
104
1
-0.882232 6.57398 -0.196298
-0.043573 0.0210812 -0.0610641
105
1
-0.577843 6.37171 -0.0795352
-0.0272873 0.0404195 0.0122041
106
1
-0.0485991 8.9096 -0.770011
-0.000876793 0.00267933 0.0778711
107
1
0.0485991 8.9096 -0.770011
-0.000876793 -0.00267933 -0.0778711
108
1
0.577843 6.37171 -0.0795352
-0.0272873 -0.0404195 -0.0122041
109
1
0.882232 6.57398 -0.196298
-0.043573 -0.0210812 0.0610641
110
1
1.01176 6.65068 -0.373551
-0.0462266 -0.0293169 0.055457
111
1
1.10288 6.71766 -0.504893
-0.036596 -0.0351592 0.0591305
112
1
1.17163 6.78248 -0.61462
-0.0282572 -0.0301189 0.0511385
113
1
1.23306 6.8413 -0.711629
-0.029473 -0.0267661 0.0452555
114
1
1.29601 6.88954 -0.796461
-0.0331076 -0.0220736 0.0400434
115
1
1.36341 6.92428 -0.872967
-0.0319188 -0.0135357 0.0370113
116
1
1.43079 6.9468 -0.940844
-0.0335298 -0.0087754 0.0347849
117
1
1.49605 6.96137 -1.00077
-0.0321493 -0.0041551 0.0291459
118
1
1.5583 6.97044 -1.05407
-0.0297144 -0.00208476 0.0247258
119
1
1.61703 6.97458 -1.10035
-0.0289275 -0.000498369 0.0223196
120
1
1.67561 6.97547 -1.14023
-0.0284535 0.000408077 0.0178805
121
1
1.73456 6.9746 -1.17281
-0.0297822 0.000573276 0.0141582
122
1
1.79292 6.97278 -1.1989
-0.0297375 0.000818061 0.0119587
123
1
1.85015 6.9698 -1.21954
-0.0270616 0.0013254 0.00894812
124
1
1.90523 6.96503 -1.23504
-0.0262882 0.00210413 0.00596763
125
1
1.95882 6.95812 -1.24587
-0.0270524 0.00333852 0.00411282
126
1
2.01158 6.94857 -1.25223
-0.0264501 0.00471988 0.00198617
127
1
2.06302 6.93647 -1.25421
-0.0256218 0.00609957 -0.000152352
128
1
2.11321 6.92292 -1.2519
-0.0252486 0.00675357 -0.00184313
129
1
2.16181 6.90827 -1.24538
-0.0243212 0.00702116 -0.00370557
130
1
2.20811 6.89244 -1.23522
-0.0234174 0.00802813 -0.00548044
131
1
2.25195 6.87561 -1.22184
-0.0223057 0.00876618 -0.00678287
132
1
2.29301 6.85821 -1.2053
-0.0198597 0.00863313 -0.00841404
133
1
2.33078 6.84015 -1.18568
-0.0177158 0.00904489 -0.00994352
134
1
2.36598 6.82147 -1.16303
-0.016844 0.00997261 -0.0112357
135
1
2.39885 6.80248 -1.13645
-0.015427 0.0103642 -0.0135394
136
1
2.4287 6.78352 -1.10535
-0.0131363 0.0102126 -0.0165495
137
1
2.45548 6.76521 -1.07045
-0.0118013 0.00999638 -0.0186789
138
1
2.47971 6.74804 -1.0324
-0.0105873 0.00923456 -0.0202724
139
1
2.5011 6.73212 -0.990882
-0.00850863 0.00806849 -0.0224007
140
1
2.51997 6.71784 -0.945727
-0.00746635 0.00720948 -0.0243636
141
1
2.53711 6.70536 -0.896938
-0.00795615 0.00600421 -0.0257602
142
1
2.55346 6.69504 -0.844399
-0.00823478 0.00400264 -0.0276764
143
1
2.56943 6.68826 -0.788145
-0.00789735 0.00177896 -0.0298782
144
1
2.58478 6.68526 -0.728895
-0.00747871 -0.000563181 -0.0314096
145
1
2.59897 6.68525 -0.667196
-0.00680164 -0.0026064 -0.0327965
146
1
2.61181 6.68763 -0.603555
-0.00586596 -0.00347223 -0.0342257
147
1
2.62316 6.69089 -0.538574
-0.00517556 -0.00318895 -0.0346781
148
1
2.63317 6.69399 -0.472719
-0.00477018 -0.00206947 -0.0346769
149
1
2.64211 6.69611 -0.406059
-0.00413554 -0.000886822 -0.0347083
150
1
2.64991 6.69711 -0.338829
-0.00334048 -0.000523254 -0.0346292
151
1
2.65666 6.69731 -0.271409
-0.0028281 -0.000440419 -0.0345836
152
1
2.66215 6.69657 -0.203861
-0.00247473 0.000285375 -0.0349196
153
1
2.66602 6.69521 -0.136203
-0.00172345 0.00136345 -0.0351928
154
1
2.66823 6.69367 -0.0682004
-0.000625026 0.00125557 -0.0348738
155
1
2.66878 6.69302 3.44224e-012
5.39269e-013 1.07441e-012 -0.0345607
156
1
2.66823 6.69367 0.0682004
0.000625026 -0.00125557 -0.0348738
157
1
2.66602 6.69521 0.136203
0.00172345 -0.00136345 -0.0351928
158
1
2.66215 6.69657 0.203861
0.00247473 -0.000285375 -0.0349196
159
1
2.65666 6.69731 0.271409
0.0028281 0.000440419 -0.0345836
160
1
2.64991 6.69711 0.338829
0.00334048 0.000523254 -0.0346292
161
1
2.64211 6.69611 0.406059
0.00413554 0.000886822 -0.0347083
162
1
2.63317 6.69399 0.472719
0.00477018 0.00206947 -0.0346769
163
1
2.62316 6.69089 0.538574
0.00517556 0.00318895 -0.0346781
164
1
2.61181 6.68763 0.603555
0.00586596 0.00347223 -0.0342257
165
1
2.59897 6.68525 0.667196
0.00680164 0.0026064 -0.0327965
166
1
2.58478 6.68526 0.728895
0.00747871 0.000563181 -0.0314096
167
1
2.56943 6.68826 0.788145
0.00789735 -0.00177896 -0.0298782
168
1
2.55346 6.69504 0.844399
0.00823478 -0.00400264 -0.0276764
169
1
2.53711 6.70536 0.896938
0.00795615 -0.00600421 -0.0257602
170
1
2.51997 6.71784 0.945727
0.00746635 -0.00720948 -0.0243636
171
1
2.5011 6.73212 0.990882
0.00850863 -0.00806849 -0.0224007
172
1
2.47971 6.74804 1.0324
0.0105873 -0.00923456 -0.0202724
173
1
2.45548 6.76521 1.07045
0.0118013 -0.00999638 -0.0186789
174
1
2.4287 6.78352 1.10535
0.0131363 -0.0102126 -0.0165495
175
1
2.39885 6.80248 1.13645
0.015427 -0.0103642 -0.0135394
176
1
2.36598 6.82147 1.16303
0.016844 -0.00997261 -0.0112357
177
1
2.33078 6.84015 1.18568
0.0177158 -0.00904489 -0.00994352
178
1
2.29301 6.85821 1.2053
0.0198597 -0.00863313 -0.00841404
179
1
2.25195 6.87561 1.22184
0.0223057 -0.00876618 -0.00678287
180
1
2.20811 6.89244 1.23522
0.0234174 -0.00802813 -0.00548044
181
1
2.16181 6.90827 1.24538
0.0243212 -0.00702116 -0.00370557
182
1
2.11321 6.92292 1.2519
0.0252486 -0.00675357 -0.00184313
183
1
2.06302 6.93647 1.25421
0.0256218 -0.00609957 -0.000152352
184
1
2.01158 6.94857 1.25223
0.0264501 -0.00471988 0.00198617
185
1
1.95882 6.95812 1.24587
0.0270524 -0.00333852 0.00411282
186
1
1.90523 6.96503 1.23504
0.0262882 -0.00210413 0.00596763
187
1
1.85015 6.9698 1.21954
0.0270616 -0.0013254 0.00894812
188
1
1.79292 6.97278 1.1989
0.0297375 -0.000818061 0.0119587
189
1
1.73456 6.9746 1.17281
0.0297822 -0.000573276 0.0141582
190
1
1.67561 6.97547 1.14023
0.0284535 -0.000408077 0.0178805
191
1
1.61703 6.97458 1.10035
0.0289275 0.000498369 0.0223196
192
1
1.5583 6.97044 1.05407
0.0297144 0.00208476 0.0247258
193
1
1.49605 6.96137 1.00077
0.0321493 0.0041551 0.0291459
