194
0
1
0.612122 10.2029 1.34667
0.00996074 0.0437536 -0.0310129
1
1
0.587027 10.1246 1.4019
0.0125898 0.0346116 -0.0260569
2
1
0.551332 10.0432 1.44749
0.0185705 0.0420369 -0.0207917
3
1
0.498001 9.9557 1.47964
0.0316105 0.0490231 -0.0160633
4
1
0.430005 9.87872 1.49521
0.0396193 0.0301318 0.000365006
5
1
0.346133 9.81447 1.49614
0.0442812 0.0204228 0.00864868
6
1
0.244266 9.74261 1.46802
0.0440047 0.0328121 0.0254499
7
1
0.112378 9.60944 1.43268
0.036241 0.0584361 -0.00188425
8
1
0.144335 6.32252 0.0592672
-0.0456525 -0.0153949 -0.00811141
9
1
0.495954 12.5744 0.0706161
0.027401 0.0465289 0.00811876
10
1
-0.495951 12.5744 0.0706163
0.0273959 -0.0465289 -0.00810731
11
1
-0.144141 6.32245 0.0590223
-0.0456737 0.0154276 0.00823025
12
1
-0.112377 9.60944 1.43268
0.036241 -0.058436 0.00188422
13
1
-0.244266 9.74261 1.46802
0.0440047 -0.0328121 -0.0254499
14
1
-0.346132 9.81447 1.49614
0.0442812 -0.0204228 -0.00864866
15
1
-0.430005 9.87872 1.49521
0.0396193 -0.0301318 -0.00036498
16
1
-0.498 9.9557 1.47964
0.0316105 -0.0490231 0.0160633
17
1
-0.551332 10.0432 1.44749
0.0185705 -0.0420369 0.0207917
18
1
-0.587027 10.1246 1.4019
0.0125898 -0.0346117 0.0260568
19
1
-0.612122 10.2029 1.34667
0.00996074 -0.0437536 0.0310129
20
1
-0.631181 10.2783 1.28646
0.00783846 -0.0390084 0.0339445
21
1
-0.648924 10.3523 1.22329
0.00866456 -0.0316015 0.0273082
22
1
-0.666294 10.4274 1.16695
0.0101298 -0.0430464 0.0293328
23
1
-0.678328 10.5028 1.11529
0.00316259 -0.0387326 0.0277794
24
1
-0.680465 10.5693 1.06846
-0.00384536 -0.0236581 0.0185052
25
1
-0.675584 10.6259 1.02546
-0.00388771 -0.0259203 0.019738
26
1
-0.667883 10.6801 0.985906
-0.00250276 -0.0285 0.0195285
27
1
-0.658563 10.7332 0.950463
-0.00462907 -0.025403 0.015672
28
1
-0.647955 10.7852 0.917796
-0.00794727 -0.0226696 0.0133935
29
1
-0.635469 10.8364 0.886076
-0.0098039 -0.0238944 0.0159919
30
1
-0.623332 10.8858 0.857138
-0.00718589 -0.0216177 0.0127496
31
1
-0.614905 10.9348 0.831036
-0.00373019 -0.0215569 0.0119836
32
1
-0.611217 10.9846 0.805204
-0.00209537 -0.0254223 0.0153659
33
1
-0.611357 11.0334 0.780708
-0.00027927 -0.0272069 0.0140791
34
1
-0.614529 11.0814 0.759249
0.00321538 -0.0261042 0.0105131
35
1
-0.621617 11.1296 0.740999
0.0048903 -0.0243002 0.0087987
36
1
-0.63129 11.1766 0.726822
0.00462266 -0.0227767 0.0052043
37
1
-0.644663 11.221 0.716029
0.00653693 -0.0230046 0.00183245
38
1
-0.66188 11.2634 0.707484
0.00923406 -0.0205889 0.00112975
39
1
-0.681979 11.3032 0.69999
0.00942252 -0.0156224 0.00166637
40
1
-0.704372 11.3394 0.693317
0.0111786 -0.0148914 0.00189466
41
1
-0.729665 11.3732 0.686216
0.0153394 -0.0162598 0.00254369
42
1
-0.757234 11.4063 0.676673
0.0154267 -0.0151493 0.00391818
43
1
-0.786384 11.4379 0.663938
0.0139845 -0.0144873 0.00514698
44
1
-0.817318 11.4681 0.647804
0.0166687 -0.0162722 0.00748995
45
1
-0.851268 11.4971 0.627532
0.0203501 -0.0155696 0.0123916
46
1
-0.88706 11.5246 0.602089
0.0186197 -0.0119352 0.0146818
47
1
-0.92345 11.55 0.572219
0.0177793 -0.0111356 0.0159989
48
1
-0.959522 11.574 0.536466
0.0200202 -0.011146 0.0223067
49
1
-0.9933 11.5957 0.496123
0.0185583 -0.00955814 0.0239626
50
1
-1.02295 11.616 0.452291
0.0155223 -0.00860018 0.0215527
51
1
-1.04846 11.6364 0.404319
0.0135924 -0.0102673 0.0250321
52
1
-1.06936 11.6562 0.352389
0.00974194 -0.0116311 0.0301517
53
1
-1.08532 11.6747 0.29677
0.00720823 -0.0102129 0.0325714
54
1
-1.09699 11.6912 0.238709
0.00542247 -0.00894111 0.033152
55
1
-1.10509 11.7047 0.178912
0.00129725 -0.00686274 0.0332519
56
1
-1.11027 11.7143 0.119304
0.000718806 -0.00450782 0.031883
57
1
-1.11348 11.7199 0.0589067
0.000870459 -0.00169891 0.0301401
58
1
-1.11436 11.7217 2.82467e-007
1.4851e-008 8.53832e-009 0.0295185
59
1
-1.11348 11.7199 -0.0589061
-0.00087043 0.00169893 0.0301401
60
1
-1.11027 11.7143 -0.119303
-0.000718778 0.00450783 0.031883
61
1
-1.10509 11.7047 -0.178912
-0.00129722 0.00686276 0.0332519
62
1
-1.09699 11.6912 -0.238708
-0.00542245 0.00894112 0.033152
63
1
-1.08532 11.6747 -0.296769
-0.00720821 0.0102129 0.0325714
64
1
-1.06936 11.6562 -0.352388
-0.00974193 0.0116311 0.0301517
65
1
-1.04846 11.6364 -0.404319
-0.0135924 0.0102673 0.0250321
66
1
-1.02295 11.616 -0.452291
-0.0155223 0.00860019 0.0215527
67
1
-0.9933 11.5957 -0.496122
-0.0185583 0.00955815 0.0239626
68
1
-0.959522 11.574 -0.536466
-0.0200202 0.011146 0.0223068
69
1
-0.92345 11.55 -0.572219
-0.0177793 0.0111356 0.0159989
70
1
-0.88706 11.5246 -0.602089
-0.0186197 0.0119352 0.0146818
71
1
-0.851269 11.4971 -0.627531
-0.0203501 0.0155696 0.0123917
72
1
-0.817318 11.4681 -0.647804
-0.0166687 0.0162722 0.00748996
73
1
-0.786384 11.4379 -0.663938
-0.0139845 0.0144873 0.00514699
74
1
-0.757234 11.4063 -0.676673
-0.0154267 0.0151493 0.00391819
75
1
-0.729665 11.3732 -0.686216
-0.0153394 0.0162598 0.0025437
76
1
-0.704373 11.3394 -0.693317
-0.0111786 0.0148914 0.00189467
77
1
-0.681979 11.3032 -0.69999
-0.00942252 0.0156224 0.00166638
78
1
-0.661881 11.2634 -0.707484
-0.00923407 0.0205889 0.00112976
79
1
-0.644663 11.221 -0.716029
-0.00653694 0.0230046 0.00183245
80
1
-0.631291 11.1766 -0.726822
-0.00462266 0.0227767 0.0052043
81
1
-0.621618 11.1296 -0.740999
-0.00489031 0.0243001 0.0087987
82
1
-0.614529 11.0814 -0.759249
-0.00321538 0.0261042 0.0105131
83
1
-0.611357 11.0334 -0.780708
0.000279274 0.0272069 0.0140791
84
1
-0.611217 10.9846 -0.805204
0.00209538 0.0254222 0.0153659
85
1
-0.614905 10.9348 -0.831036
0.00373019 0.0215569 0.0119836
86
1
-0.623333 10.8858 -0.857138
0.0071859 0.0216177 0.0127495
87
1
-0.635469 10.8364 -0.886076
0.00980391 0.0238944 0.0159919
88
1
-0.647955 10.7852 -0.917796
0.00794727 0.0226696 0.0133935
89
1
-0.658563 10.7332 -0.950463
0.00462908 0.025403 0.015672
90
1
-0.667883 10.6801 -0.985906
0.00250277 0.0285 0.0195285
91
1
-0.675584 10.6259 -1.02546
0.00388772 0.0259203 0.019738
92
1
-0.680465 10.5693 -1.06846
0.00384537 0.0236581 0.0185052
93
1
-0.678328 10.5028 -1.11529
-0.00316257 0.0387325 0.0277794
94
1
-0.666294 10.4274 -1.16695
-0.0101298 0.0430464 0.0293328
95
1
-0.648925 10.3523 -1.22329
-0.00866455 0.0316015 0.0273082
96
1
-0.631181 10.2783 -1.28646
-0.00783845 0.0390084 0.0339445
97
1
-0.612122 10.2029 -1.34667
-0.00996074 0.0437536 0.0310129
98
1
-0.587027 10.1246 -1.4019
-0.0125898 0.0346116 0.0260569
99
1
-0.551332 10.0432 -1.44749
-0.0185705 0.0420369 0.0207917
100
1
-0.498001 9.9557 -1.47964
-0.0316105 0.0490231 0.0160633
101
1
-0.430005 9.87872 -1.49521
-0.0396193 0.0301317 -0.000365006
102
1
-0.346133 9.81447 -1.49614
-0.0442812 0.0204228 -0.00864868
103
1
-0.244266 9.74261 -1.46802
-0.0440047 0.0328121 -0.0254499
104
1
-0.112378 9.60944 -1.43268
-0.036241 0.0584361 0.00188425
105
1
-0.144334 6.32252 -0.0592607
0.0456524 -0.015395 0.00811252
106
1
-0.495954 12.5744 -0.0706161
-0.027401 0.0465289 -0.00811878
107
1
0.495951 12.5744 -0.0706162
-0.0273959 -0.0465289 0.00810733
108
1
0.14414 6.32245 -0.0590158
0.0456736 0.0154276 -0.00823136
109
1
0.112377 9.60944 -1.43268
-0.036241 -0.058436 -0.00188422
110
1
0.244266 9.74261 -1.46802
-0.0440047 -0.0328121 0.0254499
111
1
0.346132 9.81447 -1.49614
-0.0442812 -0.0204228 0.00864866
112
1
0.430005 9.87872 -1.49521
-0.0396193 -0.0301318 0.00036498
113
1
0.498 9.9557 -1.47964
-0.0316105 -0.0490231 -0.0160633
114
1
0.551332 10.0432 -1.44749
-0.0185705 -0.0420369 -0.0207917
115
1
0.587027 10.1246 -1.4019
-0.0125898 -0.0346117 -0.0260568
116
1
0.612122 10.2029 -1.34667
-0.00996074 -0.0437536 -0.0310129
117
1
0.631181 10.2783 -1.28646
-0.00783846 -0.0390084 -0.0339445
118
1
0.648924 10.3523 -1.22329
-0.00866456 -0.0316015 -0.0273082
119
1
0.666294 10.4274 -1.16695
-0.0101298 -0.0430464 -0.0293328
120
1
0.678328 10.5028 -1.11529
-0.00316259 -0.0387326 -0.0277794
121
1
0.680465 10.5693 -1.06846
0.00384536 -0.0236581 -0.0185052
122
1
0.675584 10.6259 -1.02546
0.00388771 -0.0259203 -0.019738
123
1
0.667883 10.6801 -0.985906
0.00250276 -0.0285 -0.0195285
124
1
0.658563 10.7332 -0.950463
0.00462907 -0.025403 -0.015672
125
1
0.647955 10.7852 -0.917796
0.00794727 -0.0226696 -0.0133935
126
1
0.635469 10.8364 -0.886076
0.0098039 -0.0238944 -0.0159919
127
1
0.623332 10.8858 -0.857138
0.00718589 -0.0216177 -0.0127496
128
1
0.614905 10.9348 -0.831036
0.00373019 -0.0215569 -0.0119836
129
1
0.611217 10.9846 -0.805204
0.00209537 -0.0254223 -0.0153659
130
1
0.611357 11.0334 -0.780708
0.00027927 -0.0272069 -0.0140791
131
1
0.614529 11.0814 -0.759249
-0.00321538 -0.0261042 -0.0105131
132
1
0.621617 11.1296 -0.740999
-0.0048903 -0.0243002 -0.0087987
133
1
0.63129 11.1766 -0.726822
-0.00462266 -0.0227767 -0.0052043
134
1
0.644663 11.221 -0.716029
-0.00653693 -0.0230046 -0.00183245
135
1
0.66188 11.2634 -0.707484
-0.00923406 -0.0205889 -0.00112975
136
1
0.681979 11.3032 -0.69999
-0.00942252 -0.0156224 -0.00166637
137
1
0.704372 11.3394 -0.693317
-0.0111786 -0.0148914 -0.00189466
138
1
0.729665 11.3732 -0.686216
-0.0153394 -0.0162598 -0.00254369
139
1
0.757234 11.4063 -0.676673
-0.0154267 -0.0151493 -0.00391818
140
1
0.786384 11.4379 -0.663938
-0.0139845 -0.0144873 -0.00514698
141
1
0.817318 11.4681 -0.647804
-0.0166687 -0.0162722 -0.00748995
142
1
0.851268 11.4971 -0.627532
-0.0203501 -0.0155696 -0.0123916
143
1
0.88706 11.5246 -0.602089
-0.0186197 -0.0119352 -0.0146818
144
1
0.92345 11.55 -0.572219
-0.0177793 -0.0111356 -0.0159989
145
1
0.959522 11.574 -0.536466
-0.0200202 -0.011146 -0.0223067
146
1
0.9933 11.5957 -0.496123
-0.0185583 -0.00955814 -0.0239626
147
1
1.02295 11.616 -0.452291
-0.0155223 -0.00860018 -0.0215527
148
1
1.04846 11.6364 -0.404319
-0.0135924 -0.0102673 -0.0250321
149
1
1.06936 11.6562 -0.352389
-0.00974194 -0.0116311 -0.0301517
150
1
1.08532 11.6747 -0.29677
-0.00720823 -0.0102129 -0.0325714
151
1
1.09699 11.6912 -0.238709
-0.00542247 -0.00894111 -0.033152
152
1
1.10509 11.7047 -0.178912
-0.00129725 -0.00686274 -0.0332519
153
1
1.11027 11.7143 -0.119304
-0.000718806 -0.00450782 -0.031883
154
1
1.11348 11.7199 -0.0589067
-0.000870459 -0.00169891 -0.0301401
155
1
1.11436 11.7217 -2.81414e-007
-1.49309e-008 8.39027e-009 -0.0295185
156
1
1.11348 11.7199 0.0589061
0.00087043 0.00169893 -0.0301401
157
1
1.11027 11.7143 0.119303
0.000718778 0.00450783 -0.031883
158
1
1.10509 11.7047 0.178912
0.00129722 0.00686276 -0.0332519
159
1
1.09699 11.6912 0.238708
0.00542245 0.00894112 -0.033152
160
1
1.08532 11.6747 0.296769
0.00720821 0.0102129 -0.0325714
161
1
1.06936 11.6562 0.352388
0.00974193 0.0116311 -0.0301517
162
1
1.04846 11.6364 0.404319
0.0135924 0.0102673 -0.0250321
163
1
1.02295 11.616 0.452291
0.0155223 0.00860019 -0.0215527
164
1
0.9933 11.5957 0.496122
0.0185583 0.00955815 -0.0239626
165
1
0.959522 11.574 0.536466
0.0200202 0.011146 -0.0223068
166
1
0.92345 11.55 0.572219
0.0177793 0.0111356 -0.0159989
167
1
0.88706 11.5246 0.602089
0.0186197 0.0119352 -0.0146818
168
1
0.851269 11.4971 0.627531
0.0203501 0.0155696 -0.0123917
169
1
0.817318 11.4681 0.647804
0.0166687 0.0162722 -0.00748996
170
1
0.786384 11.4379 0.663938
0.0139845 0.0144873 -0.00514699
171
1
0.757234 11.4063 0.676673
0.0154267 0.0151493 -0.00391819
172
1
0.729665 11.3732 0.686216
0.0153394 0.0162598 -0.0025437
173
1
0.704373 11.3394 0.693317
0.0111786 0.0148914 -0.00189467
174
1
0.681979 11.3032 0.69999
0.00942252 0.0156224 -0.00166638
175
1
0.661881 11.2634 0.707484
0.00923407 0.0205889 -0.00112976
176
1
0.644663 11.221 0.716029
0.00653694 0.0230046 -0.00183245
177
1
0.631291 11.1766 0.726822
0.00462266 0.0227767 -0.0052043
178
1
0.621618 11.1296 0.740999
0.00489031 0.0243001 -0.0087987
179
1
0.614529 11.0814 0.759249
0.00321538 0.0261042 -0.0105131
180
1
0.611357 11.0334 0.780708
-0.000279274 0.0272069 -0.0140791
181
1
0.611217 10.9846 0.805204
-0.00209538 0.0254222 -0.0153659
182
1
0.614905 10.9348 0.831036
-0.00373019 0.0215569 -0.0119836
183
1
0.623333 10.8858 0.857138
-0.0071859 0.0216177 -0.0127495
184
1
0.635469 10.8364 0.886076
-0.00980391 0.0238944 -0.0159919
185
1
0.647955 10.7852 0.917796
-0.00794727 0.0226696 -0.0133935
186
1
0.658563 10.7332 0.950463
-0.00462908 0.025403 -0.015672
187
1
0.667883 10.6801 0.985906
-0.00250277 0.0285 -0.0195285
188
1
0.675584 10.6259 1.02546
-0.00388772 0.0259203 -0.019738
189
1
0.680465 10.5693 1.06846
-0.00384537 0.0236581 -0.0185052
190
1
0.678328 10.5028 1.11529
0.00316257 0.0387325 -0.0277794
191
1
0.666294 10.4274 1.16695
0.0101298 0.0430464 -0.0293328
192
1
0.648925 10.3523 1.22329
0.00866455 0.0316015 -0.0273082
193
1
0.631181 10.2783 1.28646
0.00783845 0.0390084 -0.0339445
