194
0
1
0.855321 2.46168 1.63009
0.0327861 -0.0227557 -0.0217655
1
1
0.78962 2.50571 1.67203
0.035447 -0.0221543 -0.0210694
2
1
0.717198 2.54852 1.71261
0.0378701 -0.0211798 -0.0200229
3
1
0.638633 2.58917 1.75046
0.0408113 -0.0202748 -0.0187713
4
1
0.55348 2.62633 1.78355
0.0434541 -0.017763 -0.0156992
5
1
0.462309 2.65843 1.811
0.0463719 -0.0145809 -0.0126183
6
1
0.36563 2.68443 1.83257
0.0493426 -0.0110837 -0.00947665
7
1
0.264334 2.70372 1.8485
0.0515843 -0.0075284 -0.00680245
8
1
0.1598 2.71708 1.85906
0.0528483 -0.00494557 -0.00416379
9
1
0.0534578 2.72457 1.86414
0.0534819 -0.00193895 -0.00127087
10
1
-0.0534578 2.72457 1.86414
0.0534819 0.00193895 0.00127087
11
1
-0.1598 2.71708 1.85906
0.0528483 0.00494557 0.00416379
12
1
-0.264334 2.70372 1.8485
0.0515843 0.0075284 0.00680245
13
1
-0.36563 2.68443 1.83257
0.0493426 0.0110837 0.00947665
14
1
-0.462309 2.65843 1.811
0.0463719 0.0145809 0.0126183
15
1
-0.55348 2.62633 1.78355
0.0434541 0.017763 0.0156992
16
1
-0.638633 2.58917 1.75046
0.0408113 0.0202748 0.0187713
17
1
-0.717198 2.54852 1.71261
0.0378701 0.0211798 0.0200229
18
1
-0.78962 2.50571 1.67203
0.035447 0.0221543 0.0210694
19
1
-0.855321 2.46168 1.63009
0.0327861 0.0227557 0.0217655
20
1
-0.91378 2.41705 1.58795
0.0282769 0.0226829 0.0212915
21
1
-0.964949 2.3718 1.54553
0.0239818 0.0228008 0.0218119
22
1
-1.00918 2.32645 1.50256
0.0201225 0.0228407 0.0220792
23
1
-1.04707 2.2809 1.45881
0.0171291 0.0227605 0.0222661
24
1
-1.07954 2.23549 1.41477
0.0143413 0.0226461 0.0224092
25
1
-1.10769 2.19077 1.37041
0.0125766 0.0224099 0.0226032
26
1
-1.13181 2.14654 1.32593
0.0112058 0.0220257 0.0222091
27
1
-1.15245 2.10253 1.28224
0.00959463 0.0217124 0.0216156
28
1
-1.16969 2.0591 1.23919
0.00775585 0.0215125 0.0215798
29
1
-1.18278 2.01615 1.19645
0.00548283 0.0215664 0.0213265
30
1
-1.19114 1.97326 1.15435
0.00287077 0.0219766 0.0203289
31
1
-1.19479 1.93043 1.11305
0.000524048 0.0222765 0.0194545
32
1
-1.19389 1.88835 1.07206
-0.00148958 0.0219274 0.019336
33
1
-1.18805 1.84777 1.03097
-0.00370369 0.0208985 0.0196442
34
1
-1.17715 1.80885 0.989992
-0.00622691 0.0195723 0.019977
35
1
-1.16178 1.7715 0.949231
-0.00856482 0.0182711 0.0203412
36
1
-1.14301 1.73574 0.908303
-0.0103592 0.0170348 0.0208685
37
1
-1.12147 1.70193 0.866608
-0.0116925 0.0158056 0.0215259
38
1
-1.09738 1.67022 0.824022
-0.0127994 0.014625 0.022146
39
1
-1.07083 1.64028 0.780943
-0.0138299 0.0136249 0.0225564
40
1
-1.0423 1.61148 0.737747
-0.014863 0.0128802 0.0226727
41
1
-1.01238 1.58354 0.694417
-0.0159427 0.0123654 0.0224894
42
1
-0.981375 1.5568 0.650729
-0.0170807 0.0119817 0.0220504
43
1
-0.948827 1.53209 0.606767
-0.0182406 0.0115825 0.0214252
44
1
-0.913975 1.51005 0.563163
-0.0193651 0.0110118 0.0206803
45
1
-0.876275 1.49082 0.520879
-0.0203752 0.0101685 0.0198746
46
1
-0.835895 1.47396 0.480628
-0.021192 0.00903327 0.0190858
47
1
-0.793684 1.45891 0.442409
-0.0217577 0.007669 0.0184134
48
1
-0.750839 1.4454 0.40549
-0.0220161 0.0062205 0.0179471
49
1
-0.708524 1.43354 0.368858
-0.0218928 0.00487019 0.0177442
50
1
-0.667756 1.42366 0.331712
-0.0213135 0.00373397 0.0178148
51
1
-0.629359 1.41591 0.293654
-0.0202367 0.00287135 0.0181329
52
1
-0.594144 1.41012 0.254541
-0.0186488 0.00225532 0.0186538
53
1
-0.562906 1.4059 0.214331
-0.0165515 0.00181921 0.0193178
54
1
-0.536352 1.40284 0.173055
-0.0139671 0.00149389 0.0200469
55
1
-0.515136 1.40064 0.130778
-0.0109368 0.00119378 0.0207486
56
1
-0.499746 1.3991 0.0876643
-0.00752458 0.000853231 0.0213301
57
1
-0.49041 1.39818 0.0439703
-0.00383294 0.000449089 0.0217208
58
1
-0.487265 1.39782 -1.1541e-015
3.74939e-017 -1.92199e-016 0.0218619
59
1
-0.49041 1.39818 -0.0439703
0.00383294 -0.000449089 0.0217208
60
1
-0.499746 1.3991 -0.0876643
0.00752458 -0.000853231 0.0213301
61
1
-0.515136 1.40064 -0.130778
0.0109368 -0.00119378 0.0207486
62
1
-0.536352 1.40284 -0.173055
0.0139671 -0.00149389 0.0200469
63
1
-0.562906 1.4059 -0.214331
0.0165515 -0.00181921 0.0193178
64
1
-0.594144 1.41012 -0.254541
0.0186488 -0.00225532 0.0186538
65
1
-0.629359 1.41591 -0.293654
0.0202367 -0.00287135 0.0181329
66
1
-0.667756 1.42366 -0.331712
0.0213135 -0.00373397 0.0178148
67
1
-0.708524 1.43354 -0.368858
0.0218928 -0.00487019 0.0177442
68
1
-0.750839 1.4454 -0.40549
0.0220161 -0.0062205 0.0179471
69
1
-0.793684 1.45891 -0.442409
0.0217577 -0.007669 0.0184134
70
1
-0.835895 1.47396 -0.480628
0.021192 -0.00903327 0.0190858
71
1
-0.876275 1.49082 -0.520879
0.0203752 -0.0101685 0.0198746
72
1
-0.913975 1.51005 -0.563163
0.0193651 -0.0110118 0.0206803
73
1
-0.948827 1.53209 -0.606767
0.0182406 -0.0115825 0.0214252
74
1
-0.981375 1.5568 -0.650729
0.0170807 -0.0119817 0.0220504
75
1
-1.01238 1.58354 -0.694417
0.0159427 -0.0123654 0.0224894
76
1
-1.0423 1.61148 -0.737747
0.014863 -0.0128802 0.0226727
77
1
-1.07083 1.64028 -0.780943
0.0138299 -0.0136249 0.0225564
78
1
-1.09738 1.67022 -0.824022
0.0127994 -0.014625 0.022146
79
1
-1.12147 1.70193 -0.866608
0.0116925 -0.0158056 0.0215259
80
1
-1.14301 1.73574 -0.908303
0.0103592 -0.0170348 0.0208685
81
1
-1.16178 1.7715 -0.949231
0.00856482 -0.0182711 0.0203412
82
1
-1.17715 1.80885 -0.989992
0.00622691 -0.0195723 0.019977
83
1
-1.18805 1.84777 -1.03097
0.00370369 -0.0208985 0.0196442
84
1
-1.19389 1.88835 -1.07206
0.00148958 -0.0219274 0.019336
85
1
-1.19479 1.93043 -1.11305
-0.000524048 -0.0222765 0.0194545
86
1
-1.19114 1.97326 -1.15435
-0.00287077 -0.0219766 0.0203289
87
1
-1.18278 2.01615 -1.19645
-0.00548283 -0.0215664 0.0213265
88
1
-1.16969 2.0591 -1.23919
-0.00775585 -0.0215125 0.0215798
89
1
-1.15245 2.10253 -1.28224
-0.00959463 -0.0217124 0.0216156
90
1
-1.13181 2.14654 -1.32593
-0.0112058 -0.0220257 0.0222091
91
1
-1.10769 2.19077 -1.37041
-0.0125766 -0.0224099 0.0226032
92
1
-1.07954 2.23549 -1.41477
-0.0143413 -0.0226461 0.0224092
93
1
-1.04707 2.2809 -1.45881
-0.0171291 -0.0227605 0.0222661
94
1
-1.00918 2.32645 -1.50256
-0.0201225 -0.0228407 0.0220792
95
1
-0.964949 2.3718 -1.54553
-0.0239818 -0.0228008 0.0218119
96
1
-0.91378 2.41705 -1.58795
-0.0282769 -0.0226829 0.0212915
97
1
-0.855321 2.46168 -1.63009
-0.0327861 -0.0227557 0.0217655
98
1
-0.78962 2.50571 -1.67203
-0.035447 -0.0221543 0.0210694
99
1
-0.717198 2.54852 -1.71261
-0.0378701 -0.0211798 0.0200229
100
1
-0.638633 2.58917 -1.75046
-0.0408113 -0.0202748 0.0187713
101
1
-0.55348 2.62633 -1.78355
-0.0434541 -0.017763 0.0156992
102
1
-0.462309 2.65843 -1.811
-0.0463719 -0.0145809 0.0126183
103
1
-0.36563 2.68443 -1.83257
-0.0493426 -0.0110837 0.00947665
104
1
-0.264334 2.70372 -1.8485
-0.0515843 -0.0075284 0.00680245
105
1
-0.1598 2.71708 -1.85906
-0.0528483 -0.00494557 0.00416379
106
1
-0.0534578 2.72457 -1.86414
-0.0534819 -0.00193895 0.00127087
107
1
0.0534578 2.72457 -1.86414
-0.0534819 0.00193895 -0.00127087
108
1
0.1598 2.71708 -1.85906
-0.0528483 0.00494557 -0.00416379
109
1
0.264334 2.70372 -1.8485
-0.0515843 0.0075284 -0.00680245
110
1
0.36563 2.68443 -1.83257
-0.0493426 0.0110837 -0.00947665
111
1
0.462309 2.65843 -1.811
-0.0463719 0.0145809 -0.0126183
112
1
0.55348 2.62633 -1.78355
-0.0434541 0.017763 -0.0156992
113
1
0.638633 2.58917 -1.75046
-0.0408113 0.0202748 -0.0187713
114
1
0.717198 2.54852 -1.71261
-0.0378701 0.0211798 -0.0200229
115
1
0.78962 2.50571 -1.67203
-0.035447 0.0221543 -0.0210694
116
1
0.855321 2.46168 -1.63009
-0.0327861 0.0227557 -0.0217655
117
1
0.91378 2.41705 -1.58795
-0.0282769 0.0226829 -0.0212915
118
1
0.964949 2.3718 -1.54553
-0.0239818 0.0228008 -0.0218119
119
1
1.00918 2.32645 -1.50256
-0.0201225 0.0228407 -0.0220792
120
1
1.04707 2.2809 -1.45881
-0.0171291 0.0227605 -0.0222661
121
1
1.07954 2.23549 -1.41477
-0.0143413 0.0226461 -0.0224092
122
1
1.10769 2.19077 -1.37041
-0.0125766 0.0224099 -0.0226032
123
1
1.13181 2.14654 -1.32593
-0.0112058 0.0220257 -0.0222091
124
1
1.15245 2.10253 -1.28224
-0.00959463 0.0217124 -0.0216156
125
1
1.16969 2.0591 -1.23919
-0.00775585 0.0215125 -0.0215798
126
1
1.18278 2.01615 -1.19645
-0.00548283 0.0215664 -0.0213265
127
1
1.19114 1.97326 -1.15435
-0.00287077 0.0219766 -0.0203289
128
1
1.19479 1.93043 -1.11305
-0.000524048 0.0222765 -0.0194545
129
1
1.19389 1.88835 -1.07206
0.00148958 0.0219274 -0.019336
130
1
1.18805 1.84777 -1.03097
0.00370369 0.0208985 -0.0196442
131
1
1.17715 1.80885 -0.989992
0.00622691 0.0195723 -0.019977
132
1
1.16178 1.7715 -0.949231
0.00856482 0.0182711 -0.0203412
133
1
1.14301 1.73574 -0.908303
0.0103592 0.0170348 -0.0208685
134
1
1.12147 1.70193 -0.866608
0.0116925 0.0158056 -0.0215259
135
1
1.09738 1.67022 -0.824022
0.0127994 0.014625 -0.022146
136
1
1.07083 1.64028 -0.780943
0.0138299 0.0136249 -0.0225564
137
1
1.0423 1.61148 -0.737747
0.014863 0.0128802 -0.0226727
138
1
1.01238 1.58354 -0.694417
0.0159427 0.0123654 -0.0224894
139
1
0.981375 1.5568 -0.650729
0.0170807 0.0119817 -0.0220504
140
1
0.948827 1.53209 -0.606767
0.0182406 0.0115825 -0.0214252
141
1
0.913975 1.51005 -0.563163
0.0193651 0.0110118 -0.0206803
142
1
0.876275 1.49082 -0.520879
0.0203752 0.0101685 -0.0198746
143
1
0.835895 1.47396 -0.480628
0.021192 0.00903327 -0.0190858
144
1
0.793684 1.45891 -0.442409
0.0217577 0.007669 -0.0184134
145
1
0.750839 1.4454 -0.40549
0.0220161 0.0062205 -0.0179471
146
1
0.708524 1.43354 -0.368858
0.0218928 0.00487019 -0.0177442
147
1
0.667756 1.42366 -0.331712
0.0213135 0.00373397 -0.0178148
148
1
0.629359 1.41591 -0.293654
0.0202367 0.00287135 -0.0181329
149
1
0.594144 1.41012 -0.254541
0.0186488 0.00225532 -0.0186538
150
1
0.562906 1.4059 -0.214331
0.0165515 0.00181921 -0.0193178
151
1
0.536352 1.40284 -0.173055
0.0139671 0.00149389 -0.0200469
152
1
0.515136 1.40064 -0.130778
0.0109368 0.00119378 -0.0207486
153
1
0.499746 1.3991 -0.0876643
0.00752458 0.000853231 -0.0213301
154
1
0.49041 1.39818 -0.0439703
0.00383294 0.000449089 -0.0217208
155
1
0.487265 1.39782 -8.81096e-016
6.0889e-017 1.19818e-016 -0.0218619
156
1
0.49041 1.39818 0.0439703
-0.00383294 -0.000449089 -0.0217208
157
1
0.499746 1.3991 0.0876643
-0.00752458 -0.000853231 -0.0213301
158
1
0.515136 1.40064 0.130778
-0.0109368 -0.00119378 -0.0207486
159
1
0.536352 1.40284 0.173055
-0.0139671 -0.00149389 -0.0200469
160
1
0.562906 1.4059 0.214331
-0.0165515 -0.00181921 -0.0193178
161
1
0.594144 1.41012 0.254541
-0.0186488 -0.00225532 -0.0186538
162
1
0.629359 1.41591 0.293654
-0.0202367 -0.00287135 -0.0181329
163
1
0.667756 1.42366 0.331712
-0.0213135 -0.00373397 -0.0178148
164
1
0.708524 1.43354 0.368858
-0.0218928 -0.00487019 -0.0177442
165
1
0.750839 1.4454 0.40549
-0.0220161 -0.0062205 -0.0179471
166
1
0.793684 1.45891 0.442409
-0.0217577 -0.007669 -0.0184134
167
1
0.835895 1.47396 0.480628
-0.021192 -0.00903327 -0.0190858
168
1
0.876275 1.49082 0.520879
-0.0203752 -0.0101685 -0.0198746
169
1
0.913975 1.51005 0.563163
-0.0193651 -0.0110118 -0.0206803
170
1
0.948827 1.53209 0.606767
-0.0182406 -0.0115825 -0.0214252
171
1
0.981375 1.5568 0.650729
-0.0170807 -0.0119817 -0.0220504
172
1
1.01238 1.58354 0.694417
-0.0159427 -0.0123654 -0.0224894
173
1
1.0423 1.61148 0.737747
-0.014863 -0.0128802 -0.0226727
174
1
1.07083 1.64028 0.780943
-0.0138299 -0.0136249 -0.0225564
175
1
1.09738 1.67022 0.824022
-0.0127994 -0.014625 -0.022146
176
1
1.12147 1.70193 0.866608
-0.0116925 -0.0158056 -0.0215259
177
1
1.14301 1.73574 0.908303
-0.0103592 -0.0170348 -0.0208685
178
1
1.16178 1.7715 0.949231
-0.00856482 -0.0182711 -0.0203412
179
1
1.17715 1.80885 0.989992
-0.00622691 -0.0195723 -0.019977
180
1
1.18805 1.84777 1.03097
-0.00370369 -0.0208985 -0.0196442
181
1
1.19389 1.88835 1.07206
-0.00148958 -0.0219274 -0.019336
182
1
1.19479 1.93043 1.11305
0.000524048 -0.0222765 -0.0194545
183
1
1.19114 1.97326 1.15435
0.00287077 -0.0219766 -0.0203289
184
1
1.18278 2.01615 1.19645
0.00548283 -0.0215664 -0.0213265
185
1
1.16969 2.0591 1.23919
0.00775585 -0.0215125 -0.0215798
186
1
1.15245 2.10253 1.28224
0.00959463 -0.0217124 -0.0216156
187
1
1.13181 2.14654 1.32593
0.0112058 -0.0220257 -0.0222091
188
1
1.10769 2.19077 1.37041
0.0125766 -0.0224099 -0.0226032
189
1
1.07954 2.23549 1.41477
0.0143413 -0.0226461 -0.0224092
190
1
1.04707 2.2809 1.45881
0.0171291 -0.0227605 -0.0222661
191
1
1.00918 2.32645 1.50256
0.0201225 -0.0228407 -0.0220792
192
1
0.964949 2.3718 1.54553
0.0239818 -0.0228008 -0.0218119
193
1
0.91378 2.41705 1.58795
0.0282769 -0.0226829 -0.0212915
