194
0
1
0.538839 10.4227 1.55061
0.0242537 0.0365287 -0.0347538
1
1
0.488349 10.3532 1.61137
0.0289022 0.0297773 -0.0273789
2
1
0.427003 10.2807 1.66338
0.0324261 0.0375028 -0.023655
3
1
0.359735 10.1959 1.70727
0.0389196 0.0474888 -0.0212016
4
1
0.305111 10.1056 1.73486
0.018494 0.0441713 -0.00264569
5
1
0.269922 10.011 1.74833
0.0116362 0.0335787 -0.000253305
6
1
0.24078 9.90063 1.78252
-0.00186234 0.0634155 -0.0244807
7
1
0.139354 9.77643 1.83465
0.0674557 0.0197939 -0.0147388
8
1
0.368969 6.09036 0.0550278
-0.0172483 -0.0462916 -0.00949659
9
1
0.323723 13.0948 0.0786461
0.0522159 0.00334255 0.00839877
10
1
-0.323766 13.095 0.0783046
0.0521811 -0.00337982 -0.0083229
11
1
-0.36955 6.09086 0.0554961
-0.0173348 0.0460608 0.0088069
12
1
-0.139355 9.77643 1.83465
0.0674556 -0.0197938 0.0147389
13
1
-0.240781 9.90063 1.78252
-0.00186226 -0.0634155 0.0244806
14
1
-0.269923 10.011 1.74833
0.0116362 -0.0335788 0.000253295
15
1
-0.305113 10.1056 1.73486
0.018494 -0.0441713 0.00264573
16
1
-0.359736 10.1959 1.70727
0.0389196 -0.0474887 0.0212016
17
1
-0.427004 10.2807 1.66338
0.032426 -0.0375028 0.0236551
18
1
-0.48835 10.3532 1.61137
0.0289022 -0.0297773 0.0273789
19
1
-0.53884 10.4227 1.55061
0.0242537 -0.0365287 0.0347539
20
1
-0.578354 10.4915 1.48695
0.0205585 -0.035381 0.0354928
21
1
-0.609739 10.5622 1.42134
0.0116964 -0.0313166 0.0277224
22
1
-0.627409 10.6327 1.35546
0.00312045 -0.0424457 0.034219
23
1
-0.635543 10.7012 1.28787
0.00111672 -0.0368845 0.0353128
24
1
-0.639441 10.761 1.22419
0.000134138 -0.021265 0.0252479
25
1
-0.640777 10.8142 1.16875
-1.16999e-005 -0.0235458 0.0269219
26
1
-0.639403 10.8651 1.11639
-0.00153053 -0.0261689 0.0265461
27
1
-0.635195 10.913 1.06532
-0.00343932 -0.0222045 0.0236695
28
1
-0.629125 10.9587 1.01428
-0.00329052 -0.0187009 0.0233299
29
1
-0.624624 11.0036 0.962028
-0.0014946 -0.0202328 0.0289136
30
1
-0.622483 11.0473 0.912283
-0.00167471 -0.0194843 0.0219512
31
1
-0.620033 11.0921 0.866605
-0.00142397 -0.0212197 0.0187141
32
1
-0.617181 11.1415 0.824441
-0.00131979 -0.0268364 0.0224341
33
1
-0.61471 11.1929 0.786289
-0.00223703 -0.0298506 0.020767
34
1
-0.612119 11.2446 0.7513
-0.00157793 -0.0291145 0.0170474
35
1
-0.609204 11.2981 0.71824
-0.00108417 -0.0276022 0.0170632
36
1
-0.605223 11.3508 0.687173
-0.00292603 -0.0261704 0.0155476
37
1
-0.600663 11.4023 0.659833
-0.00389007 -0.026315 0.0133399
38
1
-0.596528 11.4528 0.635934
-0.00255638 -0.0240267 0.0108478
39
1
-0.594708 11.5007 0.615287
-0.00123566 -0.0192075 0.00758087
40
1
-0.595363 11.5447 0.598036
-0.000286291 -0.0190695 0.00552006
41
1
-0.598132 11.5869 0.583194
0.00179973 -0.0209644 0.004602
42
1
-0.603801 11.6291 0.568771
0.00284474 -0.0201209 0.00557659
43
1
-0.612364 11.671 0.55426
0.00306556 -0.0201503 0.00711951
44
1
-0.623582 11.713 0.538778
0.00582591 -0.0232131 0.00805437
45
1
-0.638156 11.756 0.522052
0.0103316 -0.0233547 0.00819841
46
1
-0.65631 11.7984 0.502914
0.0109509 -0.0197107 0.00752142
47
1
-0.676227 11.8384 0.481554
0.0112344 -0.0198768 0.00821155
48
1
-0.698055 11.8758 0.456096
0.0131515 -0.0210508 0.0128186
49
1
-0.721202 11.9092 0.427262
0.0125633 -0.0181563 0.0155714
50
1
-0.744446 11.9375 0.394709
0.0112324 -0.0142689 0.015639
51
1
-0.767744 11.9615 0.357377
0.0114686 -0.0115053 0.0203951
52
1
-0.790951 11.9808 0.31503
0.0117004 -0.00721594 0.0263062
53
1
-0.813072 11.9946 0.267761
0.0125585 -0.0034575 0.029137
54
1
-0.832576 12.0037 0.216625
0.0118613 -0.00228424 0.0298056
55
1
-0.847964 12.0094 0.162823
0.00669803 -0.000162187 0.0299611
56
1
-0.858386 12.0125 0.108754
0.00477695 0.000308724 0.0290364
57
1
-0.864351 12.0141 0.053693
0.00317963 0.000121656 0.0275013
58
1
-0.866245 12.0143 2.38778e-007
3.79842e-008 4.52799e-008 0.0268438
59
1
-0.864351 12.0141 -0.0536925
-0.00317955 -0.00012156 0.0275013
60
1
-0.858386 12.0125 -0.108753
-0.00477687 -0.000308626 0.0290364
61
1
-0.847964 12.0094 -0.162823
-0.00669796 0.000162285 0.0299612
62
1
-0.832577 12.0037 -0.216625
-0.0118612 0.00228435 0.0298056
63
1
-0.813072 11.9946 -0.267761
-0.0125585 0.00345761 0.0291371
64
1
-0.790951 11.9808 -0.31503
-0.0117004 0.00721602 0.0263062
65
1
-0.767744 11.9615 -0.357377
-0.0114686 0.0115054 0.0203951
66
1
-0.744446 11.9375 -0.394709
-0.0112324 0.0142689 0.015639
67
1
-0.721202 11.9092 -0.427262
-0.0125634 0.0181563 0.0155714
68
1
-0.698055 11.8758 -0.456096
-0.0131516 0.0210508 0.0128186
69
1
-0.676227 11.8384 -0.481554
-0.0112344 0.0198768 0.00821156
70
1
-0.65631 11.7984 -0.502915
-0.0109509 0.0197107 0.00752142
71
1
-0.638156 11.756 -0.522053
-0.0103316 0.0233547 0.00819841
72
1
-0.623582 11.713 -0.538778
-0.00582594 0.023213 0.00805436
73
1
-0.612364 11.671 -0.55426
-0.00306558 0.0201502 0.00711951
74
1
-0.603801 11.6291 -0.568771
-0.00284476 0.0201209 0.00557659
75
1
-0.598132 11.5869 -0.583194
-0.00179975 0.0209644 0.004602
76
1
-0.595363 11.5447 -0.598036
0.000286276 0.0190695 0.00552006
77
1
-0.594707 11.5007 -0.615287
0.00123564 0.0192075 0.00758087
78
1
-0.596528 11.4528 -0.635934
0.00255636 0.0240267 0.0108478
79
1
-0.600662 11.4023 -0.659833
0.00389006 0.026315 0.0133399
80
1
-0.605223 11.3508 -0.687173
0.00292601 0.0261704 0.0155476
81
1
-0.609204 11.2981 -0.71824
0.00108415 0.0276021 0.0170632
82
1
-0.612118 11.2446 -0.7513
0.00157791 0.0291145 0.0170474
83
1
-0.614709 11.1929 -0.78629
0.00223701 0.0298505 0.020767
84
1
-0.61718 11.1415 -0.824441
0.00131977 0.0268364 0.0224341
85
1
-0.620032 11.0921 -0.866606
0.00142396 0.0212197 0.0187141
86
1
-0.622483 11.0473 -0.912284
0.0016747 0.0194842 0.0219512
87
1
-0.624623 11.0036 -0.962029
0.00149459 0.0202328 0.0289136
88
1
-0.629124 10.9587 -1.01428
0.00329051 0.0187009 0.0233299
89
1
-0.635194 10.913 -1.06532
0.0034393 0.0222045 0.0236695
90
1
-0.639403 10.8651 -1.11639
0.00153051 0.0261688 0.0265461
91
1
-0.640777 10.8142 -1.16875
1.16872e-005 0.0235458 0.0269219
92
1
-0.63944 10.761 -1.22419
-0.000134149 0.021265 0.0252479
93
1
-0.635542 10.7012 -1.28787
-0.00111674 0.0368845 0.0353128
94
1
-0.627408 10.6327 -1.35546
-0.00312048 0.0424457 0.034219
95
1
-0.609738 10.5622 -1.42135
-0.0116964 0.0313166 0.0277224
96
1
-0.578353 10.4915 -1.48695
-0.0205585 0.035381 0.0354928
97
1
-0.538839 10.4227 -1.55061
-0.0242537 0.0365287 0.0347538
98
1
-0.488349 10.3532 -1.61137
-0.0289022 0.0297773 0.0273789
99
1
-0.427003 10.2807 -1.66338
-0.0324261 0.0375028 0.023655
100
1
-0.359735 10.1959 -1.70727
-0.0389196 0.0474888 0.0212016
101
1
-0.305111 10.1056 -1.73486
-0.018494 0.0441713 0.00264569
102
1
-0.269922 10.011 -1.74833
-0.0116362 0.0335787 0.000253305
103
1
-0.24078 9.90063 -1.78252
0.00186234 0.0634155 0.0244807
104
1
-0.139354 9.77643 -1.83465
-0.0674557 0.0197939 0.0147388
105
1
-0.368966 6.09036 -0.055027
0.0172479 -0.0462921 0.00949776
106
1
-0.323723 13.0948 -0.0786465
-0.0522159 0.00334251 -0.00839885
107
1
0.323765 13.095 -0.0783049
-0.0521811 -0.00337978 0.00832299
108
1
0.369547 6.09086 -0.0554953
0.0173344 0.0460613 -0.00880806
109
1
0.139355 9.77643 -1.83465
-0.0674556 -0.0197938 -0.0147389
110
1
0.240781 9.90063 -1.78252
0.00186225 -0.0634155 -0.0244806
111
1
0.269923 10.011 -1.74833
-0.0116362 -0.0335788 -0.000253295
112
1
0.305113 10.1056 -1.73486
-0.018494 -0.0441713 -0.00264573
113
1
0.359736 10.1959 -1.70727
-0.0389196 -0.0474887 -0.0212016
114
1
0.427004 10.2807 -1.66338
-0.032426 -0.0375028 -0.0236551
115
1
0.48835 10.3532 -1.61137
-0.0289022 -0.0297773 -0.0273789
116
1
0.53884 10.4227 -1.55061
-0.0242537 -0.0365287 -0.0347539
117
1
0.578354 10.4915 -1.48695
-0.0205585 -0.035381 -0.0354928
118
1
0.609739 10.5622 -1.42134
-0.0116964 -0.0313166 -0.0277224
119
1
0.627409 10.6327 -1.35546
-0.00312045 -0.0424457 -0.034219
120
1
0.635543 10.7012 -1.28787
-0.00111672 -0.0368845 -0.0353128
121
1
0.639441 10.761 -1.22419
-0.000134137 -0.021265 -0.0252479
122
1
0.640777 10.8142 -1.16875
1.17001e-005 -0.0235458 -0.0269219
123
1
0.639403 10.8651 -1.11639
0.00153053 -0.0261689 -0.0265461
124
1
0.635195 10.913 -1.06532
0.00343932 -0.0222045 -0.0236695
125
1
0.629125 10.9587 -1.01428
0.00329052 -0.0187009 -0.0233299
126
1
0.624624 11.0036 -0.962028
0.0014946 -0.0202328 -0.0289136
127
1
0.622483 11.0473 -0.912284
0.00167471 -0.0194843 -0.0219512
128
1
0.620033 11.0921 -0.866605
0.00142397 -0.0212197 -0.0187141
129
1
0.617181 11.1415 -0.824441
0.00131979 -0.0268364 -0.0224341
130
1
0.61471 11.1929 -0.786289
0.00223703 -0.0298506 -0.020767
131
1
0.612119 11.2446 -0.7513
0.00157793 -0.0291145 -0.0170474
132
1
0.609204 11.2981 -0.71824
0.00108417 -0.0276022 -0.0170632
133
1
0.605223 11.3508 -0.687173
0.00292603 -0.0261704 -0.0155476
134
1
0.600663 11.4023 -0.659833
0.00389007 -0.026315 -0.0133399
135
1
0.596528 11.4528 -0.635934
0.00255638 -0.0240267 -0.0108478
136
1
0.594708 11.5007 -0.615287
0.00123566 -0.0192075 -0.00758087
137
1
0.595363 11.5447 -0.598036
0.000286291 -0.0190695 -0.00552006
138
1
0.598132 11.5869 -0.583194
-0.00179973 -0.0209644 -0.004602
139
1
0.603801 11.6291 -0.568771
-0.00284474 -0.0201209 -0.00557659
140
1
0.612364 11.671 -0.55426
-0.00306556 -0.0201503 -0.00711951
141
1
0.623582 11.713 -0.538778
-0.00582591 -0.0232131 -0.00805437
142
1
0.638156 11.756 -0.522052
-0.0103316 -0.0233547 -0.00819841
143
1
0.65631 11.7984 -0.502914
-0.0109509 -0.0197107 -0.00752142
144
1
0.676227 11.8384 -0.481554
-0.0112344 -0.0198768 -0.00821155
145
1
0.698055 11.8758 -0.456096
-0.0131515 -0.0210508 -0.0128186
146
1
0.721202 11.9092 -0.427262
-0.0125633 -0.0181563 -0.0155714
147
1
0.744446 11.9375 -0.394709
-0.0112324 -0.0142689 -0.015639
148
1
0.767744 11.9615 -0.357377
-0.0114686 -0.0115053 -0.0203951
149
1
0.790951 11.9808 -0.31503
-0.0117004 -0.00721594 -0.0263062
150
1
0.813072 11.9946 -0.267761
-0.0125585 -0.0034575 -0.029137
151
1
0.832576 12.0037 -0.216625
-0.0118613 -0.00228424 -0.0298056
152
1
0.847964 12.0094 -0.162823
-0.00669803 -0.000162188 -0.0299611
153
1
0.858386 12.0125 -0.108754
-0.00477695 0.000308723 -0.0290364
154
1
0.864351 12.0141 -0.053693
-0.00317963 0.000121655 -0.0275013
155
1
0.866245 12.0143 -2.41203e-007
-3.77076e-008 4.44466e-008 -0.0268438
156
1
0.864351 12.0141 0.0536925
0.00317955 -0.000121561 -0.0275013
157
1
0.858386 12.0125 0.108753
0.00477687 -0.000308627 -0.0290364
158
1
0.847964 12.0094 0.162823
0.00669796 0.000162284 -0.0299612
159
1
0.832577 12.0037 0.216625
0.0118612 0.00228435 -0.0298056
160
1
0.813072 11.9946 0.267761
0.0125585 0.00345761 -0.0291371
161
1
0.790951 11.9808 0.31503
0.0117004 0.00721602 -0.0263062
162
1
0.767744 11.9615 0.357377
0.0114686 0.0115054 -0.0203951
163
1
0.744446 11.9375 0.394709
0.0112324 0.0142689 -0.015639
164
1
0.721202 11.9092 0.427262
0.0125634 0.0181563 -0.0155714
165
1
0.698055 11.8758 0.456096
0.0131516 0.0210508 -0.0128186
166
1
0.676227 11.8384 0.481554
0.0112344 0.0198768 -0.00821156
167
1
0.65631 11.7984 0.502915
0.0109509 0.0197107 -0.00752142
168
1
0.638156 11.756 0.522053
0.0103316 0.0233547 -0.00819841
169
1
0.623582 11.713 0.538778
0.00582594 0.023213 -0.00805436
170
1
0.612364 11.671 0.55426
0.00306558 0.0201502 -0.00711951
171
1
0.603801 11.6291 0.568771
0.00284476 0.0201209 -0.00557659
172
1
0.598132 11.5869 0.583194
0.00179975 0.0209644 -0.004602
173
1
0.595363 11.5447 0.598036
-0.000286276 0.0190695 -0.00552006
174
1
0.594707 11.5007 0.615287
-0.00123564 0.0192075 -0.00758087
175
1
0.596528 11.4528 0.635934
-0.00255636 0.0240267 -0.0108478
176
1
0.600662 11.4023 0.659833
-0.00389006 0.026315 -0.0133399
177
1
0.605223 11.3508 0.687173
-0.00292601 0.0261704 -0.0155476
178
1
0.609204 11.2981 0.71824
-0.00108415 0.0276021 -0.0170632
179
1
0.612118 11.2446 0.7513
-0.00157791 0.0291145 -0.0170474
180
1
0.614709 11.1929 0.78629
-0.00223701 0.0298505 -0.020767
181
1
0.61718 11.1415 0.824441
-0.00131977 0.0268364 -0.0224341
182
1
0.620032 11.0921 0.866606
-0.00142396 0.0212197 -0.0187141
183
1
0.622483 11.0473 0.912284
-0.0016747 0.0194842 -0.0219512
184
1
0.624623 11.0036 0.962029
-0.00149459 0.0202328 -0.0289136
185
1
0.629124 10.9587 1.01428
-0.00329051 0.0187009 -0.0233299
186
1
0.635194 10.913 1.06532
-0.0034393 0.0222045 -0.0236695
187
1
0.639403 10.8651 1.11639
-0.00153051 0.0261688 -0.0265461
188
1
0.640777 10.8142 1.16875
-1.1687e-005 0.0235458 -0.0269219
189
1
0.63944 10.761 1.22419
0.00013415 0.021265 -0.0252479
190
1
0.635542 10.7012 1.28787
0.00111674 0.0368845 -0.0353128
191
1
0.627408 10.6327 1.35546
0.00312048 0.0424457 -0.034219
192
1
0.609738 10.5622 1.42135
0.0116964 0.0313166 -0.0277224
193
1
0.578353 10.4915 1.48695
0.0205585 0.035381 -0.0354928
