194
0
1
1.38609 7.92334 0.679973
0.0531677 0.0203037 0.00251819
1
1
1.28296 7.88203 0.672316
0.053055 0.0194504 0.00491766
2
1
1.17336 7.83847 0.65713
0.0568579 0.0217014 0.0103245
3
1
1.06062 7.79589 0.62714
0.0568615 0.0209252 0.0188302
4
1
0.944346 7.75424 0.575301
0.0561563 0.0213592 0.0320969
5
1
0.821872 7.7129 0.500402
0.0595284 0.0211369 0.0452055
6
1
0.692327 7.67397 0.384757
0.0529289 0.014759 0.0552499
7
1
0.548368 7.61951 0.199596
0.0381357 0.0203093 0.0648464
8
1
0.665797 5.94255 0.0681191
0.021712 -0.0392701 -0.0108972
9
1
0.0478812 10.6511 0.694551
0.000759524 -0.0143694 -0.0765819
10
1
-0.0478812 10.6511 0.694551
0.000759524 0.0143694 0.0765819
11
1
-0.665799 5.94255 0.0681163
0.0217118 0.03927 0.0108974
12
1
-0.548368 7.61951 0.199596
0.0381357 -0.0203093 -0.0648463
13
1
-0.692327 7.67397 0.384757
0.0529289 -0.014759 -0.0552499
14
1
-0.821872 7.7129 0.500402
0.0595284 -0.0211369 -0.0452055
15
1
-0.944346 7.75424 0.575301
0.0561563 -0.0213592 -0.0320969
16
1
-1.06062 7.79589 0.62714
0.0568615 -0.0209252 -0.0188302
17
1
-1.17336 7.83847 0.65713
0.0568579 -0.0217014 -0.0103245
18
1
-1.28296 7.88203 0.672316
0.053055 -0.0194504 -0.00491766
19
1
-1.38609 7.92334 0.679973
0.0531677 -0.0203037 -0.00251819
20
1
-1.48064 7.96259 0.68468
0.043855 -0.0207575 -0.00119326
21
1
-1.56794 8.00005 0.688412
0.0405513 -0.0193048 -0.000606373
22
1
-1.64896 8.03464 0.690905
0.0400115 -0.0182448 -0.000216483
23
1
-1.72716 8.06724 0.692186
0.0365847 -0.0165335 -0.000104116
24
1
-1.80244 8.09728 0.691973
0.0360172 -0.0151866 0.000683995
25
1
-1.87486 8.12392 0.69002
0.0361143 -0.0139509 0.00210216
26
1
-1.94487 8.14728 0.686798
0.0327064 -0.0112825 0.00180016
27
1
-2.01178 8.16734 0.683042
0.0312689 -0.00928829 0.00136645
28
1
-2.07666 8.18431 0.678875
0.0323333 -0.00822153 0.0020288
29
1
-2.14094 8.1982 0.673854
0.032212 -0.00650302 0.00293048
30
1
-2.2043 8.20845 0.667848
0.031581 -0.00401476 0.00309826
31
1
-2.26704 8.21455 0.660773
0.0314733 -0.00200518 0.00360689
32
1
-2.32897 8.21678 0.652074
0.0308667 -0.000306116 0.00487801
33
1
-2.3892 8.21574 0.641297
0.0304636 0.00135775 0.00615933
34
1
-2.44772 8.21158 0.628658
0.0297476 0.00287869 0.00698924
35
1
-2.50443 8.20416 0.615019
0.0273189 0.00468931 0.00726599
36
1
-2.55887 8.19386 0.601047
0.025685 0.00646331 0.00729926
37
1
-2.61197 8.18052 0.586194
0.026125 0.0075185 0.00767018
38
1
-2.66443 8.16418 0.57044
0.0259865 0.00885889 0.00790034
39
1
-2.71598 8.14538 0.554237
0.0246561 0.0107748 0.00766832
40
1
-2.76598 8.12454 0.537451
0.0245127 0.0118857 0.00813094
41
1
-2.81443 8.10226 0.519699
0.0243907 0.0119768 0.00909661
42
1
-2.86164 8.07924 0.501317
0.0231303 0.0122906 0.00936338
43
1
-2.9077 8.05562 0.481812
0.0229247 0.0128938 0.00975308
44
1
-2.95315 8.03161 0.460257
0.0231987 0.012757 0.0111902
45
1
-2.99848 8.00762 0.436088
0.0225324 0.0124806 0.0126668
46
1
-3.04349 7.98374 0.409276
0.0229985 0.0131486 0.0136693
47
1
-3.08808 7.96095 0.379832
0.0235329 0.0126716 0.0159144
48
1
-3.13179 7.94066 0.348432
0.0229811 0.0104638 0.0182165
49
1
-3.17326 7.92412 0.315661
0.0225465 0.00865333 0.0175573
50
1
-3.21197 7.91181 0.282573
0.0206854 0.00649402 0.015116
51
1
-3.24757 7.90429 0.249245
0.0186093 0.00294823 0.0149516
52
1
-3.2803 7.90171 0.215189
0.0180348 -0.000920685 0.0172476
53
1
-3.30988 7.90258 0.180237
0.0167397 -0.00307643 0.0185186
54
1
-3.3347 7.9054 0.144678
0.0132407 -0.00281165 0.0175203
55
1
-3.35386 7.90852 0.108901
0.00922599 -0.00267555 0.0173393
56
1
-3.36681 7.91085 0.0728058
0.0057147 -0.00281587 0.0181363
57
1
-3.37491 7.91298 0.0364462
0.00246169 -0.002001 0.0184322
58
1
-3.37778 7.91383 -4.46125e-009
-1.83078e-011 1.59171e-011 0.0183953
59
1
-3.37491 7.91298 -0.0364462
-0.00246169 0.002001 0.0184322
60
1
-3.36681 7.91085 -0.0728058
-0.0057147 0.00281587 0.0181363
61
1
-3.35386 7.90852 -0.108901
-0.00922599 0.00267555 0.0173393
62
1
-3.3347 7.9054 -0.144678
-0.0132407 0.00281165 0.0175203
63
1
-3.30988 7.90258 -0.180237
-0.0167397 0.00307643 0.0185186
64
1
-3.2803 7.90171 -0.215189
-0.0180348 0.000920685 0.0172476
65
1
-3.24757 7.90429 -0.249245
-0.0186093 -0.00294823 0.0149516
66
1
-3.21197 7.91181 -0.282573
-0.0206854 -0.00649402 0.015116
67
1
-3.17326 7.92412 -0.315661
-0.0225465 -0.00865333 0.0175573
68
1
-3.13179 7.94066 -0.348432
-0.0229811 -0.0104638 0.0182165
69
1
-3.08808 7.96095 -0.379832
-0.0235329 -0.0126716 0.0159144
70
1
-3.04349 7.98374 -0.409276
-0.0229985 -0.0131486 0.0136693
71
1
-2.99848 8.00762 -0.436088
-0.0225324 -0.0124806 0.0126668
72
1
-2.95315 8.03161 -0.460257
-0.0231987 -0.012757 0.0111902
73
1
-2.9077 8.05562 -0.481812
-0.0229247 -0.0128938 0.00975308
74
1
-2.86164 8.07924 -0.501317
-0.0231303 -0.0122906 0.00936338
75
1
-2.81443 8.10226 -0.519699
-0.0243907 -0.0119768 0.00909661
76
1
-2.76598 8.12454 -0.537451
-0.0245127 -0.0118857 0.00813094
77
1
-2.71598 8.14538 -0.554237
-0.0246561 -0.0107748 0.00766832
78
1
-2.66443 8.16418 -0.57044
-0.0259865 -0.00885889 0.00790034
79
1
-2.61197 8.18052 -0.586194
-0.026125 -0.0075185 0.00767018
80
1
-2.55887 8.19386 -0.601047
-0.025685 -0.00646331 0.00729926
81
1
-2.50443 8.20416 -0.615019
-0.0273189 -0.00468931 0.00726599
82
1
-2.44772 8.21158 -0.628658
-0.0297476 -0.00287869 0.00698924
83
1
-2.3892 8.21574 -0.641297
-0.0304636 -0.00135775 0.00615933
84
1
-2.32897 8.21678 -0.652074
-0.0308667 0.000306116 0.00487801
85
1
-2.26704 8.21455 -0.660773
-0.0314733 0.00200518 0.00360689
86
1
-2.2043 8.20845 -0.667848
-0.031581 0.00401476 0.00309826
87
1
-2.14094 8.1982 -0.673854
-0.032212 0.00650302 0.00293048
88
1
-2.07666 8.18431 -0.678875
-0.0323333 0.00822153 0.0020288
89
1
-2.01178 8.16734 -0.683042
-0.0312689 0.00928829 0.00136645
90
1
-1.94487 8.14728 -0.686798
-0.0327064 0.0112825 0.00180016
91
1
-1.87486 8.12392 -0.69002
-0.0361143 0.0139509 0.00210216
92
1
-1.80244 8.09728 -0.691973
-0.0360172 0.0151866 0.000683995
93
1
-1.72716 8.06724 -0.692186
-0.0365847 0.0165335 -0.000104116
94
1
-1.64896 8.03464 -0.690905
-0.0400115 0.0182448 -0.000216483
95
1
-1.56794 8.00005 -0.688412
-0.0405513 0.0193048 -0.000606373
96
1
-1.48064 7.96259 -0.68468
-0.043855 0.0207575 -0.00119326
97
1
-1.38609 7.92334 -0.679973
-0.0531677 0.0203037 -0.00251819
98
1
-1.28296 7.88203 -0.672316
-0.053055 0.0194504 -0.00491766
99
1
-1.17336 7.83847 -0.65713
-0.0568579 0.0217014 -0.0103245
100
1
-1.06062 7.79589 -0.62714
-0.0568615 0.0209252 -0.0188302
101
1
-0.944346 7.75424 -0.575301
-0.0561563 0.0213592 -0.0320969
102
1
-0.821872 7.7129 -0.500402
-0.0595284 0.0211369 -0.0452055
103
1
-0.692327 7.67397 -0.384757
-0.0529289 0.014759 -0.0552499
104
1
-0.548368 7.61951 -0.199596
-0.0381357 0.0203093 -0.0648464
105
1
-0.665797 5.94255 -0.0681189
-0.021712 -0.0392701 0.0108972
106
1
-0.0478812 10.6511 -0.694551
-0.000759524 -0.0143694 0.0765819
107
1
0.0478812 10.6511 -0.694551
-0.000759524 0.0143694 -0.0765819
108
1
0.665799 5.94255 -0.0681161
-0.0217118 0.03927 -0.0108974
109
1
0.548368 7.61951 -0.199596
-0.0381357 -0.0203093 0.0648463
110
1
0.692327 7.67397 -0.384757
-0.0529289 -0.014759 0.0552499
111
1
0.821872 7.7129 -0.500402
-0.0595284 -0.0211369 0.0452055
112
1
0.944346 7.75424 -0.575301
-0.0561563 -0.0213592 0.0320969
113
1
1.06062 7.79589 -0.62714
-0.0568615 -0.0209252 0.0188302
114
1
1.17336 7.83847 -0.65713
-0.0568579 -0.0217014 0.0103245
115
1
1.28296 7.88203 -0.672316
-0.053055 -0.0194504 0.00491766
116
1
1.38609 7.92334 -0.679973
-0.0531677 -0.0203037 0.00251819
117
1
1.48064 7.96259 -0.68468
-0.043855 -0.0207575 0.00119326
118
1
1.56794 8.00005 -0.688412
-0.0405513 -0.0193048 0.000606373
119
1
1.64896 8.03464 -0.690905
-0.0400115 -0.0182448 0.000216483
120
1
1.72716 8.06724 -0.692186
-0.0365847 -0.0165335 0.000104116
121
1
1.80244 8.09728 -0.691973
-0.0360172 -0.0151866 -0.000683995
122
1
1.87486 8.12392 -0.69002
-0.0361143 -0.0139509 -0.00210216
123
1
1.94487 8.14728 -0.686798
-0.0327064 -0.0112825 -0.00180016
124
1
2.01178 8.16734 -0.683042
-0.0312689 -0.00928829 -0.00136645
125
1
2.07666 8.18431 -0.678875
-0.0323333 -0.00822153 -0.0020288
126
1
2.14094 8.1982 -0.673854
-0.032212 -0.00650302 -0.00293048
127
1
2.2043 8.20845 -0.667848
-0.031581 -0.00401476 -0.00309826
128
1
2.26704 8.21455 -0.660773
-0.0314733 -0.00200518 -0.00360689
129
1
2.32897 8.21678 -0.652074
-0.0308667 -0.000306116 -0.00487801
130
1
2.3892 8.21574 -0.641297
-0.0304636 0.00135775 -0.00615933
131
1
2.44772 8.21158 -0.628658
-0.0297476 0.00287869 -0.00698924
132
1
2.50443 8.20416 -0.615019
-0.0273189 0.00468931 -0.00726599
133
1
2.55887 8.19386 -0.601047
-0.025685 0.00646331 -0.00729926
134
1
2.61197 8.18052 -0.586194
-0.026125 0.0075185 -0.00767018
135
1
2.66443 8.16418 -0.57044
-0.0259865 0.00885889 -0.00790034
136
1
2.71598 8.14538 -0.554237
-0.0246561 0.0107748 -0.00766832
137
1
2.76598 8.12454 -0.537451
-0.0245127 0.0118857 -0.00813094
138
1
2.81443 8.10226 -0.519699
-0.0243907 0.0119768 -0.00909661
139
1
2.86164 8.07924 -0.501317
-0.0231303 0.0122906 -0.00936338
140
1
2.9077 8.05562 -0.481812
-0.0229247 0.0128938 -0.00975308
141
1
2.95315 8.03161 -0.460257
-0.0231987 0.012757 -0.0111902
142
1
2.99848 8.00762 -0.436088
-0.0225324 0.0124806 -0.0126668
143
1
3.04349 7.98374 -0.409276
-0.0229985 0.0131486 -0.0136693
144
1
3.08808 7.96095 -0.379832
-0.0235329 0.0126716 -0.0159144
145
1
3.13179 7.94066 -0.348432
-0.0229811 0.0104638 -0.0182165
146
1
3.17326 7.92412 -0.315661
-0.0225465 0.00865333 -0.0175573
147
1
3.21197 7.91181 -0.282573
-0.0206854 0.00649402 -0.015116
148
1
3.24757 7.90429 -0.249245
-0.0186093 0.00294823 -0.0149516
149
1
3.2803 7.90171 -0.215189
-0.0180348 -0.000920685 -0.0172476
150
1
3.30988 7.90258 -0.180237
-0.0167397 -0.00307643 -0.0185186
151
1
3.3347 7.9054 -0.144678
-0.0132407 -0.00281165 -0.0175203
152
1
3.35386 7.90852 -0.108901
-0.00922599 -0.00267555 -0.0173393
153
1
3.36681 7.91085 -0.0728058
-0.0057147 -0.00281587 -0.0181363
154
1
3.37491 7.91298 -0.0364462
-0.00246169 -0.002001 -0.0184322
155
1
3.37778 7.91383 4.52727e-009
1.73207e-011 1.50829e-011 -0.0183953
156
1
3.37491 7.91298 0.0364462
0.00246169 0.002001 -0.0184322
157
1
3.36681 7.91085 0.0728058
0.0057147 0.00281587 -0.0181363
158
1
3.35386 7.90852 0.108901
0.00922599 0.00267555 -0.0173393
159
1
3.3347 7.9054 0.144678
0.0132407 0.00281165 -0.0175203
160
1
3.30988 7.90258 0.180237
0.0167397 0.00307643 -0.0185186
161
1
3.2803 7.90171 0.215189
0.0180348 0.000920685 -0.0172476
162
1
3.24757 7.90429 0.249245
0.0186093 -0.00294823 -0.0149516
163
1
3.21197 7.91181 0.282573
0.0206854 -0.00649402 -0.015116
164
1
3.17326 7.92412 0.315661
0.0225465 -0.00865333 -0.0175573
165
1
3.13179 7.94066 0.348432
0.0229811 -0.0104638 -0.0182165
166
1
3.08808 7.96095 0.379832
0.0235329 -0.0126716 -0.0159144
167
1
3.04349 7.98374 0.409276
0.0229985 -0.0131486 -0.0136693
168
1
2.99848 8.00762 0.436088
0.0225324 -0.0124806 -0.0126668
169
1
2.95315 8.03161 0.460257
0.0231987 -0.012757 -0.0111902
170
1
2.9077 8.05562 0.481812
0.0229247 -0.0128938 -0.00975308
171
1
2.86164 8.07924 0.501317
0.0231303 -0.0122906 -0.00936338
172
1
2.81443 8.10226 0.519699
0.0243907 -0.0119768 -0.00909661
173
1
2.76598 8.12454 0.537451
0.0245127 -0.0118857 -0.00813094
174
1
2.71598 8.14538 0.554237
0.0246561 -0.0107748 -0.00766832
175
1
2.66443 8.16418 0.57044
0.0259865 -0.00885889 -0.00790034
176
1
2.61197 8.18052 0.586194
0.026125 -0.0075185 -0.00767018
177
1
2.55887 8.19386 0.601047
0.025685 -0.00646331 -0.00729926
178
1
2.50443 8.20416 0.615019
0.0273189 -0.00468931 -0.00726599
179
1
2.44772 8.21158 0.628658
0.0297476 -0.00287869 -0.00698924
180
1
2.3892 8.21574 0.641297
0.0304636 -0.00135775 -0.00615933
181
1
2.32897 8.21678 0.652074
0.0308667 0.000306116 -0.00487801
182
1
2.26704 8.21455 0.660773
0.0314733 0.00200518 -0.00360689
183
1
2.2043 8.20845 0.667848
0.031581 0.00401476 -0.00309826
184
1
2.14094 8.1982 0.673854
0.032212 0.00650302 -0.00293048
185
1
2.07666 8.18431 0.678875
0.0323333 0.00822153 -0.0020288
186
1
2.01178 8.16734 0.683042
0.0312689 0.00928829 -0.00136645
187
1
1.94487 8.14728 0.686798
0.0327064 0.0112825 -0.00180016
188
1
1.87486 8.12392 0.69002
0.0361143 0.0139509 -0.00210216
189
1
1.80244 8.09728 0.691973
0.0360172 0.0151866 -0.000683995
190
1
1.72716 8.06724 0.692186
0.0365847 0.0165335 0.000104116
191
1
1.64896 8.03464 0.690905
0.0400115 0.0182448 0.000216483
192
1
1.56794 8.00005 0.688412
0.0405513 0.0193048 0.000606373
193
1
1.48064 7.96259 0.68468
0.043855 0.0207575 0.00119326
