194
0
1
0.737022 11.584 2.29927
0.0118593 0.021887 -0.0359495
1
1
0.715802 11.5467 2.37467
0.00644883 0.00977839 -0.0293665
2
1
0.684972 11.5174 2.47405
0.0110854 0.0153977 -0.0715636
3
1
0.63698 11.4962 2.5706
0.0326014 0.0087259 -0.0395116
4
1
0.565844 11.48 2.64401
0.0434817 0.00595281 -0.026358
5
1
0.494123 11.466 2.70451
0.0238952 0.000533316 -0.0135197
6
1
0.372526 11.4267 2.80142
0.0522544 0.0249225 -0.0521555
7
1
0.174851 11.3835 2.94369
0.0666287 0.00538982 -0.0400428
8
1
0.179157 6.70753 0.0574477
-0.0412504 0.0278952 -0.00902155
9
1
1.82083 12.9924 0.0240022
-0.061778 0.00837512 0.0079886
10
1
-1.8222 13.0157 0.123834
-0.0635335 -0.0107559 -0.00667217
11
1
-0.179391 6.7076 0.0562336
-0.0411806 -0.0276494 0.00869757
12
1
-0.174693 11.3835 2.94371
0.0666327 -0.00539991 0.0400347
13
1
-0.372361 11.4267 2.80148
0.0522575 -0.0249324 0.0521476
14
1
-0.493952 11.4661 2.70459
0.0238942 -0.000538504 0.0135129
15
1
-0.565665 11.4801 2.64411
0.0434816 -0.00596215 0.0263442
16
1
-0.636793 11.4963 2.57072
0.0325992 -0.00872968 0.0394981
17
1
-0.684773 11.5175 2.47419
0.011079 -0.0153981 0.071554
18
1
-0.71559 11.5468 2.37484
0.00644262 -0.00977747 0.0293596
19
1
-0.736795 11.5841 2.29947
0.0118518 -0.0218841 0.0359356
20
1
-0.753366 11.6328 2.22087
0.00613973 -0.0335196 0.0422583
21
1
-0.763169 11.6764 2.13859
0.00584306 -0.0115685 0.0385653
22
1
-0.770568 11.7124 2.05668
0.0121678 -0.0172617 0.0493338
23
1
-0.76855 11.7498 1.98151
-0.00856023 -0.0207938 0.0321573
24
1
-0.753427 11.7865 1.92156
-0.0118682 -0.0124373 0.017567
25
1
-0.731699 11.8218 1.87408
-0.0148127 -0.0146576 0.0217043
26
1
-0.712096 11.8595 1.83167
-0.0134991 -0.0184795 0.0239011
27
1
-0.698568 11.9003 1.79508
-0.00548899 -0.0183552 0.0165282
28
1
-0.689903 11.9444 1.76496
-0.00283275 -0.0214625 0.00980104
29
1
-0.685085 11.9934 1.7388
0.00102802 -0.0291701 0.00722532
30
1
-0.686047 12.0433 1.71523
0.00345508 -0.0231429 0.00749001
31
1
-0.689312 12.0918 1.69114
0.00389221 -0.0209163 0.0100363
32
1
-0.695174 12.1403 1.66527
0.00500132 -0.0257709 0.0149116
33
1
-0.702199 12.1868 1.63879
0.00542704 -0.0233043 0.017108
34
1
-0.710495 12.2313 1.61335
0.00564328 -0.0211765 0.0137396
35
1
-0.717512 12.2765 1.58923
0.00641273 -0.0245179 0.0104687
36
1
-0.721556 12.3213 1.56757
0.0030802 -0.0227876 0.00936126
37
1
-0.719582 12.3641 1.54839
-0.00330125 -0.0211325 0.00839828
38
1
-0.711268 12.4063 1.53208
-0.00728715 -0.0212804 0.00563624
39
1
-0.697894 12.4458 1.51788
-0.00531218 -0.0164163 0.0041874
40
1
-0.681515 12.4807 1.50469
-0.00669865 -0.0136419 0.00437001
41
1
-0.6622 12.5113 1.49047
-0.0110586 -0.0134471 0.00436399
42
1
-0.640121 12.5386 1.47382
-0.0115517 -0.0121285 0.00597916
43
1
-0.615274 12.5636 1.45348
-0.0131349 -0.0115351 0.00994073
44
1
-0.588269 12.5876 1.42772
-0.0189782 -0.0113477 0.0169655
45
1
-0.557725 12.6085 1.39376
-0.019227 -0.00747056 0.0236126
46
1
-0.522904 12.6283 1.35349
-0.0161843 -0.00327254 0.0238573
47
1
-0.484182 12.6482 1.31176
-0.0195432 -0.00179317 0.0207887
48
1
-0.441545 12.676 1.27297
-0.0252449 -0.0103382 0.0192436
49
1
-0.406132 12.7183 1.23469
-0.034939 -0.0461457 0.0218725
50
1
-0.373045 12.7652 1.18288
-0.0151612 -0.0613687 0.0455618
51
1
-0.345698 12.8146 1.1262
-0.0124063 -0.0060931 0.0438894
52
1
-0.301862 12.8546 1.08401
-0.023472 -0.0150603 -0.000418054
53
1
-0.275745 12.8982 1.00182
0.00429808 -0.0487688 0.0451478
54
1
-0.223896 12.949 0.959613
-0.0316629 0.00154617 0.0289269
55
1
-0.19366 13.0018 0.887133
0.022599 -0.0250453 -0.00534283
56
1
-0.0719761 13.53 1.20102
-0.00361111 -0.00210814 0.0319235
57
1
-0.0259215 13.6892 0.124541
0.00720253 0.0300804 0.0403628
58
1
-0.0688927 14.4545 0.00143271
0.00191607 0.000385051 0.0776672
59
1
-0.026135 13.6891 -0.124696
-0.0073248 -0.0301538 0.0403607
60
1
-0.0881094 13.5242 -1.21771
-0.0119695 -0.0050542 0.0339929
61
1
-0.182277 13.0066 -0.882459
-0.0215888 0.0235059 -0.00154212
62
1
-0.215771 12.9563 -0.956531
0.0315973 0.00183899 0.023316
63
1
-0.270436 12.9092 -0.998063
-0.00229578 0.0475026 0.0410415
64
1
-0.299854 12.8656 -1.07938
0.0230454 0.0123552 -0.000456442
65
1
-0.343611 12.8261 -1.12145
0.0123941 0.00946497 0.0468622
66
1
-0.370991 12.775 -1.17973
0.0167591 0.0623245 0.0436651
67
1
-0.404632 12.7262 -1.23101
0.035745 0.0459038 0.0214031
68
1
-0.44128 12.6826 -1.26867
0.0254398 0.0108916 0.019376
69
1
-0.484492 12.6545 -1.30719
0.0196809 0.00253018 0.0205107
70
1
-0.523502 12.6339 -1.34832
0.0163152 0.00383978 0.0232991
71
1
-0.55858 12.6134 -1.38823
0.0193366 0.00791437 0.0232143
72
1
-0.589328 12.5916 -1.42219
0.0190555 0.0116638 0.0170072
73
1
-0.616443 12.5671 -1.44802
0.0131609 0.0117743 0.0101375
74
1
-0.641292 12.5416 -1.46853
0.0115095 0.0123254 0.00621164
75
1
-0.663344 12.5139 -1.48541
0.0109519 0.0136102 0.00460978
76
1
-0.682611 12.483 -1.4999
0.0066469 0.0138083 0.004595
77
1
-0.698914 12.4478 -1.51354
0.00525918 0.0165702 0.00442135
78
1
-0.712213 12.408 -1.52822
0.00717484 0.0213972 0.00592809
79
1
-0.720412 12.3655 -1.54504
0.00325656 0.0212658 0.00868456
80
1
-0.722278 12.3223 -1.56469
-0.00305232 0.02294 0.00962334
81
1
-0.718133 12.2774 -1.58681
-0.00636443 0.0246479 0.0107212
82
1
-0.711043 12.2319 -1.61136
-0.00562917 0.0212815 0.0139599
83
1
-0.702703 12.1873 -1.63719
-0.00543699 0.0233975 0.0173053
84
1
-0.695633 12.1407 -1.664
-0.00500606 0.025839 0.0150645
85
1
-0.689737 12.0921 -1.69014
-0.00389348 0.0209638 0.0101299
86
1
-0.686448 12.0435 -1.71443
-0.00345462 0.0231871 0.0075676
87
1
-0.685455 11.9936 -1.73815
-0.00103244 0.0292152 0.00729971
88
1
-0.690247 11.9445 -1.76442
0.00282117 0.0214956 0.00983912
89
1
-0.698897 11.9003 -1.79463
0.00547557 0.0183839 0.0165452
90
1
-0.712417 11.8595 -1.83129
0.0134866 0.0185049 0.023905
91
1
-0.732015 11.8218 -1.87374
0.0148078 0.0146777 0.0217066
92
1
-0.753734 11.7865 -1.92126
0.0118684 0.0124511 0.017573
93
1
-0.768843 11.7497 -1.98123
0.00855602 0.0208029 0.0321683
94
1
-0.770846 11.7123 -2.05642
-0.0121737 0.0172586 0.0493386
95
1
-0.763431 11.6764 -2.13835
-0.0058492 0.0115649 0.0385718
96
1
-0.75361 11.6328 -2.22065
-0.00614832 0.0335176 0.0422746
97
1
-0.737022 11.584 -2.29927
-0.0118593 0.021887 0.0359495
98
1
-0.715802 11.5467 -2.37467
-0.00644883 0.00977839 0.0293665
99
1
-0.684972 11.5174 -2.47405
-0.0110854 0.0153977 0.0715636
100
1
-0.63698 11.4962 -2.5706
-0.0326014 0.0087259 0.0395116
101
1
-0.565844 11.48 -2.64401
-0.0434817 0.00595281 0.026358
102
1
-0.494123 11.466 -2.70451
-0.0238952 0.000533317 0.0135197
103
1
-0.372526 11.4267 -2.80142
-0.0522544 0.0249225 0.0521556
104
1
-0.174851 11.3835 -2.94369
-0.0666287 0.00538982 0.0400428
105
1
-0.179155 6.70753 -0.0574561
0.0412504 0.0278961 0.00902144
106
1
-1.82082 12.9924 -0.0241786
0.06178 0.00837661 -0.00797406
107
1
1.82218 13.0158 -0.124007
0.0635355 -0.0107555 0.00665705
108
1
0.17939 6.7076 -0.056242
0.0411806 -0.0276503 -0.00869747
109
1
0.174693 11.3835 -2.94371
-0.0666327 -0.00539991 -0.0400347
110
1
0.372361 11.4267 -2.80148
-0.0522575 -0.0249324 -0.0521476
111
1
0.493952 11.4661 -2.70459
-0.0238942 -0.000538504 -0.0135129
112
1
0.565665 11.4801 -2.64411
-0.0434816 -0.00596215 -0.0263442
113
1
0.636793 11.4963 -2.57072
-0.0325992 -0.00872969 -0.0394981
114
1
0.684773 11.5175 -2.47419
-0.011079 -0.0153981 -0.071554
115
1
0.715589 11.5468 -2.37484
-0.00644262 -0.00977747 -0.0293596
116
1
0.736795 11.5841 -2.29947
-0.0118518 -0.0218841 -0.0359356
117
1
0.753366 11.6328 -2.22087
-0.00613973 -0.0335196 -0.0422583
118
1
0.763169 11.6764 -2.13859
-0.00584306 -0.0115685 -0.0385653
119
1
0.770568 11.7124 -2.05668
-0.0121677 -0.0172617 -0.0493338
120
1
0.76855 11.7498 -1.98151
0.00856024 -0.0207938 -0.0321573
121
1
0.753427 11.7865 -1.92156
0.0118682 -0.0124373 -0.017567
122
1
0.731699 11.8218 -1.87408
0.0148127 -0.0146576 -0.0217043
123
1
0.712096 11.8595 -1.83167
0.0134991 -0.0184795 -0.0239011
124
1
0.698568 11.9003 -1.79508
0.00548899 -0.0183552 -0.0165282
125
1
0.689903 11.9444 -1.76496
0.00283275 -0.0214625 -0.00980105
126
1
0.685085 11.9934 -1.7388
-0.00102801 -0.0291701 -0.00722533
127
1
0.686047 12.0433 -1.71523
-0.00345508 -0.0231429 -0.00749002
128
1
0.689312 12.0918 -1.69114
-0.0038922 -0.0209163 -0.0100363
129
1
0.695173 12.1403 -1.66527
-0.00500131 -0.0257709 -0.0149116
130
1
0.702199 12.1868 -1.63879
-0.00542703 -0.0233043 -0.017108
131
1
0.710495 12.2313 -1.61335
-0.00564326 -0.0211765 -0.0137396
132
1
0.717512 12.2765 -1.58923
-0.00641271 -0.0245179 -0.0104687
133
1
0.721556 12.3213 -1.56757
-0.00308017 -0.0227876 -0.0093613
134
1
0.719582 12.3641 -1.54839
0.00330127 -0.0211325 -0.00839832
135
1
0.711267 12.4063 -1.53208
0.00728716 -0.0212804 -0.00563629
136
1
0.697894 12.4458 -1.51788
0.00531219 -0.0164163 -0.00418744
137
1
0.681515 12.4807 -1.50469
0.00669866 -0.0136419 -0.00437005
138
1
0.6622 12.5113 -1.49047
0.0110586 -0.0134471 -0.00436403
139
1
0.640121 12.5386 -1.47382
0.0115516 -0.0121284 -0.0059792
140
1
0.615273 12.5636 -1.45348
0.0131348 -0.011535 -0.00994077
141
1
0.588269 12.5876 -1.42772
0.0189781 -0.0113476 -0.0169656
142
1
0.557725 12.6085 -1.39376
0.0192268 -0.0074705 -0.0236126
143
1
0.522904 12.6283 -1.35349
0.0161842 -0.0032725 -0.0238574
144
1
0.484183 12.6482 -1.31176
0.019543 -0.00179315 -0.0207887
145
1
0.441546 12.676 -1.27297
0.0252446 -0.0103382 -0.0192437
146
1
0.406134 12.7183 -1.23468
0.0349387 -0.0461456 -0.0218726
147
1
0.373047 12.7652 -1.18288
0.0151609 -0.061369 -0.0455614
148
1
0.3457 12.8146 -1.1262
0.0124058 -0.0060935 -0.0438896
149
1
0.301866 12.8546 -1.08401
0.0234715 -0.01506 0.000418093
150
1
0.275749 12.8982 -1.00181
-0.00429808 -0.0487692 -0.0451471
151
1
0.2239 12.949 -0.959612
0.0316629 0.00154527 -0.0289265
152
1
0.193665 13.0018 -0.887133
-0.0225987 -0.0250448 0.00534335
153
1
0.0719773 13.53 -1.20103
0.00361143 -0.00210948 -0.0319232
154
1
0.0259216 13.6892 -0.124542
-0.00720253 0.0300804 -0.0403628
155
1
0.0688928 14.4545 -0.00143021
-0.00191614 0.000385667 -0.0776672
156
1
0.0261351 13.6891 0.124695
0.0073248 -0.0301538 -0.0403607
157
1
0.0881096 13.5242 1.2177
0.0119702 -0.00505582 -0.0339932
158
1
0.18227 13.0066 0.882458
0.0215894 0.0235061 0.00154021
159
1
0.215764 12.9563 0.956533
-0.0315979 0.00183831 -0.0233151
160
1
0.27043 12.9092 0.998065
0.0022955 0.0475012 -0.0410415
161
1
0.299849 12.8656 1.07939
-0.0230458 0.0123551 0.000456354
162
1
0.343607 12.8261 1.12146
-0.0123946 0.00946494 -0.0468622
163
1
0.370988 12.775 1.17973
-0.0167598 0.0623243 -0.0436652
164
1
0.40463 12.7262 1.23102
-0.0357455 0.0459037 -0.021403
165
1
0.441279 12.6826 1.26868
-0.0254401 0.0108917 -0.0193759
166
1
0.484491 12.6545 1.30719
-0.0196812 0.00253026 -0.0205105
167
1
0.523501 12.6339 1.34832
-0.0163154 0.00383986 -0.023299
168
1
0.55858 12.6134 1.38823
-0.0193368 0.00791447 -0.0232142
169
1
0.589327 12.5916 1.42219
-0.0190556 0.0116639 -0.0170071
170
1
0.616443 12.5671 1.44802
-0.0131609 0.0117744 -0.0101374
171
1
0.641292 12.5416 1.46853
-0.0115095 0.0123254 -0.00621161
172
1
0.663345 12.5139 1.48541
-0.0109519 0.0136102 -0.00460975
173
1
0.682611 12.483 1.4999
-0.00664689 0.0138084 -0.00459498
174
1
0.698914 12.4478 1.51354
-0.00525917 0.0165702 -0.00442132
175
1
0.712213 12.408 1.52822
-0.00717482 0.0213972 -0.00592806
176
1
0.720412 12.3655 1.54504
-0.00325654 0.0212659 -0.00868453
177
1
0.722278 12.3223 1.56469
0.00305234 0.02294 -0.00962331
178
1
0.718133 12.2774 1.58681
0.00636445 0.0246479 -0.0107212
179
1
0.711043 12.2319 1.61136
0.00562919 0.0212815 -0.0139598
180
1
0.702703 12.1873 1.63719
0.005437 0.0233975 -0.0173053
181
1
0.695633 12.1407 1.664
0.00500607 0.025839 -0.0150645
182
1
0.689737 12.0921 1.69014
0.00389348 0.0209638 -0.0101299
183
1
0.686448 12.0435 1.71443
0.00345462 0.0231871 -0.00756758
184
1
0.685455 11.9936 1.73815
0.00103244 0.0292152 -0.00729969
185
1
0.690247 11.9445 1.76442
-0.00282117 0.0214956 -0.00983911
186
1
0.698897 11.9003 1.79463
-0.00547557 0.0183839 -0.0165452
187
1
0.712417 11.8595 1.83129
-0.0134866 0.0185049 -0.023905
188
1
0.732015 11.8218 1.87374
-0.0148078 0.0146777 -0.0217066
189
1
0.753734 11.7865 1.92126
-0.0118684 0.0124511 -0.017573
190
1
0.768843 11.7497 1.98123
-0.00855601 0.0208029 -0.0321683
191
1
0.770846 11.7123 2.05642
0.0121737 0.0172586 -0.0493386
192
1
0.763431 11.6764 2.13835
0.0058492 0.0115649 -0.0385718
193
1
0.75361 11.6328 2.22065
0.00614832 0.0335176 -0.0422746
