194
0
1
0.95113 3.57165 0.783992
0.0331469 -0.0273962 -0.0207666
1
1
0.881936 3.62315 0.823304
0.0377888 -0.0246871 -0.0205953
2
1
0.8032 3.67055 0.862244
0.0420901 -0.0220144 -0.0194198
3
1
0.715367 3.71306 0.899131
0.0468731 -0.0190297 -0.0181507
4
1
0.619411 3.7502 0.933398
0.0498621 -0.0163648 -0.0163009
5
1
0.516483 3.7819 0.963816
0.0527633 -0.0139841 -0.0135879
6
1
0.407938 3.80823 0.989749
0.0554269 -0.0116193 -0.0115047
7
1
0.29481 3.82844 1.01043
0.057488 -0.00820876 -0.00883639
8
1
0.178201 3.84133 1.02471
0.0588924 -0.00428283 -0.00555937
9
1
0.0596131 3.84758 1.03176
0.059612 -0.00144565 -0.00184189
10
1
-0.0596131 3.84758 1.03176
0.059612 0.00144565 0.00184189
11
1
-0.178201 3.84133 1.02471
0.0588924 0.00428283 0.00555937
12
1
-0.29481 3.82844 1.01043
0.057488 0.00820876 0.00883639
13
1
-0.407938 3.80823 0.989749
0.0554269 0.0116193 0.0115047
14
1
-0.516483 3.7819 0.963816
0.0527633 0.0139841 0.0135879
15
1
-0.619411 3.7502 0.933398
0.0498621 0.0163648 0.0163009
16
1
-0.715367 3.71306 0.899131
0.0468731 0.0190297 0.0181507
17
1
-0.8032 3.67055 0.862244
0.0420901 0.0220144 0.0194198
18
1
-0.881936 3.62315 0.823304
0.0377888 0.0246871 0.0205953
19
1
-0.95113 3.57165 0.783992
0.0331469 0.0273962 0.0207666
20
1
-1.01096 3.51754 0.746127
0.0277551 0.0280404 0.0195394
21
1
-1.06295 3.4617 0.711208
0.0239902 0.0279896 0.0180133
22
1
-1.10837 3.40531 0.680571
0.0206749 0.028067 0.0154111
23
1
-1.14859 3.34852 0.654885
0.0178264 0.0278584 0.0130682
24
1
-1.18434 3.29217 0.634752
0.0159369 0.0277956 0.00963632
25
1
-1.21646 3.23637 0.620558
0.014414 0.0276455 0.00597124
26
1
-1.24604 3.18158 0.612475
0.0127135 0.0268378 0.00274189
27
1
-1.27416 3.12853 0.609594
0.0121397 0.0258467 -0.000369806
28
1
-1.30173 3.07722 0.611526
0.0126332 0.0250444 -0.00326669
29
1
-1.33017 3.02812 0.61762
0.0130615 0.0238201 -0.0052276
30
1
-1.36043 2.98166 0.62625
0.013975 0.0223048 -0.006208
31
1
-1.39287 2.93771 0.636138
0.0158792 0.020993 -0.0065009
32
1
-1.4277 2.8961 0.646619
0.0177767 0.0198557 -0.0062314
33
1
-1.46512 2.85687 0.656926
0.0192516 0.0187083 -0.00544111
34
1
-1.50502 2.81985 0.665887
0.0207606 0.0175091 -0.00410735
35
1
-1.54688 2.78463 0.672773
0.0219364 0.0160145 -0.00252296
36
1
-1.59035 2.75109 0.67733
0.0224278 0.0143593 -0.00124543
37
1
-1.63563 2.71929 0.679193
0.0232484 0.0132589 2.61573e-005
38
1
-1.68293 2.68876 0.677432
0.024687 0.0132971 0.00190633
39
1
-1.73151 2.65868 0.671492
0.0252746 0.0143906 0.00391502
40
1
-1.77989 2.62856 0.662043
0.0245386 0.0155498 0.00523916
41
1
-1.82721 2.59865 0.650109
0.0235051 0.0158064 0.00610415
42
1
-1.8732 2.56914 0.635869
0.0227246 0.0153579 0.00713898
43
1
-1.91829 2.54029 0.618933
0.0222536 0.0150823 0.00861968
44
1
-1.96254 2.51161 0.598399
0.022029 0.0153233 0.0105144
45
1
-2.00631 2.48313 0.574012
0.0221175 0.0154 0.0125564
46
1
-2.04973 2.45602 0.545839
0.0222315 0.0144239 0.0146301
47
1
-2.09268 2.43205 0.514092
0.0219872 0.012335 0.0168669
48
1
-2.13463 2.4125 0.478702
0.0213473 0.0095819 0.0191832
49
1
-2.17468 2.3975 0.439735
0.0204584 0.00678355 0.0212117
50
1
-2.21184 2.38646 0.397678
0.0191068 0.00465211 0.0224375
51
1
-2.24577 2.37828 0.35327
0.0172512 0.00343448 0.0233946
52
1
-2.27629 2.37171 0.306695
0.0150301 0.00281784 0.0244808
53
1
-2.30306 2.3664 0.258236
0.0126867 0.00244551 0.0255427
54
1
-2.326 2.36199 0.208412
0.0102533 0.00213211 0.0263671
55
1
-2.34475 2.35831 0.157485
0.00756482 0.00175218 0.0269537
56
1
-2.3587 2.35526 0.105627
0.00470749 0.00118347 0.0271764
57
1
-2.36719 2.35319 0.0530117
0.0021285 0.000514459 0.0269969
58
1
-2.37018 2.35244 -1.18662e-015
-9.55836e-018 -3.18503e-016 0.0268351
59
1
-2.36719 2.35319 -0.0530117
-0.0021285 -0.000514459 0.0269969
60
1
-2.3587 2.35526 -0.105627
-0.00470749 -0.00118347 0.0271764
61
1
-2.34475 2.35831 -0.157485
-0.00756482 -0.00175218 0.0269537
62
1
-2.326 2.36199 -0.208412
-0.0102533 -0.00213211 0.0263671
63
1
-2.30306 2.3664 -0.258236
-0.0126867 -0.00244551 0.0255427
64
1
-2.27629 2.37171 -0.306695
-0.0150301 -0.00281784 0.0244808
65
1
-2.24577 2.37828 -0.35327
-0.0172512 -0.00343448 0.0233946
66
1
-2.21184 2.38646 -0.397678
-0.0191068 -0.00465211 0.0224375
67
1
-2.17468 2.3975 -0.439735
-0.0204584 -0.00678355 0.0212117
68
1
-2.13463 2.4125 -0.478702
-0.0213473 -0.0095819 0.0191832
69
1
-2.09268 2.43205 -0.514092
-0.0219872 -0.012335 0.0168669
70
1
-2.04973 2.45602 -0.545839
-0.0222315 -0.0144239 0.0146301
71
1
-2.00631 2.48313 -0.574012
-0.0221175 -0.0154 0.0125564
72
1
-1.96254 2.51161 -0.598399
-0.022029 -0.0153233 0.0105144
73
1
-1.91829 2.54029 -0.618933
-0.0222536 -0.0150823 0.00861968
74
1
-1.8732 2.56914 -0.635869
-0.0227246 -0.0153579 0.00713898
75
1
-1.82721 2.59865 -0.650109
-0.0235051 -0.0158064 0.00610415
76
1
-1.77989 2.62856 -0.662043
-0.0245386 -0.0155498 0.00523916
77
1
-1.73151 2.65868 -0.671492
-0.0252746 -0.0143906 0.00391502
78
1
-1.68293 2.68876 -0.677432
-0.024687 -0.0132971 0.00190633
79
1
-1.63563 2.71929 -0.679193
-0.0232484 -0.0132589 2.61573e-005
80
1
-1.59035 2.75109 -0.67733
-0.0224278 -0.0143593 -0.00124543
81
1
-1.54688 2.78463 -0.672773
-0.0219364 -0.0160145 -0.00252296
82
1
-1.50502 2.81985 -0.665887
-0.0207606 -0.0175091 -0.00410735
83
1
-1.46512 2.85687 -0.656926
-0.0192516 -0.0187083 -0.00544111
84
1
-1.4277 2.8961 -0.646619
-0.0177767 -0.0198557 -0.0062314
85
1
-1.39287 2.93771 -0.636138
-0.0158792 -0.020993 -0.0065009
86
1
-1.36043 2.98166 -0.62625
-0.013975 -0.0223048 -0.006208
87
1
-1.33017 3.02812 -0.61762
-0.0130615 -0.0238201 -0.0052276
88
1
-1.30173 3.07722 -0.611526
-0.0126332 -0.0250444 -0.00326669
89
1
-1.27416 3.12853 -0.609594
-0.0121397 -0.0258467 -0.000369806
90
1
-1.24604 3.18158 -0.612475
-0.0127135 -0.0268378 0.00274189
91
1
-1.21646 3.23637 -0.620558
-0.014414 -0.0276455 0.00597124
92
1
-1.18434 3.29217 -0.634752
-0.0159369 -0.0277956 0.00963632
93
1
-1.14859 3.34852 -0.654885
-0.0178264 -0.0278584 0.0130682
94
1
-1.10837 3.40531 -0.680571
-0.0206749 -0.028067 0.0154111
95
1
-1.06295 3.4617 -0.711208
-0.0239902 -0.0279896 0.0180133
96
1
-1.01096 3.51754 -0.746127
-0.0277551 -0.0280404 0.0195394
97
1
-0.95113 3.57165 -0.783992
-0.0331469 -0.0273962 0.0207666
98
1
-0.881936 3.62315 -0.823304
-0.0377888 -0.0246871 0.0205953
99
1
-0.8032 3.67055 -0.862244
-0.0420901 -0.0220144 0.0194198
100
1
-0.715367 3.71306 -0.899131
-0.0468731 -0.0190297 0.0181507
101
1
-0.619411 3.7502 -0.933398
-0.0498621 -0.0163648 0.0163009
102
1
-0.516483 3.7819 -0.963816
-0.0527633 -0.0139841 0.0135879
103
1
-0.407938 3.80823 -0.989749
-0.0554269 -0.0116193 0.0115047
104
1
-0.29481 3.82844 -1.01043
-0.057488 -0.00820876 0.00883639
105
1
-0.178201 3.84133 -1.02471
-0.0588924 -0.00428283 0.00555937
106
1
-0.0596131 3.84758 -1.03176
-0.059612 -0.00144565 0.00184189
107
1
0.0596131 3.84758 -1.03176
-0.059612 0.00144565 -0.00184189
108
1
0.178201 3.84133 -1.02471
-0.0588924 0.00428283 -0.00555937
109
1
0.29481 3.82844 -1.01043
-0.057488 0.00820876 -0.00883639
110
1
0.407938 3.80823 -0.989749
-0.0554269 0.0116193 -0.0115047
111
1
0.516483 3.7819 -0.963816
-0.0527633 0.0139841 -0.0135879
112
1
0.619411 3.7502 -0.933398
-0.0498621 0.0163648 -0.0163009
113
1
0.715367 3.71306 -0.899131
-0.0468731 0.0190297 -0.0181507
114
1
0.8032 3.67055 -0.862244
-0.0420901 0.0220144 -0.0194198
115
1
0.881936 3.62315 -0.823304
-0.0377888 0.0246871 -0.0205953
116
1
0.95113 3.57165 -0.783992
-0.0331469 0.0273962 -0.0207666
117
1
1.01096 3.51754 -0.746127
-0.0277551 0.0280404 -0.0195394
118
1
1.06295 3.4617 -0.711208
-0.0239902 0.0279896 -0.0180133
119
1
1.10837 3.40531 -0.680571
-0.0206749 0.028067 -0.0154111
120
1
1.14859 3.34852 -0.654885
-0.0178264 0.0278584 -0.0130682
121
1
1.18434 3.29217 -0.634752
-0.0159369 0.0277956 -0.00963632
122
1
1.21646 3.23637 -0.620558
-0.014414 0.0276455 -0.00597124
123
1
1.24604 3.18158 -0.612475
-0.0127135 0.0268378 -0.00274189
124
1
1.27416 3.12853 -0.609594
-0.0121397 0.0258467 0.000369806
125
1
1.30173 3.07722 -0.611526
-0.0126332 0.0250444 0.00326669
126
1
1.33017 3.02812 -0.61762
-0.0130615 0.0238201 0.0052276
127
1
1.36043 2.98166 -0.62625
-0.013975 0.0223048 0.006208
128
1
1.39287 2.93771 -0.636138
-0.0158792 0.020993 0.0065009
129
1
1.4277 2.8961 -0.646619
-0.0177767 0.0198557 0.0062314
130
1
1.46512 2.85687 -0.656926
-0.0192516 0.0187083 0.00544111
131
1
1.50502 2.81985 -0.665887
-0.0207606 0.0175091 0.00410735
132
1
1.54688 2.78463 -0.672773
-0.0219364 0.0160145 0.00252296
133
1
1.59035 2.75109 -0.67733
-0.0224278 0.0143593 0.00124543
134
1
1.63563 2.71929 -0.679193
-0.0232484 0.0132589 -2.61573e-005
135
1
1.68293 2.68876 -0.677432
-0.024687 0.0132971 -0.00190633
136
1
1.73151 2.65868 -0.671492
-0.0252746 0.0143906 -0.00391502
137
1
1.77989 2.62856 -0.662043
-0.0245386 0.0155498 -0.00523916
138
1
1.82721 2.59865 -0.650109
-0.0235051 0.0158064 -0.00610415
139
1
1.8732 2.56914 -0.635869
-0.0227246 0.0153579 -0.00713898
140
1
1.91829 2.54029 -0.618933
-0.0222536 0.0150823 -0.00861968
141
1
1.96254 2.51161 -0.598399
-0.022029 0.0153233 -0.0105144
142
1
2.00631 2.48313 -0.574012
-0.0221175 0.0154 -0.0125564
143
1
2.04973 2.45602 -0.545839
-0.0222315 0.0144239 -0.0146301
144
1
2.09268 2.43205 -0.514092
-0.0219872 0.012335 -0.0168669
145
1
2.13463 2.4125 -0.478702
-0.0213473 0.0095819 -0.0191832
146
1
2.17468 2.3975 -0.439735
-0.0204584 0.00678355 -0.0212117
147
1
2.21184 2.38646 -0.397678
-0.0191068 0.00465211 -0.0224375
148
1
2.24577 2.37828 -0.35327
-0.0172512 0.00343448 -0.0233946
149
1
2.27629 2.37171 -0.306695
-0.0150301 0.00281784 -0.0244808
150
1
2.30306 2.3664 -0.258236
-0.0126867 0.00244551 -0.0255427
151
1
2.326 2.36199 -0.208412
-0.0102533 0.00213211 -0.0263671
152
1
2.34475 2.35831 -0.157485
-0.00756482 0.00175218 -0.0269537
153
1
2.3587 2.35526 -0.105627
-0.00470749 0.00118347 -0.0271764
154
1
2.36719 2.35319 -0.0530117
-0.0021285 0.000514459 -0.0269969
155
1
2.37018 2.35244 -3.37015e-015
-4.56186e-016 2.61486e-016 -0.0268351
156
1
2.36719 2.35319 0.0530117
0.0021285 -0.000514459 -0.0269969
157
1
2.3587 2.35526 0.105627
0.00470749 -0.00118347 -0.0271764
158
1
2.34475 2.35831 0.157485
0.00756482 -0.00175218 -0.0269537
159
1
2.326 2.36199 0.208412
0.0102533 -0.00213211 -0.0263671
160
1
2.30306 2.3664 0.258236
0.0126867 -0.00244551 -0.0255427
161
1
2.27629 2.37171 0.306695
0.0150301 -0.00281784 -0.0244808
162
1
2.24577 2.37828 0.35327
0.0172512 -0.00343448 -0.0233946
163
1
2.21184 2.38646 0.397678
0.0191068 -0.00465211 -0.0224375
164
1
2.17468 2.3975 0.439735
0.0204584 -0.00678355 -0.0212117
165
1
2.13463 2.4125 0.478702
0.0213473 -0.0095819 -0.0191832
166
1
2.09268 2.43205 0.514092
0.0219872 -0.012335 -0.0168669
167
1
2.04973 2.45602 0.545839
0.0222315 -0.0144239 -0.0146301
168
1
2.00631 2.48313 0.574012
0.0221175 -0.0154 -0.0125564
169
1
1.96254 2.51161 0.598399
0.022029 -0.0153233 -0.0105144
170
1
1.91829 2.54029 0.618933
0.0222536 -0.0150823 -0.00861968
171
1
1.8732 2.56914 0.635869
0.0227246 -0.0153579 -0.00713898
172
1
1.82721 2.59865 0.650109
0.0235051 -0.0158064 -0.00610415
173
1
1.77989 2.62856 0.662043
0.0245386 -0.0155498 -0.00523916
174
1
1.73151 2.65868 0.671492
0.0252746 -0.0143906 -0.00391502
175
1
1.68293 2.68876 0.677432
0.024687 -0.0132971 -0.00190633
176
1
1.63563 2.71929 0.679193
0.0232484 -0.0132589 -2.61573e-005
177
1
1.59035 2.75109 0.67733
0.0224278 -0.0143593 0.00124543
178
1
1.54688 2.78463 0.672773
0.0219364 -0.0160145 0.00252296
179
1
1.50502 2.81985 0.665887
0.0207606 -0.0175091 0.00410735
180
1
1.46512 2.85687 0.656926
0.0192516 -0.0187083 0.00544111
181
1
1.4277 2.8961 0.646619
0.0177767 -0.0198557 0.0062314
182
1
1.39287 2.93771 0.636138
0.0158792 -0.020993 0.0065009
183
1
1.36043 2.98166 0.62625
0.013975 -0.0223048 0.006208
184
1
1.33017 3.02812 0.61762
0.0130615 -0.0238201 0.0052276
185
1
1.30173 3.07722 0.611526
0.0126332 -0.0250444 0.00326669
186
1
1.27416 3.12853 0.609594
0.0121397 -0.0258467 0.000369806
187
1
1.24604 3.18158 0.612475
0.0127135 -0.0268378 -0.00274189
188
1
1.21646 3.23637 0.620558
0.014414 -0.0276455 -0.00597124
189
1
1.18434 3.29217 0.634752
0.0159369 -0.0277956 -0.00963632
190
1
1.14859 3.34852 0.654885
0.0178264 -0.0278584 -0.0130682
191
1
1.10837 3.40531 0.680571
0.0206749 -0.028067 -0.0154111
192
1
1.06295 3.4617 0.711208
0.0239902 -0.0279896 -0.0180133
193
1
1.01096 3.51754 0.746127
0.0277551 -0.0280404 -0.0195394
