194
0
1
0.939231 5.34356 0.933634
0.03045 -0.0151305 0.0238191
1
1
0.88361 5.37606 0.881065
0.0251803 -0.0186583 0.029376
2
1
0.835989 5.41612 0.816008
0.0184001 -0.0241429 0.0360743
3
1
0.798812 5.46332 0.738824
0.0124309 -0.0258424 0.0431033
4
1
0.773291 5.51756 0.645899
0.00626599 -0.0280401 0.0510968
5
1
0.760212 5.57349 0.532898
0.00321953 -0.0266286 0.0650832
6
1
0.758378 5.62643 0.388236
-0.00205914 -0.0225363 0.0745636
7
1
0.767107 5.66879 0.182462
-0.00619269 -0.0116765 0.076793
8
1
0.653063 5.91403 0.0645415
0.0161114 -0.0123726 -0.0222948
9
1
0.0577713 6.70988 0.254394
0.00151984 0.0318042 -0.0711198
10
1
-0.0577713 6.70988 0.254394
0.00151984 -0.0318042 0.0711198
11
1
-0.653063 5.91403 0.0645415
0.0161114 0.0123726 0.0222948
12
1
-0.767107 5.66879 0.182462
-0.00619269 0.0116765 -0.076793
13
1
-0.758378 5.62643 0.388236
-0.00205914 0.0225363 -0.0745636
14
1
-0.760212 5.57349 0.532898
0.00321953 0.0266286 -0.0650832
15
1
-0.773291 5.51756 0.645899
0.00626599 0.0280401 -0.0510968
16
1
-0.798812 5.46332 0.738824
0.0124309 0.0258424 -0.0431033
17
1
-0.835989 5.41612 0.816008
0.0184001 0.0241429 -0.0360743
18
1
-0.88361 5.37606 0.881065
0.0251803 0.0186583 -0.029376
19
1
-0.939231 5.34356 0.933634
0.03045 0.0151305 -0.0238191
20
1
-1.00012 5.3175 0.974798
0.032847 0.0116 -0.0169194
21
1
-1.06346 5.29655 1.00677
0.0323251 0.00841224 -0.0125332
22
1
-1.12744 5.27895 1.03138
0.0333559 0.00783455 -0.00932369
23
1
-1.19217 5.26255 1.05053
0.032176 0.00726136 -0.00649358
24
1
-1.25673 5.2473 1.06499
0.0321459 0.00666417 -0.00505726
25
1
-1.32081 5.23366 1.07586
0.0324453 0.00648362 -0.00409111
26
1
-1.38409 5.22194 1.08439
0.0306143 0.0051876 -0.00382052
27
1
-1.44596 5.2122 1.09087
0.0301346 0.00424307 -0.00347902
28
1
-1.50671 5.20469 1.09562
0.0305298 0.00359186 -0.00276419
29
1
-1.56677 5.2003 1.0983
0.0295771 0.0017688 -0.00137551
30
1
-1.62597 5.19928 1.0991
0.0289661 -7.29294e-005 -0.000219985
31
1
-1.68444 5.20093 1.09883
0.0291477 -0.00108167 0.000219296
32
1
-1.74228 5.20419 1.09697
0.0287448 -0.00181713 0.00140199
33
1
-1.79932 5.20784 1.09224
0.0279875 -0.0022571 0.00387607
34
1
-1.85525 5.21127 1.08375
0.027584 -0.00242212 0.00586221
35
1
-1.90991 5.2146 1.07147
0.0267276 -0.00261947 0.00735105
36
1
-1.96301 5.21855 1.05514
0.0252366 -0.00268893 0.00929999
37
1
-2.01489 5.2233 1.03465
0.0245674 -0.00255787 0.0111945
38
1
-2.06664 5.2286 1.01054
0.0253137 -0.00259897 0.0127343
39
1
-2.11879 5.23431 0.983628
0.026141 -0.0028714 0.0141843
40
1
-2.17055 5.24028 0.954073
0.0261067 -0.00291011 0.0158113
41
1
-2.22111 5.24623 0.921845
0.0256689 -0.00304062 0.0171558
42
1
-2.27011 5.2526 0.886771
0.0250569 -0.00363703 0.0180405
43
1
-2.3178 5.25935 0.84896
0.0242894 -0.0039264 0.0193372
44
1
-2.36417 5.26664 0.807843
0.0235302 -0.00368439 0.0215009
45
1
-2.40938 5.27438 0.762726
0.0230827 -0.00365533 0.0237723
46
1
-2.45388 5.28196 0.714175
0.0229368 -0.0033423 0.0255241
47
1
-2.49745 5.28826 0.663052
0.022712 -0.00219768 0.0270043
48
1
-2.53921 5.29302 0.609775
0.0218743 -0.00172712 0.0282762
49
1
-2.57803 5.29721 0.554687
0.020111 -0.00210592 0.0294189
50
1
-2.61261 5.30117 0.497907
0.0172786 -0.0021838 0.0302596
51
1
-2.64218 5.30514 0.439466
0.0139848 -0.00196408 0.0310634
52
1
-2.66696 5.30903 0.379358
0.0112153 -0.00204068 0.0315821
53
1
-2.68717 5.31285 0.31787
0.00888835 -0.00259082 0.0318556
54
1
-2.70285 5.31672 0.255441
0.00629543 -0.00302084 0.0323337
55
1
-2.71369 5.32033 0.192232
0.00369973 -0.00266793 0.0329674
56
1
-2.72021 5.32336 0.128524
0.00176619 -0.00149643 0.03316
57
1
-2.72344 5.32518 0.0643676
0.000619344 -0.000455325 0.0328076
58
1
-2.72428 5.32586 9.19146e-015
6.26169e-016 2.25287e-016 0.0325339
59
1
-2.72344 5.32518 -0.0643676
-0.000619344 0.000455325 0.0328076
60
1
-2.72021 5.32336 -0.128524
-0.00176619 0.00149643 0.03316
61
1
-2.71369 5.32033 -0.192232
-0.00369973 0.00266793 0.0329674
62
1
-2.70285 5.31672 -0.255441
-0.00629543 0.00302084 0.0323337
63
1
-2.68717 5.31285 -0.31787
-0.00888835 0.00259082 0.0318556
64
1
-2.66696 5.30903 -0.379358
-0.0112153 0.00204068 0.0315821
65
1
-2.64218 5.30514 -0.439466
-0.0139848 0.00196408 0.0310634
66
1
-2.61261 5.30117 -0.497907
-0.0172786 0.0021838 0.0302596
67
1
-2.57803 5.29721 -0.554687
-0.020111 0.00210592 0.0294189
68
1
-2.53921 5.29302 -0.609775
-0.0218743 0.00172712 0.0282762
69
1
-2.49745 5.28826 -0.663052
-0.022712 0.00219768 0.0270043
70
1
-2.45388 5.28196 -0.714175
-0.0229368 0.0033423 0.0255241
71
1
-2.40938 5.27438 -0.762726
-0.0230827 0.00365533 0.0237723
72
1
-2.36417 5.26664 -0.807843
-0.0235302 0.00368439 0.0215009
73
1
-2.3178 5.25935 -0.84896
-0.0242894 0.0039264 0.0193372
74
1
-2.27011 5.2526 -0.886771
-0.0250569 0.00363703 0.0180405
75
1
-2.22111 5.24623 -0.921845
-0.0256689 0.00304062 0.0171558
76
1
-2.17055 5.24028 -0.954073
-0.0261067 0.00291011 0.0158113
77
1
-2.11879 5.23431 -0.983628
-0.026141 0.0028714 0.0141843
78
1
-2.06664 5.2286 -1.01054
-0.0253137 0.00259897 0.0127343
79
1
-2.01489 5.2233 -1.03465
-0.0245674 0.00255787 0.0111945
80
1
-1.96301 5.21855 -1.05514
-0.0252366 0.00268893 0.00929999
81
1
-1.90991 5.2146 -1.07147
-0.0267276 0.00261947 0.00735105
82
1
-1.85525 5.21127 -1.08375
-0.027584 0.00242212 0.00586221
83
1
-1.79932 5.20784 -1.09224
-0.0279875 0.0022571 0.00387607
84
1
-1.74228 5.20419 -1.09697
-0.0287448 0.00181713 0.00140199
85
1
-1.68444 5.20093 -1.09883
-0.0291477 0.00108167 0.000219296
86
1
-1.62597 5.19928 -1.0991
-0.0289661 7.29294e-005 -0.000219985
87
1
-1.56677 5.2003 -1.0983
-0.0295771 -0.0017688 -0.00137551
88
1
-1.50671 5.20469 -1.09562
-0.0305298 -0.00359186 -0.00276419
89
1
-1.44596 5.2122 -1.09087
-0.0301346 -0.00424307 -0.00347902
90
1
-1.38409 5.22194 -1.08439
-0.0306143 -0.0051876 -0.00382052
91
1
-1.32081 5.23366 -1.07586
-0.0324453 -0.00648362 -0.00409111
92
1
-1.25673 5.2473 -1.06499
-0.0321459 -0.00666417 -0.00505726
93
1
-1.19217 5.26255 -1.05053
-0.032176 -0.00726136 -0.00649358
94
1
-1.12744 5.27895 -1.03138
-0.0333559 -0.00783455 -0.00932369
95
1
-1.06346 5.29655 -1.00677
-0.0323251 -0.00841224 -0.0125332
96
1
-1.00012 5.3175 -0.974798
-0.032847 -0.0116 -0.0169194
97
1
-0.939231 5.34356 -0.933634
-0.03045 -0.0151305 -0.0238191
98
1
-0.88361 5.37606 -0.881065
-0.0251803 -0.0186583 -0.029376
99
1
-0.835989 5.41612 -0.816008
-0.0184001 -0.0241429 -0.0360743
100
1
-0.798812 5.46332 -0.738824
-0.0124309 -0.0258424 -0.0431033
101
1
-0.773291 5.51756 -0.645899
-0.00626599 -0.0280401 -0.0510968
102
1
-0.760212 5.57349 -0.532898
-0.00321953 -0.0266286 -0.0650832
103
1
-0.758378 5.62643 -0.388236
0.00205914 -0.0225363 -0.0745636
104
1
-0.767107 5.66879 -0.182462
0.00619269 -0.0116765 -0.076793
105
1
-0.653063 5.91403 -0.0645415
-0.0161114 -0.0123726 0.0222948
106
1
-0.0577713 6.70988 -0.254394
-0.00151984 0.0318042 0.0711198
107
1
0.0577713 6.70988 -0.254394
-0.00151984 -0.0318042 -0.0711198
108
1
0.653063 5.91403 -0.0645415
-0.0161114 0.0123726 -0.0222948
109
1
0.767107 5.66879 -0.182462
0.00619269 0.0116765 0.076793
110
1
0.758378 5.62643 -0.388236
0.00205914 0.0225363 0.0745636
111
1
0.760212 5.57349 -0.532898
-0.00321953 0.0266286 0.0650832
112
1
0.773291 5.51756 -0.645899
-0.00626599 0.0280401 0.0510968
113
1
0.798812 5.46332 -0.738824
-0.0124309 0.0258424 0.0431033
114
1
0.835989 5.41612 -0.816008
-0.0184001 0.0241429 0.0360743
115
1
0.88361 5.37606 -0.881065
-0.0251803 0.0186583 0.029376
116
1
0.939231 5.34356 -0.933634
-0.03045 0.0151305 0.0238191
117
1
1.00012 5.3175 -0.974798
-0.032847 0.0116 0.0169194
118
1
1.06346 5.29655 -1.00677
-0.0323251 0.00841224 0.0125332
119
1
1.12744 5.27895 -1.03138
-0.0333559 0.00783455 0.00932369
120
1
1.19217 5.26255 -1.05053
-0.032176 0.00726136 0.00649358
121
1
1.25673 5.2473 -1.06499
-0.0321459 0.00666417 0.00505726
122
1
1.32081 5.23366 -1.07586
-0.0324453 0.00648362 0.00409111
123
1
1.38409 5.22194 -1.08439
-0.0306143 0.0051876 0.00382052
124
1
1.44596 5.2122 -1.09087
-0.0301346 0.00424307 0.00347902
125
1
1.50671 5.20469 -1.09562
-0.0305298 0.00359186 0.00276419
126
1
1.56677 5.2003 -1.0983
-0.0295771 0.0017688 0.00137551
127
1
1.62597 5.19928 -1.0991
-0.0289661 -7.29294e-005 0.000219985
128
1
1.68444 5.20093 -1.09883
-0.0291477 -0.00108167 -0.000219296
129
1
1.74228 5.20419 -1.09697
-0.0287448 -0.00181713 -0.00140199
130
1
1.79932 5.20784 -1.09224
-0.0279875 -0.0022571 -0.00387607
131
1
1.85525 5.21127 -1.08375
-0.027584 -0.00242212 -0.00586221
132
1
1.90991 5.2146 -1.07147
-0.0267276 -0.00261947 -0.00735105
133
1
1.96301 5.21855 -1.05514
-0.0252366 -0.00268893 -0.00929999
134
1
2.01489 5.2233 -1.03465
-0.0245674 -0.00255787 -0.0111945
135
1
2.06664 5.2286 -1.01054
-0.0253137 -0.00259897 -0.0127343
136
1
2.11879 5.23431 -0.983628
-0.026141 -0.0028714 -0.0141843
137
1
2.17055 5.24028 -0.954073
-0.0261067 -0.00291011 -0.0158113
138
1
2.22111 5.24623 -0.921845
-0.0256689 -0.00304062 -0.0171558
139
1
2.27011 5.2526 -0.886771
-0.0250569 -0.00363703 -0.0180405
140
1
2.3178 5.25935 -0.84896
-0.0242894 -0.0039264 -0.0193372
141
1
2.36417 5.26664 -0.807843
-0.0235302 -0.00368439 -0.0215009
142
1
2.40938 5.27438 -0.762726
-0.0230827 -0.00365533 -0.0237723
143
1
2.45388 5.28196 -0.714175
-0.0229368 -0.0033423 -0.0255241
144
1
2.49745 5.28826 -0.663052
-0.022712 -0.00219768 -0.0270043
145
1
2.53921 5.29302 -0.609775
-0.0218743 -0.00172712 -0.0282762
146
1
2.57803 5.29721 -0.554687
-0.020111 -0.00210592 -0.0294189
147
1
2.61261 5.30117 -0.497907
-0.0172786 -0.0021838 -0.0302596
148
1
2.64218 5.30514 -0.439466
-0.0139848 -0.00196408 -0.0310634
149
1
2.66696 5.30903 -0.379358
-0.0112153 -0.00204068 -0.0315821
150
1
2.68717 5.31285 -0.31787
-0.00888835 -0.00259082 -0.0318556
151
1
2.70285 5.31672 -0.255441
-0.00629543 -0.00302084 -0.0323337
152
1
2.71369 5.32033 -0.192232
-0.00369973 -0.00266793 -0.0329674
153
1
2.72021 5.32336 -0.128524
-0.00176619 -0.00149643 -0.03316
154
1
2.72344 5.32518 -0.0643676
-0.000619344 -0.000455325 -0.0328076
155
1
2.72428 5.32586 -1.41248e-014
-5.25371e-016 1.94358e-017 -0.0325339
156
1
2.72344 5.32518 0.0643676
0.000619344 0.000455325 -0.0328076
157
1
2.72021 5.32336 0.128524
0.00176619 0.00149643 -0.03316
158
1
2.71369 5.32033 0.192232
0.00369973 0.00266793 -0.0329674
159
1
2.70285 5.31672 0.255441
0.00629543 0.00302084 -0.0323337
160
1
2.68717 5.31285 0.31787
0.00888835 0.00259082 -0.0318556
161
1
2.66696 5.30903 0.379358
0.0112153 0.00204068 -0.0315821
162
1
2.64218 5.30514 0.439466
0.0139848 0.00196408 -0.0310634
163
1
2.61261 5.30117 0.497907
0.0172786 0.0021838 -0.0302596
164
1
2.57803 5.29721 0.554687
0.020111 0.00210592 -0.0294189
165
1
2.53921 5.29302 0.609775
0.0218743 0.00172712 -0.0282762
166
1
2.49745 5.28826 0.663052
0.022712 0.00219768 -0.0270043
167
1
2.45388 5.28196 0.714175
0.0229368 0.0033423 -0.0255241
168
1
2.40938 5.27438 0.762726
0.0230827 0.00365533 -0.0237723
169
1
2.36417 5.26664 0.807843
0.0235302 0.00368439 -0.0215009
170
1
2.3178 5.25935 0.84896
0.0242894 0.0039264 -0.0193372
171
1
2.27011 5.2526 0.886771
0.0250569 0.00363703 -0.0180405
172
1
2.22111 5.24623 0.921845
0.0256689 0.00304062 -0.0171558
173
1
2.17055 5.24028 0.954073
0.0261067 0.00291011 -0.0158113
174
1
2.11879 5.23431 0.983628
0.026141 0.0028714 -0.0141843
175
1
2.06664 5.2286 1.01054
0.0253137 0.00259897 -0.0127343
176
1
2.01489 5.2233 1.03465
0.0245674 0.00255787 -0.0111945
177
1
1.96301 5.21855 1.05514
0.0252366 0.00268893 -0.00929999
178
1
1.90991 5.2146 1.07147
0.0267276 0.00261947 -0.00735105
179
1
1.85525 5.21127 1.08375
0.027584 0.00242212 -0.00586221
180
1
1.79932 5.20784 1.09224
0.0279875 0.0022571 -0.00387607
181
1
1.74228 5.20419 1.09697
0.0287448 0.00181713 -0.00140199
182
1
1.68444 5.20093 1.09883
0.0291477 0.00108167 -0.000219296
183
1
1.62597 5.19928 1.0991
0.0289661 7.29294e-005 0.000219985
184
1
1.56677 5.2003 1.0983
0.0295771 -0.0017688 0.00137551
185
1
1.50671 5.20469 1.09562
0.0305298 -0.00359186 0.00276419
186
1
1.44596 5.2122 1.09087
0.0301346 -0.00424307 0.00347902
187
1
1.38409 5.22194 1.08439
0.0306143 -0.0051876 0.00382052
188
1
1.32081 5.23366 1.07586
0.0324453 -0.00648362 0.00409111
189
1
1.25673 5.2473 1.06499
0.0321459 -0.00666417 0.00505726
190
1
1.19217 5.26255 1.05053
0.032176 -0.00726136 0.00649358
191
1
1.12744 5.27895 1.03138
0.0333559 -0.00783455 0.00932369
192
1
1.06346 5.29655 1.00677
0.0323251 -0.00841224 0.0125332
193
1
1.00012 5.3175 0.974798
0.032847 -0.0116 0.0169194
