194
0
1
0.943302 9.45709 0.587873
0.0431584 -0.00306513 0.0224393
1
1
0.856628 9.45479 0.542342
0.0458839 -0.000910038 0.0190542
2
1
0.759962 9.4485 0.497228
0.0514224 0.00478323 0.020696
3
1
0.657047 9.43232 0.450714
0.0524202 0.0110157 0.0241897
4
1
0.549565 9.39861 0.405348
0.0510651 0.0224196 0.0208536
5
1
0.441093 9.33819 0.365854
0.0480744 0.0388272 0.0200271
6
1
0.328945 9.23916 0.345296
0.0458477 0.0519866 -0.00218093
7
1
0.168733 9.09679 0.367947
0.056219 0.0471698 -0.0261969
8
1
0.675158 6.08808 0.0573837
0.0213897 -0.0435381 -0.00940603
9
1
0.439003 13.2743 0.0552073
0.0218695 -0.0645448 0.00748506
10
1
-0.439003 13.2743 0.0552069
0.0218695 0.0645448 -0.00748502
11
1
-0.675207 6.08809 0.057257
0.0213848 0.0435346 0.00941634
12
1
-0.168734 9.09679 0.367947
0.056219 -0.0471698 0.026197
13
1
-0.328946 9.23916 0.345296
0.0458477 -0.0519866 0.00218094
14
1
-0.441093 9.33819 0.365854
0.0480744 -0.0388272 -0.0200271
15
1
-0.549565 9.39861 0.405348
0.0510651 -0.0224196 -0.0208536
16
1
-0.657047 9.43232 0.450713
0.0524202 -0.0110157 -0.0241897
17
1
-0.759962 9.4485 0.497228
0.0514224 -0.00478322 -0.020696
18
1
-0.856628 9.45479 0.542342
0.0458839 0.00091004 -0.0190542
19
1
-0.943302 9.45709 0.587873
0.0431584 0.00306513 -0.0224393
20
1
-1.01809 9.46041 0.635166
0.033847 0.00079857 -0.025127
21
1
-1.08236 9.46684 0.684231
0.0280862 -0.00234922 -0.0242004
22
1
-1.13843 9.4778 0.732262
0.0258525 -0.00568411 -0.025964
23
1
-1.19133 9.49503 0.778281
0.0239628 -0.00935245 -0.0231947
24
1
-1.24214 9.51899 0.819147
0.0247807 -0.0142745 -0.0188721
25
1
-1.29145 9.54737 0.853571
0.0239646 -0.0169905 -0.016282
26
1
-1.33966 9.57793 0.881569
0.0202268 -0.0163337 -0.0123637
27
1
-1.38691 9.60999 0.903154
0.0206546 -0.017483 -0.00869357
28
1
-1.4345 9.64383 0.920267
0.0243904 -0.019407 -0.00642778
29
1
-1.48387 9.67865 0.934248
0.0261511 -0.0185017 -0.00518644
30
1
-1.53393 9.7124 0.945811
0.0263022 -0.0156231 -0.00502535
31
1
-1.58369 9.7441 0.955093
0.0259968 -0.0139629 -0.00404835
32
1
-1.63212 9.77409 0.96161
0.0242632 -0.0138547 -0.00301316
33
1
-1.67872 9.80303 0.96487
0.0230935 -0.014035 -0.00241691
34
1
-1.72337 9.83197 0.964907
0.023175 -0.0145209 -0.000713708
35
1
-1.76545 9.86149 0.961862
0.0210558 -0.0149332 0.000262365
36
1
-1.80365 9.8915 0.956931
0.0181798 -0.01441 -0.000122359
37
1
-1.83824 9.92209 0.949825
0.017228 -0.0147915 0.00283073
38
1
-1.8708 9.95324 0.93944
0.0149244 -0.0160649 0.00744525
39
1
-1.90135 9.98477 0.925078
0.0117357 -0.0156593 0.00743066
40
1
-1.92796 10.0164 0.906343
0.0115812 -0.0160127 0.0083937
41
1
-1.95092 10.0482 0.883605
0.0111547 -0.0166388 0.0137261
42
1
-1.97161 10.0789 0.856542
0.0077751 -0.0149145 0.0164558
43
1
-1.99028 10.1077 0.825285
0.0062912 -0.0132196 0.0156368
44
1
-2.00723 10.1351 0.789277
0.00759337 -0.0126997 0.0188009
45
1
-2.02322 10.1621 0.747837
0.00851764 -0.0129077 0.0258565
46
1
-2.03884 10.1903 0.702072
0.00686949 -0.0132581 0.0257424
47
1
-2.05407 10.2192 0.653094
0.00655328 -0.0140598 0.0239601
48
1
-2.06845 10.2497 0.600988
0.00807105 -0.0174911 0.0291668
49
1
-2.0814 10.2799 0.547966
0.007885 -0.0178455 0.0296905
50
1
-2.09155 10.3087 0.494234
0.00433583 -0.01437 0.0264761
51
1
-2.09827 10.3357 0.438026
0.00124786 -0.0130552 0.0288791
52
1
-2.10186 10.3599 0.379537
0.000742235 -0.0135698 0.0323793
53
1
-2.1033 10.3812 0.318034
-0.000370565 -0.0120405 0.0359094
54
1
-2.10348 10.3983 0.254382
-0.000942951 -0.0074011 0.036781
55
1
-2.10318 10.4104 0.190031
-0.00055299 -0.0046422 0.0353239
56
1
-2.10246 10.4182 0.126227
-8.06476e-005 -0.00312679 0.0333618
57
1
-2.10152 10.4232 0.0622197
-0.000943613 -0.00173419 0.0319059
58
1
-2.10105 10.4252 -5.0549e-008
-4.81649e-010 3.92487e-010 0.0314147
59
1
-2.10152 10.4232 -0.0622198
0.000943612 0.00173419 0.0319059
60
1
-2.10246 10.4182 -0.126227
8.06466e-005 0.00312679 0.0333618
61
1
-2.10318 10.4104 -0.190031
0.000552989 0.0046422 0.0353239
62
1
-2.10348 10.3983 -0.254382
0.00094295 0.0074011 0.036781
63
1
-2.1033 10.3812 -0.318034
0.000370564 0.0120405 0.0359094
64
1
-2.10186 10.3599 -0.379537
-0.000742236 0.0135698 0.0323793
65
1
-2.09827 10.3357 -0.438026
-0.00124786 0.0130552 0.0288791
66
1
-2.09155 10.3087 -0.494234
-0.00433583 0.01437 0.0264761
67
1
-2.0814 10.2799 -0.547966
-0.007885 0.0178455 0.0296905
68
1
-2.06845 10.2497 -0.600988
-0.00807105 0.0174911 0.0291668
69
1
-2.05407 10.2192 -0.653094
-0.00655329 0.0140598 0.0239601
70
1
-2.03884 10.1903 -0.702072
-0.00686949 0.0132581 0.0257424
71
1
-2.02322 10.1621 -0.747837
-0.00851764 0.0129077 0.0258565
72
1
-2.00723 10.1351 -0.789277
-0.00759337 0.0126997 0.0188009
73
1
-1.99028 10.1077 -0.825285
-0.0062912 0.0132196 0.0156368
74
1
-1.97161 10.0789 -0.856542
-0.0077751 0.0149145 0.0164558
75
1
-1.95092 10.0482 -0.883605
-0.0111547 0.0166388 0.0137261
76
1
-1.92796 10.0164 -0.906343
-0.0115812 0.0160127 0.0083937
77
1
-1.90135 9.98477 -0.925078
-0.0117357 0.0156593 0.00743067
78
1
-1.8708 9.95324 -0.93944
-0.0149244 0.0160649 0.00744525
79
1
-1.83824 9.92209 -0.949825
-0.017228 0.0147915 0.00283073
80
1
-1.80365 9.8915 -0.956931
-0.0181798 0.01441 -0.000122358
81
1
-1.76545 9.86149 -0.961862
-0.0210558 0.0149332 0.000262366
82
1
-1.72337 9.83197 -0.964907
-0.023175 0.0145209 -0.000713707
83
1
-1.67872 9.80303 -0.964871
-0.0230935 0.014035 -0.00241691
84
1
-1.63212 9.77409 -0.961611
-0.0242632 0.0138547 -0.00301316
85
1
-1.58369 9.7441 -0.955093
-0.0259968 0.0139629 -0.00404835
86
1
-1.53393 9.7124 -0.945811
-0.0263022 0.0156231 -0.00502535
87
1
-1.48387 9.67865 -0.934248
-0.0261511 0.0185017 -0.00518644
88
1
-1.4345 9.64383 -0.920267
-0.0243904 0.019407 -0.00642778
89
1
-1.38691 9.60999 -0.903154
-0.0206546 0.017483 -0.00869357
90
1
-1.33966 9.57793 -0.881569
-0.0202268 0.0163337 -0.0123637
91
1
-1.29145 9.54737 -0.853571
-0.0239646 0.0169905 -0.016282
92
1
-1.24214 9.51899 -0.819147
-0.0247807 0.0142745 -0.0188721
93
1
-1.19133 9.49503 -0.778282
-0.0239628 0.00935245 -0.0231947
94
1
-1.13843 9.4778 -0.732262
-0.0258525 0.00568411 -0.025964
95
1
-1.08236 9.46684 -0.684231
-0.0280862 0.00234922 -0.0242004
96
1
-1.01809 9.46041 -0.635166
-0.033847 -0.000798568 -0.025127
97
1
-0.943302 9.45709 -0.587873
-0.0431584 -0.00306513 -0.0224393
98
1
-0.856628 9.45479 -0.542342
-0.0458839 -0.000910038 -0.0190542
99
1
-0.759962 9.4485 -0.497228
-0.0514224 0.00478323 -0.020696
100
1
-0.657047 9.43232 -0.450714
-0.0524202 0.0110157 -0.0241897
101
1
-0.549565 9.39861 -0.405348
-0.0510651 0.0224196 -0.0208536
102
1
-0.441093 9.33819 -0.365854
-0.0480744 0.0388272 -0.0200271
103
1
-0.328945 9.23916 -0.345296
-0.0458477 0.0519866 0.00218093
104
1
-0.168733 9.09679 -0.367947
-0.056219 0.0471698 0.0261969
105
1
-0.675159 6.08808 -0.0573802
-0.0213896 -0.0435379 0.00940639
106
1
-0.439003 13.2743 -0.0552073
-0.0218695 -0.0645448 -0.00748506
107
1
0.439003 13.2743 -0.0552069
-0.0218695 0.0645448 0.00748502
108
1
0.675208 6.08809 -0.0572535
-0.0213848 0.0435345 -0.0094167
109
1
0.168734 9.09679 -0.367947
-0.056219 -0.0471698 -0.026197
110
1
0.328946 9.23916 -0.345296
-0.0458477 -0.0519866 -0.00218095
111
1
0.441093 9.33819 -0.365854
-0.0480744 -0.0388272 0.0200271
112
1
0.549565 9.39861 -0.405348
-0.0510651 -0.0224196 0.0208536
113
1
0.657047 9.43232 -0.450713
-0.0524202 -0.0110157 0.0241897
114
1
0.759962 9.4485 -0.497228
-0.0514224 -0.00478322 0.020696
115
1
0.856628 9.45479 -0.542342
-0.0458839 0.00091004 0.0190542
116
1
0.943302 9.45709 -0.587873
-0.0431584 0.00306513 0.0224393
117
1
1.01809 9.46041 -0.635166
-0.033847 0.00079857 0.025127
118
1
1.08236 9.46684 -0.684231
-0.0280862 -0.00234922 0.0242004
119
1
1.13843 9.4778 -0.732262
-0.0258525 -0.00568411 0.025964
120
1
1.19133 9.49503 -0.778281
-0.0239628 -0.00935245 0.0231947
121
1
1.24214 9.51899 -0.819147
-0.0247807 -0.0142745 0.0188721
122
1
1.29145 9.54737 -0.853571
-0.0239646 -0.0169905 0.016282
123
1
1.33966 9.57793 -0.881569
-0.0202268 -0.0163337 0.0123637
124
1
1.38691 9.60999 -0.903154
-0.0206546 -0.017483 0.00869357
125
1
1.4345 9.64383 -0.920267
-0.0243904 -0.019407 0.00642778
126
1
1.48387 9.67865 -0.934248
-0.0261511 -0.0185017 0.00518644
127
1
1.53393 9.7124 -0.945811
-0.0263022 -0.0156231 0.00502535
128
1
1.58369 9.7441 -0.955093
-0.0259968 -0.0139629 0.00404835
129
1
1.63212 9.77409 -0.96161
-0.0242632 -0.0138547 0.00301316
130
1
1.67872 9.80303 -0.96487
-0.0230935 -0.014035 0.00241691
131
1
1.72337 9.83197 -0.964907
-0.023175 -0.0145209 0.000713708
132
1
1.76545 9.86149 -0.961862
-0.0210558 -0.0149332 -0.000262365
133
1
1.80365 9.8915 -0.956931
-0.0181798 -0.01441 0.000122359
134
1
1.83824 9.92209 -0.949825
-0.017228 -0.0147915 -0.00283073
135
1
1.8708 9.95324 -0.93944
-0.0149244 -0.0160649 -0.00744525
136
1
1.90135 9.98477 -0.925078
-0.0117357 -0.0156593 -0.00743066
137
1
1.92796 10.0164 -0.906343
-0.0115812 -0.0160127 -0.0083937
138
1
1.95092 10.0482 -0.883605
-0.0111547 -0.0166388 -0.0137261
139
1
1.97161 10.0789 -0.856542
-0.0077751 -0.0149145 -0.0164558
140
1
1.99028 10.1077 -0.825285
-0.0062912 -0.0132196 -0.0156368
141
1
2.00723 10.1351 -0.789277
-0.00759337 -0.0126997 -0.0188009
142
1
2.02322 10.1621 -0.747837
-0.00851764 -0.0129077 -0.0258565
143
1
2.03884 10.1903 -0.702072
-0.00686949 -0.0132581 -0.0257424
144
1
2.05407 10.2192 -0.653094
-0.00655328 -0.0140598 -0.0239601
145
1
2.06845 10.2497 -0.600988
-0.00807105 -0.0174911 -0.0291668
146
1
2.0814 10.2799 -0.547966
-0.007885 -0.0178455 -0.0296905
147
1
2.09155 10.3087 -0.494234
-0.00433583 -0.01437 -0.0264761
148
1
2.09827 10.3357 -0.438026
-0.00124786 -0.0130552 -0.0288791
149
1
2.10186 10.3599 -0.379537
-0.000742235 -0.0135698 -0.0323793
150
1
2.1033 10.3812 -0.318034
0.000370566 -0.0120405 -0.0359094
151
1
2.10348 10.3983 -0.254382
0.000942951 -0.0074011 -0.036781
152
1
2.10318 10.4104 -0.190031
0.000552991 -0.0046422 -0.0353239
153
1
2.10246 10.4182 -0.126227
8.06477e-005 -0.00312679 -0.0333618
154
1
2.10152 10.4232 -0.0622197
0.000943613 -0.00173419 -0.0319059
155
1
2.10105 10.4252 4.61918e-008
6.03878e-010 3.44167e-010 -0.0314147
156
1
2.10152 10.4232 0.0622198
-0.000943611 0.00173419 -0.0319059
157
1
2.10246 10.4182 0.126227
-8.06465e-005 0.00312679 -0.0333618
158
1
2.10318 10.4104 0.190031
-0.000552989 0.0046422 -0.0353239
159
1
2.10348 10.3983 0.254382
-0.00094295 0.0074011 -0.036781
160
1
2.1033 10.3812 0.318034
-0.000370564 0.0120405 -0.0359094
161
1
2.10186 10.3599 0.379537
0.000742236 0.0135698 -0.0323793
162
1
2.09827 10.3357 0.438026
0.00124786 0.0130552 -0.0288791
163
1
2.09155 10.3087 0.494234
0.00433583 0.01437 -0.0264761
164
1
2.0814 10.2799 0.547966
0.007885 0.0178455 -0.0296905
165
1
2.06845 10.2497 0.600988
0.00807105 0.0174911 -0.0291668
166
1
2.05407 10.2192 0.653094
0.00655329 0.0140598 -0.0239601
167
1
2.03884 10.1903 0.702072
0.00686949 0.0132581 -0.0257424
168
1
2.02322 10.1621 0.747837
0.00851764 0.0129077 -0.0258565
169
1
2.00723 10.1351 0.789277
0.00759337 0.0126997 -0.0188009
170
1
1.99028 10.1077 0.825285
0.0062912 0.0132196 -0.0156368
171
1
1.97161 10.0789 0.856542
0.0077751 0.0149145 -0.0164558
172
1
1.95092 10.0482 0.883605
0.0111547 0.0166388 -0.0137261
173
1
1.92796 10.0164 0.906343
0.0115812 0.0160127 -0.0083937
174
1
1.90135 9.98477 0.925078
0.0117357 0.0156593 -0.00743067
175
1
1.8708 9.95324 0.93944
0.0149244 0.0160649 -0.00744525
176
1
1.83824 9.92209 0.949825
0.017228 0.0147915 -0.00283073
177
1
1.80365 9.8915 0.956931
0.0181798 0.01441 0.000122358
178
1
1.76545 9.86149 0.961862
0.0210558 0.0149332 -0.000262366
179
1
1.72337 9.83197 0.964907
0.023175 0.0145209 0.000713707
180
1
1.67872 9.80303 0.964871
0.0230935 0.014035 0.00241691
181
1
1.63212 9.77409 0.961611
0.0242632 0.0138547 0.00301316
182
1
1.58369 9.7441 0.955093
0.0259968 0.0139629 0.00404835
183
1
1.53393 9.7124 0.945811
0.0263022 0.0156231 0.00502535
184
1
1.48387 9.67865 0.934248
0.0261511 0.0185017 0.00518644
185
1
1.4345 9.64383 0.920267
0.0243904 0.019407 0.00642778
186
1
1.38691 9.60999 0.903154
0.0206546 0.017483 0.00869357
187
1
1.33966 9.57793 0.881569
0.0202268 0.0163337 0.0123637
188
1
1.29145 9.54737 0.853571
0.0239646 0.0169905 0.016282
189
1
1.24214 9.51899 0.819147
0.0247807 0.0142745 0.0188721
190
1
1.19133 9.49503 0.778282
0.0239628 0.00935245 0.0231947
191
1
1.13843 9.4778 0.732262
0.0258525 0.00568411 0.025964
192
1
1.08236 9.46684 0.684231
0.0280862 0.00234922 0.0242004
193
1
1.01809 9.46041 0.635166
0.033847 -0.000798568 0.025127
