194
0
1
0.436377 10.7629 1.81563
0.0183214 0.0433352 -0.0268521
1
1
0.408745 10.6781 1.8653
0.0136853 0.0390789 -0.0180403
2
1
0.389311 10.59 1.91636
0.000390218 0.0491141 -0.0227961
3
1
0.373664 10.5036 1.97745
0.00677105 0.043104 -0.0288473
4
1
0.354913 10.4362 2.05156
0.00825286 0.0199311 -0.0472945
5
1
0.331181 10.3841 2.12791
0.00359005 0.0130033 -0.02473
6
1
0.262045 10.3204 2.22798
0.0556011 0.0368928 -0.0402404
7
1
0.122054 10.2294 2.36278
0.044564 0.0281436 -0.0538009
8
1
0.812218 6.25303 0.0605475
0.0414107 -0.0274876 -0.00830271
9
1
0.647921 13.7618 0.0843484
0.0349063 -0.0468106 0.0087008
10
1
-0.648898 13.7627 0.0785432
0.0349273 0.0465813 -0.00872737
11
1
-0.813964 6.25234 0.0491654
0.0411381 0.0275172 0.00984079
12
1
-0.122066 10.2294 2.36278
0.0445641 -0.0281435 0.053801
13
1
-0.262058 10.3204 2.22798
0.0556008 -0.0368927 0.0402409
14
1
-0.331193 10.3841 2.12791
0.00358997 -0.0130034 0.0247302
15
1
-0.354925 10.4362 2.05156
0.00825273 -0.0199312 0.0472946
16
1
-0.373676 10.5036 1.97745
0.00677094 -0.0431041 0.0288474
17
1
-0.389322 10.59 1.91635
0.000390308 -0.0491141 0.0227962
18
1
-0.408757 10.6781 1.8653
0.0136854 -0.0390789 0.0180405
19
1
-0.436389 10.7629 1.81562
0.0183215 -0.0433352 0.0268523
20
1
-0.468284 10.8411 1.75943
0.018014 -0.0401714 0.0322088
21
1
-0.5034 10.9121 1.69231
0.015033 -0.0283712 0.0309578
22
1
-0.538696 10.9715 1.61711
0.0186282 -0.028063 0.0451876
23
1
-0.570767 11.0266 1.53826
0.0163443 -0.0284428 0.0431469
24
1
-0.596116 11.0781 1.46601
0.00873022 -0.0194931 0.0280702
25
1
-0.614243 11.1244 1.40251
0.00680507 -0.0207876 0.0303157
26
1
-0.625438 11.1678 1.34175
0.00450988 -0.020517 0.0314735
27
1
-0.63161 11.2091 1.28336
0.00320686 -0.0176594 0.0274239
28
1
-0.637422 11.2513 1.22769
0.00361764 -0.0192977 0.023334
29
1
-0.643817 11.2971 1.17359
0.00510757 -0.0261813 0.0257321
30
1
-0.646437 11.3439 1.12292
-0.000696049 -0.0229292 0.0211716
31
1
-0.644092 11.3916 1.07473
-0.00348627 -0.0211443 0.0214309
32
1
-0.637988 11.4396 1.02474
-0.00409253 -0.0246353 0.0285815
33
1
-0.627704 11.4858 0.974899
-0.00785311 -0.0256382 0.0291583
34
1
-0.614228 11.5317 0.927207
-0.00969993 -0.0247033 0.0247546
35
1
-0.597845 11.5788 0.880107
-0.00852455 -0.025021 0.0236115
36
1
-0.580708 11.6269 0.834959
-0.0088819 -0.0249584 0.0225491
37
1
-0.562881 11.6743 0.791581
-0.00965598 -0.0253413 0.0217691
38
1
-0.54481 11.721 0.749573
-0.0086369 -0.0231073 0.0198422
39
1
-0.525825 11.7653 0.710306
-0.00805301 -0.0180331 0.0160887
40
1
-0.506511 11.8058 0.675353
-0.00978614 -0.0171497 0.0143677
41
1
-0.487565 11.8448 0.643343
-0.0102853 -0.018282 0.0135315
42
1
-0.468452 11.8844 0.6116
-0.00905998 -0.0183966 0.0145387
43
1
-0.44943 11.9245 0.579142
-0.00933403 -0.0199697 0.017041
44
1
-0.430289 11.9663 0.546085
-0.0109747 -0.0236743 0.0184605
45
1
-0.410558 12.0103 0.51219
-0.0105189 -0.023716 0.0168015
46
1
-0.390792 12.0559 0.478489
-0.00890754 -0.020501 0.0147819
47
1
-0.373365 12.1007 0.444464
-0.00849549 -0.0217233 0.0162723
48
1
-0.358686 12.1463 0.408315
-0.00694767 -0.0249681 0.0205766
49
1
-0.346215 12.191 0.370965
-0.00527906 -0.0241995 0.020273
50
1
-0.335797 12.2345 0.334025
-0.00436605 -0.0216722 0.0166795
51
1
-0.325415 12.2771 0.296103
-0.00555231 -0.0225017 0.0172193
52
1
-0.313749 12.3181 0.257931
-0.0074315 -0.0227857 0.0184702
53
1
-0.301938 12.3558 0.219283
-0.00805866 -0.0221019 0.0188798
54
1
-0.290801 12.388 0.178777
-0.00750417 -0.0200526 0.0206655
55
1
-0.281498 12.4135 0.135201
-0.00694058 -0.0118436 0.023801
56
1
-0.275027 12.4317 0.0909115
-0.00443147 -0.00761118 0.0241311
57
1
-0.270749 12.442 0.0451149
-0.00163288 -0.00448699 0.023238
58
1
-0.269949 12.445 -5.9444e-006
-5.2263e-007 5.28685e-008 0.0228949
59
1
-0.270748 12.442 -0.0451267
0.00163185 0.00448709 0.023238
60
1
-0.275024 12.4317 -0.0909231
0.00443049 0.00761128 0.024131
61
1
-0.281493 12.4135 -0.135212
0.00693973 0.0118437 0.023801
62
1
-0.290794 12.388 -0.178789
0.00750362 0.0200528 0.0206658
63
1
-0.301931 12.3558 -0.219294
0.00805827 0.0221021 0.01888
64
1
-0.31374 12.3181 -0.257942
0.0074312 0.0227859 0.0184702
65
1
-0.325406 12.2771 -0.296114
0.00555211 0.0225019 0.0172192
66
1
-0.335787 12.2345 -0.334036
0.00436591 0.0216723 0.0166794
67
1
-0.346205 12.191 -0.370976
0.00527893 0.0241996 0.0202728
68
1
-0.358675 12.1463 -0.408326
0.00694759 0.0249682 0.0205764
69
1
-0.373354 12.1007 -0.444474
0.00849546 0.0217234 0.0162722
70
1
-0.390781 12.0559 -0.4785
0.00890754 0.0205011 0.0147818
71
1
-0.410547 12.0103 -0.5122
0.0105189 0.0237161 0.0168014
72
1
-0.430277 11.9663 -0.546095
0.0109748 0.0236743 0.0184604
73
1
-0.449418 11.9245 -0.579151
0.00933406 0.0199697 0.0170409
74
1
-0.468441 11.8844 -0.61161
0.00906001 0.0183966 0.0145386
75
1
-0.487553 11.8448 -0.643353
0.0102853 0.0182821 0.0135314
76
1
-0.5065 11.8058 -0.675363
0.00978617 0.0171497 0.0143676
77
1
-0.525814 11.7653 -0.710315
0.00805303 0.0180332 0.0160887
78
1
-0.544799 11.721 -0.749582
0.00863693 0.0231074 0.0198421
79
1
-0.56287 11.6743 -0.79159
0.00965601 0.0253413 0.021769
80
1
-0.580697 11.6269 -0.834967
0.00888194 0.0249584 0.022549
81
1
-0.597833 11.5788 -0.880116
0.00852458 0.025021 0.0236114
82
1
-0.614216 11.5317 -0.927215
0.00969997 0.0247033 0.0247545
83
1
-0.627692 11.4858 -0.974907
0.00785315 0.0256382 0.0291582
84
1
-0.637977 11.4396 -1.02475
0.00409256 0.0246353 0.0285814
85
1
-0.644081 11.3916 -1.07474
0.00348629 0.0211443 0.0214308
86
1
-0.646426 11.3439 -1.12293
0.000696057 0.0229292 0.0211715
87
1
-0.643806 11.2971 -1.1736
-0.00510758 0.0261813 0.025732
88
1
-0.637411 11.2513 -1.2277
-0.00361764 0.0192977 0.0233339
89
1
-0.631599 11.2091 -1.28337
-0.00320685 0.0176594 0.0274237
90
1
-0.625427 11.1678 -1.34176
-0.00450989 0.020517 0.0314733
91
1
-0.614232 11.1244 -1.40251
-0.0068051 0.0207876 0.0303155
92
1
-0.596104 11.0781 -1.46602
-0.00873025 0.0194931 0.02807
93
1
-0.570756 11.0266 -1.53827
-0.0163443 0.0284428 0.0431467
94
1
-0.538684 10.9715 -1.61711
-0.0186283 0.028063 0.0451873
95
1
-0.503388 10.9121 -1.69231
-0.015033 0.0283712 0.0309576
96
1
-0.468273 10.8411 -1.75944
-0.018014 0.0401714 0.0322086
97
1
-0.436377 10.7629 -1.81563
-0.0183214 0.0433352 0.0268521
98
1
-0.408745 10.6781 -1.8653
-0.0136853 0.0390789 0.0180403
99
1
-0.389311 10.59 -1.91636
-0.00039022 0.0491141 0.0227961
100
1
-0.373664 10.5036 -1.97745
-0.00677106 0.043104 0.0288473
101
1
-0.354913 10.4362 -2.05156
-0.00825285 0.0199311 0.0472945
102
1
-0.33118 10.3841 -2.12791
-0.00359005 0.0130033 0.02473
103
1
-0.262045 10.3204 -2.22798
-0.0556011 0.0368928 0.0402404
104
1
-0.122054 10.2294 -2.36278
-0.044564 0.0281436 0.0538009
105
1
-0.812212 6.25303 -0.060584
-0.0414119 -0.0274877 0.00829864
106
1
-0.647919 13.7618 -0.0843549
-0.0349062 -0.0468109 -0.00870112
107
1
0.648896 13.7627 -0.0785498
-0.0349272 0.0465817 0.0087277
108
1
0.813959 6.25234 -0.049202
-0.0411394 0.0275173 -0.00983676
109
1
0.122066 10.2294 -2.36278
-0.0445641 -0.0281435 -0.053801
110
1
0.262058 10.3204 -2.22798
-0.0556008 -0.0368927 -0.0402409
111
1
0.331193 10.3841 -2.12791
-0.00358997 -0.0130034 -0.0247302
112
1
0.354925 10.4362 -2.05156
-0.00825273 -0.0199312 -0.0472946
113
1
0.373676 10.5036 -1.97745
-0.00677094 -0.0431041 -0.0288474
114
1
0.389322 10.59 -1.91636
-0.00039031 -0.0491141 -0.0227962
115
1
0.408757 10.6781 -1.8653
-0.0136854 -0.0390789 -0.0180405
116
1
0.436389 10.7629 -1.81562
-0.0183215 -0.0433352 -0.0268523
117
1
0.468284 10.8411 -1.75943
-0.018014 -0.0401714 -0.0322088
118
1
0.5034 10.9121 -1.69231
-0.015033 -0.0283712 -0.0309578
119
1
0.538696 10.9715 -1.61711
-0.0186282 -0.028063 -0.0451876
120
1
0.570767 11.0266 -1.53826
-0.0163443 -0.0284428 -0.0431469
121
1
0.596116 11.0781 -1.46601
-0.00873022 -0.0194931 -0.0280702
122
1
0.614243 11.1244 -1.40251
-0.00680507 -0.0207876 -0.0303157
123
1
0.625438 11.1678 -1.34175
-0.00450988 -0.020517 -0.0314735
124
1
0.63161 11.2091 -1.28336
-0.00320686 -0.0176594 -0.0274239
125
1
0.637422 11.2513 -1.22769
-0.00361764 -0.0192977 -0.023334
126
1
0.643817 11.2971 -1.17359
-0.00510757 -0.0261813 -0.0257321
127
1
0.646437 11.3439 -1.12292
0.000696049 -0.0229292 -0.0211716
128
1
0.644092 11.3916 -1.07473
0.00348627 -0.0211443 -0.0214309
129
1
0.637988 11.4396 -1.02474
0.00409253 -0.0246353 -0.0285815
130
1
0.627704 11.4858 -0.974899
0.00785311 -0.0256382 -0.0291583
131
1
0.614228 11.5317 -0.927207
0.00969993 -0.0247033 -0.0247546
132
1
0.597845 11.5788 -0.880107
0.00852455 -0.025021 -0.0236115
133
1
0.580708 11.6269 -0.834959
0.0088819 -0.0249584 -0.0225491
134
1
0.562881 11.6743 -0.791581
0.00965598 -0.0253413 -0.0217691
135
1
0.54481 11.721 -0.749573
0.0086369 -0.0231073 -0.0198422
136
1
0.525825 11.7653 -0.710306
0.008053 -0.0180331 -0.0160887
137
1
0.506511 11.8058 -0.675353
0.00978614 -0.0171497 -0.0143677
138
1
0.487565 11.8448 -0.643343
0.0102853 -0.018282 -0.0135315
139
1
0.468452 11.8844 -0.6116
0.00905998 -0.0183966 -0.0145387
140
1
0.44943 11.9245 -0.579142
0.00933403 -0.0199697 -0.017041
141
1
0.430289 11.9663 -0.546085
0.0109747 -0.0236743 -0.0184605
142
1
0.410558 12.0103 -0.51219
0.0105189 -0.023716 -0.0168015
143
1
0.390792 12.0559 -0.478489
0.00890754 -0.020501 -0.0147819
144
1
0.373365 12.1007 -0.444464
0.00849549 -0.0217233 -0.0162723
145
1
0.358686 12.1463 -0.408315
0.00694767 -0.0249681 -0.0205766
146
1
0.346215 12.191 -0.370965
0.00527906 -0.0241995 -0.020273
147
1
0.335797 12.2345 -0.334025
0.00436605 -0.0216722 -0.0166795
148
1
0.325415 12.2771 -0.296103
0.00555231 -0.0225017 -0.0172193
149
1
0.313749 12.3181 -0.257931
0.0074315 -0.0227857 -0.0184702
150
1
0.301939 12.3558 -0.219283
0.00805866 -0.0221019 -0.0188798
151
1
0.290801 12.388 -0.178777
0.00750417 -0.0200526 -0.0206655
152
1
0.281498 12.4135 -0.135201
0.00694058 -0.0118436 -0.023801
153
1
0.275027 12.4317 -0.0909115
0.00443147 -0.00761118 -0.0241311
154
1
0.270749 12.442 -0.0451149
0.00163288 -0.00448699 -0.023238
155
1
0.269949 12.445 5.90958e-006
5.25011e-007 5.13301e-008 -0.0228949
156
1
0.270748 12.442 0.0451266
-0.00163185 0.00448709 -0.023238
157
1
0.275024 12.4317 0.090923
-0.00443049 0.00761128 -0.024131
158
1
0.281493 12.4135 0.135212
-0.00693973 0.0118437 -0.023801
159
1
0.290794 12.388 0.178789
-0.00750362 0.0200528 -0.0206658
160
1
0.301931 12.3558 0.219294
-0.00805827 0.0221021 -0.01888
161
1
0.31374 12.3181 0.257942
-0.0074312 0.0227859 -0.0184702
162
1
0.325406 12.2771 0.296114
-0.00555211 0.0225019 -0.0172192
163
1
0.335787 12.2345 0.334036
-0.00436591 0.0216723 -0.0166794
164
1
0.346205 12.191 0.370976
-0.00527893 0.0241996 -0.0202728
165
1
0.358675 12.1463 0.408325
-0.00694759 0.0249682 -0.0205764
166
1
0.373354 12.1007 0.444474
-0.00849546 0.0217234 -0.0162722
167
1
0.390781 12.0559 0.4785
-0.00890754 0.0205011 -0.0147818
168
1
0.410547 12.0103 0.5122
-0.0105189 0.0237161 -0.0168014
169
1
0.430277 11.9663 0.546095
-0.0109748 0.0236743 -0.0184604
170
1
0.449418 11.9245 0.579151
-0.00933406 0.0199697 -0.0170409
171
1
0.468441 11.8844 0.61161
-0.00906001 0.0183966 -0.0145386
172
1
0.487553 11.8448 0.643353
-0.0102853 0.0182821 -0.0135314
173
1
0.5065 11.8058 0.675363
-0.00978617 0.0171497 -0.0143676
174
1
0.525814 11.7653 0.710315
-0.00805303 0.0180332 -0.0160887
175
1
0.544799 11.721 0.749582
-0.00863693 0.0231074 -0.0198421
176
1
0.56287 11.6743 0.79159
-0.00965602 0.0253413 -0.021769
177
1
0.580697 11.6269 0.834967
-0.00888194 0.0249584 -0.022549
178
1
0.597833 11.5788 0.880116
-0.00852458 0.025021 -0.0236114
179
1
0.614216 11.5317 0.927215
-0.00969997 0.0247033 -0.0247545
180
1
0.627692 11.4858 0.974907
-0.00785315 0.0256382 -0.0291581
181
1
0.637977 11.4396 1.02475
-0.00409256 0.0246353 -0.0285814
182
1
0.644081 11.3916 1.07474
-0.00348629 0.0211443 -0.0214308
183
1
0.646426 11.3439 1.12293
-0.000696057 0.0229292 -0.0211715
184
1
0.643806 11.2971 1.1736
0.00510758 0.0261813 -0.025732
185
1
0.637411 11.2513 1.2277
0.00361764 0.0192977 -0.0233339
186
1
0.631599 11.2091 1.28337
0.00320685 0.0176594 -0.0274237
187
1
0.625427 11.1678 1.34176
0.00450989 0.020517 -0.0314733
188
1
0.614232 11.1244 1.40251
0.0068051 0.0207876 -0.0303155
189
1
0.596104 11.0781 1.46602
0.00873025 0.0194931 -0.02807
190
1
0.570756 11.0266 1.53827
0.0163443 0.0284428 -0.0431467
191
1
0.538684 10.9715 1.61711
0.0186283 0.028063 -0.0451873
192
1
0.503388 10.9121 1.69231
0.015033 0.0283712 -0.0309576
193
1
0.468273 10.8411 1.75944
0.018014 0.0401714 -0.0322086
