194
0
1
0.776574 12.8089 3.10968
0.00302801 0.00699989 -0.0314111
1
1
0.76996 12.78 3.17114
0.00482702 0.0151004 -0.0229953
2
1
0.742222 12.7163 3.23661
0.0213932 0.0509332 -0.0308079
3
1
0.696119 12.6432 3.28629
0.0265567 0.0404643 -0.0205548
4
1
0.632783 12.5729 3.32228
0.0436087 0.0358403 -0.0104905
5
1
0.564452 12.5226 3.35272
0.0183418 0.0105651 -0.00762895
6
1
0.436731 12.4687 3.3985
0.0659475 0.0158142 -0.0178497
7
1
0.203453 12.4138 3.4559
0.0728813 0.00873907 -0.0119363
8
1
0.864714 6.37067 0.094571
0.0506946 -0.00581481 -0.00552468
9
1
0.55144 11.5342 0.711074
0.0223285 -0.0204537 -0.0538368
10
1
-0.664792 11.5269 -0.756274
0.0047325 0.0673094 -0.0118011
11
1
-0.872823 6.36886 0.0149571
0.0478028 0.00614853 0.0122783
12
1
-0.205853 12.4138 3.45506
0.0725022 -0.00847897 0.0120161
13
1
-0.436277 12.4691 3.39986
0.0650385 -0.0154768 0.0165147
14
1
-0.559762 12.5236 3.35667
0.0174648 -0.0105887 0.00688295
15
1
-0.623856 12.5743 3.32771
0.0409708 -0.0351971 0.00817833
16
1
-0.681888 12.6448 3.29296
0.0226742 -0.0417749 0.0207468
17
1
-0.722696 12.7173 3.24262
0.0168063 -0.0509729 0.0314452
18
1
-0.746342 12.7788 3.17718
0.00438395 -0.014071 0.0231832
19
1
-0.75097 12.8056 3.11616
0.00326713 -0.00545355 0.0309635
20
1
-0.752516 12.828 3.04339
-0.0068644 -0.00295491 0.0475989
21
1
-0.748285 12.8482 2.96216
0.00145297 -0.00794047 0.0322078
22
1
-0.732586 12.8684 2.86446
-0.0183826 -0.00719012 0.0736842
23
1
-0.71012 12.8891 2.77451
-0.0195403 -0.0097808 0.0345037
24
1
-0.689836 12.9148 2.70762
-0.00121819 -0.00582263 0.00821893
25
1
-0.674304 12.9274 2.65198
-0.0073912 -0.00949911 0.0169162
26
1
-0.654067 12.9468 2.59112
-0.0109277 -0.00367039 0.0361797
27
1
-0.644175 12.9613 2.53139
-0.00668945 -0.0170055 0.05139
28
1
-0.631835 12.9772 2.46328
-0.0109287 -0.014703 0.0385432
29
1
-0.623483 12.9859 2.39983
-0.00411106 -0.00106196 0.0277805
30
1
-0.621261 12.9845 2.34534
0.00492099 0.00694691 0.019446
31
1
-0.62316 12.9783 2.2968
0.00610241 0.0069555 0.0158365
32
1
-0.625945 12.9728 2.24846
0.00117989 0.00282558 0.0122253
33
1
-0.627746 12.969 2.19935
0.00244491 -0.000968346 0.0296723
34
1
-0.627125 12.9665 2.14679
-0.00243576 -0.00128403 0.0311451
35
1
-0.622564 12.9634 2.08875
-0.00616294 0.00470539 0.0225921
36
1
-0.616834 12.9583 2.02641
-0.0072615 0.00335172 0.0378847
37
1
-0.612283 12.9524 1.95965
-0.00149962 0.00176472 0.0475711
38
1
-0.61047 12.946 1.8923
0.00536339 0.00455637 0.0324201
39
1
-0.609349 12.9397 1.82768
0.000694093 0.00471284 0.0178917
40
1
-0.605814 12.932 1.76388
-0.00851765 0.0054061 0.0334892
41
1
-0.590272 12.9294 1.70189
-0.0184973 0.0016065 0.0551841
42
1
-0.575084 12.9402 1.64272
-0.00755641 -0.0113816 0.0481911
43
1
-0.563074 12.9519 1.58687
0.00285196 -0.00567434 0.0368985
44
1
-0.565664 12.9707 1.5373
-0.011415 -0.00717756 0.0092047
45
1
-0.549942 13.003 1.49123
-0.00880016 -0.0602593 0.0387872
46
1
-0.543114 13.0382 1.46214
0.0300454 0.0481142 0.0189719
47
1
-0.551085 13.0274 1.43334
-0.0358574 -0.00781033 0.00298834
48
1
-0.566485 13.0331 1.39801
0.0256978 -0.0195008 -0.00113701
49
1
-0.586158 13.06 1.34883
-0.0396686 0.0471117 0.0406048
50
1
-0.565157 13.0808 1.32382
-0.0571741 0.02616 0.0460285
51
1
-0.517377 13.0236 1.28869
0.00844747 0.00484948 0.00646676
52
1
-0.616092 13.0254 1.27078
-0.0124932 -0.0638178 0.0151623
53
1
-0.282426 12.9584 1.01376
0.0347497 0.0283967 0.063702
54
1
-0.346459 12.9019 0.852968
0.0145811 0.0157467 0.0749085
55
1
-0.289304 12.764 0.745679
-0.0321054 -0.0281379 -0.0198668
56
1
0.504317 15.4464 1.36864
-0.043782 -0.0185963 -0.0478318
57
1
-0.166004 13.4461 0.00502997
-0.0316388 -0.0268247 -0.0199827
58
1
0.0454368 16.7821 -0.0420093
-0.0348842 0.0239771 -0.0378641
59
1
-0.153428 13.449 -0.0533557
0.0319074 0.0242556 -0.00691753
60
1
-0.407247 15.4589 -1.44593
-0.0275493 -0.0500733 -0.0377319
61
1
-0.327264 12.5342 -1.00303
0.0190411 -0.00358889 -0.0140013
62
1
-0.213096 12.7366 -1.00819
-0.041669 -0.0257821 0.0605874
63
1
-0.130227 12.9485 -1.1886
-0.0447304 -0.0537505 0.0343792
64
1
-0.390378 12.8109 -1.39832
-0.0135765 0.0258762 0.0722354
65
1
-0.293304 12.8405 -1.43725
-0.0516497 0.0150707 -0.0107813
66
1
-0.285002 12.884 -1.47172
0.0553943 0.00719705 0.000926419
67
1
-0.286474 12.8746 -1.49941
0.0399506 -0.024474 -0.0290009
68
1
-0.28757 12.9345 -1.47359
-0.0247408 0.0526641 0.002237
69
1
-0.270252 12.9519 -1.49605
0.0219008 -0.0611697 0.0148631
70
1
-0.295722 12.9702 -1.50473
0.00100367 -0.0379794 0.0566979
71
1
-0.318767 12.9911 -1.51907
0.0105637 0.017033 0.0552745
72
1
-0.327769 13.0109 -1.59588
0.0346569 0.00471966 0.0446153
73
1
-0.349988 13.0152 -1.65871
0.0194228 0.00634395 0.0479526
74
1
-0.371017 13.0123 -1.72841
0.0309995 0.0100093 0.0426882
75
1
-0.404556 13.002 -1.78596
0.0330941 -0.00120235 0.0371022
76
1
-0.432158 13.004 -1.84383
0.0119296 -0.00432838 0.0244118
77
1
-0.456637 13.0077 -1.89855
0.00218504 -0.00456145 0.0191814
78
1
-0.474483 13.0174 -1.95557
0.00243114 -0.0052765 0.0301815
79
1
-0.491412 13.0262 -2.01592
0.0117266 -0.00400668 0.0370347
80
1
-0.511884 13.0333 -2.07409
0.0166 -0.00475718 0.0295309
81
1
-0.534076 13.0379 -2.12858
0.0145967 -0.00436446 0.021075
82
1
-0.554478 13.0404 -2.17956
0.00933532 0.0015651 0.0255978
83
1
-0.568497 13.0425 -2.22752
0.00356098 0.00136702 0.0254925
84
1
-0.578059 13.0452 -2.27453
0.00244623 -0.0020484 0.0136787
85
1
-0.585395 13.0485 -2.32301
-0.00171928 -0.00572043 0.018594
86
1
-0.592681 13.0516 -2.37298
2.25977e-005 -0.00549309 0.0222852
87
1
-0.603819 13.0495 -2.42791
0.00884588 0.00266353 0.0280877
88
1
-0.620835 13.036 -2.48819
0.0130759 0.0161595 0.03307
89
1
-0.640135 13.0139 -2.55165
0.0101051 0.0220819 0.0442776
90
1
-0.656117 12.9922 -2.60938
0.0144863 0.00957034 0.0368696
91
1
-0.680683 12.9674 -2.66718
0.0089113 0.0110394 0.0175681
92
1
-0.699041 12.9488 -2.72197
0.00178307 0.00648857 0.00875716
93
1
-0.723713 12.9174 -2.78431
0.0196233 0.012793 0.0320664
94
1
-0.750259 12.8875 -2.86768
0.0199889 0.0126002 0.064384
95
1
-0.770103 12.8598 -2.95753
0.000109474 0.0102103 0.0311626
96
1
-0.777365 12.8345 -3.03705
0.00793131 0.00627051 0.0488973
97
1
-0.776572 12.8089 -3.10967
-0.00302763 0.0069998 0.0314112
98
1
-0.769959 12.78 -3.17113
-0.00482673 0.0151004 0.0229955
99
1
-0.742221 12.7163 -3.23661
-0.021393 0.050933 0.0308087
100
1
-0.696119 12.6432 -3.28629
-0.0265566 0.0404643 0.0205555
101
1
-0.632782 12.5729 -3.32228
-0.0436084 0.0358406 0.0104914
102
1
-0.564452 12.5226 -3.35272
-0.0183418 0.0105652 0.00762924
103
1
-0.436731 12.4687 -3.39849
-0.0659474 0.0158146 0.0178502
104
1
-0.203454 12.4138 -3.4559
-0.0728813 0.00873929 0.0119365
105
1
-0.864865 6.37067 -0.0938001
-0.0506752 -0.00581795 0.00561071
106
1
-0.550873 11.5345 -0.710975
-0.0223872 -0.0204721 0.0538042
107
1
0.665399 11.5266 0.756259
-0.00469947 0.0672935 0.0118363
108
1
0.872874 6.36887 -0.0141715
-0.0477729 0.00615024 -0.0123579
109
1
0.205852 12.4138 -3.45506
-0.0725024 -0.00847915 -0.0120162
110
1
0.436277 12.4691 -3.39986
-0.0650387 -0.0154772 -0.0165152
111
1
0.559762 12.5236 -3.35667
-0.017465 -0.0105888 -0.00688326
112
1
0.623857 12.5743 -3.32771
-0.0409712 -0.0351975 -0.00817939
113
1
0.68189 12.6448 -3.29295
-0.0226749 -0.0417745 -0.0207472
114
1
0.722699 12.7173 -3.24261
-0.0168069 -0.0509726 -0.0314456
115
1
0.746345 12.7788 -3.17717
-0.00438383 -0.014071 -0.0231834
116
1
0.750972 12.8057 -3.11615
-0.00326681 -0.00545355 -0.0309636
117
1
0.752517 12.828 -3.04338
0.00686502 -0.00295504 -0.0475994
118
1
0.748285 12.8482 -2.96215
-0.00145237 -0.00794063 -0.0322078
119
1
0.732584 12.8684 -2.86445
0.0183832 -0.00719077 -0.0736831
120
1
0.710117 12.8891 -2.7745
0.0195403 -0.00978119 -0.034504
121
1
0.689832 12.9148 -2.70761
0.00121833 -0.00582272 -0.00821939
122
1
0.6743 12.9274 -2.65197
0.00739121 -0.00949926 -0.0169166
123
1
0.654063 12.9468 -2.59111
0.0109276 -0.00367113 -0.0361799
124
1
0.64417 12.9613 -2.53138
0.00668957 -0.0170063 -0.0513902
125
1
0.631828 12.9772 -2.46326
0.0109292 -0.0147034 -0.0385439
126
1
0.623475 12.9859 -2.39982
0.00411174 -0.00106231 -0.0277814
127
1
0.621251 12.9845 -2.34532
-0.00492033 0.00694655 -0.0194465
128
1
0.623147 12.9783 -2.29678
-0.00610168 0.00695513 -0.0158367
129
1
0.625929 12.9728 -2.24844
-0.0011792 0.00282515 -0.0122256
130
1
0.627726 12.969 -2.19933
-0.00244265 -0.000969236 -0.0296725
131
1
0.627099 12.9665 -2.14677
0.00243867 -0.00128526 -0.0311458
132
1
0.62253 12.9634 -2.08873
0.00616551 0.00470384 -0.022593
133
1
0.616788 12.9584 -2.02639
0.00726761 0.00334845 -0.0378872
134
1
0.612222 12.9525 -1.95963
0.00151067 0.00175977 -0.0475736
135
1
0.610389 12.946 -1.89228
-0.00535322 0.00455276 -0.0324199
136
1
0.609238 12.9397 -1.82765
-0.000686589 0.00471122 -0.0178927
137
1
0.605661 12.9321 -1.76385
0.00854098 0.00540891 -0.0334969
138
1
0.590058 12.9294 -1.70186
0.0185572 0.00163044 -0.055204
139
1
0.574774 12.9401 -1.64268
0.00765638 -0.0113296 -0.0481915
140
1
0.562794 12.9519 -1.58686
-0.00278675 -0.00564877 -0.0368592
141
1
0.565391 12.9705 -1.5373
0.0114286 -0.00716114 -0.00921157
142
1
0.549686 13.0028 -1.49135
0.00867641 -0.0601285 -0.0386808
143
1
0.542954 13.0381 -1.46233
-0.0302282 0.048325 -0.0188174
144
1
0.550989 13.0272 -1.43364
0.0360433 -0.00784257 -0.00300949
145
1
0.566247 13.033 -1.39831
-0.0258937 -0.0194371 0.00120502
146
1
0.585962 13.0598 -1.34903
0.0397831 0.0470069 -0.0406903
147
1
0.564824 13.0805 -1.32394
0.0571473 0.026131 -0.0460783
148
1
0.516981 13.0231 -1.28879
-0.00850057 0.00482371 -0.00640023
149
1
0.615885 13.0245 -1.27136
0.0122056 -0.0636311 -0.0152097
150
1
0.28262 12.9588 -1.01332
-0.0347766 0.0283052 -0.063728
151
1
0.347117 12.9023 -0.851934
-0.0145111 0.0158002 -0.0749108
152
1
0.289124 12.7648 -0.745081
0.0322677 -0.0286989 0.0199615
153
1
-0.504237 15.4464 -1.36867
0.0437958 -0.0185965 0.0478219
154
1
0.165994 13.4461 -0.0050239
0.03164 -0.0268255 0.0199812
155
1
-0.0454256 16.7821 0.0420514
0.0348842 0.0239762 0.0378646
156
1
0.153421 13.449 0.0533622
-0.0319075 0.0242536 0.00691856
157
1
0.407306 15.4589 1.44588
0.0275339 -0.0500709 0.0377427
158
1
0.327276 12.5343 1.00302
-0.0189761 -0.00359067 0.0140069
159
1
0.213091 12.7366 1.00828
0.0416508 -0.0257716 -0.0606044
160
1
0.130223 12.9484 1.18865
0.0447371 -0.0537347 -0.0343951
161
1
0.390518 12.8111 1.39808
0.0135587 0.0259256 -0.072221
162
1
0.293256 12.8406 1.43722
0.0516689 0.0150501 0.0108816
163
1
0.284922 12.8841 1.47168
-0.0553985 0.00720404 -0.000957226
164
1
0.286411 12.8747 1.49936
-0.039865 -0.0245858 0.0288967
165
1
0.287453 12.9347 1.47348
0.0245255 0.0529248 -0.00207537
166
1
0.270204 12.952 1.4959
-0.0218522 -0.0613462 -0.0150352
167
1
0.295743 12.9703 1.50463
-0.00100857 -0.0379901 -0.0567919
168
1
0.318861 12.9911 1.51906
-0.0105576 0.0170756 -0.0553641
169
1
0.327844 13.011 1.59586
-0.0346489 0.0047305 -0.0446292
170
1
0.350033 13.0151 1.65874
-0.0193999 0.00634463 -0.047946
171
1
0.371047 13.0123 1.72844
-0.0309866 0.010006 -0.0426851
172
1
0.404583 13.0019 1.78597
-0.0330873 -0.00120918 -0.0371031
173
1
0.432176 13.0039 1.84385
-0.011927 -0.00433281 -0.0244132
174
1
0.456651 13.0076 1.89857
-0.00218385 -0.00456379 -0.0191819
175
1
0.474493 13.0173 1.95559
-0.00242946 -0.00527962 -0.0301816
176
1
0.491419 13.0262 2.01594
-0.0117246 -0.00401038 -0.0370338
177
1
0.511888 13.0333 2.07411
-0.0165988 -0.00476013 -0.02953
178
1
0.534079 13.0379 2.1286
-0.0145965 -0.00436636 -0.0210751
179
1
0.55448 13.0404 2.17958
-0.00933455 0.00156357 -0.0255975
180
1
0.568498 13.0424 2.22754
-0.00356025 0.0013659 -0.0254926
181
1
0.57806 13.0452 2.27455
-0.00244601 -0.00204898 -0.0136789
182
1
0.585395 13.0485 2.32303
0.00171942 -0.00572093 -0.0185942
183
1
0.592682 13.0516 2.37299
-2.25999e-005 -0.00549356 -0.022285
184
1
0.60382 13.0495 2.42793
-0.00884588 0.00266296 -0.028087
185
1
0.620836 13.036 2.48821
-0.0130759 0.0161588 -0.033069
186
1
0.640137 13.0139 2.55166
-0.0101057 0.0220814 -0.0442768
187
1
0.65612 12.9922 2.6094
-0.0144871 0.00957017 -0.0368696
188
1
0.680686 12.9674 2.66719
-0.00891145 0.0110393 -0.0175678
189
1
0.699045 12.9488 2.72198
-0.00178299 0.00648854 -0.00875681
190
1
0.723716 12.9174 2.78432
-0.0196234 0.012793 -0.0320659
191
1
0.750262 12.8875 2.86769
-0.0199888 0.0126001 -0.0643841
192
1
0.770106 12.8598 2.95754
-0.000109091 0.0102104 -0.0311624
193
1
0.777367 12.8345 3.03706
-0.00793077 0.00627066 -0.048897
