194
0
1
0.723524 11.5531 2.28078
0.0140444 0.0220443 -0.0358476
1
1
0.703547 11.5134 2.35635
0.00636066 0.0111623 -0.0292673
2
1
0.67377 11.4775 2.45446
0.00945402 0.0219255 -0.0708589
3
1
0.626823 11.451 2.55007
0.0313627 0.00646607 -0.0400268
4
1
0.559619 11.4343 2.62541
0.0420479 -3.70509e-006 -0.0285129
5
1
0.489322 11.4283 2.68802
0.0232746 -0.00176672 -0.0146105
6
1
0.371411 11.3927 2.78757
0.0539842 0.0257862 -0.0499263
7
1
0.173144 11.3455 2.92702
0.0657615 0.00713467 -0.041187
8
1
0.206156 6.74328 0.0568544
-0.0379863 0.0325024 -0.00923176
9
1
1.83116 13.0691 0.0351242
-0.0622537 0.00247692 0.00705625
10
1
-1.83227 13.0902 0.113708
-0.0640467 -0.00472081 -0.00772848
11
1
-0.206625 6.74344 0.0552895
-0.0379211 -0.0322096 0.00884584
12
1
-0.172987 11.3455 2.92703
0.0657643 -0.00714368 0.041181
13
1
-0.371251 11.3928 2.78762
0.0539857 -0.0257956 0.0499198
14
1
-0.48916 11.4283 2.6881
0.023274 0.00176232 0.0146046
15
1
-0.559448 11.4344 2.6255
0.0420478 -2.97959e-006 0.0285005
16
1
-0.626645 11.4511 2.55018
0.0313595 -0.00646947 0.040015
17
1
-0.673584 11.4775 2.4546
0.00944631 -0.0219293 0.0708515
18
1
-0.703349 11.5135 2.35651
0.00635428 -0.0111633 0.029261
19
1
-0.723311 11.5532 2.28096
0.0140375 -0.0220437 0.0358351
20
1
-0.739982 11.6004 2.20171
0.00837608 -0.0332647 0.0413854
21
1
-0.750901 11.6414 2.11934
0.00312359 -0.0105613 0.038677
22
1
-0.755476 11.6761 2.03815
0.0077336 -0.0149059 0.049394
23
1
-0.750106 11.7149 1.96506
-0.0094482 -0.0221653 0.0309494
24
1
-0.7335 11.7544 1.90784
-0.011965 -0.0149739 0.0157886
25
1
-0.712693 11.7919 1.86137
-0.0152384 -0.0178564 0.0190869
26
1
-0.693088 11.8325 1.82053
-0.013884 -0.0211717 0.0216088
27
1
-0.678682 11.8768 1.78614
-0.00489585 -0.0196136 0.0160716
28
1
-0.671214 11.9232 1.75618
-0.00107195 -0.0217611 0.0107999
29
1
-0.670362 11.9729 1.72758
0.00416148 -0.028917 0.00937383
30
1
-0.674631 12.0232 1.7015
0.00561758 -0.0229085 0.00944777
31
1
-0.682005 12.0712 1.67348
0.00498459 -0.0207213 0.0119504
32
1
-0.690273 12.119 1.6429
0.00522595 -0.0255663 0.0174827
33
1
-0.698554 12.1647 1.61163
0.0049825 -0.023296 0.0200469
34
1
-0.706795 12.2094 1.58245
0.0054301 -0.0209704 0.0167368
35
1
-0.714555 12.2552 1.55511
0.00677191 -0.0239785 0.0135721
36
1
-0.719747 12.3009 1.53163
0.00396625 -0.0225969 0.0118446
37
1
-0.720305 12.3449 1.51092
-0.00168359 -0.0212968 0.0100073
38
1
-0.714284 12.3877 1.49246
-0.00501443 -0.0217874 0.00650059
39
1
-0.702872 12.4274 1.47596
-0.00346984 -0.0172773 0.00466466
40
1
-0.687664 12.4622 1.46137
-0.00499085 -0.0145049 0.00447848
41
1
-0.669627 12.4926 1.44668
-0.00937064 -0.0141896 0.00402679
42
1
-0.649189 12.5203 1.43049
-0.0103851 -0.0128357 0.00526553
43
1
-0.625284 12.546 1.41223
-0.0126811 -0.0119915 0.00851746
44
1
-0.596498 12.5702 1.39158
-0.0200217 -0.0111 0.01411
45
1
-0.563823 12.5936 1.36477
-0.0219746 -0.00665131 0.0191385
46
1
-0.525987 12.6152 1.33183
-0.0191439 -0.00260986 0.0187053
47
1
-0.485492 12.6361 1.29574
-0.0219553 -0.00185863 0.0160067
48
1
-0.443135 12.6612 1.25744
-0.0244368 -0.0111885 0.0167359
49
1
-0.403307 12.6975 1.21835
-0.0273597 -0.043655 0.0268541
50
1
-0.372695 12.7487 1.16905
-0.0120554 -0.0564257 0.0523704
51
1
-0.338961 12.7984 1.11693
-0.0189624 -0.00342177 0.0445227
52
1
-0.3003 12.8269 1.05823
-0.0252487 -0.0161393 0.00157525
53
1
-0.269895 12.8984 1.00165
-0.00292285 -0.0481158 0.0392231
54
1
-0.217178 12.9338 0.938621
-0.0409661 -0.00687107 0.0218926
55
1
-0.195237 12.9917 0.869061
0.0252741 -0.0217715 -0.00417744
56
1
-0.0704066 13.472 1.20469
-0.00147733 -0.00268925 0.0322116
57
1
-0.0258339 13.6593 0.134966
0.00623758 0.0301718 0.0451506
58
1
-0.0687531 14.3706 0.00108236
0.00144206 0.000285863 0.0776945
59
1
-0.0259065 13.6592 -0.135097
-0.00638622 -0.0302306 0.0451486
60
1
-0.0833511 13.4689 -1.21468
-0.00919653 -0.00219545 0.0339352
61
1
-0.189897 12.9983 -0.86347
-0.0237828 0.0199798 -0.00187119
62
1
-0.21306 12.943 -0.935749
0.0415473 0.00993304 0.0180735
63
1
-0.264038 12.9079 -0.998387
0.00460829 0.0468216 0.0360304
64
1
-0.296307 12.8363 -1.05489
0.0255618 0.0136921 0.0014515
65
1
-0.335703 12.8081 -1.11314
0.0197595 0.00596759 0.0477175
66
1
-0.370788 12.7564 -1.16532
0.013397 0.0572255 0.0511626
67
1
-0.402669 12.7041 -1.21399
0.0280374 0.0433937 0.0263287
68
1
-0.443368 12.6669 -1.25286
0.0245878 0.0116672 0.0168714
69
1
-0.485942 12.6411 -1.29103
0.0219553 0.00253084 0.0159164
70
1
-0.526524 12.6196 -1.32672
0.0191088 0.00317992 0.0184084
71
1
-0.564396 12.5974 -1.35955
0.0219422 0.00712603 0.0189196
72
1
-0.597294 12.5733 -1.3864
0.0200521 0.0114104 0.0142066
73
1
-0.626156 12.5486 -1.40722
0.0127165 0.0122 0.00872431
74
1
-0.650073 12.5225 -1.4257
0.010378 0.0129899 0.00549735
75
1
-0.670472 12.4944 -1.44216
0.00932212 0.0143068 0.00427161
76
1
-0.688432 12.4637 -1.45718
0.00498057 0.0146239 0.00469637
77
1
-0.703537 12.4287 -1.47219
0.00345341 0.0173773 0.00488538
78
1
-0.714888 12.3888 -1.48914
0.00496242 0.0218542 0.00676803
79
1
-0.72085 12.3457 -1.50806
0.00167456 0.0213851 0.0102568
80
1
-0.720261 12.3016 -1.5292
-0.00393189 0.0227011 0.0120608
81
1
-0.71503 12.2557 -1.5531
-0.00672521 0.0240673 0.0137696
82
1
-0.70725 12.2098 -1.58081
-0.00540787 0.0210419 0.0169081
83
1
-0.699 12.1651 -1.6103
-0.00497801 0.0233574 0.0201992
84
1
-0.690704 12.1193 -1.64183
-0.00522128 0.0256113 0.0175994
85
1
-0.682413 12.0714 -1.67262
-0.00498138 0.0207536 0.0120231
86
1
-0.675015 12.0234 -1.70079
-0.00561482 0.0229387 0.00951005
87
1
-0.670723 11.973 -1.72698
-0.00416388 0.0289476 0.00943497
88
1
-0.671551 11.9232 -1.75567
0.00106217 0.0217838 0.0108342
89
1
-0.679003 11.8768 -1.78571
0.00488299 0.0196334 0.0160914
90
1
-0.693397 11.8325 -1.82017
0.0138694 0.0211898 0.0216189
91
1
-0.712993 11.7919 -1.86105
0.0152303 0.0178717 0.0190942
92
1
-0.733786 11.7543 -1.90755
0.0119619 0.014985 0.0157968
93
1
-0.750374 11.7148 -1.96479
0.00944265 0.0221722 0.0309607
94
1
-0.755731 11.6761 -2.03791
-0.00773806 0.0149024 0.0493981
95
1
-0.751144 11.6413 -2.11912
-0.00312785 0.0105572 0.038683
96
1
-0.74021 11.6003 -2.20151
-0.00838296 0.033261 0.0414
97
1
-0.723524 11.5531 -2.28078
-0.0140444 0.0220443 0.0358476
98
1
-0.703547 11.5134 -2.35635
-0.00636066 0.0111623 0.0292673
99
1
-0.67377 11.4775 -2.45446
-0.00945403 0.0219255 0.0708589
100
1
-0.626823 11.451 -2.55007
-0.0313627 0.00646607 0.0400268
101
1
-0.559619 11.4343 -2.62541
-0.0420478 -3.7048e-006 0.0285129
102
1
-0.489322 11.4283 -2.68803
-0.0232746 -0.00176672 0.0146105
103
1
-0.371411 11.3927 -2.78757
-0.0539841 0.0257862 0.0499263
104
1
-0.173144 11.3455 -2.92702
-0.0657615 0.00713467 0.041187
105
1
-0.206154 6.74328 -0.0568656
0.0379862 0.0325034 0.00923145
106
1
-1.83115 13.0691 -0.035292
0.0622556 0.0024782 -0.00704317
107
1
1.83225 13.0903 -0.113873
0.0640489 -0.00472073 0.00771484
108
1
0.206623 6.74344 -0.0553007
0.0379211 -0.0322105 -0.00884554
109
1
0.172987 11.3455 -2.92703
-0.0657643 -0.00714369 -0.041181
110
1
0.371251 11.3928 -2.78762
-0.0539857 -0.0257956 -0.0499198
111
1
0.48916 11.4283 -2.6881
-0.023274 0.00176232 -0.0146046
112
1
0.559448 11.4344 -2.6255
-0.0420478 -2.97913e-006 -0.0285005
113
1
0.626645 11.4511 -2.55018
-0.0313595 -0.00646947 -0.040015
114
1
0.673584 11.4775 -2.4546
-0.00944631 -0.0219293 -0.0708515
115
1
0.703349 11.5135 -2.35651
-0.00635428 -0.0111633 -0.029261
116
1
0.723311 11.5532 -2.28096
-0.0140375 -0.0220437 -0.0358351
117
1
0.739982 11.6004 -2.20171
-0.00837608 -0.0332647 -0.0413854
118
1
0.750901 11.6414 -2.11934
-0.00312359 -0.0105613 -0.038677
119
1
0.755476 11.6761 -2.03815
-0.00773359 -0.0149059 -0.049394
120
1
0.750106 11.7149 -1.96506
0.00944821 -0.0221653 -0.0309494
121
1
0.7335 11.7544 -1.90784
0.011965 -0.0149739 -0.0157886
122
1
0.712693 11.7919 -1.86137
0.0152384 -0.0178564 -0.0190869
123
1
0.693088 11.8325 -1.82053
0.013884 -0.0211717 -0.0216088
124
1
0.678682 11.8768 -1.78614
0.00489585 -0.0196136 -0.0160716
125
1
0.671214 11.9232 -1.75618
0.00107195 -0.0217611 -0.0107999
126
1
0.670362 11.9729 -1.72758
-0.00416148 -0.028917 -0.00937384
127
1
0.674631 12.0232 -1.7015
-0.00561758 -0.0229085 -0.00944778
128
1
0.682005 12.0712 -1.67348
-0.00498458 -0.0207213 -0.0119504
129
1
0.690273 12.119 -1.6429
-0.00522594 -0.0255663 -0.0174828
130
1
0.698553 12.1647 -1.61163
-0.00498249 -0.023296 -0.0200469
131
1
0.706795 12.2094 -1.58245
-0.00543009 -0.0209704 -0.0167369
132
1
0.714555 12.2552 -1.55511
-0.00677189 -0.0239785 -0.0135721
133
1
0.719747 12.3009 -1.53163
-0.00396623 -0.0225969 -0.0118446
134
1
0.720304 12.3449 -1.51092
0.0016836 -0.0212968 -0.0100074
135
1
0.714284 12.3877 -1.49246
0.00501444 -0.0217873 -0.00650063
136
1
0.702872 12.4274 -1.47596
0.00346985 -0.0172773 -0.00466469
137
1
0.687664 12.4622 -1.46137
0.00499086 -0.0145049 -0.00447851
138
1
0.669627 12.4926 -1.44668
0.00937064 -0.0141896 -0.00402682
139
1
0.649188 12.5203 -1.43049
0.0103851 -0.0128357 -0.00526557
140
1
0.625284 12.546 -1.41223
0.0126811 -0.0119915 -0.00851751
141
1
0.596498 12.5702 -1.39158
0.0200216 -0.0111 -0.0141101
142
1
0.563823 12.5936 -1.36477
0.0219745 -0.00665126 -0.0191386
143
1
0.525988 12.6152 -1.33183
0.0191438 -0.00260982 -0.0187054
144
1
0.485493 12.6361 -1.29574
0.0219552 -0.0018586 -0.0160067
145
1
0.443136 12.6612 -1.25743
0.0244366 -0.0111884 -0.016736
146
1
0.403308 12.6975 -1.21834
0.0273593 -0.043655 -0.0268541
147
1
0.372697 12.7487 -1.16904
0.0120551 -0.056426 -0.0523701
148
1
0.338963 12.7984 -1.11693
0.0189621 -0.00342211 -0.0445229
149
1
0.300303 12.8269 -1.05822
0.0252483 -0.016139 -0.00157523
150
1
0.269898 12.8984 -1.00165
0.0029228 -0.0481161 -0.0392224
151
1
0.217183 12.9338 -0.93862
0.040966 -0.0068719 -0.0218924
152
1
0.195242 12.9917 -0.869061
-0.0252735 -0.021771 0.00417798
153
1
0.0704076 13.472 -1.2047
0.0014777 -0.00269041 -0.0322113
154
1
0.0258339 13.6593 -0.134967
-0.00623758 0.0301717 -0.0451506
155
1
0.0687532 14.3706 -0.00108044
-0.00144212 0.000286404 -0.0776945
156
1
0.0259065 13.6592 0.135096
0.00638622 -0.0302306 -0.0451486
157
1
0.0833512 13.4689 1.21467
0.00919716 -0.00219679 -0.0339356
158
1
0.189891 12.9983 0.863468
0.0237835 0.0199798 0.00186992
159
1
0.213054 12.943 0.935749
-0.0415481 0.00993272 -0.0180731
160
1
0.264032 12.9079 0.998388
-0.00460869 0.0468208 -0.0360307
161
1
0.296303 12.8363 1.05489
-0.0255622 0.0136921 -0.00145154
162
1
0.3357 12.8081 1.11314
-0.01976 0.0059675 -0.0477175
163
1
0.370785 12.7564 1.16532
-0.0133976 0.0572253 -0.0511627
164
1
0.402668 12.7041 1.21399
-0.0280379 0.0433936 -0.0263285
165
1
0.443367 12.6669 1.25286
-0.0245881 0.0116673 -0.0168714
166
1
0.485941 12.6411 1.29103
-0.0219555 0.00253092 -0.0159163
167
1
0.526524 12.6196 1.32672
-0.0191089 0.00318 -0.0184082
168
1
0.564396 12.5974 1.35955
-0.0219423 0.00712612 -0.0189195
169
1
0.597294 12.5733 1.3864
-0.0200522 0.0114104 -0.0142065
170
1
0.626156 12.5486 1.40723
-0.0127165 0.0122001 -0.00872427
171
1
0.650073 12.5225 1.4257
-0.010378 0.0129899 -0.00549732
172
1
0.670472 12.4944 1.44216
-0.00932213 0.0143068 -0.00427159
173
1
0.688432 12.4637 1.45718
-0.00498057 0.0146239 -0.00469635
174
1
0.703537 12.4287 1.47219
-0.0034534 0.0173773 -0.00488536
175
1
0.714888 12.3888 1.48914
-0.00496241 0.0218542 -0.00676801
176
1
0.72085 12.3457 1.50806
-0.00167454 0.0213851 -0.0102568
177
1
0.720261 12.3016 1.5292
0.00393191 0.0227011 -0.0120607
178
1
0.71503 12.2557 1.5531
0.00672522 0.0240673 -0.0137695
179
1
0.70725 12.2098 1.58081
0.00540788 0.0210419 -0.016908
180
1
0.699 12.1651 1.6103
0.00497802 0.0233574 -0.0201992
181
1
0.690704 12.1193 1.64183
0.00522129 0.0256113 -0.0175994
182
1
0.682413 12.0714 1.67262
0.00498139 0.0207536 -0.0120231
183
1
0.675015 12.0234 1.70079
0.00561482 0.0229387 -0.00951004
184
1
0.670723 11.973 1.72698
0.00416388 0.0289476 -0.00943496
185
1
0.671551 11.9232 1.75567
-0.00106217 0.0217838 -0.0108342
186
1
0.679003 11.8768 1.78571
-0.00488299 0.0196334 -0.0160914
187
1
0.693397 11.8325 1.82017
-0.0138694 0.0211898 -0.0216189
188
1
0.712993 11.7919 1.86105
-0.0152303 0.0178717 -0.0190942
189
1
0.733786 11.7543 1.90755
-0.0119619 0.014985 -0.0157968
190
1
0.750374 11.7148 1.96479
-0.00944265 0.0221722 -0.0309607
191
1
0.755731 11.6761 2.03791
0.00773807 0.0149024 -0.049398
192
1
0.751144 11.6413 2.11912
0.00312785 0.0105572 -0.0386829
193
1
0.74021 11.6003 2.20151
0.00838296 0.033261 -0.0414
