194
0
1
0.904904 2.88568 1.29281
0.0335167 -0.0244159 -0.0214904
1
1
0.83549 2.93061 1.33298
0.0372932 -0.0226437 -0.0197612
2
1
0.757831 2.97242 1.37055
0.0410121 -0.0198367 -0.0182701
3
1
0.672592 3.00992 1.40539
0.0448456 -0.0178594 -0.0167054
4
1
0.58047 3.04324 1.43687
0.0473266 -0.0153787 -0.0150845
5
1
0.482875 3.07269 1.46458
0.0494414 -0.0136828 -0.013345
6
1
0.380763 3.0985 1.4877
0.0517602 -0.0117035 -0.0109187
7
1
0.27488 3.11889 1.50596
0.053579 -0.00890652 -0.00840796
8
1
0.16608 3.13234 1.51888
0.0548151 -0.00504858 -0.00528445
9
1
0.0555393 3.13867 1.52533
0.0555615 -0.00129816 -0.00177774
10
1
-0.0555393 3.13867 1.52533
0.0555615 0.00129816 0.00177774
11
1
-0.16608 3.13234 1.51888
0.0548151 0.00504858 0.00528445
12
1
-0.27488 3.11889 1.50596
0.053579 0.00890652 0.00840796
13
1
-0.380763 3.0985 1.4877
0.0517602 0.0117035 0.0109187
14
1
-0.482875 3.07269 1.46458
0.0494414 0.0136828 0.013345
15
1
-0.58047 3.04324 1.43687
0.0473266 0.0153787 0.0150845
16
1
-0.672592 3.00992 1.40539
0.0448456 0.0178594 0.0167054
17
1
-0.757831 2.97242 1.37055
0.0410121 0.0198367 0.0182701
18
1
-0.83549 2.93061 1.33298
0.0372932 0.0226437 0.0197612
19
1
-0.904904 2.88568 1.29281
0.0335167 0.0244159 0.0214904
20
1
-0.966117 2.83937 1.25089
0.0290716 0.0240793 0.0217554
21
1
-1.02028 2.79277 1.20774
0.0256796 0.0237179 0.0220042
22
1
-1.06837 2.74658 1.16417
0.0227623 0.0230617 0.0220401
23
1
-1.11115 2.70072 1.1203
0.0204114 0.022453 0.0221532
24
1
-1.14875 2.65485 1.07688
0.0176177 0.0226578 0.0217301
25
1
-1.18147 2.60877 1.03398
0.0149604 0.023088 0.0217086
26
1
-1.20919 2.56241 0.991073
0.0123912 0.0232772 0.0215461
27
1
-1.23196 2.51548 0.948675
0.00988668 0.0236194 0.0209652
28
1
-1.25053 2.46832 0.906681
0.00756547 0.0240688 0.0208303
29
1
-1.26511 2.4213 0.864563
0.00565272 0.0240483 0.021005
30
1
-1.27589 2.37449 0.82245
0.00421812 0.0236138 0.0209187
31
1
-1.28336 2.3279 0.780794
0.00268642 0.0231119 0.0208472
32
1
-1.28799 2.28159 0.739841
0.000897731 0.0228646 0.020805
33
1
-1.28987 2.23534 0.699859
-0.000492576 0.0230998 0.0200966
34
1
-1.28918 2.18846 0.661568
-0.00117165 0.0237451 0.0186923
35
1
-1.2865 2.14065 0.625618
-0.00166495 0.0243036 0.017293
36
1
-1.28206 2.09221 0.592322
-0.00252962 0.0244604 0.0160171
37
1
-1.27547 2.04363 0.56175
-0.00377031 0.0244367 0.0143618
38
1
-1.26625 1.99494 0.534425
-0.00507443 0.0244911 0.0122262
39
1
-1.25457 1.94596 0.511039
-0.00619727 0.0245793 0.010061
40
1
-1.24144 1.89666 0.491686
-0.00710697 0.0244794 0.00827249
41
1
-1.22794 1.84734 0.47546
-0.00782416 0.0241631 0.00690874
42
1
-1.21474 1.7983 0.461108
-0.00824713 0.023831 0.00587232
43
1
-1.20207 1.74968 0.447649
-0.0081836 0.0236938 0.00516705
44
1
-1.19052 1.70131 0.434589
-0.00748518 0.0237989 0.00492049
45
1
-1.18112 1.65306 0.421325
-0.00612173 0.0240505 0.00523697
46
1
-1.17514 1.60506 0.406921
-0.00418251 0.024228 0.00612007
47
1
-1.17301 1.55803 0.390096
-0.00183487 0.0241206 0.00747784
48
1
-1.1746 1.51286 0.369926
0.000671048 0.0235274 0.00917306
49
1
-1.17895 1.47041 0.345952
0.00302689 0.0223893 0.0110852
50
1
-1.18509 1.43135 0.318187
0.00485731 0.0206828 0.0130982
51
1
-1.19207 1.39609 0.286953
0.00590071 0.0185443 0.0152069
52
1
-1.19918 1.36497 0.252628
0.00594656 0.0159792 0.0173074
53
1
-1.206 1.33839 0.215415
0.00514463 0.013071 0.0193225
54
1
-1.21213 1.3164 0.175728
0.00392833 0.0099845 0.0211389
55
1
-1.21724 1.29922 0.133871
0.00279354 0.00691454 0.0225103
56
1
-1.22108 1.28696 0.0902892
0.00189792 0.00410373 0.0231775
57
1
-1.22358 1.27981 0.0454512
0.00101348 0.00179766 0.0232119
58
1
-1.22452 1.27737 -3.30336e-015
-2.04884e-017 -1.9178e-016 0.0231282
59
1
-1.22358 1.27981 -0.0454512
-0.00101348 -0.00179766 0.0232119
60
1
-1.22108 1.28696 -0.0902892
-0.00189792 -0.00410373 0.0231775
61
1
-1.21724 1.29922 -0.133871
-0.00279354 -0.00691454 0.0225103
62
1
-1.21213 1.3164 -0.175728
-0.00392833 -0.0099845 0.0211389
63
1
-1.206 1.33839 -0.215415
-0.00514463 -0.013071 0.0193225
64
1
-1.19918 1.36497 -0.252628
-0.00594656 -0.0159792 0.0173074
65
1
-1.19207 1.39609 -0.286953
-0.00590071 -0.0185443 0.0152069
66
1
-1.18509 1.43135 -0.318187
-0.00485731 -0.0206828 0.0130982
67
1
-1.17895 1.47041 -0.345952
-0.00302689 -0.0223893 0.0110852
68
1
-1.1746 1.51286 -0.369926
-0.000671048 -0.0235274 0.00917306
69
1
-1.17301 1.55803 -0.390096
0.00183487 -0.0241206 0.00747784
70
1
-1.17514 1.60506 -0.406921
0.00418251 -0.024228 0.00612007
71
1
-1.18112 1.65306 -0.421325
0.00612173 -0.0240505 0.00523697
72
1
-1.19052 1.70131 -0.434589
0.00748518 -0.0237989 0.00492049
73
1
-1.20207 1.74968 -0.447649
0.0081836 -0.0236938 0.00516705
74
1
-1.21474 1.7983 -0.461108
0.00824713 -0.023831 0.00587232
75
1
-1.22794 1.84734 -0.47546
0.00782416 -0.0241631 0.00690874
76
1
-1.24144 1.89666 -0.491686
0.00710697 -0.0244794 0.00827249
77
1
-1.25457 1.94596 -0.511039
0.00619727 -0.0245793 0.010061
78
1
-1.26625 1.99494 -0.534425
0.00507443 -0.0244911 0.0122262
79
1
-1.27547 2.04363 -0.56175
0.00377031 -0.0244367 0.0143618
80
1
-1.28206 2.09221 -0.592322
0.00252962 -0.0244604 0.0160171
81
1
-1.2865 2.14065 -0.625618
0.00166495 -0.0243036 0.017293
82
1
-1.28918 2.18846 -0.661568
0.00117165 -0.0237451 0.0186923
83
1
-1.28987 2.23534 -0.699859
0.000492576 -0.0230998 0.0200966
84
1
-1.28799 2.28159 -0.739841
-0.000897731 -0.0228646 0.020805
85
1
-1.28336 2.3279 -0.780794
-0.00268642 -0.0231119 0.0208472
86
1
-1.27589 2.37449 -0.82245
-0.00421812 -0.0236138 0.0209187
87
1
-1.26511 2.4213 -0.864563
-0.00565272 -0.0240483 0.021005
88
1
-1.25053 2.46832 -0.906681
-0.00756547 -0.0240688 0.0208303
89
1
-1.23196 2.51548 -0.948675
-0.00988668 -0.0236194 0.0209652
90
1
-1.20919 2.56241 -0.991073
-0.0123912 -0.0232772 0.0215461
91
1
-1.18147 2.60877 -1.03398
-0.0149604 -0.023088 0.0217086
92
1
-1.14875 2.65485 -1.07688
-0.0176177 -0.0226578 0.0217301
93
1
-1.11115 2.70072 -1.1203
-0.0204114 -0.022453 0.0221532
94
1
-1.06837 2.74658 -1.16417
-0.0227623 -0.0230617 0.0220401
95
1
-1.02028 2.79277 -1.20774
-0.0256796 -0.0237179 0.0220042
96
1
-0.966117 2.83937 -1.25089
-0.0290716 -0.0240793 0.0217554
97
1
-0.904904 2.88568 -1.29281
-0.0335167 -0.0244159 0.0214904
98
1
-0.83549 2.93061 -1.33298
-0.0372932 -0.0226437 0.0197612
99
1
-0.757831 2.97242 -1.37055
-0.0410121 -0.0198367 0.0182701
100
1
-0.672592 3.00992 -1.40539
-0.0448456 -0.0178594 0.0167054
101
1
-0.58047 3.04324 -1.43687
-0.0473266 -0.0153787 0.0150845
102
1
-0.482875 3.07269 -1.46458
-0.0494414 -0.0136828 0.013345
103
1
-0.380763 3.0985 -1.4877
-0.0517602 -0.0117035 0.0109187
104
1
-0.27488 3.11889 -1.50596
-0.053579 -0.00890652 0.00840796
105
1
-0.16608 3.13234 -1.51888
-0.0548151 -0.00504858 0.00528445
106
1
-0.0555393 3.13867 -1.52533
-0.0555615 -0.00129816 0.00177774
107
1
0.0555393 3.13867 -1.52533
-0.0555615 0.00129816 -0.00177774
108
1
0.16608 3.13234 -1.51888
-0.0548151 0.00504858 -0.00528445
109
1
0.27488 3.11889 -1.50596
-0.053579 0.00890652 -0.00840796
110
1
0.380763 3.0985 -1.4877
-0.0517602 0.0117035 -0.0109187
111
1
0.482875 3.07269 -1.46458
-0.0494414 0.0136828 -0.013345
112
1
0.58047 3.04324 -1.43687
-0.0473266 0.0153787 -0.0150845
113
1
0.672592 3.00992 -1.40539
-0.0448456 0.0178594 -0.0167054
114
1
0.757831 2.97242 -1.37055
-0.0410121 0.0198367 -0.0182701
115
1
0.83549 2.93061 -1.33298
-0.0372932 0.0226437 -0.0197612
116
1
0.904904 2.88568 -1.29281
-0.0335167 0.0244159 -0.0214904
117
1
0.966117 2.83937 -1.25089
-0.0290716 0.0240793 -0.0217554
118
1
1.02028 2.79277 -1.20774
-0.0256796 0.0237179 -0.0220042
119
1
1.06837 2.74658 -1.16417
-0.0227623 0.0230617 -0.0220401
120
1
1.11115 2.70072 -1.1203
-0.0204114 0.022453 -0.0221532
121
1
1.14875 2.65485 -1.07688
-0.0176177 0.0226578 -0.0217301
122
1
1.18147 2.60877 -1.03398
-0.0149604 0.023088 -0.0217086
123
1
1.20919 2.56241 -0.991073
-0.0123912 0.0232772 -0.0215461
124
1
1.23196 2.51548 -0.948675
-0.00988668 0.0236194 -0.0209652
125
1
1.25053 2.46832 -0.906681
-0.00756547 0.0240688 -0.0208303
126
1
1.26511 2.4213 -0.864563
-0.00565272 0.0240483 -0.021005
127
1
1.27589 2.37449 -0.82245
-0.00421812 0.0236138 -0.0209187
128
1
1.28336 2.3279 -0.780794
-0.00268642 0.0231119 -0.0208472
129
1
1.28799 2.28159 -0.739841
-0.000897731 0.0228646 -0.020805
130
1
1.28987 2.23534 -0.699859
0.000492576 0.0230998 -0.0200966
131
1
1.28918 2.18846 -0.661568
0.00117165 0.0237451 -0.0186923
132
1
1.2865 2.14065 -0.625618
0.00166495 0.0243036 -0.017293
133
1
1.28206 2.09221 -0.592322
0.00252962 0.0244604 -0.0160171
134
1
1.27547 2.04363 -0.56175
0.00377031 0.0244367 -0.0143618
135
1
1.26625 1.99494 -0.534425
0.00507443 0.0244911 -0.0122262
136
1
1.25457 1.94596 -0.511039
0.00619727 0.0245793 -0.010061
137
1
1.24144 1.89666 -0.491686
0.00710697 0.0244794 -0.00827249
138
1
1.22794 1.84734 -0.47546
0.00782416 0.0241631 -0.00690874
139
1
1.21474 1.7983 -0.461108
0.00824713 0.023831 -0.00587232
140
1
1.20207 1.74968 -0.447649
0.0081836 0.0236938 -0.00516705
141
1
1.19052 1.70131 -0.434589
0.00748518 0.0237989 -0.00492049
142
1
1.18112 1.65306 -0.421325
0.00612173 0.0240505 -0.00523697
143
1
1.17514 1.60506 -0.406921
0.00418251 0.024228 -0.00612007
144
1
1.17301 1.55803 -0.390096
0.00183487 0.0241206 -0.00747784
145
1
1.1746 1.51286 -0.369926
-0.000671048 0.0235274 -0.00917306
146
1
1.17895 1.47041 -0.345952
-0.00302689 0.0223893 -0.0110852
147
1
1.18509 1.43135 -0.318187
-0.00485731 0.0206828 -0.0130982
148
1
1.19207 1.39609 -0.286953
-0.00590071 0.0185443 -0.0152069
149
1
1.19918 1.36497 -0.252628
-0.00594656 0.0159792 -0.0173074
150
1
1.206 1.33839 -0.215415
-0.00514463 0.013071 -0.0193225
151
1
1.21213 1.3164 -0.175728
-0.00392833 0.0099845 -0.0211389
152
1
1.21724 1.29922 -0.133871
-0.00279354 0.00691454 -0.0225103
153
1
1.22108 1.28696 -0.0902892
-0.00189792 0.00410373 -0.0231775
154
1
1.22358 1.27981 -0.0454512
-0.00101348 0.00179766 -0.0232119
155
1
1.22452 1.27737 -2.54396e-015
2.45969e-017 1.01836e-016 -0.0231282
156
1
1.22358 1.27981 0.0454512
0.00101348 -0.00179766 -0.0232119
157
1
1.22108 1.28696 0.0902892
0.00189792 -0.00410373 -0.0231775
158
1
1.21724 1.29922 0.133871
0.00279354 -0.00691454 -0.0225103
159
1
1.21213 1.3164 0.175728
0.00392833 -0.0099845 -0.0211389
160
1
1.206 1.33839 0.215415
0.00514463 -0.013071 -0.0193225
161
1
1.19918 1.36497 0.252628
0.00594656 -0.0159792 -0.0173074
162
1
1.19207 1.39609 0.286953
0.00590071 -0.0185443 -0.0152069
163
1
1.18509 1.43135 0.318187
0.00485731 -0.0206828 -0.0130982
164
1
1.17895 1.47041 0.345952
0.00302689 -0.0223893 -0.0110852
165
1
1.1746 1.51286 0.369926
0.000671048 -0.0235274 -0.00917306
166
1
1.17301 1.55803 0.390096
-0.00183487 -0.0241206 -0.00747784
167
1
1.17514 1.60506 0.406921
-0.00418251 -0.024228 -0.00612007
168
1
1.18112 1.65306 0.421325
-0.00612173 -0.0240505 -0.00523697
169
1
1.19052 1.70131 0.434589
-0.00748518 -0.0237989 -0.00492049
170
1
1.20207 1.74968 0.447649
-0.0081836 -0.0236938 -0.00516705
171
1
1.21474 1.7983 0.461108
-0.00824713 -0.023831 -0.00587232
172
1
1.22794 1.84734 0.47546
-0.00782416 -0.0241631 -0.00690874
173
1
1.24144 1.89666 0.491686
-0.00710697 -0.0244794 -0.00827249
174
1
1.25457 1.94596 0.511039
-0.00619727 -0.0245793 -0.010061
175
1
1.26625 1.99494 0.534425
-0.00507443 -0.0244911 -0.0122262
176
1
1.27547 2.04363 0.56175
-0.00377031 -0.0244367 -0.0143618
177
1
1.28206 2.09221 0.592322
-0.00252962 -0.0244604 -0.0160171
178
1
1.2865 2.14065 0.625618
-0.00166495 -0.0243036 -0.017293
179
1
1.28918 2.18846 0.661568
-0.00117165 -0.0237451 -0.0186923
180
1
1.28987 2.23534 0.699859
-0.000492576 -0.0230998 -0.0200966
181
1
1.28799 2.28159 0.739841
0.000897731 -0.0228646 -0.020805
182
1
1.28336 2.3279 0.780794
0.00268642 -0.0231119 -0.0208472
183
1
1.27589 2.37449 0.82245
0.00421812 -0.0236138 -0.0209187
184
1
1.26511 2.4213 0.864563
0.00565272 -0.0240483 -0.021005
185
1
1.25053 2.46832 0.906681
0.00756547 -0.0240688 -0.0208303
186
1
1.23196 2.51548 0.948675
0.00988668 -0.0236194 -0.0209652
187
1
1.20919 2.56241 0.991073
0.0123912 -0.0232772 -0.0215461
188
1
1.18147 2.60877 1.03398
0.0149604 -0.023088 -0.0217086
189
1
1.14875 2.65485 1.07688
0.0176177 -0.0226578 -0.0217301
190
1
1.11115 2.70072 1.1203
0.0204114 -0.022453 -0.0221532
191
1
1.06837 2.74658 1.16417
0.0227623 -0.0230617 -0.0220401
192
1
1.02028 2.79277 1.20774
0.0256796 -0.0237179 -0.0220042
193
1
0.966117 2.83937 1.25089
0.0290716 -0.0240793 -0.0217554
