194
0
1
1.48462 7.26327 0.826769
0.0365388 0.0196545 0.0304306
1
1
1.41184 7.22126 0.765287
0.0372642 0.0211112 0.0320841
2
1
1.33124 7.17188 0.70023
0.0443693 0.0244933 0.0332315
3
1
1.24324 7.11653 0.635482
0.0451114 0.0295603 0.0323106
4
1
1.14957 7.05295 0.566007
0.0470502 0.0346027 0.0326804
5
1
1.04921 6.98373 0.484875
0.0538538 0.0360487 0.0429188
6
1
0.929867 6.91556 0.37719
0.0491101 0.0245697 0.0552845
7
1
0.788849 6.857 0.194526
0.0433524 0.0110704 0.0637955
8
1
0.256197 6.37503 0.0765165
-0.0242258 0.0320385 -0.0127818
9
1
0.0481285 9.43475 0.78792
0.000824858 -0.00279178 -0.0778677
10
1
-0.0481285 9.43475 0.78792
0.000824858 0.00279178 0.0778677
11
1
-0.256197 6.37503 0.0765164
-0.0242258 -0.0320385 0.0127818
12
1
-0.788849 6.857 0.194526
0.0433524 -0.0110704 -0.0637955
13
1
-0.929867 6.91556 0.37719
0.0491101 -0.0245697 -0.0552845
14
1
-1.04921 6.98373 0.484875
0.0538538 -0.0360487 -0.0429188
15
1
-1.14957 7.05295 0.566007
0.0470502 -0.0346027 -0.0326804
16
1
-1.24324 7.11653 0.635482
0.0451114 -0.0295603 -0.0323106
17
1
-1.33124 7.17188 0.70023
0.0443693 -0.0244933 -0.0332315
18
1
-1.41184 7.22126 0.765287
0.0372642 -0.0211112 -0.0320841
19
1
-1.48462 7.26327 0.826769
0.0365388 -0.0196545 -0.0304306
20
1
-1.55365 7.29701 0.880895
0.0334682 -0.0149374 -0.0260511
21
1
-1.62035 7.32443 0.926825
0.0313555 -0.0128657 -0.0212817
22
1
-1.68353 7.34626 0.965322
0.0307027 -0.0112759 -0.0186907
23
1
-1.74588 7.36278 0.998794
0.0296099 -0.0075264 -0.0155985
24
1
-1.8079 7.37327 1.02702
0.0307104 -0.00426499 -0.0129544
25
1
-1.86917 7.37885 1.04961
0.0309776 -0.00245339 -0.0106489
26
1
-1.92954 7.38086 1.06669
0.0284924 -0.000751344 -0.00751408
27
1
-1.98803 7.38024 1.07849
0.0278397 0.000829106 -0.00487589
28
1
-2.04519 7.3777 1.08605
0.0287562 0.00205006 -0.00359659
29
1
-2.10168 7.37316 1.09027
0.0282121 0.00299221 -0.00221458
30
1
-2.15693 7.36655 1.0914
0.0273674 0.00410481 -0.000457245
31
1
-2.21099 7.35823 1.08894
0.0269943 0.00492652 0.00156849
32
1
-2.26367 7.34811 1.08263
0.0260957 0.00567613 0.00391421
33
1
-2.31439 7.33611 1.07285
0.0253691 0.00697344 0.0058797
34
1
-2.36323 7.32264 1.05993
0.0244957 0.00780456 0.00734156
35
1
-2.40999 7.30821 1.0439
0.0223365 0.00768601 0.00899393
36
1
-2.45419 7.2927 1.0253
0.0207928 0.00791441 0.0101557
37
1
-2.49664 7.276 1.0045
0.0208513 0.00861918 0.0108264
38
1
-2.53748 7.25768 0.98101
0.0203204 0.00929498 0.0119772
39
1
-2.57573 7.23749 0.954665
0.0186103 0.00994363 0.013422
40
1
-2.61083 7.21626 0.926008
0.0178038 0.0107229 0.014486
41
1
-2.64284 7.19463 0.895457
0.0166454 0.011236 0.0153862
42
1
-2.671 7.17257 0.862564
0.0135523 0.0115428 0.0167522
43
1
-2.69523 7.15042 0.826985
0.011108 0.0119319 0.0185088
44
1
-2.71556 7.12801 0.788326
0.00958252 0.0116936 0.0202838
45
1
-2.73179 7.10531 0.746157
0.00643582 0.0111176 0.0225227
46
1
-2.74313 7.08327 0.699884
0.00243604 0.0113992 0.0248735
47
1
-2.7491 7.06212 0.649963
-0.00053068 0.011537 0.0264266
48
1
-2.75013 7.04202 0.597388
-0.00257306 0.0106437 0.0278023
49
1
-2.74784 7.02415 0.54273
-0.0036613 0.00912998 0.0293973
50
1
-2.74394 7.00904 0.486477
-0.00335581 0.00662855 0.0301076
51
1
-2.73982 6.99722 0.42888
-0.00213683 0.0041507 0.0304425
52
1
-2.73638 6.98844 0.369895
-0.00112551 0.00255509 0.0308832
53
1
-2.73381 6.98245 0.309687
-0.000939408 0.00126184 0.0311904
54
1
-2.73231 6.9791 0.248676
-0.000804399 2.81562e-005 0.0314361
55
1
-2.73194 6.97749 0.187123
0.000181959 -0.000706405 0.0319133
56
1
-2.73251 6.97688 0.125172
0.00130172 -0.000572308 0.0322453
57
1
-2.73352 6.97651 0.0627219
0.0010832 -0.000264755 0.0320279
58
1
-2.73386 6.97635 2.7732e-010
2.78538e-012 -2.54425e-012 0.0317814
59
1
-2.73352 6.97651 -0.0627219
-0.0010832 0.000264755 0.0320279
60
1
-2.73251 6.97688 -0.125172
-0.00130172 0.000572308 0.0322453
61
1
-2.73194 6.97749 -0.187123
-0.000181959 0.000706405 0.0319133
62
1
-2.73231 6.9791 -0.248676
0.000804399 -2.81562e-005 0.0314361
63
1
-2.73381 6.98245 -0.309687
0.000939408 -0.00126184 0.0311904
64
1
-2.73638 6.98844 -0.369895
0.00112551 -0.00255509 0.0308832
65
1
-2.73982 6.99722 -0.42888
0.00213683 -0.0041507 0.0304425
66
1
-2.74394 7.00904 -0.486477
0.00335581 -0.00662855 0.0301076
67
1
-2.74784 7.02415 -0.54273
0.0036613 -0.00912998 0.0293973
68
1
-2.75013 7.04202 -0.597388
0.00257306 -0.0106437 0.0278023
69
1
-2.7491 7.06212 -0.649963
0.00053068 -0.011537 0.0264266
70
1
-2.74313 7.08327 -0.699884
-0.00243604 -0.0113992 0.0248735
71
1
-2.73179 7.10531 -0.746157
-0.00643582 -0.0111176 0.0225227
72
1
-2.71556 7.12801 -0.788326
-0.00958252 -0.0116936 0.0202838
73
1
-2.69523 7.15042 -0.826985
-0.011108 -0.0119319 0.0185088
74
1
-2.671 7.17257 -0.862564
-0.0135523 -0.0115428 0.0167522
75
1
-2.64284 7.19463 -0.895457
-0.0166454 -0.011236 0.0153862
76
1
-2.61083 7.21626 -0.926008
-0.0178038 -0.0107229 0.014486
77
1
-2.57573 7.23749 -0.954665
-0.0186103 -0.00994363 0.013422
78
1
-2.53748 7.25768 -0.98101
-0.0203204 -0.00929498 0.0119772
79
1
-2.49664 7.276 -1.0045
-0.0208513 -0.00861918 0.0108264
80
1
-2.45419 7.2927 -1.0253
-0.0207928 -0.00791441 0.0101557
81
1
-2.40999 7.30821 -1.0439
-0.0223365 -0.00768601 0.00899393
82
1
-2.36323 7.32264 -1.05993
-0.0244957 -0.00780456 0.00734156
83
1
-2.31439 7.33611 -1.07285
-0.0253691 -0.00697344 0.0058797
84
1
-2.26367 7.34811 -1.08263
-0.0260957 -0.00567613 0.00391421
85
1
-2.21099 7.35823 -1.08894
-0.0269943 -0.00492652 0.00156849
86
1
-2.15693 7.36655 -1.0914
-0.0273674 -0.00410481 -0.000457245
87
1
-2.10168 7.37316 -1.09027
-0.0282121 -0.00299221 -0.00221458
88
1
-2.04519 7.3777 -1.08605
-0.0287562 -0.00205006 -0.00359659
89
1
-1.98803 7.38024 -1.07849
-0.0278397 -0.000829106 -0.00487589
90
1
-1.92954 7.38086 -1.06669
-0.0284924 0.000751344 -0.00751408
91
1
-1.86917 7.37885 -1.04961
-0.0309776 0.00245339 -0.0106489
92
1
-1.8079 7.37327 -1.02702
-0.0307104 0.00426499 -0.0129544
93
1
-1.74588 7.36278 -0.998794
-0.0296099 0.0075264 -0.0155985
94
1
-1.68353 7.34626 -0.965322
-0.0307027 0.0112759 -0.0186907
95
1
-1.62035 7.32443 -0.926825
-0.0313555 0.0128657 -0.0212817
96
1
-1.55365 7.29701 -0.880895
-0.0334682 0.0149374 -0.0260511
97
1
-1.48462 7.26327 -0.826769
-0.0365388 0.0196545 -0.0304306
98
1
-1.41184 7.22126 -0.765287
-0.0372642 0.0211112 -0.0320841
99
1
-1.33124 7.17188 -0.70023
-0.0443693 0.0244933 -0.0332315
100
1
-1.24324 7.11653 -0.635482
-0.0451114 0.0295603 -0.0323106
101
1
-1.14957 7.05295 -0.566007
-0.0470502 0.0346027 -0.0326804
102
1
-1.04921 6.98373 -0.484875
-0.0538538 0.0360487 -0.0429188
103
1
-0.929867 6.91556 -0.37719
-0.0491101 0.0245697 -0.0552845
104
1
-0.788849 6.857 -0.194526
-0.0433524 0.0110704 -0.0637955
105
1
-0.256197 6.37503 -0.0765165
0.0242258 0.0320385 0.0127818
106
1
-0.0481285 9.43475 -0.78792
-0.000824858 -0.00279178 0.0778677
107
1
0.0481285 9.43475 -0.78792
-0.000824858 0.00279178 -0.0778677
108
1
0.256196 6.37503 -0.0765164
0.0242258 -0.0320385 -0.0127818
109
1
0.788849 6.857 -0.194526
-0.0433524 -0.0110704 0.0637955
110
1
0.929867 6.91556 -0.37719
-0.0491101 -0.0245697 0.0552845
111
1
1.04921 6.98373 -0.484875
-0.0538538 -0.0360487 0.0429188
112
1
1.14957 7.05295 -0.566007
-0.0470502 -0.0346027 0.0326804
113
1
1.24324 7.11653 -0.635482
-0.0451114 -0.0295603 0.0323106
114
1
1.33124 7.17188 -0.70023
-0.0443693 -0.0244933 0.0332315
115
1
1.41184 7.22126 -0.765287
-0.0372642 -0.0211112 0.0320841
116
1
1.48462 7.26327 -0.826769
-0.0365388 -0.0196545 0.0304306
117
1
1.55365 7.29701 -0.880895
-0.0334682 -0.0149374 0.0260511
118
1
1.62035 7.32443 -0.926825
-0.0313555 -0.0128657 0.0212817
119
1
1.68353 7.34626 -0.965322
-0.0307027 -0.0112759 0.0186907
120
1
1.74588 7.36278 -0.998794
-0.0296099 -0.0075264 0.0155985
121
1
1.8079 7.37327 -1.02702
-0.0307104 -0.00426499 0.0129544
122
1
1.86917 7.37885 -1.04961
-0.0309776 -0.00245339 0.0106489
123
1
1.92954 7.38086 -1.06669
-0.0284924 -0.000751344 0.00751408
124
1
1.98803 7.38024 -1.07849
-0.0278397 0.000829106 0.00487589
125
1
2.04519 7.3777 -1.08605
-0.0287562 0.00205006 0.00359659
126
1
2.10168 7.37316 -1.09027
-0.0282121 0.00299221 0.00221458
127
1
2.15693 7.36655 -1.0914
-0.0273674 0.00410481 0.000457245
128
1
2.21099 7.35823 -1.08894
-0.0269943 0.00492652 -0.00156849
129
1
2.26367 7.34811 -1.08263
-0.0260957 0.00567613 -0.00391421
130
1
2.31439 7.33611 -1.07285
-0.0253691 0.00697344 -0.0058797
131
1
2.36323 7.32264 -1.05993
-0.0244957 0.00780456 -0.00734156
132
1
2.40999 7.30821 -1.0439
-0.0223365 0.00768601 -0.00899393
133
1
2.45419 7.2927 -1.0253
-0.0207928 0.00791441 -0.0101557
134
1
2.49664 7.276 -1.0045
-0.0208513 0.00861918 -0.0108264
135
1
2.53748 7.25768 -0.98101
-0.0203204 0.00929498 -0.0119772
136
1
2.57573 7.23749 -0.954665
-0.0186103 0.00994363 -0.013422
137
1
2.61083 7.21626 -0.926008
-0.0178038 0.0107229 -0.014486
138
1
2.64284 7.19463 -0.895457
-0.0166454 0.011236 -0.0153862
139
1
2.671 7.17257 -0.862564
-0.0135523 0.0115428 -0.0167522
140
1
2.69523 7.15042 -0.826985
-0.011108 0.0119319 -0.0185088
141
1
2.71556 7.12801 -0.788326
-0.00958252 0.0116936 -0.0202838
142
1
2.73179 7.10531 -0.746157
-0.00643582 0.0111176 -0.0225227
143
1
2.74313 7.08327 -0.699884
-0.00243604 0.0113992 -0.0248735
144
1
2.7491 7.06212 -0.649963
0.00053068 0.011537 -0.0264266
145
1
2.75013 7.04202 -0.597388
0.00257306 0.0106437 -0.0278023
146
1
2.74784 7.02415 -0.54273
0.0036613 0.00912998 -0.0293973
147
1
2.74394 7.00904 -0.486477
0.00335581 0.00662855 -0.0301076
148
1
2.73982 6.99722 -0.42888
0.00213683 0.0041507 -0.0304425
149
1
2.73638 6.98844 -0.369895
0.00112551 0.00255509 -0.0308832
150
1
2.73381 6.98245 -0.309687
0.000939408 0.00126184 -0.0311904
151
1
2.73231 6.9791 -0.248676
0.000804399 2.81562e-005 -0.0314361
152
1
2.73194 6.97749 -0.187123
-0.000181959 -0.000706405 -0.0319133
153
1
2.73251 6.97688 -0.125172
-0.00130172 -0.000572308 -0.0322453
154
1
2.73352 6.97651 -0.0627219
-0.0010832 -0.000264755 -0.0320279
155
1
2.73386 6.97635 -3.12056e-010
-2.76254e-012 -3.5235e-012 -0.0317814
156
1
2.73352 6.97651 0.0627219
0.0010832 0.000264755 -0.0320279
157
1
2.73251 6.97688 0.125172
0.00130172 0.000572308 -0.0322453
158
1
2.73194 6.97749 0.187123
0.000181959 0.000706405 -0.0319133
159
1
2.73231 6.9791 0.248676
-0.000804399 -2.81562e-005 -0.0314361
160
1
2.73381 6.98245 0.309687
-0.000939408 -0.00126184 -0.0311904
161
1
2.73638 6.98844 0.369895
-0.00112551 -0.00255509 -0.0308832
162
1
2.73982 6.99722 0.42888
-0.00213683 -0.0041507 -0.0304425
163
1
2.74394 7.00904 0.486477
-0.00335581 -0.00662855 -0.0301076
164
1
2.74784 7.02415 0.54273
-0.0036613 -0.00912998 -0.0293973
165
1
2.75013 7.04202 0.597388
-0.00257306 -0.0106437 -0.0278023
166
1
2.7491 7.06212 0.649963
-0.00053068 -0.011537 -0.0264266
167
1
2.74313 7.08327 0.699884
0.00243604 -0.0113992 -0.0248735
168
1
2.73179 7.10531 0.746157
0.00643582 -0.0111176 -0.0225227
169
1
2.71556 7.12801 0.788326
0.00958252 -0.0116936 -0.0202838
170
1
2.69523 7.15042 0.826985
0.011108 -0.0119319 -0.0185088
171
1
2.671 7.17257 0.862564
0.0135523 -0.0115428 -0.0167522
172
1
2.64284 7.19463 0.895457
0.0166454 -0.011236 -0.0153862
173
1
2.61083 7.21626 0.926008
0.0178038 -0.0107229 -0.014486
174
1
2.57573 7.23749 0.954665
0.0186103 -0.00994363 -0.013422
175
1
2.53748 7.25768 0.98101
0.0203204 -0.00929498 -0.0119772
176
1
2.49664 7.276 1.0045
0.0208513 -0.00861918 -0.0108264
177
1
2.45419 7.2927 1.0253
0.0207928 -0.00791441 -0.0101557
178
1
2.40999 7.30821 1.0439
0.0223365 -0.00768601 -0.00899393
179
1
2.36323 7.32264 1.05993
0.0244957 -0.00780456 -0.00734156
180
1
2.31439 7.33611 1.07285
0.0253691 -0.00697344 -0.0058797
181
1
2.26367 7.34811 1.08263
0.0260957 -0.00567613 -0.00391421
182
1
2.21099 7.35823 1.08894
0.0269943 -0.00492652 -0.00156849
183
1
2.15693 7.36655 1.0914
0.0273674 -0.00410481 0.000457245
184
1
2.10168 7.37316 1.09027
0.0282121 -0.00299221 0.00221458
185
1
2.04519 7.3777 1.08605
0.0287562 -0.00205006 0.00359659
186
1
1.98803 7.38024 1.07849
0.0278397 -0.000829106 0.00487589
187
1
1.92954 7.38086 1.06669
0.0284924 0.000751344 0.00751408
188
1
1.86917 7.37885 1.04961
0.0309776 0.00245339 0.0106489
189
1
1.8079 7.37327 1.02702
0.0307104 0.00426499 0.0129544
190
1
1.74588 7.36278 0.998794
0.0296099 0.0075264 0.0155985
191
1
1.68353 7.34626 0.965322
0.0307027 0.0112759 0.0186907
192
1
1.62035 7.32443 0.926825
0.0313555 0.0128657 0.0212817
193
1
1.55365 7.29701 0.880895
0.0334682 0.0149374 0.0260511
