194
0
1
0.862953 2.52361 1.57969
0.0331806 -0.0224296 -0.0221789
1
1
0.7962 2.56715 1.62159
0.0357594 -0.0220815 -0.0211045
2
1
0.722825 2.60982 1.66145
0.0382432 -0.0212863 -0.0195094
3
1
0.643378 2.65063 1.69796
0.0413281 -0.0203266 -0.017762
4
1
0.557907 2.68849 1.73047
0.0441569 -0.0174052 -0.0147396
5
1
0.466256 2.72106 1.7579
0.0471185 -0.0138866 -0.0120762
6
1
0.368852 2.74697 1.78013
0.0500212 -0.0102934 -0.00940367
7
1
0.266762 2.76617 1.79707
0.0521643 -0.00695345 -0.00689868
8
1
0.161301 2.77885 1.8087
0.0533768 -0.0046359 -0.00397472
9
1
0.0539588 2.78521 1.81477
0.054008 -0.00180814 -0.00106743
10
1
-0.0539588 2.78521 1.81477
0.054008 0.00180814 0.00106743
11
1
-0.161301 2.77885 1.8087
0.0533768 0.0046359 0.00397472
12
1
-0.266762 2.76617 1.79707
0.0521643 0.00695345 0.00689868
13
1
-0.368852 2.74697 1.78013
0.0500212 0.0102934 0.00940367
14
1
-0.466256 2.72106 1.7579
0.0471185 0.0138866 0.0120762
15
1
-0.557907 2.68849 1.73047
0.0441569 0.0174052 0.0147396
16
1
-0.643378 2.65063 1.69796
0.0413281 0.0203266 0.017762
17
1
-0.722825 2.60982 1.66145
0.0382432 0.0212863 0.0195094
18
1
-0.7962 2.56715 1.62159
0.0357594 0.0220815 0.0211045
19
1
-0.862953 2.52361 1.57969
0.0331806 0.0224296 0.0221789
20
1
-0.922266 2.4796 1.53688
0.0288484 0.0222727 0.0216518
21
1
-0.974085 2.43491 1.49349
0.0246833 0.0225731 0.0218391
22
1
-1.01865 2.38955 1.44995
0.0208674 0.0228127 0.0218203
23
1
-1.05722 2.34388 1.40617
0.017866 0.0228543 0.0219038
24
1
-1.0903 2.29836 1.36207
0.0149757 0.0227708 0.0221115
25
1
-1.11864 2.25301 1.31787
0.0130565 0.0223876 0.0226135
26
1
-1.14344 2.20831 1.27354
0.0115725 0.0217558 0.022663
27
1
-1.16436 2.16452 1.22895
0.00989394 0.0212343 0.0224138
28
1
-1.18113 2.12111 1.18477
0.00803768 0.0209448 0.0225607
29
1
-1.1941 2.07771 1.14146
0.00595854 0.0210383 0.0222819
30
1
-1.20341 2.03423 1.09919
0.00377192 0.0215781 0.0210677
31
1
-1.20885 1.99067 1.05804
0.00177043 0.022015 0.0199666
32
1
-1.21032 1.94728 1.01788
-0.000230531 0.0218585 0.0196328
33
1
-1.20794 1.90472 0.978138
-0.00269268 0.0212298 0.0196039
34
1
-1.20127 1.86374 0.938023
-0.00551734 0.0204894 0.0194754
35
1
-1.18974 1.82472 0.897359
-0.00807369 0.0197332 0.0193915
36
1
-1.17323 1.7877 0.856477
-0.0100071 0.0188034 0.0195821
37
1
-1.15261 1.75248 0.815586
-0.0114759 0.0176379 0.0200501
38
1
-1.12885 1.71907 0.774462
-0.0127173 0.0163911 0.0206225
39
1
-1.10255 1.68765 0.732761
-0.0137884 0.0152873 0.0211269
40
1
-1.07369 1.65828 0.690635
-0.0146951 0.0144191 0.0214783
41
1
-1.04227 1.63041 0.648736
-0.015526 0.0137502 0.0216288
42
1
-1.00858 1.60315 0.607752
-0.0164151 0.013201 0.0215122
43
1
-0.973419 1.57581 0.567853
-0.0174381 0.012727 0.0210694
44
1
-0.93742 1.54847 0.528733
-0.0185664 0.0123136 0.0203123
45
1
-0.900804 1.5219 0.489954
-0.0196836 0.0119234 0.0193462
46
1
-0.863237 1.49716 0.451469
-0.0206375 0.0114596 0.0183249
47
1
-0.824311 1.4749 0.413723
-0.021293 0.0108294 0.017389
48
1
-0.784124 1.45516 0.377227
-0.0215567 0.0100239 0.0166516
49
1
-0.743395 1.43743 0.342052
-0.0213711 0.00915127 0.0162181
50
1
-0.703384 1.42111 0.307639
-0.0207175 0.00831187 0.0161515
51
1
-0.665426 1.40588 0.273096
-0.0195884 0.00759688 0.0164471
52
1
-0.630803 1.39184 0.237586
-0.0179731 0.00695799 0.0170332
53
1
-0.600498 1.37927 0.200688
-0.0158636 0.00629826 0.0178027
54
1
-0.575259 1.36858 0.162323
-0.0132857 0.00551277 0.0186287
55
1
-0.555554 1.36006 0.122712
-0.0103023 0.00451695 0.0193856
56
1
-0.541531 1.35393 0.0822225
-0.00701637 0.00325032 0.0199753
57
1
-0.533244 1.35024 0.0412088
-0.00354704 0.00170835 0.0203419
58
1
-0.530451 1.349 -2.0764e-015
-7.2829e-017 -8.26695e-017 0.0204732
59
1
-0.533244 1.35024 -0.0412088
0.00354704 -0.00170835 0.0203419
60
1
-0.541531 1.35393 -0.0822225
0.00701637 -0.00325032 0.0199753
61
1
-0.555554 1.36006 -0.122712
0.0103023 -0.00451695 0.0193856
62
1
-0.575259 1.36858 -0.162323
0.0132857 -0.00551277 0.0186287
63
1
-0.600498 1.37927 -0.200688
0.0158636 -0.00629826 0.0178027
64
1
-0.630803 1.39184 -0.237586
0.0179731 -0.00695799 0.0170332
65
1
-0.665426 1.40588 -0.273096
0.0195884 -0.00759688 0.0164471
66
1
-0.703384 1.42111 -0.307639
0.0207175 -0.00831187 0.0161515
67
1
-0.743395 1.43743 -0.342052
0.0213711 -0.00915127 0.0162181
68
1
-0.784124 1.45516 -0.377227
0.0215567 -0.0100239 0.0166516
69
1
-0.824311 1.4749 -0.413723
0.021293 -0.0108294 0.017389
70
1
-0.863237 1.49716 -0.451469
0.0206375 -0.0114596 0.0183249
71
1
-0.900804 1.5219 -0.489954
0.0196836 -0.0119234 0.0193462
72
1
-0.93742 1.54847 -0.528733
0.0185664 -0.0123136 0.0203123
73
1
-0.973419 1.57581 -0.567853
0.0174381 -0.012727 0.0210694
74
1
-1.00858 1.60315 -0.607752
0.0164151 -0.013201 0.0215122
75
1
-1.04227 1.63041 -0.648736
0.015526 -0.0137502 0.0216288
76
1
-1.07369 1.65828 -0.690635
0.0146951 -0.0144191 0.0214783
77
1
-1.10255 1.68765 -0.732761
0.0137884 -0.0152873 0.0211269
78
1
-1.12885 1.71907 -0.774462
0.0127173 -0.0163911 0.0206225
79
1
-1.15261 1.75248 -0.815586
0.0114759 -0.0176379 0.0200501
80
1
-1.17323 1.7877 -0.856477
0.0100071 -0.0188034 0.0195821
81
1
-1.18974 1.82472 -0.897359
0.00807369 -0.0197332 0.0193915
82
1
-1.20127 1.86374 -0.938023
0.00551734 -0.0204894 0.0194754
83
1
-1.20794 1.90472 -0.978138
0.00269268 -0.0212298 0.0196039
84
1
-1.21032 1.94728 -1.01788
0.000230531 -0.0218585 0.0196328
85
1
-1.20885 1.99067 -1.05804
-0.00177043 -0.022015 0.0199666
86
1
-1.20341 2.03423 -1.09919
-0.00377192 -0.0215781 0.0210677
87
1
-1.1941 2.07771 -1.14146
-0.00595854 -0.0210383 0.0222819
88
1
-1.18113 2.12111 -1.18477
-0.00803768 -0.0209448 0.0225607
89
1
-1.16436 2.16452 -1.22895
-0.00989394 -0.0212343 0.0224138
90
1
-1.14344 2.20831 -1.27354
-0.0115725 -0.0217558 0.022663
91
1
-1.11864 2.25301 -1.31787
-0.0130565 -0.0223876 0.0226135
92
1
-1.0903 2.29836 -1.36207
-0.0149757 -0.0227708 0.0221115
93
1
-1.05722 2.34388 -1.40617
-0.017866 -0.0228543 0.0219038
94
1
-1.01865 2.38955 -1.44995
-0.0208674 -0.0228127 0.0218203
95
1
-0.974085 2.43491 -1.49349
-0.0246833 -0.0225731 0.0218391
96
1
-0.922266 2.4796 -1.53688
-0.0288484 -0.0222727 0.0216518
97
1
-0.862953 2.52361 -1.57969
-0.0331806 -0.0224296 0.0221789
98
1
-0.7962 2.56715 -1.62159
-0.0357594 -0.0220815 0.0211045
99
1
-0.722825 2.60982 -1.66145
-0.0382432 -0.0212863 0.0195094
100
1
-0.643378 2.65063 -1.69796
-0.0413281 -0.0203266 0.017762
101
1
-0.557907 2.68849 -1.73047
-0.0441569 -0.0174052 0.0147396
102
1
-0.466256 2.72106 -1.7579
-0.0471185 -0.0138866 0.0120762
103
1
-0.368852 2.74697 -1.78013
-0.0500212 -0.0102934 0.00940367
104
1
-0.266762 2.76617 -1.79707
-0.0521643 -0.00695345 0.00689868
105
1
-0.161301 2.77885 -1.8087
-0.0533768 -0.0046359 0.00397472
106
1
-0.0539588 2.78521 -1.81477
-0.054008 -0.00180814 0.00106743
107
1
0.0539588 2.78521 -1.81477
-0.054008 0.00180814 -0.00106743
108
1
0.161301 2.77885 -1.8087
-0.0533768 0.0046359 -0.00397472
109
1
0.266762 2.76617 -1.79707
-0.0521643 0.00695345 -0.00689868
110
1
0.368852 2.74697 -1.78013
-0.0500212 0.0102934 -0.00940367
111
1
0.466256 2.72106 -1.7579
-0.0471185 0.0138866 -0.0120762
112
1
0.557907 2.68849 -1.73047
-0.0441569 0.0174052 -0.0147396
113
1
0.643378 2.65063 -1.69796
-0.0413281 0.0203266 -0.017762
114
1
0.722825 2.60982 -1.66145
-0.0382432 0.0212863 -0.0195094
115
1
0.7962 2.56715 -1.62159
-0.0357594 0.0220815 -0.0211045
116
1
0.862953 2.52361 -1.57969
-0.0331806 0.0224296 -0.0221789
117
1
0.922266 2.4796 -1.53688
-0.0288484 0.0222727 -0.0216518
118
1
0.974085 2.43491 -1.49349
-0.0246833 0.0225731 -0.0218391
119
1
1.01865 2.38955 -1.44995
-0.0208674 0.0228127 -0.0218203
120
1
1.05722 2.34388 -1.40617
-0.017866 0.0228543 -0.0219038
121
1
1.0903 2.29836 -1.36207
-0.0149757 0.0227708 -0.0221115
122
1
1.11864 2.25301 -1.31787
-0.0130565 0.0223876 -0.0226135
123
1
1.14344 2.20831 -1.27354
-0.0115725 0.0217558 -0.022663
124
1
1.16436 2.16452 -1.22895
-0.00989394 0.0212343 -0.0224138
125
1
1.18113 2.12111 -1.18477
-0.00803768 0.0209448 -0.0225607
126
1
1.1941 2.07771 -1.14146
-0.00595854 0.0210383 -0.0222819
127
1
1.20341 2.03423 -1.09919
-0.00377192 0.0215781 -0.0210677
128
1
1.20885 1.99067 -1.05804
-0.00177043 0.022015 -0.0199666
129
1
1.21032 1.94728 -1.01788
0.000230531 0.0218585 -0.0196328
130
1
1.20794 1.90472 -0.978138
0.00269268 0.0212298 -0.0196039
131
1
1.20127 1.86374 -0.938023
0.00551734 0.0204894 -0.0194754
132
1
1.18974 1.82472 -0.897359
0.00807369 0.0197332 -0.0193915
133
1
1.17323 1.7877 -0.856477
0.0100071 0.0188034 -0.0195821
134
1
1.15261 1.75248 -0.815586
0.0114759 0.0176379 -0.0200501
135
1
1.12885 1.71907 -0.774462
0.0127173 0.0163911 -0.0206225
136
1
1.10255 1.68765 -0.732761
0.0137884 0.0152873 -0.0211269
137
1
1.07369 1.65828 -0.690635
0.0146951 0.0144191 -0.0214783
138
1
1.04227 1.63041 -0.648736
0.015526 0.0137502 -0.0216288
139
1
1.00858 1.60315 -0.607752
0.0164151 0.013201 -0.0215122
140
1
0.973419 1.57581 -0.567853
0.0174381 0.012727 -0.0210694
141
1
0.93742 1.54847 -0.528733
0.0185664 0.0123136 -0.0203123
142
1
0.900804 1.5219 -0.489954
0.0196836 0.0119234 -0.0193462
143
1
0.863237 1.49716 -0.451469
0.0206375 0.0114596 -0.0183249
144
1
0.824311 1.4749 -0.413723
0.021293 0.0108294 -0.017389
145
1
0.784124 1.45516 -0.377227
0.0215567 0.0100239 -0.0166516
146
1
0.743395 1.43743 -0.342052
0.0213711 0.00915127 -0.0162181
147
1
0.703384 1.42111 -0.307639
0.0207175 0.00831187 -0.0161515
148
1
0.665426 1.40588 -0.273096
0.0195884 0.00759688 -0.0164471
149
1
0.630803 1.39184 -0.237586
0.0179731 0.00695799 -0.0170332
150
1
0.600498 1.37927 -0.200688
0.0158636 0.00629826 -0.0178027
151
1
0.575259 1.36858 -0.162323
0.0132857 0.00551277 -0.0186287
152
1
0.555554 1.36006 -0.122712
0.0103023 0.00451695 -0.0193856
153
1
0.541531 1.35393 -0.0822225
0.00701637 0.00325032 -0.0199753
154
1
0.533244 1.35024 -0.0412088
0.00354704 0.00170835 -0.0203419
155
1
0.530451 1.349 -1.38452e-015
7.33876e-018 9.20609e-017 -0.0204732
156
1
0.533244 1.35024 0.0412088
-0.00354704 -0.00170835 -0.0203419
157
1
0.541531 1.35393 0.0822225
-0.00701637 -0.00325032 -0.0199753
158
1
0.555554 1.36006 0.122712
-0.0103023 -0.00451695 -0.0193856
159
1
0.575259 1.36858 0.162323
-0.0132857 -0.00551277 -0.0186287
160
1
0.600498 1.37927 0.200688
-0.0158636 -0.00629826 -0.0178027
161
1
0.630803 1.39184 0.237586
-0.0179731 -0.00695799 -0.0170332
162
1
0.665426 1.40588 0.273096
-0.0195884 -0.00759688 -0.0164471
163
1
0.703384 1.42111 0.307639
-0.0207175 -0.00831187 -0.0161515
164
1
0.743395 1.43743 0.342052
-0.0213711 -0.00915127 -0.0162181
165
1
0.784124 1.45516 0.377227
-0.0215567 -0.0100239 -0.0166516
166
1
0.824311 1.4749 0.413723
-0.021293 -0.0108294 -0.017389
167
1
0.863237 1.49716 0.451469
-0.0206375 -0.0114596 -0.0183249
168
1
0.900804 1.5219 0.489954
-0.0196836 -0.0119234 -0.0193462
169
1
0.93742 1.54847 0.528733
-0.0185664 -0.0123136 -0.0203123
170
1
0.973419 1.57581 0.567853
-0.0174381 -0.012727 -0.0210694
171
1
1.00858 1.60315 0.607752
-0.0164151 -0.013201 -0.0215122
172
1
1.04227 1.63041 0.648736
-0.015526 -0.0137502 -0.0216288
173
1
1.07369 1.65828 0.690635
-0.0146951 -0.0144191 -0.0214783
174
1
1.10255 1.68765 0.732761
-0.0137884 -0.0152873 -0.0211269
175
1
1.12885 1.71907 0.774462
-0.0127173 -0.0163911 -0.0206225
176
1
1.15261 1.75248 0.815586
-0.0114759 -0.0176379 -0.0200501
177
1
1.17323 1.7877 0.856477
-0.0100071 -0.0188034 -0.0195821
178
1
1.18974 1.82472 0.897359
-0.00807369 -0.0197332 -0.0193915
179
1
1.20127 1.86374 0.938023
-0.00551734 -0.0204894 -0.0194754
180
1
1.20794 1.90472 0.978138
-0.00269268 -0.0212298 -0.0196039
181
1
1.21032 1.94728 1.01788
-0.000230531 -0.0218585 -0.0196328
182
1
1.20885 1.99067 1.05804
0.00177043 -0.022015 -0.0199666
183
1
1.20341 2.03423 1.09919
0.00377192 -0.0215781 -0.0210677
184
1
1.1941 2.07771 1.14146
0.00595854 -0.0210383 -0.0222819
185
1
1.18113 2.12111 1.18477
0.00803768 -0.0209448 -0.0225607
186
1
1.16436 2.16452 1.22895
0.00989394 -0.0212343 -0.0224138
187
1
1.14344 2.20831 1.27354
0.0115725 -0.0217558 -0.022663
188
1
1.11864 2.25301 1.31787
0.0130565 -0.0223876 -0.0226135
189
1
1.0903 2.29836 1.36207
0.0149757 -0.0227708 -0.0221115
190
1
1.05722 2.34388 1.40617
0.017866 -0.0228543 -0.0219038
191
1
1.01865 2.38955 1.44995
0.0208674 -0.0228127 -0.0218203
192
1
0.974085 2.43491 1.49349
0.0246833 -0.0225731 -0.0218391
193
1
0.922266 2.4796 1.53688
0.0288484 -0.0222727 -0.0216518
