194
0
1
1.3811 7.94135 0.680734
0.0534717 0.0198055 0.00240667
1
1
1.27764 7.90063 0.672478
0.0534385 0.0187312 0.00478071
2
1
1.16797 7.85757 0.656278
0.0571858 0.020864 0.0100988
3
1
1.05504 7.81584 0.62632
0.0569468 0.0204012 0.0188198
4
1
0.938356 7.77486 0.575249
0.056034 0.0213686 0.0321916
5
1
0.816407 7.73166 0.500799
0.0592253 0.0212436 0.0454604
6
1
0.68632 7.6933 0.385474
0.0521797 0.0149964 0.0558949
7
1
0.542668 7.63847 0.199429
0.0385881 0.0203343 0.0645703
8
1
0.688053 5.95894 0.0679493
0.0246705 -0.0375247 -0.0108611
9
1
0.0478856 10.6812 0.689889
0.000758874 -0.0146467 -0.0765294
10
1
-0.0478856 10.6812 0.689889
0.000758874 0.0146467 0.0765294
11
1
-0.688055 5.95894 0.0679459
0.0246703 0.0375247 0.0108614
12
1
-0.542668 7.63847 0.199429
0.0385881 -0.0203343 -0.0645703
13
1
-0.68632 7.6933 0.385474
0.0521797 -0.0149964 -0.0558949
14
1
-0.816407 7.73166 0.500799
0.0592253 -0.0212436 -0.0454604
15
1
-0.938356 7.77486 0.575249
0.056034 -0.0213686 -0.0321916
16
1
-1.05504 7.81584 0.62632
0.0569468 -0.0204012 -0.0188198
17
1
-1.16797 7.85757 0.656278
0.0571858 -0.020864 -0.0100988
18
1
-1.27764 7.90063 0.672478
0.0534385 -0.0187312 -0.00478071
19
1
-1.3811 7.94135 0.680734
0.0534717 -0.0198055 -0.00240667
20
1
-1.47608 7.98001 0.684883
0.0440372 -0.0205214 -0.000862502
21
1
-1.56387 8.01683 0.68715
0.040675 -0.0192593 -0.000298693
22
1
-1.64531 8.05101 0.688235
0.0401002 -0.0183197 3.22106e-005
23
1
-1.72382 8.08345 0.688305
0.0366582 -0.0166543 0.000152199
24
1
-1.79935 8.11346 0.687017
0.036111 -0.0152802 0.000954855
25
1
-1.87199 8.14021 0.683929
0.0362411 -0.0140166 0.00239594
26
1
-1.94218 8.16384 0.679667
0.032825 -0.0113859 0.00209661
27
1
-2.00929 8.18427 0.675194
0.0313691 -0.00945955 0.00168535
28
1
-2.07441 8.20155 0.670536
0.0324376 -0.00844447 0.00238739
29
1
-2.13898 8.21568 0.665178
0.0323292 -0.00675595 0.00325591
30
1
-2.20265 8.22615 0.658991
0.031702 -0.00428835 0.00331699
31
1
-2.26568 8.23245 0.651653
0.0315983 -0.00227441 0.00373505
32
1
-2.32787 8.2349 0.642682
0.0309984 -0.000513561 0.00494863
33
1
-2.3884 8.23418 0.631879
0.0306137 0.00122732 0.00619075
34
1
-2.44731 8.2304 0.619431
0.0299283 0.00279289 0.00696792
35
1
-2.50444 8.22322 0.606016
0.0275245 0.00460952 0.00714348
36
1
-2.5593 8.2129 0.592436
0.0259107 0.00635911 0.0070826
37
1
-2.61289 8.19979 0.578055
0.0263881 0.00736361 0.00740421
38
1
-2.66593 8.18395 0.562828
0.0262988 0.00864119 0.00756086
39
1
-2.71814 8.16561 0.547407
0.025007 0.0105065 0.00721092
40
1
-2.76885 8.14532 0.531556
0.0248965 0.0115707 0.00760235
41
1
-2.81808 8.12378 0.514777
0.0247914 0.0116212 0.00855616
42
1
-2.86596 8.10129 0.497381
0.0235301 0.0119124 0.00880487
43
1
-2.91265 8.07821 0.478849
0.0233399 0.012493 0.00915231
44
1
-2.95881 8.05496 0.458348
0.0236234 0.0123397 0.0105453
45
1
-3.00494 8.03185 0.435421
0.0229545 0.0120518 0.0119628
46
1
-3.05066 8.009 0.409748
0.0234516 0.0126979 0.0128487
47
1
-3.09575 7.98734 0.381322
0.0239385 0.0121723 0.0150319
48
1
-3.13959 7.96809 0.350763
0.0232606 0.00982114 0.0174041
49
1
-3.18112 7.95315 0.318746
0.0227053 0.00784368 0.0168664
50
1
-3.21973 7.94291 0.286231
0.0206403 0.00560703 0.014612
51
1
-3.25502 7.93769 0.253331
0.0182403 0.00197137 0.0148061
52
1
-3.28739 7.93703 0.219565
0.0172942 -0.00206224 0.0175915
53
1
-3.31639 7.93921 0.184447
0.0157685 -0.00426792 0.019165
54
1
-3.34065 7.94296 0.148395
0.012312 -0.00381016 0.0181596
55
1
-3.3592 7.9467 0.111804
0.00843646 -0.0034512 0.0179698
56
1
-3.37147 7.94963 0.0747242
0.00509866 -0.00337657 0.0187618
57
1
-3.37932 7.95156 0.0374061
0.00212199 -0.00229711 0.0190185
58
1
-3.38214 7.95218 -4.70078e-009
-1.83745e-011 1.80095e-011 0.0189462
59
1
-3.37932 7.95156 -0.0374061
-0.00212199 0.00229711 0.0190185
60
1
-3.37147 7.94963 -0.0747242
-0.00509866 0.00337657 0.0187618
61
1
-3.3592 7.9467 -0.111804
-0.00843646 0.0034512 0.0179698
62
1
-3.34065 7.94296 -0.148395
-0.012312 0.00381016 0.0181596
63
1
-3.31639 7.93921 -0.184447
-0.0157685 0.00426792 0.019165
64
1
-3.28739 7.93703 -0.219565
-0.0172942 0.00206224 0.0175915
65
1
-3.25502 7.93769 -0.253331
-0.0182403 -0.00197137 0.0148061
66
1
-3.21973 7.94291 -0.286231
-0.0206403 -0.00560703 0.014612
67
1
-3.18112 7.95315 -0.318746
-0.0227053 -0.00784368 0.0168664
68
1
-3.13959 7.96809 -0.350763
-0.0232606 -0.00982114 0.0174041
69
1
-3.09575 7.98734 -0.381322
-0.0239385 -0.0121723 0.0150319
70
1
-3.05066 8.009 -0.409748
-0.0234516 -0.0126979 0.0128487
71
1
-3.00494 8.03185 -0.435421
-0.0229545 -0.0120518 0.0119628
72
1
-2.95881 8.05496 -0.458348
-0.0236234 -0.0123397 0.0105453
73
1
-2.91265 8.07821 -0.478849
-0.0233399 -0.012493 0.00915231
74
1
-2.86596 8.10129 -0.497381
-0.0235301 -0.0119124 0.00880487
75
1
-2.81808 8.12378 -0.514777
-0.0247914 -0.0116212 0.00855616
76
1
-2.76885 8.14532 -0.531556
-0.0248965 -0.0115707 0.00760235
77
1
-2.71814 8.16561 -0.547407
-0.025007 -0.0105065 0.00721092
78
1
-2.66593 8.18395 -0.562828
-0.0262988 -0.00864119 0.00756086
79
1
-2.61289 8.19979 -0.578055
-0.0263881 -0.00736361 0.00740421
80
1
-2.5593 8.2129 -0.592436
-0.0259107 -0.00635911 0.0070826
81
1
-2.50444 8.22322 -0.606016
-0.0275245 -0.00460952 0.00714348
82
1
-2.44731 8.2304 -0.619431
-0.0299283 -0.0027929 0.00696792
83
1
-2.3884 8.23418 -0.631879
-0.0306137 -0.00122732 0.00619075
84
1
-2.32787 8.2349 -0.642682
-0.0309984 0.000513561 0.00494863
85
1
-2.26568 8.23245 -0.651653
-0.0315983 0.00227441 0.00373505
86
1
-2.20265 8.22615 -0.658991
-0.031702 0.00428835 0.00331699
87
1
-2.13898 8.21568 -0.665178
-0.0323292 0.00675595 0.00325591
88
1
-2.07441 8.20155 -0.670536
-0.0324376 0.00844447 0.00238739
89
1
-2.00929 8.18427 -0.675194
-0.0313691 0.00945955 0.00168535
90
1
-1.94218 8.16384 -0.679667
-0.032825 0.0113859 0.00209661
91
1
-1.87199 8.14021 -0.683929
-0.0362411 0.0140166 0.00239594
92
1
-1.79935 8.11346 -0.687017
-0.036111 0.0152802 0.000954856
93
1
-1.72382 8.08345 -0.688305
-0.0366582 0.0166543 0.000152199
94
1
-1.64531 8.05101 -0.688235
-0.0401002 0.0183197 3.22107e-005
95
1
-1.56387 8.01683 -0.68715
-0.040675 0.0192593 -0.000298693
96
1
-1.47608 7.98001 -0.684883
-0.0440372 0.0205214 -0.000862502
97
1
-1.3811 7.94135 -0.680734
-0.0534717 0.0198055 -0.00240667
98
1
-1.27764 7.90063 -0.672478
-0.0534385 0.0187312 -0.00478071
99
1
-1.16797 7.85757 -0.656278
-0.0571858 0.020864 -0.0100988
100
1
-1.05504 7.81584 -0.62632
-0.0569468 0.0204012 -0.0188198
101
1
-0.938356 7.77486 -0.575249
-0.056034 0.0213686 -0.0321916
102
1
-0.816407 7.73166 -0.500799
-0.0592253 0.0212436 -0.0454604
103
1
-0.68632 7.6933 -0.385474
-0.0521797 0.0149964 -0.0558949
104
1
-0.542668 7.63847 -0.199429
-0.0385881 0.0203343 -0.0645703
105
1
-0.688053 5.95894 -0.0679491
-0.0246705 -0.0375247 0.0108611
106
1
-0.0478856 10.6812 -0.689889
-0.000758874 -0.0146467 0.0765294
107
1
0.0478856 10.6812 -0.689889
-0.000758874 0.0146467 -0.0765294
108
1
0.688055 5.95894 -0.0679457
-0.0246703 0.0375247 -0.0108614
109
1
0.542668 7.63847 -0.199429
-0.0385881 -0.0203343 0.0645703
110
1
0.68632 7.6933 -0.385474
-0.0521797 -0.0149964 0.0558949
111
1
0.816407 7.73166 -0.500799
-0.0592253 -0.0212436 0.0454604
112
1
0.938356 7.77486 -0.575249
-0.056034 -0.0213686 0.0321916
113
1
1.05504 7.81584 -0.62632
-0.0569468 -0.0204012 0.0188198
114
1
1.16797 7.85757 -0.656278
-0.0571858 -0.020864 0.0100988
115
1
1.27764 7.90063 -0.672478
-0.0534385 -0.0187312 0.00478071
116
1
1.3811 7.94135 -0.680734
-0.0534717 -0.0198055 0.00240667
117
1
1.47608 7.98001 -0.684883
-0.0440372 -0.0205214 0.000862502
118
1
1.56387 8.01683 -0.68715
-0.040675 -0.0192593 0.000298693
119
1
1.64531 8.05101 -0.688235
-0.0401002 -0.0183197 -3.22107e-005
120
1
1.72382 8.08345 -0.688305
-0.0366582 -0.0166543 -0.000152199
121
1
1.79935 8.11346 -0.687017
-0.036111 -0.0152802 -0.000954855
122
1
1.87199 8.14021 -0.683929
-0.0362411 -0.0140166 -0.00239594
123
1
1.94218 8.16384 -0.679667
-0.032825 -0.0113859 -0.00209661
124
1
2.00929 8.18427 -0.675194
-0.0313691 -0.00945955 -0.00168535
125
1
2.07441 8.20155 -0.670536
-0.0324376 -0.00844447 -0.00238739
126
1
2.13898 8.21568 -0.665178
-0.0323292 -0.00675595 -0.00325591
127
1
2.20265 8.22615 -0.658991
-0.031702 -0.00428835 -0.00331699
128
1
2.26568 8.23245 -0.651653
-0.0315983 -0.00227441 -0.00373505
129
1
2.32787 8.2349 -0.642682
-0.0309984 -0.000513561 -0.00494863
130
1
2.3884 8.23418 -0.631879
-0.0306137 0.00122732 -0.00619075
131
1
2.44731 8.2304 -0.619431
-0.0299283 0.00279289 -0.00696792
132
1
2.50444 8.22322 -0.606016
-0.0275245 0.00460952 -0.00714348
133
1
2.5593 8.2129 -0.592436
-0.0259107 0.00635911 -0.0070826
134
1
2.61289 8.19979 -0.578055
-0.0263881 0.00736361 -0.00740421
135
1
2.66593 8.18395 -0.562828
-0.0262988 0.00864119 -0.00756086
136
1
2.71814 8.16561 -0.547407
-0.025007 0.0105065 -0.00721092
137
1
2.76885 8.14532 -0.531556
-0.0248965 0.0115707 -0.00760235
138
1
2.81808 8.12378 -0.514777
-0.0247914 0.0116212 -0.00855616
139
1
2.86596 8.10129 -0.497381
-0.0235301 0.0119124 -0.00880487
140
1
2.91265 8.07821 -0.478849
-0.0233399 0.012493 -0.00915231
141
1
2.95881 8.05496 -0.458348
-0.0236234 0.0123397 -0.0105453
142
1
3.00494 8.03185 -0.435421
-0.0229545 0.0120518 -0.0119628
143
1
3.05066 8.009 -0.409748
-0.0234516 0.0126979 -0.0128487
144
1
3.09575 7.98734 -0.381322
-0.0239385 0.0121723 -0.0150319
145
1
3.13959 7.96809 -0.350763
-0.0232606 0.00982114 -0.0174041
146
1
3.18112 7.95315 -0.318746
-0.0227053 0.00784368 -0.0168664
147
1
3.21973 7.94291 -0.286231
-0.0206403 0.00560703 -0.014612
148
1
3.25502 7.93769 -0.253331
-0.0182403 0.00197137 -0.0148061
149
1
3.28739 7.93703 -0.219565
-0.0172942 -0.00206224 -0.0175915
150
1
3.31639 7.93921 -0.184447
-0.0157685 -0.00426792 -0.019165
151
1
3.34065 7.94296 -0.148395
-0.012312 -0.00381016 -0.0181596
152
1
3.3592 7.9467 -0.111804
-0.00843646 -0.0034512 -0.0179698
153
1
3.37147 7.94963 -0.0747242
-0.00509866 -0.00337657 -0.0187618
154
1
3.37932 7.95156 -0.0374061
-0.00212199 -0.00229711 -0.0190185
155
1
3.38214 7.95218 4.79191e-009
1.739e-011 1.73394e-011 -0.0189462
156
1
3.37932 7.95156 0.0374061
0.00212199 0.00229711 -0.0190185
157
1
3.37147 7.94963 0.0747242
0.00509866 0.00337657 -0.0187618
158
1
3.3592 7.9467 0.111804
0.00843646 0.0034512 -0.0179698
159
1
3.34065 7.94296 0.148395
0.012312 0.00381016 -0.0181596
160
1
3.31639 7.93921 0.184447
0.0157685 0.00426792 -0.019165
161
1
3.28739 7.93703 0.219565
0.0172942 0.00206224 -0.0175915
162
1
3.25502 7.93769 0.253331
0.0182403 -0.00197137 -0.0148061
163
1
3.21973 7.94291 0.286231
0.0206403 -0.00560703 -0.014612
164
1
3.18112 7.95315 0.318746
0.0227053 -0.00784368 -0.0168664
165
1
3.13959 7.96809 0.350763
0.0232606 -0.00982114 -0.0174041
166
1
3.09575 7.98734 0.381322
0.0239385 -0.0121723 -0.0150319
167
1
3.05066 8.009 0.409748
0.0234516 -0.0126979 -0.0128487
168
1
3.00494 8.03185 0.435421
0.0229545 -0.0120518 -0.0119628
169
1
2.95881 8.05496 0.458348
0.0236234 -0.0123397 -0.0105453
170
1
2.91265 8.07821 0.478849
0.0233399 -0.012493 -0.00915231
171
1
2.86596 8.10129 0.497381
0.0235301 -0.0119124 -0.00880487
172
1
2.81808 8.12378 0.514777
0.0247914 -0.0116212 -0.00855616
173
1
2.76885 8.14532 0.531556
0.0248965 -0.0115707 -0.00760235
174
1
2.71814 8.16561 0.547407
0.025007 -0.0105065 -0.00721092
175
1
2.66593 8.18395 0.562828
0.0262988 -0.00864119 -0.00756086
176
1
2.61289 8.19979 0.578055
0.0263881 -0.00736361 -0.00740421
177
1
2.5593 8.2129 0.592436
0.0259107 -0.00635911 -0.0070826
178
1
2.50444 8.22322 0.606016
0.0275245 -0.00460952 -0.00714348
179
1
2.44731 8.2304 0.619431
0.0299283 -0.0027929 -0.00696792
180
1
2.3884 8.23418 0.631879
0.0306137 -0.00122732 -0.00619075
181
1
2.32787 8.2349 0.642682
0.0309984 0.000513561 -0.00494863
182
1
2.26568 8.23245 0.651653
0.0315983 0.00227441 -0.00373505
183
1
2.20265 8.22615 0.658991
0.031702 0.00428835 -0.00331699
184
1
2.13898 8.21568 0.665178
0.0323292 0.00675595 -0.00325591
185
1
2.07441 8.20155 0.670536
0.0324376 0.00844447 -0.00238739
186
1
2.00929 8.18427 0.675194
0.0313691 0.00945955 -0.00168535
187
1
1.94218 8.16384 0.679667
0.032825 0.0113859 -0.00209661
188
1
1.87199 8.14021 0.683929
0.0362411 0.0140166 -0.00239594
189
1
1.79935 8.11346 0.687017
0.036111 0.0152802 -0.000954856
190
1
1.72382 8.08345 0.688305
0.0366582 0.0166543 -0.000152199
191
1
1.64531 8.05101 0.688235
0.0401002 0.0183197 -3.22107e-005
192
1
1.56387 8.01683 0.68715
0.040675 0.0192593 0.000298693
193
1
1.47608 7.98001 0.684883
0.0440372 0.0205214 0.000862502
