194
0
1
0.942237 3.28432 0.989272
0.0362652 -0.0231049 -0.0221185
1
1
0.868418 3.32821 1.03126
0.0395483 -0.022142 -0.0212007
2
1
0.787301 3.37073 1.07144
0.0421555 -0.0212946 -0.0199971
3
1
0.699401 3.41101 1.10846
0.0458037 -0.0199178 -0.0179217
4
1
0.604863 3.44759 1.1415
0.0484649 -0.0171531 -0.0157599
5
1
0.504118 3.47842 1.17022
0.0511671 -0.0141632 -0.0132085
6
1
0.397955 3.50288 1.19382
0.0540129 -0.0104825 -0.0108221
7
1
0.287379 3.52115 1.21163
0.0561611 -0.007524 -0.00748853
8
1
0.173596 3.53394 1.22318
0.0574491 -0.00495079 -0.00412097
9
1
0.0580458 3.54082 1.22848
0.0580455 -0.00184973 -0.00150756
10
1
-0.0580458 3.54082 1.22848
0.0580455 0.00184973 0.00150756
11
1
-0.173596 3.53394 1.22318
0.0574491 0.00495079 0.00412097
12
1
-0.287379 3.52115 1.21163
0.0561611 0.007524 0.00748853
13
1
-0.397955 3.50288 1.19382
0.0540129 0.0104825 0.0108221
14
1
-0.504118 3.47842 1.17022
0.0511671 0.0141632 0.0132085
15
1
-0.604863 3.44759 1.1415
0.0484649 0.0171531 0.0157599
16
1
-0.699401 3.41101 1.10846
0.0458037 0.0199178 0.0179217
17
1
-0.787301 3.37073 1.07144
0.0421555 0.0212946 0.0199971
18
1
-0.868418 3.32821 1.03126
0.0395483 0.022142 0.0212007
19
1
-0.942237 3.28432 0.989272
0.0362652 0.0231049 0.0221185
20
1
-1.0078 3.23895 0.947147
0.0314355 0.0232936 0.0215448
21
1
-1.06558 3.19177 0.905981
0.0274196 0.0241133 0.0205437
22
1
-1.11582 3.14285 0.866448
0.023306 0.0250564 0.0194181
23
1
-1.1593 3.09235 0.82811
0.0198231 0.0255239 0.0189912
24
1
-1.19649 3.04079 0.791228
0.0169091 0.0260562 0.0180343
25
1
-1.22843 2.98848 0.756022
0.0143843 0.0264205 0.0174041
26
1
-1.25592 2.93584 0.722284
0.0119498 0.0262231 0.0169159
27
1
-1.27924 2.88285 0.690776
0.0101336 0.0260752 0.015762
28
1
-1.29957 2.82963 0.66249
0.00863431 0.0263733 0.0141518
29
1
-1.31753 2.77646 0.637597
0.00715692 0.0264918 0.0122644
30
1
-1.3334 2.72337 0.616556
0.00621137 0.0263082 0.00988141
31
1
-1.34796 2.67043 0.599933
0.00587464 0.026224 0.00705835
32
1
-1.3622 2.61786 0.587705
0.0058479 0.026253 0.00430747
33
1
-1.37669 2.56579 0.579069
0.00620937 0.0261154 0.00207897
34
1
-1.39164 2.51414 0.573443
0.00700629 0.0257439 0.000414736
35
1
-1.4076 2.4632 0.57063
0.00771029 0.024946 -0.000906083
36
1
-1.42527 2.4137 0.570067
0.00812078 0.0238169 -0.00213176
37
1
-1.44534 2.36611 0.570498
0.00907915 0.0228237 -0.00301741
38
1
-1.46827 2.32041 0.570664
0.0111346 0.0221042 -0.00281095
39
1
-1.49446 2.27662 0.569708
0.0136216 0.0213919 -0.00121361
40
1
-1.52409 2.23515 0.566944
0.0156071 0.0203831 0.00104169
41
1
-1.55658 2.19624 0.561561
0.0169272 0.0190167 0.00307897
42
1
-1.59126 2.15972 0.553215
0.0179032 0.0175043 0.00479505
43
1
-1.62721 2.12473 0.541369
0.0189176 0.0162428 0.0066698
44
1
-1.66427 2.09041 0.525959
0.0199854 0.0155167 0.00911597
45
1
-1.70248 2.0564 0.506452
0.020739 0.0153762 0.0118577
46
1
-1.74138 2.02268 0.482747
0.0207582 0.0157001 0.0141565
47
1
-1.7798 1.98948 0.455038
0.0200673 0.016307 0.0156517
48
1
-1.81639 1.95675 0.424065
0.0188998 0.0168848 0.0165829
49
1
-1.85018 1.9246 0.390559
0.0173721 0.0170645 0.0174312
50
1
-1.88058 1.89344 0.355043
0.015425 0.0165266 0.018449
51
1
-1.9074 1.86407 0.317348
0.0134084 0.0151344 0.0198376
52
1
-1.9312 1.83741 0.277171
0.0116092 0.0130082 0.0213617
53
1
-1.95237 1.81407 0.234742
0.00999576 0.0107322 0.0227225
54
1
-1.97077 1.79484 0.190265
0.00833583 0.00856556 0.0237616
55
1
-1.98608 1.78017 0.144126
0.00639175 0.00630632 0.0245115
56
1
-1.99781 1.77024 0.0967626
0.00417944 0.00390671 0.0248456
57
1
-2.00538 1.76453 0.0486027
0.00199234 0.00172761 0.0247621
58
1
-2.00789 1.76267 -2.86998e-015
-8.28918e-019 2.229e-016 0.0246367
59
1
-2.00538 1.76453 -0.0486027
-0.00199234 -0.00172761 0.0247621
60
1
-1.99781 1.77024 -0.0967626
-0.00417944 -0.00390671 0.0248456
61
1
-1.98608 1.78017 -0.144126
-0.00639175 -0.00630632 0.0245115
62
1
-1.97077 1.79484 -0.190265
-0.00833583 -0.00856556 0.0237616
63
1
-1.95237 1.81407 -0.234742
-0.00999576 -0.0107322 0.0227225
64
1
-1.9312 1.83741 -0.277171
-0.0116092 -0.0130082 0.0213617
65
1
-1.9074 1.86407 -0.317348
-0.0134084 -0.0151344 0.0198376
66
1
-1.88058 1.89344 -0.355043
-0.015425 -0.0165266 0.018449
67
1
-1.85018 1.9246 -0.390559
-0.0173721 -0.0170645 0.0174312
68
1
-1.81639 1.95675 -0.424065
-0.0188998 -0.0168848 0.0165829
69
1
-1.7798 1.98948 -0.455038
-0.0200673 -0.016307 0.0156517
70
1
-1.74138 2.02268 -0.482747
-0.0207582 -0.0157001 0.0141565
71
1
-1.70248 2.0564 -0.506452
-0.020739 -0.0153762 0.0118577
72
1
-1.66427 2.09041 -0.525959
-0.0199854 -0.0155167 0.00911597
73
1
-1.62721 2.12473 -0.541369
-0.0189176 -0.0162428 0.0066698
74
1
-1.59126 2.15972 -0.553215
-0.0179032 -0.0175043 0.00479505
75
1
-1.55658 2.19624 -0.561561
-0.0169272 -0.0190167 0.00307897
76
1
-1.52409 2.23515 -0.566944
-0.0156071 -0.0203831 0.00104169
77
1
-1.49446 2.27662 -0.569708
-0.0136216 -0.0213919 -0.00121361
78
1
-1.46827 2.32041 -0.570664
-0.0111346 -0.0221042 -0.00281095
79
1
-1.44534 2.36611 -0.570498
-0.00907915 -0.0228237 -0.00301741
80
1
-1.42527 2.4137 -0.570067
-0.00812078 -0.0238169 -0.00213176
81
1
-1.4076 2.4632 -0.57063
-0.00771029 -0.024946 -0.000906083
82
1
-1.39164 2.51414 -0.573443
-0.00700629 -0.0257439 0.000414736
83
1
-1.37669 2.56579 -0.579069
-0.00620937 -0.0261154 0.00207897
84
1
-1.3622 2.61786 -0.587705
-0.0058479 -0.026253 0.00430747
85
1
-1.34796 2.67043 -0.599933
-0.00587464 -0.026224 0.00705835
86
1
-1.3334 2.72337 -0.616556
-0.00621137 -0.0263082 0.00988141
87
1
-1.31753 2.77646 -0.637597
-0.00715692 -0.0264918 0.0122644
88
1
-1.29957 2.82963 -0.66249
-0.00863431 -0.0263733 0.0141518
89
1
-1.27924 2.88285 -0.690776
-0.0101336 -0.0260752 0.015762
90
1
-1.25592 2.93584 -0.722284
-0.0119498 -0.0262231 0.0169159
91
1
-1.22843 2.98848 -0.756022
-0.0143843 -0.0264205 0.0174041
92
1
-1.19649 3.04079 -0.791228
-0.0169091 -0.0260562 0.0180343
93
1
-1.1593 3.09235 -0.82811
-0.0198231 -0.0255239 0.0189912
94
1
-1.11582 3.14285 -0.866448
-0.023306 -0.0250564 0.0194181
95
1
-1.06558 3.19177 -0.905981
-0.0274196 -0.0241133 0.0205437
96
1
-1.0078 3.23895 -0.947147
-0.0314355 -0.0232936 0.0215448
97
1
-0.942237 3.28432 -0.989272
-0.0362652 -0.0231049 0.0221185
98
1
-0.868418 3.32821 -1.03126
-0.0395483 -0.022142 0.0212007
99
1
-0.787301 3.37073 -1.07144
-0.0421555 -0.0212946 0.0199971
100
1
-0.699401 3.41101 -1.10846
-0.0458037 -0.0199178 0.0179217
101
1
-0.604863 3.44759 -1.1415
-0.0484649 -0.0171531 0.0157599
102
1
-0.504118 3.47842 -1.17022
-0.0511671 -0.0141632 0.0132085
103
1
-0.397955 3.50288 -1.19382
-0.0540129 -0.0104825 0.0108221
104
1
-0.287379 3.52115 -1.21163
-0.0561611 -0.007524 0.00748853
105
1
-0.173596 3.53394 -1.22318
-0.0574491 -0.00495079 0.00412097
106
1
-0.0580458 3.54082 -1.22848
-0.0580455 -0.00184973 0.00150756
107
1
0.0580458 3.54082 -1.22848
-0.0580455 0.00184973 -0.00150756
108
1
0.173596 3.53394 -1.22318
-0.0574491 0.00495079 -0.00412097
109
1
0.287379 3.52115 -1.21163
-0.0561611 0.007524 -0.00748853
110
1
0.397955 3.50288 -1.19382
-0.0540129 0.0104825 -0.0108221
111
1
0.504118 3.47842 -1.17022
-0.0511671 0.0141632 -0.0132085
112
1
0.604863 3.44759 -1.1415
-0.0484649 0.0171531 -0.0157599
113
1
0.699401 3.41101 -1.10846
-0.0458037 0.0199178 -0.0179217
114
1
0.787301 3.37073 -1.07144
-0.0421555 0.0212946 -0.0199971
115
1
0.868418 3.32821 -1.03126
-0.0395483 0.022142 -0.0212007
116
1
0.942237 3.28432 -0.989272
-0.0362652 0.0231049 -0.0221185
117
1
1.0078 3.23895 -0.947147
-0.0314355 0.0232936 -0.0215448
118
1
1.06558 3.19177 -0.905981
-0.0274196 0.0241133 -0.0205437
119
1
1.11582 3.14285 -0.866448
-0.023306 0.0250564 -0.0194181
120
1
1.1593 3.09235 -0.82811
-0.0198231 0.0255239 -0.0189912
121
1
1.19649 3.04079 -0.791228
-0.0169091 0.0260562 -0.0180343
122
1
1.22843 2.98848 -0.756022
-0.0143843 0.0264205 -0.0174041
123
1
1.25592 2.93584 -0.722284
-0.0119498 0.0262231 -0.0169159
124
1
1.27924 2.88285 -0.690776
-0.0101336 0.0260752 -0.015762
125
1
1.29957 2.82963 -0.66249
-0.00863431 0.0263733 -0.0141518
126
1
1.31753 2.77646 -0.637597
-0.00715692 0.0264918 -0.0122644
127
1
1.3334 2.72337 -0.616556
-0.00621137 0.0263082 -0.00988141
128
1
1.34796 2.67043 -0.599933
-0.00587464 0.026224 -0.00705835
129
1
1.3622 2.61786 -0.587705
-0.0058479 0.026253 -0.00430747
130
1
1.37669 2.56579 -0.579069
-0.00620937 0.0261154 -0.00207897
131
1
1.39164 2.51414 -0.573443
-0.00700629 0.0257439 -0.000414736
132
1
1.4076 2.4632 -0.57063
-0.00771029 0.024946 0.000906083
133
1
1.42527 2.4137 -0.570067
-0.00812078 0.0238169 0.00213176
134
1
1.44534 2.36611 -0.570498
-0.00907915 0.0228237 0.00301741
135
1
1.46827 2.32041 -0.570664
-0.0111346 0.0221042 0.00281095
136
1
1.49446 2.27662 -0.569708
-0.0136216 0.0213919 0.00121361
137
1
1.52409 2.23515 -0.566944
-0.0156071 0.0203831 -0.00104169
138
1
1.55658 2.19624 -0.561561
-0.0169272 0.0190167 -0.00307897
139
1
1.59126 2.15972 -0.553215
-0.0179032 0.0175043 -0.00479505
140
1
1.62721 2.12473 -0.541369
-0.0189176 0.0162428 -0.0066698
141
1
1.66427 2.09041 -0.525959
-0.0199854 0.0155167 -0.00911597
142
1
1.70248 2.0564 -0.506452
-0.020739 0.0153762 -0.0118577
143
1
1.74138 2.02268 -0.482747
-0.0207582 0.0157001 -0.0141565
144
1
1.7798 1.98948 -0.455038
-0.0200673 0.016307 -0.0156517
145
1
1.81639 1.95675 -0.424065
-0.0188998 0.0168848 -0.0165829
146
1
1.85018 1.9246 -0.390559
-0.0173721 0.0170645 -0.0174312
147
1
1.88058 1.89344 -0.355043
-0.015425 0.0165266 -0.018449
148
1
1.9074 1.86407 -0.317348
-0.0134084 0.0151344 -0.0198376
149
1
1.9312 1.83741 -0.277171
-0.0116092 0.0130082 -0.0213617
150
1
1.95237 1.81407 -0.234742
-0.00999576 0.0107322 -0.0227225
151
1
1.97077 1.79484 -0.190265
-0.00833583 0.00856556 -0.0237616
152
1
1.98608 1.78017 -0.144126
-0.00639175 0.00630632 -0.0245115
153
1
1.99781 1.77024 -0.0967626
-0.00417944 0.00390671 -0.0248456
154
1
2.00538 1.76453 -0.0486027
-0.00199234 0.00172761 -0.0247621
155
1
2.00789 1.76267 -2.21563e-015
-1.48049e-016 2.77318e-016 -0.0246367
156
1
2.00538 1.76453 0.0486027
0.00199234 -0.00172761 -0.0247621
157
1
1.99781 1.77024 0.0967626
0.00417944 -0.00390671 -0.0248456
158
1
1.98608 1.78017 0.144126
0.00639175 -0.00630632 -0.0245115
159
1
1.97077 1.79484 0.190265
0.00833583 -0.00856556 -0.0237616
160
1
1.95237 1.81407 0.234742
0.00999576 -0.0107322 -0.0227225
161
1
1.9312 1.83741 0.277171
0.0116092 -0.0130082 -0.0213617
162
1
1.9074 1.86407 0.317348
0.0134084 -0.0151344 -0.0198376
163
1
1.88058 1.89344 0.355043
0.015425 -0.0165266 -0.018449
164
1
1.85018 1.9246 0.390559
0.0173721 -0.0170645 -0.0174312
165
1
1.81639 1.95675 0.424065
0.0188998 -0.0168848 -0.0165829
166
1
1.7798 1.98948 0.455038
0.0200673 -0.016307 -0.0156517
167
1
1.74138 2.02268 0.482747
0.0207582 -0.0157001 -0.0141565
168
1
1.70248 2.0564 0.506452
0.020739 -0.0153762 -0.0118577
169
1
1.66427 2.09041 0.525959
0.0199854 -0.0155167 -0.00911597
170
1
1.62721 2.12473 0.541369
0.0189176 -0.0162428 -0.0066698
171
1
1.59126 2.15972 0.553215
0.0179032 -0.0175043 -0.00479505
172
1
1.55658 2.19624 0.561561
0.0169272 -0.0190167 -0.00307897
173
1
1.52409 2.23515 0.566944
0.0156071 -0.0203831 -0.00104169
174
1
1.49446 2.27662 0.569708
0.0136216 -0.0213919 0.00121361
175
1
1.46827 2.32041 0.570664
0.0111346 -0.0221042 0.00281095
176
1
1.44534 2.36611 0.570498
0.00907915 -0.0228237 0.00301741
177
1
1.42527 2.4137 0.570067
0.00812078 -0.0238169 0.00213176
178
1
1.4076 2.4632 0.57063
0.00771029 -0.024946 0.000906083
179
1
1.39164 2.51414 0.573443
0.00700629 -0.0257439 -0.000414736
180
1
1.37669 2.56579 0.579069
0.00620937 -0.0261154 -0.00207897
181
1
1.3622 2.61786 0.587705
0.0058479 -0.026253 -0.00430747
182
1
1.34796 2.67043 0.599933
0.00587464 -0.026224 -0.00705835
183
1
1.3334 2.72337 0.616556
0.00621137 -0.0263082 -0.00988141
184
1
1.31753 2.77646 0.637597
0.00715692 -0.0264918 -0.0122644
185
1
1.29957 2.82963 0.66249
0.00863431 -0.0263733 -0.0141518
186
1
1.27924 2.88285 0.690776
0.0101336 -0.0260752 -0.015762
187
1
1.25592 2.93584 0.722284
0.0119498 -0.0262231 -0.0169159
188
1
1.22843 2.98848 0.756022
0.0143843 -0.0264205 -0.0174041
189
1
1.19649 3.04079 0.791228
0.0169091 -0.0260562 -0.0180343
190
1
1.1593 3.09235 0.82811
0.0198231 -0.0255239 -0.0189912
191
1
1.11582 3.14285 0.866448
0.023306 -0.0250564 -0.0194181
192
1
1.06558 3.19177 0.905981
0.0274196 -0.0241133 -0.0205437
193
1
1.0078 3.23895 0.947147
0.0314355 -0.0232936 -0.0215448
