194
0
1
0.986104 5.56963 1.00762
0.0285861 -0.0176134 0.0239537
1
1
0.933297 5.60317 0.953618
0.0242265 -0.016449 0.0312219
2
1
0.887609 5.63704 0.883664
0.0179795 -0.016339 0.0405579
3
1
0.852484 5.67065 0.79772
0.0127402 -0.0147312 0.0490495
4
1
0.829673 5.70427 0.692297
0.00635701 -0.0154338 0.0573089
5
1
0.816806 5.73442 0.56582
0.00530727 -0.0154314 0.0709385
6
1
0.805988 5.75814 0.408523
0.0031574 -0.0106473 0.0771266
7
1
0.798154 5.77658 0.190511
0.00449611 -0.000579394 0.0777901
8
1
0.553084 5.85992 0.0597697
0.014569 -0.00853099 -0.021443
9
1
0.0548832 7.01761 0.373458
0.00116667 0.0269778 -0.0730937
10
1
-0.0548832 7.01761 0.373458
0.00116667 -0.0269778 0.0730937
11
1
-0.553084 5.85992 0.0597697
0.014569 0.00853099 0.021443
12
1
-0.798154 5.77658 0.190511
0.00449611 0.000579394 -0.0777901
13
1
-0.805988 5.75814 0.408523
0.0031574 0.0106473 -0.0771266
14
1
-0.816806 5.73442 0.56582
0.00530727 0.0154314 -0.0709385
15
1
-0.829673 5.70427 0.692297
0.00635701 0.0154338 -0.0573089
16
1
-0.852484 5.67065 0.79772
0.0127402 0.0147312 -0.0490495
17
1
-0.887609 5.63704 0.883664
0.0179795 0.016339 -0.0405579
18
1
-0.933297 5.60317 0.953618
0.0242265 0.016449 -0.0312219
19
1
-0.986104 5.56963 1.00762
0.0285861 0.0176134 -0.0239537
20
1
-1.04334 5.53731 1.04787
0.0301917 0.0170309 -0.0160541
21
1
-1.1027 5.50758 1.07765
0.0295624 0.0143068 -0.0113626
22
1
-1.16261 5.48142 1.10007
0.0306157 0.0134772 -0.00866834
23
1
-1.22326 5.45806 1.118
0.0295771 0.011799 -0.00673791
24
1
-1.28375 5.438 1.13242
0.0296895 0.00993396 -0.00575629
25
1
-1.34382 5.42159 1.14404
0.0302403 0.00823812 -0.00484258
26
1
-1.40336 5.40875 1.15352
0.0288613 0.00532653 -0.00406732
27
1
-1.46188 5.39903 1.16058
0.0287239 0.0032252 -0.00331794
28
1
-1.51981 5.39193 1.16484
0.0292898 0.00212192 -0.00221557
29
1
-1.57748 5.38794 1.16516
0.0285172 0.000523201 0.000106826
30
1
-1.63455 5.38738 1.16131
0.0280134 -0.00113728 0.00232174
31
1
-1.69098 5.39007 1.15448
0.0281656 -0.00230088 0.00334423
32
1
-1.74687 5.39523 1.14528
0.0278247 -0.00303797 0.00454756
33
1
-1.80211 5.40133 1.13371
0.0273001 -0.00298007 0.00659262
34
1
-1.85657 5.40711 1.11976
0.0270854 -0.00258652 0.0079811
35
1
-1.91019 5.41202 1.10354
0.0264141 -0.00235459 0.00886165
36
1
-1.96266 5.41638 1.08451
0.0251743 -0.00189291 0.0102117
37
1
-2.01417 5.42044 1.06205
0.0246578 -0.00143599 0.0116846
38
1
-2.06559 5.42451 1.03636
0.0253318 -0.00172108 0.0130908
39
1
-2.11728 5.4292 1.00805
0.025931 -0.0025153 0.0146484
40
1
-2.1684 5.43461 0.977236
0.02566 -0.00289412 0.0164787
41
1
-2.2182 5.44026 0.9438
0.024939 -0.00321557 0.0181351
42
1
-2.26644 5.44624 0.90747
0.02404 -0.00394228 0.0193929
43
1
-2.31339 5.45214 0.868175
0.0232325 -0.00413264 0.0208566
44
1
-2.35907 5.45803 0.825326
0.0227125 -0.00360185 0.0228974
45
1
-2.40352 5.46427 0.778289
0.02247 -0.00365176 0.0249521
46
1
-2.44711 5.47122 0.727836
0.0224093 -0.00417356 0.0264482
47
1
-2.4896 5.4787 0.675065
0.0222603 -0.00425646 0.0275639
48
1
-2.53006 5.48657 0.620398
0.0212235 -0.00462178 0.028741
49
1
-2.56742 5.49477 0.564056
0.0192159 -0.0049133 0.0300454
50
1
-2.60052 5.50244 0.506055
0.0165825 -0.00400182 0.0308693
51
1
-2.62893 5.50894 0.446529
0.0137447 -0.00248694 0.0315027
52
1
-2.65295 5.51389 0.385509
0.0110669 -0.00155381 0.0319593
53
1
-2.67266 5.5174 0.323217
0.00839963 -0.00128008 0.032343
54
1
-2.6881 5.51962 0.259917
0.00562499 -0.000830024 0.0329771
55
1
-2.69906 5.52052 0.195666
0.00343574 7.77231e-005 0.0336841
56
1
-2.70612 5.52041 0.130797
0.00216249 0.000942586 0.0338466
57
1
-2.70999 5.51969 0.0654755
0.00117411 0.000902103 0.0334042
58
1
-2.71115 5.51944 2.31586e-014
-2.43803e-016 -8.71959e-016 0.0330805
59
1
-2.70999 5.51969 -0.0654755
-0.00117411 -0.000902103 0.0334042
60
1
-2.70612 5.52041 -0.130797
-0.00216249 -0.000942586 0.0338466
61
1
-2.69906 5.52052 -0.195666
-0.00343574 -7.77231e-005 0.0336841
62
1
-2.6881 5.51962 -0.259917
-0.00562499 0.000830024 0.0329771
63
1
-2.67266 5.5174 -0.323217
-0.00839963 0.00128008 0.032343
64
1
-2.65295 5.51389 -0.385509
-0.0110669 0.00155381 0.0319593
65
1
-2.62893 5.50894 -0.446529
-0.0137447 0.00248694 0.0315027
66
1
-2.60052 5.50244 -0.506055
-0.0165825 0.00400182 0.0308693
67
1
-2.56742 5.49477 -0.564056
-0.0192159 0.0049133 0.0300454
68
1
-2.53006 5.48657 -0.620398
-0.0212235 0.00462178 0.028741
69
1
-2.4896 5.4787 -0.675065
-0.0222603 0.00425646 0.0275639
70
1
-2.44711 5.47122 -0.727836
-0.0224093 0.00417356 0.0264482
71
1
-2.40352 5.46427 -0.778289
-0.02247 0.00365176 0.0249521
72
1
-2.35907 5.45803 -0.825326
-0.0227125 0.00360185 0.0228974
73
1
-2.31339 5.45214 -0.868175
-0.0232325 0.00413264 0.0208566
74
1
-2.26644 5.44624 -0.90747
-0.02404 0.00394228 0.0193929
75
1
-2.2182 5.44026 -0.9438
-0.024939 0.00321557 0.0181351
76
1
-2.1684 5.43461 -0.977236
-0.02566 0.00289412 0.0164787
77
1
-2.11728 5.4292 -1.00805
-0.025931 0.0025153 0.0146484
78
1
-2.06559 5.42451 -1.03636
-0.0253318 0.00172108 0.0130908
79
1
-2.01417 5.42044 -1.06205
-0.0246578 0.00143599 0.0116846
80
1
-1.96266 5.41638 -1.08451
-0.0251743 0.00189291 0.0102117
81
1
-1.91019 5.41202 -1.10354
-0.0264141 0.00235459 0.00886165
82
1
-1.85657 5.40711 -1.11976
-0.0270854 0.00258652 0.0079811
83
1
-1.80211 5.40133 -1.13371
-0.0273001 0.00298007 0.00659262
84
1
-1.74687 5.39523 -1.14528
-0.0278247 0.00303797 0.00454756
85
1
-1.69098 5.39007 -1.15448
-0.0281656 0.00230088 0.00334423
86
1
-1.63455 5.38738 -1.16131
-0.0280134 0.00113728 0.00232174
87
1
-1.57748 5.38794 -1.16516
-0.0285172 -0.000523201 0.000106826
88
1
-1.51981 5.39193 -1.16484
-0.0292898 -0.00212192 -0.00221557
89
1
-1.46188 5.39903 -1.16058
-0.0287239 -0.0032252 -0.00331794
90
1
-1.40336 5.40875 -1.15352
-0.0288613 -0.00532653 -0.00406732
91
1
-1.34382 5.42159 -1.14404
-0.0302403 -0.00823812 -0.00484258
92
1
-1.28375 5.438 -1.13242
-0.0296895 -0.00993396 -0.00575629
93
1
-1.22326 5.45806 -1.118
-0.0295771 -0.011799 -0.00673791
94
1
-1.16261 5.48142 -1.10007
-0.0306157 -0.0134772 -0.00866834
95
1
-1.1027 5.50758 -1.07765
-0.0295624 -0.0143068 -0.0113626
96
1
-1.04334 5.53731 -1.04787
-0.0301917 -0.0170309 -0.0160541
97
1
-0.986104 5.56963 -1.00762
-0.0285861 -0.0176134 -0.0239537
98
1
-0.933297 5.60317 -0.953618
-0.0242265 -0.016449 -0.0312219
99
1
-0.887609 5.63704 -0.883664
-0.0179795 -0.016339 -0.0405579
100
1
-0.852484 5.67065 -0.79772
-0.0127402 -0.0147312 -0.0490495
101
1
-0.829673 5.70427 -0.692297
-0.00635701 -0.0154338 -0.0573089
102
1
-0.816806 5.73442 -0.56582
-0.00530727 -0.0154314 -0.0709385
103
1
-0.805988 5.75814 -0.408523
-0.0031574 -0.0106473 -0.0771266
104
1
-0.798154 5.77658 -0.190511
-0.00449611 -0.000579394 -0.0777901
105
1
-0.553084 5.85992 -0.0597697
-0.014569 -0.00853099 0.021443
106
1
-0.0548832 7.01761 -0.373458
-0.00116667 0.0269778 0.0730937
107
1
0.0548832 7.01761 -0.373458
-0.00116667 -0.0269778 -0.0730937
108
1
0.553084 5.85992 -0.0597697
-0.014569 0.00853099 -0.021443
109
1
0.798154 5.77658 -0.190511
-0.00449611 0.000579394 0.0777901
110
1
0.805988 5.75814 -0.408523
-0.0031574 0.0106473 0.0771266
111
1
0.816806 5.73442 -0.56582
-0.00530727 0.0154314 0.0709385
112
1
0.829673 5.70427 -0.692297
-0.00635701 0.0154338 0.0573089
113
1
0.852484 5.67065 -0.79772
-0.0127402 0.0147312 0.0490495
114
1
0.887609 5.63704 -0.883664
-0.0179795 0.016339 0.0405579
115
1
0.933297 5.60317 -0.953618
-0.0242265 0.016449 0.0312219
116
1
0.986104 5.56963 -1.00762
-0.0285861 0.0176134 0.0239537
117
1
1.04334 5.53731 -1.04787
-0.0301917 0.0170309 0.0160541
118
1
1.1027 5.50758 -1.07765
-0.0295624 0.0143068 0.0113626
119
1
1.16261 5.48142 -1.10007
-0.0306157 0.0134772 0.00866834
120
1
1.22326 5.45806 -1.118
-0.0295771 0.011799 0.00673791
121
1
1.28375 5.438 -1.13242
-0.0296895 0.00993396 0.00575629
122
1
1.34382 5.42159 -1.14404
-0.0302403 0.00823812 0.00484258
123
1
1.40336 5.40875 -1.15352
-0.0288613 0.00532653 0.00406732
124
1
1.46188 5.39903 -1.16058
-0.0287239 0.0032252 0.00331794
125
1
1.51981 5.39193 -1.16484
-0.0292898 0.00212192 0.00221557
126
1
1.57748 5.38794 -1.16516
-0.0285172 0.000523201 -0.000106826
127
1
1.63455 5.38738 -1.16131
-0.0280134 -0.00113728 -0.00232174
128
1
1.69098 5.39007 -1.15448
-0.0281656 -0.00230088 -0.00334423
129
1
1.74687 5.39523 -1.14528
-0.0278247 -0.00303797 -0.00454756
130
1
1.80211 5.40133 -1.13371
-0.0273001 -0.00298007 -0.00659262
131
1
1.85657 5.40711 -1.11976
-0.0270854 -0.00258652 -0.0079811
132
1
1.91019 5.41202 -1.10354
-0.0264141 -0.00235459 -0.00886165
133
1
1.96266 5.41638 -1.08451
-0.0251743 -0.00189291 -0.0102117
134
1
2.01417 5.42044 -1.06205
-0.0246578 -0.00143599 -0.0116846
135
1
2.06559 5.42451 -1.03636
-0.0253318 -0.00172108 -0.0130908
136
1
2.11728 5.4292 -1.00805
-0.025931 -0.0025153 -0.0146484
137
1
2.1684 5.43461 -0.977236
-0.02566 -0.00289412 -0.0164787
138
1
2.2182 5.44026 -0.9438
-0.024939 -0.00321557 -0.0181351
139
1
2.26644 5.44624 -0.90747
-0.02404 -0.00394228 -0.0193929
140
1
2.31339 5.45214 -0.868175
-0.0232325 -0.00413264 -0.0208566
141
1
2.35907 5.45803 -0.825326
-0.0227125 -0.00360185 -0.0228974
142
1
2.40352 5.46427 -0.778289
-0.02247 -0.00365176 -0.0249521
143
1
2.44711 5.47122 -0.727836
-0.0224093 -0.00417356 -0.0264482
144
1
2.4896 5.4787 -0.675065
-0.0222603 -0.00425646 -0.0275639
145
1
2.53006 5.48657 -0.620398
-0.0212235 -0.00462178 -0.028741
146
1
2.56742 5.49477 -0.564056
-0.0192159 -0.0049133 -0.0300454
147
1
2.60052 5.50244 -0.506055
-0.0165825 -0.00400182 -0.0308693
148
1
2.62893 5.50894 -0.446529
-0.0137447 -0.00248694 -0.0315027
149
1
2.65295 5.51389 -0.385509
-0.0110669 -0.00155381 -0.0319593
150
1
2.67266 5.5174 -0.323217
-0.00839963 -0.00128008 -0.032343
151
1
2.6881 5.51962 -0.259917
-0.00562499 -0.000830024 -0.0329771
152
1
2.69906 5.52052 -0.195666
-0.00343574 7.77231e-005 -0.0336841
153
1
2.70612 5.52041 -0.130797
-0.00216249 0.000942586 -0.0338466
154
1
2.70999 5.51969 -0.0654755
-0.00117411 0.000902103 -0.0334042
155
1
2.71115 5.51944 -3.06924e-014
-2.94029e-016 1.0575e-016 -0.0330805
156
1
2.70999 5.51969 0.0654755
0.00117411 -0.000902103 -0.0334042
157
1
2.70612 5.52041 0.130797
0.00216249 -0.000942586 -0.0338466
158
1
2.69906 5.52052 0.195666
0.00343574 -7.77231e-005 -0.0336841
159
1
2.6881 5.51962 0.259917
0.00562499 0.000830024 -0.0329771
160
1
2.67266 5.5174 0.323217
0.00839963 0.00128008 -0.032343
161
1
2.65295 5.51389 0.385509
0.0110669 0.00155381 -0.0319593
162
1
2.62893 5.50894 0.446529
0.0137447 0.00248694 -0.0315027
163
1
2.60052 5.50244 0.506055
0.0165825 0.00400182 -0.0308693
164
1
2.56742 5.49477 0.564056
0.0192159 0.0049133 -0.0300454
165
1
2.53006 5.48657 0.620398
0.0212235 0.00462178 -0.028741
166
1
2.4896 5.4787 0.675065
0.0222603 0.00425646 -0.0275639
167
1
2.44711 5.47122 0.727836
0.0224093 0.00417356 -0.0264482
168
1
2.40352 5.46427 0.778289
0.02247 0.00365176 -0.0249521
169
1
2.35907 5.45803 0.825326
0.0227125 0.00360185 -0.0228974
170
1
2.31339 5.45214 0.868175
0.0232325 0.00413264 -0.0208566
171
1
2.26644 5.44624 0.90747
0.02404 0.00394228 -0.0193929
172
1
2.2182 5.44026 0.9438
0.024939 0.00321557 -0.0181351
173
1
2.1684 5.43461 0.977236
0.02566 0.00289412 -0.0164787
174
1
2.11728 5.4292 1.00805
0.025931 0.0025153 -0.0146484
175
1
2.06559 5.42451 1.03636
0.0253318 0.00172108 -0.0130908
176
1
2.01417 5.42044 1.06205
0.0246578 0.00143599 -0.0116846
177
1
1.96266 5.41638 1.08451
0.0251743 0.00189291 -0.0102117
178
1
1.91019 5.41202 1.10354
0.0264141 0.00235459 -0.00886165
179
1
1.85657 5.40711 1.11976
0.0270854 0.00258652 -0.0079811
180
1
1.80211 5.40133 1.13371
0.0273001 0.00298007 -0.00659262
181
1
1.74687 5.39523 1.14528
0.0278247 0.00303797 -0.00454756
182
1
1.69098 5.39007 1.15448
0.0281656 0.00230088 -0.00334423
183
1
1.63455 5.38738 1.16131
0.0280134 0.00113728 -0.00232174
184
1
1.57748 5.38794 1.16516
0.0285172 -0.000523201 -0.000106826
185
1
1.51981 5.39193 1.16484
0.0292898 -0.00212192 0.00221557
186
1
1.46188 5.39903 1.16058
0.0287239 -0.0032252 0.00331794
187
1
1.40336 5.40875 1.15352
0.0288613 -0.00532653 0.00406732
188
1
1.34382 5.42159 1.14404
0.0302403 -0.00823812 0.00484258
189
1
1.28375 5.438 1.13242
0.0296895 -0.00993396 0.00575629
190
1
1.22326 5.45806 1.118
0.0295771 -0.011799 0.00673791
191
1
1.16261 5.48142 1.10007
0.0306157 -0.0134772 0.00866834
192
1
1.1027 5.50758 1.07765
0.0295624 -0.0143068 0.0113626
193
1
1.04334 5.53731 1.04787
0.0301917 -0.0170309 0.0160541
