194
0
1
0.905603 3.8658 0.582888
0.0284498 -0.0342776 -0.00640309
1
1
0.844641 3.93104 0.597873
0.031371 -0.0331969 -0.0118333
2
1
0.776102 3.99456 0.621583
0.0356208 -0.030892 -0.0152813
3
1
0.698617 4.05314 0.651501
0.0408039 -0.0274105 -0.0180549
4
1
0.611506 4.10481 0.684596
0.0453623 -0.0231526 -0.0180816
5
1
0.514932 4.14741 0.717722
0.049906 -0.0177705 -0.0170719
6
1
0.409753 4.18038 0.747553
0.054278 -0.0135975 -0.0141031
7
1
0.297499 4.20484 0.771066
0.0575296 -0.00984992 -0.0101194
8
1
0.180364 4.2219 0.787102
0.0593886 -0.00636858 -0.00626225
9
1
0.0604065 4.2308 0.795047
0.0603696 -0.00223793 -0.0019223
10
1
-0.0604065 4.2308 0.795047
0.0603696 0.00223793 0.0019223
11
1
-0.180364 4.2219 0.787102
0.0593886 0.00636858 0.00626225
12
1
-0.297499 4.20484 0.771066
0.0575296 0.00984992 0.0101194
13
1
-0.409753 4.18038 0.747553
0.054278 0.0135975 0.0141031
14
1
-0.514932 4.14741 0.717722
0.049906 0.0177705 0.0170719
15
1
-0.611506 4.10481 0.684596
0.0453623 0.0231526 0.0180816
16
1
-0.698617 4.05314 0.651501
0.0408039 0.0274105 0.0180549
17
1
-0.776102 3.99456 0.621583
0.0356208 0.030892 0.0152813
18
1
-0.844641 3.93104 0.597873
0.031371 0.0331969 0.0118333
19
1
-0.905603 3.8658 0.582888
0.0284498 0.0342776 0.00640309
20
1
-0.96014 3.8017 0.577285
0.0248682 0.0327477 0.00071291
21
1
-1.00987 3.74051 0.580502
0.0223015 0.0302584 -0.0035048
22
1
-1.05621 3.68342 0.591229
0.0212858 0.027897 -0.00808167
23
1
-1.10112 3.63038 0.607965
0.0201562 0.0250753 -0.0102962
24
1
-1.14581 3.58209 0.628358
0.0210732 0.0226361 -0.0116953
25
1
-1.1917 3.53848 0.650305
0.022899 0.0202378 -0.0121466
26
1
-1.23947 3.4993 0.671728
0.0231048 0.0178908 -0.0115236
27
1
-1.28885 3.46376 0.691127
0.0242414 0.016129 -0.010277
28
1
-1.34024 3.43158 0.708299
0.0264538 0.0149312 -0.00866666
29
1
-1.39366 3.40243 0.722862
0.0268761 0.0137215 -0.00722954
30
1
-1.4483 3.37554 0.734937
0.0267983 0.0127619 -0.00590157
31
1
-1.50377 3.35029 0.745143
0.0276983 0.0124392 -0.00430423
32
1
-1.55981 3.32622 0.753656
0.0282482 0.0122027 -0.00305225
33
1
-1.61593 3.30279 0.760316
0.0280955 0.0117813 -0.00236198
34
1
-1.67154 3.27926 0.765033
0.0279021 0.011627 -0.00162903
35
1
-1.7263 3.25551 0.767942
0.027213 0.0116205 -0.000723329
36
1
-1.78014 3.2321 0.768839
0.0259478 0.0114143 6.46225e-005
37
1
-1.83353 3.20956 0.767244
0.0255015 0.0112384 0.00106639
38
1
-1.8872 3.18801 0.763156
0.0263932 0.0110533 0.00244401
39
1
-1.94137 3.16794 0.756766
0.0273352 0.0101659 0.00341623
40
1
-1.99538 3.15034 0.748034
0.0273989 0.00838714 0.00407843
41
1
-2.04843 3.13592 0.736084
0.0268228 0.00640688 0.00574556
42
1
-2.10005 3.12413 0.72012
0.0260194 0.00498705 0.00838725
43
1
-2.1504 3.11449 0.699615
0.0253273 0.00429991 0.01088
44
1
-2.19987 3.106 0.674705
0.0249249 0.00388166 0.0130969
45
1
-2.2488 3.09845 0.645375
0.024796 0.00321879 0.0156524
46
1
-2.29669 3.09162 0.611375
0.0244325 0.00261523 0.0184765
47
1
-2.34256 3.08489 0.573096
0.0234323 0.00320664 0.0207672
48
1
-2.38556 3.07721 0.531325
0.0219468 0.00496652 0.0223788
49
1
-2.42528 3.06802 0.4869
0.0200789 0.00633536 0.0238502
50
1
-2.46122 3.05809 0.440306
0.0175715 0.00651474 0.0250519
51
1
-2.49333 3.04852 0.391689
0.0146505 0.0060003 0.0262915
52
1
-2.52124 3.03972 0.340496
0.0116877 0.00522029 0.0276571
53
1
-2.54398 3.03211 0.28662
0.00896202 0.00417297 0.0288615
54
1
-2.56125 3.02561 0.230761
0.00664808 0.00302418 0.0296434
55
1
-2.57348 3.02025 0.173681
0.00469265 0.00207707 0.0300209
56
1
-2.58155 3.0159 0.116019
0.00290595 0.0013669 0.0299695
57
1
-2.58599 3.01299 0.058051
0.0013266 0.000664597 0.0295631
58
1
-2.58753 3.012 -1.6193e-015
-4.87889e-016 7.46878e-016 0.0293117
59
1
-2.58599 3.01299 -0.058051
-0.0013266 -0.000664597 0.0295631
60
1
-2.58155 3.0159 -0.116019
-0.00290595 -0.0013669 0.0299695
61
1
-2.57348 3.02025 -0.173681
-0.00469265 -0.00207707 0.0300209
62
1
-2.56125 3.02561 -0.230761
-0.00664808 -0.00302418 0.0296434
63
1
-2.54398 3.03211 -0.28662
-0.00896202 -0.00417297 0.0288615
64
1
-2.52124 3.03972 -0.340496
-0.0116877 -0.00522029 0.0276571
65
1
-2.49333 3.04852 -0.391689
-0.0146505 -0.0060003 0.0262915
66
1
-2.46122 3.05809 -0.440306
-0.0175715 -0.00651474 0.0250519
67
1
-2.42528 3.06802 -0.4869
-0.0200789 -0.00633536 0.0238502
68
1
-2.38556 3.07721 -0.531325
-0.0219468 -0.00496652 0.0223788
69
1
-2.34256 3.08489 -0.573096
-0.0234323 -0.00320664 0.0207672
70
1
-2.29669 3.09162 -0.611375
-0.0244325 -0.00261523 0.0184765
71
1
-2.2488 3.09845 -0.645375
-0.024796 -0.00321879 0.0156524
72
1
-2.19987 3.106 -0.674705
-0.0249249 -0.00388166 0.0130969
73
1
-2.1504 3.11449 -0.699615
-0.0253273 -0.00429991 0.01088
74
1
-2.10005 3.12413 -0.72012
-0.0260194 -0.00498705 0.00838725
75
1
-2.04843 3.13592 -0.736084
-0.0268228 -0.00640688 0.00574556
76
1
-1.99538 3.15034 -0.748034
-0.0273989 -0.00838714 0.00407843
77
1
-1.94137 3.16794 -0.756766
-0.0273352 -0.0101659 0.00341623
78
1
-1.8872 3.18801 -0.763156
-0.0263932 -0.0110533 0.00244401
79
1
-1.83353 3.20956 -0.767244
-0.0255015 -0.0112384 0.00106639
80
1
-1.78014 3.2321 -0.768839
-0.0259478 -0.0114143 6.46225e-005
81
1
-1.7263 3.25551 -0.767942
-0.027213 -0.0116205 -0.000723329
82
1
-1.67154 3.27926 -0.765033
-0.0279021 -0.011627 -0.00162903
83
1
-1.61593 3.30279 -0.760316
-0.0280955 -0.0117813 -0.00236198
84
1
-1.55981 3.32622 -0.753656
-0.0282482 -0.0122027 -0.00305225
85
1
-1.50377 3.35029 -0.745143
-0.0276983 -0.0124392 -0.00430423
86
1
-1.4483 3.37554 -0.734937
-0.0267983 -0.0127619 -0.00590157
87
1
-1.39366 3.40243 -0.722862
-0.0268761 -0.0137215 -0.00722954
88
1
-1.34024 3.43158 -0.708299
-0.0264538 -0.0149312 -0.00866666
89
1
-1.28885 3.46376 -0.691127
-0.0242414 -0.016129 -0.010277
90
1
-1.23947 3.4993 -0.671728
-0.0231048 -0.0178908 -0.0115236
91
1
-1.1917 3.53848 -0.650305
-0.022899 -0.0202378 -0.0121466
92
1
-1.14581 3.58209 -0.628358
-0.0210732 -0.0226361 -0.0116953
93
1
-1.10112 3.63038 -0.607965
-0.0201562 -0.0250753 -0.0102962
94
1
-1.05621 3.68342 -0.591229
-0.0212858 -0.027897 -0.00808167
95
1
-1.00987 3.74051 -0.580502
-0.0223015 -0.0302584 -0.0035048
96
1
-0.96014 3.8017 -0.577285
-0.0248682 -0.0327477 0.00071291
97
1
-0.905603 3.8658 -0.582888
-0.0284498 -0.0342776 0.00640309
98
1
-0.844641 3.93104 -0.597873
-0.031371 -0.0331969 0.0118333
99
1
-0.776102 3.99456 -0.621583
-0.0356208 -0.030892 0.0152813
100
1
-0.698617 4.05314 -0.651501
-0.0408039 -0.0274105 0.0180549
101
1
-0.611506 4.10481 -0.684596
-0.0453623 -0.0231526 0.0180816
102
1
-0.514932 4.14741 -0.717722
-0.049906 -0.0177705 0.0170719
103
1
-0.409753 4.18038 -0.747553
-0.054278 -0.0135975 0.0141031
104
1
-0.297499 4.20484 -0.771066
-0.0575296 -0.00984992 0.0101194
105
1
-0.180364 4.2219 -0.787102
-0.0593886 -0.00636858 0.00626225
106
1
-0.0604065 4.2308 -0.795047
-0.0603696 -0.00223793 0.0019223
107
1
0.0604065 4.2308 -0.795047
-0.0603696 0.00223793 -0.0019223
108
1
0.180364 4.2219 -0.787102
-0.0593886 0.00636858 -0.00626225
109
1
0.297499 4.20484 -0.771066
-0.0575296 0.00984992 -0.0101194
110
1
0.409753 4.18038 -0.747553
-0.054278 0.0135975 -0.0141031
111
1
0.514932 4.14741 -0.717722
-0.049906 0.0177705 -0.0170719
112
1
0.611506 4.10481 -0.684596
-0.0453623 0.0231526 -0.0180816
113
1
0.698617 4.05314 -0.651501
-0.0408039 0.0274105 -0.0180549
114
1
0.776102 3.99456 -0.621583
-0.0356208 0.030892 -0.0152813
115
1
0.844641 3.93104 -0.597873
-0.031371 0.0331969 -0.0118333
116
1
0.905603 3.8658 -0.582888
-0.0284498 0.0342776 -0.00640309
117
1
0.96014 3.8017 -0.577285
-0.0248682 0.0327477 -0.00071291
118
1
1.00987 3.74051 -0.580502
-0.0223015 0.0302584 0.0035048
119
1
1.05621 3.68342 -0.591229
-0.0212858 0.027897 0.00808167
120
1
1.10112 3.63038 -0.607965
-0.0201562 0.0250753 0.0102962
121
1
1.14581 3.58209 -0.628358
-0.0210732 0.0226361 0.0116953
122
1
1.1917 3.53848 -0.650305
-0.022899 0.0202378 0.0121466
123
1
1.23947 3.4993 -0.671728
-0.0231048 0.0178908 0.0115236
124
1
1.28885 3.46376 -0.691127
-0.0242414 0.016129 0.010277
125
1
1.34024 3.43158 -0.708299
-0.0264538 0.0149312 0.00866666
126
1
1.39366 3.40243 -0.722862
-0.0268761 0.0137215 0.00722954
127
1
1.4483 3.37554 -0.734937
-0.0267983 0.0127619 0.00590157
128
1
1.50377 3.35029 -0.745143
-0.0276983 0.0124392 0.00430423
129
1
1.55981 3.32622 -0.753656
-0.0282482 0.0122027 0.00305225
130
1
1.61593 3.30279 -0.760316
-0.0280955 0.0117813 0.00236198
131
1
1.67154 3.27926 -0.765033
-0.0279021 0.011627 0.00162903
132
1
1.7263 3.25551 -0.767942
-0.027213 0.0116205 0.000723329
133
1
1.78014 3.2321 -0.768839
-0.0259478 0.0114143 -6.46225e-005
134
1
1.83353 3.20956 -0.767244
-0.0255015 0.0112384 -0.00106639
135
1
1.8872 3.18801 -0.763156
-0.0263932 0.0110533 -0.00244401
136
1
1.94137 3.16794 -0.756766
-0.0273352 0.0101659 -0.00341623
137
1
1.99538 3.15034 -0.748034
-0.0273989 0.00838714 -0.00407843
138
1
2.04843 3.13592 -0.736084
-0.0268228 0.00640688 -0.00574556
139
1
2.10005 3.12413 -0.72012
-0.0260194 0.00498705 -0.00838725
140
1
2.1504 3.11449 -0.699615
-0.0253273 0.00429991 -0.01088
141
1
2.19987 3.106 -0.674705
-0.0249249 0.00388166 -0.0130969
142
1
2.2488 3.09845 -0.645375
-0.024796 0.00321879 -0.0156524
143
1
2.29669 3.09162 -0.611375
-0.0244325 0.00261523 -0.0184765
144
1
2.34256 3.08489 -0.573096
-0.0234323 0.00320664 -0.0207672
145
1
2.38556 3.07721 -0.531325
-0.0219468 0.00496652 -0.0223788
146
1
2.42528 3.06802 -0.4869
-0.0200789 0.00633536 -0.0238502
147
1
2.46122 3.05809 -0.440306
-0.0175715 0.00651474 -0.0250519
148
1
2.49333 3.04852 -0.391689
-0.0146505 0.0060003 -0.0262915
149
1
2.52124 3.03972 -0.340496
-0.0116877 0.00522029 -0.0276571
150
1
2.54398 3.03211 -0.28662
-0.00896202 0.00417297 -0.0288615
151
1
2.56125 3.02561 -0.230761
-0.00664808 0.00302418 -0.0296434
152
1
2.57348 3.02025 -0.173681
-0.00469265 0.00207707 -0.0300209
153
1
2.58155 3.0159 -0.116019
-0.00290595 0.0013669 -0.0299695
154
1
2.58599 3.01299 -0.058051
-0.0013266 0.000664597 -0.0295631
155
1
2.58753 3.012 -3.95358e-015
-2.21883e-016 -7.29995e-017 -0.0293117
156
1
2.58599 3.01299 0.058051
0.0013266 -0.000664597 -0.0295631
157
1
2.58155 3.0159 0.116019
0.00290595 -0.0013669 -0.0299695
158
1
2.57348 3.02025 0.173681
0.00469265 -0.00207707 -0.0300209
159
1
2.56125 3.02561 0.230761
0.00664808 -0.00302418 -0.0296434
160
1
2.54398 3.03211 0.28662
0.00896202 -0.00417297 -0.0288615
161
1
2.52124 3.03972 0.340496
0.0116877 -0.00522029 -0.0276571
162
1
2.49333 3.04852 0.391689
0.0146505 -0.0060003 -0.0262915
163
1
2.46122 3.05809 0.440306
0.0175715 -0.00651474 -0.0250519
164
1
2.42528 3.06802 0.4869
0.0200789 -0.00633536 -0.0238502
165
1
2.38556 3.07721 0.531325
0.0219468 -0.00496652 -0.0223788
166
1
2.34256 3.08489 0.573096
0.0234323 -0.00320664 -0.0207672
167
1
2.29669 3.09162 0.611375
0.0244325 -0.00261523 -0.0184765
168
1
2.2488 3.09845 0.645375
0.024796 -0.00321879 -0.0156524
169
1
2.19987 3.106 0.674705
0.0249249 -0.00388166 -0.0130969
170
1
2.1504 3.11449 0.699615
0.0253273 -0.00429991 -0.01088
171
1
2.10005 3.12413 0.72012
0.0260194 -0.00498705 -0.00838725
172
1
2.04843 3.13592 0.736084
0.0268228 -0.00640688 -0.00574556
173
1
1.99538 3.15034 0.748034
0.0273989 -0.00838714 -0.00407843
174
1
1.94137 3.16794 0.756766
0.0273352 -0.0101659 -0.00341623
175
1
1.8872 3.18801 0.763156
0.0263932 -0.0110533 -0.00244401
176
1
1.83353 3.20956 0.767244
0.0255015 -0.0112384 -0.00106639
177
1
1.78014 3.2321 0.768839
0.0259478 -0.0114143 -6.46225e-005
178
1
1.7263 3.25551 0.767942
0.027213 -0.0116205 0.000723329
179
1
1.67154 3.27926 0.765033
0.0279021 -0.011627 0.00162903
180
1
1.61593 3.30279 0.760316
0.0280955 -0.0117813 0.00236198
181
1
1.55981 3.32622 0.753656
0.0282482 -0.0122027 0.00305225
182
1
1.50377 3.35029 0.745143
0.0276983 -0.0124392 0.00430423
183
1
1.4483 3.37554 0.734937
0.0267983 -0.0127619 0.00590157
184
1
1.39366 3.40243 0.722862
0.0268761 -0.0137215 0.00722954
185
1
1.34024 3.43158 0.708299
0.0264538 -0.0149312 0.00866666
186
1
1.28885 3.46376 0.691127
0.0242414 -0.016129 0.010277
187
1
1.23947 3.4993 0.671728
0.0231048 -0.0178908 0.0115236
188
1
1.1917 3.53848 0.650305
0.022899 -0.0202378 0.0121466
189
1
1.14581 3.58209 0.628358
0.0210732 -0.0226361 0.0116953
190
1
1.10112 3.63038 0.607965
0.0201562 -0.0250753 0.0102962
191
1
1.05621 3.68342 0.591229
0.0212858 -0.027897 0.00808167
192
1
1.00987 3.74051 0.580502
0.0223015 -0.0302584 0.0035048
193
1
0.96014 3.8017 0.577285
0.0248682 -0.0327477 -0.00071291
