194
0
1
0.533613 0.784097 2.86277
0.016488 -0.0188468 -0.0337204
1
1
0.500149 0.819393 2.92896
0.0181884 -0.0192078 -0.0330593
2
1
0.461791 0.855772 2.99324
0.0194293 -0.0196608 -0.0313362
3
1
0.418227 0.891689 3.05428
0.0222925 -0.0194237 -0.0291151
4
1
0.368817 0.926221 3.1106
0.0254289 -0.0176708 -0.0267827
5
1
0.313119 0.957821 3.16093
0.0285546 -0.0152341 -0.023909
6
1
0.251068 0.984588 3.20344
0.0316365 -0.0124358 -0.0200351
7
1
0.183654 1.00543 3.23693
0.0343701 -0.00922847 -0.0152045
8
1
0.112009 1.01967 3.26013
0.0364506 -0.00570987 -0.00952057
9
1
0.0376417 1.02692 3.27195
0.0375789 -0.00193825 -0.00324364
10
1
-0.0376417 1.02692 3.27195
0.0375789 0.00193825 0.00324364
11
1
-0.112009 1.01967 3.26013
0.0364506 0.00570987 0.00952057
12
1
-0.183654 1.00543 3.23693
0.0343701 0.00922847 0.0152045
13
1
-0.251068 0.984588 3.20344
0.0316365 0.0124358 0.0200351
14
1
-0.313119 0.957821 3.16093
0.0285546 0.0152341 0.023909
15
1
-0.368817 0.926221 3.1106
0.0254289 0.0176708 0.0267827
16
1
-0.418227 0.891689 3.05428
0.0222925 0.0194237 0.0291151
17
1
-0.461791 0.855772 2.99324
0.0194293 0.0196608 0.0313362
18
1
-0.500149 0.819393 2.92896
0.0181884 0.0192078 0.0330593
19
1
-0.533613 0.784097 2.86277
0.016488 0.0188468 0.0337204
20
1
-0.561401 0.750729 2.79594
0.0129862 0.0179079 0.0333632
21
1
-0.582333 0.718612 2.72919
0.00907512 0.0172059 0.0329417
22
1
-0.596079 0.687728 2.66255
0.00487067 0.016739 0.0323329
23
1
-0.602521 0.658393 2.59598
0.00204852 0.0157535 0.0321816
24
1
-0.602823 0.630455 2.52986
-0.000127833 0.0137495 0.0324678
25
1
-0.599421 0.604255 2.46403
-0.00214389 0.0114316 0.0330081
26
1
-0.594171 0.581069 2.39756
-0.00370238 0.00933962 0.0336301
27
1
-0.587825 0.561766 2.32986
-0.00458727 0.00753801 0.034222
28
1
-0.580607 0.546468 2.2609
-0.00490248 0.00598928 0.0347363
29
1
-0.572781 0.534636 2.19089
-0.00483301 0.00468801 0.0351774
30
1
-0.56472 0.525556 2.12005
-0.00452735 0.00362331 0.0355669
31
1
-0.556846 0.518524 2.0485
-0.00409742 0.00277217 0.0359192
32
1
-0.549497 0.513054 1.97631
-0.00362396 0.00210661 0.0362385
33
1
-0.542865 0.50879 1.90354
-0.00315572 0.00159598 0.0365257
34
1
-0.537024 0.505469 1.83023
-0.00272007 0.00121119 0.0367822
35
1
-0.531947 0.502885 1.75644
-0.00232839 0.000924956 0.0370106
36
1
-0.527581 0.500869 1.68221
-0.0019839 0.000713769 0.0372138
37
1
-0.523841 0.499288 1.6076
-0.00168528 0.000558419 0.0373947
38
1
-0.520655 0.498037 1.53265
-0.00142893 0.000443978 0.0375556
39
1
-0.517943 0.497034 1.4574
-0.00121041 0.00035925 0.0376986
40
1
-0.51564 0.496221 1.38187
-0.00102496 0.000296001 0.0378256
41
1
-0.513685 0.49555 1.30611
-0.000868067 0.000248213 0.0379381
42
1
-0.512026 0.49499 1.23013
-0.000735497 0.00021152 0.0380375
43
1
-0.510619 0.494515 1.15397
-0.000623472 0.000182812 0.0381253
44
1
-0.509425 0.494108 1.07764
-0.00052865 0.000159895 0.0382025
45
1
-0.508411 0.493755 1.00117
-0.000448313 0.000141007 0.0382703
46
1
-0.507552 0.493447 0.924564
-0.000380115 0.000125066 0.0383295
47
1
-0.506824 0.493179 0.847852
-0.000322089 0.000111118 0.0383812
48
1
-0.506209 0.492942 0.771044
-0.00027238 9.85879e-005 0.0384261
49
1
-0.505691 0.492734 0.694152
-0.000229444 8.71485e-005 0.0384648
50
1
-0.505255 0.492551 0.617189
-0.000192168 7.66683e-005 0.0384979
51
1
-0.504893 0.492394 0.540164
-0.000159638 6.65397e-005 0.038526
52
1
-0.504593 0.492259 0.463088
-0.000130862 5.67216e-005 0.0385495
53
1
-0.504349 0.492149 0.385969
-0.000105038 4.69314e-005 0.0385688
54
1
-0.504158 0.492059 0.308815
-8.12576e-005 3.73331e-005 0.0385842
55
1
-0.504013 0.49199 0.231635
-5.93818e-005 2.78072e-005 0.0385959
56
1
-0.503912 0.49194 0.154434
-3.88719e-005 1.84765e-005 0.0386042
57
1
-0.503852 0.49191 0.0772202
-1.92268e-005 9.23207e-006 0.038609
58
1
-0.503832 0.491901 1.70132e-018
2.99501e-018 8.60061e-018 0.0386107
59
1
-0.503852 0.49191 -0.0772202
1.92268e-005 -9.23207e-006 0.038609
60
1
-0.503912 0.49194 -0.154434
3.88719e-005 -1.84765e-005 0.0386042
61
1
-0.504013 0.49199 -0.231635
5.93818e-005 -2.78072e-005 0.0385959
62
1
-0.504158 0.492059 -0.308815
8.12576e-005 -3.73331e-005 0.0385842
63
1
-0.504349 0.492149 -0.385969
0.000105038 -4.69314e-005 0.0385688
64
1
-0.504593 0.492259 -0.463088
0.000130862 -5.67216e-005 0.0385495
65
1
-0.504893 0.492394 -0.540164
0.000159638 -6.65397e-005 0.038526
66
1
-0.505255 0.492551 -0.617189
0.000192168 -7.66683e-005 0.0384979
67
1
-0.505691 0.492734 -0.694152
0.000229444 -8.71485e-005 0.0384648
68
1
-0.506209 0.492942 -0.771044
0.00027238 -9.85879e-005 0.0384261
69
1
-0.506824 0.493179 -0.847852
0.000322089 -0.000111118 0.0383812
70
1
-0.507552 0.493447 -0.924564
0.000380115 -0.000125066 0.0383295
71
1
-0.508411 0.493755 -1.00117
0.000448313 -0.000141007 0.0382703
72
1
-0.509425 0.494108 -1.07764
0.00052865 -0.000159895 0.0382025
73
1
-0.510619 0.494515 -1.15397
0.000623472 -0.000182812 0.0381253
74
1
-0.512026 0.49499 -1.23013
0.000735497 -0.00021152 0.0380375
75
1
-0.513685 0.49555 -1.30611
0.000868067 -0.000248213 0.0379381
76
1
-0.51564 0.496221 -1.38187
0.00102496 -0.000296001 0.0378256
77
1
-0.517943 0.497034 -1.4574
0.00121041 -0.00035925 0.0376986
78
1
-0.520655 0.498037 -1.53265
0.00142893 -0.000443978 0.0375556
79
1
-0.523841 0.499288 -1.6076
0.00168528 -0.000558419 0.0373947
80
1
-0.527581 0.500869 -1.68221
0.0019839 -0.000713769 0.0372138
81
1
-0.531947 0.502885 -1.75644
0.00232839 -0.000924956 0.0370106
82
1
-0.537024 0.505469 -1.83023
0.00272007 -0.00121119 0.0367822
83
1
-0.542865 0.50879 -1.90354
0.00315572 -0.00159598 0.0365257
84
1
-0.549497 0.513054 -1.97631
0.00362396 -0.00210661 0.0362385
85
1
-0.556846 0.518524 -2.0485
0.00409742 -0.00277217 0.0359192
86
1
-0.56472 0.525556 -2.12005
0.00452735 -0.00362331 0.0355669
87
1
-0.572781 0.534636 -2.19089
0.00483301 -0.00468801 0.0351774
88
1
-0.580607 0.546468 -2.2609
0.00490248 -0.00598928 0.0347363
89
1
-0.587825 0.561766 -2.32986
0.00458727 -0.00753801 0.034222
90
1
-0.594171 0.581069 -2.39756
0.00370238 -0.00933962 0.0336301
91
1
-0.599421 0.604255 -2.46403
0.00214389 -0.0114316 0.0330081
92
1
-0.602823 0.630455 -2.52986
0.000127833 -0.0137495 0.0324678
93
1
-0.602521 0.658393 -2.59598
-0.00204852 -0.0157535 0.0321816
94
1
-0.596079 0.687728 -2.66255
-0.00487067 -0.016739 0.0323329
95
1
-0.582333 0.718612 -2.72919
-0.00907512 -0.0172059 0.0329417
96
1
-0.561401 0.750729 -2.79594
-0.0129862 -0.0179079 0.0333632
97
1
-0.533613 0.784097 -2.86277
-0.016488 -0.0188468 0.0337204
98
1
-0.500149 0.819393 -2.92896
-0.0181884 -0.0192078 0.0330593
99
1
-0.461791 0.855772 -2.99324
-0.0194293 -0.0196608 0.0313362
100
1
-0.418227 0.891689 -3.05428
-0.0222925 -0.0194237 0.0291151
101
1
-0.368817 0.926221 -3.1106
-0.0254289 -0.0176708 0.0267827
102
1
-0.313119 0.957821 -3.16093
-0.0285546 -0.0152341 0.023909
103
1
-0.251068 0.984588 -3.20344
-0.0316365 -0.0124358 0.0200351
104
1
-0.183654 1.00543 -3.23693
-0.0343701 -0.00922847 0.0152045
105
1
-0.112009 1.01967 -3.26013
-0.0364506 -0.00570987 0.00952057
106
1
-0.0376417 1.02692 -3.27195
-0.0375789 -0.00193825 0.00324364
107
1
0.0376417 1.02692 -3.27195
-0.0375789 0.00193825 -0.00324364
108
1
0.112009 1.01967 -3.26013
-0.0364506 0.00570987 -0.00952057
109
1
0.183654 1.00543 -3.23693
-0.0343701 0.00922847 -0.0152045
110
1
0.251068 0.984588 -3.20344
-0.0316365 0.0124358 -0.0200351
111
1
0.313119 0.957821 -3.16093
-0.0285546 0.0152341 -0.023909
112
1
0.368817 0.926221 -3.1106
-0.0254289 0.0176708 -0.0267827
113
1
0.418227 0.891689 -3.05428
-0.0222925 0.0194237 -0.0291151
114
1
0.461791 0.855772 -2.99324
-0.0194293 0.0196608 -0.0313362
115
1
0.500149 0.819393 -2.92896
-0.0181884 0.0192078 -0.0330593
116
1
0.533613 0.784097 -2.86277
-0.016488 0.0188468 -0.0337204
117
1
0.561401 0.750729 -2.79594
-0.0129862 0.0179079 -0.0333632
118
1
0.582333 0.718612 -2.72919
-0.00907512 0.0172059 -0.0329417
119
1
0.596079 0.687728 -2.66255
-0.00487067 0.016739 -0.0323329
120
1
0.602521 0.658393 -2.59598
-0.00204852 0.0157535 -0.0321816
121
1
0.602823 0.630455 -2.52986
0.000127833 0.0137495 -0.0324678
122
1
0.599421 0.604255 -2.46403
0.00214389 0.0114316 -0.0330081
123
1
0.594171 0.581069 -2.39756
0.00370238 0.00933962 -0.0336301
124
1
0.587825 0.561766 -2.32986
0.00458727 0.00753801 -0.034222
125
1
0.580607 0.546468 -2.2609
0.00490248 0.00598928 -0.0347363
126
1
0.572781 0.534636 -2.19089
0.00483301 0.00468801 -0.0351774
127
1
0.56472 0.525556 -2.12005
0.00452735 0.00362331 -0.0355669
128
1
0.556846 0.518524 -2.0485
0.00409742 0.00277217 -0.0359192
129
1
0.549497 0.513054 -1.97631
0.00362396 0.00210661 -0.0362385
130
1
0.542865 0.50879 -1.90354
0.00315572 0.00159598 -0.0365257
131
1
0.537024 0.505469 -1.83023
0.00272007 0.00121119 -0.0367822
132
1
0.531947 0.502885 -1.75644
0.00232839 0.000924956 -0.0370106
133
1
0.527581 0.500869 -1.68221
0.0019839 0.000713769 -0.0372138
134
1
0.523841 0.499288 -1.6076
0.00168528 0.000558419 -0.0373947
135
1
0.520655 0.498037 -1.53265
0.00142893 0.000443978 -0.0375556
136
1
0.517943 0.497034 -1.4574
0.00121041 0.00035925 -0.0376986
137
1
0.51564 0.496221 -1.38187
0.00102496 0.000296001 -0.0378256
138
1
0.513685 0.49555 -1.30611
0.000868067 0.000248213 -0.0379381
139
1
0.512026 0.49499 -1.23013
0.000735497 0.00021152 -0.0380375
140
1
0.510619 0.494515 -1.15397
0.000623472 0.000182812 -0.0381253
141
1
0.509425 0.494108 -1.07764
0.00052865 0.000159895 -0.0382025
142
1
0.508411 0.493755 -1.00117
0.000448313 0.000141007 -0.0382703
143
1
0.507552 0.493447 -0.924564
0.000380115 0.000125066 -0.0383295
144
1
0.506824 0.493179 -0.847852
0.000322089 0.000111118 -0.0383812
145
1
0.506209 0.492942 -0.771044
0.00027238 9.85879e-005 -0.0384261
146
1
0.505691 0.492734 -0.694152
0.000229444 8.71485e-005 -0.0384648
147
1
0.505255 0.492551 -0.617189
0.000192168 7.66683e-005 -0.0384979
148
1
0.504893 0.492394 -0.540164
0.000159638 6.65397e-005 -0.038526
149
1
0.504593 0.492259 -0.463088
0.000130862 5.67216e-005 -0.0385495
150
1
0.504349 0.492149 -0.385969
0.000105038 4.69314e-005 -0.0385688
151
1
0.504158 0.492059 -0.308815
8.12576e-005 3.73331e-005 -0.0385842
152
1
0.504013 0.49199 -0.231635
5.93818e-005 2.78072e-005 -0.0385959
153
1
0.503912 0.49194 -0.154434
3.88719e-005 1.84765e-005 -0.0386042
154
1
0.503852 0.49191 -0.0772202
1.92268e-005 9.23207e-006 -0.038609
155
1
0.503832 0.491901 -3.24573e-021
-1.51196e-017 -3.22621e-017 -0.0386107
156
1
0.503852 0.49191 0.0772202
-1.92268e-005 -9.23207e-006 -0.038609
157
1
0.503912 0.49194 0.154434
-3.88719e-005 -1.84765e-005 -0.0386042
158
1
0.504013 0.49199 0.231635
-5.93818e-005 -2.78072e-005 -0.0385959
159
1
0.504158 0.492059 0.308815
-8.12576e-005 -3.73331e-005 -0.0385842
160
1
0.504349 0.492149 0.385969
-0.000105038 -4.69314e-005 -0.0385688
161
1
0.504593 0.492259 0.463088
-0.000130862 -5.67216e-005 -0.0385495
162
1
0.504893 0.492394 0.540164
-0.000159638 -6.65397e-005 -0.038526
163
1
0.505255 0.492551 0.617189
-0.000192168 -7.66683e-005 -0.0384979
164
1
0.505691 0.492734 0.694152
-0.000229444 -8.71485e-005 -0.0384648
165
1
0.506209 0.492942 0.771044
-0.00027238 -9.85879e-005 -0.0384261
166
1
0.506824 0.493179 0.847852
-0.000322089 -0.000111118 -0.0383812
167
1
0.507552 0.493447 0.924564
-0.000380115 -0.000125066 -0.0383295
168
1
0.508411 0.493755 1.00117
-0.000448313 -0.000141007 -0.0382703
169
1
0.509425 0.494108 1.07764
-0.00052865 -0.000159895 -0.0382025
170
1
0.510619 0.494515 1.15397
-0.000623472 -0.000182812 -0.0381253
171
1
0.512026 0.49499 1.23013
-0.000735497 -0.00021152 -0.0380375
172
1
0.513685 0.49555 1.30611
-0.000868067 -0.000248213 -0.0379381
173
1
0.51564 0.496221 1.38187
-0.00102496 -0.000296001 -0.0378256
174
1
0.517943 0.497034 1.4574
-0.00121041 -0.00035925 -0.0376986
175
1
0.520655 0.498037 1.53265
-0.00142893 -0.000443978 -0.0375556
176
1
0.523841 0.499288 1.6076
-0.00168528 -0.000558419 -0.0373947
177
1
0.527581 0.500869 1.68221
-0.0019839 -0.000713769 -0.0372138
178
1
0.531947 0.502885 1.75644
-0.00232839 -0.000924956 -0.0370106
179
1
0.537024 0.505469 1.83023
-0.00272007 -0.00121119 -0.0367822
180
1
0.542865 0.50879 1.90354
-0.00315572 -0.00159598 -0.0365257
181
1
0.549497 0.513054 1.97631
-0.00362396 -0.00210661 -0.0362385
182
1
0.556846 0.518524 2.0485
-0.00409742 -0.00277217 -0.0359192
183
1
0.56472 0.525556 2.12005
-0.00452735 -0.00362331 -0.0355669
184
1
0.572781 0.534636 2.19089
-0.00483301 -0.00468801 -0.0351774
185
1
0.580607 0.546468 2.2609
-0.00490248 -0.00598928 -0.0347363
186
1
0.587825 0.561766 2.32986
-0.00458727 -0.00753801 -0.034222
187
1
0.594171 0.581069 2.39756
-0.00370238 -0.00933962 -0.0336301
188
1
0.599421 0.604255 2.46403
-0.00214389 -0.0114316 -0.0330081
189
1
0.602823 0.630455 2.52986
-0.000127833 -0.0137495 -0.0324678
190
1
0.602521 0.658393 2.59598
0.00204852 -0.0157535 -0.0321816
191
1
0.596079 0.687728 2.66255
0.00487067 -0.016739 -0.0323329
192
1
0.582333 0.718612 2.72919
0.00907512 -0.0172059 -0.0329417
193
1
0.561401 0.750729 2.79594
0.0129862 -0.0179079 -0.0333632
