194
0
1
0.801894 11.7682 2.39424
0.00597488 0.0142487 -0.0367671
1
1
0.777455 11.7433 2.46684
0.0130425 0.00525452 -0.0259692
2
1
0.723514 11.7257 2.55754
0.0424745 -0.000682911 -0.0579866
3
1
0.652776 11.7058 2.64516
0.0394045 0.0162621 -0.0401499
4
1
0.574111 11.6687 2.717
0.0377894 0.0286595 -0.0310363
5
1
0.504006 11.6312 2.77817
0.0218528 0.00935223 -0.0127826
6
1
0.388535 11.5927 2.8852
0.051775 0.0141484 -0.0550159
7
1
0.186531 11.5625 3.02635
0.0711778 0.000630776 -0.0317044
8
1
0.111595 6.47869 0.0613237
-0.0456329 0.00306439 -0.00616039
9
1
1.66604 12.6399 -0.0408268
-0.0504379 0.0359871 0.0179357
10
1
-1.66325 12.673 0.183638
-0.0521421 -0.0365318 0.00331673
11
1
-0.11122 6.47836 0.0600674
-0.0455119 -0.00301851 0.00625185
12
1
-0.186624 11.5625 3.02635
0.071184 -0.000642182 0.0316903
13
1
-0.388607 11.5927 2.88525
0.051785 -0.0141577 0.055003
14
1
-0.50407 11.6313 2.77824
0.0218483 -0.00935742 0.0127772
15
1
-0.574157 11.6688 2.71709
0.0377821 -0.0286778 0.0310266
16
1
-0.652811 11.7059 2.64526
0.0394059 -0.016273 0.0401318
17
1
-0.723538 11.7258 2.55768
0.0424834 0.000679323 0.0579601
18
1
-0.777475 11.7434 2.46702
0.0130449 -0.00524968 0.0259562
19
1
-0.801916 11.7683 2.39447
0.00597794 -0.0142368 0.0367434
20
1
-0.813402 11.8021 2.31315
-0.00440081 -0.0221726 0.0475202
21
1
-0.821396 11.8398 2.22966
0.0080611 -0.0150266 0.0361074
22
1
-0.836629 11.8824 2.1492
0.0165817 -0.0335687 0.0443007
23
1
-0.849345 11.9251 2.07164
-0.000605545 -0.019345 0.0352849
24
1
-0.851988 11.958 2.00347
-0.00148729 -0.00623749 0.0223795
25
1
-0.847587 11.9865 1.94812
0.00133341 -0.00960188 0.0284378
26
1
-0.841033 12.0172 1.89984
0.000957354 -0.0158195 0.029373
27
1
-0.832068 12.0499 1.85856
-0.00335465 -0.0155576 0.0189464
28
1
-0.818396 12.0854 1.82642
-0.0125473 -0.0171607 0.0100625
29
1
-0.798566 12.125 1.80206
-0.0182439 -0.0226138 0.0065683
30
1
-0.778797 12.1655 1.78274
-0.0108575 -0.0182412 0.00469411
31
1
-0.76047 12.2062 1.76996
-0.00634524 -0.0172619 0.00356482
32
1
-0.745953 12.2482 1.76136
-0.0041204 -0.0222836 0.00228437
33
1
-0.734671 12.2897 1.75592
-0.00175337 -0.0195598 0.00238656
34
1
-0.725687 12.3303 1.75143
-0.00203187 -0.0188225 -0.000750288
35
1
-0.715184 12.3722 1.74707
-0.0032979 -0.0231338 -0.00455933
36
1
-0.702211 12.413 1.7403
-0.00597144 -0.0201048 0.00010235
37
1
-0.685034 12.4511 1.73023
-0.0118432 -0.0180598 0.00718395
38
1
-0.663584 12.4877 1.71653
-0.0143886 -0.0173386 0.00978523
39
1
-0.64026 12.5211 1.69978
-0.00957398 -0.0122887 0.00865642
40
1
-0.616741 12.5507 1.67992
-0.00977891 -0.00974037 0.0100821
41
1
-0.592763 12.5771 1.65695
-0.0130525 -0.00907819 0.0115864
42
1
-0.567961 12.6023 1.6301
-0.011948 -0.00900623 0.0131446
43
1
-0.544139 12.6296 1.59778
-0.0115482 -0.011801 0.0173052
44
1
-0.523438 12.6605 1.55773
-0.0135777 -0.0194769 0.0240522
45
1
-0.504984 12.6949 1.51012
-0.00898915 -0.0291125 0.0306883
46
1
-0.487171 12.7319 1.45596
-0.00270893 -0.0290914 0.0339653
47
1
-0.467129 12.763 1.3979
-0.0040669 -0.0141044 0.035281
48
1
-0.441586 12.7824 1.33796
-0.0186044 0.00321556 0.0426348
49
1
-0.408442 12.7946 1.28437
-0.0489257 -0.00617716 0.0286324
50
1
-0.368742 12.8222 1.23194
-0.0155128 -0.0380565 0.0380409
51
1
-0.3241 12.8495 1.16821
-0.00347738 -0.00843634 0.0530139
52
1
-0.309175 12.8847 1.1134
-0.0248709 -0.00789745 -0.00344956
53
1
-0.284099 12.9276 1.02174
0.0287269 -0.0466306 0.0554275
54
1
-0.269917 12.9867 0.961338
0.000130826 -0.00792084 0.0392964
55
1
-0.343198 13.0564 0.910411
0.0112415 -0.00753138 -0.0120117
56
1
-0.045785 13.7798 1.1549
-0.0270164 -0.00498021 0.0260326
57
1
-0.0350501 13.8664 0.0837942
0.0199296 0.0269561 -9.96698e-006
58
1
-0.0690949 14.8781 0.00625872
0.00846029 0.00180987 0.0773807
59
1
-0.036825 13.8653 -0.083828
-0.0195682 -0.0272962 -5.5563e-005
60
1
-0.114342 13.7519 -1.24154
-0.0360082 -0.0244167 0.0292464
61
1
-0.316034 13.0753 -0.899195
-0.0139707 0.00524163 -0.00981655
62
1
-0.245809 13.001 -0.953445
0.005957 0.0110908 0.0390888
63
1
-0.267086 12.9475 -1.01582
-0.0207791 0.0479705 0.0577833
64
1
-0.29759 12.9038 -1.11163
0.0229886 0.0055859 -0.0030577
65
1
-0.314656 12.868 -1.16612
0.00203503 0.01417 0.0499762
66
1
-0.363792 12.839 -1.22756
0.0216227 0.0406693 0.0323205
67
1
-0.405735 12.8094 -1.27865
0.0513923 0.00552912 0.031846
68
1
-0.440876 12.7956 -1.33288
0.018258 -0.000791725 0.0436774
69
1
-0.467329 12.7743 -1.39301
0.00465161 0.0153619 0.0349039
70
1
-0.488378 12.7419 -1.45038
0.0032387 0.0283916 0.0331458
71
1
-0.506804 12.7042 -1.50407
0.00916113 0.0283765 0.0302023
72
1
-0.525451 12.6692 -1.55161
0.0135994 0.0196249 0.0240362
73
1
-0.546176 12.6379 -1.59167
0.0115952 0.0122401 0.0173288
74
1
-0.570082 12.6101 -1.62385
0.0119975 0.00948781 0.0131227
75
1
-0.59493 12.5844 -1.65062
0.0130394 0.00954504 0.011484
76
1
-0.618951 12.5574 -1.67357
0.00978105 0.0101027 0.0100227
77
1
-0.642478 12.5273 -1.69372
0.00955953 0.0126373 0.00866924
78
1
-0.665689 12.4931 -1.71087
0.0141643 0.0176838 0.00984471
79
1
-0.686914 12.4557 -1.72502
0.0116396 0.0184186 0.00745948
80
1
-0.703824 12.4168 -1.73555
0.00593063 0.0205654 0.000561844
81
1
-0.716451 12.3752 -1.74278
0.00325473 0.0236016 -0.00401189
82
1
-0.726575 12.3326 -1.74765
0.00189724 0.0192181 -0.000349972
83
1
-0.735218 12.2914 -1.75268
0.00155562 0.0199608 0.00269271
84
1
-0.746163 12.2493 -1.75868
0.0039459 0.0226069 0.00255678
85
1
-0.760396 12.2069 -1.76778
0.00624925 0.0174468 0.00374423
86
1
-0.77854 12.1659 -1.78097
0.0108043 0.0183705 0.00485899
87
1
-0.798234 12.1251 -1.80061
0.0182241 0.0227238 0.00672815
88
1
-0.818054 12.0853 -1.82525
0.0125729 0.017227 0.010137
89
1
-0.83173 12.0498 -1.85759
0.00342367 0.0155845 0.018986
90
1
-0.840697 12.017 -1.89906
-0.000851082 0.0157973 0.0294164
91
1
-0.847281 11.9864 -1.9475
-0.00124539 0.00957153 0.0284881
92
1
-0.851766 11.9579 -2.00296
0.00153547 0.00622457 0.0224259
93
1
-0.849206 11.9251 -2.07121
0.000656 0.0193264 0.0353341
94
1
-0.836557 11.8824 -2.14883
-0.0165473 0.0335676 0.0443194
95
1
-0.821356 11.8397 -2.22933
-0.00805338 0.0150405 0.0361212
96
1
-0.813376 11.802 -2.31288
0.00440337 0.0221887 0.0475528
97
1
-0.801894 11.7682 -2.39424
-0.00597487 0.0142487 0.0367672
98
1
-0.777455 11.7433 -2.46684
-0.0130425 0.00525452 0.0259692
99
1
-0.723514 11.7257 -2.55754
-0.0424745 -0.00068291 0.0579866
100
1
-0.652776 11.7058 -2.64516
-0.0394045 0.0162621 0.0401499
101
1
-0.57411 11.6687 -2.717
-0.0377894 0.0286595 0.0310363
102
1
-0.504006 11.6312 -2.77817
-0.0218528 0.00935223 0.0127826
103
1
-0.388535 11.5927 -2.8852
-0.051775 0.0141484 0.0550159
104
1
-0.186531 11.5625 -3.02635
-0.0711778 0.000630776 0.0317044
105
1
-0.111595 6.47868 -0.0613214
0.0456326 0.0030655 0.00615904
106
1
-1.66603 12.6399 0.0406353
0.0504418 0.03599 -0.0179138
107
1
1.66322 12.6731 -0.183823
0.0521421 -0.0365278 -0.00333848
108
1
0.11122 6.47836 -0.060065
0.0455116 -0.00301963 -0.00625053
109
1
0.186624 11.5625 -3.02635
-0.071184 -0.000642185 -0.0316903
110
1
0.388607 11.5927 -2.88525
-0.051785 -0.0141577 -0.055003
111
1
0.50407 11.6313 -2.77824
-0.0218483 -0.00935742 -0.0127772
112
1
0.574157 11.6688 -2.71709
-0.0377821 -0.0286778 -0.0310266
113
1
0.652811 11.7059 -2.64526
-0.0394059 -0.016273 -0.0401318
114
1
0.723537 11.7258 -2.55768
-0.0424834 0.000679318 -0.0579601
115
1
0.777475 11.7434 -2.46702
-0.0130449 -0.00524968 -0.0259562
116
1
0.801916 11.7683 -2.39447
-0.00597793 -0.0142368 -0.0367434
117
1
0.813401 11.8021 -2.31315
0.00440083 -0.0221726 -0.0475202
118
1
0.821395 11.8398 -2.22966
-0.00806108 -0.0150266 -0.0361074
119
1
0.836629 11.8824 -2.1492
-0.0165816 -0.0335687 -0.0443007
120
1
0.849345 11.9251 -2.07164
0.000605583 -0.019345 -0.0352849
121
1
0.851988 11.958 -2.00347
0.00148731 -0.00623749 -0.0223795
122
1
0.847587 11.9865 -1.94812
-0.00133337 -0.00960188 -0.0284378
123
1
0.841033 12.0172 -1.89984
-0.000957309 -0.0158195 -0.029373
124
1
0.832068 12.0499 -1.85856
0.00335468 -0.0155576 -0.0189464
125
1
0.818395 12.0854 -1.82642
0.0125473 -0.0171607 -0.0100625
126
1
0.798566 12.125 -1.80206
0.0182439 -0.0226138 -0.00656832
127
1
0.778796 12.1655 -1.78274
0.0108575 -0.0182412 -0.00469414
128
1
0.760469 12.2062 -1.76996
0.00634524 -0.0172619 -0.00356486
129
1
0.745952 12.2482 -1.76136
0.00412041 -0.0222836 -0.00228443
130
1
0.73467 12.2897 -1.75592
0.00175339 -0.0195599 -0.00238663
131
1
0.725686 12.3303 -1.75143
0.0020319 -0.0188225 0.000750216
132
1
0.715183 12.3722 -1.74706
0.00329793 -0.0231338 0.00455925
133
1
0.70221 12.413 -1.7403
0.00597146 -0.0201048 -0.000102428
134
1
0.685034 12.4511 -1.73022
0.0118432 -0.0180597 -0.00718404
135
1
0.663583 12.4877 -1.71653
0.0143885 -0.0173385 -0.00978532
136
1
0.640259 12.5211 -1.69978
0.00957394 -0.0122886 -0.00865648
137
1
0.616741 12.5507 -1.67992
0.00977886 -0.00974027 -0.0100822
138
1
0.592763 12.5771 -1.65695
0.0130524 -0.00907807 -0.0115864
139
1
0.567961 12.6023 -1.6301
0.0119479 -0.00900611 -0.0131447
140
1
0.544139 12.6296 -1.59778
0.0115481 -0.0118008 -0.0173053
141
1
0.523439 12.6605 -1.55773
0.0135774 -0.0194768 -0.0240523
142
1
0.504985 12.6948 -1.51012
0.00898876 -0.0291124 -0.0306885
143
1
0.487173 12.7319 -1.45596
0.00270854 -0.0290913 -0.0339654
144
1
0.467131 12.763 -1.3979
0.00406651 -0.0141045 -0.0352809
145
1
0.441589 12.7824 -1.33796
0.0186037 0.00321519 -0.0426349
146
1
0.408445 12.7946 -1.28437
0.0489252 -0.00617726 -0.028633
147
1
0.368746 12.8222 -1.23193
0.0155129 -0.038057 -0.0380406
148
1
0.324105 12.8495 -1.1682
0.00347666 -0.00843715 -0.0530133
149
1
0.30918 12.8847 -1.11339
0.0248702 -0.00789722 0.00344945
150
1
0.284106 12.9276 -1.02173
-0.0287269 -0.0466309 -0.0554272
151
1
0.269924 12.9867 -0.961334
-0.000129905 -0.00792196 -0.0392963
152
1
0.343205 13.0564 -0.910411
-0.0112421 -0.0075302 0.0120124
153
1
0.0457922 13.7798 -1.15493
0.0270155 -0.00498196 -0.0260329
154
1
0.0350504 13.8664 -0.0837966
-0.0199296 0.0269562 1.00896e-005
155
1
0.0690953 14.8781 -0.00625225
-0.00846035 0.00181087 -0.0773807
156
1
0.0368255 13.8653 0.0838256
0.0195683 -0.027296 5.54423e-005
157
1
0.114344 13.7519 1.24152
0.03601 -0.0244201 -0.0292454
158
1
0.316017 13.0753 0.899195
0.0139707 0.0052428 0.00981511
159
1
0.245794 13.001 0.953451
-0.00595757 0.0110893 -0.0390883
160
1
0.267072 12.9475 1.01583
0.0207776 0.0479697 -0.0577845
161
1
0.29758 12.9038 1.11164
-0.0229891 0.00558585 0.00305776
162
1
0.314646 12.868 1.16613
-0.00203591 0.0141696 -0.0499759
163
1
0.363784 12.839 1.22757
-0.0216237 0.0406684 -0.0323201
164
1
0.405728 12.8094 1.27866
-0.0513934 0.00552892 -0.0318453
165
1
0.440871 12.7956 1.33289
-0.0182589 -0.000791699 -0.043677
166
1
0.467325 12.7743 1.39301
-0.0046523 0.0153619 -0.0349036
167
1
0.488376 12.7419 1.45039
-0.00323935 0.0283914 -0.0331453
168
1
0.506802 12.7042 1.50407
-0.00916168 0.0283765 -0.030202
169
1
0.52545 12.6692 1.55161
-0.0135998 0.0196251 -0.024036
170
1
0.546176 12.6379 1.59168
-0.0115954 0.0122404 -0.0173287
171
1
0.570082 12.6101 1.62385
-0.0119976 0.00948802 -0.0131226
172
1
0.59493 12.5844 1.65062
-0.0130395 0.00954524 -0.0114839
173
1
0.618952 12.5574 1.67357
-0.00978111 0.0101029 -0.0100226
174
1
0.642479 12.5273 1.69372
-0.00955958 0.0126375 -0.00866915
175
1
0.66569 12.4931 1.71087
-0.0141644 0.017684 -0.0098446
176
1
0.686915 12.4557 1.72502
-0.0116396 0.0184187 -0.00745938
177
1
0.703825 12.4168 1.73556
-0.00593061 0.0205655 -0.000561779
178
1
0.716452 12.3752 1.74279
-0.0032547 0.0236016 0.00401195
179
1
0.726576 12.3326 1.74766
-0.00189719 0.0192181 0.000350035
180
1
0.735219 12.2914 1.75268
-0.00155559 0.0199608 -0.00269264
181
1
0.746164 12.2493 1.75868
-0.00394588 0.022607 -0.00255671
182
1
0.760397 12.2069 1.76779
-0.00624924 0.0174468 -0.00374419
183
1
0.778541 12.1659 1.78097
-0.0108043 0.0183705 -0.00485896
184
1
0.798235 12.1251 1.80061
-0.0182242 0.0227238 -0.00672812
185
1
0.818055 12.0853 1.82525
-0.0125729 0.0172271 -0.010137
186
1
0.83173 12.0498 1.85759
-0.00342364 0.0155845 -0.018986
187
1
0.840698 12.017 1.89906
0.000851123 0.0157973 -0.0294164
188
1
0.847282 11.9864 1.9475
0.00124543 0.00957153 -0.0284881
189
1
0.851766 11.9579 2.00296
-0.00153544 0.00622458 -0.0224258
190
1
0.849206 11.9251 2.07121
-0.000655961 0.0193264 -0.0353341
191
1
0.836557 11.8824 2.14883
0.0165473 0.0335676 -0.0443193
192
1
0.821356 11.8397 2.22933
0.00805339 0.0150405 -0.0361211
193
1
0.813376 11.802 2.31288
-0.00440336 0.0221887 -0.0475528
