194
0
1
1.48123 7.48025 0.752836
0.0409368 0.0265437 0.0201237
1
1
1.3989 7.42811 0.710945
0.0410057 0.0273008 0.0227982
2
1
1.30895 7.37151 0.662495
0.0479536 0.0274762 0.0275292
3
1
1.21012 7.31425 0.610882
0.0518009 0.0270034 0.0272483
4
1
1.0991 7.2595 0.554405
0.0573324 0.0259919 0.0275858
5
1
0.97853 7.20804 0.483211
0.0623486 0.0264665 0.0385231
6
1
0.845594 7.15096 0.383483
0.0527862 0.0247615 0.0513318
7
1
0.706363 7.09602 0.201681
0.0365099 0.00856516 0.068243
8
1
0.166714 6.13698 0.0767928
-0.0416144 -0.00220314 -0.0115482
9
1
0.0479366 9.83277 0.777808
0.000794731 -0.00670254 -0.0776292
10
1
-0.0479366 9.83277 0.777808
0.000794731 0.00670254 0.0776292
11
1
-0.166713 6.13698 0.0767925
-0.0416144 0.00220316 0.0115482
12
1
-0.706363 7.09602 0.201681
0.0365099 -0.00856516 -0.0682429
13
1
-0.845594 7.15096 0.383483
0.0527862 -0.0247615 -0.0513318
14
1
-0.97853 7.20804 0.483211
0.0623486 -0.0264665 -0.0385231
15
1
-1.0991 7.2595 0.554405
0.0573324 -0.0259919 -0.0275858
16
1
-1.21012 7.31425 0.610882
0.0518009 -0.0270034 -0.0272483
17
1
-1.30895 7.37151 0.662495
0.0479536 -0.0274762 -0.0275292
18
1
-1.3989 7.42811 0.710945
0.0410057 -0.0273008 -0.0227982
19
1
-1.48123 7.48025 0.752836
0.0409368 -0.0265437 -0.0201237
20
1
-1.55802 7.52586 0.788658
0.0366002 -0.0207387 -0.0179843
21
1
-1.6311 7.56406 0.820067
0.0349576 -0.0171282 -0.0143176
22
1
-1.70061 7.59469 0.846889
0.0346492 -0.0152423 -0.0122327
23
1
-1.76904 7.61906 0.871138
0.0323319 -0.0117717 -0.0114703
24
1
-1.83594 7.63759 0.892859
0.0322227 -0.00896382 -0.0111056
25
1
-1.90071 7.65125 0.911334
0.0320419 -0.00707731 -0.00982315
26
1
-1.96359 7.66107 0.92625
0.0293271 -0.00428629 -0.00741746
27
1
-2.02409 7.66729 0.937448
0.0285968 -0.00188554 -0.00530265
28
1
-2.08312 7.67028 0.945308
0.0296548 -0.000608099 -0.00386164
29
1
-2.14158 7.67067 0.949788
0.029259 0.000283887 -0.0019845
30
1
-2.1989 7.66877 0.950575
0.0284642 0.00166876 8.82444e-007
31
1
-2.25512 7.66432 0.948
0.0281529 0.0030329 0.00187687
32
1
-2.31016 7.6575 0.942261
0.0273619 0.00431922 0.00367243
33
1
-2.36341 7.64853 0.933415
0.026765 0.00583686 0.00497512
34
1
-2.41468 7.63734 0.921646
0.0258882 0.00685729 0.00613838
35
1
-2.46371 7.6241 0.907182
0.0234581 0.00718601 0.00798693
36
1
-2.51004 7.60958 0.889834
0.0217019 0.00762184 0.00967555
37
1
-2.5542 7.59366 0.869001
0.0216998 0.00804913 0.011026
38
1
-2.59677 7.57651 0.844579
0.0210699 0.00848603 0.0128606
39
1
-2.63761 7.55864 0.816888
0.0193494 0.00904189 0.0148754
40
1
-2.67591 7.53973 0.786448
0.0187452 0.00955001 0.0164659
41
1
-2.71117 7.51928 0.753761
0.0180186 0.01001 0.0174474
42
1
-2.74362 7.49731 0.719631
0.0156277 0.0110323 0.0179871
43
1
-2.77307 7.47342 0.684148
0.0139189 0.0125108 0.0187631
44
1
-2.79988 7.44753 0.646887
0.0131572 0.0135216 0.0197479
45
1
-2.82416 7.41951 0.607485
0.0114253 0.0147359 0.0204768
46
1
-2.84558 7.38869 0.566605
0.00981816 0.0172959 0.0208515
47
1
-2.8638 7.35576 0.524544
0.00905029 0.0190277 0.0213376
48
1
-2.87838 7.32289 0.481224
0.0073719 0.0187411 0.0222773
49
1
-2.88796 7.29181 0.436784
0.00421794 0.0175884 0.0233235
50
1
-2.89232 7.26373 0.391412
0.00044288 0.0148743 0.0234895
51
1
-2.89206 7.23911 0.345432
-0.00227192 0.0117932 0.0235073
52
1
-2.88829 7.21804 0.298582
-0.00374486 0.00964911 0.0239622
53
1
-2.88229 7.20037 0.250765
-0.0049665 0.00778049 0.0244864
54
1
-2.87503 7.18607 0.202121
-0.00574397 0.00555322 0.0249595
55
1
-2.86784 7.17574 0.152629
-0.00512558 0.00303647 0.0255309
56
1
-2.86197 7.16915 0.102432
-0.00327928 0.00111571 0.0260175
57
1
-2.85813 7.16589 0.0514512
-0.00154968 0.000113736 0.0261226
58
1
-2.85694 7.16496 2.2298e-010
3.54051e-012 -4.06572e-012 0.0260472
59
1
-2.85813 7.16589 -0.0514512
0.00154968 -0.000113736 0.0261226
60
1
-2.86197 7.16915 -0.102432
0.00327928 -0.00111571 0.0260175
61
1
-2.86784 7.17574 -0.152629
0.00512558 -0.00303647 0.0255309
62
1
-2.87503 7.18607 -0.202121
0.00574397 -0.00555322 0.0249595
63
1
-2.88229 7.20037 -0.250765
0.0049665 -0.00778049 0.0244864
64
1
-2.88829 7.21804 -0.298582
0.00374486 -0.00964911 0.0239622
65
1
-2.89206 7.23911 -0.345432
0.00227192 -0.0117932 0.0235073
66
1
-2.89232 7.26373 -0.391412
-0.00044288 -0.0148743 0.0234895
67
1
-2.88796 7.29181 -0.436784
-0.00421794 -0.0175884 0.0233235
68
1
-2.87838 7.32289 -0.481224
-0.0073719 -0.0187411 0.0222773
69
1
-2.8638 7.35576 -0.524544
-0.00905029 -0.0190277 0.0213376
70
1
-2.84558 7.38869 -0.566605
-0.00981816 -0.0172959 0.0208515
71
1
-2.82416 7.41951 -0.607485
-0.0114253 -0.014736 0.0204768
72
1
-2.79988 7.44753 -0.646887
-0.0131572 -0.0135216 0.0197479
73
1
-2.77307 7.47342 -0.684148
-0.0139189 -0.0125108 0.0187631
74
1
-2.74362 7.49731 -0.719631
-0.0156277 -0.0110323 0.0179871
75
1
-2.71117 7.51928 -0.753761
-0.0180186 -0.01001 0.0174474
76
1
-2.67591 7.53973 -0.786448
-0.0187452 -0.00955001 0.0164659
77
1
-2.63761 7.55864 -0.816888
-0.0193494 -0.00904189 0.0148754
78
1
-2.59677 7.57651 -0.844579
-0.0210699 -0.00848603 0.0128606
79
1
-2.5542 7.59366 -0.869001
-0.0216998 -0.00804913 0.011026
80
1
-2.51004 7.60958 -0.889834
-0.0217019 -0.00762184 0.00967555
81
1
-2.46371 7.6241 -0.907182
-0.0234581 -0.00718601 0.00798693
82
1
-2.41468 7.63734 -0.921646
-0.0258882 -0.00685729 0.00613838
83
1
-2.36341 7.64853 -0.933415
-0.026765 -0.00583686 0.00497512
84
1
-2.31016 7.6575 -0.942261
-0.0273619 -0.00431922 0.00367243
85
1
-2.25512 7.66432 -0.948
-0.0281529 -0.0030329 0.00187687
86
1
-2.1989 7.66877 -0.950575
-0.0284642 -0.00166876 8.82442e-007
87
1
-2.14158 7.67067 -0.949788
-0.029259 -0.000283887 -0.0019845
88
1
-2.08312 7.67028 -0.945308
-0.0296548 0.000608099 -0.00386164
89
1
-2.02409 7.66729 -0.937448
-0.0285968 0.00188554 -0.00530265
90
1
-1.96359 7.66107 -0.92625
-0.0293271 0.00428629 -0.00741746
91
1
-1.90071 7.65125 -0.911334
-0.0320419 0.00707731 -0.00982315
92
1
-1.83594 7.63759 -0.892859
-0.0322227 0.00896382 -0.0111056
93
1
-1.76904 7.61906 -0.871138
-0.0323319 0.0117717 -0.0114703
94
1
-1.70061 7.59469 -0.846889
-0.0346492 0.0152423 -0.0122327
95
1
-1.6311 7.56406 -0.820067
-0.0349576 0.0171282 -0.0143176
96
1
-1.55802 7.52586 -0.788658
-0.0366002 0.0207387 -0.0179843
97
1
-1.48123 7.48025 -0.752836
-0.0409368 0.0265437 -0.0201237
98
1
-1.3989 7.42811 -0.710945
-0.0410057 0.0273008 -0.0227982
99
1
-1.30895 7.37151 -0.662495
-0.0479536 0.0274762 -0.0275292
100
1
-1.21012 7.31425 -0.610882
-0.0518009 0.0270034 -0.0272483
101
1
-1.0991 7.2595 -0.554405
-0.0573324 0.0259919 -0.0275858
102
1
-0.97853 7.20804 -0.483211
-0.0623486 0.0264665 -0.0385231
103
1
-0.845594 7.15096 -0.383483
-0.0527862 0.0247615 -0.0513318
104
1
-0.706363 7.09602 -0.201681
-0.0365099 0.00856516 -0.068243
105
1
-0.166714 6.13698 -0.0767928
0.0416144 -0.00220314 0.0115482
106
1
-0.0479366 9.83277 -0.777808
-0.000794731 -0.00670254 0.0776292
107
1
0.0479366 9.83277 -0.777808
-0.000794731 0.00670254 -0.0776292
108
1
0.166713 6.13698 -0.0767924
0.0416144 0.00220315 -0.0115482
109
1
0.706363 7.09602 -0.201681
-0.0365099 -0.00856516 0.0682429
110
1
0.845594 7.15096 -0.383483
-0.0527862 -0.0247615 0.0513318
111
1
0.97853 7.20804 -0.483211
-0.0623486 -0.0264665 0.0385231
112
1
1.0991 7.2595 -0.554405
-0.0573324 -0.0259919 0.0275858
113
1
1.21012 7.31425 -0.610882
-0.0518009 -0.0270034 0.0272483
114
1
1.30895 7.37151 -0.662495
-0.0479536 -0.0274762 0.0275292
115
1
1.3989 7.42811 -0.710945
-0.0410057 -0.0273008 0.0227982
116
1
1.48123 7.48025 -0.752836
-0.0409368 -0.0265437 0.0201237
117
1
1.55802 7.52586 -0.788658
-0.0366002 -0.0207387 0.0179843
118
1
1.6311 7.56406 -0.820067
-0.0349576 -0.0171282 0.0143176
119
1
1.70061 7.59469 -0.846889
-0.0346492 -0.0152423 0.0122327
120
1
1.76904 7.61906 -0.871138
-0.0323319 -0.0117717 0.0114703
121
1
1.83594 7.63759 -0.892859
-0.0322227 -0.00896382 0.0111056
122
1
1.90071 7.65125 -0.911334
-0.0320419 -0.00707731 0.00982315
123
1
1.96359 7.66107 -0.92625
-0.0293271 -0.00428629 0.00741746
124
1
2.02409 7.66729 -0.937448
-0.0285968 -0.00188554 0.00530265
125
1
2.08312 7.67028 -0.945308
-0.0296548 -0.000608099 0.00386164
126
1
2.14158 7.67067 -0.949788
-0.029259 0.000283887 0.0019845
127
1
2.1989 7.66877 -0.950575
-0.0284642 0.00166876 -8.82446e-007
128
1
2.25512 7.66432 -0.948
-0.0281529 0.0030329 -0.00187687
129
1
2.31016 7.6575 -0.942261
-0.0273619 0.00431922 -0.00367243
130
1
2.36341 7.64853 -0.933415
-0.026765 0.00583686 -0.00497512
131
1
2.41468 7.63734 -0.921646
-0.0258882 0.00685729 -0.00613838
132
1
2.46371 7.6241 -0.907182
-0.0234581 0.00718601 -0.00798693
133
1
2.51004 7.60958 -0.889834
-0.0217019 0.00762184 -0.00967555
134
1
2.5542 7.59366 -0.869001
-0.0216998 0.00804913 -0.011026
135
1
2.59677 7.57651 -0.844579
-0.0210699 0.00848603 -0.0128606
136
1
2.63761 7.55864 -0.816888
-0.0193494 0.00904189 -0.0148754
137
1
2.67591 7.53973 -0.786448
-0.0187452 0.00955001 -0.0164659
138
1
2.71117 7.51928 -0.753761
-0.0180186 0.01001 -0.0174474
139
1
2.74362 7.49731 -0.719631
-0.0156277 0.0110323 -0.0179871
140
1
2.77307 7.47342 -0.684148
-0.0139189 0.0125108 -0.0187631
141
1
2.79988 7.44753 -0.646887
-0.0131572 0.0135216 -0.0197479
142
1
2.82416 7.41951 -0.607485
-0.0114253 0.0147359 -0.0204768
143
1
2.84558 7.38869 -0.566605
-0.00981816 0.0172959 -0.0208515
144
1
2.8638 7.35576 -0.524544
-0.00905029 0.0190277 -0.0213376
145
1
2.87838 7.32289 -0.481224
-0.0073719 0.0187411 -0.0222773
146
1
2.88796 7.29181 -0.436784
-0.00421794 0.0175884 -0.0233235
147
1
2.89232 7.26373 -0.391412
-0.00044288 0.0148743 -0.0234895
148
1
2.89206 7.23911 -0.345432
0.00227192 0.0117932 -0.0235073
149
1
2.88829 7.21804 -0.298582
0.00374486 0.00964911 -0.0239622
150
1
2.88229 7.20037 -0.250765
0.0049665 0.00778049 -0.0244864
151
1
2.87503 7.18607 -0.202121
0.00574397 0.00555322 -0.0249595
152
1
2.86784 7.17574 -0.152629
0.00512558 0.00303647 -0.0255309
153
1
2.86197 7.16915 -0.102432
0.00327928 0.00111571 -0.0260175
154
1
2.85813 7.16589 -0.0514512
0.00154968 0.000113736 -0.0261226
155
1
2.85694 7.16496 -2.94153e-010
-3.74e-012 -6.33894e-012 -0.0260472
156
1
2.85813 7.16589 0.0514512
-0.00154968 -0.000113736 -0.0261226
157
1
2.86197 7.16915 0.102432
-0.00327928 -0.00111571 -0.0260175
158
1
2.86784 7.17574 0.152629
-0.00512558 -0.00303647 -0.0255309
159
1
2.87503 7.18607 0.202121
-0.00574397 -0.00555322 -0.0249595
160
1
2.88229 7.20037 0.250765
-0.0049665 -0.00778049 -0.0244864
161
1
2.88829 7.21804 0.298582
-0.00374486 -0.00964911 -0.0239622
162
1
2.89206 7.23911 0.345432
-0.00227192 -0.0117932 -0.0235073
163
1
2.89232 7.26373 0.391412
0.00044288 -0.0148743 -0.0234895
164
1
2.88796 7.29181 0.436784
0.00421794 -0.0175884 -0.0233235
165
1
2.87838 7.32289 0.481224
0.0073719 -0.0187411 -0.0222773
166
1
2.8638 7.35576 0.524544
0.00905029 -0.0190277 -0.0213376
167
1
2.84558 7.38869 0.566605
0.00981816 -0.0172959 -0.0208515
168
1
2.82416 7.41951 0.607485
0.0114253 -0.014736 -0.0204768
169
1
2.79988 7.44753 0.646887
0.0131572 -0.0135216 -0.0197479
170
1
2.77307 7.47342 0.684148
0.0139189 -0.0125108 -0.0187631
171
1
2.74362 7.49731 0.719631
0.0156277 -0.0110323 -0.0179871
172
1
2.71117 7.51928 0.753761
0.0180186 -0.01001 -0.0174474
173
1
2.67591 7.53973 0.786448
0.0187452 -0.00955001 -0.0164659
174
1
2.63761 7.55864 0.816888
0.0193494 -0.00904189 -0.0148754
175
1
2.59677 7.57651 0.844579
0.0210699 -0.00848603 -0.0128606
176
1
2.5542 7.59366 0.869001
0.0216998 -0.00804913 -0.011026
177
1
2.51004 7.60958 0.889834
0.0217019 -0.00762184 -0.00967555
178
1
2.46371 7.6241 0.907182
0.0234581 -0.00718601 -0.00798693
179
1
2.41468 7.63734 0.921646
0.0258882 -0.00685729 -0.00613838
180
1
2.36341 7.64853 0.933415
0.026765 -0.00583686 -0.00497512
181
1
2.31016 7.6575 0.942261
0.0273619 -0.00431922 -0.00367243
182
1
2.25512 7.66432 0.948
0.0281529 -0.0030329 -0.00187687
183
1
2.1989 7.66877 0.950575
0.0284642 -0.00166876 -8.82439e-007
184
1
2.14158 7.67067 0.949788
0.029259 -0.000283887 0.0019845
185
1
2.08312 7.67028 0.945308
0.0296548 0.000608099 0.00386164
186
1
2.02409 7.66729 0.937448
0.0285968 0.00188554 0.00530265
187
1
1.96359 7.66107 0.92625
0.0293271 0.00428629 0.00741746
188
1
1.90071 7.65125 0.911334
0.0320419 0.00707731 0.00982315
189
1
1.83594 7.63759 0.892859
0.0322227 0.00896382 0.0111056
190
1
1.76904 7.61906 0.871138
0.0323319 0.0117717 0.0114703
191
1
1.70061 7.59469 0.846889
0.0346492 0.0152423 0.0122327
192
1
1.6311 7.56406 0.820067
0.0349576 0.0171282 0.0143176
193
1
1.55802 7.52586 0.788658
0.0366002 0.0207387 0.0179843
