194
0
1
0.554428 0.923729 2.80094
0.0159631 -0.018361 -0.0336456
1
1
0.519906 0.962486 2.86328
0.0181866 -0.019539 -0.032034
2
1
0.479598 1.00298 2.92236
0.0203425 -0.0207631 -0.0292164
3
1
0.4336 1.04456 2.97683
0.0239015 -0.0210382 -0.026362
4
1
0.380908 1.08482 3.02596
0.0269826 -0.0198718 -0.023822
5
1
0.321798 1.1215 3.06931
0.0297482 -0.0179707 -0.0208995
6
1
0.257292 1.15287 3.10626
0.0326114 -0.0153037 -0.0172007
7
1
0.18795 1.178 3.1353
0.0352395 -0.0117049 -0.012869
8
1
0.114546 1.19567 3.15525
0.0372764 -0.00738427 -0.00796887
9
1
0.0384814 1.20477 3.1654
0.0383942 -0.00253362 -0.00269212
10
1
-0.0384814 1.20477 3.1654
0.0383942 0.00253362 0.00269212
11
1
-0.114546 1.19567 3.15525
0.0372764 0.00738427 0.00796887
12
1
-0.18795 1.178 3.1353
0.0352395 0.0117049 0.012869
13
1
-0.257292 1.15287 3.10626
0.0326114 0.0153037 0.0172007
14
1
-0.321798 1.1215 3.06931
0.0297482 0.0179707 0.0208995
15
1
-0.380908 1.08482 3.02596
0.0269826 0.0198718 0.023822
16
1
-0.4336 1.04456 2.97683
0.0239015 0.0210382 0.026362
17
1
-0.479598 1.00298 2.92236
0.0203425 0.0207631 0.0292164
18
1
-0.519906 0.962486 2.86328
0.0181866 0.019539 0.032034
19
1
-0.554428 0.923729 2.80094
0.0159631 0.018361 0.0336456
20
1
-0.582507 0.886568 2.73719
0.012466 0.0172703 0.0335794
21
1
-0.604648 0.850526 2.67343
0.0090927 0.0171391 0.0328306
22
1
-0.621014 0.815174 2.6101
0.00563079 0.0175468 0.0316768
23
1
-0.632267 0.780542 2.5473
0.00311981 0.0173376 0.0312165
24
1
-0.639388 0.748204 2.48423
0.000641531 0.0160912 0.0313223
25
1
-0.641894 0.719889 2.42001
-0.00190119 0.014486 0.0315794
26
1
-0.638924 0.695593 2.35485
-0.00388643 0.0127586 0.0318796
27
1
-0.631237 0.674504 2.28932
-0.00511099 0.0108361 0.0322775
28
1
-0.620633 0.655967 2.22356
-0.00576883 0.00879701 0.0327974
29
1
-0.6089 0.639943 2.1572
-0.00604104 0.00686462 0.033381
30
1
-0.597161 0.626622 2.08988
-0.00600968 0.00520415 0.0339545
31
1
-0.585985 0.616094 2.02147
-0.00573735 0.0038631 0.0344753
32
1
-0.575555 0.608126 1.95205
-0.00529878 0.00281811 0.0349363
33
1
-0.565963 0.602271 1.88175
-0.00476733 0.00202192 0.0353456
34
1
-0.557276 0.598047 1.81067
-0.00420402 0.00142547 0.0357125
35
1
-0.549517 0.595032 1.7389
-0.00365134 0.000985368 0.0360433
36
1
-0.542701 0.592899 1.66651
-0.00313675 0.00066586 0.0363413
37
1
-0.53678 0.591402 1.59355
-0.00267382 0.000438097 0.0366092
38
1
-0.53169 0.590367 1.52009
-0.00226721 0.000279017 0.0368492
39
1
-0.527346 0.58966 1.44618
-0.00191571 0.000170427 0.0370636
40
1
-0.523656 0.589187 1.37186
-0.00161515 9.82857e-005 0.0372549
41
1
-0.520531 0.588875 1.29718
-0.00135997 5.19444e-005 0.0374249
42
1
-0.517892 0.588672 1.22218
-0.00114434 2.34472e-005 0.0375759
43
1
-0.515666 0.588544 1.14689
-0.00096256 7.05144e-006 0.0377094
44
1
-0.513789 0.588463 1.07136
-0.000809462 -1.36751e-006 0.0378272
45
1
-0.512209 0.588412 0.995598
-0.000680572 -4.84496e-006 0.0379308
46
1
-0.51088 0.588377 0.919644
-0.000571894 -5.26465e-006 0.0380215
47
1
-0.509761 0.588352 0.84352
-0.000480131 -4.04578e-006 0.0381006
48
1
-0.508822 0.588332 0.767249
-0.000402326 -2.07606e-006 0.0381694
49
1
-0.508035 0.588316 0.69085
-0.00033597 3.22157e-009 0.0382287
50
1
-0.507381 0.588299 0.614341
-0.000279044 1.95073e-006 0.0382794
51
1
-0.506837 0.588284 0.537738
-0.000230035 3.27406e-006 0.0383225
52
1
-0.506395 0.588267 0.461056
-0.000187323 4.05951e-006 0.0383584
53
1
-0.506036 0.588251 0.384308
-0.000149652 4.13055e-006 0.0383879
54
1
-0.505754 0.588236 0.307508
-0.000115576 3.78969e-006 0.0384115
55
1
-0.505543 0.588225 0.230666
-8.44299e-005 3.08071e-006 0.0384293
56
1
-0.505396 0.588218 0.153794
-5.52945e-005 2.15923e-006 0.0384419
57
1
-0.505309 0.588214 0.0769021
-2.73375e-005 1.11373e-006 0.0384494
58
1
-0.50528 0.588213 -1.77111e-018
-6.70491e-018 3.218e-017 0.0384519
59
1
-0.505309 0.588214 -0.0769021
2.73375e-005 -1.11373e-006 0.0384494
60
1
-0.505396 0.588218 -0.153794
5.52945e-005 -2.15923e-006 0.0384419
61
1
-0.505543 0.588225 -0.230666
8.44299e-005 -3.08071e-006 0.0384293
62
1
-0.505754 0.588236 -0.307508
0.000115576 -3.78969e-006 0.0384115
63
1
-0.506036 0.588251 -0.384308
0.000149652 -4.13055e-006 0.0383879
64
1
-0.506395 0.588267 -0.461056
0.000187323 -4.05951e-006 0.0383584
65
1
-0.506837 0.588284 -0.537738
0.000230035 -3.27406e-006 0.0383225
66
1
-0.507381 0.588299 -0.614341
0.000279044 -1.95073e-006 0.0382794
67
1
-0.508035 0.588316 -0.69085
0.00033597 -3.22157e-009 0.0382287
68
1
-0.508822 0.588332 -0.767249
0.000402326 2.07606e-006 0.0381694
69
1
-0.509761 0.588352 -0.84352
0.000480131 4.04578e-006 0.0381006
70
1
-0.51088 0.588377 -0.919644
0.000571894 5.26465e-006 0.0380215
71
1
-0.512209 0.588412 -0.995598
0.000680572 4.84496e-006 0.0379308
72
1
-0.513789 0.588463 -1.07136
0.000809462 1.36751e-006 0.0378272
73
1
-0.515666 0.588544 -1.14689
0.00096256 -7.05144e-006 0.0377094
74
1
-0.517892 0.588672 -1.22218
0.00114434 -2.34472e-005 0.0375759
75
1
-0.520531 0.588875 -1.29718
0.00135997 -5.19444e-005 0.0374249
76
1
-0.523656 0.589187 -1.37186
0.00161515 -9.82857e-005 0.0372549
77
1
-0.527346 0.58966 -1.44618
0.00191571 -0.000170427 0.0370636
78
1
-0.53169 0.590367 -1.52009
0.00226721 -0.000279017 0.0368492
79
1
-0.53678 0.591402 -1.59355
0.00267382 -0.000438097 0.0366092
80
1
-0.542701 0.592899 -1.66651
0.00313675 -0.00066586 0.0363413
81
1
-0.549517 0.595032 -1.7389
0.00365134 -0.000985368 0.0360433
82
1
-0.557276 0.598047 -1.81067
0.00420402 -0.00142547 0.0357125
83
1
-0.565963 0.602271 -1.88175
0.00476733 -0.00202192 0.0353456
84
1
-0.575555 0.608126 -1.95205
0.00529878 -0.00281811 0.0349363
85
1
-0.585985 0.616094 -2.02147
0.00573735 -0.0038631 0.0344753
86
1
-0.597161 0.626622 -2.08988
0.00600968 -0.00520415 0.0339545
87
1
-0.6089 0.639943 -2.1572
0.00604104 -0.00686462 0.033381
88
1
-0.620633 0.655967 -2.22356
0.00576883 -0.00879701 0.0327974
89
1
-0.631237 0.674504 -2.28932
0.00511099 -0.0108361 0.0322775
90
1
-0.638924 0.695593 -2.35485
0.00388643 -0.0127586 0.0318796
91
1
-0.641894 0.719889 -2.42001
0.00190119 -0.014486 0.0315794
92
1
-0.639388 0.748204 -2.48423
-0.000641531 -0.0160912 0.0313223
93
1
-0.632267 0.780542 -2.5473
-0.00311981 -0.0173376 0.0312165
94
1
-0.621014 0.815174 -2.6101
-0.00563079 -0.0175468 0.0316768
95
1
-0.604648 0.850526 -2.67343
-0.0090927 -0.0171391 0.0328306
96
1
-0.582507 0.886568 -2.73719
-0.012466 -0.0172703 0.0335794
97
1
-0.554428 0.923729 -2.80094
-0.0159631 -0.018361 0.0336456
98
1
-0.519906 0.962486 -2.86328
-0.0181866 -0.019539 0.032034
99
1
-0.479598 1.00298 -2.92236
-0.0203425 -0.0207631 0.0292164
100
1
-0.4336 1.04456 -2.97683
-0.0239015 -0.0210382 0.026362
101
1
-0.380908 1.08482 -3.02596
-0.0269826 -0.0198718 0.023822
102
1
-0.321798 1.1215 -3.06931
-0.0297482 -0.0179707 0.0208995
103
1
-0.257292 1.15287 -3.10626
-0.0326114 -0.0153037 0.0172007
104
1
-0.18795 1.178 -3.1353
-0.0352395 -0.0117049 0.012869
105
1
-0.114546 1.19567 -3.15525
-0.0372764 -0.00738427 0.00796887
106
1
-0.0384814 1.20477 -3.1654
-0.0383942 -0.00253362 0.00269212
107
1
0.0384814 1.20477 -3.1654
-0.0383942 0.00253362 -0.00269212
108
1
0.114546 1.19567 -3.15525
-0.0372764 0.00738427 -0.00796887
109
1
0.18795 1.178 -3.1353
-0.0352395 0.0117049 -0.012869
110
1
0.257292 1.15287 -3.10626
-0.0326114 0.0153037 -0.0172007
111
1
0.321798 1.1215 -3.06931
-0.0297482 0.0179707 -0.0208995
112
1
0.380908 1.08482 -3.02596
-0.0269826 0.0198718 -0.023822
113
1
0.4336 1.04456 -2.97683
-0.0239015 0.0210382 -0.026362
114
1
0.479598 1.00298 -2.92236
-0.0203425 0.0207631 -0.0292164
115
1
0.519906 0.962486 -2.86328
-0.0181866 0.019539 -0.032034
116
1
0.554428 0.923729 -2.80094
-0.0159631 0.018361 -0.0336456
117
1
0.582507 0.886568 -2.73719
-0.012466 0.0172703 -0.0335794
118
1
0.604648 0.850526 -2.67343
-0.0090927 0.0171391 -0.0328306
119
1
0.621014 0.815174 -2.6101
-0.00563079 0.0175468 -0.0316768
120
1
0.632267 0.780542 -2.5473
-0.00311981 0.0173376 -0.0312165
121
1
0.639388 0.748204 -2.48423
-0.000641531 0.0160912 -0.0313223
122
1
0.641894 0.719889 -2.42001
0.00190119 0.014486 -0.0315794
123
1
0.638924 0.695593 -2.35485
0.00388643 0.0127586 -0.0318796
124
1
0.631237 0.674504 -2.28932
0.00511099 0.0108361 -0.0322775
125
1
0.620633 0.655967 -2.22356
0.00576883 0.00879701 -0.0327974
126
1
0.6089 0.639943 -2.1572
0.00604104 0.00686462 -0.033381
127
1
0.597161 0.626622 -2.08988
0.00600968 0.00520415 -0.0339545
128
1
0.585985 0.616094 -2.02147
0.00573735 0.0038631 -0.0344753
129
1
0.575555 0.608126 -1.95205
0.00529878 0.00281811 -0.0349363
130
1
0.565963 0.602271 -1.88175
0.00476733 0.00202192 -0.0353456
131
1
0.557276 0.598047 -1.81067
0.00420402 0.00142547 -0.0357125
132
1
0.549517 0.595032 -1.7389
0.00365134 0.000985368 -0.0360433
133
1
0.542701 0.592899 -1.66651
0.00313675 0.00066586 -0.0363413
134
1
0.53678 0.591402 -1.59355
0.00267382 0.000438097 -0.0366092
135
1
0.53169 0.590367 -1.52009
0.00226721 0.000279017 -0.0368492
136
1
0.527346 0.58966 -1.44618
0.00191571 0.000170427 -0.0370636
137
1
0.523656 0.589187 -1.37186
0.00161515 9.82857e-005 -0.0372549
138
1
0.520531 0.588875 -1.29718
0.00135997 5.19444e-005 -0.0374249
139
1
0.517892 0.588672 -1.22218
0.00114434 2.34472e-005 -0.0375759
140
1
0.515666 0.588544 -1.14689
0.00096256 7.05144e-006 -0.0377094
141
1
0.513789 0.588463 -1.07136
0.000809462 -1.36751e-006 -0.0378272
142
1
0.512209 0.588412 -0.995598
0.000680572 -4.84496e-006 -0.0379308
143
1
0.51088 0.588377 -0.919644
0.000571894 -5.26465e-006 -0.0380215
144
1
0.509761 0.588352 -0.84352
0.000480131 -4.04578e-006 -0.0381006
145
1
0.508822 0.588332 -0.767249
0.000402326 -2.07606e-006 -0.0381694
146
1
0.508035 0.588316 -0.69085
0.00033597 3.22157e-009 -0.0382287
147
1
0.507381 0.588299 -0.614341
0.000279044 1.95073e-006 -0.0382794
148
1
0.506837 0.588284 -0.537738
0.000230035 3.27406e-006 -0.0383225
149
1
0.506395 0.588267 -0.461056
0.000187323 4.05951e-006 -0.0383584
150
1
0.506036 0.588251 -0.384308
0.000149652 4.13055e-006 -0.0383879
151
1
0.505754 0.588236 -0.307508
0.000115576 3.78969e-006 -0.0384115
152
1
0.505543 0.588225 -0.230666
8.44299e-005 3.08071e-006 -0.0384293
153
1
0.505396 0.588218 -0.153794
5.52945e-005 2.15923e-006 -0.0384419
154
1
0.505309 0.588214 -0.0769021
2.73375e-005 1.11373e-006 -0.0384494
155
1
0.50528 0.588213 -2.66774e-018
3.00813e-018 2.04883e-017 -0.0384519
156
1
0.505309 0.588214 0.0769021
-2.73375e-005 -1.11373e-006 -0.0384494
157
1
0.505396 0.588218 0.153794
-5.52945e-005 -2.15923e-006 -0.0384419
158
1
0.505543 0.588225 0.230666
-8.44299e-005 -3.08071e-006 -0.0384293
159
1
0.505754 0.588236 0.307508
-0.000115576 -3.78969e-006 -0.0384115
160
1
0.506036 0.588251 0.384308
-0.000149652 -4.13055e-006 -0.0383879
161
1
0.506395 0.588267 0.461056
-0.000187323 -4.05951e-006 -0.0383584
162
1
0.506837 0.588284 0.537738
-0.000230035 -3.27406e-006 -0.0383225
163
1
0.507381 0.588299 0.614341
-0.000279044 -1.95073e-006 -0.0382794
164
1
0.508035 0.588316 0.69085
-0.00033597 -3.22157e-009 -0.0382287
165
1
0.508822 0.588332 0.767249
-0.000402326 2.07606e-006 -0.0381694
166
1
0.509761 0.588352 0.84352
-0.000480131 4.04578e-006 -0.0381006
167
1
0.51088 0.588377 0.919644
-0.000571894 5.26465e-006 -0.0380215
168
1
0.512209 0.588412 0.995598
-0.000680572 4.84496e-006 -0.0379308
169
1
0.513789 0.588463 1.07136
-0.000809462 1.36751e-006 -0.0378272
170
1
0.515666 0.588544 1.14689
-0.00096256 -7.05144e-006 -0.0377094
171
1
0.517892 0.588672 1.22218
-0.00114434 -2.34472e-005 -0.0375759
172
1
0.520531 0.588875 1.29718
-0.00135997 -5.19444e-005 -0.0374249
173
1
0.523656 0.589187 1.37186
-0.00161515 -9.82857e-005 -0.0372549
174
1
0.527346 0.58966 1.44618
-0.00191571 -0.000170427 -0.0370636
175
1
0.53169 0.590367 1.52009
-0.00226721 -0.000279017 -0.0368492
176
1
0.53678 0.591402 1.59355
-0.00267382 -0.000438097 -0.0366092
177
1
0.542701 0.592899 1.66651
-0.00313675 -0.00066586 -0.0363413
178
1
0.549517 0.595032 1.7389
-0.00365134 -0.000985368 -0.0360433
179
1
0.557276 0.598047 1.81067
-0.00420402 -0.00142547 -0.0357125
180
1
0.565963 0.602271 1.88175
-0.00476733 -0.00202192 -0.0353456
181
1
0.575555 0.608126 1.95205
-0.00529878 -0.00281811 -0.0349363
182
1
0.585985 0.616094 2.02147
-0.00573735 -0.0038631 -0.0344753
183
1
0.597161 0.626622 2.08988
-0.00600968 -0.00520415 -0.0339545
184
1
0.6089 0.639943 2.1572
-0.00604104 -0.00686462 -0.033381
185
1
0.620633 0.655967 2.22356
-0.00576883 -0.00879701 -0.0327974
186
1
0.631237 0.674504 2.28932
-0.00511099 -0.0108361 -0.0322775
187
1
0.638924 0.695593 2.35485
-0.00388643 -0.0127586 -0.0318796
188
1
0.641894 0.719889 2.42001
-0.00190119 -0.014486 -0.0315794
189
1
0.639388 0.748204 2.48423
0.000641531 -0.0160912 -0.0313223
190
1
0.632267 0.780542 2.5473
0.00311981 -0.0173376 -0.0312165
191
1
0.621014 0.815174 2.6101
0.00563079 -0.0175468 -0.0316768
192
1
0.604648 0.850526 2.67343
0.0090927 -0.0171391 -0.0328306
193
1
0.582507 0.886568 2.73719
0.012466 -0.0172703 -0.0335794
