194
0
1
0.866771 4.02604 0.542664
0.0297128 -0.0330581 0.0111641
1
1
0.804825 4.09176 0.526126
0.0301866 -0.0352758 0.00604512
2
1
0.73876 4.16133 0.519153
0.032969 -0.0358087 0.000418535
3
1
0.666765 4.23082 0.523405
0.0366781 -0.0345875 -0.00637148
4
1
0.586581 4.29658 0.537826
0.0411409 -0.0313592 -0.0106391
5
1
0.497453 4.35475 0.559546
0.0454733 -0.0261861 -0.0142957
6
1
0.399136 4.40245 0.584542
0.0506146 -0.0204142 -0.0143045
7
1
0.292154 4.43788 0.608082
0.0551781 -0.0137261 -0.0117268
8
1
0.178156 4.46073 0.625844
0.0581922 -0.00795665 -0.00727642
9
1
0.0598623 4.47188 0.635391
0.059802 -0.00239091 -0.00232641
10
1
-0.0598623 4.47188 0.635391
0.059802 0.00239091 0.00232641
11
1
-0.178156 4.46073 0.625844
0.0581922 0.00795665 0.00727642
12
1
-0.292154 4.43788 0.608082
0.0551781 0.0137261 0.0117268
13
1
-0.399136 4.40245 0.584542
0.0506146 0.0204142 0.0143045
14
1
-0.497453 4.35475 0.559546
0.0454733 0.0261861 0.0142957
15
1
-0.586581 4.29658 0.537826
0.0411409 0.0313592 0.0106391
16
1
-0.666765 4.23082 0.523405
0.0366781 0.0345875 0.00637148
17
1
-0.73876 4.16133 0.519153
0.032969 0.0358087 -0.000418535
18
1
-0.804825 4.09176 0.526126
0.0301866 0.0352758 -0.00604512
19
1
-0.866771 4.02604 0.542664
0.0297128 0.0330581 -0.0111641
20
1
-0.925915 3.96681 0.56639
0.02847 0.0286148 -0.0142754
21
1
-0.983577 3.91505 0.594299
0.0275773 0.0240073 -0.014981
22
1
-1.04074 3.87055 0.624033
0.0288827 0.0200039 -0.0160098
23
1
-1.09866 3.83183 0.654026
0.0281711 0.016668 -0.0153547
24
1
-1.15716 3.79783 0.682369
0.0289264 0.0147898 -0.014316
25
1
-1.21655 3.7675 0.707941
0.0302456 0.0135378 -0.0126372
26
1
-1.27626 3.7399 0.730348
0.0289277 0.012536 -0.0110945
27
1
-1.33564 3.71455 0.749976
0.028555 0.0124088 -0.0094844
28
1
-1.39497 3.69077 0.766563
0.0294931 0.0128558 -0.0075801
29
1
-1.45397 3.66773 0.780636
0.0288928 0.0124379 -0.00628658
30
1
-1.51235 3.64541 0.79291
0.028178 0.0116249 -0.00535452
31
1
-1.57035 3.62394 0.803171
0.0286132 0.0112851 -0.00414512
32
1
-1.62809 3.60341 0.811087
0.0288635 0.0106417 -0.00314572
33
1
-1.68551 3.58436 0.816897
0.0287058 0.00927582 -0.00242605
34
1
-1.74266 3.56764 0.821075
0.0287084 0.00776842 -0.00165837
35
1
-1.79947 3.55372 0.823608
0.0282229 0.00628386 -0.00106846
36
1
-1.8555 3.54214 0.824322
0.0270476 0.00491988 -0.000776335
37
1
-1.9108 3.53194 0.822855
0.026536 0.00402324 3.3256e-005
38
1
-1.96599 3.52301 0.818376
0.0271857 0.003477 0.00208678
39
1
-2.02115 3.51557 0.809803
0.0277326 0.00280598 0.00472885
40
1
-2.07543 3.50942 0.796616
0.0272783 0.00214515 0.00728373
41
1
-2.12806 3.50366 0.778874
0.0262613 0.00227066 0.0101547
42
1
-2.17922 3.49762 0.757123
0.0253044 0.00330645 0.01288
43
1
-2.22916 3.49081 0.731228
0.0246626 0.00437496 0.0146883
44
1
-2.2783 3.48365 0.701261
0.0242415 0.00490981 0.0163384
45
1
-2.32659 3.4766 0.666532
0.0237769 0.00502143 0.0189743
46
1
-2.37364 3.46965 0.626906
0.0230548 0.00474999 0.0222435
47
1
-2.41911 3.46299 0.583212
0.0223979 0.00418289 0.0245133
48
1
-2.46288 3.45681 0.536734
0.0220145 0.00345412 0.0254108
49
1
-2.50467 3.45116 0.488409
0.0212614 0.00242483 0.0261687
50
1
-2.54331 3.44569 0.438494
0.0195656 0.00164642 0.0268474
51
1
-2.57788 3.44011 0.386971
0.0173919 0.00180231 0.0273333
52
1
-2.6083 3.43389 0.333795
0.0151418 0.00262543 0.0277393
53
1
-2.6344 3.42702 0.279355
0.0128061 0.00327844 0.0281736
54
1
-2.65623 3.42045 0.224206
0.0103483 0.00336136 0.0285836
55
1
-2.67356 3.4152 0.168535
0.00785654 0.00297658 0.0288848
56
1
-2.68631 3.41181 0.112531
0.0052581 0.00225851 0.0288764
57
1
-2.6941 3.40998 0.0562946
0.0025883 0.00118931 0.0285351
58
1
-2.6967 3.40958 -2.99407e-015
1.35582e-016 4.70367e-016 0.0283078
59
1
-2.6941 3.40998 -0.0562946
-0.0025883 -0.00118931 0.0285351
60
1
-2.68631 3.41181 -0.112531
-0.0052581 -0.00225851 0.0288764
61
1
-2.67356 3.4152 -0.168535
-0.00785654 -0.00297658 0.0288848
62
1
-2.65623 3.42045 -0.224206
-0.0103483 -0.00336136 0.0285836
63
1
-2.6344 3.42702 -0.279355
-0.0128061 -0.00327844 0.0281736
64
1
-2.6083 3.43389 -0.333795
-0.0151418 -0.00262543 0.0277393
65
1
-2.57788 3.44011 -0.386971
-0.0173919 -0.00180231 0.0273333
66
1
-2.54331 3.44569 -0.438494
-0.0195656 -0.00164642 0.0268474
67
1
-2.50467 3.45116 -0.488409
-0.0212614 -0.00242483 0.0261687
68
1
-2.46288 3.45681 -0.536734
-0.0220145 -0.00345412 0.0254108
69
1
-2.41911 3.46299 -0.583212
-0.0223979 -0.00418289 0.0245133
70
1
-2.37364 3.46965 -0.626906
-0.0230548 -0.00474999 0.0222435
71
1
-2.32659 3.4766 -0.666532
-0.0237769 -0.00502143 0.0189743
72
1
-2.2783 3.48365 -0.701261
-0.0242415 -0.00490981 0.0163384
73
1
-2.22916 3.49081 -0.731228
-0.0246626 -0.00437496 0.0146883
74
1
-2.17922 3.49762 -0.757123
-0.0253044 -0.00330645 0.01288
75
1
-2.12806 3.50366 -0.778874
-0.0262613 -0.00227066 0.0101547
76
1
-2.07543 3.50942 -0.796616
-0.0272783 -0.00214515 0.00728373
77
1
-2.02115 3.51557 -0.809803
-0.0277326 -0.00280598 0.00472885
78
1
-1.96599 3.52301 -0.818376
-0.0271857 -0.003477 0.00208678
79
1
-1.9108 3.53194 -0.822855
-0.026536 -0.00402324 3.3256e-005
80
1
-1.8555 3.54214 -0.824322
-0.0270476 -0.00491988 -0.000776335
81
1
-1.79947 3.55372 -0.823608
-0.0282229 -0.00628386 -0.00106846
82
1
-1.74266 3.56764 -0.821075
-0.0287084 -0.00776842 -0.00165837
83
1
-1.68551 3.58436 -0.816897
-0.0287058 -0.00927582 -0.00242605
84
1
-1.62809 3.60341 -0.811087
-0.0288635 -0.0106417 -0.00314572
85
1
-1.57035 3.62394 -0.803171
-0.0286132 -0.0112851 -0.00414512
86
1
-1.51235 3.64541 -0.79291
-0.028178 -0.0116249 -0.00535452
87
1
-1.45397 3.66773 -0.780636
-0.0288928 -0.0124379 -0.00628658
88
1
-1.39497 3.69077 -0.766563
-0.0294931 -0.0128558 -0.0075801
89
1
-1.33564 3.71455 -0.749976
-0.028555 -0.0124088 -0.0094844
90
1
-1.27626 3.7399 -0.730348
-0.0289277 -0.012536 -0.0110945
91
1
-1.21655 3.7675 -0.707941
-0.0302456 -0.0135378 -0.0126372
92
1
-1.15716 3.79783 -0.682369
-0.0289264 -0.0147898 -0.014316
93
1
-1.09866 3.83183 -0.654026
-0.0281711 -0.016668 -0.0153547
94
1
-1.04074 3.87055 -0.624033
-0.0288827 -0.0200039 -0.0160098
95
1
-0.983577 3.91505 -0.594299
-0.0275773 -0.0240073 -0.014981
96
1
-0.925915 3.96681 -0.56639
-0.02847 -0.0286148 -0.0142754
97
1
-0.866771 4.02604 -0.542664
-0.0297128 -0.0330581 -0.0111641
98
1
-0.804825 4.09176 -0.526126
-0.0301866 -0.0352758 -0.00604512
99
1
-0.73876 4.16133 -0.519153
-0.032969 -0.0358087 -0.000418535
100
1
-0.666765 4.23082 -0.523405
-0.0366781 -0.0345875 0.00637148
101
1
-0.586581 4.29658 -0.537826
-0.0411409 -0.0313592 0.0106391
102
1
-0.497453 4.35475 -0.559546
-0.0454733 -0.0261861 0.0142957
103
1
-0.399136 4.40245 -0.584542
-0.0506146 -0.0204142 0.0143045
104
1
-0.292154 4.43788 -0.608082
-0.0551781 -0.0137261 0.0117268
105
1
-0.178156 4.46073 -0.625844
-0.0581922 -0.00795665 0.00727642
106
1
-0.0598623 4.47188 -0.635391
-0.059802 -0.00239091 0.00232641
107
1
0.0598623 4.47188 -0.635391
-0.059802 0.00239091 -0.00232641
108
1
0.178156 4.46073 -0.625844
-0.0581922 0.00795665 -0.00727642
109
1
0.292154 4.43788 -0.608082
-0.0551781 0.0137261 -0.0117268
110
1
0.399136 4.40245 -0.584542
-0.0506146 0.0204142 -0.0143045
111
1
0.497453 4.35475 -0.559546
-0.0454733 0.0261861 -0.0142957
112
1
0.586581 4.29658 -0.537826
-0.0411409 0.0313592 -0.0106391
113
1
0.666765 4.23082 -0.523405
-0.0366781 0.0345875 -0.00637148
114
1
0.73876 4.16133 -0.519153
-0.032969 0.0358087 0.000418535
115
1
0.804825 4.09176 -0.526126
-0.0301866 0.0352758 0.00604512
116
1
0.866771 4.02604 -0.542664
-0.0297128 0.0330581 0.0111641
117
1
0.925915 3.96681 -0.56639
-0.02847 0.0286148 0.0142754
118
1
0.983577 3.91505 -0.594299
-0.0275773 0.0240073 0.014981
119
1
1.04074 3.87055 -0.624033
-0.0288827 0.0200039 0.0160098
120
1
1.09866 3.83183 -0.654026
-0.0281711 0.016668 0.0153547
121
1
1.15716 3.79783 -0.682369
-0.0289264 0.0147898 0.014316
122
1
1.21655 3.7675 -0.707941
-0.0302456 0.0135378 0.0126372
123
1
1.27626 3.7399 -0.730348
-0.0289277 0.012536 0.0110945
124
1
1.33564 3.71455 -0.749976
-0.028555 0.0124088 0.0094844
125
1
1.39497 3.69077 -0.766563
-0.0294931 0.0128558 0.0075801
126
1
1.45397 3.66773 -0.780636
-0.0288928 0.0124379 0.00628658
127
1
1.51235 3.64541 -0.79291
-0.028178 0.0116249 0.00535452
128
1
1.57035 3.62394 -0.803171
-0.0286132 0.0112851 0.00414512
129
1
1.62809 3.60341 -0.811087
-0.0288635 0.0106417 0.00314572
130
1
1.68551 3.58436 -0.816897
-0.0287058 0.00927582 0.00242605
131
1
1.74266 3.56764 -0.821075
-0.0287084 0.00776842 0.00165837
132
1
1.79947 3.55372 -0.823608
-0.0282229 0.00628386 0.00106846
133
1
1.8555 3.54214 -0.824322
-0.0270476 0.00491988 0.000776335
134
1
1.9108 3.53194 -0.822855
-0.026536 0.00402324 -3.3256e-005
135
1
1.96599 3.52301 -0.818376
-0.0271857 0.003477 -0.00208678
136
1
2.02115 3.51557 -0.809803
-0.0277326 0.00280598 -0.00472885
137
1
2.07543 3.50942 -0.796616
-0.0272783 0.00214515 -0.00728373
138
1
2.12806 3.50366 -0.778874
-0.0262613 0.00227066 -0.0101547
139
1
2.17922 3.49762 -0.757123
-0.0253044 0.00330645 -0.01288
140
1
2.22916 3.49081 -0.731228
-0.0246626 0.00437496 -0.0146883
141
1
2.2783 3.48365 -0.701261
-0.0242415 0.00490981 -0.0163384
142
1
2.32659 3.4766 -0.666532
-0.0237769 0.00502143 -0.0189743
143
1
2.37364 3.46965 -0.626906
-0.0230548 0.00474999 -0.0222435
144
1
2.41911 3.46299 -0.583212
-0.0223979 0.00418289 -0.0245133
145
1
2.46288 3.45681 -0.536734
-0.0220145 0.00345412 -0.0254108
146
1
2.50467 3.45116 -0.488409
-0.0212614 0.00242483 -0.0261687
147
1
2.54331 3.44569 -0.438494
-0.0195656 0.00164642 -0.0268474
148
1
2.57788 3.44011 -0.386971
-0.0173919 0.00180231 -0.0273333
149
1
2.6083 3.43389 -0.333795
-0.0151418 0.00262543 -0.0277393
150
1
2.6344 3.42702 -0.279355
-0.0128061 0.00327844 -0.0281736
151
1
2.65623 3.42045 -0.224206
-0.0103483 0.00336136 -0.0285836
152
1
2.67356 3.4152 -0.168535
-0.00785654 0.00297658 -0.0288848
153
1
2.68631 3.41181 -0.112531
-0.0052581 0.00225851 -0.0288764
154
1
2.6941 3.40998 -0.0562946
-0.0025883 0.00118931 -0.0285351
155
1
2.6967 3.40958 -4.84738e-015
-4.82966e-017 2.58069e-016 -0.0283078
156
1
2.6941 3.40998 0.0562946
0.0025883 -0.00118931 -0.0285351
157
1
2.68631 3.41181 0.112531
0.0052581 -0.00225851 -0.0288764
158
1
2.67356 3.4152 0.168535
0.00785654 -0.00297658 -0.0288848
159
1
2.65623 3.42045 0.224206
0.0103483 -0.00336136 -0.0285836
160
1
2.6344 3.42702 0.279355
0.0128061 -0.00327844 -0.0281736
161
1
2.6083 3.43389 0.333795
0.0151418 -0.00262543 -0.0277393
162
1
2.57788 3.44011 0.386971
0.0173919 -0.00180231 -0.0273333
163
1
2.54331 3.44569 0.438494
0.0195656 -0.00164642 -0.0268474
164
1
2.50467 3.45116 0.488409
0.0212614 -0.00242483 -0.0261687
165
1
2.46288 3.45681 0.536734
0.0220145 -0.00345412 -0.0254108
166
1
2.41911 3.46299 0.583212
0.0223979 -0.00418289 -0.0245133
167
1
2.37364 3.46965 0.626906
0.0230548 -0.00474999 -0.0222435
168
1
2.32659 3.4766 0.666532
0.0237769 -0.00502143 -0.0189743
169
1
2.2783 3.48365 0.701261
0.0242415 -0.00490981 -0.0163384
170
1
2.22916 3.49081 0.731228
0.0246626 -0.00437496 -0.0146883
171
1
2.17922 3.49762 0.757123
0.0253044 -0.00330645 -0.01288
172
1
2.12806 3.50366 0.778874
0.0262613 -0.00227066 -0.0101547
173
1
2.07543 3.50942 0.796616
0.0272783 -0.00214515 -0.00728373
174
1
2.02115 3.51557 0.809803
0.0277326 -0.00280598 -0.00472885
175
1
1.96599 3.52301 0.818376
0.0271857 -0.003477 -0.00208678
176
1
1.9108 3.53194 0.822855
0.026536 -0.00402324 -3.3256e-005
177
1
1.8555 3.54214 0.824322
0.0270476 -0.00491988 0.000776335
178
1
1.79947 3.55372 0.823608
0.0282229 -0.00628386 0.00106846
179
1
1.74266 3.56764 0.821075
0.0287084 -0.00776842 0.00165837
180
1
1.68551 3.58436 0.816897
0.0287058 -0.00927582 0.00242605
181
1
1.62809 3.60341 0.811087
0.0288635 -0.0106417 0.00314572
182
1
1.57035 3.62394 0.803171
0.0286132 -0.0112851 0.00414512
183
1
1.51235 3.64541 0.79291
0.028178 -0.0116249 0.00535452
184
1
1.45397 3.66773 0.780636
0.0288928 -0.0124379 0.00628658
185
1
1.39497 3.69077 0.766563
0.0294931 -0.0128558 0.0075801
186
1
1.33564 3.71455 0.749976
0.028555 -0.0124088 0.0094844
187
1
1.27626 3.7399 0.730348
0.0289277 -0.012536 0.0110945
188
1
1.21655 3.7675 0.707941
0.0302456 -0.0135378 0.0126372
189
1
1.15716 3.79783 0.682369
0.0289264 -0.0147898 0.014316
190
1
1.09866 3.83183 0.654026
0.0281711 -0.016668 0.0153547
191
1
1.04074 3.87055 0.624033
0.0288827 -0.0200039 0.0160098
192
1
0.983577 3.91505 0.594299
0.0275773 -0.0240073 0.014981
193
1
0.925915 3.96681 0.56639
0.02847 -0.0286148 0.0142754
