194
0
1
1.13413 5.95709 1.07397
0.0228172 -0.0163787 0.034252
1
1
1.08734 5.98393 1.00324
0.0235561 -0.0135875 0.0380357
2
1
1.03941 6.00585 0.920266
0.0231985 -0.0099822 0.0447206
3
1
0.993445 6.01976 0.82551
0.0225474 -0.00404425 0.0515215
4
1
0.951593 6.02344 0.714345
0.0165495 0.0027211 0.0593851
5
1
0.918663 6.01762 0.583759
0.0127843 0.0070668 0.0735453
6
1
0.900108 5.99888 0.422935
0.00749607 0.0124565 0.076338
7
1
0.876701 5.96356 0.211513
0.00644813 0.0192626 0.0730801
8
1
0.703559 5.81899 0.0647603
0.0389017 0.0142211 -0.017001
9
1
0.0518695 7.54602 0.541886
0.00106188 0.0193794 -0.0754663
10
1
-0.0518695 7.54602 0.541886
0.00106188 -0.0193794 0.0754663
11
1
-0.703559 5.81899 0.0647603
0.0389017 -0.0142211 0.017001
12
1
-0.876701 5.96356 0.211513
0.00644813 -0.0192626 -0.0730801
13
1
-0.900108 5.99888 0.422935
0.00749607 -0.0124565 -0.076338
14
1
-0.918663 6.01762 0.583759
0.0127843 -0.0070668 -0.0735453
15
1
-0.951593 6.02344 0.714345
0.0165495 -0.0027211 -0.0593851
16
1
-0.993445 6.01976 0.82551
0.0225474 0.00404425 -0.0515215
17
1
-1.03941 6.00585 0.920266
0.0231985 0.0099822 -0.0447206
18
1
-1.08734 5.98393 1.00324
0.0235561 0.0135875 -0.0380357
19
1
-1.13413 5.95709 1.07397
0.0228172 0.0163787 -0.034252
20
1
-1.17974 5.92808 1.13332
0.0215526 0.0167418 -0.0274287
21
1
-1.22522 5.89958 1.18167
0.0213149 0.0145688 -0.0212318
22
1
-1.27143 5.87328 1.21937
0.0230384 0.013661 -0.017155
23
1
-1.3195 5.84898 1.24892
0.0234495 0.0115575 -0.013101
24
1
-1.36899 5.82713 1.2705
0.0246436 0.00967394 -0.00949474
25
1
-1.41959 5.80817 1.28428
0.025893 0.00841248 -0.00541648
26
1
-1.47119 5.79286 1.29096
0.0252144 0.00621345 -0.00127045
27
1
-1.52298 5.78144 1.2918
0.0254299 0.00455976 0.00162594
28
1
-1.5751 5.77317 1.28839
0.0261532 0.00407059 0.00335155
29
1
-1.62744 5.76652 1.28104
0.0257791 0.00374201 0.00564101
30
1
-1.67953 5.76055 1.26994
0.0255467 0.0033615 0.00802324
31
1
-1.73136 5.75559 1.25543
0.0256393 0.00246793 0.0093058
32
1
-1.78287 5.75198 1.23756
0.0253529 0.00129092 0.0104169
33
1
-1.83392 5.74984 1.2169
0.0251924 0.000684228 0.0118205
34
1
-1.88443 5.7495 1.19421
0.0251885 -4.7599e-005 0.0121779
35
1
-1.93439 5.75119 1.17038
0.0246854 -0.00121571 0.0120085
36
1
-1.98361 5.75423 1.1455
0.0238457 -0.0017049 0.0122447
37
1
-2.03259 5.75772 1.11932
0.0235979 -0.00180779 0.0129434
38
1
-2.08196 5.76168 1.09109
0.0241853 -0.00258377 0.0143073
39
1
-2.13133 5.76643 1.05983
0.0246338 -0.00343584 0.0161641
40
1
-2.17968 5.77157 1.02527
0.024478 -0.00324986 0.0179909
41
1
-2.2265 5.77664 0.987889
0.0239491 -0.00285845 0.0194571
42
1
-2.27169 5.782 0.947721
0.0231074 -0.00323438 0.0206032
43
1
-2.31576 5.78813 0.905231
0.0225347 -0.0034849 0.0217375
44
1
-2.35893 5.79481 0.860064
0.0223807 -0.00325403 0.0232155
45
1
-2.40106 5.80172 0.811352
0.0217894 -0.00373592 0.0252354
46
1
-2.44142 5.80955 0.758904
0.0204296 -0.00476285 0.0275353
47
1
-2.47908 5.81842 0.703107
0.0187998 -0.00517786 0.0296693
48
1
-2.51339 5.82761 0.64421
0.0167008 -0.00514701 0.0318127
49
1
-2.54436 5.83653 0.582801
0.0146589 -0.00483613 0.0336338
50
1
-2.57252 5.84405 0.519802
0.0134108 -0.00401495 0.0340126
51
1
-2.59827 5.84988 0.455969
0.0126037 -0.003021 0.0337005
52
1
-2.62178 5.85423 0.39156
0.0114788 -0.00232095 0.0334024
53
1
-2.64251 5.85747 0.32671
0.00993141 -0.00158246 0.0333078
54
1
-2.66017 5.85976 0.261577
0.00837382 -0.00053617 0.0334953
55
1
-2.67471 5.86085 0.196198
0.00715507 3.73115e-005 0.0338268
56
1
-2.68602 5.86127 0.130803
0.00579977 -0.000142891 0.0337965
57
1
-2.69361 5.86131 0.0653775
0.00341088 -0.000359642 0.0332702
58
1
-2.69619 5.86133 -7.84354e-014
-1.26421e-015 -1.51529e-015 0.0329056
59
1
-2.69361 5.86131 -0.0653775
-0.00341088 0.000359642 0.0332702
60
1
-2.68602 5.86127 -0.130803
-0.00579977 0.000142891 0.0337965
61
1
-2.67471 5.86085 -0.196198
-0.00715507 -3.73115e-005 0.0338268
62
1
-2.66017 5.85976 -0.261577
-0.00837382 0.00053617 0.0334953
63
1
-2.64251 5.85747 -0.32671
-0.00993141 0.00158246 0.0333078
64
1
-2.62178 5.85423 -0.39156
-0.0114788 0.00232095 0.0334024
65
1
-2.59827 5.84988 -0.455969
-0.0126037 0.003021 0.0337005
66
1
-2.57252 5.84405 -0.519802
-0.0134108 0.00401495 0.0340126
67
1
-2.54436 5.83653 -0.582801
-0.0146589 0.00483613 0.0336338
68
1
-2.51339 5.82761 -0.64421
-0.0167008 0.00514701 0.0318127
69
1
-2.47908 5.81842 -0.703107
-0.0187998 0.00517786 0.0296693
70
1
-2.44142 5.80955 -0.758904
-0.0204296 0.00476285 0.0275353
71
1
-2.40106 5.80172 -0.811352
-0.0217894 0.00373592 0.0252354
72
1
-2.35893 5.79481 -0.860064
-0.0223807 0.00325403 0.0232155
73
1
-2.31576 5.78813 -0.905231
-0.0225347 0.0034849 0.0217375
74
1
-2.27169 5.782 -0.947721
-0.0231074 0.00323438 0.0206032
75
1
-2.2265 5.77664 -0.987889
-0.0239491 0.00285845 0.0194571
76
1
-2.17968 5.77157 -1.02527
-0.024478 0.00324986 0.0179909
77
1
-2.13133 5.76643 -1.05983
-0.0246338 0.00343584 0.0161641
78
1
-2.08196 5.76168 -1.09109
-0.0241853 0.00258377 0.0143073
79
1
-2.03259 5.75772 -1.11932
-0.0235979 0.00180779 0.0129434
80
1
-1.98361 5.75423 -1.1455
-0.0238457 0.0017049 0.0122447
81
1
-1.93439 5.75119 -1.17038
-0.0246854 0.00121571 0.0120085
82
1
-1.88443 5.7495 -1.19421
-0.0251885 4.7599e-005 0.0121779
83
1
-1.83392 5.74984 -1.2169
-0.0251924 -0.000684228 0.0118205
84
1
-1.78287 5.75198 -1.23756
-0.0253529 -0.00129092 0.0104169
85
1
-1.73136 5.75559 -1.25543
-0.0256393 -0.00246793 0.0093058
86
1
-1.67953 5.76055 -1.26994
-0.0255467 -0.0033615 0.00802324
87
1
-1.62744 5.76652 -1.28104
-0.0257791 -0.00374201 0.00564101
88
1
-1.5751 5.77317 -1.28839
-0.0261532 -0.00407059 0.00335155
89
1
-1.52298 5.78144 -1.2918
-0.0254299 -0.00455976 0.00162594
90
1
-1.47119 5.79286 -1.29096
-0.0252144 -0.00621345 -0.00127045
91
1
-1.41959 5.80817 -1.28428
-0.025893 -0.00841248 -0.00541648
92
1
-1.36899 5.82713 -1.2705
-0.0246436 -0.00967394 -0.00949474
93
1
-1.3195 5.84898 -1.24892
-0.0234495 -0.0115575 -0.013101
94
1
-1.27143 5.87328 -1.21937
-0.0230384 -0.013661 -0.017155
95
1
-1.22522 5.89958 -1.18167
-0.0213149 -0.0145688 -0.0212318
96
1
-1.17974 5.92808 -1.13332
-0.0215526 -0.0167418 -0.0274287
97
1
-1.13413 5.95709 -1.07397
-0.0228172 -0.0163787 -0.034252
98
1
-1.08734 5.98393 -1.00324
-0.0235561 -0.0135875 -0.0380357
99
1
-1.03941 6.00585 -0.920266
-0.0231985 -0.0099822 -0.0447206
100
1
-0.993445 6.01976 -0.82551
-0.0225474 -0.00404425 -0.0515215
101
1
-0.951593 6.02344 -0.714345
-0.0165495 0.0027211 -0.0593851
102
1
-0.918663 6.01762 -0.583759
-0.0127843 0.0070668 -0.0735453
103
1
-0.900108 5.99888 -0.422935
-0.00749607 0.0124565 -0.076338
104
1
-0.876701 5.96356 -0.211513
-0.00644813 0.0192626 -0.0730801
105
1
-0.703559 5.81899 -0.0647603
-0.0389017 0.0142211 0.017001
106
1
-0.0518695 7.54602 -0.541886
-0.00106188 0.0193794 0.0754663
107
1
0.0518695 7.54602 -0.541886
-0.00106188 -0.0193794 -0.0754663
108
1
0.703559 5.81899 -0.0647603
-0.0389017 -0.0142211 -0.017001
109
1
0.876701 5.96356 -0.211513
-0.00644813 -0.0192626 0.0730801
110
1
0.900108 5.99888 -0.422935
-0.00749607 -0.0124565 0.076338
111
1
0.918663 6.01762 -0.583759
-0.0127843 -0.0070668 0.0735453
112
1
0.951593 6.02344 -0.714345
-0.0165495 -0.0027211 0.0593851
113
1
0.993445 6.01976 -0.82551
-0.0225474 0.00404425 0.0515215
114
1
1.03941 6.00585 -0.920266
-0.0231985 0.0099822 0.0447206
115
1
1.08734 5.98393 -1.00324
-0.0235561 0.0135875 0.0380357
116
1
1.13413 5.95709 -1.07397
-0.0228172 0.0163787 0.034252
117
1
1.17974 5.92808 -1.13332
-0.0215526 0.0167418 0.0274287
118
1
1.22522 5.89958 -1.18167
-0.0213149 0.0145688 0.0212318
119
1
1.27143 5.87328 -1.21937
-0.0230384 0.013661 0.017155
120
1
1.3195 5.84898 -1.24892
-0.0234495 0.0115575 0.013101
121
1
1.36899 5.82713 -1.2705
-0.0246436 0.00967394 0.00949474
122
1
1.41959 5.80817 -1.28428
-0.025893 0.00841248 0.00541648
123
1
1.47119 5.79286 -1.29096
-0.0252144 0.00621345 0.00127045
124
1
1.52298 5.78144 -1.2918
-0.0254299 0.00455976 -0.00162594
125
1
1.5751 5.77317 -1.28839
-0.0261532 0.00407059 -0.00335155
126
1
1.62744 5.76652 -1.28104
-0.0257791 0.00374201 -0.00564101
127
1
1.67953 5.76055 -1.26994
-0.0255467 0.0033615 -0.00802324
128
1
1.73136 5.75559 -1.25543
-0.0256393 0.00246793 -0.0093058
129
1
1.78287 5.75198 -1.23756
-0.0253529 0.00129092 -0.0104169
130
1
1.83392 5.74984 -1.2169
-0.0251924 0.000684228 -0.0118205
131
1
1.88443 5.7495 -1.19421
-0.0251885 -4.7599e-005 -0.0121779
132
1
1.93439 5.75119 -1.17038
-0.0246854 -0.00121571 -0.0120085
133
1
1.98361 5.75423 -1.1455
-0.0238457 -0.0017049 -0.0122447
134
1
2.03259 5.75772 -1.11932
-0.0235979 -0.00180779 -0.0129434
135
1
2.08196 5.76168 -1.09109
-0.0241853 -0.00258377 -0.0143073
136
1
2.13133 5.76643 -1.05983
-0.0246338 -0.00343584 -0.0161641
137
1
2.17968 5.77157 -1.02527
-0.024478 -0.00324986 -0.0179909
138
1
2.2265 5.77664 -0.987889
-0.0239491 -0.00285845 -0.0194571
139
1
2.27169 5.782 -0.947721
-0.0231074 -0.00323438 -0.0206032
140
1
2.31576 5.78813 -0.905231
-0.0225347 -0.0034849 -0.0217375
141
1
2.35893 5.79481 -0.860064
-0.0223807 -0.00325403 -0.0232155
142
1
2.40106 5.80172 -0.811352
-0.0217894 -0.00373592 -0.0252354
143
1
2.44142 5.80955 -0.758904
-0.0204296 -0.00476285 -0.0275353
144
1
2.47908 5.81842 -0.703107
-0.0187998 -0.00517786 -0.0296693
145
1
2.51339 5.82761 -0.64421
-0.0167008 -0.00514701 -0.0318127
146
1
2.54436 5.83653 -0.582801
-0.0146589 -0.00483613 -0.0336338
147
1
2.57252 5.84405 -0.519802
-0.0134108 -0.00401495 -0.0340126
148
1
2.59827 5.84988 -0.455969
-0.0126037 -0.003021 -0.0337005
149
1
2.62178 5.85423 -0.39156
-0.0114788 -0.00232095 -0.0334024
150
1
2.64251 5.85747 -0.32671
-0.00993141 -0.00158246 -0.0333078
151
1
2.66017 5.85976 -0.261577
-0.00837382 -0.00053617 -0.0334953
152
1
2.67471 5.86085 -0.196198
-0.00715507 3.73115e-005 -0.0338268
153
1
2.68602 5.86127 -0.130803
-0.00579977 -0.000142891 -0.0337965
154
1
2.69361 5.86131 -0.0653775
-0.00341088 -0.000359642 -0.0332702
155
1
2.69619 5.86133 6.72011e-014
1.39538e-015 -1.31217e-015 -0.0329056
156
1
2.69361 5.86131 0.0653775
0.00341088 0.000359642 -0.0332702
157
1
2.68602 5.86127 0.130803
0.00579977 0.000142891 -0.0337965
158
1
2.67471 5.86085 0.196198
0.00715507 -3.73115e-005 -0.0338268
159
1
2.66017 5.85976 0.261577
0.00837382 0.00053617 -0.0334953
160
1
2.64251 5.85747 0.32671
0.00993141 0.00158246 -0.0333078
161
1
2.62178 5.85423 0.39156
0.0114788 0.00232095 -0.0334024
162
1
2.59827 5.84988 0.455969
0.0126037 0.003021 -0.0337005
163
1
2.57252 5.84405 0.519802
0.0134108 0.00401495 -0.0340126
164
1
2.54436 5.83653 0.582801
0.0146589 0.00483613 -0.0336338
165
1
2.51339 5.82761 0.64421
0.0167008 0.00514701 -0.0318127
166
1
2.47908 5.81842 0.703107
0.0187998 0.00517786 -0.0296693
167
1
2.44142 5.80955 0.758904
0.0204296 0.00476285 -0.0275353
168
1
2.40106 5.80172 0.811352
0.0217894 0.00373592 -0.0252354
169
1
2.35893 5.79481 0.860064
0.0223807 0.00325403 -0.0232155
170
1
2.31576 5.78813 0.905231
0.0225347 0.0034849 -0.0217375
171
1
2.27169 5.782 0.947721
0.0231074 0.00323438 -0.0206032
172
1
2.2265 5.77664 0.987889
0.0239491 0.00285845 -0.0194571
173
1
2.17968 5.77157 1.02527
0.024478 0.00324986 -0.0179909
174
1
2.13133 5.76643 1.05983
0.0246338 0.00343584 -0.0161641
175
1
2.08196 5.76168 1.09109
0.0241853 0.00258377 -0.0143073
176
1
2.03259 5.75772 1.11932
0.0235979 0.00180779 -0.0129434
177
1
1.98361 5.75423 1.1455
0.0238457 0.0017049 -0.0122447
178
1
1.93439 5.75119 1.17038
0.0246854 0.00121571 -0.0120085
179
1
1.88443 5.7495 1.19421
0.0251885 4.7599e-005 -0.0121779
180
1
1.83392 5.74984 1.2169
0.0251924 -0.000684228 -0.0118205
181
1
1.78287 5.75198 1.23756
0.0253529 -0.00129092 -0.0104169
182
1
1.73136 5.75559 1.25543
0.0256393 -0.00246793 -0.0093058
183
1
1.67953 5.76055 1.26994
0.0255467 -0.0033615 -0.00802324
184
1
1.62744 5.76652 1.28104
0.0257791 -0.00374201 -0.00564101
185
1
1.5751 5.77317 1.28839
0.0261532 -0.00407059 -0.00335155
186
1
1.52298 5.78144 1.2918
0.0254299 -0.00455976 -0.00162594
187
1
1.47119 5.79286 1.29096
0.0252144 -0.00621345 0.00127045
188
1
1.41959 5.80817 1.28428
0.025893 -0.00841248 0.00541648
189
1
1.36899 5.82713 1.2705
0.0246436 -0.00967394 0.00949474
190
1
1.3195 5.84898 1.24892
0.0234495 -0.0115575 0.013101
191
1
1.27143 5.87328 1.21937
0.0230384 -0.013661 0.017155
192
1
1.22522 5.89958 1.18167
0.0213149 -0.0145688 0.0212318
193
1
1.17974 5.92808 1.13332
0.0215526 -0.0167418 0.0274287
