194
0
1
0.495213 0.11116 3.03579
0.00206188 -0.0059913 -0.0393509
1
1
0.479623 0.116874 3.11184
0.00795142 -0.00486152 -0.0381568
2
1
0.45495 0.122447 3.18527
0.0138293 -0.00337631 -0.0362485
3
1
0.420063 0.127261 3.25443
0.0195014 -0.00226826 -0.0335251
4
1
0.375277 0.131156 3.31778
0.0247212 -0.00148152 -0.02999
5
1
0.321053 0.133872 3.37344
0.0292754 -0.00097249 -0.0256838
6
1
0.258505 0.135699 3.41958
0.0330224 -0.000657485 -0.0206871
7
1
0.189446 0.136888 3.45525
0.0359074 -0.000425665 -0.0151575
8
1
0.115614 0.137609 3.47955
0.0378668 -0.000240324 -0.00924691
9
1
0.0388649 0.13795 3.49185
0.0388574 -7.78713e-005 -0.00310773
10
1
-0.0388649 0.13795 3.49185
0.0388574 7.78713e-005 0.00310773
11
1
-0.115614 0.137609 3.47955
0.0378668 0.000240324 0.00924691
12
1
-0.189446 0.136888 3.45525
0.0359074 0.000425665 0.0151575
13
1
-0.258505 0.135699 3.41958
0.0330224 0.000657485 0.0206871
14
1
-0.321053 0.133872 3.37344
0.0292754 0.00097249 0.0256838
15
1
-0.375277 0.131156 3.31778
0.0247212 0.00148152 0.02999
16
1
-0.420063 0.127261 3.25443
0.0195014 0.00226826 0.0335251
17
1
-0.45495 0.122447 3.18527
0.0138293 0.00337631 0.0362485
18
1
-0.479623 0.116874 3.11184
0.00795142 0.00486152 0.0381568
19
1
-0.495213 0.11116 3.03579
0.00206188 0.0059913 0.0393509
20
1
-0.503546 0.10559 2.95839
-0.000891417 0.00581514 0.0392959
21
1
-0.506307 0.099843 2.8805
-0.000828494 0.00476113 0.0390921
22
1
-0.506231 0.0941942 2.80257
-0.000742561 0.0035215 0.0389309
23
1
-0.50548 0.0892388 2.72479
-0.000644041 0.00258367 0.0388695
24
1
-0.504657 0.0852051 2.64707
-0.00053934 0.00193254 0.0388548
25
1
-0.503897 0.0819754 2.56936
-0.000441392 0.00147626 0.038857
26
1
-0.50326 0.0794057 2.49164
-0.00035761 0.00115422 0.0388644
27
1
-0.502732 0.0773472 2.4139
-0.000288808 0.000921066 0.0388729
28
1
-0.50229 0.0756799 2.33614
-0.000233516 0.000747357 0.0388812
29
1
-0.501924 0.0743099 2.25837
-0.000189533 0.000614985 0.0388889
30
1
-0.501622 0.0731731 2.18059
-0.000154678 0.000512333 0.038896
31
1
-0.501374 0.0722206 2.10279
-0.00012691 0.000431333 0.0389024
32
1
-0.501168 0.0714155 2.02498
-0.00010464 0.000366431 0.0389083
33
1
-0.500997 0.0707295 1.94716
-8.66826e-005 0.000313721 0.0389136
34
1
-0.500854 0.0701407 1.86933
-7.21263e-005 0.000270409 0.0389184
35
1
-0.500735 0.0696323 1.79149
-6.02598e-005 0.000234438 0.0389228
36
1
-0.500635 0.0691909 1.71364
-5.05303e-005 0.000204287 0.0389267
37
1
-0.50055 0.068806 1.63578
-4.25316e-005 0.000178787 0.0389301
38
1
-0.500479 0.0684688 1.55792
-3.59115e-005 0.000157052 0.0389332
39
1
-0.500418 0.0681725 1.48005
-3.04302e-005 0.00013838 0.038936
40
1
-0.500367 0.0679113 1.40217
-2.58571e-005 0.000122235 0.0389384
41
1
-0.500323 0.0676805 1.32429
-2.20369e-005 0.000108174 0.0389406
42
1
-0.500286 0.0674765 1.24641
-1.88178e-005 9.58569e-005 0.0389425
43
1
-0.500254 0.0672956 1.16852
-1.6093e-005 8.49927e-005 0.0389442
44
1
-0.500227 0.0671354 1.09063
-1.37499e-005 7.53554e-005 0.0389457
45
1
-0.500203 0.0669934 1.01274
-1.17622e-005 6.67473e-005 0.038947
46
1
-0.500184 0.0668678 0.934845
-1.00903e-005 5.90028e-005 0.0389481
47
1
-0.500167 0.066757 0.856948
-8.63371e-006 5.19992e-005 0.0389491
48
1
-0.500152 0.0666597 0.779049
-7.38441e-006 4.56175e-005 0.03895
49
1
-0.50014 0.0665745 0.701148
-6.27975e-006 3.97674e-005 0.0389507
50
1
-0.500129 0.0665006 0.623246
-5.28803e-006 3.43644e-005 0.0389514
51
1
-0.50012 0.0664371 0.545343
-4.4275e-006 2.93297e-005 0.0389519
52
1
-0.500113 0.0663834 0.467438
-3.64975e-006 2.46084e-005 0.0389524
53
1
-0.500107 0.0663388 0.389533
-2.94315e-006 2.01412e-005 0.0389528
54
1
-0.500103 0.0663029 0.311627
-2.29475e-006 1.5878e-005 0.0389531
55
1
-0.500099 0.0662754 0.233721
-1.68547e-006 1.1775e-005 0.0389533
56
1
-0.500096 0.0662559 0.155814
-1.10633e-006 7.78754e-006 0.0389535
57
1
-0.500095 0.0662443 0.0779072
-5.43771e-007 3.87622e-006 0.0389536
58
1
-0.500094 0.0662404 -1.13566e-019
-2.37522e-019 -1.2282e-020 0.0389536
59
1
-0.500095 0.0662443 -0.0779072
5.43771e-007 -3.87622e-006 0.0389536
60
1
-0.500096 0.0662559 -0.155814
1.10633e-006 -7.78754e-006 0.0389535
61
1
-0.500099 0.0662754 -0.233721
1.68547e-006 -1.1775e-005 0.0389533
62
1
-0.500103 0.0663029 -0.311627
2.29475e-006 -1.5878e-005 0.0389531
63
1
-0.500107 0.0663388 -0.389533
2.94315e-006 -2.01412e-005 0.0389528
64
1
-0.500113 0.0663834 -0.467438
3.64975e-006 -2.46084e-005 0.0389524
65
1
-0.50012 0.0664371 -0.545343
4.4275e-006 -2.93297e-005 0.0389519
66
1
-0.500129 0.0665006 -0.623246
5.28803e-006 -3.43644e-005 0.0389514
67
1
-0.50014 0.0665745 -0.701148
6.27975e-006 -3.97674e-005 0.0389507
68
1
-0.500152 0.0666597 -0.779049
7.38441e-006 -4.56175e-005 0.03895
69
1
-0.500167 0.066757 -0.856948
8.63371e-006 -5.19992e-005 0.0389491
70
1
-0.500184 0.0668678 -0.934845
1.00903e-005 -5.90028e-005 0.0389481
71
1
-0.500203 0.0669934 -1.01274
1.17622e-005 -6.67473e-005 0.038947
72
1
-0.500227 0.0671354 -1.09063
1.37499e-005 -7.53554e-005 0.0389457
73
1
-0.500254 0.0672956 -1.16852
1.6093e-005 -8.49927e-005 0.0389442
74
1
-0.500286 0.0674765 -1.24641
1.88178e-005 -9.58569e-005 0.0389425
75
1
-0.500323 0.0676805 -1.32429
2.20369e-005 -0.000108174 0.0389406
76
1
-0.500367 0.0679113 -1.40217
2.58571e-005 -0.000122235 0.0389384
77
1
-0.500418 0.0681725 -1.48005
3.04302e-005 -0.00013838 0.038936
78
1
-0.500479 0.0684688 -1.55792
3.59115e-005 -0.000157052 0.0389332
79
1
-0.50055 0.068806 -1.63578
4.25316e-005 -0.000178787 0.0389301
80
1
-0.500635 0.0691909 -1.71364
5.05303e-005 -0.000204287 0.0389267
81
1
-0.500735 0.0696323 -1.79149
6.02598e-005 -0.000234438 0.0389228
82
1
-0.500854 0.0701407 -1.86933
7.21263e-005 -0.000270409 0.0389184
83
1
-0.500997 0.0707295 -1.94716
8.66826e-005 -0.000313721 0.0389136
84
1
-0.501168 0.0714155 -2.02498
0.00010464 -0.000366431 0.0389083
85
1
-0.501374 0.0722206 -2.10279
0.00012691 -0.000431333 0.0389024
86
1
-0.501622 0.0731731 -2.18059
0.000154678 -0.000512333 0.038896
87
1
-0.501924 0.0743099 -2.25837
0.000189533 -0.000614985 0.0388889
88
1
-0.50229 0.0756799 -2.33614
0.000233516 -0.000747357 0.0388812
89
1
-0.502732 0.0773472 -2.4139
0.000288808 -0.000921066 0.0388729
90
1
-0.50326 0.0794057 -2.49164
0.00035761 -0.00115422 0.0388644
91
1
-0.503897 0.0819754 -2.56936
0.000441392 -0.00147626 0.038857
92
1
-0.504657 0.0852051 -2.64707
0.00053934 -0.00193254 0.0388548
93
1
-0.50548 0.0892388 -2.72479
0.000644041 -0.00258367 0.0388695
94
1
-0.506231 0.0941942 -2.80257
0.000742561 -0.0035215 0.0389309
95
1
-0.506307 0.099843 -2.8805
0.000828494 -0.00476113 0.0390921
96
1
-0.503546 0.10559 -2.95839
0.000891417 -0.00581514 0.0392959
97
1
-0.495213 0.11116 -3.03579
-0.00206188 -0.0059913 0.0393509
98
1
-0.479623 0.116874 -3.11184
-0.00795142 -0.00486152 0.0381568
99
1
-0.45495 0.122447 -3.18527
-0.0138293 -0.00337631 0.0362485
100
1
-0.420063 0.127261 -3.25443
-0.0195014 -0.00226826 0.0335251
101
1
-0.375277 0.131156 -3.31778
-0.0247212 -0.00148152 0.02999
102
1
-0.321053 0.133872 -3.37344
-0.0292754 -0.00097249 0.0256838
103
1
-0.258505 0.135699 -3.41958
-0.0330224 -0.000657485 0.0206871
104
1
-0.189446 0.136888 -3.45525
-0.0359074 -0.000425665 0.0151575
105
1
-0.115614 0.137609 -3.47955
-0.0378668 -0.000240324 0.00924691
106
1
-0.0388649 0.13795 -3.49185
-0.0388574 -7.78713e-005 0.00310773
107
1
0.0388649 0.13795 -3.49185
-0.0388574 7.78713e-005 -0.00310773
108
1
0.115614 0.137609 -3.47955
-0.0378668 0.000240324 -0.00924691
109
1
0.189446 0.136888 -3.45525
-0.0359074 0.000425665 -0.0151575
110
1
0.258505 0.135699 -3.41958
-0.0330224 0.000657485 -0.0206871
111
1
0.321053 0.133872 -3.37344
-0.0292754 0.00097249 -0.0256838
112
1
0.375277 0.131156 -3.31778
-0.0247212 0.00148152 -0.02999
113
1
0.420063 0.127261 -3.25443
-0.0195014 0.00226826 -0.0335251
114
1
0.45495 0.122447 -3.18527
-0.0138293 0.00337631 -0.0362485
115
1
0.479623 0.116874 -3.11184
-0.00795142 0.00486152 -0.0381568
116
1
0.495213 0.11116 -3.03579
-0.00206188 0.0059913 -0.0393509
117
1
0.503546 0.10559 -2.95839
0.000891417 0.00581514 -0.0392959
118
1
0.506307 0.099843 -2.8805
0.000828494 0.00476113 -0.0390921
119
1
0.506231 0.0941942 -2.80257
0.000742561 0.0035215 -0.0389309
120
1
0.50548 0.0892388 -2.72479
0.000644041 0.00258367 -0.0388695
121
1
0.504657 0.0852051 -2.64707
0.00053934 0.00193254 -0.0388548
122
1
0.503897 0.0819754 -2.56936
0.000441392 0.00147626 -0.038857
123
1
0.50326 0.0794057 -2.49164
0.00035761 0.00115422 -0.0388644
124
1
0.502732 0.0773472 -2.4139
0.000288808 0.000921066 -0.0388729
125
1
0.50229 0.0756799 -2.33614
0.000233516 0.000747357 -0.0388812
126
1
0.501924 0.0743099 -2.25837
0.000189533 0.000614985 -0.0388889
127
1
0.501622 0.0731731 -2.18059
0.000154678 0.000512333 -0.038896
128
1
0.501374 0.0722206 -2.10279
0.00012691 0.000431333 -0.0389024
129
1
0.501168 0.0714155 -2.02498
0.00010464 0.000366431 -0.0389083
130
1
0.500997 0.0707295 -1.94716
8.66826e-005 0.000313721 -0.0389136
131
1
0.500854 0.0701407 -1.86933
7.21263e-005 0.000270409 -0.0389184
132
1
0.500735 0.0696323 -1.79149
6.02598e-005 0.000234438 -0.0389228
133
1
0.500635 0.0691909 -1.71364
5.05303e-005 0.000204287 -0.0389267
134
1
0.50055 0.068806 -1.63578
4.25316e-005 0.000178787 -0.0389301
135
1
0.500479 0.0684688 -1.55792
3.59115e-005 0.000157052 -0.0389332
136
1
0.500418 0.0681725 -1.48005
3.04302e-005 0.00013838 -0.038936
137
1
0.500367 0.0679113 -1.40217
2.58571e-005 0.000122235 -0.0389384
138
1
0.500323 0.0676805 -1.32429
2.20369e-005 0.000108174 -0.0389406
139
1
0.500286 0.0674765 -1.24641
1.88178e-005 9.58569e-005 -0.0389425
140
1
0.500254 0.0672956 -1.16852
1.6093e-005 8.49927e-005 -0.0389442
141
1
0.500227 0.0671354 -1.09063
1.37499e-005 7.53554e-005 -0.0389457
142
1
0.500203 0.0669934 -1.01274
1.17622e-005 6.67473e-005 -0.038947
143
1
0.500184 0.0668678 -0.934845
1.00903e-005 5.90028e-005 -0.0389481
144
1
0.500167 0.066757 -0.856948
8.63371e-006 5.19992e-005 -0.0389491
145
1
0.500152 0.0666597 -0.779049
7.38441e-006 4.56175e-005 -0.03895
146
1
0.50014 0.0665745 -0.701148
6.27975e-006 3.97674e-005 -0.0389507
147
1
0.500129 0.0665006 -0.623246
5.28803e-006 3.43644e-005 -0.0389514
148
1
0.50012 0.0664371 -0.545343
4.4275e-006 2.93297e-005 -0.0389519
149
1
0.500113 0.0663834 -0.467438
3.64975e-006 2.46084e-005 -0.0389524
150
1
0.500107 0.0663388 -0.389533
2.94315e-006 2.01412e-005 -0.0389528
151
1
0.500103 0.0663029 -0.311627
2.29475e-006 1.5878e-005 -0.0389531
152
1
0.500099 0.0662754 -0.233721
1.68547e-006 1.1775e-005 -0.0389533
153
1
0.500096 0.0662559 -0.155814
1.10633e-006 7.78754e-006 -0.0389535
154
1
0.500095 0.0662443 -0.0779072
5.43771e-007 3.87622e-006 -0.0389536
155
1
0.500094 0.0662404 1.42543e-019
1.18177e-019 -6.55413e-020 -0.0389536
156
1
0.500095 0.0662443 0.0779072
-5.43771e-007 -3.87622e-006 -0.0389536
157
1
0.500096 0.0662559 0.155814
-1.10633e-006 -7.78754e-006 -0.0389535
158
1
0.500099 0.0662754 0.233721
-1.68547e-006 -1.1775e-005 -0.0389533
159
1
0.500103 0.0663029 0.311627
-2.29475e-006 -1.5878e-005 -0.0389531
160
1
0.500107 0.0663388 0.389533
-2.94315e-006 -2.01412e-005 -0.0389528
161
1
0.500113 0.0663834 0.467438
-3.64975e-006 -2.46084e-005 -0.0389524
162
1
0.50012 0.0664371 0.545343
-4.4275e-006 -2.93297e-005 -0.0389519
163
1
0.500129 0.0665006 0.623246
-5.28803e-006 -3.43644e-005 -0.0389514
164
1
0.50014 0.0665745 0.701148
-6.27975e-006 -3.97674e-005 -0.0389507
165
1
0.500152 0.0666597 0.779049
-7.38441e-006 -4.56175e-005 -0.03895
166
1
0.500167 0.066757 0.856948
-8.63371e-006 -5.19992e-005 -0.0389491
167
1
0.500184 0.0668678 0.934845
-1.00903e-005 -5.90028e-005 -0.0389481
168
1
0.500203 0.0669934 1.01274
-1.17622e-005 -6.67473e-005 -0.038947
169
1
0.500227 0.0671354 1.09063
-1.37499e-005 -7.53554e-005 -0.0389457
170
1
0.500254 0.0672956 1.16852
-1.6093e-005 -8.49927e-005 -0.0389442
171
1
0.500286 0.0674765 1.24641
-1.88178e-005 -9.58569e-005 -0.0389425
172
1
0.500323 0.0676805 1.32429
-2.20369e-005 -0.000108174 -0.0389406
173
1
0.500367 0.0679113 1.40217
-2.58571e-005 -0.000122235 -0.0389384
174
1
0.500418 0.0681725 1.48005
-3.04302e-005 -0.00013838 -0.038936
175
1
0.500479 0.0684688 1.55792
-3.59115e-005 -0.000157052 -0.0389332
176
1
0.50055 0.068806 1.63578
-4.25316e-005 -0.000178787 -0.0389301
177
1
0.500635 0.0691909 1.71364
-5.05303e-005 -0.000204287 -0.0389267
178
1
0.500735 0.0696323 1.79149
-6.02598e-005 -0.000234438 -0.0389228
179
1
0.500854 0.0701407 1.86933
-7.21263e-005 -0.000270409 -0.0389184
180
1
0.500997 0.0707295 1.94716
-8.66826e-005 -0.000313721 -0.0389136
181
1
0.501168 0.0714155 2.02498
-0.00010464 -0.000366431 -0.0389083
182
1
0.501374 0.0722206 2.10279
-0.00012691 -0.000431333 -0.0389024
183
1
0.501622 0.0731731 2.18059
-0.000154678 -0.000512333 -0.038896
184
1
0.501924 0.0743099 2.25837
-0.000189533 -0.000614985 -0.0388889
185
1
0.50229 0.0756799 2.33614
-0.000233516 -0.000747357 -0.0388812
186
1
0.502732 0.0773472 2.4139
-0.000288808 -0.000921066 -0.0388729
187
1
0.50326 0.0794057 2.49164
-0.00035761 -0.00115422 -0.0388644
188
1
0.503897 0.0819754 2.56936
-0.000441392 -0.00147626 -0.038857
189
1
0.504657 0.0852051 2.64707
-0.00053934 -0.00193254 -0.0388548
190
1
0.50548 0.0892388 2.72479
-0.000644041 -0.00258367 -0.0388695
191
1
0.506231 0.0941942 2.80257
-0.000742561 -0.0035215 -0.0389309
192
1
0.506307 0.099843 2.8805
-0.000828494 -0.00476113 -0.0390921
193
1
0.503546 0.10559 2.95839
-0.000891417 -0.00581514 -0.0392959
