194
0
1
0.827208 2.22421 1.83158
0.0299469 -0.0241314 -0.0214052
1
1
0.765507 2.2697 1.8721
0.0334999 -0.0224208 -0.0205347
2
1
0.696047 2.31255 1.9113
0.0370037 -0.020065 -0.0193982
3
1
0.619246 2.35132 1.94856
0.0405357 -0.0181977 -0.0186574
4
1
0.535922 2.38645 1.98285
0.0428616 -0.016611 -0.0162564
5
1
0.446889 2.41778 2.01233
0.0450921 -0.0152083 -0.0136202
6
1
0.353097 2.44525 2.03571
0.047478 -0.0133488 -0.0103187
7
1
0.25528 2.46785 2.05241
0.0495682 -0.00996919 -0.00706908
8
1
0.154303 2.48342 2.06318
0.0509252 -0.00609624 -0.00471865
9
1
0.0515961 2.49103 2.06877
0.0515715 -0.00214147 -0.00179837
10
1
-0.0515961 2.49103 2.06877
0.0515715 0.00214147 0.00179837
11
1
-0.154303 2.48342 2.06318
0.0509252 0.00609624 0.00471865
12
1
-0.25528 2.46785 2.05241
0.0495682 0.00996919 0.00706908
13
1
-0.353097 2.44525 2.03571
0.047478 0.0133488 0.0103187
14
1
-0.446889 2.41778 2.01233
0.0450921 0.0152083 0.0136202
15
1
-0.535922 2.38645 1.98285
0.0428616 0.016611 0.0162564
16
1
-0.619246 2.35132 1.94856
0.0405357 0.0181977 0.0186574
17
1
-0.696047 2.31255 1.9113
0.0370037 0.020065 0.0193982
18
1
-0.765507 2.2697 1.8721
0.0334999 0.0224208 0.0205347
19
1
-0.827208 2.22421 1.83158
0.0299469 0.0241314 0.0214052
20
1
-0.88129 2.17773 1.79029
0.0254494 0.0241706 0.0211742
21
1
-0.928507 2.13137 1.74813
0.0220709 0.0233898 0.0217278
22
1
-0.969756 2.08568 1.70569
0.0191763 0.0226039 0.0216838
23
1
-1.00572 2.0407 1.66306
0.0166852 0.0221691 0.0214505
24
1
-1.03609 1.99601 1.62069
0.013835 0.0220206 0.0212195
25
1
-1.06118 1.95112 1.57919
0.0112734 0.0223112 0.0208663
26
1
-1.08147 1.90635 1.53811
0.00852408 0.022813 0.0200042
27
1
-1.0963 1.86179 1.49715
0.00578624 0.02315 0.019205
28
1
-1.10591 1.81775 1.45624
0.00359474 0.0228662 0.0192835
29
1
-1.11067 1.77503 1.41473
0.00128798 0.0218603 0.0199977
30
1
-1.11031 1.73426 1.37214
-0.00154178 0.0205644 0.0207452
31
1
-1.10467 1.69541 1.32868
-0.00413066 0.0193635 0.0213909
32
1
-1.09466 1.65811 1.28472
-0.0058573 0.0182469 0.0221136
33
1
-1.08173 1.62242 1.23996
-0.0069673 0.0170289 0.0229978
34
1
-1.06656 1.58878 1.19398
-0.00792356 0.0157495 0.023869
35
1
-1.0491 1.55734 1.14687
-0.00890568 0.0146158 0.0244933
36
1
-1.02916 1.52762 1.0993
-0.00993202 0.0137293 0.024784
37
1
-1.00715 1.49898 1.05172
-0.0110524 0.0130255 0.0247864
38
1
-0.983628 1.47131 1.00416
-0.0123336 0.0123791 0.0245624
39
1
-0.958794 1.44532 0.956258
-0.0137694 0.0116798 0.0241705
40
1
-0.932138 1.42215 0.907933
-0.0152624 0.0107994 0.0236923
41
1
-0.902856 1.4027 0.859605
-0.0166724 0.0096094 0.0232002
42
1
-0.870456 1.38721 0.812042
-0.0178736 0.00805462 0.022737
43
1
-0.835171 1.37537 0.765768
-0.0187853 0.00614791 0.0223603
44
1
-0.79786 1.36673 0.720672
-0.0193691 0.00398605 0.0221391
45
1
-0.7597 1.36108 0.676033
-0.0196009 0.0017332 0.0221163
46
1
-0.721794 1.35861 0.631012
-0.0194464 -0.000434931 0.0222936
47
1
-0.685 1.35958 0.585071
-0.0188805 -0.00237735 0.022645
48
1
-0.649931 1.36401 0.538033
-0.0179159 -0.00400115 0.0231392
49
1
-0.617047 1.37145 0.489876
-0.0166028 -0.00524992 0.0237559
50
1
-0.586743 1.38115 0.440548
-0.0150156 -0.00609247 0.0244754
51
1
-0.559396 1.39218 0.389922
-0.0132374 -0.00651644 0.0252671
52
1
-0.535338 1.40367 0.337871
-0.0113455 -0.00652415 0.0260874
53
1
-0.514836 1.4148 0.284343
-0.00940477 -0.00613491 0.0268865
54
1
-0.498051 1.42491 0.229406
-0.00746069 -0.00538429 0.0276161
55
1
-0.485043 1.4334 0.173229
-0.00554339 -0.0043252 0.0282334
56
1
-0.475801 1.43983 0.116062
-0.00366314 -0.00302224 0.0287024
57
1
-0.470285 1.44383 0.0582071
-0.00182062 -0.00155254 0.0289954
58
1
-0.468451 1.44519 -2.98924e-016
3.61688e-017 -3.62758e-017 0.0290952
59
1
-0.470285 1.44383 -0.0582071
0.00182062 0.00155254 0.0289954
60
1
-0.475801 1.43983 -0.116062
0.00366314 0.00302224 0.0287024
61
1
-0.485043 1.4334 -0.173229
0.00554339 0.0043252 0.0282334
62
1
-0.498051 1.42491 -0.229406
0.00746069 0.00538429 0.0276161
63
1
-0.514836 1.4148 -0.284343
0.00940477 0.00613491 0.0268865
64
1
-0.535338 1.40367 -0.337871
0.0113455 0.00652415 0.0260874
65
1
-0.559396 1.39218 -0.389922
0.0132374 0.00651644 0.0252671
66
1
-0.586743 1.38115 -0.440548
0.0150156 0.00609247 0.0244754
67
1
-0.617047 1.37145 -0.489876
0.0166028 0.00524992 0.0237559
68
1
-0.649931 1.36401 -0.538033
0.0179159 0.00400115 0.0231392
69
1
-0.685 1.35958 -0.585071
0.0188805 0.00237735 0.022645
70
1
-0.721794 1.35861 -0.631012
0.0194464 0.000434931 0.0222936
71
1
-0.7597 1.36108 -0.676033
0.0196009 -0.0017332 0.0221163
72
1
-0.79786 1.36673 -0.720672
0.0193691 -0.00398605 0.0221391
73
1
-0.835171 1.37537 -0.765768
0.0187853 -0.00614791 0.0223603
74
1
-0.870456 1.38721 -0.812042
0.0178736 -0.00805462 0.022737
75
1
-0.902856 1.4027 -0.859605
0.0166724 -0.0096094 0.0232002
76
1
-0.932138 1.42215 -0.907933
0.0152624 -0.0107994 0.0236923
77
1
-0.958794 1.44532 -0.956258
0.0137694 -0.0116798 0.0241705
78
1
-0.983628 1.47131 -1.00416
0.0123336 -0.0123791 0.0245624
79
1
-1.00715 1.49898 -1.05172
0.0110524 -0.0130255 0.0247864
80
1
-1.02916 1.52762 -1.0993
0.00993202 -0.0137293 0.024784
81
1
-1.0491 1.55734 -1.14687
0.00890568 -0.0146158 0.0244933
82
1
-1.06656 1.58878 -1.19398
0.00792356 -0.0157495 0.023869
83
1
-1.08173 1.62242 -1.23996
0.0069673 -0.0170289 0.0229978
84
1
-1.09466 1.65811 -1.28472
0.0058573 -0.0182469 0.0221136
85
1
-1.10467 1.69541 -1.32868
0.00413066 -0.0193635 0.0213909
86
1
-1.11031 1.73426 -1.37214
0.00154178 -0.0205644 0.0207452
87
1
-1.11067 1.77503 -1.41473
-0.00128798 -0.0218603 0.0199977
88
1
-1.10591 1.81775 -1.45624
-0.00359474 -0.0228662 0.0192835
89
1
-1.0963 1.86179 -1.49715
-0.00578624 -0.02315 0.019205
90
1
-1.08147 1.90635 -1.53811
-0.00852408 -0.022813 0.0200042
91
1
-1.06118 1.95112 -1.57919
-0.0112734 -0.0223112 0.0208663
92
1
-1.03609 1.99601 -1.62069
-0.013835 -0.0220206 0.0212195
93
1
-1.00572 2.0407 -1.66306
-0.0166852 -0.0221691 0.0214505
94
1
-0.969756 2.08568 -1.70569
-0.0191763 -0.0226039 0.0216838
95
1
-0.928507 2.13137 -1.74813
-0.0220709 -0.0233898 0.0217278
96
1
-0.88129 2.17773 -1.79029
-0.0254494 -0.0241706 0.0211742
97
1
-0.827208 2.22421 -1.83158
-0.0299469 -0.0241314 0.0214052
98
1
-0.765507 2.2697 -1.8721
-0.0334999 -0.0224208 0.0205347
99
1
-0.696047 2.31255 -1.9113
-0.0370037 -0.020065 0.0193982
100
1
-0.619246 2.35132 -1.94856
-0.0405357 -0.0181977 0.0186574
101
1
-0.535922 2.38645 -1.98285
-0.0428616 -0.016611 0.0162564
102
1
-0.446889 2.41778 -2.01233
-0.0450921 -0.0152083 0.0136202
103
1
-0.353097 2.44525 -2.03571
-0.047478 -0.0133488 0.0103187
104
1
-0.25528 2.46785 -2.05241
-0.0495682 -0.00996919 0.00706908
105
1
-0.154303 2.48342 -2.06318
-0.0509252 -0.00609624 0.00471865
106
1
-0.0515961 2.49103 -2.06877
-0.0515715 -0.00214147 0.00179837
107
1
0.0515961 2.49103 -2.06877
-0.0515715 0.00214147 -0.00179837
108
1
0.154303 2.48342 -2.06318
-0.0509252 0.00609624 -0.00471865
109
1
0.25528 2.46785 -2.05241
-0.0495682 0.00996919 -0.00706908
110
1
0.353097 2.44525 -2.03571
-0.047478 0.0133488 -0.0103187
111
1
0.446889 2.41778 -2.01233
-0.0450921 0.0152083 -0.0136202
112
1
0.535922 2.38645 -1.98285
-0.0428616 0.016611 -0.0162564
113
1
0.619246 2.35132 -1.94856
-0.0405357 0.0181977 -0.0186574
114
1
0.696047 2.31255 -1.9113
-0.0370037 0.020065 -0.0193982
115
1
0.765507 2.2697 -1.8721
-0.0334999 0.0224208 -0.0205347
116
1
0.827208 2.22421 -1.83158
-0.0299469 0.0241314 -0.0214052
117
1
0.88129 2.17773 -1.79029
-0.0254494 0.0241706 -0.0211742
118
1
0.928507 2.13137 -1.74813
-0.0220709 0.0233898 -0.0217278
119
1
0.969756 2.08568 -1.70569
-0.0191763 0.0226039 -0.0216838
120
1
1.00572 2.0407 -1.66306
-0.0166852 0.0221691 -0.0214505
121
1
1.03609 1.99601 -1.62069
-0.013835 0.0220206 -0.0212195
122
1
1.06118 1.95112 -1.57919
-0.0112734 0.0223112 -0.0208663
123
1
1.08147 1.90635 -1.53811
-0.00852408 0.022813 -0.0200042
124
1
1.0963 1.86179 -1.49715
-0.00578624 0.02315 -0.019205
125
1
1.10591 1.81775 -1.45624
-0.00359474 0.0228662 -0.0192835
126
1
1.11067 1.77503 -1.41473
-0.00128798 0.0218603 -0.0199977
127
1
1.11031 1.73426 -1.37214
0.00154178 0.0205644 -0.0207452
128
1
1.10467 1.69541 -1.32868
0.00413066 0.0193635 -0.0213909
129
1
1.09466 1.65811 -1.28472
0.0058573 0.0182469 -0.0221136
130
1
1.08173 1.62242 -1.23996
0.0069673 0.0170289 -0.0229978
131
1
1.06656 1.58878 -1.19398
0.00792356 0.0157495 -0.023869
132
1
1.0491 1.55734 -1.14687
0.00890568 0.0146158 -0.0244933
133
1
1.02916 1.52762 -1.0993
0.00993202 0.0137293 -0.024784
134
1
1.00715 1.49898 -1.05172
0.0110524 0.0130255 -0.0247864
135
1
0.983628 1.47131 -1.00416
0.0123336 0.0123791 -0.0245624
136
1
0.958794 1.44532 -0.956258
0.0137694 0.0116798 -0.0241705
137
1
0.932138 1.42215 -0.907933
0.0152624 0.0107994 -0.0236923
138
1
0.902856 1.4027 -0.859605
0.0166724 0.0096094 -0.0232002
139
1
0.870456 1.38721 -0.812042
0.0178736 0.00805462 -0.022737
140
1
0.835171 1.37537 -0.765768
0.0187853 0.00614791 -0.0223603
141
1
0.79786 1.36673 -0.720672
0.0193691 0.00398605 -0.0221391
142
1
0.7597 1.36108 -0.676033
0.0196009 0.0017332 -0.0221163
143
1
0.721794 1.35861 -0.631012
0.0194464 -0.000434931 -0.0222936
144
1
0.685 1.35958 -0.585071
0.0188805 -0.00237735 -0.022645
145
1
0.649931 1.36401 -0.538033
0.0179159 -0.00400115 -0.0231392
146
1
0.617047 1.37145 -0.489876
0.0166028 -0.00524992 -0.0237559
147
1
0.586743 1.38115 -0.440548
0.0150156 -0.00609247 -0.0244754
148
1
0.559396 1.39218 -0.389922
0.0132374 -0.00651644 -0.0252671
149
1
0.535338 1.40367 -0.337871
0.0113455 -0.00652415 -0.0260874
150
1
0.514836 1.4148 -0.284343
0.00940477 -0.00613491 -0.0268865
151
1
0.498051 1.42491 -0.229406
0.00746069 -0.00538429 -0.0276161
152
1
0.485043 1.4334 -0.173229
0.00554339 -0.0043252 -0.0282334
153
1
0.475801 1.43983 -0.116062
0.00366314 -0.00302224 -0.0287024
154
1
0.470285 1.44383 -0.0582071
0.00182062 -0.00155254 -0.0289954
155
1
0.468451 1.44519 -1.33643e-016
1.10937e-016 -2.80733e-017 -0.0290952
156
1
0.470285 1.44383 0.0582071
-0.00182062 0.00155254 -0.0289954
157
1
0.475801 1.43983 0.116062
-0.00366314 0.00302224 -0.0287024
158
1
0.485043 1.4334 0.173229
-0.00554339 0.0043252 -0.0282334
159
1
0.498051 1.42491 0.229406
-0.00746069 0.00538429 -0.0276161
160
1
0.514836 1.4148 0.284343
-0.00940477 0.00613491 -0.0268865
161
1
0.535338 1.40367 0.337871
-0.0113455 0.00652415 -0.0260874
162
1
0.559396 1.39218 0.389922
-0.0132374 0.00651644 -0.0252671
163
1
0.586743 1.38115 0.440548
-0.0150156 0.00609247 -0.0244754
164
1
0.617047 1.37145 0.489876
-0.0166028 0.00524992 -0.0237559
165
1
0.649931 1.36401 0.538033
-0.0179159 0.00400115 -0.0231392
166
1
0.685 1.35958 0.585071
-0.0188805 0.00237735 -0.022645
167
1
0.721794 1.35861 0.631012
-0.0194464 0.000434931 -0.0222936
168
1
0.7597 1.36108 0.676033
-0.0196009 -0.0017332 -0.0221163
169
1
0.79786 1.36673 0.720672
-0.0193691 -0.00398605 -0.0221391
170
1
0.835171 1.37537 0.765768
-0.0187853 -0.00614791 -0.0223603
171
1
0.870456 1.38721 0.812042
-0.0178736 -0.00805462 -0.022737
172
1
0.902856 1.4027 0.859605
-0.0166724 -0.0096094 -0.0232002
173
1
0.932138 1.42215 0.907933
-0.0152624 -0.0107994 -0.0236923
174
1
0.958794 1.44532 0.956258
-0.0137694 -0.0116798 -0.0241705
175
1
0.983628 1.47131 1.00416
-0.0123336 -0.0123791 -0.0245624
176
1
1.00715 1.49898 1.05172
-0.0110524 -0.0130255 -0.0247864
177
1
1.02916 1.52762 1.0993
-0.00993202 -0.0137293 -0.024784
178
1
1.0491 1.55734 1.14687
-0.00890568 -0.0146158 -0.0244933
179
1
1.06656 1.58878 1.19398
-0.00792356 -0.0157495 -0.023869
180
1
1.08173 1.62242 1.23996
-0.0069673 -0.0170289 -0.0229978
181
1
1.09466 1.65811 1.28472
-0.0058573 -0.0182469 -0.0221136
182
1
1.10467 1.69541 1.32868
-0.00413066 -0.0193635 -0.0213909
183
1
1.11031 1.73426 1.37214
-0.00154178 -0.0205644 -0.0207452
184
1
1.11067 1.77503 1.41473
0.00128798 -0.0218603 -0.0199977
185
1
1.10591 1.81775 1.45624
0.00359474 -0.0228662 -0.0192835
186
1
1.0963 1.86179 1.49715
0.00578624 -0.02315 -0.019205
187
1
1.08147 1.90635 1.53811
0.00852408 -0.022813 -0.0200042
188
1
1.06118 1.95112 1.57919
0.0112734 -0.0223112 -0.0208663
189
1
1.03609 1.99601 1.62069
0.013835 -0.0220206 -0.0212195
190
1
1.00572 2.0407 1.66306
0.0166852 -0.0221691 -0.0214505
191
1
0.969756 2.08568 1.70569
0.0191763 -0.0226039 -0.0216838
192
1
0.928507 2.13137 1.74813
0.0220709 -0.0233898 -0.0217278
193
1
0.88129 2.17773 1.79029
0.0254494 -0.0241706 -0.0211742
