194
0
1
0.918851 4.94808 0.765328
0.0334785 -0.0174559 0.0282046
1
1
0.853927 4.98713 0.709197
0.0332393 -0.0208113 0.0297513
2
1
0.79096 5.03542 0.646731
0.0328981 -0.0260122 0.0313383
3
1
0.733845 5.09078 0.577144
0.0285476 -0.029044 0.035765
4
1
0.686074 5.15383 0.497899
0.0217554 -0.0349923 0.0403379
5
1
0.654283 5.22538 0.40698
0.00981482 -0.039651 0.0490607
6
1
0.64525 5.30696 0.298719
-0.00578042 -0.0467481 0.062073
7
1
0.666302 5.40228 0.162838
-0.024073 -0.040198 0.0622613
8
1
0.700695 5.61977 0.0785013
0.0102977 -0.0625286 -0.0108349
9
1
0.170315 6.02664 0.0629471
0.0680213 0.0217352 -0.009166
10
1
-0.170315 6.02664 0.0629471
0.0680213 -0.0217352 0.009166
11
1
-0.700695 5.61977 0.0785013
0.0102977 0.0625286 0.0108349
12
1
-0.666302 5.40228 0.162838
-0.024073 0.040198 -0.0622613
13
1
-0.64525 5.30696 0.298719
-0.00578042 0.0467481 -0.062073
14
1
-0.654283 5.22538 0.40698
0.00981482 0.039651 -0.0490607
15
1
-0.686074 5.15383 0.497899
0.0217554 0.0349923 -0.0403379
16
1
-0.733845 5.09078 0.577144
0.0285476 0.029044 -0.035765
17
1
-0.79096 5.03542 0.646731
0.0328981 0.0260122 -0.0313383
18
1
-0.853927 4.98713 0.709197
0.0332393 0.0208113 -0.0297513
19
1
-0.918851 4.94808 0.765328
0.0334785 0.0174559 -0.0282046
20
1
-0.983886 4.91814 0.815096
0.0326391 0.0128894 -0.0244954
21
1
-1.04792 4.89633 0.858708
0.030729 0.0086957 -0.0213288
22
1
-1.11104 4.88095 0.895824
0.0313948 0.00623273 -0.0179763
23
1
-1.17445 4.87021 0.926739
0.0306223 0.00348021 -0.0138675
24
1
-1.2378 4.8634 0.951725
0.0311414 0.00168873 -0.0110908
25
1
-1.30104 4.85899 0.971712
0.0319661 0.0015135 -0.00808285
26
1
-1.364 4.8554 0.987412
0.0307446 0.0016033 -0.00557817
27
1
-1.42632 4.85135 0.998782
0.0306919 0.00203349 -0.00354327
28
1
-1.48824 4.8466 1.00654
0.0314389 0.00265499 -0.00202564
29
1
-1.54995 4.8416 1.01117
0.0306437 0.00248972 -0.00119015
30
1
-1.61114 4.83631 1.0133
0.0300627 0.00260858 -0.00060922
31
1
-1.67176 4.83068 1.01347
0.0303878 0.00342919 -8.69889e-006
32
1
-1.73179 4.82547 1.01117
0.0300897 0.00318601 0.00107244
33
1
-1.79097 4.82173 1.00578
0.02934 0.0018226 0.00264034
34
1
-1.84902 4.8202 0.997707
0.0290136 0.00073791 0.00354459
35
1
-1.90583 4.8211 0.988107
0.0282387 -0.000290488 0.00402492
36
1
-1.9613 4.82453 0.97725
0.0266667 -0.00164526 0.0050641
37
1
-2.01585 4.82978 0.964617
0.0258681 -0.00263546 0.00655862
38
1
-2.07041 4.8355 0.949392
0.0265441 -0.00307016 0.00828869
39
1
-2.12512 4.84107 0.930814
0.0271881 -0.00340585 0.010368
40
1
-2.17901 4.84642 0.908134
0.0267989 -0.00356903 0.0128106
41
1
-2.23127 4.85152 0.881438
0.0262024 -0.00333733 0.014774
42
1
-2.28187 4.85643 0.851119
0.0257723 -0.00292644 0.0158783
43
1
-2.33149 4.86095 0.818063
0.0252608 -0.00250528 0.0171268
44
1
-2.38026 4.86528 0.781986
0.0246738 -0.0023701 0.0190837
45
1
-2.42798 4.86959 0.741988
0.0241716 -0.00267473 0.0212502
46
1
-2.47395 4.87388 0.69763
0.0231239 -0.00270957 0.0236795
47
1
-2.51688 4.87752 0.64873
0.0210745 -0.00214894 0.0267339
48
1
-2.55594 4.88036 0.595599
0.0190652 -0.00171985 0.0292721
49
1
-2.59127 4.8833 0.539416
0.0176848 -0.00160487 0.0305651
50
1
-2.62336 4.88669 0.481594
0.0161597 -0.00174358 0.0308911
51
1
-2.65222 4.89064 0.422783
0.014251 -0.00200139 0.0310893
52
1
-2.67833 4.89469 0.363094
0.0126931 -0.00171163 0.0311685
53
1
-2.7019 4.89811 0.302779
0.0117274 -0.00114534 0.0310874
54
1
-2.72268 4.90102 0.242256
0.0106104 -0.00106225 0.0310686
55
1
-2.73984 4.90374 0.181708
0.00865311 -0.00139415 0.0311832
56
1
-2.75257 4.90662 0.121221
0.00580535 -0.00136599 0.0310993
57
1
-2.76047 4.9089 0.060654
0.00270728 -0.000813781 0.0307299
58
1
-2.763 4.90981 -4.13391e-015
-9.17081e-016 -3.7506e-016 0.0304939
59
1
-2.76047 4.9089 -0.060654
-0.00270728 0.000813781 0.0307299
60
1
-2.75257 4.90662 -0.121221
-0.00580535 0.00136599 0.0310993
61
1
-2.73984 4.90374 -0.181708
-0.00865311 0.00139415 0.0311832
62
1
-2.72268 4.90102 -0.242256
-0.0106104 0.00106225 0.0310686
63
1
-2.7019 4.89811 -0.302779
-0.0117274 0.00114534 0.0310874
64
1
-2.67833 4.89469 -0.363094
-0.0126931 0.00171163 0.0311685
65
1
-2.65222 4.89064 -0.422783
-0.014251 0.00200139 0.0310893
66
1
-2.62336 4.88669 -0.481594
-0.0161597 0.00174358 0.0308911
67
1
-2.59127 4.8833 -0.539416
-0.0176848 0.00160487 0.0305651
68
1
-2.55594 4.88036 -0.595599
-0.0190652 0.00171985 0.0292721
69
1
-2.51688 4.87752 -0.64873
-0.0210745 0.00214894 0.0267339
70
1
-2.47395 4.87388 -0.69763
-0.0231239 0.00270957 0.0236795
71
1
-2.42798 4.86959 -0.741988
-0.0241716 0.00267473 0.0212502
72
1
-2.38026 4.86528 -0.781986
-0.0246738 0.0023701 0.0190837
73
1
-2.33149 4.86095 -0.818063
-0.0252608 0.00250528 0.0171268
74
1
-2.28187 4.85643 -0.851119
-0.0257723 0.00292644 0.0158783
75
1
-2.23127 4.85152 -0.881438
-0.0262024 0.00333733 0.014774
76
1
-2.17901 4.84642 -0.908134
-0.0267989 0.00356903 0.0128106
77
1
-2.12512 4.84107 -0.930814
-0.0271881 0.00340585 0.010368
78
1
-2.07041 4.8355 -0.949392
-0.0265441 0.00307016 0.00828869
79
1
-2.01585 4.82978 -0.964617
-0.0258681 0.00263546 0.00655862
80
1
-1.9613 4.82453 -0.97725
-0.0266667 0.00164526 0.0050641
81
1
-1.90583 4.8211 -0.988107
-0.0282387 0.000290488 0.00402492
82
1
-1.84902 4.8202 -0.997707
-0.0290136 -0.00073791 0.00354459
83
1
-1.79097 4.82173 -1.00578
-0.02934 -0.0018226 0.00264034
84
1
-1.73179 4.82547 -1.01117
-0.0300897 -0.00318601 0.00107244
85
1
-1.67176 4.83068 -1.01347
-0.0303878 -0.00342919 -8.69889e-006
86
1
-1.61114 4.83631 -1.0133
-0.0300627 -0.00260858 -0.00060922
87
1
-1.54995 4.8416 -1.01117
-0.0306437 -0.00248972 -0.00119015
88
1
-1.48824 4.8466 -1.00654
-0.0314389 -0.00265499 -0.00202564
89
1
-1.42632 4.85135 -0.998782
-0.0306919 -0.00203349 -0.00354327
90
1
-1.364 4.8554 -0.987412
-0.0307446 -0.0016033 -0.00557817
91
1
-1.30104 4.85899 -0.971712
-0.0319661 -0.0015135 -0.00808285
92
1
-1.2378 4.8634 -0.951725
-0.0311414 -0.00168873 -0.0110908
93
1
-1.17445 4.87021 -0.926739
-0.0306223 -0.00348021 -0.0138675
94
1
-1.11104 4.88095 -0.895824
-0.0313948 -0.00623273 -0.0179763
95
1
-1.04792 4.89633 -0.858708
-0.030729 -0.0086957 -0.0213288
96
1
-0.983886 4.91814 -0.815096
-0.0326391 -0.0128894 -0.0244954
97
1
-0.918851 4.94808 -0.765328
-0.0334785 -0.0174559 -0.0282046
98
1
-0.853927 4.98713 -0.709197
-0.0332393 -0.0208113 -0.0297513
99
1
-0.79096 5.03542 -0.646731
-0.0328981 -0.0260122 -0.0313383
100
1
-0.733845 5.09078 -0.577144
-0.0285476 -0.029044 -0.035765
101
1
-0.686074 5.15383 -0.497899
-0.0217554 -0.0349923 -0.0403379
102
1
-0.654283 5.22538 -0.40698
-0.00981482 -0.039651 -0.0490607
103
1
-0.64525 5.30696 -0.298719
0.00578042 -0.0467481 -0.062073
104
1
-0.666302 5.40228 -0.162838
0.024073 -0.040198 -0.0622613
105
1
-0.700695 5.61977 -0.0785013
-0.0102977 -0.0625286 0.0108349
106
1
-0.170315 6.02664 -0.0629471
-0.0680213 0.0217352 0.009166
107
1
0.170315 6.02664 -0.0629471
-0.0680213 -0.0217352 -0.009166
108
1
0.700695 5.61977 -0.0785013
-0.0102977 0.0625286 -0.0108349
109
1
0.666302 5.40228 -0.162838
0.024073 0.040198 0.0622613
110
1
0.64525 5.30696 -0.298719
0.00578042 0.0467481 0.062073
111
1
0.654283 5.22538 -0.40698
-0.00981482 0.039651 0.0490607
112
1
0.686074 5.15383 -0.497899
-0.0217554 0.0349923 0.0403379
113
1
0.733845 5.09078 -0.577144
-0.0285476 0.029044 0.035765
114
1
0.79096 5.03542 -0.646731
-0.0328981 0.0260122 0.0313383
115
1
0.853927 4.98713 -0.709197
-0.0332393 0.0208113 0.0297513
116
1
0.918851 4.94808 -0.765328
-0.0334785 0.0174559 0.0282046
117
1
0.983886 4.91814 -0.815096
-0.0326391 0.0128894 0.0244954
118
1
1.04792 4.89633 -0.858708
-0.030729 0.0086957 0.0213288
119
1
1.11104 4.88095 -0.895824
-0.0313948 0.00623273 0.0179763
120
1
1.17445 4.87021 -0.926739
-0.0306223 0.00348021 0.0138675
121
1
1.2378 4.8634 -0.951725
-0.0311414 0.00168873 0.0110908
122
1
1.30104 4.85899 -0.971712
-0.0319661 0.0015135 0.00808285
123
1
1.364 4.8554 -0.987412
-0.0307446 0.0016033 0.00557817
124
1
1.42632 4.85135 -0.998782
-0.0306919 0.00203349 0.00354327
125
1
1.48824 4.8466 -1.00654
-0.0314389 0.00265499 0.00202564
126
1
1.54995 4.8416 -1.01117
-0.0306437 0.00248972 0.00119015
127
1
1.61114 4.83631 -1.0133
-0.0300627 0.00260858 0.00060922
128
1
1.67176 4.83068 -1.01347
-0.0303878 0.00342919 8.69889e-006
129
1
1.73179 4.82547 -1.01117
-0.0300897 0.00318601 -0.00107244
130
1
1.79097 4.82173 -1.00578
-0.02934 0.0018226 -0.00264034
131
1
1.84902 4.8202 -0.997707
-0.0290136 0.00073791 -0.00354459
132
1
1.90583 4.8211 -0.988107
-0.0282387 -0.000290488 -0.00402492
133
1
1.9613 4.82453 -0.97725
-0.0266667 -0.00164526 -0.0050641
134
1
2.01585 4.82978 -0.964617
-0.0258681 -0.00263546 -0.00655862
135
1
2.07041 4.8355 -0.949392
-0.0265441 -0.00307016 -0.00828869
136
1
2.12512 4.84107 -0.930814
-0.0271881 -0.00340585 -0.010368
137
1
2.17901 4.84642 -0.908134
-0.0267989 -0.00356903 -0.0128106
138
1
2.23127 4.85152 -0.881438
-0.0262024 -0.00333733 -0.014774
139
1
2.28187 4.85643 -0.851119
-0.0257723 -0.00292644 -0.0158783
140
1
2.33149 4.86095 -0.818063
-0.0252608 -0.00250528 -0.0171268
141
1
2.38026 4.86528 -0.781986
-0.0246738 -0.0023701 -0.0190837
142
1
2.42798 4.86959 -0.741988
-0.0241716 -0.00267473 -0.0212502
143
1
2.47395 4.87388 -0.69763
-0.0231239 -0.00270957 -0.0236795
144
1
2.51688 4.87752 -0.64873
-0.0210745 -0.00214894 -0.0267339
145
1
2.55594 4.88036 -0.595599
-0.0190652 -0.00171985 -0.0292721
146
1
2.59127 4.8833 -0.539416
-0.0176848 -0.00160487 -0.0305651
147
1
2.62336 4.88669 -0.481594
-0.0161597 -0.00174358 -0.0308911
148
1
2.65222 4.89064 -0.422783
-0.014251 -0.00200139 -0.0310893
149
1
2.67833 4.89469 -0.363094
-0.0126931 -0.00171163 -0.0311685
150
1
2.7019 4.89811 -0.302779
-0.0117274 -0.00114534 -0.0310874
151
1
2.72268 4.90102 -0.242256
-0.0106104 -0.00106225 -0.0310686
152
1
2.73984 4.90374 -0.181708
-0.00865311 -0.00139415 -0.0311832
153
1
2.75257 4.90662 -0.121221
-0.00580535 -0.00136599 -0.0310993
154
1
2.76047 4.9089 -0.060654
-0.00270728 -0.000813781 -0.0307299
155
1
2.763 4.90981 -2.43673e-015
-4.97494e-016 3.13149e-016 -0.0304939
156
1
2.76047 4.9089 0.060654
0.00270728 0.000813781 -0.0307299
157
1
2.75257 4.90662 0.121221
0.00580535 0.00136599 -0.0310993
158
1
2.73984 4.90374 0.181708
0.00865311 0.00139415 -0.0311832
159
1
2.72268 4.90102 0.242256
0.0106104 0.00106225 -0.0310686
160
1
2.7019 4.89811 0.302779
0.0117274 0.00114534 -0.0310874
161
1
2.67833 4.89469 0.363094
0.0126931 0.00171163 -0.0311685
162
1
2.65222 4.89064 0.422783
0.014251 0.00200139 -0.0310893
163
1
2.62336 4.88669 0.481594
0.0161597 0.00174358 -0.0308911
164
1
2.59127 4.8833 0.539416
0.0176848 0.00160487 -0.0305651
165
1
2.55594 4.88036 0.595599
0.0190652 0.00171985 -0.0292721
166
1
2.51688 4.87752 0.64873
0.0210745 0.00214894 -0.0267339
167
1
2.47395 4.87388 0.69763
0.0231239 0.00270957 -0.0236795
168
1
2.42798 4.86959 0.741988
0.0241716 0.00267473 -0.0212502
169
1
2.38026 4.86528 0.781986
0.0246738 0.0023701 -0.0190837
170
1
2.33149 4.86095 0.818063
0.0252608 0.00250528 -0.0171268
171
1
2.28187 4.85643 0.851119
0.0257723 0.00292644 -0.0158783
172
1
2.23127 4.85152 0.881438
0.0262024 0.00333733 -0.014774
173
1
2.17901 4.84642 0.908134
0.0267989 0.00356903 -0.0128106
174
1
2.12512 4.84107 0.930814
0.0271881 0.00340585 -0.010368
175
1
2.07041 4.8355 0.949392
0.0265441 0.00307016 -0.00828869
176
1
2.01585 4.82978 0.964617
0.0258681 0.00263546 -0.00655862
177
1
1.9613 4.82453 0.97725
0.0266667 0.00164526 -0.0050641
178
1
1.90583 4.8211 0.988107
0.0282387 0.000290488 -0.00402492
179
1
1.84902 4.8202 0.997707
0.0290136 -0.00073791 -0.00354459
180
1
1.79097 4.82173 1.00578
0.02934 -0.0018226 -0.00264034
181
1
1.73179 4.82547 1.01117
0.0300897 -0.00318601 -0.00107244
182
1
1.67176 4.83068 1.01347
0.0303878 -0.00342919 8.69889e-006
183
1
1.61114 4.83631 1.0133
0.0300627 -0.00260858 0.00060922
184
1
1.54995 4.8416 1.01117
0.0306437 -0.00248972 0.00119015
185
1
1.48824 4.8466 1.00654
0.0314389 -0.00265499 0.00202564
186
1
1.42632 4.85135 0.998782
0.0306919 -0.00203349 0.00354327
187
1
1.364 4.8554 0.987412
0.0307446 -0.0016033 0.00557817
188
1
1.30104 4.85899 0.971712
0.0319661 -0.0015135 0.00808285
189
1
1.2378 4.8634 0.951725
0.0311414 -0.00168873 0.0110908
190
1
1.17445 4.87021 0.926739
0.0306223 -0.00348021 0.0138675
191
1
1.11104 4.88095 0.895824
0.0313948 -0.00623273 0.0179763
192
1
1.04792 4.89633 0.858708
0.030729 -0.0086957 0.0213288
193
1
0.983886 4.91814 0.815096
0.0326391 -0.0128894 0.0244954
