194
0
1
1.48226 7.20997 0.843304
0.0353274 0.0175431 0.0326297
1
1
1.40915 7.17111 0.781581
0.0358208 0.0196722 0.0342291
2
1
1.32872 7.12513 0.715762
0.0422827 0.0243104 0.0348909
3
1
1.24416 7.07187 0.647066
0.0422368 0.0301113 0.0346071
4
1
1.15646 7.00622 0.57337
0.0432679 0.0355211 0.0358797
5
1
1.0614 6.93288 0.489566
0.050815 0.0377462 0.0454335
6
1
0.947688 6.86693 0.374665
0.0489869 0.0250847 0.0550199
7
1
0.80699 6.80475 0.193121
0.0443314 0.0127699 0.0627973
8
1
0.305899 6.40747 0.0767194
-0.0156778 0.0374991 -0.0128482
9
1
0.0481932 9.34253 0.787386
0.000833058 -0.00185844 -0.0778955
10
1
-0.0481932 9.34253 0.787386
0.000833058 0.00185844 0.0778955
11
1
-0.305899 6.40747 0.0767193
-0.0156778 -0.0374991 0.0128482
12
1
-0.80699 6.80475 0.193121
0.0443314 -0.0127699 -0.0627973
13
1
-0.947688 6.86693 0.374665
0.0489869 -0.0250847 -0.0550199
14
1
-1.0614 6.93288 0.489566
0.050815 -0.0377462 -0.0454335
15
1
-1.15646 7.00622 0.57337
0.0432679 -0.0355211 -0.0358797
16
1
-1.24416 7.07187 0.647066
0.0422368 -0.0301113 -0.0346071
17
1
-1.32872 7.12513 0.715762
0.0422827 -0.0243104 -0.0348909
18
1
-1.40915 7.17111 0.781581
0.0358208 -0.0196722 -0.0342291
19
1
-1.48226 7.20997 0.843304
0.0353274 -0.0175431 -0.0326297
20
1
-1.55005 7.24076 0.899503
0.0326835 -0.0129845 -0.0276666
21
1
-1.61489 7.26439 0.948782
0.0305543 -0.0111623 -0.022672
22
1
-1.67646 7.28296 0.989954
0.0299076 -0.00959089 -0.0198808
23
1
-1.73743 7.29725 1.02514
0.0291175 -0.00613017 -0.016099
24
1
-1.79816 7.30685 1.05465
0.0305329 -0.00322811 -0.0127938
25
1
-1.8584 7.31205 1.07851
0.0309354 -0.00173547 -0.0102352
26
1
-1.91801 7.31359 1.0971
0.0285064 -0.000400513 -0.00709619
27
1
-1.97601 7.31196 1.11024
0.0278688 0.000936389 -0.00447616
28
1
-2.03282 7.30767 1.1185
0.0287245 0.00212631 -0.00326453
29
1
-2.08893 7.30134 1.12285
0.0281098 0.00317132 -0.00200427
30
1
-2.1438 7.29346 1.12358
0.0272286 0.0043313 -0.000358737
31
1
-2.19734 7.28379 1.12062
0.0268342 0.00506673 0.00156649
32
1
-2.24941 7.27247 1.11409
0.0259291 0.00565479 0.00387817
33
1
-2.29957 7.25991 1.10419
0.0251905 0.00684414 0.00585571
34
1
-2.34773 7.24611 1.09088
0.0242956 0.00763621 0.00728238
35
1
-2.39353 7.23099 1.07449
0.0220996 0.00754337 0.0088469
36
1
-2.43669 7.21502 1.05569
0.0204553 0.00790915 0.00993403
37
1
-2.4778 7.19802 1.03442
0.0203167 0.00885607 0.0105592
38
1
-2.51723 7.17934 1.01081
0.0195599 0.0097658 0.0117509
39
1
-2.55471 7.15889 0.98527
0.0176849 0.0106127 0.0133481
40
1
-2.58912 7.13726 0.957299
0.0167327 0.0115337 0.0145387
41
1
-2.61965 7.11522 0.926392
0.0154753 0.0120021 0.015535
42
1
-2.64627 7.09307 0.892791
0.0124451 0.0120364 0.0171053
43
1
-2.66889 7.07117 0.856165
0.0101617 0.0120475 0.0189967
44
1
-2.68793 7.04997 0.816144
0.00888481 0.0113312 0.0208322
45
1
-2.70322 7.03002 0.772123
0.00608695 0.00998785 0.0232575
46
1
-2.7134 7.01096 0.724007
0.00232467 0.00924578 0.0259074
47
1
-2.71833 6.99299 0.672293
-0.000621711 0.00856343 0.0277229
48
1
-2.7192 6.97686 0.617638
-0.00266442 0.00736867 0.029295
49
1
-2.71715 6.96314 0.560597
-0.00361899 0.00606416 0.0309609
50
1
-2.71437 6.95217 0.501755
-0.00301235 0.00427481 0.0316078
51
1
-2.71228 6.94374 0.441624
-0.00148298 0.00264581 0.0317937
52
1
-2.71151 6.93763 0.380262
-0.000316362 0.00169284 0.0320561
53
1
-2.71182 6.93351 0.317925
-5.58288e-005 0.000793289 0.0322154
54
1
-2.71255 6.93118 0.255016
0.000122003 -0.000134975 0.0323587
55
1
-2.71403 6.93028 0.191718
0.00101512 -0.000519187 0.032772
56
1
-2.7162 6.92985 0.128163
0.00186513 -0.000126372 0.0330587
57
1
-2.71837 6.92968 0.0641949
0.00133706 0.000111232 0.0327903
58
1
-2.71937 6.92951 2.45545e-010
2.38327e-012 -1.25345e-012 0.0325229
59
1
-2.71837 6.92968 -0.0641949
-0.00133706 -0.000111232 0.0327903
60
1
-2.7162 6.92985 -0.128163
-0.00186513 0.000126372 0.0330587
61
1
-2.71403 6.93028 -0.191718
-0.00101512 0.000519187 0.032772
62
1
-2.71255 6.93118 -0.255016
-0.000122003 0.000134975 0.0323587
63
1
-2.71182 6.93351 -0.317925
5.58288e-005 -0.000793289 0.0322154
64
1
-2.71151 6.93763 -0.380262
0.000316362 -0.00169284 0.0320561
65
1
-2.71228 6.94374 -0.441624
0.00148298 -0.00264581 0.0317937
66
1
-2.71437 6.95217 -0.501755
0.00301235 -0.00427481 0.0316078
67
1
-2.71715 6.96314 -0.560597
0.00361899 -0.00606416 0.0309609
68
1
-2.7192 6.97686 -0.617638
0.00266442 -0.00736867 0.029295
69
1
-2.71833 6.99299 -0.672293
0.000621711 -0.00856343 0.0277229
70
1
-2.7134 7.01096 -0.724007
-0.00232467 -0.00924578 0.0259074
71
1
-2.70322 7.03002 -0.772123
-0.00608695 -0.00998785 0.0232575
72
1
-2.68793 7.04997 -0.816144
-0.00888481 -0.0113312 0.0208322
73
1
-2.66889 7.07117 -0.856165
-0.0101617 -0.0120475 0.0189967
74
1
-2.64627 7.09307 -0.892791
-0.0124451 -0.0120364 0.0171053
75
1
-2.61965 7.11522 -0.926392
-0.0154753 -0.0120021 0.015535
76
1
-2.58912 7.13726 -0.957299
-0.0167327 -0.0115337 0.0145387
77
1
-2.55471 7.15889 -0.98527
-0.0176849 -0.0106127 0.0133481
78
1
-2.51723 7.17934 -1.01081
-0.0195599 -0.0097658 0.0117509
79
1
-2.4778 7.19802 -1.03442
-0.0203167 -0.00885607 0.0105592
80
1
-2.43669 7.21502 -1.05569
-0.0204553 -0.00790915 0.00993403
81
1
-2.39353 7.23099 -1.07449
-0.0220996 -0.00754337 0.0088469
82
1
-2.34773 7.24611 -1.09088
-0.0242956 -0.00763621 0.00728238
83
1
-2.29957 7.25991 -1.10419
-0.0251905 -0.00684414 0.00585571
84
1
-2.24941 7.27247 -1.11409
-0.0259291 -0.00565479 0.00387817
85
1
-2.19734 7.28379 -1.12062
-0.0268342 -0.00506673 0.00156649
86
1
-2.1438 7.29346 -1.12358
-0.0272286 -0.0043313 -0.000358737
87
1
-2.08893 7.30134 -1.12285
-0.0281098 -0.00317132 -0.00200427
88
1
-2.03282 7.30767 -1.1185
-0.0287245 -0.00212631 -0.00326453
89
1
-1.97601 7.31196 -1.11024
-0.0278688 -0.000936389 -0.00447616
90
1
-1.91801 7.31359 -1.0971
-0.0285064 0.000400513 -0.00709619
91
1
-1.8584 7.31205 -1.07851
-0.0309354 0.00173547 -0.0102352
92
1
-1.79816 7.30685 -1.05465
-0.0305329 0.00322811 -0.0127938
93
1
-1.73743 7.29725 -1.02514
-0.0291175 0.00613017 -0.016099
94
1
-1.67646 7.28296 -0.989954
-0.0299076 0.00959089 -0.0198808
95
1
-1.61489 7.26439 -0.948782
-0.0305543 0.0111623 -0.022672
96
1
-1.55005 7.24076 -0.899503
-0.0326835 0.0129845 -0.0276666
97
1
-1.48226 7.20997 -0.843304
-0.0353274 0.0175431 -0.0326297
98
1
-1.40915 7.17111 -0.781581
-0.0358208 0.0196722 -0.0342291
99
1
-1.32872 7.12513 -0.715762
-0.0422827 0.0243104 -0.0348909
100
1
-1.24416 7.07187 -0.647066
-0.0422368 0.0301113 -0.0346071
101
1
-1.15646 7.00622 -0.57337
-0.0432679 0.0355211 -0.0358797
102
1
-1.0614 6.93288 -0.489566
-0.050815 0.0377462 -0.0454335
103
1
-0.947688 6.86693 -0.374665
-0.0489869 0.0250847 -0.0550199
104
1
-0.80699 6.80475 -0.193121
-0.0443314 0.0127699 -0.0627973
105
1
-0.305899 6.40747 -0.0767194
0.0156778 0.0374991 0.0128482
106
1
-0.0481932 9.34253 -0.787386
-0.000833058 -0.00185844 0.0778955
107
1
0.0481932 9.34253 -0.787386
-0.000833058 0.00185844 -0.0778955
108
1
0.305899 6.40747 -0.0767193
0.0156778 -0.0374991 -0.0128482
109
1
0.80699 6.80475 -0.193121
-0.0443314 -0.0127699 0.0627973
110
1
0.947688 6.86693 -0.374665
-0.0489869 -0.0250847 0.0550199
111
1
1.0614 6.93288 -0.489566
-0.050815 -0.0377462 0.0454335
112
1
1.15646 7.00622 -0.57337
-0.0432679 -0.0355211 0.0358797
113
1
1.24416 7.07187 -0.647066
-0.0422368 -0.0301113 0.0346071
114
1
1.32872 7.12513 -0.715762
-0.0422827 -0.0243104 0.0348909
115
1
1.40915 7.17111 -0.781581
-0.0358208 -0.0196722 0.0342291
116
1
1.48226 7.20997 -0.843304
-0.0353274 -0.0175431 0.0326297
117
1
1.55005 7.24076 -0.899503
-0.0326835 -0.0129845 0.0276666
118
1
1.61489 7.26439 -0.948782
-0.0305543 -0.0111623 0.022672
119
1
1.67646 7.28296 -0.989954
-0.0299076 -0.00959089 0.0198808
120
1
1.73743 7.29725 -1.02514
-0.0291175 -0.00613017 0.016099
121
1
1.79816 7.30685 -1.05465
-0.0305329 -0.00322811 0.0127938
122
1
1.8584 7.31205 -1.07851
-0.0309354 -0.00173547 0.0102352
123
1
1.91801 7.31359 -1.0971
-0.0285064 -0.000400513 0.00709619
124
1
1.97601 7.31196 -1.11024
-0.0278688 0.000936389 0.00447616
125
1
2.03282 7.30767 -1.1185
-0.0287245 0.00212631 0.00326453
126
1
2.08893 7.30134 -1.12285
-0.0281098 0.00317132 0.00200427
127
1
2.1438 7.29346 -1.12358
-0.0272286 0.0043313 0.000358737
128
1
2.19734 7.28379 -1.12062
-0.0268342 0.00506673 -0.00156649
129
1
2.24941 7.27247 -1.11409
-0.0259291 0.00565479 -0.00387817
130
1
2.29957 7.25991 -1.10419
-0.0251905 0.00684414 -0.00585571
131
1
2.34773 7.24611 -1.09088
-0.0242956 0.00763621 -0.00728238
132
1
2.39353 7.23099 -1.07449
-0.0220996 0.00754337 -0.0088469
133
1
2.43669 7.21502 -1.05569
-0.0204553 0.00790915 -0.00993403
134
1
2.4778 7.19802 -1.03442
-0.0203167 0.00885607 -0.0105592
135
1
2.51723 7.17934 -1.01081
-0.0195599 0.0097658 -0.0117509
136
1
2.55471 7.15889 -0.98527
-0.0176849 0.0106127 -0.0133481
137
1
2.58912 7.13726 -0.957299
-0.0167327 0.0115337 -0.0145387
138
1
2.61965 7.11522 -0.926392
-0.0154753 0.0120021 -0.015535
139
1
2.64627 7.09307 -0.892791
-0.0124451 0.0120364 -0.0171053
140
1
2.66889 7.07117 -0.856165
-0.0101617 0.0120475 -0.0189967
141
1
2.68793 7.04997 -0.816144
-0.00888481 0.0113312 -0.0208322
142
1
2.70322 7.03002 -0.772123
-0.00608695 0.00998785 -0.0232575
143
1
2.7134 7.01096 -0.724007
-0.00232467 0.00924578 -0.0259074
144
1
2.71833 6.99299 -0.672293
0.000621711 0.00856343 -0.0277229
145
1
2.7192 6.97686 -0.617638
0.00266442 0.00736867 -0.029295
146
1
2.71715 6.96314 -0.560597
0.00361899 0.00606416 -0.0309609
147
1
2.71437 6.95217 -0.501755
0.00301235 0.00427481 -0.0316078
148
1
2.71228 6.94374 -0.441624
0.00148298 0.00264581 -0.0317937
149
1
2.71151 6.93763 -0.380262
0.000316362 0.00169284 -0.0320561
150
1
2.71182 6.93351 -0.317925
5.58288e-005 0.000793289 -0.0322154
151
1
2.71255 6.93118 -0.255016
-0.000122003 -0.000134975 -0.0323587
152
1
2.71403 6.93028 -0.191718
-0.00101512 -0.000519187 -0.032772
153
1
2.7162 6.92985 -0.128163
-0.00186513 -0.000126372 -0.0330587
154
1
2.71837 6.92968 -0.0641949
-0.00133706 0.000111232 -0.0327903
155
1
2.71937 6.92951 -2.71005e-010
-2.31447e-012 -1.77255e-012 -0.0325229
156
1
2.71837 6.92968 0.0641949
0.00133706 -0.000111232 -0.0327903
157
1
2.7162 6.92985 0.128163
0.00186513 0.000126372 -0.0330587
158
1
2.71403 6.93028 0.191718
0.00101512 0.000519187 -0.032772
159
1
2.71255 6.93118 0.255016
0.000122003 0.000134975 -0.0323587
160
1
2.71182 6.93351 0.317925
-5.58288e-005 -0.000793289 -0.0322154
161
1
2.71151 6.93763 0.380262
-0.000316362 -0.00169284 -0.0320561
162
1
2.71228 6.94374 0.441624
-0.00148298 -0.00264581 -0.0317937
163
1
2.71437 6.95217 0.501755
-0.00301235 -0.00427481 -0.0316078
164
1
2.71715 6.96314 0.560597
-0.00361899 -0.00606416 -0.0309609
165
1
2.7192 6.97686 0.617638
-0.00266442 -0.00736867 -0.029295
166
1
2.71833 6.99299 0.672293
-0.000621711 -0.00856343 -0.0277229
167
1
2.7134 7.01096 0.724007
0.00232467 -0.00924578 -0.0259074
168
1
2.70322 7.03002 0.772123
0.00608695 -0.00998785 -0.0232575
169
1
2.68793 7.04997 0.816144
0.00888481 -0.0113312 -0.0208322
170
1
2.66889 7.07117 0.856165
0.0101617 -0.0120475 -0.0189967
171
1
2.64627 7.09307 0.892791
0.0124451 -0.0120364 -0.0171053
172
1
2.61965 7.11522 0.926392
0.0154753 -0.0120021 -0.015535
173
1
2.58912 7.13726 0.957299
0.0167327 -0.0115337 -0.0145387
174
1
2.55471 7.15889 0.98527
0.0176849 -0.0106127 -0.0133481
175
1
2.51723 7.17934 1.01081
0.0195599 -0.0097658 -0.0117509
176
1
2.4778 7.19802 1.03442
0.0203167 -0.00885607 -0.0105592
177
1
2.43669 7.21502 1.05569
0.0204553 -0.00790915 -0.00993403
178
1
2.39353 7.23099 1.07449
0.0220996 -0.00754337 -0.0088469
179
1
2.34773 7.24611 1.09088
0.0242956 -0.00763621 -0.00728238
180
1
2.29957 7.25991 1.10419
0.0251905 -0.00684414 -0.00585571
181
1
2.24941 7.27247 1.11409
0.0259291 -0.00565479 -0.00387817
182
1
2.19734 7.28379 1.12062
0.0268342 -0.00506673 -0.00156649
183
1
2.1438 7.29346 1.12358
0.0272286 -0.0043313 0.000358737
184
1
2.08893 7.30134 1.12285
0.0281098 -0.00317132 0.00200427
185
1
2.03282 7.30767 1.1185
0.0287245 -0.00212631 0.00326453
186
1
1.97601 7.31196 1.11024
0.0278688 -0.000936389 0.00447616
187
1
1.91801 7.31359 1.0971
0.0285064 0.000400513 0.00709619
188
1
1.8584 7.31205 1.07851
0.0309354 0.00173547 0.0102352
189
1
1.79816 7.30685 1.05465
0.0305329 0.00322811 0.0127938
190
1
1.73743 7.29725 1.02514
0.0291175 0.00613017 0.016099
191
1
1.67646 7.28296 0.989954
0.0299076 0.00959089 0.0198808
192
1
1.61489 7.26439 0.948782
0.0305543 0.0111623 0.022672
193
1
1.55005 7.24076 0.899503
0.0326835 0.0129845 0.0276666
