194
0
1
0.730631 11.5687 2.29022
0.0129432 0.0219762 -0.035924
1
1
0.710101 11.5298 2.36565
0.0063148 0.0104622 -0.0294157
2
1
0.679785 11.4973 2.46459
0.00993409 0.0186831 -0.0715536
3
1
0.632139 11.4737 2.56071
0.0318244 0.00758676 -0.0398052
4
1
0.562538 11.4572 2.63455
0.0427793 0.0028316 -0.0272969
5
1
0.49168 11.4475 2.69628
0.0236618 -0.000676745 -0.0140162
6
1
0.371889 11.4096 2.79438
0.0530586 0.0253768 -0.0511141
7
1
0.173929 11.3645 2.93529
0.0661712 0.00621933 -0.0406761
8
1
0.192103 6.72589 0.0570973
-0.0397287 0.0302391 -0.00914959
9
1
1.82691 13.0307 0.0296958
-0.0620879 0.00542867 0.00748948
10
1
-1.82816 13.0529 0.118643
-0.0638667 -0.00775283 -0.00723157
11
1
-0.19245 6.726 0.0557325
-0.0396613 -0.0299683 0.00878883
12
1
-0.173773 11.3645 2.93531
0.0661745 -0.00622903 0.0406691
13
1
-0.371729 11.4096 2.79444
0.0530609 -0.0253866 0.0511069
14
1
-0.491516 11.4475 2.69636
0.0236611 0.000671886 0.0140098
15
1
-0.562367 11.4572 2.63465
0.0427791 -0.00283972 0.0272837
16
1
-0.63196 11.4738 2.56083
0.0318218 -0.00759059 0.0397926
17
1
-0.679596 11.4973 2.46473
0.00992707 -0.0186854 0.0715455
18
1
-0.7099 11.5299 2.36581
0.00630854 -0.0104623 0.0294092
19
1
-0.730415 11.5688 2.29041
0.0129361 -0.0219746 0.035911
20
1
-0.746767 11.6171 2.21153
0.00734989 -0.0334922 0.0418024
21
1
-0.756974 11.6591 2.12901
0.00462852 -0.0110467 0.038616
22
1
-0.76307 11.6943 2.04736
0.0101003 -0.0159919 0.0494032
23
1
-0.759572 11.7323 1.9732
-0.0090428 -0.0214941 0.0315475
24
1
-0.743643 11.7704 1.91462
-0.0120166 -0.0137154 0.0166615
25
1
-0.721884 11.8065 1.86754
-0.0151637 -0.016259 0.0203876
26
1
-0.701998 11.8456 1.8259
-0.0138268 -0.0198288 0.0227792
27
1
-0.688124 11.8884 1.7906
-0.00523992 -0.0189734 0.0162998
28
1
-0.680121 11.9338 1.7607
-0.001931 -0.0216078 0.0102796
29
1
-0.677179 11.9831 1.73329
0.00266689 -0.0290856 0.00826449
30
1
-0.679903 12.0333 1.70859
0.00459027 -0.0230659 0.0084424
31
1
-0.685222 12.0815 1.68234
0.00448539 -0.0208425 0.0109936
32
1
-0.692269 12.1296 1.65398
0.00515785 -0.0256723 0.0162358
33
1
-0.699928 12.1757 1.62499
0.00523163 -0.023292 0.0186378
34
1
-0.708428 12.2204 1.59776
0.00555007 -0.0210596 0.015286
35
1
-0.716099 12.2659 1.57207
0.0065934 -0.0242306 0.0120567
36
1
-0.721138 12.3112 1.54958
0.00352076 -0.0227077 0.0106198
37
1
-0.720711 12.3546 1.52958
-0.00249862 -0.0212648 0.00919588
38
1
-0.713528 12.3973 1.51224
-0.00615951 -0.0215882 0.00603895
39
1
-0.700916 12.4368 1.49705
-0.00439426 -0.0168743 0.00438713
40
1
-0.684882 12.4718 1.48345
-0.00584645 -0.0140838 0.00437409
41
1
-0.665982 12.5022 1.46919
-0.0102203 -0.0138202 0.00413812
42
1
-0.644562 12.5295 1.45278
-0.010989 -0.012453 0.00556929
43
1
-0.620094 12.5547 1.43349
-0.0129539 -0.0116847 0.00919642
44
1
-0.592179 12.5789 1.41046
-0.0196102 -0.0110977 0.0155824
45
1
-0.560803 12.6011 1.37975
-0.020784 -0.00684586 0.0214714
46
1
-0.524564 12.6217 1.3428
-0.0178691 -0.00271047 0.0213484
47
1
-0.484855 12.6418 1.30358
-0.0209096 -0.00164777 0.0184964
48
1
-0.441477 12.6677 1.26519
-0.0249905 -0.0107669 0.0181041
49
1
-0.402786 12.7081 1.22797
-0.0313082 -0.0451037 0.024443
50
1
-0.372894 12.758 1.17651
-0.0136602 -0.0592068 0.0487832
51
1
-0.343849 12.8096 1.12268
-0.0159396 -0.00516171 0.0441027
52
1
-0.299123 12.8413 1.07189
-0.0243096 -0.0156926 0.000936673
53
1
-0.276065 12.9003 1.00041
0.000158138 -0.0481063 0.0404095
54
1
-0.218982 12.9406 0.948492
-0.0350855 -0.00219593 0.0249757
55
1
-0.193401 12.9946 0.87643
0.0238057 -0.0238676 -0.00442591
56
1
-0.0713667 13.5016 1.20307
-0.00246324 -0.00233631 0.0320917
57
1
-0.025867 13.6741 0.12968
0.00668057 0.0301788 0.0428716
58
1
-0.0688275 14.4125 0.00124458
0.00166144 0.000331509 0.077678
59
1
-0.0260073 13.674 -0.129822
-0.00681726 -0.0302441 0.0428694
60
1
-0.0857418 13.4973 -1.21615
-0.0105204 -0.00361663 0.0339962
61
1
-0.185333 12.9999 -0.870949
-0.0225937 0.0220911 -0.00132944
62
1
-0.213247 12.9485 -0.945122
0.0354879 0.00580016 0.0198964
63
1
-0.270315 12.9106 -0.997135
0.00149491 0.0467234 0.0369603
64
1
-0.296169 12.8518 -1.06836
0.0243021 0.0131353 0.000821544
65
1
-0.341123 12.8204 -1.11878
0.0164534 0.00810583 0.0471559
66
1
-0.370658 12.7666 -1.17328
0.0152157 0.0600398 0.0472816
67
1
-0.401592 12.7151 -1.22395
0.0320862 0.0447915 0.0239394
68
1
-0.441423 12.6738 -1.26074
0.0251859 0.0112699 0.0182312
69
1
-0.485166 12.6474 -1.29901
0.0209821 0.00235599 0.0183047
70
1
-0.525073 12.6267 -1.33771
0.0179108 0.00328895 0.020917
71
1
-0.561479 12.6055 -1.3744
0.0208183 0.00731335 0.0211596
72
1
-0.593079 12.5825 -1.40511
0.0196632 0.0114098 0.0156486
73
1
-0.621092 12.5577 -1.42824
0.0129845 0.0119064 0.00939901
74
1
-0.645568 12.5321 -1.44773
0.010964 0.0126258 0.00580291
75
1
-0.666954 12.5044 -1.46438
0.0101426 0.0139577 0.00438562
76
1
-0.685791 12.4736 -1.47895
0.00581549 0.0142255 0.00459749
77
1
-0.701727 12.4385 -1.49301
0.00435921 0.0169999 0.00461577
78
1
-0.714274 12.3986 -1.50867
0.00607813 0.0216775 0.00632004
79
1
-0.721367 12.3557 -1.52649
0.00247258 0.0213732 0.00946386
80
1
-0.72173 12.312 -1.54694
-0.00348928 0.0228342 0.0108583
81
1
-0.716627 12.2666 -1.56986
-0.00654555 0.024339 0.0122804
82
1
-0.708915 12.2209 -1.59595
-0.00553104 0.0211469 0.0154806
83
1
-0.700394 12.1761 -1.62354
-0.0052333 0.0233681 0.0188109
84
1
-0.692707 12.13 -1.65282
-0.0051568 0.025728 0.0163686
85
1
-0.685631 12.0817 -1.68142
-0.00448362 0.020882 0.0110755
86
1
-0.680287 12.0335 -1.70784
-0.00458805 0.0231029 0.00851154
87
1
-0.677536 11.9832 -1.73267
-0.00266984 0.0291233 0.00833163
88
1
-0.680453 11.9338 -1.76019
0.00192053 0.0216357 0.0103156
89
1
-0.688441 11.8884 -1.79016
0.00522676 0.0189976 0.0163182
90
1
-0.702307 11.8456 -1.82553
0.013813 0.0198505 0.0227861
91
1
-0.722186 11.8065 -1.86722
0.0151571 0.0162767 0.0203923
92
1
-0.743933 11.7704 -1.91433
0.012015 0.013728 0.0166684
93
1
-0.759846 11.7322 -1.97293
0.00903791 0.0215019 0.0315583
94
1
-0.763331 11.6942 -2.04711
-0.0101053 0.0159884 0.0494074
95
1
-0.757222 11.6591 -2.12878
-0.00463357 0.0110426 0.0386222
96
1
-0.746999 11.617 -2.21132
-0.00735743 0.0334891 0.0418177
97
1
-0.730631 11.5687 -2.29022
-0.0129432 0.0219762 0.035924
98
1
-0.710101 11.5298 -2.36565
-0.0063148 0.0104622 0.0294157
99
1
-0.679785 11.4973 -2.46459
-0.00993409 0.0186832 0.0715536
100
1
-0.632139 11.4737 -2.56071
-0.0318244 0.00758677 0.0398052
101
1
-0.562538 11.4572 -2.63455
-0.0427793 0.0028316 0.0272969
102
1
-0.49168 11.4475 -2.69628
-0.0236618 -0.000676744 0.0140162
103
1
-0.371889 11.4096 -2.79438
-0.0530586 0.0253768 0.0511141
104
1
-0.173929 11.3645 -2.93529
-0.0661712 0.00621933 0.0406761
105
1
-0.192101 6.72589 -0.0571071
0.0397287 0.03024 0.0091494
106
1
-1.8269 13.0307 -0.0298681
0.0620898 0.00543005 -0.00747568
107
1
1.82814 13.0529 -0.118813
0.0638688 -0.00775261 0.00721719
108
1
0.192449 6.726 -0.0557423
0.0396612 -0.0299692 -0.00878865
109
1
0.173773 11.3645 -2.93531
-0.0661745 -0.00622904 -0.0406691
110
1
0.371729 11.4096 -2.79444
-0.0530609 -0.0253866 -0.0511069
111
1
0.491516 11.4475 -2.69636
-0.0236611 0.000671886 -0.0140098
112
1
0.562366 11.4572 -2.63465
-0.0427791 -0.00283972 -0.0272837
113
1
0.63196 11.4738 -2.56083
-0.0318218 -0.00759059 -0.0397926
114
1
0.679596 11.4973 -2.46473
-0.00992707 -0.0186854 -0.0715455
115
1
0.7099 11.5299 -2.36581
-0.00630854 -0.0104623 -0.0294092
116
1
0.730415 11.5688 -2.29041
-0.0129361 -0.0219746 -0.035911
117
1
0.746767 11.6171 -2.21153
-0.00734989 -0.0334922 -0.0418025
118
1
0.756974 11.6591 -2.12901
-0.00462852 -0.0110467 -0.038616
119
1
0.76307 11.6943 -2.04736
-0.0101002 -0.0159919 -0.0494032
120
1
0.759572 11.7323 -1.9732
0.00904281 -0.0214941 -0.0315475
121
1
0.743643 11.7704 -1.91462
0.0120166 -0.0137154 -0.0166615
122
1
0.721884 11.8065 -1.86754
0.0151637 -0.016259 -0.0203876
123
1
0.701998 11.8456 -1.8259
0.0138268 -0.0198289 -0.0227792
124
1
0.688124 11.8884 -1.7906
0.00523992 -0.0189734 -0.0162998
125
1
0.680121 11.9338 -1.7607
0.001931 -0.0216078 -0.0102796
126
1
0.677179 11.9831 -1.73329
-0.00266689 -0.0290856 -0.00826451
127
1
0.679903 12.0333 -1.70859
-0.00459026 -0.0230659 -0.00844241
128
1
0.685222 12.0815 -1.68234
-0.00448539 -0.0208425 -0.0109936
129
1
0.692269 12.1296 -1.65398
-0.00515784 -0.0256723 -0.0162358
130
1
0.699928 12.1757 -1.62499
-0.00523162 -0.023292 -0.0186379
131
1
0.708428 12.2204 -1.59776
-0.00555005 -0.0210596 -0.0152861
132
1
0.716098 12.2659 -1.57207
-0.00659338 -0.0242306 -0.0120567
133
1
0.721138 12.3112 -1.54958
-0.00352074 -0.0227077 -0.0106198
134
1
0.72071 12.3546 -1.52958
0.00249864 -0.0212648 -0.00919592
135
1
0.713528 12.3973 -1.51224
0.00615952 -0.0215882 -0.00603899
136
1
0.700916 12.4368 -1.49705
0.00439427 -0.0168743 -0.00438716
137
1
0.684882 12.4718 -1.48345
0.00584646 -0.0140838 -0.00437412
138
1
0.665981 12.5022 -1.46919
0.0102203 -0.0138202 -0.00413816
139
1
0.644562 12.5295 -1.45278
0.010989 -0.0124529 -0.00556933
140
1
0.620094 12.5547 -1.43349
0.0129539 -0.0116846 -0.00919646
141
1
0.592179 12.5789 -1.41046
0.0196101 -0.0110976 -0.0155824
142
1
0.560803 12.6011 -1.37975
0.0207839 -0.0068458 -0.0214715
143
1
0.524564 12.6217 -1.34279
0.0178689 -0.00271043 -0.0213485
144
1
0.484856 12.6418 -1.30358
0.0209094 -0.00164775 -0.0184965
145
1
0.441478 12.6677 -1.26519
0.0249902 -0.0107669 -0.0181043
146
1
0.402788 12.7081 -1.22796
0.0313079 -0.0451036 -0.024443
147
1
0.372896 12.758 -1.17651
0.0136599 -0.0592071 -0.0487829
148
1
0.343852 12.8096 -1.12268
0.0159392 -0.00516206 -0.044103
149
1
0.299127 12.8413 -1.07189
0.0243092 -0.0156923 -0.000936635
150
1
0.276069 12.9003 -1.00041
-0.000158156 -0.0481066 -0.0404089
151
1
0.218987 12.9406 -0.948492
0.0350855 -0.00219684 -0.0249754
152
1
0.193406 12.9946 -0.87643
-0.0238053 -0.023867 0.00442644
153
1
0.0713678 13.5016 -1.20309
0.00246358 -0.00233757 -0.0320914
154
1
0.0258671 13.6741 -0.129681
-0.00668057 0.0301787 -0.0428716
155
1
0.0688275 14.4125 -0.00124238
-0.0016615 0.000332087 -0.077678
156
1
0.0260074 13.674 0.129821
0.00681726 -0.0302441 -0.0428694
157
1
0.0857419 13.4973 1.21614
0.010521 -0.00361811 -0.0339966
158
1
0.185327 12.9999 0.870948
0.0225943 0.0220912 0.00132783
159
1
0.213241 12.9485 0.945123
-0.0354886 0.0057997 -0.0198957
160
1
0.270309 12.9106 0.997137
-0.00149521 0.0467223 -0.0369604
161
1
0.296165 12.8518 1.06836
-0.0243025 0.0131352 -0.000821602
162
1
0.341119 12.8204 1.11878
-0.016454 0.00810579 -0.0471559
163
1
0.370655 12.7666 1.17328
-0.0152163 0.0600396 -0.0472817
164
1
0.40159 12.7151 1.22395
-0.0320866 0.0447915 -0.0239393
165
1
0.441422 12.6738 1.26075
-0.0251862 0.0112699 -0.0182311
166
1
0.485165 12.6474 1.29901
-0.0209823 0.00235607 -0.0183046
167
1
0.525072 12.6267 1.33771
-0.0179109 0.00328904 -0.0209168
168
1
0.561479 12.6055 1.3744
-0.0208185 0.00731344 -0.0211595
169
1
0.593079 12.5825 1.40511
-0.0196633 0.0114099 -0.0156485
170
1
0.621092 12.5577 1.42824
-0.0129846 0.0119065 -0.00939897
171
1
0.645568 12.5321 1.44773
-0.0109641 0.0126258 -0.00580289
172
1
0.666954 12.5044 1.46438
-0.0101426 0.0139577 -0.0043856
173
1
0.685792 12.4736 1.47895
-0.00581548 0.0142255 -0.00459747
174
1
0.701728 12.4385 1.49301
-0.0043592 0.017 -0.00461575
175
1
0.714275 12.3986 1.50867
-0.00607812 0.0216775 -0.00632001
176
1
0.721368 12.3557 1.52649
-0.00247257 0.0213732 -0.00946383
177
1
0.72173 12.312 1.54694
0.0034893 0.0228342 -0.0108582
178
1
0.716627 12.2666 1.56986
0.00654557 0.024339 -0.0122803
179
1
0.708915 12.2209 1.59595
0.00553105 0.0211469 -0.0154806
180
1
0.700394 12.1761 1.62354
0.00523331 0.0233681 -0.0188109
181
1
0.692707 12.13 1.65282
0.00515681 0.025728 -0.0163686
182
1
0.685631 12.0818 1.68142
0.00448362 0.020882 -0.0110755
183
1
0.680287 12.0335 1.70784
0.00458805 0.0231029 -0.00851152
184
1
0.677537 11.9832 1.73267
0.00266984 0.0291233 -0.00833162
185
1
0.680453 11.9338 1.76019
-0.00192053 0.0216357 -0.0103156
186
1
0.688442 11.8884 1.79016
-0.00522676 0.0189976 -0.0163182
187
1
0.702307 11.8456 1.82553
-0.013813 0.0198505 -0.0227861
188
1
0.722186 11.8065 1.86722
-0.0151571 0.0162767 -0.0203923
189
1
0.743933 11.7704 1.91433
-0.012015 0.013728 -0.0166684
190
1
0.759846 11.7322 1.97293
-0.0090379 0.0215019 -0.0315583
191
1
0.763331 11.6942 2.04711
0.0101053 0.0159884 -0.0494074
192
1
0.757222 11.6591 2.12878
0.00463357 0.0110426 -0.0386222
193
1
0.746999 11.617 2.21132
0.00735743 0.0334891 -0.0418177
