194
0
1
0.74302 1.70208 2.28711
0.0242892 -0.0253966 -0.0198353
1
1
0.692574 1.75037 2.32574
0.0278611 -0.0246033 -0.0191189
2
1
0.634252 1.79734 2.36248
0.0308334 -0.0235099 -0.0180124
3
1
0.568678 1.8415 2.39665
0.0345404 -0.021683 -0.0168171
4
1
0.495637 1.88093 2.4269
0.0376289 -0.0187572 -0.0143009
5
1
0.415754 1.91374 2.45316
0.041037 -0.0146011 -0.0118289
6
1
0.329949 1.93919 2.47564
0.0441469 -0.010641 -0.00998444
7
1
0.239283 1.95775 2.49369
0.0462933 -0.00755333 -0.00757304
8
1
0.144978 1.96956 2.50641
0.0477955 -0.00453764 -0.00448328
9
1
0.0485529 1.97508 2.513
0.0486112 -0.0014733 -0.0014511
10
1
-0.0485529 1.97508 2.513
0.0486112 0.0014733 0.0014511
11
1
-0.144978 1.96956 2.50641
0.0477955 0.00453764 0.00448328
12
1
-0.239283 1.95775 2.49369
0.0462933 0.00755333 0.00757304
13
1
-0.329949 1.93919 2.47564
0.0441469 0.010641 0.00998444
14
1
-0.415754 1.91374 2.45316
0.041037 0.0146011 0.0118289
15
1
-0.495637 1.88093 2.4269
0.0376289 0.0187572 0.0143009
16
1
-0.568678 1.8415 2.39665
0.0345404 0.021683 0.0168171
17
1
-0.634252 1.79734 2.36248
0.0308334 0.0235099 0.0180124
18
1
-0.692574 1.75037 2.32574
0.0278611 0.0246033 0.0191189
19
1
-0.74302 1.70208 2.28711
0.0242892 0.0253966 0.0198353
20
1
-0.785109 1.65373 2.24703
0.0190628 0.0252357 0.0200551
21
1
-0.819032 1.60588 2.20553
0.0145761 0.0246112 0.0208778
22
1
-0.845238 1.55935 2.16192
0.0101359 0.0238722 0.021751
23
1
-0.863883 1.51405 2.1161
0.00651703 0.0230673 0.0227528
24
1
-0.876418 1.47017 2.06859
0.00401417 0.0220415 0.0236605
25
1
-0.884579 1.42849 2.01925
0.00295429 0.0208688 0.0244953
26
1
-0.888923 1.38911 1.96828
0.00218157 0.0192787 0.0255533
27
1
-0.890359 1.35173 1.91629
0.000919931 0.0177977 0.0264776
28
1
-0.889207 1.31633 1.86346
-0.000528876 0.0169968 0.026821
29
1
-0.885035 1.28264 1.81009
-0.00184658 0.0165707 0.0268045
30
1
-0.877368 1.2501 1.75687
-0.00322138 0.0159988 0.0267278
31
1
-0.866485 1.21828 1.70442
-0.00495592 0.0151309 0.0266035
32
1
-0.853215 1.18748 1.65251
-0.00704735 0.014087 0.0264142
33
1
-0.837959 1.15879 1.60034
-0.00918646 0.0129074 0.0262663
34
1
-0.820512 1.13355 1.54725
-0.01106 0.0114817 0.0262565
35
1
-0.800322 1.11273 1.49324
-0.0125039 0.00973825 0.0263714
36
1
-0.777237 1.09647 1.43875
-0.0134624 0.00773726 0.0265865
37
1
-0.751792 1.08427 1.38409
-0.0139297 0.00560684 0.0269271
38
1
-0.725074 1.07551 1.32911
-0.0139431 0.00348853 0.0274154
39
1
-0.698319 1.06979 1.27334
-0.0135669 0.00151958 0.0280285
40
1
-0.672546 1.067 1.21634
-0.0128691 -0.000189035 0.0287164
41
1
-0.648428 1.06699 1.15788
-0.0119193 -0.00157523 0.0294332
42
1
-0.626314 1.0695 1.09796
-0.0107909 -0.00262497 0.0301529
43
1
-0.606357 1.07405 1.03665
-0.00955889 -0.00335625 0.0308636
44
1
-0.588625 1.08005 0.97401
-0.00829517 -0.00380563 0.0315568
45
1
-0.573113 1.08696 0.910085
-0.00706273 -0.00401777 0.0322223
46
1
-0.559773 1.09428 0.844923
-0.00590948 -0.00403843 0.0328492
47
1
-0.5485 1.10164 0.778588
-0.00486682 -0.003911 0.0334288
48
1
-0.539134 1.10876 0.711167
-0.00395036 -0.0036746 0.0339554
49
1
-0.531473 1.11545 0.642758
-0.00316326 -0.00336351 0.0344266
50
1
-0.525298 1.12157 0.57347
-0.00249962 -0.00300568 0.0348419
51
1
-0.520393 1.12703 0.50341
-0.0019485 -0.00262308 0.035202
52
1
-0.516557 1.13177 0.432686
-0.00149521 -0.00223106 0.0355086
53
1
-0.513609 1.13578 0.361403
-0.00112487 -0.00184018 0.0357634
54
1
-0.511398 1.13905 0.289661
-0.000821672 -0.00145584 0.0359685
55
1
-0.509803 1.14158 0.217557
-0.000571585 -0.00108076 0.0361258
56
1
-0.508732 1.14337 0.145185
-0.000359613 -0.000714319 0.0362368
57
1
-0.508114 1.14444 0.0726366
-0.000173433 -0.000355199 0.0363029
58
1
-0.507914 1.1448 -9.69012e-017
7.53799e-019 5.42666e-017 0.0363249
59
1
-0.508114 1.14444 -0.0726366
0.000173433 0.000355199 0.0363029
60
1
-0.508732 1.14337 -0.145185
0.000359613 0.000714319 0.0362368
61
1
-0.509803 1.14158 -0.217557
0.000571585 0.00108076 0.0361258
62
1
-0.511398 1.13905 -0.289661
0.000821672 0.00145584 0.0359685
63
1
-0.513609 1.13578 -0.361403
0.00112487 0.00184018 0.0357634
64
1
-0.516557 1.13177 -0.432686
0.00149521 0.00223106 0.0355086
65
1
-0.520393 1.12703 -0.50341
0.0019485 0.00262308 0.035202
66
1
-0.525298 1.12157 -0.57347
0.00249962 0.00300568 0.0348419
67
1
-0.531473 1.11545 -0.642758
0.00316326 0.00336351 0.0344266
68
1
-0.539134 1.10876 -0.711167
0.00395036 0.0036746 0.0339554
69
1
-0.5485 1.10164 -0.778588
0.00486682 0.003911 0.0334288
70
1
-0.559773 1.09428 -0.844923
0.00590948 0.00403843 0.0328492
71
1
-0.573113 1.08696 -0.910085
0.00706273 0.00401777 0.0322223
72
1
-0.588625 1.08005 -0.97401
0.00829517 0.00380563 0.0315568
73
1
-0.606357 1.07405 -1.03665
0.00955889 0.00335625 0.0308636
74
1
-0.626314 1.0695 -1.09796
0.0107909 0.00262497 0.0301529
75
1
-0.648428 1.06699 -1.15788
0.0119193 0.00157523 0.0294332
76
1
-0.672546 1.067 -1.21634
0.0128691 0.000189035 0.0287164
77
1
-0.698319 1.06979 -1.27334
0.0135669 -0.00151958 0.0280285
78
1
-0.725074 1.07551 -1.32911
0.0139431 -0.00348853 0.0274154
79
1
-0.751792 1.08427 -1.38409
0.0139297 -0.00560684 0.0269271
80
1
-0.777237 1.09647 -1.43875
0.0134624 -0.00773726 0.0265865
81
1
-0.800322 1.11273 -1.49324
0.0125039 -0.00973825 0.0263714
82
1
-0.820512 1.13355 -1.54725
0.01106 -0.0114817 0.0262565
83
1
-0.837959 1.15879 -1.60034
0.00918646 -0.0129074 0.0262663
84
1
-0.853215 1.18748 -1.65251
0.00704735 -0.014087 0.0264142
85
1
-0.866485 1.21828 -1.70442
0.00495592 -0.0151309 0.0266035
86
1
-0.877368 1.2501 -1.75687
0.00322138 -0.0159988 0.0267278
87
1
-0.885035 1.28264 -1.81009
0.00184658 -0.0165707 0.0268045
88
1
-0.889207 1.31633 -1.86346
0.000528876 -0.0169968 0.026821
89
1
-0.890359 1.35173 -1.91629
-0.000919931 -0.0177977 0.0264776
90
1
-0.888923 1.38911 -1.96828
-0.00218157 -0.0192787 0.0255533
91
1
-0.884579 1.42849 -2.01925
-0.00295429 -0.0208688 0.0244953
92
1
-0.876418 1.47017 -2.06859
-0.00401417 -0.0220415 0.0236605
93
1
-0.863883 1.51405 -2.1161
-0.00651703 -0.0230673 0.0227528
94
1
-0.845238 1.55935 -2.16192
-0.0101359 -0.0238722 0.021751
95
1
-0.819032 1.60588 -2.20553
-0.0145761 -0.0246112 0.0208778
96
1
-0.785109 1.65373 -2.24703
-0.0190628 -0.0252357 0.0200551
97
1
-0.74302 1.70208 -2.28711
-0.0242892 -0.0253966 0.0198353
98
1
-0.692574 1.75037 -2.32574
-0.0278611 -0.0246033 0.0191189
99
1
-0.634252 1.79734 -2.36248
-0.0308334 -0.0235099 0.0180124
100
1
-0.568678 1.8415 -2.39665
-0.0345404 -0.021683 0.0168171
101
1
-0.495637 1.88093 -2.4269
-0.0376289 -0.0187572 0.0143009
102
1
-0.415754 1.91374 -2.45316
-0.041037 -0.0146011 0.0118289
103
1
-0.329949 1.93919 -2.47564
-0.0441469 -0.010641 0.00998444
104
1
-0.239283 1.95775 -2.49369
-0.0462933 -0.00755333 0.00757304
105
1
-0.144978 1.96956 -2.50641
-0.0477955 -0.00453764 0.00448328
106
1
-0.0485529 1.97508 -2.513
-0.0486112 -0.0014733 0.0014511
107
1
0.0485529 1.97508 -2.513
-0.0486112 0.0014733 -0.0014511
108
1
0.144978 1.96956 -2.50641
-0.0477955 0.00453764 -0.00448328
109
1
0.239283 1.95775 -2.49369
-0.0462933 0.00755333 -0.00757304
110
1
0.329949 1.93919 -2.47564
-0.0441469 0.010641 -0.00998444
111
1
0.415754 1.91374 -2.45316
-0.041037 0.0146011 -0.0118289
112
1
0.495637 1.88093 -2.4269
-0.0376289 0.0187572 -0.0143009
113
1
0.568678 1.8415 -2.39665
-0.0345404 0.021683 -0.0168171
114
1
0.634252 1.79734 -2.36248
-0.0308334 0.0235099 -0.0180124
115
1
0.692574 1.75037 -2.32574
-0.0278611 0.0246033 -0.0191189
116
1
0.74302 1.70208 -2.28711
-0.0242892 0.0253966 -0.0198353
117
1
0.785109 1.65373 -2.24703
-0.0190628 0.0252357 -0.0200551
118
1
0.819032 1.60588 -2.20553
-0.0145761 0.0246112 -0.0208778
119
1
0.845238 1.55935 -2.16192
-0.0101359 0.0238722 -0.021751
120
1
0.863883 1.51405 -2.1161
-0.00651703 0.0230673 -0.0227528
121
1
0.876418 1.47017 -2.06859
-0.00401417 0.0220415 -0.0236605
122
1
0.884579 1.42849 -2.01925
-0.00295429 0.0208688 -0.0244953
123
1
0.888923 1.38911 -1.96828
-0.00218157 0.0192787 -0.0255533
124
1
0.890359 1.35173 -1.91629
-0.000919931 0.0177977 -0.0264776
125
1
0.889207 1.31633 -1.86346
0.000528876 0.0169968 -0.026821
126
1
0.885035 1.28264 -1.81009
0.00184658 0.0165707 -0.0268045
127
1
0.877368 1.2501 -1.75687
0.00322138 0.0159988 -0.0267278
128
1
0.866485 1.21828 -1.70442
0.00495592 0.0151309 -0.0266035
129
1
0.853215 1.18748 -1.65251
0.00704735 0.014087 -0.0264142
130
1
0.837959 1.15879 -1.60034
0.00918646 0.0129074 -0.0262663
131
1
0.820512 1.13355 -1.54725
0.01106 0.0114817 -0.0262565
132
1
0.800322 1.11273 -1.49324
0.0125039 0.00973825 -0.0263714
133
1
0.777237 1.09647 -1.43875
0.0134624 0.00773726 -0.0265865
134
1
0.751792 1.08427 -1.38409
0.0139297 0.00560684 -0.0269271
135
1
0.725074 1.07551 -1.32911
0.0139431 0.00348853 -0.0274154
136
1
0.698319 1.06979 -1.27334
0.0135669 0.00151958 -0.0280285
137
1
0.672546 1.067 -1.21634
0.0128691 -0.000189035 -0.0287164
138
1
0.648428 1.06699 -1.15788
0.0119193 -0.00157523 -0.0294332
139
1
0.626314 1.0695 -1.09796
0.0107909 -0.00262497 -0.0301529
140
1
0.606357 1.07405 -1.03665
0.00955889 -0.00335625 -0.0308636
141
1
0.588625 1.08005 -0.97401
0.00829517 -0.00380563 -0.0315568
142
1
0.573113 1.08696 -0.910085
0.00706273 -0.00401777 -0.0322223
143
1
0.559773 1.09428 -0.844923
0.00590948 -0.00403843 -0.0328492
144
1
0.5485 1.10164 -0.778588
0.00486682 -0.003911 -0.0334288
145
1
0.539134 1.10876 -0.711167
0.00395036 -0.0036746 -0.0339554
146
1
0.531473 1.11545 -0.642758
0.00316326 -0.00336351 -0.0344266
147
1
0.525298 1.12157 -0.57347
0.00249962 -0.00300568 -0.0348419
148
1
0.520393 1.12703 -0.50341
0.0019485 -0.00262308 -0.035202
149
1
0.516557 1.13177 -0.432686
0.00149521 -0.00223106 -0.0355086
150
1
0.513609 1.13578 -0.361403
0.00112487 -0.00184018 -0.0357634
151
1
0.511398 1.13905 -0.289661
0.000821672 -0.00145584 -0.0359685
152
1
0.509803 1.14158 -0.217557
0.000571585 -0.00108076 -0.0361258
153
1
0.508732 1.14337 -0.145185
0.000359613 -0.000714319 -0.0362368
154
1
0.508114 1.14444 -0.0726366
0.000173433 -0.000355199 -0.0363029
155
1
0.507914 1.1448 -3.78954e-017
-3.13435e-017 -3.43575e-017 -0.0363249
156
1
0.508114 1.14444 0.0726366
-0.000173433 0.000355199 -0.0363029
157
1
0.508732 1.14337 0.145185
-0.000359613 0.000714319 -0.0362368
158
1
0.509803 1.14158 0.217557
-0.000571585 0.00108076 -0.0361258
159
1
0.511398 1.13905 0.289661
-0.000821672 0.00145584 -0.0359685
160
1
0.513609 1.13578 0.361403
-0.00112487 0.00184018 -0.0357634
161
1
0.516557 1.13177 0.432686
-0.00149521 0.00223106 -0.0355086
162
1
0.520393 1.12703 0.50341
-0.0019485 0.00262308 -0.035202
163
1
0.525298 1.12157 0.57347
-0.00249962 0.00300568 -0.0348419
164
1
0.531473 1.11545 0.642758
-0.00316326 0.00336351 -0.0344266
165
1
0.539134 1.10876 0.711167
-0.00395036 0.0036746 -0.0339554
166
1
0.5485 1.10164 0.778588
-0.00486682 0.003911 -0.0334288
167
1
0.559773 1.09428 0.844923
-0.00590948 0.00403843 -0.0328492
168
1
0.573113 1.08696 0.910085
-0.00706273 0.00401777 -0.0322223
169
1
0.588625 1.08005 0.97401
-0.00829517 0.00380563 -0.0315568
170
1
0.606357 1.07405 1.03665
-0.00955889 0.00335625 -0.0308636
171
1
0.626314 1.0695 1.09796
-0.0107909 0.00262497 -0.0301529
172
1
0.648428 1.06699 1.15788
-0.0119193 0.00157523 -0.0294332
173
1
0.672546 1.067 1.21634
-0.0128691 0.000189035 -0.0287164
174
1
0.698319 1.06979 1.27334
-0.0135669 -0.00151958 -0.0280285
175
1
0.725074 1.07551 1.32911
-0.0139431 -0.00348853 -0.0274154
176
1
0.751792 1.08427 1.38409
-0.0139297 -0.00560684 -0.0269271
177
1
0.777237 1.09647 1.43875
-0.0134624 -0.00773726 -0.0265865
178
1
0.800322 1.11273 1.49324
-0.0125039 -0.00973825 -0.0263714
179
1
0.820512 1.13355 1.54725
-0.01106 -0.0114817 -0.0262565
180
1
0.837959 1.15879 1.60034
-0.00918646 -0.0129074 -0.0262663
181
1
0.853215 1.18748 1.65251
-0.00704735 -0.014087 -0.0264142
182
1
0.866485 1.21828 1.70442
-0.00495592 -0.0151309 -0.0266035
183
1
0.877368 1.2501 1.75687
-0.00322138 -0.0159988 -0.0267278
184
1
0.885035 1.28264 1.81009
-0.00184658 -0.0165707 -0.0268045
185
1
0.889207 1.31633 1.86346
-0.000528876 -0.0169968 -0.026821
186
1
0.890359 1.35173 1.91629
0.000919931 -0.0177977 -0.0264776
187
1
0.888923 1.38911 1.96828
0.00218157 -0.0192787 -0.0255533
188
1
0.884579 1.42849 2.01925
0.00295429 -0.0208688 -0.0244953
189
1
0.876418 1.47017 2.06859
0.00401417 -0.0220415 -0.0236605
190
1
0.863883 1.51405 2.1161
0.00651703 -0.0230673 -0.0227528
191
1
0.845238 1.55935 2.16192
0.0101359 -0.0238722 -0.021751
192
1
0.819032 1.60588 2.20553
0.0145761 -0.0246112 -0.0208778
193
1
0.785109 1.65373 2.24703
0.0190628 -0.0252357 -0.0200551
