194
0
1
0.951518 3.50425 0.83295
0.0336576 -0.0263428 -0.0220786
1
1
0.88091 3.55364 0.873573
0.0380847 -0.0241487 -0.0212074
2
1
0.801202 3.59957 0.912828
0.0421306 -0.0220062 -0.0194659
3
1
0.71283 3.6409 0.949555
0.0467714 -0.0193521 -0.0177165
4
1
0.616574 3.67724 0.982805
0.0496511 -0.0165965 -0.015982
5
1
0.513801 3.70877 1.01204
0.0523856 -0.0141294 -0.0136802
6
1
0.405608 3.73478 1.03672
0.0549789 -0.0113974 -0.0118934
7
1
0.293055 3.75432 1.05648
0.0570744 -0.00786425 -0.00890718
8
1
0.177178 3.76693 1.07021
0.0585534 -0.00414735 -0.00514633
9
1
0.0592867 3.77275 1.07731
0.0592935 -0.00144133 -0.00164074
10
1
-0.0592867 3.77275 1.07731
0.0592935 0.00144133 0.00164074
11
1
-0.177178 3.76693 1.07021
0.0585534 0.00414735 0.00514633
12
1
-0.293055 3.75432 1.05648
0.0570744 0.00786425 0.00890718
13
1
-0.405608 3.73478 1.03672
0.0549789 0.0113974 0.0118934
14
1
-0.513801 3.70877 1.01204
0.0523856 0.0141294 0.0136802
15
1
-0.616574 3.67724 0.982805
0.0496511 0.0165965 0.015982
16
1
-0.71283 3.6409 0.949555
0.0467714 0.0193521 0.0177165
17
1
-0.801202 3.59957 0.912828
0.0421306 0.0220062 0.0194659
18
1
-0.88091 3.55364 0.873573
0.0380847 0.0241487 0.0212074
19
1
-0.951518 3.50425 0.83295
0.0336576 0.0263428 0.0220786
20
1
-1.01318 3.45274 0.792872
0.0285146 0.0267643 0.021171
21
1
-1.06722 3.39996 0.754467
0.024988 0.0268202 0.0196246
22
1
-1.1145 3.34638 0.719307
0.0217047 0.0270982 0.0171703
23
1
-1.15601 3.29174 0.688182
0.0187259 0.0271753 0.0151812
24
1
-1.19236 3.23661 0.66217
0.0163315 0.0275057 0.0123109
25
1
-1.22448 3.18128 0.641493
0.0141129 0.0278173 0.00935305
26
1
-1.25276 3.12597 0.625895
0.0117636 0.027497 0.00668065
27
1
-1.27819 3.07122 0.615758
0.0104529 0.0269649 0.00383844
28
1
-1.30228 3.01764 0.610443
0.010171 0.026604 0.000923755
29
1
-1.32581 2.96534 0.609288
0.0101473 0.0257627 -0.00140722
30
1
-1.34991 2.91475 0.611905
0.0108598 0.0244993 -0.00307504
31
1
-1.37602 2.8664 0.61728
0.0125995 0.023343 -0.00430248
32
1
-1.40498 2.8205 0.624054
0.0144752 0.0223088 -0.00502967
33
1
-1.43686 2.77699 0.631255
0.0160967 0.0211918 -0.00514854
34
1
-1.47179 2.736 0.638453
0.0177706 0.0199313 -0.00470729
35
1
-1.50986 2.69801 0.64499
0.0190956 0.0182756 -0.00398831
36
1
-1.55056 2.66309 0.650152
0.0197725 0.0163904 -0.00337097
37
1
-1.5931 2.63037 0.653453
0.020783 0.0150017 -0.00253091
38
1
-1.63718 2.59854 0.65453
0.0224386 0.014687 -0.000689648
39
1
-1.6824 2.56663 0.652615
0.0233881 0.0153945 0.00197814
40
1
-1.72761 2.53434 0.646736
0.0230313 0.016236 0.00438638
41
1
-1.77163 2.50177 0.636668
0.0222161 0.0163416 0.00612364
42
1
-1.81437 2.46953 0.622684
0.0215447 0.0158262 0.00767011
43
1
-1.85617 2.43768 0.605086
0.0211579 0.0154533 0.00956052
44
1
-1.89802 2.40657 0.583816
0.021019 0.0155965 0.0119093
45
1
-1.94031 2.3764 0.558339
0.0212008 0.0156917 0.0142708
46
1
-1.98271 2.34775 0.52865
0.0215894 0.0148743 0.0161809
47
1
-2.0246 2.3213 0.495376
0.0219766 0.0130281 0.0176589
48
1
-2.06577 2.29773 0.459423
0.0222015 0.0106122 0.0189046
49
1
-2.10606 2.27761 0.421377
0.0220695 0.00826298 0.019977
50
1
-2.14479 2.261 0.381614
0.0210905 0.00657031 0.0207157
51
1
-2.18073 2.24737 0.339852
0.0192531 0.00556264 0.0216014
52
1
-2.21291 2.23633 0.295548
0.0168674 0.00483093 0.022803
53
1
-2.24052 2.22739 0.248936
0.0142904 0.00415863 0.0240295
54
1
-2.26266 2.22029 0.200407
0.0115758 0.0034982 0.0249498
55
1
-2.27907 2.21496 0.150653
0.00856732 0.00272872 0.0255183
56
1
-2.28999 2.21152 0.100395
0.00537494 0.00176182 0.0256426
57
1
-2.2962 2.20976 0.0501403
0.00246692 0.000764014 0.0253884
58
1
-2.29809 2.20916 -1.84714e-015
1.87801e-016 -3.70304e-016 0.0251927
59
1
-2.2962 2.20976 -0.0501403
-0.00246692 -0.000764014 0.0253884
60
1
-2.28999 2.21152 -0.100395
-0.00537494 -0.00176182 0.0256426
61
1
-2.27907 2.21496 -0.150653
-0.00856732 -0.00272872 0.0255183
62
1
-2.26266 2.22029 -0.200407
-0.0115758 -0.0034982 0.0249498
63
1
-2.24052 2.22739 -0.248936
-0.0142904 -0.00415863 0.0240295
64
1
-2.21291 2.23633 -0.295548
-0.0168674 -0.00483093 0.022803
65
1
-2.18073 2.24737 -0.339852
-0.0192531 -0.00556264 0.0216014
66
1
-2.14479 2.261 -0.381614
-0.0210905 -0.00657031 0.0207157
67
1
-2.10606 2.27761 -0.421377
-0.0220695 -0.00826298 0.019977
68
1
-2.06577 2.29773 -0.459423
-0.0222015 -0.0106122 0.0189046
69
1
-2.0246 2.3213 -0.495376
-0.0219766 -0.0130281 0.0176589
70
1
-1.98271 2.34775 -0.52865
-0.0215894 -0.0148743 0.0161809
71
1
-1.94031 2.3764 -0.558339
-0.0212008 -0.0156917 0.0142708
72
1
-1.89802 2.40657 -0.583816
-0.021019 -0.0155965 0.0119093
73
1
-1.85617 2.43768 -0.605086
-0.0211579 -0.0154533 0.00956052
74
1
-1.81437 2.46953 -0.622684
-0.0215447 -0.0158262 0.00767011
75
1
-1.77163 2.50177 -0.636668
-0.0222161 -0.0163416 0.00612364
76
1
-1.72761 2.53434 -0.646736
-0.0230313 -0.016236 0.00438638
77
1
-1.6824 2.56663 -0.652615
-0.0233881 -0.0153945 0.00197814
78
1
-1.63718 2.59854 -0.65453
-0.0224386 -0.014687 -0.000689648
79
1
-1.5931 2.63037 -0.653453
-0.020783 -0.0150017 -0.00253091
80
1
-1.55056 2.66309 -0.650152
-0.0197725 -0.0163904 -0.00337097
81
1
-1.50986 2.69801 -0.64499
-0.0190956 -0.0182756 -0.00398831
82
1
-1.47179 2.736 -0.638453
-0.0177706 -0.0199313 -0.00470729
83
1
-1.43686 2.77699 -0.631255
-0.0160967 -0.0211918 -0.00514854
84
1
-1.40498 2.8205 -0.624054
-0.0144752 -0.0223088 -0.00502967
85
1
-1.37602 2.8664 -0.61728
-0.0125995 -0.023343 -0.00430248
86
1
-1.34991 2.91475 -0.611905
-0.0108598 -0.0244993 -0.00307504
87
1
-1.32581 2.96534 -0.609288
-0.0101473 -0.0257627 -0.00140722
88
1
-1.30228 3.01764 -0.610443
-0.010171 -0.026604 0.000923755
89
1
-1.27819 3.07122 -0.615758
-0.0104529 -0.0269649 0.00383844
90
1
-1.25276 3.12597 -0.625895
-0.0117636 -0.027497 0.00668065
91
1
-1.22448 3.18128 -0.641493
-0.0141129 -0.0278173 0.00935305
92
1
-1.19236 3.23661 -0.66217
-0.0163315 -0.0275057 0.0123109
93
1
-1.15601 3.29174 -0.688182
-0.0187259 -0.0271753 0.0151812
94
1
-1.1145 3.34638 -0.719307
-0.0217047 -0.0270982 0.0171703
95
1
-1.06722 3.39996 -0.754467
-0.024988 -0.0268202 0.0196246
96
1
-1.01318 3.45274 -0.792872
-0.0285146 -0.0267643 0.021171
97
1
-0.951518 3.50425 -0.83295
-0.0336576 -0.0263428 0.0220786
98
1
-0.88091 3.55364 -0.873573
-0.0380847 -0.0241487 0.0212074
99
1
-0.801202 3.59957 -0.912828
-0.0421306 -0.0220062 0.0194659
100
1
-0.71283 3.6409 -0.949555
-0.0467714 -0.0193521 0.0177165
101
1
-0.616574 3.67724 -0.982805
-0.0496511 -0.0165965 0.015982
102
1
-0.513801 3.70877 -1.01204
-0.0523856 -0.0141294 0.0136802
103
1
-0.405608 3.73478 -1.03672
-0.0549789 -0.0113974 0.0118934
104
1
-0.293055 3.75432 -1.05648
-0.0570744 -0.00786425 0.00890718
105
1
-0.177178 3.76693 -1.07021
-0.0585534 -0.00414735 0.00514633
106
1
-0.0592867 3.77275 -1.07731
-0.0592935 -0.00144133 0.00164074
107
1
0.0592867 3.77275 -1.07731
-0.0592935 0.00144133 -0.00164074
108
1
0.177178 3.76693 -1.07021
-0.0585534 0.00414735 -0.00514633
109
1
0.293055 3.75432 -1.05648
-0.0570744 0.00786425 -0.00890718
110
1
0.405608 3.73478 -1.03672
-0.0549789 0.0113974 -0.0118934
111
1
0.513801 3.70877 -1.01204
-0.0523856 0.0141294 -0.0136802
112
1
0.616574 3.67724 -0.982805
-0.0496511 0.0165965 -0.015982
113
1
0.71283 3.6409 -0.949555
-0.0467714 0.0193521 -0.0177165
114
1
0.801202 3.59957 -0.912828
-0.0421306 0.0220062 -0.0194659
115
1
0.88091 3.55364 -0.873573
-0.0380847 0.0241487 -0.0212074
116
1
0.951518 3.50425 -0.83295
-0.0336576 0.0263428 -0.0220786
117
1
1.01318 3.45274 -0.792872
-0.0285146 0.0267643 -0.021171
118
1
1.06722 3.39996 -0.754467
-0.024988 0.0268202 -0.0196246
119
1
1.1145 3.34638 -0.719307
-0.0217047 0.0270982 -0.0171703
120
1
1.15601 3.29174 -0.688182
-0.0187259 0.0271753 -0.0151812
121
1
1.19236 3.23661 -0.66217
-0.0163315 0.0275057 -0.0123109
122
1
1.22448 3.18128 -0.641493
-0.0141129 0.0278173 -0.00935305
123
1
1.25276 3.12597 -0.625895
-0.0117636 0.027497 -0.00668065
124
1
1.27819 3.07122 -0.615758
-0.0104529 0.0269649 -0.00383844
125
1
1.30228 3.01764 -0.610443
-0.010171 0.026604 -0.000923755
126
1
1.32581 2.96534 -0.609288
-0.0101473 0.0257627 0.00140722
127
1
1.34991 2.91475 -0.611905
-0.0108598 0.0244993 0.00307504
128
1
1.37602 2.8664 -0.61728
-0.0125995 0.023343 0.00430248
129
1
1.40498 2.8205 -0.624054
-0.0144752 0.0223088 0.00502967
130
1
1.43686 2.77699 -0.631255
-0.0160967 0.0211918 0.00514854
131
1
1.47179 2.736 -0.638453
-0.0177706 0.0199313 0.00470729
132
1
1.50986 2.69801 -0.64499
-0.0190956 0.0182756 0.00398831
133
1
1.55056 2.66309 -0.650152
-0.0197725 0.0163904 0.00337097
134
1
1.5931 2.63037 -0.653453
-0.020783 0.0150017 0.00253091
135
1
1.63718 2.59854 -0.65453
-0.0224386 0.014687 0.000689648
136
1
1.6824 2.56663 -0.652615
-0.0233881 0.0153945 -0.00197814
137
1
1.72761 2.53434 -0.646736
-0.0230313 0.016236 -0.00438638
138
1
1.77163 2.50177 -0.636668
-0.0222161 0.0163416 -0.00612364
139
1
1.81437 2.46953 -0.622684
-0.0215447 0.0158262 -0.00767011
140
1
1.85617 2.43768 -0.605086
-0.0211579 0.0154533 -0.00956052
141
1
1.89802 2.40657 -0.583816
-0.021019 0.0155965 -0.0119093
142
1
1.94031 2.3764 -0.558339
-0.0212008 0.0156917 -0.0142708
143
1
1.98271 2.34775 -0.52865
-0.0215894 0.0148743 -0.0161809
144
1
2.0246 2.3213 -0.495376
-0.0219766 0.0130281 -0.0176589
145
1
2.06577 2.29773 -0.459423
-0.0222015 0.0106122 -0.0189046
146
1
2.10606 2.27761 -0.421377
-0.0220695 0.00826298 -0.019977
147
1
2.14479 2.261 -0.381614
-0.0210905 0.00657031 -0.0207157
148
1
2.18073 2.24737 -0.339852
-0.0192531 0.00556264 -0.0216014
149
1
2.21291 2.23633 -0.295548
-0.0168674 0.00483093 -0.022803
150
1
2.24052 2.22739 -0.248936
-0.0142904 0.00415863 -0.0240295
151
1
2.26266 2.22029 -0.200407
-0.0115758 0.0034982 -0.0249498
152
1
2.27907 2.21496 -0.150653
-0.00856732 0.00272872 -0.0255183
153
1
2.28999 2.21152 -0.100395
-0.00537494 0.00176182 -0.0256426
154
1
2.2962 2.20976 -0.0501403
-0.00246692 0.000764014 -0.0253884
155
1
2.29809 2.20916 -3.78334e-015
5.20053e-017 1.85628e-016 -0.0251927
156
1
2.2962 2.20976 0.0501403
0.00246692 -0.000764014 -0.0253884
157
1
2.28999 2.21152 0.100395
0.00537494 -0.00176182 -0.0256426
158
1
2.27907 2.21496 0.150653
0.00856732 -0.00272872 -0.0255183
159
1
2.26266 2.22029 0.200407
0.0115758 -0.0034982 -0.0249498
160
1
2.24052 2.22739 0.248936
0.0142904 -0.00415863 -0.0240295
161
1
2.21291 2.23633 0.295548
0.0168674 -0.00483093 -0.022803
162
1
2.18073 2.24737 0.339852
0.0192531 -0.00556264 -0.0216014
163
1
2.14479 2.261 0.381614
0.0210905 -0.00657031 -0.0207157
164
1
2.10606 2.27761 0.421377
0.0220695 -0.00826298 -0.019977
165
1
2.06577 2.29773 0.459423
0.0222015 -0.0106122 -0.0189046
166
1
2.0246 2.3213 0.495376
0.0219766 -0.0130281 -0.0176589
167
1
1.98271 2.34775 0.52865
0.0215894 -0.0148743 -0.0161809
168
1
1.94031 2.3764 0.558339
0.0212008 -0.0156917 -0.0142708
169
1
1.89802 2.40657 0.583816
0.021019 -0.0155965 -0.0119093
170
1
1.85617 2.43768 0.605086
0.0211579 -0.0154533 -0.00956052
171
1
1.81437 2.46953 0.622684
0.0215447 -0.0158262 -0.00767011
172
1
1.77163 2.50177 0.636668
0.0222161 -0.0163416 -0.00612364
173
1
1.72761 2.53434 0.646736
0.0230313 -0.016236 -0.00438638
174
1
1.6824 2.56663 0.652615
0.0233881 -0.0153945 -0.00197814
175
1
1.63718 2.59854 0.65453
0.0224386 -0.014687 0.000689648
176
1
1.5931 2.63037 0.653453
0.020783 -0.0150017 0.00253091
177
1
1.55056 2.66309 0.650152
0.0197725 -0.0163904 0.00337097
178
1
1.50986 2.69801 0.64499
0.0190956 -0.0182756 0.00398831
179
1
1.47179 2.736 0.638453
0.0177706 -0.0199313 0.00470729
180
1
1.43686 2.77699 0.631255
0.0160967 -0.0211918 0.00514854
181
1
1.40498 2.8205 0.624054
0.0144752 -0.0223088 0.00502967
182
1
1.37602 2.8664 0.61728
0.0125995 -0.023343 0.00430248
183
1
1.34991 2.91475 0.611905
0.0108598 -0.0244993 0.00307504
184
1
1.32581 2.96534 0.609288
0.0101473 -0.0257627 0.00140722
185
1
1.30228 3.01764 0.610443
0.010171 -0.026604 -0.000923755
186
1
1.27819 3.07122 0.615758
0.0104529 -0.0269649 -0.00383844
187
1
1.25276 3.12597 0.625895
0.0117636 -0.027497 -0.00668065
188
1
1.22448 3.18128 0.641493
0.0141129 -0.0278173 -0.00935305
189
1
1.19236 3.23661 0.66217
0.0163315 -0.0275057 -0.0123109
190
1
1.15601 3.29174 0.688182
0.0187259 -0.0271753 -0.0151812
191
1
1.1145 3.34638 0.719307
0.0217047 -0.0270982 -0.0171703
192
1
1.06722 3.39996 0.754467
0.024988 -0.0268202 -0.0196246
193
1
1.01318 3.45274 0.792872
0.0285146 -0.0267643 -0.021171
