194
0
1
0.857251 2.47732 1.61729
0.0329134 -0.0226328 -0.0218875
1
1
0.791261 2.5211 1.65935
0.0355353 -0.0221155 -0.0211083
2
1
0.718589 2.56377 1.69988
0.0379524 -0.0212025 -0.0199462
3
1
0.639804 2.60437 1.73752
0.0409159 -0.0202801 -0.0185973
4
1
0.554579 2.64185 1.77032
0.0436053 -0.0176362 -0.0155475
5
1
0.463292 2.67417 1.79759
0.0465451 -0.0143351 -0.01256
6
1
0.366448 2.70022 1.81921
0.0495122 -0.0107899 -0.009519
7
1
0.264944 2.7195 1.83523
0.0517332 -0.00728603 -0.00686496
8
1
0.160194 2.73277 1.84605
0.0529883 -0.00479757 -0.00412406
9
1
0.0536024 2.74019 1.85154
0.0536345 -0.00188218 -0.00121657
10
1
-0.0536024 2.74019 1.85154
0.0536345 0.00188218 0.00121657
11
1
-0.160194 2.73277 1.84605
0.0529883 0.00479757 0.00412406
12
1
-0.264944 2.7195 1.83523
0.0517332 0.00728603 0.00686496
13
1
-0.366448 2.70022 1.81921
0.0495122 0.0107899 0.009519
14
1
-0.463292 2.67417 1.79759
0.0465451 0.0143351 0.01256
15
1
-0.554579 2.64185 1.77032
0.0436053 0.0176362 0.0155475
16
1
-0.639804 2.60437 1.73752
0.0409159 0.0202801 0.0185973
17
1
-0.718589 2.56377 1.69988
0.0379524 0.0212025 0.0199462
18
1
-0.791261 2.5211 1.65935
0.0355353 0.0221155 0.0211083
19
1
-0.857251 2.47732 1.61729
0.0329134 0.0226328 0.0218875
20
1
-0.915928 2.43287 1.57494
0.028448 0.0225286 0.0214002
21
1
-0.967185 2.38768 1.53229
0.0241642 0.0226918 0.021847
22
1
-1.01148 2.34222 1.48929
0.0202909 0.0227934 0.0220537
23
1
-1.04947 2.29663 1.44553
0.0172751 0.0227535 0.0222215
24
1
-1.08196 2.25114 1.40145
0.014448 0.0226494 0.0223858
25
1
-1.11022 2.20623 1.35722
0.0126454 0.0223772 0.0226628
26
1
-1.13463 2.16203 1.31268
0.0112572 0.0219237 0.0223814
27
1
-1.15527 2.11807 1.26876
0.009634 0.0215464 0.0218697
28
1
-1.17246 2.07449 1.2256
0.00778396 0.0213295 0.021867
29
1
-1.18577 2.03134 1.18289
0.00554881 0.0214235 0.0215812
30
1
-1.19459 1.98829 1.14081
0.00303871 0.0219077 0.0204971
31
1
-1.19887 1.94524 1.09957
0.000784685 0.022282 0.0195397
32
1
-1.19886 1.90279 1.05876
-0.00120745 0.0220162 0.0193593
33
1
-1.19423 1.86183 1.01774
-0.00346075 0.021106 0.0195923
34
1
-1.18445 1.82268 0.976553
-0.00603787 0.0199178 0.0198143
35
1
-1.16973 1.78525 0.935524
-0.00840805 0.018719 0.0200655
36
1
-1.15108 1.74933 0.894634
-0.0102165 0.0175135 0.0205247
37
1
-1.12947 1.7152 0.853293
-0.011572 0.0162572 0.0211707
38
1
-1.10533 1.68311 0.811148
-0.0127043 0.0150228 0.0218206
39
1
-1.07863 1.65299 0.768432
-0.0137357 0.0139573 0.0222921
40
1
-1.04962 1.62422 0.725682
-0.0147399 0.0131367 0.0224922
41
1
-1.0189 1.59618 0.683122
-0.0157868 0.0125409 0.0223921
42
1
-0.987099 1.56878 0.640577
-0.0169188 0.0121001 0.0219998
43
1
-0.954219 1.5427 0.597814
-0.0181063 0.0117172 0.0213668
44
1
-0.919694 1.51881 0.555047
-0.0192706 0.0112623 0.0205817
45
1
-0.882814 1.49772 0.513001
-0.0203211 0.010596 0.0197318
46
1
-0.843327 1.47934 0.472559
-0.0211682 0.00965656 0.0188914
47
1
-0.801718 1.46316 0.434152
-0.0217383 0.00847566 0.0181554
48
1
-0.759062 1.44862 0.397433
-0.0219845 0.00716376 0.0176235
49
1
-0.716617 1.43551 0.361486
-0.0218561 0.00589777 0.0173677
50
1
-0.675599 1.42394 0.325319
-0.0212903 0.00480956 0.0174077
51
1
-0.637003 1.41412 0.288272
-0.020237 0.00397378 0.0177175
52
1
-0.601722 1.40611 0.250051
-0.0186695 0.0033552 0.0182424
53
1
-0.570563 1.39976 0.210608
-0.0165802 0.00287474 0.0189125
54
1
-0.544196 1.39485 0.170029
-0.0139904 0.00245148 0.0196443
55
1
-0.523224 1.39119 0.128446
-0.0109467 0.00199328 0.0203428
56
1
-0.508049 1.38861 0.0860724
-0.00752325 0.00143423 0.020918
57
1
-0.498887 1.3871 0.0431576
-0.00382915 0.000755338 0.0213001
58
1
-0.495793 1.38655 -1.29364e-015
3.22089e-017 -1.61221e-016 0.0214397
59
1
-0.498887 1.3871 -0.0431576
0.00382915 -0.000755338 0.0213001
60
1
-0.508049 1.38861 -0.0860724
0.00752325 -0.00143423 0.020918
61
1
-0.523224 1.39119 -0.128446
0.0109467 -0.00199328 0.0203428
62
1
-0.544196 1.39485 -0.170029
0.0139904 -0.00245148 0.0196443
63
1
-0.570563 1.39976 -0.210608
0.0165802 -0.00287474 0.0189125
64
1
-0.601722 1.40611 -0.250051
0.0186695 -0.0033552 0.0182424
65
1
-0.637003 1.41412 -0.288272
0.020237 -0.00397378 0.0177175
66
1
-0.675599 1.42394 -0.325319
0.0212903 -0.00480956 0.0174077
67
1
-0.716617 1.43551 -0.361486
0.0218561 -0.00589777 0.0173677
68
1
-0.759062 1.44862 -0.397433
0.0219845 -0.00716376 0.0176235
69
1
-0.801718 1.46316 -0.434152
0.0217383 -0.00847566 0.0181554
70
1
-0.843327 1.47934 -0.472559
0.0211682 -0.00965656 0.0188914
71
1
-0.882814 1.49772 -0.513001
0.0203211 -0.010596 0.0197318
72
1
-0.919694 1.51881 -0.555047
0.0192706 -0.0112623 0.0205817
73
1
-0.954219 1.5427 -0.597814
0.0181063 -0.0117172 0.0213668
74
1
-0.987099 1.56878 -0.640577
0.0169188 -0.0121001 0.0219998
75
1
-1.0189 1.59618 -0.683122
0.0157868 -0.0125409 0.0223921
76
1
-1.04962 1.62422 -0.725682
0.0147399 -0.0131367 0.0224922
77
1
-1.07863 1.65299 -0.768432
0.0137357 -0.0139573 0.0222921
78
1
-1.10533 1.68311 -0.811148
0.0127043 -0.0150228 0.0218206
79
1
-1.12947 1.7152 -0.853293
0.011572 -0.0162572 0.0211707
80
1
-1.15108 1.74933 -0.894634
0.0102165 -0.0175135 0.0205247
81
1
-1.16973 1.78525 -0.935524
0.00840805 -0.018719 0.0200655
82
1
-1.18445 1.82268 -0.976553
0.00603787 -0.0199178 0.0198143
83
1
-1.19423 1.86183 -1.01774
0.00346075 -0.021106 0.0195923
84
1
-1.19886 1.90279 -1.05876
0.00120745 -0.0220162 0.0193593
85
1
-1.19887 1.94524 -1.09957
-0.000784685 -0.022282 0.0195397
86
1
-1.19459 1.98829 -1.14081
-0.00303871 -0.0219077 0.0204971
87
1
-1.18577 2.03134 -1.18289
-0.00554881 -0.0214235 0.0215812
88
1
-1.17246 2.07449 -1.2256
-0.00778396 -0.0213295 0.021867
89
1
-1.15527 2.11807 -1.26876
-0.009634 -0.0215464 0.0218697
90
1
-1.13463 2.16203 -1.31268
-0.0112572 -0.0219237 0.0223814
91
1
-1.11022 2.20623 -1.35722
-0.0126454 -0.0223772 0.0226628
92
1
-1.08196 2.25114 -1.40145
-0.014448 -0.0226494 0.0223858
93
1
-1.04947 2.29663 -1.44553
-0.0172751 -0.0227535 0.0222215
94
1
-1.01148 2.34222 -1.48929
-0.0202909 -0.0227934 0.0220537
95
1
-0.967185 2.38768 -1.53229
-0.0241642 -0.0226918 0.021847
96
1
-0.915928 2.43287 -1.57494
-0.028448 -0.0225286 0.0214002
97
1
-0.857251 2.47732 -1.61729
-0.0329134 -0.0226328 0.0218875
98
1
-0.791261 2.5211 -1.65935
-0.0355353 -0.0221155 0.0211083
99
1
-0.718589 2.56377 -1.69988
-0.0379524 -0.0212025 0.0199462
100
1
-0.639804 2.60437 -1.73752
-0.0409159 -0.0202801 0.0185973
101
1
-0.554579 2.64185 -1.77032
-0.0436053 -0.0176362 0.0155475
102
1
-0.463292 2.67417 -1.79759
-0.0465451 -0.0143351 0.01256
103
1
-0.366448 2.70022 -1.81921
-0.0495122 -0.0107899 0.009519
104
1
-0.264944 2.7195 -1.83523
-0.0517332 -0.00728603 0.00686496
105
1
-0.160194 2.73277 -1.84605
-0.0529883 -0.00479757 0.00412406
106
1
-0.0536024 2.74019 -1.85154
-0.0536345 -0.00188218 0.00121657
107
1
0.0536024 2.74019 -1.85154
-0.0536345 0.00188218 -0.00121657
108
1
0.160194 2.73277 -1.84605
-0.0529883 0.00479757 -0.00412406
109
1
0.264944 2.7195 -1.83523
-0.0517332 0.00728603 -0.00686496
110
1
0.366448 2.70022 -1.81921
-0.0495122 0.0107899 -0.009519
111
1
0.463292 2.67417 -1.79759
-0.0465451 0.0143351 -0.01256
112
1
0.554579 2.64185 -1.77032
-0.0436053 0.0176362 -0.0155475
113
1
0.639804 2.60437 -1.73752
-0.0409159 0.0202801 -0.0185973
114
1
0.718589 2.56377 -1.69988
-0.0379524 0.0212025 -0.0199462
115
1
0.791261 2.5211 -1.65935
-0.0355353 0.0221155 -0.0211083
116
1
0.857251 2.47732 -1.61729
-0.0329134 0.0226328 -0.0218875
117
1
0.915928 2.43287 -1.57494
-0.028448 0.0225286 -0.0214002
118
1
0.967185 2.38768 -1.53229
-0.0241642 0.0226918 -0.021847
119
1
1.01148 2.34222 -1.48929
-0.0202909 0.0227934 -0.0220537
120
1
1.04947 2.29663 -1.44553
-0.0172751 0.0227535 -0.0222215
121
1
1.08196 2.25114 -1.40145
-0.014448 0.0226494 -0.0223858
122
1
1.11022 2.20623 -1.35722
-0.0126454 0.0223772 -0.0226628
123
1
1.13463 2.16203 -1.31268
-0.0112572 0.0219237 -0.0223814
124
1
1.15527 2.11807 -1.26876
-0.009634 0.0215464 -0.0218697
125
1
1.17246 2.07449 -1.2256
-0.00778396 0.0213295 -0.021867
126
1
1.18577 2.03134 -1.18289
-0.00554881 0.0214235 -0.0215812
127
1
1.19459 1.98829 -1.14081
-0.00303871 0.0219077 -0.0204971
128
1
1.19887 1.94524 -1.09957
-0.000784685 0.022282 -0.0195397
129
1
1.19886 1.90279 -1.05876
0.00120745 0.0220162 -0.0193593
130
1
1.19423 1.86183 -1.01774
0.00346075 0.021106 -0.0195923
131
1
1.18445 1.82268 -0.976553
0.00603787 0.0199178 -0.0198143
132
1
1.16973 1.78525 -0.935524
0.00840805 0.018719 -0.0200655
133
1
1.15108 1.74933 -0.894634
0.0102165 0.0175135 -0.0205247
134
1
1.12947 1.7152 -0.853293
0.011572 0.0162572 -0.0211707
135
1
1.10533 1.68311 -0.811148
0.0127043 0.0150228 -0.0218206
136
1
1.07863 1.65299 -0.768432
0.0137357 0.0139573 -0.0222921
137
1
1.04962 1.62422 -0.725682
0.0147399 0.0131367 -0.0224922
138
1
1.0189 1.59618 -0.683122
0.0157868 0.0125409 -0.0223921
139
1
0.987099 1.56878 -0.640577
0.0169188 0.0121001 -0.0219998
140
1
0.954219 1.5427 -0.597814
0.0181063 0.0117172 -0.0213668
141
1
0.919694 1.51881 -0.555047
0.0192706 0.0112623 -0.0205817
142
1
0.882814 1.49772 -0.513001
0.0203211 0.010596 -0.0197318
143
1
0.843327 1.47934 -0.472559
0.0211682 0.00965656 -0.0188914
144
1
0.801718 1.46316 -0.434152
0.0217383 0.00847566 -0.0181554
145
1
0.759062 1.44862 -0.397433
0.0219845 0.00716376 -0.0176235
146
1
0.716617 1.43551 -0.361486
0.0218561 0.00589777 -0.0173677
147
1
0.675599 1.42394 -0.325319
0.0212903 0.00480956 -0.0174077
148
1
0.637003 1.41412 -0.288272
0.020237 0.00397378 -0.0177175
149
1
0.601722 1.40611 -0.250051
0.0186695 0.0033552 -0.0182424
150
1
0.570563 1.39976 -0.210608
0.0165802 0.00287474 -0.0189125
151
1
0.544196 1.39485 -0.170029
0.0139904 0.00245148 -0.0196443
152
1
0.523224 1.39119 -0.128446
0.0109467 0.00199328 -0.0203428
153
1
0.508049 1.38861 -0.0860724
0.00752325 0.00143423 -0.020918
154
1
0.498887 1.3871 -0.0431576
0.00382915 0.000755338 -0.0213001
155
1
0.495793 1.38655 -9.75457e-016
4.89028e-017 1.1648e-016 -0.0214397
156
1
0.498887 1.3871 0.0431576
-0.00382915 -0.000755338 -0.0213001
157
1
0.508049 1.38861 0.0860724
-0.00752325 -0.00143423 -0.020918
158
1
0.523224 1.39119 0.128446
-0.0109467 -0.00199328 -0.0203428
159
1
0.544196 1.39485 0.170029
-0.0139904 -0.00245148 -0.0196443
160
1
0.570563 1.39976 0.210608
-0.0165802 -0.00287474 -0.0189125
161
1
0.601722 1.40611 0.250051
-0.0186695 -0.0033552 -0.0182424
162
1
0.637003 1.41412 0.288272
-0.020237 -0.00397378 -0.0177175
163
1
0.675599 1.42394 0.325319
-0.0212903 -0.00480956 -0.0174077
164
1
0.716617 1.43551 0.361486
-0.0218561 -0.00589777 -0.0173677
165
1
0.759062 1.44862 0.397433
-0.0219845 -0.00716376 -0.0176235
166
1
0.801718 1.46316 0.434152
-0.0217383 -0.00847566 -0.0181554
167
1
0.843327 1.47934 0.472559
-0.0211682 -0.00965656 -0.0188914
168
1
0.882814 1.49772 0.513001
-0.0203211 -0.010596 -0.0197318
169
1
0.919694 1.51881 0.555047
-0.0192706 -0.0112623 -0.0205817
170
1
0.954219 1.5427 0.597814
-0.0181063 -0.0117172 -0.0213668
171
1
0.987099 1.56878 0.640577
-0.0169188 -0.0121001 -0.0219998
172
1
1.0189 1.59618 0.683122
-0.0157868 -0.0125409 -0.0223921
173
1
1.04962 1.62422 0.725682
-0.0147399 -0.0131367 -0.0224922
174
1
1.07863 1.65299 0.768432
-0.0137357 -0.0139573 -0.0222921
175
1
1.10533 1.68311 0.811148
-0.0127043 -0.0150228 -0.0218206
176
1
1.12947 1.7152 0.853293
-0.011572 -0.0162572 -0.0211707
177
1
1.15108 1.74933 0.894634
-0.0102165 -0.0175135 -0.0205247
178
1
1.16973 1.78525 0.935524
-0.00840805 -0.018719 -0.0200655
179
1
1.18445 1.82268 0.976553
-0.00603787 -0.0199178 -0.0198143
180
1
1.19423 1.86183 1.01774
-0.00346075 -0.021106 -0.0195923
181
1
1.19886 1.90279 1.05876
-0.00120745 -0.0220162 -0.0193593
182
1
1.19887 1.94524 1.09957
0.000784685 -0.022282 -0.0195397
183
1
1.19459 1.98829 1.14081
0.00303871 -0.0219077 -0.0204971
184
1
1.18577 2.03134 1.18289
0.00554881 -0.0214235 -0.0215812
185
1
1.17246 2.07449 1.2256
0.00778396 -0.0213295 -0.021867
186
1
1.15527 2.11807 1.26876
0.009634 -0.0215464 -0.0218697
187
1
1.13463 2.16203 1.31268
0.0112572 -0.0219237 -0.0223814
188
1
1.11022 2.20623 1.35722
0.0126454 -0.0223772 -0.0226628
189
1
1.08196 2.25114 1.40145
0.014448 -0.0226494 -0.0223858
190
1
1.04947 2.29663 1.44553
0.0172751 -0.0227535 -0.0222215
191
1
1.01148 2.34222 1.48929
0.0202909 -0.0227934 -0.0220537
192
1
0.967185 2.38768 1.53229
0.0241642 -0.0226918 -0.021847
193
1
0.915928 2.43287 1.57494
0.028448 -0.0225286 -0.0214002
