194
0
1
0.880434 2.67628 1.45711
0.032854 -0.0229623 -0.0229947
1
1
0.813156 2.72024 1.49934
0.0359602 -0.0225543 -0.020897
2
1
0.738424 2.76285 1.53838
0.0392117 -0.0213526 -0.0183563
3
1
0.656614 2.80312 1.57295
0.0428226 -0.020075 -0.0161805
4
1
0.568107 2.83974 1.60345
0.0456149 -0.0169312 -0.0140972
5
1
0.473511 2.87093 1.62982
0.0481427 -0.0137347 -0.0127719
6
1
0.373726 2.89574 1.65226
0.0506355 -0.0106101 -0.0110348
7
1
0.26998 2.91444 1.67025
0.0525902 -0.00741995 -0.00857539
8
1
0.163243 2.92696 1.68282
0.0538976 -0.0045035 -0.00477548
9
1
0.054626 2.93307 1.68925
0.0546769 -0.00145666 -0.00120851
10
1
-0.054626 2.93307 1.68925
0.0546769 0.00145666 0.00120851
11
1
-0.163243 2.92696 1.68282
0.0538976 0.0045035 0.00477548
12
1
-0.26998 2.91444 1.67025
0.0525902 0.00741995 0.00857539
13
1
-0.373726 2.89574 1.65226
0.0506355 0.0106101 0.0110348
14
1
-0.473511 2.87093 1.62982
0.0481427 0.0137347 0.0127719
15
1
-0.568107 2.83974 1.60345
0.0456149 0.0169312 0.0140972
16
1
-0.656614 2.80312 1.57295
0.0428226 0.020075 0.0161805
17
1
-0.738424 2.76285 1.53838
0.0392117 0.0213526 0.0183563
18
1
-0.813156 2.72024 1.49934
0.0359602 0.0225543 0.020897
19
1
-0.880434 2.67628 1.45711
0.032854 0.0229623 0.0229947
20
1
-0.940173 2.63179 1.41339
0.0287061 0.0225261 0.0227528
21
1
-0.993039 2.58668 1.36938
0.0251334 0.0227611 0.0224233
22
1
-1.0394 2.54097 1.32577
0.0219218 0.0229697 0.0217737
23
1
-1.08035 2.49491 1.28262
0.01926 0.0230325 0.0214211
24
1
-1.11604 2.44907 1.23947
0.0162309 0.0231944 0.0213345
25
1
-1.14648 2.40344 1.19595
0.0136872 0.0230267 0.021961
26
1
-1.17249 2.3582 1.15196
0.011425 0.0224617 0.0224535
27
1
-1.19415 2.31384 1.10716
0.0091453 0.0220522 0.0225686
28
1
-1.21132 2.26989 1.062
0.00706145 0.0219197 0.0229459
29
1
-1.22484 2.22596 1.01706
0.00548821 0.0219291 0.0229555
30
1
-1.23558 2.18209 0.972638
0.00445511 0.0220977 0.0221086
31
1
-1.24357 2.13846 0.92886
0.00347595 0.0221289 0.021371
32
1
-1.24826 2.09507 0.886002
0.00200629 0.0219338 0.0210975
33
1
-1.24927 2.05185 0.844383
-8.61053e-005 0.0218528 0.0204939
34
1
-1.2462 2.0088 0.804023
-0.00247233 0.0220626 0.0193171
35
1
-1.23859 1.96597 0.765037
-0.00471824 0.0222075 0.0182028
36
1
-1.22617 1.92363 0.727662
-0.00678689 0.0218345 0.0175612
37
1
-1.20938 1.88188 0.692123
-0.00891841 0.0209255 0.0172307
38
1
-1.18902 1.84097 0.658074
-0.0111223 0.0198085 0.0169863
39
1
-1.16579 1.80118 0.624726
-0.0131129 0.0187982 0.0168101
40
1
-1.13995 1.7628 0.591489
-0.0146577 0.0179815 0.0167584
41
1
-1.11174 1.72565 0.558363
-0.0157536 0.0173696 0.0167838
42
1
-1.08177 1.68915 0.525578
-0.0165114 0.0170163 0.0167396
43
1
-1.05106 1.6526 0.493182
-0.0169927 0.0170014 0.016481
44
1
-1.02049 1.61583 0.460898
-0.0171829 0.0173388 0.0159563
45
1
-0.990377 1.57909 0.428561
-0.0170579 0.017951 0.0152021
46
1
-0.960451 1.54276 0.396466
-0.0166218 0.0186567 0.0143268
47
1
-0.930493 1.50685 0.365315
-0.0159058 0.0192487 0.0134691
48
1
-0.900799 1.47112 0.335653
-0.0149406 0.0195484 0.0127863
49
1
-0.872419 1.43531 0.307349
-0.0137475 0.0194857 0.0124524
50
1
-0.846632 1.39971 0.279514
-0.0123324 0.0190316 0.0126129
51
1
-0.824398 1.36519 0.250885
-0.0106808 0.0182207 0.0133528
52
1
-0.806132 1.33299 0.220468
-0.00882053 0.0169206 0.0145751
53
1
-0.791797 1.30426 0.187785
-0.00682053 0.0150459 0.0160616
54
1
-0.781034 1.27997 0.152831
-0.00480122 0.0126407 0.0175274
55
1
-0.773362 1.26069 0.116003
-0.00293839 0.00982741 0.0187114
56
1
-0.768274 1.24678 0.0778583
-0.00146018 0.00672193 0.0194351
57
1
-0.76534 1.23827 0.0390402
-0.000533047 0.00340525 0.019732
58
1
-0.764249 1.23542 -3.76713e-015
-2.04474e-017 9.99731e-017 0.019789
59
1
-0.76534 1.23827 -0.0390402
0.000533047 -0.00340525 0.019732
60
1
-0.768274 1.24678 -0.0778583
0.00146018 -0.00672193 0.0194351
61
1
-0.773362 1.26069 -0.116003
0.00293839 -0.00982741 0.0187114
62
1
-0.781034 1.27997 -0.152831
0.00480122 -0.0126407 0.0175274
63
1
-0.791797 1.30426 -0.187785
0.00682053 -0.0150459 0.0160616
64
1
-0.806132 1.33299 -0.220468
0.00882053 -0.0169206 0.0145751
65
1
-0.824398 1.36519 -0.250885
0.0106808 -0.0182207 0.0133528
66
1
-0.846632 1.39971 -0.279514
0.0123324 -0.0190316 0.0126129
67
1
-0.872419 1.43531 -0.307349
0.0137475 -0.0194857 0.0124524
68
1
-0.900799 1.47112 -0.335653
0.0149406 -0.0195484 0.0127863
69
1
-0.930493 1.50685 -0.365315
0.0159058 -0.0192487 0.0134691
70
1
-0.960451 1.54276 -0.396466
0.0166218 -0.0186567 0.0143268
71
1
-0.990377 1.57909 -0.428561
0.0170579 -0.017951 0.0152021
72
1
-1.02049 1.61583 -0.460898
0.0171829 -0.0173388 0.0159563
73
1
-1.05106 1.6526 -0.493182
0.0169927 -0.0170014 0.016481
74
1
-1.08177 1.68915 -0.525578
0.0165114 -0.0170163 0.0167396
75
1
-1.11174 1.72565 -0.558363
0.0157536 -0.0173696 0.0167838
76
1
-1.13995 1.7628 -0.591489
0.0146577 -0.0179815 0.0167584
77
1
-1.16579 1.80118 -0.624726
0.0131129 -0.0187982 0.0168101
78
1
-1.18902 1.84097 -0.658074
0.0111223 -0.0198085 0.0169863
79
1
-1.20938 1.88188 -0.692123
0.00891841 -0.0209255 0.0172307
80
1
-1.22617 1.92363 -0.727662
0.00678689 -0.0218345 0.0175612
81
1
-1.23859 1.96597 -0.765037
0.00471824 -0.0222075 0.0182028
82
1
-1.2462 2.0088 -0.804023
0.00247233 -0.0220626 0.0193171
83
1
-1.24927 2.05185 -0.844383
8.61053e-005 -0.0218528 0.0204939
84
1
-1.24826 2.09507 -0.886002
-0.00200629 -0.0219338 0.0210975
85
1
-1.24357 2.13846 -0.92886
-0.00347595 -0.0221289 0.021371
86
1
-1.23558 2.18209 -0.972638
-0.00445511 -0.0220977 0.0221086
87
1
-1.22484 2.22596 -1.01706
-0.00548821 -0.0219291 0.0229555
88
1
-1.21132 2.26989 -1.062
-0.00706145 -0.0219197 0.0229459
89
1
-1.19415 2.31384 -1.10716
-0.0091453 -0.0220522 0.0225686
90
1
-1.17249 2.3582 -1.15196
-0.011425 -0.0224617 0.0224535
91
1
-1.14648 2.40344 -1.19595
-0.0136872 -0.0230267 0.021961
92
1
-1.11604 2.44907 -1.23947
-0.0162309 -0.0231944 0.0213345
93
1
-1.08035 2.49491 -1.28262
-0.01926 -0.0230325 0.0214211
94
1
-1.0394 2.54097 -1.32577
-0.0219218 -0.0229697 0.0217737
95
1
-0.993039 2.58668 -1.36938
-0.0251334 -0.0227611 0.0224233
96
1
-0.940173 2.63179 -1.41339
-0.0287061 -0.0225261 0.0227528
97
1
-0.880434 2.67628 -1.45711
-0.032854 -0.0229623 0.0229947
98
1
-0.813156 2.72024 -1.49934
-0.0359602 -0.0225543 0.020897
99
1
-0.738424 2.76285 -1.53838
-0.0392117 -0.0213526 0.0183563
100
1
-0.656614 2.80312 -1.57295
-0.0428226 -0.020075 0.0161805
101
1
-0.568107 2.83974 -1.60345
-0.0456149 -0.0169312 0.0140972
102
1
-0.473511 2.87093 -1.62982
-0.0481427 -0.0137347 0.0127719
103
1
-0.373726 2.89574 -1.65226
-0.0506355 -0.0106101 0.0110348
104
1
-0.26998 2.91444 -1.67025
-0.0525902 -0.00741995 0.00857539
105
1
-0.163243 2.92696 -1.68282
-0.0538976 -0.0045035 0.00477548
106
1
-0.054626 2.93307 -1.68925
-0.0546769 -0.00145666 0.00120851
107
1
0.054626 2.93307 -1.68925
-0.0546769 0.00145666 -0.00120851
108
1
0.163243 2.92696 -1.68282
-0.0538976 0.0045035 -0.00477548
109
1
0.26998 2.91444 -1.67025
-0.0525902 0.00741995 -0.00857539
110
1
0.373726 2.89574 -1.65226
-0.0506355 0.0106101 -0.0110348
111
1
0.473511 2.87093 -1.62982
-0.0481427 0.0137347 -0.0127719
112
1
0.568107 2.83974 -1.60345
-0.0456149 0.0169312 -0.0140972
113
1
0.656614 2.80312 -1.57295
-0.0428226 0.020075 -0.0161805
114
1
0.738424 2.76285 -1.53838
-0.0392117 0.0213526 -0.0183563
115
1
0.813156 2.72024 -1.49934
-0.0359602 0.0225543 -0.020897
116
1
0.880434 2.67628 -1.45711
-0.032854 0.0229623 -0.0229947
117
1
0.940173 2.63179 -1.41339
-0.0287061 0.0225261 -0.0227528
118
1
0.993039 2.58668 -1.36938
-0.0251334 0.0227611 -0.0224233
119
1
1.0394 2.54097 -1.32577
-0.0219218 0.0229697 -0.0217737
120
1
1.08035 2.49491 -1.28262
-0.01926 0.0230325 -0.0214211
121
1
1.11604 2.44907 -1.23947
-0.0162309 0.0231944 -0.0213345
122
1
1.14648 2.40344 -1.19595
-0.0136872 0.0230267 -0.021961
123
1
1.17249 2.3582 -1.15196
-0.011425 0.0224617 -0.0224535
124
1
1.19415 2.31384 -1.10716
-0.0091453 0.0220522 -0.0225686
125
1
1.21132 2.26989 -1.062
-0.00706145 0.0219197 -0.0229459
126
1
1.22484 2.22596 -1.01706
-0.00548821 0.0219291 -0.0229555
127
1
1.23558 2.18209 -0.972638
-0.00445511 0.0220977 -0.0221086
128
1
1.24357 2.13846 -0.92886
-0.00347595 0.0221289 -0.021371
129
1
1.24826 2.09507 -0.886002
-0.00200629 0.0219338 -0.0210975
130
1
1.24927 2.05185 -0.844383
8.61053e-005 0.0218528 -0.0204939
131
1
1.2462 2.0088 -0.804023
0.00247233 0.0220626 -0.0193171
132
1
1.23859 1.96597 -0.765037
0.00471824 0.0222075 -0.0182028
133
1
1.22617 1.92363 -0.727662
0.00678689 0.0218345 -0.0175612
134
1
1.20938 1.88188 -0.692123
0.00891841 0.0209255 -0.0172307
135
1
1.18902 1.84097 -0.658074
0.0111223 0.0198085 -0.0169863
136
1
1.16579 1.80118 -0.624726
0.0131129 0.0187982 -0.0168101
137
1
1.13995 1.7628 -0.591489
0.0146577 0.0179815 -0.0167584
138
1
1.11174 1.72565 -0.558363
0.0157536 0.0173696 -0.0167838
139
1
1.08177 1.68915 -0.525578
0.0165114 0.0170163 -0.0167396
140
1
1.05106 1.6526 -0.493182
0.0169927 0.0170014 -0.016481
141
1
1.02049 1.61583 -0.460898
0.0171829 0.0173388 -0.0159563
142
1
0.990377 1.57909 -0.428561
0.0170579 0.017951 -0.0152021
143
1
0.960451 1.54276 -0.396466
0.0166218 0.0186567 -0.0143268
144
1
0.930493 1.50685 -0.365315
0.0159058 0.0192487 -0.0134691
145
1
0.900799 1.47112 -0.335653
0.0149406 0.0195484 -0.0127863
146
1
0.872419 1.43531 -0.307349
0.0137475 0.0194857 -0.0124524
147
1
0.846632 1.39971 -0.279514
0.0123324 0.0190316 -0.0126129
148
1
0.824398 1.36519 -0.250885
0.0106808 0.0182207 -0.0133528
149
1
0.806132 1.33299 -0.220468
0.00882053 0.0169206 -0.0145751
150
1
0.791797 1.30426 -0.187785
0.00682053 0.0150459 -0.0160616
151
1
0.781034 1.27997 -0.152831
0.00480122 0.0126407 -0.0175274
152
1
0.773362 1.26069 -0.116003
0.00293839 0.00982741 -0.0187114
153
1
0.768274 1.24678 -0.0778583
0.00146018 0.00672193 -0.0194351
154
1
0.76534 1.23827 -0.0390402
0.000533047 0.00340525 -0.019732
155
1
0.764249 1.23542 -2.33675e-015
-2.4147e-017 7.76627e-017 -0.019789
156
1
0.76534 1.23827 0.0390402
-0.000533047 -0.00340525 -0.019732
157
1
0.768274 1.24678 0.0778583
-0.00146018 -0.00672193 -0.0194351
158
1
0.773362 1.26069 0.116003
-0.00293839 -0.00982741 -0.0187114
159
1
0.781034 1.27997 0.152831
-0.00480122 -0.0126407 -0.0175274
160
1
0.791797 1.30426 0.187785
-0.00682053 -0.0150459 -0.0160616
161
1
0.806132 1.33299 0.220468
-0.00882053 -0.0169206 -0.0145751
162
1
0.824398 1.36519 0.250885
-0.0106808 -0.0182207 -0.0133528
163
1
0.846632 1.39971 0.279514
-0.0123324 -0.0190316 -0.0126129
164
1
0.872419 1.43531 0.307349
-0.0137475 -0.0194857 -0.0124524
165
1
0.900799 1.47112 0.335653
-0.0149406 -0.0195484 -0.0127863
166
1
0.930493 1.50685 0.365315
-0.0159058 -0.0192487 -0.0134691
167
1
0.960451 1.54276 0.396466
-0.0166218 -0.0186567 -0.0143268
168
1
0.990377 1.57909 0.428561
-0.0170579 -0.017951 -0.0152021
169
1
1.02049 1.61583 0.460898
-0.0171829 -0.0173388 -0.0159563
170
1
1.05106 1.6526 0.493182
-0.0169927 -0.0170014 -0.016481
171
1
1.08177 1.68915 0.525578
-0.0165114 -0.0170163 -0.0167396
172
1
1.11174 1.72565 0.558363
-0.0157536 -0.0173696 -0.0167838
173
1
1.13995 1.7628 0.591489
-0.0146577 -0.0179815 -0.0167584
174
1
1.16579 1.80118 0.624726
-0.0131129 -0.0187982 -0.0168101
175
1
1.18902 1.84097 0.658074
-0.0111223 -0.0198085 -0.0169863
176
1
1.20938 1.88188 0.692123
-0.00891841 -0.0209255 -0.0172307
177
1
1.22617 1.92363 0.727662
-0.00678689 -0.0218345 -0.0175612
178
1
1.23859 1.96597 0.765037
-0.00471824 -0.0222075 -0.0182028
179
1
1.2462 2.0088 0.804023
-0.00247233 -0.0220626 -0.0193171
180
1
1.24927 2.05185 0.844383
-8.61053e-005 -0.0218528 -0.0204939
181
1
1.24826 2.09507 0.886002
0.00200629 -0.0219338 -0.0210975
182
1
1.24357 2.13846 0.92886
0.00347595 -0.0221289 -0.021371
183
1
1.23558 2.18209 0.972638
0.00445511 -0.0220977 -0.0221086
184
1
1.22484 2.22596 1.01706
0.00548821 -0.0219291 -0.0229555
185
1
1.21132 2.26989 1.062
0.00706145 -0.0219197 -0.0229459
186
1
1.19415 2.31384 1.10716
0.0091453 -0.0220522 -0.0225686
187
1
1.17249 2.3582 1.15196
0.011425 -0.0224617 -0.0224535
188
1
1.14648 2.40344 1.19595
0.0136872 -0.0230267 -0.021961
189
1
1.11604 2.44907 1.23947
0.0162309 -0.0231944 -0.0213345
190
1
1.08035 2.49491 1.28262
0.01926 -0.0230325 -0.0214211
191
1
1.0394 2.54097 1.32577
0.0219218 -0.0229697 -0.0217737
192
1
0.993039 2.58668 1.36938
0.0251334 -0.0227611 -0.0224233
193
1
0.940173 2.63179 1.41339
0.0287061 -0.0225261 -0.0227528
