194
0
1
1.16952 6.05041 1.08299
0.0226242 -0.0124155 0.0371141
1
1
1.12374 6.07344 1.00777
0.0236432 -0.0110074 0.0401938
2
1
1.07674 6.09216 0.920413
0.0238547 -0.00868125 0.0462104
3
1
1.03017 6.10277 0.822614
0.0243174 -0.00352206 0.0521622
4
1
0.986453 6.10181 0.709966
0.0195558 0.00461478 0.0588947
5
1
0.95067 6.08788 0.580069
0.0147954 0.0116198 0.0725298
6
1
0.921157 6.06681 0.42136
0.00805641 0.0178287 0.075426
7
1
0.89661 6.01275 0.214372
0.00703967 0.0254258 0.0710013
8
1
0.720534 5.87443 0.069961
0.0386444 0.0224372 -0.0152493
9
1
0.0513595 7.67601 0.576025
0.00104233 0.0176062 -0.0758998
10
1
-0.0513595 7.67601 0.576025
0.00104233 -0.0176062 0.0758998
11
1
-0.720534 5.87443 0.069961
0.0386444 -0.0224372 0.0152493
12
1
-0.89661 6.01275 0.214372
0.00703967 -0.0254258 -0.0710013
13
1
-0.921157 6.06681 0.42136
0.00805641 -0.0178287 -0.075426
14
1
-0.95067 6.08788 0.580069
0.0147954 -0.0116198 -0.0725298
15
1
-0.986453 6.10181 0.709966
0.0195558 -0.00461478 -0.0588947
16
1
-1.03017 6.10277 0.822614
0.0243174 0.00352206 -0.0521622
17
1
-1.07674 6.09216 0.920413
0.0238547 0.00868125 -0.0462104
18
1
-1.12374 6.07344 1.00777
0.0236432 0.0110074 -0.0401938
19
1
-1.16952 6.05041 1.08299
0.0226242 0.0124155 -0.0371141
20
1
-1.21422 6.02579 1.14652
0.0211052 0.0124786 -0.0303467
21
1
-1.25916 6.00148 1.19797
0.0208321 0.0110282 -0.0237014
22
1
-1.30477 5.9791 1.23798
0.02244 0.0109041 -0.0190882
23
1
-1.35252 5.95851 1.2687
0.0227798 0.00978703 -0.0142791
24
1
-1.40162 5.94034 1.2909
0.0237953 0.00890149 -0.00994573
25
1
-1.45126 5.92453 1.3058
0.0248531 0.00873624 -0.00516194
26
1
-1.50119 5.91001 1.31453
0.0242155 0.00741755 -0.000483424
27
1
-1.55101 5.89629 1.31732
0.0245575 0.00615673 0.0026885
28
1
-1.6011 5.88288 1.31465
0.025424 0.0057096 0.00436379
29
1
-1.65162 5.87037 1.3071
0.0252004 0.00531543 0.00634333
30
1
-1.70209 5.85951 1.29493
0.0249946 0.00489468 0.00846232
31
1
-1.75221 5.85039 1.27881
0.0249877 0.00392811 0.00966842
32
1
-1.80206 5.84343 1.25973
0.0245918 0.00259534 0.0108664
33
1
-1.85158 5.8388 1.23832
0.0243599 0.00177392 0.0124163
34
1
-1.90067 5.83621 1.21512
0.024273 0.000687165 0.012922
35
1
-1.94919 5.83518 1.19061
0.0237223 -0.000893978 0.0128934
36
1
-1.99705 5.83588 1.16482
0.0229456 -0.00166804 0.0131438
37
1
-2.04432 5.83828 1.13692
0.0227634 -0.00186566 0.0137648
38
1
-2.09145 5.84207 1.10611
0.0233271 -0.00260091 0.0151303
39
1
-2.13864 5.84701 1.07249
0.0237761 -0.00329602 0.0169869
40
1
-2.18537 5.85288 1.03651
0.0237645 -0.00289098 0.0186739
41
1
-2.23098 5.85928 0.998284
0.02338 -0.00238716 0.0199816
42
1
-2.27562 5.86598 0.958029
0.02257 -0.00282992 0.0210751
43
1
-2.31912 5.87269 0.915289
0.0219861 -0.00328583 0.0221817
44
1
-2.36157 5.87964 0.869688
0.0218164 -0.00327777 0.0236135
45
1
-2.4029 5.88747 0.820539
0.0211182 -0.00377118 0.0256969
46
1
-2.44237 5.89584 0.767476
0.0196172 -0.00453113 0.028173
47
1
-2.47901 5.90417 0.710723
0.0179964 -0.00456917 0.0304173
48
1
-2.51243 5.912 0.650704
0.0161222 -0.00412832 0.0325539
49
1
-2.5425 5.91875 0.587985
0.0143843 -0.00364567 0.0342635
50
1
-2.56936 5.9248 0.523613
0.0133851 -0.00317054 0.0344634
51
1
-2.59376 5.93024 0.458588
0.0127234 -0.0027782 0.034001
52
1
-2.61604 5.93504 0.393211
0.0116577 -0.00256917 0.0336088
53
1
-2.6362 5.93898 0.327734
0.010222 -0.00211092 0.0334389
54
1
-2.65385 5.94179 0.262225
0.00880796 -0.00126993 0.0335423
55
1
-2.66861 5.94403 0.196642
0.00752801 -0.00096414 0.0338409
56
1
-2.67991 5.94596 0.13108
0.00590226 -0.00127888 0.0338332
57
1
-2.68696 5.94764 0.0654881
0.00334443 -0.00116368 0.033317
58
1
-2.6895 5.94835 -2.60415e-013
-3.47828e-015 -7.35345e-016 0.0329572
59
1
-2.68696 5.94764 -0.0654881
-0.00334443 0.00116368 0.033317
60
1
-2.67991 5.94596 -0.13108
-0.00590226 0.00127888 0.0338332
61
1
-2.66861 5.94403 -0.196642
-0.00752801 0.00096414 0.0338409
62
1
-2.65385 5.94179 -0.262225
-0.00880796 0.00126993 0.0335423
63
1
-2.6362 5.93898 -0.327734
-0.010222 0.00211092 0.0334389
64
1
-2.61604 5.93504 -0.393211
-0.0116577 0.00256917 0.0336088
65
1
-2.59376 5.93024 -0.458588
-0.0127234 0.0027782 0.034001
66
1
-2.56936 5.9248 -0.523613
-0.0133851 0.00317054 0.0344634
67
1
-2.5425 5.91875 -0.587985
-0.0143843 0.00364567 0.0342635
68
1
-2.51243 5.912 -0.650704
-0.0161222 0.00412832 0.0325539
69
1
-2.47901 5.90417 -0.710723
-0.0179964 0.00456917 0.0304173
70
1
-2.44237 5.89584 -0.767476
-0.0196172 0.00453113 0.028173
71
1
-2.4029 5.88747 -0.820539
-0.0211182 0.00377118 0.0256969
72
1
-2.36157 5.87964 -0.869688
-0.0218164 0.00327777 0.0236135
73
1
-2.31912 5.87269 -0.915289
-0.0219861 0.00328583 0.0221817
74
1
-2.27562 5.86598 -0.958029
-0.02257 0.00282992 0.0210751
75
1
-2.23098 5.85928 -0.998284
-0.02338 0.00238716 0.0199816
76
1
-2.18537 5.85288 -1.03651
-0.0237645 0.00289098 0.0186739
77
1
-2.13864 5.84701 -1.07249
-0.0237761 0.00329602 0.0169869
78
1
-2.09145 5.84207 -1.10611
-0.0233271 0.00260091 0.0151303
79
1
-2.04432 5.83828 -1.13692
-0.0227634 0.00186566 0.0137648
80
1
-1.99705 5.83588 -1.16482
-0.0229456 0.00166804 0.0131438
81
1
-1.94919 5.83518 -1.19061
-0.0237223 0.000893978 0.0128934
82
1
-1.90067 5.83621 -1.21512
-0.024273 -0.000687165 0.012922
83
1
-1.85158 5.8388 -1.23832
-0.0243599 -0.00177392 0.0124163
84
1
-1.80206 5.84343 -1.25973
-0.0245918 -0.00259534 0.0108664
85
1
-1.75221 5.85039 -1.27881
-0.0249877 -0.00392811 0.00966842
86
1
-1.70209 5.85951 -1.29493
-0.0249946 -0.00489468 0.00846232
87
1
-1.65162 5.87037 -1.3071
-0.0252004 -0.00531543 0.00634333
88
1
-1.6011 5.88288 -1.31465
-0.025424 -0.0057096 0.00436379
89
1
-1.55101 5.89629 -1.31732
-0.0245575 -0.00615673 0.0026885
90
1
-1.50119 5.91001 -1.31453
-0.0242155 -0.00741755 -0.000483424
91
1
-1.45126 5.92453 -1.3058
-0.0248531 -0.00873624 -0.00516194
92
1
-1.40162 5.94034 -1.2909
-0.0237953 -0.00890149 -0.00994573
93
1
-1.35252 5.95851 -1.2687
-0.0227798 -0.00978703 -0.0142791
94
1
-1.30477 5.9791 -1.23798
-0.02244 -0.0109041 -0.0190882
95
1
-1.25916 6.00148 -1.19797
-0.0208321 -0.0110282 -0.0237014
96
1
-1.21422 6.02579 -1.14652
-0.0211052 -0.0124786 -0.0303467
97
1
-1.16952 6.05041 -1.08299
-0.0226242 -0.0124155 -0.0371141
98
1
-1.12374 6.07344 -1.00777
-0.0236432 -0.0110074 -0.0401938
99
1
-1.07674 6.09216 -0.920413
-0.0238547 -0.00868125 -0.0462104
100
1
-1.03017 6.10277 -0.822614
-0.0243174 -0.00352206 -0.0521622
101
1
-0.986453 6.10181 -0.709966
-0.0195558 0.00461478 -0.0588947
102
1
-0.95067 6.08788 -0.580069
-0.0147954 0.0116198 -0.0725298
103
1
-0.921157 6.06681 -0.42136
-0.00805641 0.0178287 -0.075426
104
1
-0.89661 6.01275 -0.214372
-0.00703967 0.0254258 -0.0710013
105
1
-0.720534 5.87443 -0.069961
-0.0386444 0.0224372 0.0152493
106
1
-0.0513595 7.67601 -0.576025
-0.00104233 0.0176062 0.0758998
107
1
0.0513595 7.67601 -0.576025
-0.00104233 -0.0176062 -0.0758998
108
1
0.720534 5.87443 -0.069961
-0.0386444 -0.0224372 -0.0152493
109
1
0.89661 6.01275 -0.214372
-0.00703967 -0.0254258 0.0710013
110
1
0.921157 6.06681 -0.42136
-0.00805641 -0.0178287 0.075426
111
1
0.95067 6.08788 -0.580069
-0.0147954 -0.0116198 0.0725298
112
1
0.986453 6.10181 -0.709966
-0.0195558 -0.00461478 0.0588947
113
1
1.03017 6.10277 -0.822614
-0.0243174 0.00352206 0.0521622
114
1
1.07674 6.09216 -0.920413
-0.0238547 0.00868125 0.0462104
115
1
1.12374 6.07344 -1.00777
-0.0236432 0.0110074 0.0401938
116
1
1.16952 6.05041 -1.08299
-0.0226242 0.0124155 0.0371141
117
1
1.21422 6.02579 -1.14652
-0.0211052 0.0124786 0.0303467
118
1
1.25916 6.00148 -1.19797
-0.0208321 0.0110282 0.0237014
119
1
1.30477 5.9791 -1.23798
-0.02244 0.0109041 0.0190882
120
1
1.35252 5.95851 -1.2687
-0.0227798 0.00978703 0.0142791
121
1
1.40162 5.94034 -1.2909
-0.0237953 0.00890149 0.00994573
122
1
1.45126 5.92453 -1.3058
-0.0248531 0.00873624 0.00516194
123
1
1.50119 5.91001 -1.31453
-0.0242155 0.00741755 0.000483424
124
1
1.55101 5.89629 -1.31732
-0.0245575 0.00615673 -0.0026885
125
1
1.6011 5.88288 -1.31465
-0.025424 0.0057096 -0.00436379
126
1
1.65162 5.87037 -1.3071
-0.0252004 0.00531543 -0.00634333
127
1
1.70209 5.85951 -1.29493
-0.0249946 0.00489468 -0.00846232
128
1
1.75221 5.85039 -1.27881
-0.0249877 0.00392811 -0.00966842
129
1
1.80206 5.84343 -1.25973
-0.0245918 0.00259534 -0.0108664
130
1
1.85158 5.8388 -1.23832
-0.0243599 0.00177392 -0.0124163
131
1
1.90067 5.83621 -1.21512
-0.024273 0.000687165 -0.012922
132
1
1.94919 5.83518 -1.19061
-0.0237223 -0.000893978 -0.0128934
133
1
1.99705 5.83588 -1.16482
-0.0229456 -0.00166804 -0.0131438
134
1
2.04432 5.83828 -1.13692
-0.0227634 -0.00186566 -0.0137648
135
1
2.09145 5.84207 -1.10611
-0.0233271 -0.00260091 -0.0151303
136
1
2.13864 5.84701 -1.07249
-0.0237761 -0.00329602 -0.0169869
137
1
2.18537 5.85288 -1.03651
-0.0237645 -0.00289098 -0.0186739
138
1
2.23098 5.85928 -0.998284
-0.02338 -0.00238716 -0.0199816
139
1
2.27562 5.86598 -0.958029
-0.02257 -0.00282992 -0.0210751
140
1
2.31912 5.87269 -0.915289
-0.0219861 -0.00328583 -0.0221817
141
1
2.36157 5.87964 -0.869688
-0.0218164 -0.00327777 -0.0236135
142
1
2.4029 5.88747 -0.820539
-0.0211182 -0.00377118 -0.0256969
143
1
2.44237 5.89584 -0.767476
-0.0196172 -0.00453113 -0.028173
144
1
2.47901 5.90417 -0.710723
-0.0179964 -0.00456917 -0.0304173
145
1
2.51243 5.912 -0.650704
-0.0161222 -0.00412832 -0.0325539
146
1
2.5425 5.91875 -0.587985
-0.0143843 -0.00364567 -0.0342635
147
1
2.56936 5.9248 -0.523613
-0.0133851 -0.00317054 -0.0344634
148
1
2.59376 5.93024 -0.458588
-0.0127234 -0.0027782 -0.034001
149
1
2.61604 5.93504 -0.393211
-0.0116577 -0.00256917 -0.0336088
150
1
2.6362 5.93898 -0.327734
-0.010222 -0.00211092 -0.0334389
151
1
2.65385 5.94179 -0.262225
-0.00880796 -0.00126993 -0.0335423
152
1
2.66861 5.94403 -0.196642
-0.00752801 -0.00096414 -0.0338409
153
1
2.67991 5.94596 -0.13108
-0.00590226 -0.00127888 -0.0338332
154
1
2.68696 5.94764 -0.0654881
-0.00334443 -0.00116368 -0.033317
155
1
2.6895 5.94835 2.58797e-013
3.06715e-015 -1.56348e-015 -0.0329572
156
1
2.68696 5.94764 0.0654881
0.00334443 0.00116368 -0.033317
157
1
2.67991 5.94596 0.13108
0.00590226 0.00127888 -0.0338332
158
1
2.66861 5.94403 0.196642
0.00752801 0.00096414 -0.0338409
159
1
2.65385 5.94179 0.262225
0.00880796 0.00126993 -0.0335423
160
1
2.6362 5.93898 0.327734
0.010222 0.00211092 -0.0334389
161
1
2.61604 5.93504 0.393211
0.0116577 0.00256917 -0.0336088
162
1
2.59376 5.93024 0.458588
0.0127234 0.0027782 -0.034001
163
1
2.56936 5.9248 0.523613
0.0133851 0.00317054 -0.0344634
164
1
2.5425 5.91875 0.587985
0.0143843 0.00364567 -0.0342635
165
1
2.51243 5.912 0.650704
0.0161222 0.00412832 -0.0325539
166
1
2.47901 5.90417 0.710723
0.0179964 0.00456917 -0.0304173
167
1
2.44237 5.89584 0.767476
0.0196172 0.00453113 -0.028173
168
1
2.4029 5.88747 0.820539
0.0211182 0.00377118 -0.0256969
169
1
2.36157 5.87964 0.869688
0.0218164 0.00327777 -0.0236135
170
1
2.31912 5.87269 0.915289
0.0219861 0.00328583 -0.0221817
171
1
2.27562 5.86598 0.958029
0.02257 0.00282992 -0.0210751
172
1
2.23098 5.85928 0.998284
0.02338 0.00238716 -0.0199816
173
1
2.18537 5.85288 1.03651
0.0237645 0.00289098 -0.0186739
174
1
2.13864 5.84701 1.07249
0.0237761 0.00329602 -0.0169869
175
1
2.09145 5.84207 1.10611
0.0233271 0.00260091 -0.0151303
176
1
2.04432 5.83828 1.13692
0.0227634 0.00186566 -0.0137648
177
1
1.99705 5.83588 1.16482
0.0229456 0.00166804 -0.0131438
178
1
1.94919 5.83518 1.19061
0.0237223 0.000893978 -0.0128934
179
1
1.90067 5.83621 1.21512
0.024273 -0.000687165 -0.012922
180
1
1.85158 5.8388 1.23832
0.0243599 -0.00177392 -0.0124163
181
1
1.80206 5.84343 1.25973
0.0245918 -0.00259534 -0.0108664
182
1
1.75221 5.85039 1.27881
0.0249877 -0.00392811 -0.00966842
183
1
1.70209 5.85951 1.29493
0.0249946 -0.00489468 -0.00846232
184
1
1.65162 5.87037 1.3071
0.0252004 -0.00531543 -0.00634333
185
1
1.6011 5.88288 1.31465
0.025424 -0.0057096 -0.00436379
186
1
1.55101 5.89629 1.31732
0.0245575 -0.00615673 -0.0026885
187
1
1.50119 5.91001 1.31453
0.0242155 -0.00741755 0.000483424
188
1
1.45126 5.92453 1.3058
0.0248531 -0.00873624 0.00516194
189
1
1.40162 5.94034 1.2909
0.0237953 -0.00890149 0.00994573
190
1
1.35252 5.95851 1.2687
0.0227798 -0.00978703 0.0142791
191
1
1.30477 5.9791 1.23798
0.02244 -0.0109041 0.0190882
192
1
1.25916 6.00148 1.19797
0.0208321 -0.0110282 0.0237014
193
1
1.21422 6.02579 1.14652
0.0211052 -0.0124786 0.0303467
