194
0
1
0.918159 4.89334 0.741974
0.0343632 -0.0184507 0.0276448
1
1
0.852293 4.93184 0.684267
0.0342581 -0.0213244 0.0294496
2
1
0.786928 4.9773 0.619959
0.0339997 -0.0258012 0.0315724
3
1
0.7258 5.02983 0.549397
0.0294985 -0.0285907 0.0365017
4
1
0.673423 5.09233 0.470583
0.0232692 -0.0346103 0.0408581
5
1
0.636945 5.16629 0.382127
0.01198 -0.0406426 0.0479023
6
1
0.62245 5.25293 0.27991
-0.00245239 -0.0506764 0.058653
7
1
0.630292 5.35976 0.159668
-0.0191597 -0.0499708 0.0566364
8
1
0.640393 5.56385 0.0820345
0.0175933 -0.0687607 -0.00564463
9
1
0.197714 5.90817 0.063505
0.0746068 0.0103578 -0.00828208
10
1
-0.197714 5.90817 0.063505
0.0746068 -0.0103578 0.00828208
11
1
-0.640393 5.56385 0.0820345
0.0175933 0.0687607 0.00564463
12
1
-0.630292 5.35976 0.159668
-0.0191597 0.0499708 -0.0566364
13
1
-0.62245 5.25293 0.27991
-0.00245239 0.0506764 -0.058653
14
1
-0.636945 5.16629 0.382127
0.01198 0.0406426 -0.0479023
15
1
-0.673423 5.09233 0.470583
0.0232692 0.0346103 -0.0408581
16
1
-0.7258 5.02983 0.549397
0.0294985 0.0285907 -0.0365017
17
1
-0.786928 4.9773 0.619959
0.0339997 0.0258012 -0.0315724
18
1
-0.852293 4.93184 0.684267
0.0342581 0.0213244 -0.0294496
19
1
-0.918159 4.89334 0.741974
0.0343632 0.0184507 -0.0276448
20
1
-0.983388 4.86173 0.792807
0.033227 0.0140113 -0.0242489
21
1
-1.04756 4.83752 0.837174
0.0309714 0.00978038 -0.0215294
22
1
-1.11056 4.81975 0.875546
0.0313988 0.00710149 -0.0186849
23
1
-1.17349 4.8072 0.908633
0.0304157 0.00396065 -0.015107
24
1
-1.23635 4.799 0.935959
0.0307961 0.00186884 -0.0127113
25
1
-1.2993 4.7939 0.957587
0.0315392 0.00140039 -0.00972015
26
1
-1.36209 4.7906 0.973883
0.0303481 0.00127636 -0.00686194
27
1
-1.4241 4.7878 0.985842
0.0303642 0.00155079 -0.00440275
28
1
-1.48571 4.78479 0.994066
0.0311953 0.00212103 -0.00248072
29
1
-1.54712 4.78094 0.999069
0.0304923 0.00209937 -0.0012825
30
1
-1.6081 4.77634 1.00151
0.029972 0.00238671 -0.000327034
31
1
-1.66864 4.77144 1.00151
0.0303408 0.00327318 0.000667457
32
1
-1.72871 4.7663 0.999016
0.0301158 0.00297553 0.00183629
33
1
-1.78811 4.76148 0.994132
0.0294971 0.00157104 0.00313838
34
1
-1.84667 4.75785 0.987088
0.0293085 0.000613173 0.00368178
35
1
-1.90416 4.75634 0.977952
0.0286582 -0.000150094 0.00376642
36
1
-1.96022 4.75717 0.966609
0.0271477 -0.00129187 0.00442108
37
1
-2.01515 4.76015 0.953111
0.0263243 -0.00213402 0.0056539
38
1
-2.06985 4.76501 0.937563
0.0269262 -0.00243663 0.00730028
39
1
-2.12456 4.77099 0.919435
0.0274355 -0.00278346 0.00945624
40
1
-2.17862 4.7769 0.89817
0.026894 -0.00313397 0.0120847
41
1
-2.2314 4.78214 0.873474
0.0261845 -0.00301499 0.0143162
42
1
-2.28286 4.78637 0.8453
0.025679 -0.00251897 0.0157077
43
1
-2.33302 4.79039 0.813545
0.0251144 -0.00194952 0.0171593
44
1
-2.38188 4.79442 0.777931
0.0245188 -0.00172217 0.0191832
45
1
-2.42952 4.7986 0.738147
0.0240429 -0.00203087 0.0212983
46
1
-2.47529 4.80298 0.693933
0.022966 -0.00232418 0.0236807
47
1
-2.51839 4.80738 0.645571
0.0208386 -0.00231713 0.0267636
48
1
-2.5583 4.81152 0.593398
0.0188182 -0.00233832 0.0293493
49
1
-2.59455 4.8152 0.53794
0.01756 -0.0022785 0.0306054
50
1
-2.62712 4.81879 0.480422
0.0162602 -0.00224675 0.0308196
51
1
-2.6562 4.82214 0.421723
0.0145369 -0.00228746 0.0309128
52
1
-2.68213 4.8252 0.362025
0.0129914 -0.00167377 0.0309643
53
1
-2.70542 4.82779 0.301741
0.0119601 -0.000646054 0.0309393
54
1
-2.7258 4.82977 0.241235
0.0108865 -0.000155663 0.0309553
55
1
-2.74261 4.83136 0.180747
0.0090746 -0.000386782 0.0310309
56
1
-2.75476 4.83256 0.120372
0.00627953 -0.000600674 0.0308651
57
1
-2.76191 4.83351 0.0601167
0.0030211 -0.000442004 0.0304189
58
1
-2.76429 4.83374 -4.44423e-015
-3.54556e-016 3.89659e-016 0.0301641
59
1
-2.76191 4.83351 -0.0601167
-0.0030211 0.000442004 0.0304189
60
1
-2.75476 4.83256 -0.120372
-0.00627953 0.000600674 0.0308651
61
1
-2.74261 4.83136 -0.180747
-0.0090746 0.000386782 0.0310309
62
1
-2.7258 4.82977 -0.241235
-0.0108865 0.000155663 0.0309553
63
1
-2.70542 4.82779 -0.301741
-0.0119601 0.000646054 0.0309393
64
1
-2.68213 4.8252 -0.362025
-0.0129914 0.00167377 0.0309643
65
1
-2.6562 4.82214 -0.421723
-0.0145369 0.00228746 0.0309128
66
1
-2.62712 4.81879 -0.480422
-0.0162602 0.00224675 0.0308196
67
1
-2.59455 4.8152 -0.53794
-0.01756 0.0022785 0.0306054
68
1
-2.5583 4.81152 -0.593398
-0.0188182 0.00233832 0.0293493
69
1
-2.51839 4.80738 -0.645571
-0.0208386 0.00231713 0.0267636
70
1
-2.47529 4.80298 -0.693933
-0.022966 0.00232418 0.0236807
71
1
-2.42952 4.7986 -0.738147
-0.0240429 0.00203087 0.0212983
72
1
-2.38188 4.79442 -0.777931
-0.0245188 0.00172217 0.0191832
73
1
-2.33302 4.79039 -0.813545
-0.0251144 0.00194952 0.0171593
74
1
-2.28286 4.78637 -0.8453
-0.025679 0.00251897 0.0157077
75
1
-2.2314 4.78214 -0.873474
-0.0261845 0.00301499 0.0143162
76
1
-2.17862 4.7769 -0.89817
-0.026894 0.00313397 0.0120847
77
1
-2.12456 4.77099 -0.919435
-0.0274355 0.00278346 0.00945624
78
1
-2.06985 4.76501 -0.937563
-0.0269262 0.00243663 0.00730028
79
1
-2.01515 4.76015 -0.953111
-0.0263243 0.00213402 0.0056539
80
1
-1.96022 4.75717 -0.966609
-0.0271477 0.00129187 0.00442108
81
1
-1.90416 4.75634 -0.977952
-0.0286582 0.000150094 0.00376642
82
1
-1.84667 4.75785 -0.987088
-0.0293085 -0.000613173 0.00368178
83
1
-1.78811 4.76148 -0.994132
-0.0294971 -0.00157104 0.00313838
84
1
-1.72871 4.7663 -0.999016
-0.0301158 -0.00297553 0.00183629
85
1
-1.66864 4.77144 -1.00151
-0.0303408 -0.00327318 0.000667457
86
1
-1.6081 4.77634 -1.00151
-0.029972 -0.00238671 -0.000327034
87
1
-1.54712 4.78094 -0.999069
-0.0304923 -0.00209937 -0.0012825
88
1
-1.48571 4.78479 -0.994066
-0.0311953 -0.00212103 -0.00248072
89
1
-1.4241 4.7878 -0.985842
-0.0303642 -0.00155079 -0.00440275
90
1
-1.36209 4.7906 -0.973883
-0.0303481 -0.00127636 -0.00686194
91
1
-1.2993 4.7939 -0.957587
-0.0315392 -0.00140039 -0.00972015
92
1
-1.23635 4.799 -0.935959
-0.0307961 -0.00186884 -0.0127113
93
1
-1.17349 4.8072 -0.908633
-0.0304157 -0.00396065 -0.015107
94
1
-1.11056 4.81975 -0.875546
-0.0313988 -0.00710149 -0.0186849
95
1
-1.04756 4.83752 -0.837174
-0.0309714 -0.00978038 -0.0215294
96
1
-0.983388 4.86173 -0.792807
-0.033227 -0.0140113 -0.0242489
97
1
-0.918159 4.89334 -0.741974
-0.0343632 -0.0184507 -0.0276448
98
1
-0.852293 4.93184 -0.684267
-0.0342581 -0.0213244 -0.0294496
99
1
-0.786928 4.9773 -0.619959
-0.0339997 -0.0258012 -0.0315724
100
1
-0.7258 5.02983 -0.549397
-0.0294985 -0.0285907 -0.0365017
101
1
-0.673423 5.09233 -0.470583
-0.0232692 -0.0346103 -0.0408581
102
1
-0.636945 5.16629 -0.382127
-0.01198 -0.0406426 -0.0479023
103
1
-0.62245 5.25293 -0.27991
0.00245239 -0.0506764 -0.058653
104
1
-0.630292 5.35976 -0.159668
0.0191597 -0.0499708 -0.0566364
105
1
-0.640393 5.56385 -0.0820345
-0.0175933 -0.0687607 0.00564463
106
1
-0.197714 5.90817 -0.063505
-0.0746068 0.0103578 0.00828208
107
1
0.197714 5.90817 -0.063505
-0.0746068 -0.0103578 -0.00828208
108
1
0.640393 5.56385 -0.0820345
-0.0175933 0.0687607 -0.00564463
109
1
0.630292 5.35976 -0.159668
0.0191597 0.0499708 0.0566364
110
1
0.62245 5.25293 -0.27991
0.00245239 0.0506764 0.058653
111
1
0.636945 5.16629 -0.382127
-0.01198 0.0406426 0.0479023
112
1
0.673423 5.09233 -0.470583
-0.0232692 0.0346103 0.0408581
113
1
0.7258 5.02983 -0.549397
-0.0294985 0.0285907 0.0365017
114
1
0.786928 4.9773 -0.619959
-0.0339997 0.0258012 0.0315724
115
1
0.852293 4.93184 -0.684267
-0.0342581 0.0213244 0.0294496
116
1
0.918159 4.89334 -0.741974
-0.0343632 0.0184507 0.0276448
117
1
0.983388 4.86173 -0.792807
-0.033227 0.0140113 0.0242489
118
1
1.04756 4.83752 -0.837174
-0.0309714 0.00978038 0.0215294
119
1
1.11056 4.81975 -0.875546
-0.0313988 0.00710149 0.0186849
120
1
1.17349 4.8072 -0.908633
-0.0304157 0.00396065 0.015107
121
1
1.23635 4.799 -0.935959
-0.0307961 0.00186884 0.0127113
122
1
1.2993 4.7939 -0.957587
-0.0315392 0.00140039 0.00972015
123
1
1.36209 4.7906 -0.973883
-0.0303481 0.00127636 0.00686194
124
1
1.4241 4.7878 -0.985842
-0.0303642 0.00155079 0.00440275
125
1
1.48571 4.78479 -0.994066
-0.0311953 0.00212103 0.00248072
126
1
1.54712 4.78094 -0.999069
-0.0304923 0.00209937 0.0012825
127
1
1.6081 4.77634 -1.00151
-0.029972 0.00238671 0.000327034
128
1
1.66864 4.77144 -1.00151
-0.0303408 0.00327318 -0.000667457
129
1
1.72871 4.7663 -0.999016
-0.0301158 0.00297553 -0.00183629
130
1
1.78811 4.76148 -0.994132
-0.0294971 0.00157104 -0.00313838
131
1
1.84667 4.75785 -0.987088
-0.0293085 0.000613173 -0.00368178
132
1
1.90416 4.75634 -0.977952
-0.0286582 -0.000150094 -0.00376642
133
1
1.96022 4.75717 -0.966609
-0.0271477 -0.00129187 -0.00442108
134
1
2.01515 4.76015 -0.953111
-0.0263243 -0.00213402 -0.0056539
135
1
2.06985 4.76501 -0.937563
-0.0269262 -0.00243663 -0.00730028
136
1
2.12456 4.77099 -0.919435
-0.0274355 -0.00278346 -0.00945624
137
1
2.17862 4.7769 -0.89817
-0.026894 -0.00313397 -0.0120847
138
1
2.2314 4.78214 -0.873474
-0.0261845 -0.00301499 -0.0143162
139
1
2.28286 4.78637 -0.8453
-0.025679 -0.00251897 -0.0157077
140
1
2.33302 4.79039 -0.813545
-0.0251144 -0.00194952 -0.0171593
141
1
2.38188 4.79442 -0.777931
-0.0245188 -0.00172217 -0.0191832
142
1
2.42952 4.7986 -0.738147
-0.0240429 -0.00203087 -0.0212983
143
1
2.47529 4.80298 -0.693933
-0.022966 -0.00232418 -0.0236807
144
1
2.51839 4.80738 -0.645571
-0.0208386 -0.00231713 -0.0267636
145
1
2.5583 4.81152 -0.593398
-0.0188182 -0.00233832 -0.0293493
146
1
2.59455 4.8152 -0.53794
-0.01756 -0.0022785 -0.0306054
147
1
2.62712 4.81879 -0.480422
-0.0162602 -0.00224675 -0.0308196
148
1
2.6562 4.82214 -0.421723
-0.0145369 -0.00228746 -0.0309128
149
1
2.68213 4.8252 -0.362025
-0.0129914 -0.00167377 -0.0309643
150
1
2.70542 4.82779 -0.301741
-0.0119601 -0.000646054 -0.0309393
151
1
2.7258 4.82977 -0.241235
-0.0108865 -0.000155663 -0.0309553
152
1
2.74261 4.83136 -0.180747
-0.0090746 -0.000386782 -0.0310309
153
1
2.75476 4.83256 -0.120372
-0.00627953 -0.000600674 -0.0308651
154
1
2.76191 4.83351 -0.0601167
-0.0030211 -0.000442004 -0.0304189
155
1
2.76429 4.83374 -3.11394e-015
-1.16026e-016 5.91268e-016 -0.0301641
156
1
2.76191 4.83351 0.0601167
0.0030211 0.000442004 -0.0304189
157
1
2.75476 4.83256 0.120372
0.00627953 0.000600674 -0.0308651
158
1
2.74261 4.83136 0.180747
0.0090746 0.000386782 -0.0310309
159
1
2.7258 4.82977 0.241235
0.0108865 0.000155663 -0.0309553
160
1
2.70542 4.82779 0.301741
0.0119601 0.000646054 -0.0309393
161
1
2.68213 4.8252 0.362025
0.0129914 0.00167377 -0.0309643
162
1
2.6562 4.82214 0.421723
0.0145369 0.00228746 -0.0309128
163
1
2.62712 4.81879 0.480422
0.0162602 0.00224675 -0.0308196
164
1
2.59455 4.8152 0.53794
0.01756 0.0022785 -0.0306054
165
1
2.5583 4.81152 0.593398
0.0188182 0.00233832 -0.0293493
166
1
2.51839 4.80738 0.645571
0.0208386 0.00231713 -0.0267636
167
1
2.47529 4.80298 0.693933
0.022966 0.00232418 -0.0236807
168
1
2.42952 4.7986 0.738147
0.0240429 0.00203087 -0.0212983
169
1
2.38188 4.79442 0.777931
0.0245188 0.00172217 -0.0191832
170
1
2.33302 4.79039 0.813545
0.0251144 0.00194952 -0.0171593
171
1
2.28286 4.78637 0.8453
0.025679 0.00251897 -0.0157077
172
1
2.2314 4.78214 0.873474
0.0261845 0.00301499 -0.0143162
173
1
2.17862 4.7769 0.89817
0.026894 0.00313397 -0.0120847
174
1
2.12456 4.77099 0.919435
0.0274355 0.00278346 -0.00945624
175
1
2.06985 4.76501 0.937563
0.0269262 0.00243663 -0.00730028
176
1
2.01515 4.76015 0.953111
0.0263243 0.00213402 -0.0056539
177
1
1.96022 4.75717 0.966609
0.0271477 0.00129187 -0.00442108
178
1
1.90416 4.75634 0.977952
0.0286582 0.000150094 -0.00376642
179
1
1.84667 4.75785 0.987088
0.0293085 -0.000613173 -0.00368178
180
1
1.78811 4.76148 0.994132
0.0294971 -0.00157104 -0.00313838
181
1
1.72871 4.7663 0.999016
0.0301158 -0.00297553 -0.00183629
182
1
1.66864 4.77144 1.00151
0.0303408 -0.00327318 -0.000667457
183
1
1.6081 4.77634 1.00151
0.029972 -0.00238671 0.000327034
184
1
1.54712 4.78094 0.999069
0.0304923 -0.00209937 0.0012825
185
1
1.48571 4.78479 0.994066
0.0311953 -0.00212103 0.00248072
186
1
1.4241 4.7878 0.985842
0.0303642 -0.00155079 0.00440275
187
1
1.36209 4.7906 0.973883
0.0303481 -0.00127636 0.00686194
188
1
1.2993 4.7939 0.957587
0.0315392 -0.00140039 0.00972015
189
1
1.23635 4.799 0.935959
0.0307961 -0.00186884 0.0127113
190
1
1.17349 4.8072 0.908633
0.0304157 -0.00396065 0.015107
191
1
1.11056 4.81975 0.875546
0.0313988 -0.00710149 0.0186849
192
1
1.04756 4.83752 0.837174
0.0309714 -0.00978038 0.0215294
193
1
0.983388 4.86173 0.792807
0.033227 -0.0140113 0.0242489
