194
0
1
1.23581 6.23782 1.08612
0.0231632 -0.0047251 0.0395839
1
1
1.18845 6.24663 1.00696
0.0223959 -0.0054243 0.04314
2
1
1.14105 6.25502 0.915357
0.0215092 -0.00477171 0.0496787
3
1
1.09416 6.26022 0.813317
0.0229706 -0.00165609 0.0551474
4
1
1.0465 6.25576 0.697705
0.0223618 0.00649574 0.0600318
5
1
1.00195 6.23418 0.567413
0.0201345 0.0158937 0.0722053
6
1
0.968701 6.19009 0.411247
0.0126983 0.0255244 0.0725197
7
1
0.921847 6.11601 0.208277
0.0172632 0.0348622 0.0675164
8
1
0.701621 5.96045 0.0864366
0.0288539 0.0231527 -0.0128377
9
1
0.050498 7.93335 0.635545
0.00100429 0.0142099 -0.0766089
10
1
-0.050498 7.93335 0.635545
0.00100429 -0.0142099 0.0766089
11
1
-0.701621 5.96045 0.0864366
0.0288539 -0.0231527 0.0128377
12
1
-0.921847 6.11601 0.208277
0.0172632 -0.0348622 -0.0675164
13
1
-0.968701 6.19009 0.411247
0.0126983 -0.0255244 -0.0725197
14
1
-1.00195 6.23418 0.567413
0.0201345 -0.0158937 -0.0722053
15
1
-1.0465 6.25576 0.697705
0.0223618 -0.00649574 -0.0600318
16
1
-1.09416 6.26022 0.813317
0.0229706 0.00165609 -0.0551474
17
1
-1.14105 6.25502 0.915357
0.0215092 0.00477171 -0.0496787
18
1
-1.18845 6.24663 1.00696
0.0223959 0.0054243 -0.04314
19
1
-1.23581 6.23782 1.08612
0.0231632 0.0047251 -0.0395839
20
1
-1.28287 6.22878 1.15346
0.0226254 0.00461535 -0.0320516
21
1
-1.33013 6.21823 1.20885
0.0226462 0.00470108 -0.0249299
22
1
-1.37754 6.20581 1.25264
0.0240747 0.00618199 -0.0201643
23
1
-1.42644 6.19075 1.28714
0.0240255 0.00693731 -0.0154577
24
1
-1.47613 6.17387 1.31253
0.0243983 0.00798711 -0.0116295
25
1
-1.52575 6.15624 1.32964
0.0244493 0.0100716 -0.00755937
26
1
-1.57494 6.13834 1.33996
0.0229114 0.0105928 -0.00313862
27
1
-1.62317 6.12058 1.34456
0.0227432 0.0102876 0.000115693
28
1
-1.67095 6.10274 1.34438
0.0235792 0.010168 0.00187179
29
1
-1.7188 6.08539 1.33974
0.0235227 0.00953944 0.00395585
30
1
-1.76633 6.0692 1.33033
0.0234044 0.00885245 0.00624908
31
1
-1.8132 6.05432 1.31654
0.0233516 0.0076623 0.00785688
32
1
-1.8594 6.04159 1.29885
0.0227769 0.00608312 0.00966877
33
1
-1.90479 6.0316 1.27761
0.0223312 0.00502197 0.0118547
34
1
-1.94931 6.02445 1.25356
0.0219346 0.0035096 0.0130718
35
1
-1.99298 6.01995 1.22754
0.0210171 0.00127693 0.0138797
36
1
-2.03589 6.01801 1.19978
0.0201424 -0.000144366 0.0146877
37
1
-2.07829 6.01791 1.16958
0.0200034 -0.000831471 0.0155412
38
1
-2.12086 6.01897 1.13647
0.0205653 -0.00191702 0.0171072
39
1
-2.16393 6.02122 1.10049
0.0211975 -0.00291514 0.0189623
40
1
-2.20682 6.02467 1.06196
0.0216738 -0.00286027 0.0201862
41
1
-2.24876 6.02903 1.02116
0.0217236 -0.00273574 0.020963
42
1
-2.28987 6.03437 0.97847
0.0209968 -0.00349659 0.0219163
43
1
-2.33005 6.0403 0.933595
0.0203028 -0.00421815 0.0231047
44
1
-2.36925 6.04683 0.885932
0.0200279 -0.00435705 0.0245843
45
1
-2.40711 6.05417 0.834494
0.0192706 -0.00449542 0.0267848
46
1
-2.44323 6.06164 0.779084
0.0178946 -0.00434476 0.0293803
47
1
-2.47718 6.06851 0.720241
0.0167535 -0.00342173 0.0315062
48
1
-2.50896 6.07442 0.658614
0.0156051 -0.00225109 0.0333461
49
1
-2.53852 6.07906 0.594887
0.0143011 -0.00163924 0.034806
50
1
-2.56541 6.08318 0.529884
0.0131271 -0.00188389 0.0349157
51
1
-2.58972 6.08752 0.464347
0.0119486 -0.00251632 0.0344825
52
1
-2.61148 6.09244 0.398415
0.0104541 -0.00305205 0.0341535
53
1
-2.6307 6.09788 0.332288
0.00898996 -0.00304879 0.0339647
54
1
-2.64716 6.10323 0.266081
0.00769983 -0.00259319 0.033977
55
1
-2.66034 6.10839 0.199735
0.00616787 -0.00259381 0.0342714
56
1
-2.66982 6.11293 0.13331
0.00414572 -0.00290035 0.0343837
57
1
-2.67525 6.11633 0.0666774
0.00196784 -0.00223581 0.0339779
58
1
-2.67711 6.11769 -1.43611e-012
-2.12911e-014 3.27377e-015 0.0336458
59
1
-2.67525 6.11633 -0.0666774
-0.00196784 0.00223581 0.0339779
60
1
-2.66982 6.11293 -0.13331
-0.00414572 0.00290035 0.0343837
61
1
-2.66034 6.10839 -0.199735
-0.00616787 0.00259381 0.0342714
62
1
-2.64716 6.10323 -0.266081
-0.00769983 0.00259319 0.033977
63
1
-2.6307 6.09788 -0.332288
-0.00898996 0.00304879 0.0339647
64
1
-2.61148 6.09244 -0.398415
-0.0104541 0.00305205 0.0341535
65
1
-2.58972 6.08752 -0.464347
-0.0119486 0.00251632 0.0344825
66
1
-2.56541 6.08318 -0.529884
-0.0131271 0.00188389 0.0349157
67
1
-2.53852 6.07906 -0.594887
-0.0143011 0.00163924 0.034806
68
1
-2.50896 6.07442 -0.658614
-0.0156051 0.00225109 0.0333461
69
1
-2.47718 6.06851 -0.720241
-0.0167535 0.00342173 0.0315062
70
1
-2.44323 6.06164 -0.779084
-0.0178946 0.00434476 0.0293803
71
1
-2.40711 6.05417 -0.834494
-0.0192706 0.00449542 0.0267848
72
1
-2.36925 6.04683 -0.885932
-0.0200279 0.00435705 0.0245843
73
1
-2.33005 6.0403 -0.933595
-0.0203028 0.00421815 0.0231047
74
1
-2.28987 6.03437 -0.97847
-0.0209968 0.00349659 0.0219163
75
1
-2.24876 6.02903 -1.02116
-0.0217236 0.00273574 0.020963
76
1
-2.20682 6.02467 -1.06196
-0.0216738 0.00286027 0.0201862
77
1
-2.16393 6.02122 -1.10049
-0.0211975 0.00291514 0.0189623
78
1
-2.12086 6.01897 -1.13647
-0.0205653 0.00191702 0.0171072
79
1
-2.07829 6.01791 -1.16958
-0.0200034 0.000831471 0.0155412
80
1
-2.03589 6.01801 -1.19978
-0.0201424 0.000144366 0.0146877
81
1
-1.99298 6.01995 -1.22754
-0.0210171 -0.00127693 0.0138797
82
1
-1.94931 6.02445 -1.25356
-0.0219346 -0.0035096 0.0130718
83
1
-1.90479 6.0316 -1.27761
-0.0223312 -0.00502197 0.0118547
84
1
-1.8594 6.04159 -1.29885
-0.0227769 -0.00608312 0.00966877
85
1
-1.8132 6.05432 -1.31654
-0.0233516 -0.0076623 0.00785688
86
1
-1.76633 6.0692 -1.33033
-0.0234044 -0.00885245 0.00624908
87
1
-1.7188 6.08539 -1.33974
-0.0235227 -0.00953944 0.00395585
88
1
-1.67095 6.10274 -1.34438
-0.0235792 -0.010168 0.00187179
89
1
-1.62317 6.12058 -1.34456
-0.0227432 -0.0102876 0.000115693
90
1
-1.57494 6.13834 -1.33996
-0.0229114 -0.0105928 -0.00313862
91
1
-1.52575 6.15624 -1.32964
-0.0244493 -0.0100716 -0.00755937
92
1
-1.47613 6.17387 -1.31253
-0.0243983 -0.00798711 -0.0116295
93
1
-1.42644 6.19075 -1.28714
-0.0240255 -0.00693731 -0.0154577
94
1
-1.37754 6.20581 -1.25264
-0.0240747 -0.00618199 -0.0201643
95
1
-1.33013 6.21823 -1.20885
-0.0226462 -0.00470108 -0.0249299
96
1
-1.28287 6.22878 -1.15346
-0.0226254 -0.00461535 -0.0320516
97
1
-1.23581 6.23782 -1.08612
-0.0231632 -0.0047251 -0.0395839
98
1
-1.18845 6.24663 -1.00696
-0.0223959 -0.0054243 -0.04314
99
1
-1.14105 6.25502 -0.915357
-0.0215092 -0.00477171 -0.0496787
100
1
-1.09416 6.26022 -0.813317
-0.0229706 -0.00165609 -0.0551474
101
1
-1.0465 6.25576 -0.697705
-0.0223618 0.00649574 -0.0600318
102
1
-1.00195 6.23418 -0.567413
-0.0201345 0.0158937 -0.0722053
103
1
-0.968701 6.19009 -0.411247
-0.0126983 0.0255244 -0.0725197
104
1
-0.921847 6.11601 -0.208277
-0.0172632 0.0348622 -0.0675164
105
1
-0.701621 5.96045 -0.0864366
-0.0288539 0.0231527 0.0128377
106
1
-0.050498 7.93335 -0.635545
-0.00100429 0.0142099 0.0766089
107
1
0.050498 7.93335 -0.635545
-0.00100429 -0.0142099 -0.0766089
108
1
0.701621 5.96045 -0.0864366
-0.0288539 -0.0231527 -0.0128377
109
1
0.921847 6.11601 -0.208277
-0.0172632 -0.0348622 0.0675164
110
1
0.968701 6.19009 -0.411247
-0.0126983 -0.0255244 0.0725197
111
1
1.00195 6.23418 -0.567413
-0.0201345 -0.0158937 0.0722053
112
1
1.0465 6.25576 -0.697705
-0.0223618 -0.00649574 0.0600318
113
1
1.09416 6.26022 -0.813317
-0.0229706 0.00165609 0.0551474
114
1
1.14105 6.25502 -0.915357
-0.0215092 0.00477171 0.0496787
115
1
1.18845 6.24663 -1.00696
-0.0223959 0.0054243 0.04314
116
1
1.23581 6.23782 -1.08612
-0.0231632 0.0047251 0.0395839
117
1
1.28287 6.22878 -1.15346
-0.0226254 0.00461535 0.0320516
118
1
1.33013 6.21823 -1.20885
-0.0226462 0.00470108 0.0249299
119
1
1.37754 6.20581 -1.25264
-0.0240747 0.00618199 0.0201643
120
1
1.42644 6.19075 -1.28714
-0.0240255 0.00693731 0.0154577
121
1
1.47613 6.17387 -1.31253
-0.0243983 0.00798711 0.0116295
122
1
1.52575 6.15624 -1.32964
-0.0244493 0.0100716 0.00755937
123
1
1.57494 6.13834 -1.33996
-0.0229114 0.0105928 0.00313862
124
1
1.62317 6.12058 -1.34456
-0.0227432 0.0102876 -0.000115693
125
1
1.67095 6.10274 -1.34438
-0.0235792 0.010168 -0.00187179
126
1
1.7188 6.08539 -1.33974
-0.0235227 0.00953944 -0.00395585
127
1
1.76633 6.0692 -1.33033
-0.0234044 0.00885245 -0.00624908
128
1
1.8132 6.05432 -1.31654
-0.0233516 0.0076623 -0.00785688
129
1
1.8594 6.04159 -1.29885
-0.0227769 0.00608312 -0.00966877
130
1
1.90479 6.0316 -1.27761
-0.0223312 0.00502197 -0.0118547
131
1
1.94931 6.02445 -1.25356
-0.0219346 0.0035096 -0.0130718
132
1
1.99298 6.01995 -1.22754
-0.0210171 0.00127693 -0.0138797
133
1
2.03589 6.01801 -1.19978
-0.0201424 -0.000144366 -0.0146877
134
1
2.07829 6.01791 -1.16958
-0.0200034 -0.000831471 -0.0155412
135
1
2.12086 6.01897 -1.13647
-0.0205653 -0.00191702 -0.0171072
136
1
2.16393 6.02122 -1.10049
-0.0211975 -0.00291514 -0.0189623
137
1
2.20682 6.02467 -1.06196
-0.0216738 -0.00286027 -0.0201862
138
1
2.24876 6.02903 -1.02116
-0.0217236 -0.00273574 -0.020963
139
1
2.28987 6.03437 -0.97847
-0.0209968 -0.00349659 -0.0219163
140
1
2.33005 6.0403 -0.933595
-0.0203028 -0.00421815 -0.0231047
141
1
2.36925 6.04683 -0.885932
-0.0200279 -0.00435705 -0.0245843
142
1
2.40711 6.05417 -0.834494
-0.0192706 -0.00449542 -0.0267848
143
1
2.44323 6.06164 -0.779084
-0.0178946 -0.00434476 -0.0293803
144
1
2.47718 6.06851 -0.720241
-0.0167535 -0.00342173 -0.0315062
145
1
2.50896 6.07442 -0.658614
-0.0156051 -0.00225109 -0.0333461
146
1
2.53852 6.07906 -0.594887
-0.0143011 -0.00163924 -0.034806
147
1
2.56541 6.08318 -0.529884
-0.0131271 -0.00188389 -0.0349157
148
1
2.58972 6.08752 -0.464347
-0.0119486 -0.00251632 -0.0344825
149
1
2.61148 6.09244 -0.398415
-0.0104541 -0.00305205 -0.0341535
150
1
2.6307 6.09788 -0.332288
-0.00898996 -0.00304879 -0.0339647
151
1
2.64716 6.10323 -0.266081
-0.00769983 -0.00259319 -0.033977
152
1
2.66034 6.10839 -0.199735
-0.00616787 -0.00259381 -0.0342714
153
1
2.66982 6.11293 -0.13331
-0.00414572 -0.00290035 -0.0343837
154
1
2.67525 6.11633 -0.0666774
-0.00196784 -0.00223581 -0.0339779
155
1
2.67711 6.11769 1.5525e-012
2.23444e-014 4.51273e-015 -0.0336458
156
1
2.67525 6.11633 0.0666774
0.00196784 0.00223581 -0.0339779
157
1
2.66982 6.11293 0.13331
0.00414572 0.00290035 -0.0343837
158
1
2.66034 6.10839 0.199735
0.00616787 0.00259381 -0.0342714
159
1
2.64716 6.10323 0.266081
0.00769983 0.00259319 -0.033977
160
1
2.6307 6.09788 0.332288
0.00898996 0.00304879 -0.0339647
161
1
2.61148 6.09244 0.398415
0.0104541 0.00305205 -0.0341535
162
1
2.58972 6.08752 0.464347
0.0119486 0.00251632 -0.0344825
163
1
2.56541 6.08318 0.529884
0.0131271 0.00188389 -0.0349157
164
1
2.53852 6.07906 0.594887
0.0143011 0.00163924 -0.034806
165
1
2.50896 6.07442 0.658614
0.0156051 0.00225109 -0.0333461
166
1
2.47718 6.06851 0.720241
0.0167535 0.00342173 -0.0315062
167
1
2.44323 6.06164 0.779084
0.0178946 0.00434476 -0.0293803
168
1
2.40711 6.05417 0.834494
0.0192706 0.00449542 -0.0267848
169
1
2.36925 6.04683 0.885932
0.0200279 0.00435705 -0.0245843
170
1
2.33005 6.0403 0.933595
0.0203028 0.00421815 -0.0231047
171
1
2.28987 6.03437 0.97847
0.0209968 0.00349659 -0.0219163
172
1
2.24876 6.02903 1.02116
0.0217236 0.00273574 -0.020963
173
1
2.20682 6.02467 1.06196
0.0216738 0.00286027 -0.0201862
174
1
2.16393 6.02122 1.10049
0.0211975 0.00291514 -0.0189623
175
1
2.12086 6.01897 1.13647
0.0205653 0.00191702 -0.0171072
176
1
2.07829 6.01791 1.16958
0.0200034 0.000831471 -0.0155412
177
1
2.03589 6.01801 1.19978
0.0201424 0.000144366 -0.0146877
178
1
1.99298 6.01995 1.22754
0.0210171 -0.00127693 -0.0138797
179
1
1.94931 6.02445 1.25356
0.0219346 -0.0035096 -0.0130718
180
1
1.90479 6.0316 1.27761
0.0223312 -0.00502197 -0.0118547
181
1
1.8594 6.04159 1.29885
0.0227769 -0.00608312 -0.00966877
182
1
1.8132 6.05432 1.31654
0.0233516 -0.0076623 -0.00785688
183
1
1.76633 6.0692 1.33033
0.0234044 -0.00885245 -0.00624908
184
1
1.7188 6.08539 1.33974
0.0235227 -0.00953944 -0.00395585
185
1
1.67095 6.10274 1.34438
0.0235792 -0.010168 -0.00187179
186
1
1.62317 6.12058 1.34456
0.0227432 -0.0102876 -0.000115693
187
1
1.57494 6.13834 1.33996
0.0229114 -0.0105928 0.00313862
188
1
1.52575 6.15624 1.32964
0.0244493 -0.0100716 0.00755937
189
1
1.47613 6.17387 1.31253
0.0243983 -0.00798711 0.0116295
190
1
1.42644 6.19075 1.28714
0.0240255 -0.00693731 0.0154577
191
1
1.37754 6.20581 1.25264
0.0240747 -0.00618199 0.0201643
192
1
1.33013 6.21823 1.20885
0.0226462 -0.00470108 0.0249299
193
1
1.28287 6.22878 1.15346
0.0226254 -0.00461535 0.0320516
