194
0
1
0.86967 4.40044 0.598186
0.0381952 -0.0205949 0.0260888
1
1
0.795774 4.44414 0.544998
0.0363409 -0.0242784 0.028587
2
1
0.721502 4.49625 0.488514
0.0360651 -0.028861 0.029631
3
1
0.647534 4.55749 0.432522
0.0348617 -0.033729 0.0281489
4
1
0.571178 4.6272 0.380531
0.0375402 -0.0369194 0.0247079
5
1
0.489216 4.70132 0.336954
0.0402268 -0.0380007 0.018728
6
1
0.398248 4.77427 0.304138
0.046178 -0.0361673 0.0131115
7
1
0.296167 4.83863 0.282828
0.0520825 -0.0302056 0.0066268
8
1
0.182999 4.88692 0.270926
0.0577805 -0.0202884 0.00311047
9
1
0.0620004 4.91284 0.265876
0.0611871 -0.0069966 0.000427416
10
1
-0.0620004 4.91284 0.265876
0.0611871 0.0069966 -0.000427416
11
1
-0.182999 4.88692 0.270926
0.0577805 0.0202884 -0.00311047
12
1
-0.296167 4.83863 0.282828
0.0520825 0.0302056 -0.0066268
13
1
-0.398248 4.77427 0.304138
0.046178 0.0361673 -0.0131115
14
1
-0.489216 4.70132 0.336954
0.0402268 0.0380007 -0.018728
15
1
-0.571178 4.6272 0.380531
0.0375402 0.0369194 -0.0247079
16
1
-0.647534 4.55749 0.432522
0.0348617 0.033729 -0.0281489
17
1
-0.721502 4.49625 0.488514
0.0360651 0.028861 -0.029631
18
1
-0.795774 4.44414 0.544998
0.0363409 0.0242784 -0.028587
19
1
-0.86967 4.40044 0.598186
0.0381952 0.0205949 -0.0260888
20
1
-0.942213 4.36348 0.646539
0.0374107 0.0166522 -0.0228375
21
1
-1.01261 4.33123 0.689342
0.0347531 0.0144495 -0.0195135
22
1
-1.0809 4.30179 0.726277
0.0348699 0.0136318 -0.0168412
23
1
-1.14806 4.27453 0.75835
0.0323199 0.0122089 -0.014932
24
1
-1.21353 4.25 0.786517
0.0313966 0.0115089 -0.0140911
25
1
-1.27761 4.22871 0.811778
0.0314771 0.010682 -0.0126944
26
1
-1.34023 4.21093 0.834696
0.0296925 0.00833615 -0.0116463
27
1
-1.40123 4.19679 0.855753
0.0291603 0.00632684 -0.010845
28
1
-1.46134 4.18576 0.874281
0.0297658 0.00506115 -0.00976821
29
1
-1.52089 4.17732 0.890049
0.0291801 0.00342862 -0.00824294
30
1
-1.57999 4.17166 0.90292
0.0287777 0.00181455 -0.00629628
31
1
-1.63892 4.16855 0.912446
0.0292693 0.000873743 -0.00422554
32
1
-1.69768 4.16668 0.918498
0.0293661 0.000218961 -0.00255403
33
1
-1.75603 4.16486 0.921007
0.0290171 4.7861e-005 -0.000842729
34
1
-1.81369 4.16243 0.919653
0.0287783 0.000905128 0.0015203
35
1
-1.87043 4.15932 0.913982
0.02809 0.00185405 0.00405724
36
1
-1.92606 4.15539 0.904247
0.0267368 0.00197812 0.00590278
37
1
-1.98103 4.15057 0.891068
0.026157 0.00203424 0.00743732
38
1
-2.03626 4.14526 0.874646
0.0270849 0.00279959 0.00921544
39
1
-2.09191 4.1399 0.854919
0.0281107 0.00342528 0.0105283
40
1
-2.14722 4.135 0.832446
0.0281458 0.00312185 0.0112483
41
1
-2.2015 4.13112 0.807903
0.0277538 0.00263928 0.0120703
42
1
-2.25489 4.12863 0.781863
0.0272222 0.00205267 0.013191
43
1
-2.30745 4.12783 0.753687
0.0264587 0.000828032 0.0148014
44
1
-2.35952 4.12836 0.722862
0.0258528 -0.000406944 0.0169138
45
1
-2.41128 4.1293 0.688526
0.0257357 -0.000544779 0.0190206
46
1
-2.46216 4.12942 0.650246
0.025603 3.59906e-005 0.0208991
47
1
-2.511 4.12884 0.608279
0.0248776 6.80817e-005 0.0225721
48
1
-2.55654 4.1283 0.562958
0.0233873 -7.56716e-005 0.0241912
49
1
-2.59784 4.12783 0.514509
0.0209564 0.000469224 0.0261526
50
1
-2.634 4.12739 0.463196
0.0180145 0.000974633 0.0276847
51
1
-2.6652 4.12739 0.409755
0.0153177 0.000419814 0.0284697
52
1
-2.69193 4.12799 0.354452
0.012671 -0.000817072 0.0290031
53
1
-2.71406 4.12933 0.297541
0.00973939 -0.0018673 0.0297377
54
1
-2.73134 4.13103 0.239324
0.00685653 -0.0022152 0.0305179
55
1
-2.74356 4.13282 0.18005
0.00452853 -0.00196315 0.0310047
56
1
-2.75122 4.1343 0.120195
0.00271546 -0.00141483 0.0309755
57
1
-2.75501 4.13525 0.0600849
0.00122566 -0.000782411 0.0305441
58
1
-2.75622 4.13567 -1.96059e-015
-2.38936e-016 -1.34602e-016 0.0302781
59
1
-2.75501 4.13525 -0.0600849
-0.00122566 0.000782411 0.0305441
60
1
-2.75122 4.1343 -0.120195
-0.00271546 0.00141483 0.0309755
61
1
-2.74356 4.13282 -0.18005
-0.00452853 0.00196315 0.0310047
62
1
-2.73134 4.13103 -0.239324
-0.00685653 0.0022152 0.0305179
63
1
-2.71406 4.12933 -0.297541
-0.00973939 0.0018673 0.0297377
64
1
-2.69193 4.12799 -0.354452
-0.012671 0.000817072 0.0290031
65
1
-2.6652 4.12739 -0.409755
-0.0153177 -0.000419814 0.0284697
66
1
-2.634 4.12739 -0.463196
-0.0180145 -0.000974633 0.0276847
67
1
-2.59784 4.12783 -0.514509
-0.0209564 -0.000469224 0.0261526
68
1
-2.55654 4.1283 -0.562958
-0.0233873 7.56716e-005 0.0241912
69
1
-2.511 4.12884 -0.608279
-0.0248776 -6.80817e-005 0.0225721
70
1
-2.46216 4.12942 -0.650246
-0.025603 -3.59906e-005 0.0208991
71
1
-2.41128 4.1293 -0.688526
-0.0257357 0.000544779 0.0190206
72
1
-2.35952 4.12836 -0.722862
-0.0258528 0.000406944 0.0169138
73
1
-2.30745 4.12783 -0.753687
-0.0264587 -0.000828032 0.0148014
74
1
-2.25489 4.12863 -0.781863
-0.0272222 -0.00205267 0.013191
75
1
-2.2015 4.13112 -0.807903
-0.0277538 -0.00263928 0.0120703
76
1
-2.14722 4.135 -0.832446
-0.0281458 -0.00312185 0.0112483
77
1
-2.09191 4.1399 -0.854919
-0.0281107 -0.00342528 0.0105283
78
1
-2.03626 4.14526 -0.874646
-0.0270849 -0.00279959 0.00921544
79
1
-1.98103 4.15057 -0.891068
-0.026157 -0.00203424 0.00743732
80
1
-1.92606 4.15539 -0.904247
-0.0267368 -0.00197812 0.00590278
81
1
-1.87043 4.15932 -0.913982
-0.02809 -0.00185405 0.00405724
82
1
-1.81369 4.16243 -0.919653
-0.0287783 -0.000905128 0.0015203
83
1
-1.75603 4.16486 -0.921007
-0.0290171 -4.7861e-005 -0.000842729
84
1
-1.69768 4.16668 -0.918498
-0.0293661 -0.000218961 -0.00255403
85
1
-1.63892 4.16855 -0.912446
-0.0292693 -0.000873743 -0.00422554
86
1
-1.57999 4.17166 -0.90292
-0.0287777 -0.00181455 -0.00629628
87
1
-1.52089 4.17732 -0.890049
-0.0291801 -0.00342862 -0.00824294
88
1
-1.46134 4.18576 -0.874281
-0.0297658 -0.00506115 -0.00976821
89
1
-1.40123 4.19679 -0.855753
-0.0291603 -0.00632684 -0.010845
90
1
-1.34023 4.21093 -0.834696
-0.0296925 -0.00833615 -0.0116463
91
1
-1.27761 4.22871 -0.811778
-0.0314771 -0.010682 -0.0126944
92
1
-1.21353 4.25 -0.786517
-0.0313966 -0.0115089 -0.0140911
93
1
-1.14806 4.27453 -0.75835
-0.0323199 -0.0122089 -0.014932
94
1
-1.0809 4.30179 -0.726277
-0.0348699 -0.0136318 -0.0168412
95
1
-1.01261 4.33123 -0.689342
-0.0347531 -0.0144495 -0.0195135
96
1
-0.942213 4.36348 -0.646539
-0.0374107 -0.0166522 -0.0228375
97
1
-0.86967 4.40044 -0.598186
-0.0381952 -0.0205949 -0.0260888
98
1
-0.795774 4.44414 -0.544998
-0.0363409 -0.0242784 -0.028587
99
1
-0.721502 4.49625 -0.488514
-0.0360651 -0.028861 -0.029631
100
1
-0.647534 4.55749 -0.432522
-0.0348617 -0.033729 -0.0281489
101
1
-0.571178 4.6272 -0.380531
-0.0375402 -0.0369194 -0.0247079
102
1
-0.489216 4.70132 -0.336954
-0.0402268 -0.0380007 -0.018728
103
1
-0.398248 4.77427 -0.304138
-0.046178 -0.0361673 -0.0131115
104
1
-0.296167 4.83863 -0.282828
-0.0520825 -0.0302056 -0.0066268
105
1
-0.182999 4.88692 -0.270926
-0.0577805 -0.0202884 -0.00311047
106
1
-0.0620004 4.91284 -0.265876
-0.0611871 -0.0069966 -0.000427416
107
1
0.0620004 4.91284 -0.265876
-0.0611871 0.0069966 0.000427416
108
1
0.182999 4.88692 -0.270926
-0.0577805 0.0202884 0.00311047
109
1
0.296167 4.83863 -0.282828
-0.0520825 0.0302056 0.0066268
110
1
0.398248 4.77427 -0.304138
-0.046178 0.0361673 0.0131115
111
1
0.489216 4.70132 -0.336954
-0.0402268 0.0380007 0.018728
112
1
0.571178 4.6272 -0.380531
-0.0375402 0.0369194 0.0247079
113
1
0.647534 4.55749 -0.432522
-0.0348617 0.033729 0.0281489
114
1
0.721502 4.49625 -0.488514
-0.0360651 0.028861 0.029631
115
1
0.795774 4.44414 -0.544998
-0.0363409 0.0242784 0.028587
116
1
0.86967 4.40044 -0.598186
-0.0381952 0.0205949 0.0260888
117
1
0.942213 4.36348 -0.646539
-0.0374107 0.0166522 0.0228375
118
1
1.01261 4.33123 -0.689342
-0.0347531 0.0144495 0.0195135
119
1
1.0809 4.30179 -0.726277
-0.0348699 0.0136318 0.0168412
120
1
1.14806 4.27453 -0.75835
-0.0323199 0.0122089 0.014932
121
1
1.21353 4.25 -0.786517
-0.0313966 0.0115089 0.0140911
122
1
1.27761 4.22871 -0.811778
-0.0314771 0.010682 0.0126944
123
1
1.34023 4.21093 -0.834696
-0.0296925 0.00833615 0.0116463
124
1
1.40123 4.19679 -0.855753
-0.0291603 0.00632684 0.010845
125
1
1.46134 4.18576 -0.874281
-0.0297658 0.00506115 0.00976821
126
1
1.52089 4.17732 -0.890049
-0.0291801 0.00342862 0.00824294
127
1
1.57999 4.17166 -0.90292
-0.0287777 0.00181455 0.00629628
128
1
1.63892 4.16855 -0.912446
-0.0292693 0.000873743 0.00422554
129
1
1.69768 4.16668 -0.918498
-0.0293661 0.000218961 0.00255403
130
1
1.75603 4.16486 -0.921007
-0.0290171 4.7861e-005 0.000842729
131
1
1.81369 4.16243 -0.919653
-0.0287783 0.000905128 -0.0015203
132
1
1.87043 4.15932 -0.913982
-0.02809 0.00185405 -0.00405724
133
1
1.92606 4.15539 -0.904247
-0.0267368 0.00197812 -0.00590278
134
1
1.98103 4.15057 -0.891068
-0.026157 0.00203424 -0.00743732
135
1
2.03626 4.14526 -0.874646
-0.0270849 0.00279959 -0.00921544
136
1
2.09191 4.1399 -0.854919
-0.0281107 0.00342528 -0.0105283
137
1
2.14722 4.135 -0.832446
-0.0281458 0.00312185 -0.0112483
138
1
2.2015 4.13112 -0.807903
-0.0277538 0.00263928 -0.0120703
139
1
2.25489 4.12863 -0.781863
-0.0272222 0.00205267 -0.013191
140
1
2.30745 4.12783 -0.753687
-0.0264587 0.000828032 -0.0148014
141
1
2.35952 4.12836 -0.722862
-0.0258528 -0.000406944 -0.0169138
142
1
2.41128 4.1293 -0.688526
-0.0257357 -0.000544779 -0.0190206
143
1
2.46216 4.12942 -0.650246
-0.025603 3.59906e-005 -0.0208991
144
1
2.511 4.12884 -0.608279
-0.0248776 6.80817e-005 -0.0225721
145
1
2.55654 4.1283 -0.562958
-0.0233873 -7.56716e-005 -0.0241912
146
1
2.59784 4.12783 -0.514509
-0.0209564 0.000469224 -0.0261526
147
1
2.634 4.12739 -0.463196
-0.0180145 0.000974633 -0.0276847
148
1
2.6652 4.12739 -0.409755
-0.0153177 0.000419814 -0.0284697
149
1
2.69193 4.12799 -0.354452
-0.012671 -0.000817072 -0.0290031
150
1
2.71406 4.12933 -0.297541
-0.00973939 -0.0018673 -0.0297377
151
1
2.73134 4.13103 -0.239324
-0.00685653 -0.0022152 -0.0305179
152
1
2.74356 4.13282 -0.18005
-0.00452853 -0.00196315 -0.0310047
153
1
2.75122 4.1343 -0.120195
-0.00271546 -0.00141483 -0.0309755
154
1
2.75501 4.13525 -0.0600849
-0.00122566 -0.000782411 -0.0305441
155
1
2.75622 4.13567 -6.20404e-015
4.39179e-016 -4.06773e-016 -0.0302781
156
1
2.75501 4.13525 0.0600849
0.00122566 0.000782411 -0.0305441
157
1
2.75122 4.1343 0.120195
0.00271546 0.00141483 -0.0309755
158
1
2.74356 4.13282 0.18005
0.00452853 0.00196315 -0.0310047
159
1
2.73134 4.13103 0.239324
0.00685653 0.0022152 -0.0305179
160
1
2.71406 4.12933 0.297541
0.00973939 0.0018673 -0.0297377
161
1
2.69193 4.12799 0.354452
0.012671 0.000817072 -0.0290031
162
1
2.6652 4.12739 0.409755
0.0153177 -0.000419814 -0.0284697
163
1
2.634 4.12739 0.463196
0.0180145 -0.000974633 -0.0276847
164
1
2.59784 4.12783 0.514509
0.0209564 -0.000469224 -0.0261526
165
1
2.55654 4.1283 0.562958
0.0233873 7.56716e-005 -0.0241912
166
1
2.511 4.12884 0.608279
0.0248776 -6.80817e-005 -0.0225721
167
1
2.46216 4.12942 0.650246
0.025603 -3.59906e-005 -0.0208991
168
1
2.41128 4.1293 0.688526
0.0257357 0.000544779 -0.0190206
169
1
2.35952 4.12836 0.722862
0.0258528 0.000406944 -0.0169138
170
1
2.30745 4.12783 0.753687
0.0264587 -0.000828032 -0.0148014
171
1
2.25489 4.12863 0.781863
0.0272222 -0.00205267 -0.013191
172
1
2.2015 4.13112 0.807903
0.0277538 -0.00263928 -0.0120703
173
1
2.14722 4.135 0.832446
0.0281458 -0.00312185 -0.0112483
174
1
2.09191 4.1399 0.854919
0.0281107 -0.00342528 -0.0105283
175
1
2.03626 4.14526 0.874646
0.0270849 -0.00279959 -0.00921544
176
1
1.98103 4.15057 0.891068
0.026157 -0.00203424 -0.00743732
177
1
1.92606 4.15539 0.904247
0.0267368 -0.00197812 -0.00590278
178
1
1.87043 4.15932 0.913982
0.02809 -0.00185405 -0.00405724
179
1
1.81369 4.16243 0.919653
0.0287783 -0.000905128 -0.0015203
180
1
1.75603 4.16486 0.921007
0.0290171 -4.7861e-005 0.000842729
181
1
1.69768 4.16668 0.918498
0.0293661 -0.000218961 0.00255403
182
1
1.63892 4.16855 0.912446
0.0292693 -0.000873743 0.00422554
183
1
1.57999 4.17166 0.90292
0.0287777 -0.00181455 0.00629628
184
1
1.52089 4.17732 0.890049
0.0291801 -0.00342862 0.00824294
185
1
1.46134 4.18576 0.874281
0.0297658 -0.00506115 0.00976821
186
1
1.40123 4.19679 0.855753
0.0291603 -0.00632684 0.010845
187
1
1.34023 4.21093 0.834696
0.0296925 -0.00833615 0.0116463
188
1
1.27761 4.22871 0.811778
0.0314771 -0.010682 0.0126944
189
1
1.21353 4.25 0.786517
0.0313966 -0.0115089 0.0140911
190
1
1.14806 4.27453 0.75835
0.0323199 -0.0122089 0.014932
191
1
1.0809 4.30179 0.726277
0.0348699 -0.0136318 0.0168412
192
1
1.01261 4.33123 0.689342
0.0347531 -0.0144495 0.0195135
193
1
0.942213 4.36348 0.646539
0.0374107 -0.0166522 0.0228375
