194
0
1
1.17018 8.8065 0.643212
0.0563895 0.0135619 0.00485644
1
1
1.06093 8.77919 0.630525
0.0552816 0.0148861 0.00846853
2
1
0.947521 8.74399 0.606842
0.0581737 0.0196126 0.014199
3
1
0.832704 8.70221 0.570311
0.0578752 0.0231233 0.0207774
4
1
0.713289 8.65478 0.520016
0.0594184 0.0234323 0.0284541
5
1
0.587004 8.60082 0.454605
0.0630609 0.0287842 0.0347227
6
1
0.440677 8.54599 0.367174
0.0600001 0.024328 0.0414682
7
1
0.283622 8.46777 0.205499
0.0395045 0.0256711 0.061668
8
1
0.283577 6.63881 0.0603619
-0.0313352 0.0363504 -0.00987768
9
1
0.0484875 12.0176 0.364778
0.000839025 -0.0270372 -0.0729426
10
1
-0.0484875 12.0176 0.364778
0.000839025 0.0270372 0.0729426
11
1
-0.283576 6.63881 0.0603555
-0.0313349 -0.0363503 0.0098783
12
1
-0.283622 8.46777 0.205499
0.0395046 -0.0256711 -0.061668
13
1
-0.440677 8.54599 0.367174
0.0600001 -0.024328 -0.0414682
14
1
-0.587004 8.60082 0.454605
0.0630609 -0.0287842 -0.0347227
15
1
-0.713289 8.65478 0.520016
0.0594184 -0.0234323 -0.0284541
16
1
-0.832704 8.70221 0.570311
0.0578752 -0.0231233 -0.0207774
17
1
-0.947521 8.74399 0.606842
0.0581737 -0.0196126 -0.014199
18
1
-1.06093 8.77919 0.630525
0.0552816 -0.0148861 -0.00846853
19
1
-1.17018 8.8065 0.643212
0.0563895 -0.0135619 -0.00485645
20
1
-1.27217 8.8271 0.648525
0.048324 -0.00913875 -0.00159188
21
1
-1.3671 8.84302 0.648887
0.0448021 -0.00787681 0.000953637
22
1
-1.45497 8.8558 0.644412
0.0436659 -0.00531574 0.00465715
23
1
-1.53954 8.86543 0.634774
0.0397967 -0.00251883 0.00721498
24
1
-1.62072 8.87256 0.621185
0.0391022 -0.00235104 0.00793377
25
1
-1.6984 8.87834 0.605721
0.0389883 -0.00260583 0.00913263
26
1
-1.7729 8.88382 0.590229
0.0344135 -0.00261612 0.00907172
27
1
-1.84355 8.88975 0.576878
0.0323063 -0.00268339 0.0078059
28
1
-1.91159 8.89635 0.566812
0.0336044 -0.00272739 0.00598112
29
1
-1.97837 8.90424 0.559655
0.033424 -0.00323974 0.0038833
30
1
-2.04308 8.91437 0.555359
0.0320239 -0.00443248 0.00164681
31
1
-2.10553 8.92719 0.553915
0.0308544 -0.00599013 4.48874e-005
32
1
-2.16536 8.94267 0.555399
0.0293116 -0.00726516 -0.00177387
33
1
-2.22191 8.96077 0.559273
0.0280413 -0.00886878 -0.00343696
34
1
-2.27539 8.98182 0.564447
0.0264594 -0.0116332 -0.00357082
35
1
-2.32586 9.00572 0.570038
0.0235471 -0.0135356 -0.00342324
36
1
-2.37294 9.03193 0.575468
0.0212431 -0.0136663 -0.00375163
37
1
-2.41765 9.06048 0.57903
0.0207762 -0.0152238 -0.00228374
38
1
-2.46104 9.09126 0.579678
0.0202399 -0.0169474 -0.000366878
39
1
-2.50294 9.12377 0.577587
0.018716 -0.0162335 -0.000177677
40
1
-2.54315 9.15703 0.571964
0.0190052 -0.0167254 0.00285771
41
1
-2.58269 9.19023 0.562604
0.0200824 -0.0180833 0.00780065
42
1
-2.62268 9.22167 0.549873
0.0188677 -0.0160928 0.00794949
43
1
-2.66308 9.25073 0.533609
0.018992 -0.013692 0.00757109
44
1
-2.70395 9.278 0.513388
0.0216624 -0.0128321 0.0114147
45
1
-2.74586 9.30451 0.48951
0.022656 -0.0127574 0.0148568
46
1
-2.78864 9.33093 0.463524
0.0224207 -0.0126067 0.0133976
47
1
-2.83258 9.35664 0.436611
0.023748 -0.0118638 0.0127961
48
1
-2.87611 9.38153 0.407945
0.0244903 -0.0125065 0.015222
49
1
-2.91655 9.4055 0.378373
0.0225306 -0.0126475 0.0152078
50
1
-2.95269 9.42852 0.347439
0.0184472 -0.011479 0.0135069
51
1
-2.98431 9.45067 0.313682
0.015319 -0.0111638 0.0160502
52
1
-3.01149 9.47142 0.275922
0.0141213 -0.0113536 0.0215491
53
1
-3.03417 9.4908 0.233828
0.0111733 -0.0117036 0.0257236
54
1
-3.05193 9.50763 0.188734
0.00709973 -0.0104912 0.025697
55
1
-3.06484 9.52121 0.14235
0.00449673 -0.00734978 0.024909
56
1
-3.07357 9.53096 0.0955065
0.00274215 -0.00327076 0.0247719
57
1
-3.07797 9.53596 0.0476579
0.000603408 -0.000959976 0.0244302
58
1
-3.07886 9.53747 1.30819e-010
1.0467e-011 6.00606e-011 0.0242058
59
1
-3.07797 9.53596 -0.0476579
-0.000603408 0.000959976 0.0244302
60
1
-3.07357 9.53096 -0.0955065
-0.00274215 0.00327076 0.0247719
61
1
-3.06484 9.52121 -0.14235
-0.00449673 0.00734978 0.024909
62
1
-3.05193 9.50763 -0.188734
-0.00709973 0.0104912 0.025697
63
1
-3.03417 9.4908 -0.233828
-0.0111733 0.0117036 0.0257236
64
1
-3.01149 9.47142 -0.275922
-0.0141213 0.0113536 0.0215491
65
1
-2.98431 9.45067 -0.313682
-0.015319 0.0111638 0.0160502
66
1
-2.95269 9.42852 -0.347439
-0.0184472 0.011479 0.0135069
67
1
-2.91655 9.4055 -0.378373
-0.0225306 0.0126475 0.0152078
68
1
-2.87611 9.38153 -0.407945
-0.0244903 0.0125065 0.015222
69
1
-2.83258 9.35664 -0.436611
-0.023748 0.0118638 0.0127961
70
1
-2.78864 9.33093 -0.463524
-0.0224207 0.0126067 0.0133976
71
1
-2.74586 9.30451 -0.48951
-0.022656 0.0127574 0.0148568
72
1
-2.70395 9.278 -0.513388
-0.0216624 0.0128321 0.0114147
73
1
-2.66308 9.25073 -0.533609
-0.018992 0.013692 0.00757109
74
1
-2.62268 9.22167 -0.549873
-0.0188677 0.0160928 0.00794949
75
1
-2.58269 9.19023 -0.562604
-0.0200824 0.0180833 0.00780065
76
1
-2.54315 9.15703 -0.571964
-0.0190052 0.0167254 0.00285771
77
1
-2.50294 9.12377 -0.577587
-0.018716 0.0162335 -0.000177677
78
1
-2.46104 9.09126 -0.579678
-0.0202399 0.0169474 -0.000366878
79
1
-2.41765 9.06048 -0.57903
-0.0207762 0.0152238 -0.00228374
80
1
-2.37294 9.03193 -0.575468
-0.0212431 0.0136663 -0.00375163
81
1
-2.32586 9.00572 -0.570038
-0.0235471 0.0135356 -0.00342324
82
1
-2.27539 8.98182 -0.564446
-0.0264594 0.0116332 -0.00357082
83
1
-2.22191 8.96077 -0.559273
-0.0280413 0.00886878 -0.00343696
84
1
-2.16536 8.94267 -0.555399
-0.0293116 0.00726516 -0.00177387
85
1
-2.10553 8.92719 -0.553915
-0.0308544 0.00599013 4.48874e-005
86
1
-2.04308 8.91437 -0.555359
-0.0320239 0.00443248 0.00164681
87
1
-1.97837 8.90424 -0.559655
-0.033424 0.00323974 0.0038833
88
1
-1.91159 8.89635 -0.566812
-0.0336044 0.00272739 0.00598112
89
1
-1.84355 8.88975 -0.576878
-0.0323063 0.00268339 0.0078059
90
1
-1.7729 8.88382 -0.590229
-0.0344135 0.00261612 0.00907172
91
1
-1.6984 8.87834 -0.605721
-0.0389883 0.00260583 0.00913263
92
1
-1.62072 8.87256 -0.621185
-0.0391022 0.00235104 0.00793377
93
1
-1.53954 8.86543 -0.634774
-0.0397967 0.00251883 0.00721498
94
1
-1.45497 8.8558 -0.644412
-0.0436659 0.00531574 0.00465715
95
1
-1.3671 8.84302 -0.648887
-0.0448021 0.00787681 0.000953639
96
1
-1.27217 8.8271 -0.648525
-0.048324 0.00913875 -0.00159188
97
1
-1.17018 8.8065 -0.643212
-0.0563895 0.0135619 -0.00485644
98
1
-1.06093 8.77919 -0.630525
-0.0552816 0.0148861 -0.00846853
99
1
-0.947521 8.74399 -0.606842
-0.0581737 0.0196126 -0.014199
100
1
-0.832704 8.70221 -0.570311
-0.0578752 0.0231233 -0.0207774
101
1
-0.713289 8.65478 -0.520016
-0.0594184 0.0234323 -0.0284541
102
1
-0.587004 8.60082 -0.454605
-0.0630609 0.0287842 -0.0347227
103
1
-0.440677 8.54599 -0.367174
-0.0600001 0.024328 -0.0414682
104
1
-0.283622 8.46777 -0.205499
-0.0395045 0.0256711 -0.061668
105
1
-0.283576 6.63881 -0.0603611
0.0313352 0.0363504 0.00987773
106
1
-0.0484875 12.0176 -0.364778
-0.000839025 -0.0270372 0.0729426
107
1
0.0484875 12.0176 -0.364778
-0.000839025 0.0270372 -0.0729426
108
1
0.283576 6.63881 -0.0603547
0.0313348 -0.0363502 -0.00987834
109
1
0.283622 8.46777 -0.205499
-0.0395046 -0.0256711 0.061668
110
1
0.440677 8.54599 -0.367174
-0.0600001 -0.024328 0.0414682
111
1
0.587004 8.60082 -0.454605
-0.0630609 -0.0287842 0.0347227
112
1
0.713289 8.65478 -0.520016
-0.0594184 -0.0234323 0.0284541
113
1
0.832704 8.70221 -0.570311
-0.0578752 -0.0231233 0.0207774
114
1
0.947521 8.74399 -0.606842
-0.0581737 -0.0196126 0.014199
115
1
1.06093 8.77919 -0.630525
-0.0552816 -0.0148861 0.00846853
116
1
1.17018 8.8065 -0.643212
-0.0563895 -0.0135619 0.00485645
117
1
1.27217 8.8271 -0.648525
-0.048324 -0.00913875 0.00159188
118
1
1.3671 8.84302 -0.648887
-0.0448021 -0.00787681 -0.000953637
119
1
1.45497 8.8558 -0.644412
-0.0436659 -0.00531574 -0.00465715
120
1
1.53954 8.86543 -0.634774
-0.0397967 -0.00251883 -0.00721498
121
1
1.62072 8.87256 -0.621185
-0.0391022 -0.00235104 -0.00793377
122
1
1.6984 8.87834 -0.605721
-0.0389883 -0.00260583 -0.00913263
123
1
1.7729 8.88382 -0.590229
-0.0344135 -0.00261612 -0.00907172
124
1
1.84355 8.88975 -0.576878
-0.0323063 -0.00268339 -0.0078059
125
1
1.91159 8.89635 -0.566812
-0.0336044 -0.00272739 -0.00598112
126
1
1.97837 8.90424 -0.559655
-0.033424 -0.00323974 -0.0038833
127
1
2.04308 8.91437 -0.555359
-0.0320239 -0.00443248 -0.00164681
128
1
2.10553 8.92719 -0.553915
-0.0308544 -0.00599013 -4.48874e-005
129
1
2.16536 8.94267 -0.555399
-0.0293116 -0.00726516 0.00177387
130
1
2.22191 8.96077 -0.559273
-0.0280413 -0.00886878 0.00343696
131
1
2.27539 8.98182 -0.564447
-0.0264594 -0.0116332 0.00357082
132
1
2.32586 9.00572 -0.570038
-0.0235471 -0.0135356 0.00342324
133
1
2.37294 9.03193 -0.575468
-0.0212431 -0.0136663 0.00375163
134
1
2.41765 9.06048 -0.57903
-0.0207762 -0.0152238 0.00228374
135
1
2.46104 9.09126 -0.579678
-0.0202399 -0.0169474 0.000366878
136
1
2.50294 9.12377 -0.577587
-0.018716 -0.0162335 0.000177677
137
1
2.54315 9.15703 -0.571964
-0.0190052 -0.0167254 -0.00285771
138
1
2.58269 9.19023 -0.562604
-0.0200824 -0.0180833 -0.00780065
139
1
2.62268 9.22167 -0.549873
-0.0188677 -0.0160928 -0.00794949
140
1
2.66308 9.25073 -0.533609
-0.018992 -0.013692 -0.00757109
141
1
2.70395 9.278 -0.513388
-0.0216624 -0.0128321 -0.0114147
142
1
2.74586 9.30451 -0.48951
-0.022656 -0.0127574 -0.0148568
143
1
2.78864 9.33093 -0.463524
-0.0224207 -0.0126067 -0.0133976
144
1
2.83258 9.35664 -0.436611
-0.023748 -0.0118638 -0.0127961
145
1
2.87611 9.38153 -0.407945
-0.0244903 -0.0125065 -0.015222
146
1
2.91655 9.4055 -0.378373
-0.0225306 -0.0126475 -0.0152078
147
1
2.95269 9.42852 -0.347439
-0.0184472 -0.011479 -0.0135069
148
1
2.98431 9.45067 -0.313682
-0.015319 -0.0111638 -0.0160502
149
1
3.01149 9.47142 -0.275922
-0.0141213 -0.0113536 -0.0215491
150
1
3.03417 9.4908 -0.233828
-0.0111733 -0.0117036 -0.0257236
151
1
3.05193 9.50763 -0.188734
-0.00709973 -0.0104912 -0.025697
152
1
3.06484 9.52121 -0.14235
-0.00449673 -0.00734978 -0.024909
153
1
3.07357 9.53096 -0.0955065
-0.00274215 -0.00327076 -0.0247719
154
1
3.07797 9.53596 -0.0476579
-0.000603408 -0.000959976 -0.0244302
155
1
3.07886 9.53747 5.05235e-010
-2.27071e-011 7.00585e-011 -0.0242058
156
1
3.07797 9.53596 0.0476579
0.000603408 0.000959976 -0.0244302
157
1
3.07357 9.53096 0.0955065
0.00274215 0.00327076 -0.0247719
158
1
3.06484 9.52121 0.14235
0.00449673 0.00734978 -0.024909
159
1
3.05193 9.50763 0.188734
0.00709973 0.0104912 -0.025697
160
1
3.03417 9.4908 0.233828
0.0111733 0.0117036 -0.0257236
161
1
3.01149 9.47142 0.275922
0.0141213 0.0113536 -0.0215491
162
1
2.98431 9.45067 0.313682
0.015319 0.0111638 -0.0160502
163
1
2.95269 9.42852 0.347439
0.0184472 0.011479 -0.0135069
164
1
2.91655 9.4055 0.378373
0.0225306 0.0126475 -0.0152078
165
1
2.87611 9.38153 0.407945
0.0244903 0.0125065 -0.015222
166
1
2.83258 9.35664 0.436611
0.023748 0.0118638 -0.0127961
167
1
2.78864 9.33093 0.463524
0.0224207 0.0126067 -0.0133976
168
1
2.74586 9.30451 0.48951
0.022656 0.0127574 -0.0148568
169
1
2.70395 9.278 0.513388
0.0216624 0.0128321 -0.0114147
170
1
2.66308 9.25073 0.533609
0.018992 0.013692 -0.00757109
171
1
2.62268 9.22167 0.549873
0.0188677 0.0160928 -0.00794949
172
1
2.58269 9.19023 0.562604
0.0200824 0.0180833 -0.00780065
173
1
2.54315 9.15703 0.571964
0.0190052 0.0167254 -0.00285771
174
1
2.50294 9.12377 0.577587
0.018716 0.0162335 0.000177677
175
1
2.46104 9.09126 0.579678
0.0202399 0.0169474 0.000366878
176
1
2.41765 9.06048 0.57903
0.0207762 0.0152238 0.00228374
177
1
2.37294 9.03193 0.575468
0.0212431 0.0136663 0.00375163
178
1
2.32586 9.00572 0.570038
0.0235471 0.0135356 0.00342324
179
1
2.27539 8.98182 0.564446
0.0264594 0.0116332 0.00357082
180
1
2.22191 8.96077 0.559273
0.0280413 0.00886878 0.00343696
181
1
2.16536 8.94267 0.555399
0.0293116 0.00726516 0.00177387
182
1
2.10553 8.92719 0.553915
0.0308544 0.00599013 -4.48874e-005
183
1
2.04308 8.91437 0.555359
0.0320239 0.00443248 -0.00164681
184
1
1.97837 8.90424 0.559655
0.033424 0.00323974 -0.0038833
185
1
1.91159 8.89635 0.566812
0.0336044 0.00272739 -0.00598112
186
1
1.84355 8.88975 0.576878
0.0323063 0.00268339 -0.0078059
187
1
1.7729 8.88382 0.590229
0.0344135 0.00261612 -0.00907172
188
1
1.6984 8.87834 0.605721
0.0389883 0.00260583 -0.00913263
189
1
1.62072 8.87256 0.621185
0.0391022 0.00235104 -0.00793377
190
1
1.53954 8.86543 0.634774
0.0397967 0.00251883 -0.00721498
191
1
1.45497 8.8558 0.644412
0.0436659 0.00531574 -0.00465715
192
1
1.3671 8.84302 0.648887
0.0448021 0.00787681 -0.000953639
193
1
1.27217 8.8271 0.648525
0.048324 0.00913875 0.00159188
