194
0
1
0.873545 12.3835 2.76982
0.00989359 0.0286767 -0.0127369
1
1
0.852875 12.3302 2.81534
0.00920942 0.0210405 -0.0185201
2
1
0.809631 12.2711 2.88933
0.0295686 0.0286264 -0.055234
3
1
0.750255 12.2278 2.96922
0.0338398 0.0169488 -0.0431285
4
1
0.674154 12.202 3.04672
0.0512891 0.00524559 -0.0362435
5
1
0.597502 12.1808 3.10828
0.0212587 0.00525886 -0.0142611
6
1
0.457088 12.1564 3.1914
0.0692382 0.0142769 -0.0327734
7
1
0.212324 12.1166 3.28279
0.0753079 0.00549041 -0.0192466
8
1
0.601512 6.04505 0.0777548
0.015626 -0.0477372 -0.00685516
9
1
0.799289 11.9472 0.334124
-0.00735894 -0.00943557 -0.0769978
10
1
-0.916681 11.9092 -0.351796
-0.0309961 0.0648734 -0.0300422
11
1
-0.613299 6.04304 0.0311505
0.0144667 0.0466462 0.0111534
12
1
-0.211185 12.1164 3.28242
0.0753052 -0.00540497 0.0192811
13
1
-0.455568 12.1558 3.19098
0.0692643 -0.0141049 0.0327927
14
1
-0.595671 12.1799 3.10802
0.021217 -0.00517103 0.0141855
15
1
-0.67218 12.2008 3.04689
0.0512961 -0.00503534 0.0359639
16
1
-0.748027 12.2263 2.97004
0.0338894 -0.0166761 0.0426407
17
1
-0.806893 12.2693 2.89141
0.0294185 -0.0282733 0.0543921
18
1
-0.848786 12.3282 2.81904
0.00863068 -0.0208714 0.0180532
19
1
-0.867484 12.3812 2.77483
0.00886064 -0.028476 0.0118708
20
1
-0.882482 12.4467 2.73861
0.00478486 -0.0447634 0.0128135
21
1
-0.892875 12.5149 2.70069
0.00819695 -0.0284783 0.0156653
22
1
-0.895396 12.58 2.65118
-0.00947062 -0.0392137 0.0338125
23
1
-0.89125 12.6338 2.59749
-0.00116995 -0.0266428 0.0217731
24
1
-0.882572 12.671 2.55058
0.00592278 -0.00964641 0.00982948
25
1
-0.871919 12.688 2.50531
-0.00322616 -0.0104827 0.0138428
26
1
-0.854247 12.7009 2.45625
-0.0202286 0.00113143 0.0298743
27
1
-0.836171 12.7109 2.40568
-0.0102692 0.00536256 0.0417462
28
1
-0.816247 12.7157 2.34881
-0.00936302 -0.000127346 0.0336155
29
1
-0.790008 12.7187 2.29421
-0.0159587 -0.00474692 0.0255841
30
1
-0.763324 12.7221 2.24682
-0.0140957 -0.00165253 0.0161239
31
1
-0.737633 12.7239 2.20604
-0.0115179 0.000948254 0.0120768
32
1
-0.713511 12.7248 2.1657
-0.00998946 0.00105699 0.0105608
33
1
-0.693589 12.7233 2.12411
-0.00646906 0.00182049 0.0239582
34
1
-0.67504 12.721 2.07882
-0.00681981 0.00178458 0.0272467
35
1
-0.65447 12.7174 2.02758
-0.0101661 0.00254558 0.0207932
36
1
-0.631869 12.7143 1.97183
-0.0125767 -0.000413532 0.0355759
37
1
-0.607039 12.7097 1.91303
-0.0155475 0.00239473 0.0412843
38
1
-0.580574 12.7018 1.85613
-0.0138857 0.0073209 0.024582
39
1
-0.553529 12.6921 1.80371
-0.0084636 0.00543868 0.0138114
40
1
-0.529224 12.6845 1.75265
-0.00663976 0.00401286 0.0264809
41
1
-0.50343 12.6821 1.70498
-0.00907564 0.00372448 0.03785
42
1
-0.478412 12.6827 1.66023
-0.0150269 0.00300062 0.029376
43
1
-0.447265 12.6841 1.61653
-0.0290186 0.000957203 0.0233147
44
1
-0.411364 12.6973 1.57867
-0.0483167 -0.0170104 0.0161479
45
1
-0.379595 12.7184 1.53254
0.00476608 -0.0151543 0.0223768
46
1
-0.358035 12.7463 1.47894
-0.0203609 -0.00244415 0.037991
47
1
-0.345979 12.7658 1.43293
-0.00882679 -0.0274491 0.0221726
48
1
-0.346906 12.7877 1.36994
0.0285882 -0.0366619 0.0567141
49
1
-0.350341 12.8109 1.31291
-0.00841088 0.00680521 0.0169888
50
1
-0.359791 12.8316 1.24019
0.0157129 -0.026972 0.0703908
51
1
-0.392092 12.8645 1.0893
0.00878642 -0.0254447 0.0712142
52
1
-0.446052 12.887 1.02175
-0.0113638 0.020761 -0.0495049
53
1
-0.514258 12.8726 1.00382
0.0353336 0.00891291 0.00839852
54
1
-0.551324 12.873 1.01089
-0.00100169 -0.026855 0.022248
55
1
-0.596701 12.9115 0.981011
0.0068402 0.00698124 -0.00902439
56
1
0.34553 14.8231 1.2897
-0.0416822 -0.0247854 -0.0609928
57
1
-0.202033 13.6538 0.0155951
-0.0443579 0.00527853 -0.0124713
58
1
-0.0317126 16.1933 -0.0506297
-0.0562981 0.0368835 0.0392681
59
1
-0.204936 13.6467 -0.040876
0.048096 -0.00523456 -0.0112957
60
1
-0.251782 14.8346 -1.37242
-0.0226333 -0.0553336 -0.0499777
61
1
-0.466339 12.9399 -0.971611
-0.00907542 0.000250662 -0.0106453
62
1
-0.401346 12.9043 -1.02721
0.000206753 0.00791603 0.0205315
63
1
-0.356917 12.908 -1.0302
-0.0592874 -0.0191665 0.0182435
64
1
-0.283196 12.9127 -1.06109
0.029496 -0.00331468 -0.054951
65
1
-0.227794 12.902 -1.12352
-0.0236641 0.00223067 0.0742084
66
1
-0.217873 12.8788 -1.27393
-0.000808413 0.017651 0.0443895
67
1
-0.215749 12.8614 -1.33358
0.0164033 -0.00603075 0.0226188
68
1
-0.221831 12.837 -1.38603
-0.0328195 0.0336473 0.0547158
69
1
-0.222042 12.8145 -1.44544
0.0167421 0.0156579 0.0147237
70
1
-0.237075 12.7927 -1.49478
0.0102519 0.00763206 0.0408947
71
1
-0.263832 12.7623 -1.55488
0.0053951 0.0200407 0.0272361
72
1
-0.304506 12.7452 -1.60256
0.0590282 0.0108466 0.0248471
73
1
-0.350694 12.7365 -1.64389
0.0352457 -0.00324133 0.0291884
74
1
-0.391367 12.7378 -1.6923
0.0214142 -0.00276857 0.0310153
75
1
-0.427271 12.7372 -1.73918
0.0180064 -0.0036535 0.0332022
76
1
-0.46542 12.7416 -1.78372
0.0142296 -0.00436416 0.021223
77
1
-0.502797 12.7512 -1.82794
0.0145299 -0.00561114 0.0124243
78
1
-0.54113 12.7616 -1.87284
0.0210459 -0.00661135 0.0193015
79
1
-0.578509 12.7674 -1.92175
0.0213272 -0.000622882 0.0317584
80
1
-0.612173 12.7687 -1.97333
0.0166207 0.0029083 0.0307056
81
1
-0.642428 12.7672 -2.02428
0.0132218 0.000473478 0.0221932
82
1
-0.669329 12.7658 -2.07306
0.009251 0.00105919 0.0263105
83
1
-0.693032 12.7637 -2.1172
0.00840577 0.000224042 0.0227105
84
1
-0.717527 12.7612 -2.15812
0.0113412 7.91702e-005 0.0109487
85
1
-0.745559 12.7564 -2.19774
0.0125965 0.00038324 0.0123323
86
1
-0.774604 12.7503 -2.23788
0.0152247 0.00373026 0.0162189
87
1
-0.804144 12.7421 -2.28457
0.0172443 0.00779102 0.0250307
88
1
-0.832545 12.7341 -2.33806
0.010337 0.00308423 0.0319892
89
1
-0.854271 12.7253 -2.39474
0.0110752 -0.00225958 0.0411431
90
1
-0.873598 12.7123 -2.44636
0.0205039 0.000958183 0.0323868
91
1
-0.891453 12.6966 -2.49621
0.00350752 0.0113499 0.0144953
92
1
-0.901138 12.6771 -2.54228
-0.00573333 0.0101844 0.00977822
93
1
-0.908099 12.6384 -2.58949
-0.000248315 0.0266337 0.02143
94
1
-0.909514 12.5835 -2.64303
0.00622261 0.0381824 0.0328727
95
1
-0.903779 12.5184 -2.69269
-0.00918269 0.0289551 0.0166413
96
1
-0.890775 12.4495 -2.73208
-0.00610728 0.0449191 0.014228
97
1
-0.873542 12.3835 -2.76982
-0.00989341 0.0286766 0.0127372
98
1
-0.852872 12.3302 -2.81533
-0.00920923 0.0210406 0.0185203
99
1
-0.809629 12.2711 -2.88933
-0.0295681 0.0286265 0.0552343
100
1
-0.750254 12.2278 -2.96922
-0.0338395 0.0169489 0.0431287
101
1
-0.674153 12.202 -3.04672
-0.0512889 0.00524572 0.0362437
102
1
-0.597501 12.1808 -3.10828
-0.0212587 0.00525889 0.0142611
103
1
-0.457088 12.1564 -3.1914
-0.0692381 0.014277 0.0327735
104
1
-0.212323 12.1166 -3.28279
-0.0753078 0.00549045 0.0192467
105
1
-0.60161 6.04503 -0.0773832
-0.0156162 -0.0477256 0.00688617
106
1
-0.798946 11.9474 -0.334016
0.00727837 -0.0094723 0.077001
107
1
0.917026 11.909 0.35176
0.031048 0.0648515 0.030036
108
1
0.613355 6.04302 -0.0307616
-0.0144495 0.0466347 -0.0111821
109
1
0.211185 12.1164 -3.28242
-0.0753052 -0.005405 -0.0192811
110
1
0.455568 12.1558 -3.19098
-0.0692642 -0.014105 -0.0327927
111
1
0.59567 12.1799 -3.10802
-0.021217 -0.00517107 -0.0141855
112
1
0.672179 12.2008 -3.04689
-0.0512959 -0.00503547 -0.0359641
113
1
0.748025 12.2263 -2.97004
-0.0338892 -0.0166762 -0.0426408
114
1
0.806892 12.2693 -2.89141
-0.0294181 -0.0282735 -0.0543924
115
1
0.848784 12.3282 -2.81904
-0.00863059 -0.0208714 -0.0180534
116
1
0.867482 12.3812 -2.77483
-0.00886061 -0.028476 -0.011871
117
1
0.88248 12.4467 -2.73861
-0.00478477 -0.0447633 -0.012814
118
1
0.892873 12.5149 -2.70069
-0.0081969 -0.0284783 -0.0156656
119
1
0.895394 12.58 -2.65118
0.00947029 -0.0392133 -0.0338127
120
1
0.891248 12.6338 -2.59749
0.0011699 -0.0266427 -0.0217733
121
1
0.88257 12.671 -2.55058
-0.00592267 -0.00964644 -0.00982959
122
1
0.871916 12.688 -2.50531
0.0032263 -0.0104826 -0.0138429
123
1
0.854245 12.7009 -2.45624
0.0202287 0.00113146 -0.0298744
124
1
0.836168 12.7109 -2.40567
0.0102694 0.00536242 -0.041746
125
1
0.816244 12.7157 -2.34881
0.00936325 -0.000127525 -0.0336155
126
1
0.790005 12.7187 -2.29421
0.015959 -0.00474714 -0.0255844
127
1
0.76332 12.7221 -2.24681
0.0140959 -0.00165269 -0.0161241
128
1
0.737629 12.7239 -2.20603
0.011518 0.000948131 -0.012077
129
1
0.713506 12.7248 -2.16569
0.00998952 0.00105685 -0.0105609
130
1
0.693584 12.7233 -2.1241
0.00646921 0.00182026 -0.0239582
131
1
0.675034 12.721 -2.07881
0.00681998 0.00178438 -0.0272466
132
1
0.654464 12.7174 -2.02758
0.0101662 0.00254543 -0.0207927
133
1
0.631863 12.7143 -1.97182
0.012577 -0.000413739 -0.0355754
134
1
0.607031 12.7097 -1.91302
0.0155481 0.0023945 -0.0412837
135
1
0.580566 12.7019 -1.85613
0.0138864 0.0073208 -0.0245818
136
1
0.55352 12.6921 -1.8037
0.00846409 0.00543876 -0.0138115
137
1
0.529213 12.6845 -1.75264
0.0066405 0.00401326 -0.0264804
138
1
0.503418 12.6822 -1.70498
0.00907655 0.0037247 -0.0378488
139
1
0.478399 12.6827 -1.66023
0.0150276 0.00300006 -0.0293748
140
1
0.447252 12.6841 -1.61652
0.029019 0.000955727 -0.0233137
141
1
0.41135 12.6974 -1.57866
0.0483165 -0.0170124 -0.0161484
142
1
0.379579 12.7185 -1.53254
-0.00476517 -0.0151553 -0.0223775
143
1
0.358017 12.7463 -1.47893
0.020362 -0.00244578 -0.0379922
144
1
0.34596 12.7659 -1.43293
0.00882875 -0.0274489 -0.0221736
145
1
0.346886 12.7877 -1.36993
-0.0285859 -0.036663 -0.0567152
146
1
0.350318 12.8109 -1.3129
0.00841089 0.00680545 -0.0169903
147
1
0.359766 12.8317 -1.24018
-0.0157078 -0.0269697 -0.0703926
148
1
0.392068 12.8646 -1.08928
-0.00876908 -0.025458 -0.0712095
149
1
0.446029 12.887 -1.02173
0.0113634 0.0207877 0.0495154
150
1
0.514235 12.8725 -1.0038
-0.0353347 0.00890435 -0.00840394
151
1
0.551301 12.8729 -1.01087
0.000992653 -0.0268725 -0.0222572
152
1
0.596696 12.9115 -0.981047
-0.0068403 0.00699064 0.00902591
153
1
-0.345473 14.8231 -1.28972
0.0416992 -0.0247831 0.0609822
154
1
0.202032 13.6538 -0.0155878
0.0443594 0.00527813 0.0124707
155
1
0.031718 16.1933 0.0506597
0.0562983 0.036884 -0.0392673
156
1
0.204938 13.6467 0.0408833
-0.0480951 -0.00523441 0.0112961
157
1
0.251813 14.8346 1.37237
0.0226139 -0.055331 0.0499895
158
1
0.466353 12.9399 0.97163
0.0090742 0.000254077 0.0106446
159
1
0.401359 12.9043 1.02722
-0.000205469 0.0079116 -0.0205285
160
1
0.356932 12.908 1.03021
0.059305 -0.0191504 -0.018248
161
1
0.283211 12.9127 1.06112
-0.0295043 -0.0033044 0.0549377
162
1
0.227811 12.902 1.12355
0.0236748 0.00222428 -0.0742052
163
1
0.217883 12.8787 1.27395
0.000815822 0.0176555 -0.0443868
164
1
0.215758 12.8613 1.33359
-0.0164018 -0.00603403 -0.022618
165
1
0.221837 12.837 1.38604
0.0328207 0.0336453 -0.0547191
166
1
0.222046 12.8145 1.44546
-0.0167401 0.015658 -0.0147236
167
1
0.237078 12.7927 1.49479
-0.0102527 0.00763 -0.0408942
168
1
0.263834 12.7623 1.5549
-0.00539516 0.0200402 -0.0272354
169
1
0.304507 12.7452 1.60258
-0.0590265 0.0108464 -0.0248446
170
1
0.350695 12.7365 1.64391
-0.0352453 -0.00324169 -0.0291878
171
1
0.391368 12.7378 1.69232
-0.0214141 -0.00276905 -0.0310155
172
1
0.427272 12.7372 1.73919
-0.0180064 -0.00365407 -0.0332024
173
1
0.465422 12.7416 1.78374
-0.0142296 -0.0043646 -0.0212227
174
1
0.502799 12.7512 1.82796
-0.0145298 -0.0056115 -0.0124239
175
1
0.541132 12.7616 1.87286
-0.0210459 -0.00661197 -0.0193008
176
1
0.57851 12.7675 1.92176
-0.0213273 -0.000623415 -0.0317575
177
1
0.612176 12.7687 1.97334
-0.0166212 0.00290814 -0.0307053
178
1
0.642431 12.7672 2.0243
-0.0132224 0.00047364 -0.0221937
179
1
0.669333 12.7658 2.07307
-0.00925143 0.00105927 -0.0263103
180
1
0.693036 12.7637 2.11721
-0.0084061 0.000224037 -0.0227102
181
1
0.717532 12.7612 2.15813
-0.0113414 7.9149e-005 -0.0109486
182
1
0.745565 12.7564 2.19775
-0.0125966 0.000383272 -0.0123321
183
1
0.77461 12.7503 2.23789
-0.0152247 0.00373035 -0.0162186
184
1
0.804149 12.7421 2.28458
-0.0172442 0.0077912 -0.0250301
185
1
0.832551 12.7341 2.33807
-0.0103369 0.00308448 -0.0319889
186
1
0.854276 12.7253 2.39475
-0.0110751 -0.00225921 -0.0411433
187
1
0.873603 12.7123 2.44637
-0.0205038 0.000958595 -0.0323869
188
1
0.891458 12.6966 2.49622
-0.00350738 0.0113501 -0.0144953
189
1
0.901144 12.6771 2.54228
0.00573345 0.0101845 -0.00977807
190
1
0.908104 12.6384 2.5895
0.00024846 0.0266339 -0.0214297
191
1
0.909518 12.5835 2.64303
-0.00622253 0.0381829 -0.0328722
192
1
0.903784 12.5184 2.69269
0.0091829 0.0289552 -0.0166409
193
1
0.890779 12.4495 2.73209
0.00610758 0.0449192 -0.0142276
