194
0
1
1.20578 8.65132 0.662359
0.0560287 0.0136339 0.00441226
1
1
1.09798 8.62191 0.649015
0.054593 0.0153413 0.00885115
2
1
0.98541 8.58844 0.62337
0.0573218 0.0189604 0.0165743
3
1
0.869826 8.55187 0.585034
0.0574847 0.0211081 0.0241891
4
1
0.748742 8.51055 0.53266
0.0599037 0.0212995 0.029882
5
1
0.622717 8.46175 0.462082
0.062339 0.0272488 0.0379895
6
1
0.485613 8.39396 0.368251
0.0585863 0.0268798 0.0415747
7
1
0.328072 8.3232 0.204563
0.0391105 0.0194964 0.0639714
8
1
0.455647 6.69454 0.0610524
-0.00783661 0.0465159 -0.00995818
9
1
0.0482813 11.7822 0.439074
0.000785103 -0.024825 -0.0738576
10
1
-0.0482813 11.7822 0.439074
0.000785103 0.024825 0.0738576
11
1
-0.455646 6.69454 0.0610464
-0.00783655 -0.0465156 0.00995896
12
1
-0.328072 8.3232 0.204563
0.0391105 -0.0194964 -0.0639714
13
1
-0.485613 8.39396 0.368251
0.0585863 -0.0268798 -0.0415747
14
1
-0.622717 8.46175 0.462082
0.062339 -0.0272488 -0.0379895
15
1
-0.748742 8.51055 0.53266
0.0599037 -0.0212995 -0.029882
16
1
-0.869826 8.55187 0.585034
0.0574847 -0.0211081 -0.0241891
17
1
-0.98541 8.58844 0.62337
0.0573218 -0.0189604 -0.0165743
18
1
-1.09798 8.62191 0.649015
0.054593 -0.0153413 -0.00885115
19
1
-1.20578 8.65132 0.662359
0.0560287 -0.0136339 -0.00441227
20
1
-1.30673 8.67524 0.666254
0.0483771 -0.00866489 -0.000194701
21
1
-1.40124 8.69369 0.663329
0.0449568 -0.00770636 0.00225208
22
1
-1.48901 8.70866 0.654875
0.0435825 -0.0071246 0.00655857
23
1
-1.57342 8.7222 0.640825
0.0395265 -0.00588973 0.00978066
24
1
-1.65437 8.73562 0.62273
0.0390067 -0.00591848 0.0103143
25
1
-1.73193 8.74925 0.60252
0.0392226 -0.00634435 0.0108894
26
1
-1.8065 8.76262 0.581505
0.0349185 -0.00623088 0.0101864
27
1
-1.87763 8.77483 0.561613
0.0330123 -0.00587837 0.00906586
28
1
-1.94683 8.78549 0.544091
0.034535 -0.00529058 0.00812262
29
1
-2.01565 8.79557 0.529416
0.0346698 -0.00483459 0.00675745
30
1
-2.08332 8.80598 0.518436
0.0336311 -0.00498787 0.00463323
31
1
-2.14969 8.81711 0.511306
0.0329327 -0.00550486 0.00294275
32
1
-2.21436 8.82892 0.507989
0.0318627 -0.00565446 0.000893657
33
1
-2.27645 8.84163 0.50814
0.0310562 -0.0061029 -0.00151817
34
1
-2.33603 8.85591 0.511084
0.0298566 -0.00762049 -0.00314139
35
1
-2.39294 8.87204 0.516142
0.0270264 -0.00872441 -0.00448147
36
1
-2.44656 8.88972 0.522853
0.024847 -0.0087951 -0.0055649
37
1
-2.4977 8.90972 0.529762
0.024498 -0.0100164 -0.00496337
38
1
-2.54724 8.9321 0.535744
0.0238189 -0.0116705 -0.00400964
39
1
-2.59498 8.95641 0.540484
0.0220927 -0.0119317 -0.00421022
40
1
-2.64048 8.98219 0.542767
0.0216249 -0.0133926 -0.00211348
41
1
-2.68422 9.00891 0.541443
0.021509 -0.0154853 0.00194134
42
1
-2.72691 9.03512 0.535707
0.0198137 -0.0143357 0.0030407
43
1
-2.76841 9.06066 0.525175
0.0193443 -0.0126738 0.00420135
44
1
-2.80922 9.08595 0.509696
0.0206822 -0.0125147 0.00967712
45
1
-2.85065 9.11069 0.489347
0.0210915 -0.0126128 0.0144025
46
1
-2.89321 9.1341 0.465085
0.0212172 -0.011593 0.0138313
47
1
-2.93738 9.15428 0.437257
0.0227775 -0.00902026 0.0150449
48
1
-2.98195 9.17113 0.405433
0.0243391 -0.00745472 0.0191337
49
1
-3.02481 9.18549 0.371698
0.023405 -0.00659382 0.0191828
50
1
-3.06477 9.19863 0.336797
0.0200841 -0.00599612 0.0164487
51
1
-3.1015 9.21174 0.300099
0.0180553 -0.00657026 0.0177096
52
1
-3.13469 9.22494 0.260709
0.018597 -0.00766981 0.0218773
53
1
-3.16403 9.23858 0.218623
0.0173247 -0.00927807 0.0242285
54
1
-3.18829 9.25143 0.175085
0.0134359 -0.00922874 0.0230493
55
1
-3.20666 9.26241 0.13138
0.00937228 -0.00692185 0.0221697
56
1
-3.21926 9.27069 0.087905
0.00522558 -0.00339245 0.0223076
57
1
-3.22597 9.27515 0.0438465
0.00132207 -0.00110473 0.0222086
58
1
-3.2276 9.27649 -9.74853e-010
2.62452e-011 5.08555e-011 0.0220785
59
1
-3.22597 9.27515 -0.0438465
-0.00132207 0.00110473 0.0222086
60
1
-3.21926 9.27069 -0.087905
-0.00522558 0.00339245 0.0223076
61
1
-3.20666 9.26241 -0.13138
-0.00937228 0.00692185 0.0221697
62
1
-3.18829 9.25143 -0.175085
-0.0134359 0.00922874 0.0230493
63
1
-3.16403 9.23858 -0.218623
-0.0173247 0.00927807 0.0242285
64
1
-3.13469 9.22494 -0.260709
-0.018597 0.00766981 0.0218773
65
1
-3.1015 9.21174 -0.300099
-0.0180553 0.00657026 0.0177096
66
1
-3.06477 9.19863 -0.336797
-0.0200841 0.00599612 0.0164487
67
1
-3.02481 9.18549 -0.371698
-0.023405 0.00659382 0.0191828
68
1
-2.98195 9.17113 -0.405433
-0.0243391 0.00745472 0.0191337
69
1
-2.93738 9.15428 -0.437257
-0.0227775 0.00902026 0.0150449
70
1
-2.89321 9.1341 -0.465085
-0.0212172 0.011593 0.0138313
71
1
-2.85065 9.11069 -0.489347
-0.0210915 0.0126128 0.0144025
72
1
-2.80922 9.08595 -0.509696
-0.0206822 0.0125147 0.00967712
73
1
-2.76841 9.06066 -0.525175
-0.0193443 0.0126738 0.00420135
74
1
-2.72691 9.03512 -0.535707
-0.0198137 0.0143357 0.0030407
75
1
-2.68422 9.00891 -0.541443
-0.021509 0.0154853 0.00194134
76
1
-2.64048 8.98219 -0.542767
-0.0216249 0.0133926 -0.00211348
77
1
-2.59498 8.95641 -0.540484
-0.0220927 0.0119317 -0.00421022
78
1
-2.54724 8.9321 -0.535744
-0.0238189 0.0116705 -0.00400964
79
1
-2.4977 8.90972 -0.529762
-0.024498 0.0100164 -0.00496337
80
1
-2.44656 8.88972 -0.522853
-0.024847 0.0087951 -0.0055649
81
1
-2.39294 8.87204 -0.516142
-0.0270264 0.00872441 -0.00448147
82
1
-2.33603 8.85591 -0.511084
-0.0298566 0.00762049 -0.00314139
83
1
-2.27645 8.84163 -0.50814
-0.0310562 0.0061029 -0.00151817
84
1
-2.21436 8.82892 -0.507989
-0.0318627 0.00565446 0.000893657
85
1
-2.14969 8.81711 -0.511306
-0.0329327 0.00550486 0.00294275
86
1
-2.08332 8.80598 -0.518436
-0.0336311 0.00498787 0.00463323
87
1
-2.01565 8.79557 -0.529416
-0.0346698 0.00483459 0.00675745
88
1
-1.94683 8.78549 -0.544091
-0.034535 0.00529058 0.00812262
89
1
-1.87763 8.77483 -0.561613
-0.0330123 0.00587837 0.00906586
90
1
-1.8065 8.76262 -0.581505
-0.0349185 0.00623088 0.0101864
91
1
-1.73193 8.74925 -0.60252
-0.0392226 0.00634435 0.0108894
92
1
-1.65437 8.73562 -0.62273
-0.0390067 0.00591848 0.0103143
93
1
-1.57342 8.7222 -0.640825
-0.0395265 0.00588973 0.00978066
94
1
-1.48901 8.70866 -0.654875
-0.0435825 0.0071246 0.00655857
95
1
-1.40124 8.69369 -0.663329
-0.0449568 0.00770636 0.00225208
96
1
-1.30673 8.67524 -0.666254
-0.0483771 0.00866489 -0.0001947
97
1
-1.20578 8.65132 -0.662359
-0.0560287 0.0136339 -0.00441227
98
1
-1.09798 8.62191 -0.649015
-0.054593 0.0153413 -0.00885115
99
1
-0.98541 8.58844 -0.62337
-0.0573218 0.0189604 -0.0165743
100
1
-0.869826 8.55187 -0.585034
-0.0574847 0.0211081 -0.0241891
101
1
-0.748742 8.51055 -0.53266
-0.0599037 0.0212995 -0.029882
102
1
-0.622717 8.46175 -0.462082
-0.062339 0.0272488 -0.0379895
103
1
-0.485613 8.39396 -0.368251
-0.0585863 0.0268798 -0.0415747
104
1
-0.328072 8.3232 -0.204563
-0.0391105 0.0194964 -0.0639714
105
1
-0.455647 6.69454 -0.0610519
0.00783658 0.0465158 0.0099582
106
1
-0.0482813 11.7822 -0.439074
-0.000785103 -0.024825 0.0738576
107
1
0.0482813 11.7822 -0.439074
-0.000785103 0.024825 -0.0738576
108
1
0.455646 6.69454 -0.0610459
0.00783652 -0.0465156 -0.00995898
109
1
0.328072 8.3232 -0.204563
-0.0391105 -0.0194964 0.0639714
110
1
0.485613 8.39396 -0.368251
-0.0585863 -0.0268798 0.0415747
111
1
0.622717 8.46175 -0.462082
-0.062339 -0.0272488 0.0379895
112
1
0.748742 8.51055 -0.53266
-0.0599037 -0.0212995 0.029882
113
1
0.869826 8.55187 -0.585034
-0.0574847 -0.0211081 0.0241891
114
1
0.98541 8.58844 -0.62337
-0.0573218 -0.0189604 0.0165743
115
1
1.09798 8.62191 -0.649015
-0.054593 -0.0153413 0.00885115
116
1
1.20578 8.65132 -0.662359
-0.0560287 -0.0136339 0.00441227
117
1
1.30673 8.67524 -0.666254
-0.0483771 -0.00866489 0.000194701
118
1
1.40124 8.69369 -0.663329
-0.0449568 -0.00770636 -0.00225208
119
1
1.48901 8.70866 -0.654875
-0.0435825 -0.0071246 -0.00655857
120
1
1.57342 8.7222 -0.640825
-0.0395265 -0.00588973 -0.00978066
121
1
1.65437 8.73562 -0.62273
-0.0390067 -0.00591848 -0.0103143
122
1
1.73193 8.74925 -0.60252
-0.0392226 -0.00634435 -0.0108894
123
1
1.8065 8.76262 -0.581505
-0.0349185 -0.00623088 -0.0101864
124
1
1.87763 8.77483 -0.561613
-0.0330123 -0.00587837 -0.00906586
125
1
1.94683 8.78549 -0.544091
-0.034535 -0.00529058 -0.00812262
126
1
2.01565 8.79557 -0.529416
-0.0346698 -0.00483459 -0.00675745
127
1
2.08332 8.80598 -0.518436
-0.0336311 -0.00498787 -0.00463323
128
1
2.14969 8.81711 -0.511306
-0.0329327 -0.00550486 -0.00294275
129
1
2.21436 8.82892 -0.507989
-0.0318627 -0.00565446 -0.000893657
130
1
2.27645 8.84163 -0.50814
-0.0310562 -0.0061029 0.00151817
131
1
2.33603 8.85591 -0.511084
-0.0298566 -0.00762049 0.00314139
132
1
2.39294 8.87204 -0.516142
-0.0270264 -0.00872441 0.00448147
133
1
2.44656 8.88972 -0.522853
-0.024847 -0.0087951 0.0055649
134
1
2.4977 8.90972 -0.529762
-0.024498 -0.0100164 0.00496337
135
1
2.54724 8.9321 -0.535744
-0.0238189 -0.0116705 0.00400964
136
1
2.59498 8.95641 -0.540484
-0.0220927 -0.0119317 0.00421022
137
1
2.64048 8.98219 -0.542767
-0.0216249 -0.0133926 0.00211348
138
1
2.68422 9.00891 -0.541443
-0.021509 -0.0154853 -0.00194134
139
1
2.72691 9.03512 -0.535707
-0.0198137 -0.0143357 -0.0030407
140
1
2.76841 9.06066 -0.525175
-0.0193443 -0.0126738 -0.00420135
141
1
2.80922 9.08595 -0.509696
-0.0206822 -0.0125147 -0.00967712
142
1
2.85065 9.11069 -0.489347
-0.0210915 -0.0126128 -0.0144025
143
1
2.89321 9.1341 -0.465085
-0.0212172 -0.011593 -0.0138313
144
1
2.93738 9.15428 -0.437257
-0.0227775 -0.00902026 -0.0150449
145
1
2.98195 9.17113 -0.405433
-0.0243391 -0.00745472 -0.0191337
146
1
3.02481 9.18549 -0.371698
-0.023405 -0.00659382 -0.0191828
147
1
3.06477 9.19863 -0.336797
-0.0200841 -0.00599612 -0.0164487
148
1
3.1015 9.21174 -0.300099
-0.0180553 -0.00657026 -0.0177096
149
1
3.13469 9.22494 -0.260709
-0.018597 -0.00766981 -0.0218773
150
1
3.16403 9.23858 -0.218623
-0.0173247 -0.00927807 -0.0242285
151
1
3.18829 9.25143 -0.175085
-0.0134359 -0.00922874 -0.0230493
152
1
3.20666 9.26241 -0.13138
-0.00937228 -0.00692185 -0.0221697
153
1
3.21926 9.27069 -0.087905
-0.00522558 -0.00339245 -0.0223076
154
1
3.22597 9.27515 -0.0438465
-0.00132207 -0.00110473 -0.0222086
155
1
3.2276 9.27649 2.17128e-009
-3.69638e-011 6.9178e-011 -0.0220785
156
1
3.22597 9.27515 0.0438465
0.00132207 0.00110473 -0.0222086
157
1
3.21926 9.27069 0.087905
0.00522558 0.00339245 -0.0223076
158
1
3.20666 9.26241 0.13138
0.00937228 0.00692185 -0.0221697
159
1
3.18829 9.25143 0.175085
0.0134359 0.00922874 -0.0230493
160
1
3.16403 9.23858 0.218623
0.0173247 0.00927807 -0.0242285
161
1
3.13469 9.22494 0.260709
0.018597 0.00766981 -0.0218773
162
1
3.1015 9.21174 0.300099
0.0180553 0.00657026 -0.0177096
163
1
3.06477 9.19863 0.336797
0.0200841 0.00599612 -0.0164487
164
1
3.02481 9.18549 0.371698
0.023405 0.00659382 -0.0191828
165
1
2.98195 9.17113 0.405433
0.0243391 0.00745472 -0.0191337
166
1
2.93738 9.15428 0.437257
0.0227775 0.00902026 -0.0150449
167
1
2.89321 9.1341 0.465085
0.0212172 0.011593 -0.0138313
168
1
2.85065 9.11069 0.489347
0.0210915 0.0126128 -0.0144025
169
1
2.80922 9.08595 0.509696
0.0206822 0.0125147 -0.00967712
170
1
2.76841 9.06066 0.525175
0.0193443 0.0126738 -0.00420135
171
1
2.72691 9.03512 0.535707
0.0198137 0.0143357 -0.0030407
172
1
2.68422 9.00891 0.541443
0.021509 0.0154853 -0.00194134
173
1
2.64048 8.98219 0.542767
0.0216249 0.0133926 0.00211348
174
1
2.59498 8.95641 0.540484
0.0220927 0.0119317 0.00421022
175
1
2.54724 8.9321 0.535744
0.0238189 0.0116705 0.00400964
176
1
2.4977 8.90972 0.529762
0.024498 0.0100164 0.00496337
177
1
2.44656 8.88972 0.522853
0.024847 0.0087951 0.0055649
178
1
2.39294 8.87204 0.516142
0.0270264 0.00872441 0.00448147
179
1
2.33603 8.85591 0.511084
0.0298566 0.00762049 0.00314139
180
1
2.27645 8.84163 0.50814
0.0310562 0.0061029 0.00151817
181
1
2.21436 8.82892 0.507989
0.0318627 0.00565446 -0.000893657
182
1
2.14969 8.81711 0.511306
0.0329327 0.00550486 -0.00294275
183
1
2.08332 8.80598 0.518436
0.0336311 0.00498787 -0.00463323
184
1
2.01565 8.79557 0.529416
0.0346698 0.00483459 -0.00675745
185
1
1.94683 8.78549 0.544091
0.034535 0.00529058 -0.00812262
186
1
1.87763 8.77483 0.561613
0.0330123 0.00587837 -0.00906586
187
1
1.8065 8.76262 0.581505
0.0349185 0.00623088 -0.0101864
188
1
1.73193 8.74925 0.60252
0.0392226 0.00634435 -0.0108894
189
1
1.65437 8.73562 0.62273
0.0390067 0.00591848 -0.0103143
190
1
1.57342 8.7222 0.640825
0.0395265 0.00588973 -0.00978066
191
1
1.48901 8.70866 0.654875
0.0435825 0.0071246 -0.00655857
192
1
1.40124 8.69369 0.663329
0.0449568 0.00770636 -0.00225208
193
1
1.30673 8.67524 0.666254
0.0483771 0.00866489 0.0001947
