194
0
1
0.868057 4.38396 0.594494
0.0379429 -0.0209924 0.0260211
1
1
0.794175 4.42829 0.54208
0.0361353 -0.0247405 0.0282874
2
1
0.719925 4.48135 0.486958
0.0359461 -0.0293006 0.0290001
3
1
0.645899 4.5434 0.432817
0.0349195 -0.0340638 0.0270616
4
1
0.569268 4.61341 0.383115
0.0377121 -0.0370121 0.0233118
5
1
0.4869 4.68725 0.342171
0.0404554 -0.0378006 0.0171162
6
1
0.395618 4.75938 0.3122
0.0462722 -0.035693 0.0114891
7
1
0.293663 4.82267 0.293595
0.051953 -0.0295921 0.00522379
8
1
0.18114 4.8698 0.284012
0.0573289 -0.0197985 0.00213387
9
1
0.0613029 4.89493 0.280218
0.060531 -0.00680097 9.18377e-005
10
1
-0.0613029 4.89493 0.280218
0.060531 0.00680097 -9.18377e-005
11
1
-0.18114 4.8698 0.284012
0.0573289 0.0197985 -0.00213387
12
1
-0.293663 4.82267 0.293595
0.051953 0.0295921 -0.00522379
13
1
-0.395618 4.75938 0.3122
0.0462722 0.035693 -0.0114891
14
1
-0.4869 4.68725 0.342171
0.0404554 0.0378006 -0.0171162
15
1
-0.569268 4.61341 0.383115
0.0377121 0.0370121 -0.0233118
16
1
-0.645899 4.5434 0.432817
0.0349195 0.0340638 -0.0270616
17
1
-0.719925 4.48135 0.486958
0.0359461 0.0293006 -0.0290001
18
1
-0.794175 4.42829 0.54208
0.0361353 0.0247405 -0.0282874
19
1
-0.868057 4.38396 0.594494
0.0379429 0.0209924 -0.0260211
20
1
-0.940665 4.34699 0.642532
0.0371769 0.0169709 -0.0228401
21
1
-1.01111 4.31501 0.685276
0.0346456 0.0146721 -0.0194256
22
1
-1.07934 4.28581 0.722387
0.0349099 0.0137271 -0.0166582
23
1
-1.14638 4.25841 0.754667
0.0324519 0.0122421 -0.0146828
24
1
-1.21175 4.23334 0.782861
0.0315715 0.0115316 -0.0138088
25
1
-1.27587 4.21124 0.807823
0.0316656 0.010721 -0.0124536
26
1
-1.33862 4.19259 0.830373
0.0298342 0.00843931 -0.0115289
27
1
-1.39981 4.17775 0.851136
0.0292467 0.0065039 -0.0108546
28
1
-1.45999 4.16589 0.869669
0.0298192 0.00529623 -0.00988684
29
1
-1.51955 4.15664 0.885815
0.0292088 0.00367487 -0.00847708
30
1
-1.57866 4.15035 0.899061
0.0287737 0.00203141 -0.00665287
31
1
-1.63761 4.14663 0.90878
0.0292278 0.00105938 -0.00467352
32
1
-1.69632 4.1443 0.915127
0.0293003 0.00039146 -0.00301132
33
1
-1.75455 4.14227 0.918174
0.0289427 0.000185969 -0.00121928
34
1
-1.81209 4.13983 0.917429
0.0287048 0.000937382 0.0012879
35
1
-1.86872 4.13664 0.912209
0.0280237 0.00174373 0.00397017
36
1
-1.92426 4.13266 0.902861
0.0266895 0.00177334 0.00590288
37
1
-1.97925 4.12805 0.890108
0.0261306 0.00178918 0.00748557
38
1
-2.03453 4.12306 0.873938
0.0270645 0.00254613 0.00931176
39
1
-2.09019 4.11771 0.854234
0.0280977 0.00322809 0.0106506
40
1
-2.14547 4.11237 0.831645
0.0281678 0.00304498 0.011332
41
1
-2.19972 4.10774 0.806906
0.0278337 0.00269279 0.0120721
42
1
-2.25304 4.10468 0.7805
0.0273714 0.00221407 0.0130761
43
1
-2.30546 4.10342 0.751867
0.0266674 0.00105334 0.0145412
44
1
-2.35734 4.10381 0.720653
0.02607 -0.000131751 0.0165454
45
1
-2.40892 4.10484 0.68619
0.0258986 -0.000202969 0.0186656
46
1
-2.45988 4.10508 0.648237
0.0256886 0.000453282 0.0206544
47
1
-2.50896 4.10446 0.606752
0.0249052 0.000524809 0.0224255
48
1
-2.55462 4.10361 0.561731
0.0233645 0.000332089 0.0241096
49
1
-2.59588 4.10272 0.513385
0.0208641 0.000732198 0.0261433
50
1
-2.63192 4.10167 0.462088
0.0178786 0.00109576 0.0277292
51
1
-2.66293 4.10115 0.40859
0.0152163 0.000469275 0.0285078
52
1
-2.68965 4.10163 0.353316
0.0126678 -0.000823458 0.0289942
53
1
-2.71204 4.10322 0.29656
0.00983281 -0.00195984 0.0296789
54
1
-2.72989 4.10544 0.238598
0.00699083 -0.00239987 0.0304375
55
1
-2.74279 4.10759 0.179577
0.00464406 -0.00219159 0.0309288
56
1
-2.75115 4.10915 0.119926
0.00278861 -0.00161649 0.0309102
57
1
-2.75553 4.10986 0.0599671
0.00125869 -0.000897856 0.0304852
58
1
-2.75688 4.11018 -1.98713e-015
-2.69023e-016 -1.15853e-016 0.0302178
59
1
-2.75553 4.10986 -0.0599671
-0.00125869 0.000897856 0.0304852
60
1
-2.75115 4.10915 -0.119926
-0.00278861 0.00161649 0.0309102
61
1
-2.74279 4.10759 -0.179577
-0.00464406 0.00219159 0.0309288
62
1
-2.72989 4.10544 -0.238598
-0.00699083 0.00239987 0.0304375
63
1
-2.71204 4.10322 -0.29656
-0.00983281 0.00195984 0.0296789
64
1
-2.68965 4.10163 -0.353316
-0.0126678 0.000823458 0.0289942
65
1
-2.66293 4.10115 -0.40859
-0.0152163 -0.000469275 0.0285078
66
1
-2.63192 4.10167 -0.462088
-0.0178786 -0.00109576 0.0277292
67
1
-2.59588 4.10272 -0.513385
-0.0208641 -0.000732198 0.0261433
68
1
-2.55462 4.10361 -0.561731
-0.0233645 -0.000332089 0.0241096
69
1
-2.50896 4.10446 -0.606752
-0.0249052 -0.000524809 0.0224255
70
1
-2.45988 4.10508 -0.648237
-0.0256886 -0.000453282 0.0206544
71
1
-2.40892 4.10484 -0.68619
-0.0258986 0.000202969 0.0186656
72
1
-2.35734 4.10381 -0.720653
-0.02607 0.000131751 0.0165454
73
1
-2.30546 4.10342 -0.751867
-0.0266674 -0.00105334 0.0145412
74
1
-2.25304 4.10468 -0.7805
-0.0273714 -0.00221407 0.0130761
75
1
-2.19972 4.10774 -0.806906
-0.0278337 -0.00269279 0.0120721
76
1
-2.14547 4.11237 -0.831645
-0.0281678 -0.00304498 0.011332
77
1
-2.09019 4.11771 -0.854234
-0.0280977 -0.00322809 0.0106506
78
1
-2.03453 4.12306 -0.873938
-0.0270645 -0.00254613 0.00931176
79
1
-1.97925 4.12805 -0.890108
-0.0261306 -0.00178918 0.00748557
80
1
-1.92426 4.13266 -0.902861
-0.0266895 -0.00177334 0.00590288
81
1
-1.86872 4.13664 -0.912209
-0.0280237 -0.00174373 0.00397017
82
1
-1.81209 4.13983 -0.917429
-0.0287048 -0.000937382 0.0012879
83
1
-1.75455 4.14227 -0.918174
-0.0289427 -0.000185969 -0.00121928
84
1
-1.69632 4.1443 -0.915127
-0.0293003 -0.00039146 -0.00301132
85
1
-1.63761 4.14663 -0.90878
-0.0292278 -0.00105938 -0.00467352
86
1
-1.57866 4.15035 -0.899061
-0.0287737 -0.00203141 -0.00665287
87
1
-1.51955 4.15664 -0.885815
-0.0292088 -0.00367487 -0.00847708
88
1
-1.45999 4.16589 -0.869669
-0.0298192 -0.00529623 -0.00988684
89
1
-1.39981 4.17775 -0.851136
-0.0292467 -0.0065039 -0.0108546
90
1
-1.33862 4.19259 -0.830373
-0.0298342 -0.00843931 -0.0115289
91
1
-1.27587 4.21124 -0.807823
-0.0316656 -0.010721 -0.0124536
92
1
-1.21175 4.23334 -0.782861
-0.0315715 -0.0115316 -0.0138088
93
1
-1.14638 4.25841 -0.754667
-0.0324519 -0.0122421 -0.0146828
94
1
-1.07934 4.28581 -0.722387
-0.0349099 -0.0137271 -0.0166582
95
1
-1.01111 4.31501 -0.685276
-0.0346456 -0.0146721 -0.0194256
96
1
-0.940665 4.34699 -0.642532
-0.0371769 -0.0169709 -0.0228401
97
1
-0.868057 4.38396 -0.594494
-0.0379429 -0.0209924 -0.0260211
98
1
-0.794175 4.42829 -0.54208
-0.0361353 -0.0247405 -0.0282874
99
1
-0.719925 4.48135 -0.486958
-0.0359461 -0.0293006 -0.0290001
100
1
-0.645899 4.5434 -0.432817
-0.0349195 -0.0340638 -0.0270616
101
1
-0.569268 4.61341 -0.383115
-0.0377121 -0.0370121 -0.0233118
102
1
-0.4869 4.68725 -0.342171
-0.0404554 -0.0378006 -0.0171162
103
1
-0.395618 4.75938 -0.3122
-0.0462722 -0.035693 -0.0114891
104
1
-0.293663 4.82267 -0.293595
-0.051953 -0.0295921 -0.00522379
105
1
-0.18114 4.8698 -0.284012
-0.0573289 -0.0197985 -0.00213387
106
1
-0.0613029 4.89493 -0.280218
-0.060531 -0.00680097 -9.18377e-005
107
1
0.0613029 4.89493 -0.280218
-0.060531 0.00680097 9.18377e-005
108
1
0.18114 4.8698 -0.284012
-0.0573289 0.0197985 0.00213387
109
1
0.293663 4.82267 -0.293595
-0.051953 0.0295921 0.00522379
110
1
0.395618 4.75938 -0.3122
-0.0462722 0.035693 0.0114891
111
1
0.4869 4.68725 -0.342171
-0.0404554 0.0378006 0.0171162
112
1
0.569268 4.61341 -0.383115
-0.0377121 0.0370121 0.0233118
113
1
0.645899 4.5434 -0.432817
-0.0349195 0.0340638 0.0270616
114
1
0.719925 4.48135 -0.486958
-0.0359461 0.0293006 0.0290001
115
1
0.794175 4.42829 -0.54208
-0.0361353 0.0247405 0.0282874
116
1
0.868057 4.38396 -0.594494
-0.0379429 0.0209924 0.0260211
117
1
0.940665 4.34699 -0.642532
-0.0371769 0.0169709 0.0228401
118
1
1.01111 4.31501 -0.685276
-0.0346456 0.0146721 0.0194256
119
1
1.07934 4.28581 -0.722387
-0.0349099 0.0137271 0.0166582
120
1
1.14638 4.25841 -0.754667
-0.0324519 0.0122421 0.0146828
121
1
1.21175 4.23334 -0.782861
-0.0315715 0.0115316 0.0138088
122
1
1.27587 4.21124 -0.807823
-0.0316656 0.010721 0.0124536
123
1
1.33862 4.19259 -0.830373
-0.0298342 0.00843931 0.0115289
124
1
1.39981 4.17775 -0.851136
-0.0292467 0.0065039 0.0108546
125
1
1.45999 4.16589 -0.869669
-0.0298192 0.00529623 0.00988684
126
1
1.51955 4.15664 -0.885815
-0.0292088 0.00367487 0.00847708
127
1
1.57866 4.15035 -0.899061
-0.0287737 0.00203141 0.00665287
128
1
1.63761 4.14663 -0.90878
-0.0292278 0.00105938 0.00467352
129
1
1.69632 4.1443 -0.915127
-0.0293003 0.00039146 0.00301132
130
1
1.75455 4.14227 -0.918174
-0.0289427 0.000185969 0.00121928
131
1
1.81209 4.13983 -0.917429
-0.0287048 0.000937382 -0.0012879
132
1
1.86872 4.13664 -0.912209
-0.0280237 0.00174373 -0.00397017
133
1
1.92426 4.13266 -0.902861
-0.0266895 0.00177334 -0.00590288
134
1
1.97925 4.12805 -0.890108
-0.0261306 0.00178918 -0.00748557
135
1
2.03453 4.12306 -0.873938
-0.0270645 0.00254613 -0.00931176
136
1
2.09019 4.11771 -0.854234
-0.0280977 0.00322809 -0.0106506
137
1
2.14547 4.11237 -0.831645
-0.0281678 0.00304498 -0.011332
138
1
2.19972 4.10774 -0.806906
-0.0278337 0.00269279 -0.0120721
139
1
2.25304 4.10468 -0.7805
-0.0273714 0.00221407 -0.0130761
140
1
2.30546 4.10342 -0.751867
-0.0266674 0.00105334 -0.0145412
141
1
2.35734 4.10381 -0.720653
-0.02607 -0.000131751 -0.0165454
142
1
2.40892 4.10484 -0.68619
-0.0258986 -0.000202969 -0.0186656
143
1
2.45988 4.10508 -0.648237
-0.0256886 0.000453282 -0.0206544
144
1
2.50896 4.10446 -0.606752
-0.0249052 0.000524809 -0.0224255
145
1
2.55462 4.10361 -0.561731
-0.0233645 0.000332089 -0.0241096
146
1
2.59588 4.10272 -0.513385
-0.0208641 0.000732198 -0.0261433
147
1
2.63192 4.10167 -0.462088
-0.0178786 0.00109576 -0.0277292
148
1
2.66293 4.10115 -0.40859
-0.0152163 0.000469275 -0.0285078
149
1
2.68965 4.10163 -0.353316
-0.0126678 -0.000823458 -0.0289942
150
1
2.71204 4.10322 -0.29656
-0.00983281 -0.00195984 -0.0296789
151
1
2.72989 4.10544 -0.238598
-0.00699083 -0.00239987 -0.0304375
152
1
2.74279 4.10759 -0.179577
-0.00464406 -0.00219159 -0.0309288
153
1
2.75115 4.10915 -0.119926
-0.00278861 -0.00161649 -0.0309102
154
1
2.75553 4.10986 -0.0599671
-0.00125869 -0.000897856 -0.0304852
155
1
2.75688 4.11018 -6.26165e-015
4.17688e-016 -1.02555e-016 -0.0302178
156
1
2.75553 4.10986 0.0599671
0.00125869 0.000897856 -0.0304852
157
1
2.75115 4.10915 0.119926
0.00278861 0.00161649 -0.0309102
158
1
2.74279 4.10759 0.179577
0.00464406 0.00219159 -0.0309288
159
1
2.72989 4.10544 0.238598
0.00699083 0.00239987 -0.0304375
160
1
2.71204 4.10322 0.29656
0.00983281 0.00195984 -0.0296789
161
1
2.68965 4.10163 0.353316
0.0126678 0.000823458 -0.0289942
162
1
2.66293 4.10115 0.40859
0.0152163 -0.000469275 -0.0285078
163
1
2.63192 4.10167 0.462088
0.0178786 -0.00109576 -0.0277292
164
1
2.59588 4.10272 0.513385
0.0208641 -0.000732198 -0.0261433
165
1
2.55462 4.10361 0.561731
0.0233645 -0.000332089 -0.0241096
166
1
2.50896 4.10446 0.606752
0.0249052 -0.000524809 -0.0224255
167
1
2.45988 4.10508 0.648237
0.0256886 -0.000453282 -0.0206544
168
1
2.40892 4.10484 0.68619
0.0258986 0.000202969 -0.0186656
169
1
2.35734 4.10381 0.720653
0.02607 0.000131751 -0.0165454
170
1
2.30546 4.10342 0.751867
0.0266674 -0.00105334 -0.0145412
171
1
2.25304 4.10468 0.7805
0.0273714 -0.00221407 -0.0130761
172
1
2.19972 4.10774 0.806906
0.0278337 -0.00269279 -0.0120721
173
1
2.14547 4.11237 0.831645
0.0281678 -0.00304498 -0.011332
174
1
2.09019 4.11771 0.854234
0.0280977 -0.00322809 -0.0106506
175
1
2.03453 4.12306 0.873938
0.0270645 -0.00254613 -0.00931176
176
1
1.97925 4.12805 0.890108
0.0261306 -0.00178918 -0.00748557
177
1
1.92426 4.13266 0.902861
0.0266895 -0.00177334 -0.00590288
178
1
1.86872 4.13664 0.912209
0.0280237 -0.00174373 -0.00397017
179
1
1.81209 4.13983 0.917429
0.0287048 -0.000937382 -0.0012879
180
1
1.75455 4.14227 0.918174
0.0289427 -0.000185969 0.00121928
181
1
1.69632 4.1443 0.915127
0.0293003 -0.00039146 0.00301132
182
1
1.63761 4.14663 0.90878
0.0292278 -0.00105938 0.00467352
183
1
1.57866 4.15035 0.899061
0.0287737 -0.00203141 0.00665287
184
1
1.51955 4.15664 0.885815
0.0292088 -0.00367487 0.00847708
185
1
1.45999 4.16589 0.869669
0.0298192 -0.00529623 0.00988684
186
1
1.39981 4.17775 0.851136
0.0292467 -0.0065039 0.0108546
187
1
1.33862 4.19259 0.830373
0.0298342 -0.00843931 0.0115289
188
1
1.27587 4.21124 0.807823
0.0316656 -0.010721 0.0124536
189
1
1.21175 4.23334 0.782861
0.0315715 -0.0115316 0.0138088
190
1
1.14638 4.25841 0.754667
0.0324519 -0.0122421 0.0146828
191
1
1.07934 4.28581 0.722387
0.0349099 -0.0137271 0.0166582
192
1
1.01111 4.31501 0.685276
0.0346456 -0.0146721 0.0194256
193
1
0.940665 4.34699 0.642532
0.0371769 -0.0169709 0.0228401
