194
0
1
0.906393 2.90011 1.28131
0.0336512 -0.0243857 -0.0213832
1
1
0.836745 2.94504 1.32129
0.037438 -0.0225188 -0.0197648
2
1
0.758933 2.98687 1.35885
0.0411254 -0.0196447 -0.0184374
3
1
0.673476 3.02426 1.39371
0.0449312 -0.0176385 -0.0169339
4
1
0.581223 3.05758 1.42525
0.0474055 -0.0151889 -0.0152615
5
1
0.48355 3.08712 1.45306
0.0495383 -0.0135426 -0.0133591
6
1
0.381399 3.11309 1.47647
0.0518905 -0.0115936 -0.0108085
7
1
0.275366 3.13365 1.49477
0.0537089 -0.00885119 -0.00830351
8
1
0.166354 3.14723 1.50749
0.0549195 -0.00502341 -0.00528861
9
1
0.0556306 3.15377 1.51387
0.0556528 -0.00128592 -0.00181948
10
1
-0.0556306 3.15377 1.51387
0.0556528 0.00128592 0.00181948
11
1
-0.166354 3.14723 1.50749
0.0549195 0.00502341 0.00528861
12
1
-0.275366 3.13365 1.49477
0.0537089 0.00885119 0.00830351
13
1
-0.381399 3.11309 1.47647
0.0518905 0.0115936 0.0108085
14
1
-0.48355 3.08712 1.45306
0.0495383 0.0135426 0.0133591
15
1
-0.581223 3.05758 1.42525
0.0474055 0.0151889 0.0152615
16
1
-0.673476 3.02426 1.39371
0.0449312 0.0176385 0.0169339
17
1
-0.758933 2.98687 1.35885
0.0411254 0.0196447 0.0184374
18
1
-0.836745 2.94504 1.32129
0.037438 0.0225188 0.0197648
19
1
-0.906393 2.90011 1.28131
0.0336512 0.0243857 0.0213832
20
1
-0.967851 2.85385 1.23958
0.0291585 0.0241061 0.0216508
21
1
-1.02226 2.80733 1.19655
0.0257188 0.0237546 0.0219569
22
1
-1.07048 2.76116 1.15302
0.0227568 0.023076 0.0220752
23
1
-1.11334 2.71531 1.1091
0.0203936 0.0224322 0.0222563
24
1
-1.15084 2.66941 1.06551
0.0176279 0.0226152 0.0218329
25
1
-1.18336 2.6231 1.0226
0.0149972 0.023048 0.0217691
26
1
-1.21114 2.57656 0.979863
0.0124535 0.0232614 0.0215555
27
1
-1.23398 2.52951 0.937594
0.00997203 0.023632 0.0209126
28
1
-1.25261 2.48207 0.895965
0.00764083 0.0241118 0.0207189
29
1
-1.26747 2.43472 0.854392
0.00566938 0.024115 0.0208711
30
1
-1.27856 2.38766 0.812744
0.0041479 0.0236938 0.0207864
31
1
-1.28611 2.34083 0.771481
0.00252922 0.0232129 0.0206964
32
1
-1.29063 2.29413 0.731062
0.000686882 0.022994 0.0206183
33
1
-1.29254 2.24741 0.691722
-0.000686847 0.0232379 0.0198954
34
1
-1.29209 2.20014 0.653974
-0.00128311 0.0238652 0.0185073
35
1
-1.28977 2.15199 0.618513
-0.00168116 0.0243978 0.0171214
36
1
-1.28585 2.1032 0.58578
-0.00245728 0.0245484 0.0158147
37
1
-1.28023 2.05422 0.555852
-0.00356773 0.0245595 0.0140762
38
1
-1.27243 2.00518 0.529037
-0.00467468 0.0246863 0.0118366
39
1
-1.26228 1.95593 0.505929
-0.0055712 0.0248518 0.0095787
40
1
-1.25044 1.90639 0.486919
-0.00627551 0.0247915 0.00771339
41
1
-1.23813 1.85674 0.471499
-0.00683921 0.0244626 0.00628521
42
1
-1.22631 1.80722 0.458514
-0.00716667 0.0240838 0.00520069
43
1
-1.21545 1.75806 0.446661
-0.00704321 0.02389 0.00447684
44
1
-1.20591 1.70925 0.435104
-0.00630705 0.0239303 0.00427025
45
1
-1.1984 1.6607 0.42314
-0.00493586 0.0241039 0.00471265
46
1
-1.194 1.61247 0.410021
-0.00303689 0.0241965 0.00581503
47
1
-1.19343 1.56512 0.394442
-0.000789743 0.0239994 0.00745978
48
1
-1.19679 1.51955 0.375351
0.00156244 0.0233122 0.00946086
49
1
-1.20327 1.47684 0.35196
0.00373488 0.0220771 0.0116262
50
1
-1.21173 1.43782 0.324173
0.00538036 0.0202953 0.0137836
51
1
-1.22093 1.40302 0.29237
0.00625604 0.0181321 0.0159173
52
1
-1.22986 1.37272 0.257092
0.0061512 0.0156139 0.0179408
53
1
-1.238 1.34707 0.218835
0.00520584 0.0128183 0.0198326
54
1
-1.24479 1.32592 0.178183
0.0038624 0.00986321 0.0215263
55
1
-1.25008 1.30938 0.135525
0.00264698 0.00688834 0.0228043
56
1
-1.25384 1.29758 0.0912941
0.00174163 0.00411314 0.0234117
57
1
-1.25632 1.29061 0.0459373
0.000915527 0.00180727 0.0234251
58
1
-1.25717 1.28819 -3.12426e-015
-2.30957e-017 -2.54925e-016 0.0233363
59
1
-1.25632 1.29061 -0.0459373
-0.000915527 -0.00180727 0.0234251
60
1
-1.25384 1.29758 -0.0912941
-0.00174163 -0.00411314 0.0234117
61
1
-1.25008 1.30938 -0.135525
-0.00264698 -0.00688834 0.0228043
62
1
-1.24479 1.32592 -0.178183
-0.0038624 -0.00986321 0.0215263
63
1
-1.238 1.34707 -0.218835
-0.00520584 -0.0128183 0.0198326
64
1
-1.22986 1.37272 -0.257092
-0.0061512 -0.0156139 0.0179408
65
1
-1.22093 1.40302 -0.29237
-0.00625604 -0.0181321 0.0159173
66
1
-1.21173 1.43782 -0.324173
-0.00538036 -0.0202953 0.0137836
67
1
-1.20327 1.47684 -0.35196
-0.00373488 -0.0220771 0.0116262
68
1
-1.19679 1.51955 -0.375351
-0.00156244 -0.0233122 0.00946086
69
1
-1.19343 1.56512 -0.394442
0.000789743 -0.0239994 0.00745978
70
1
-1.194 1.61247 -0.410021
0.00303689 -0.0241965 0.00581503
71
1
-1.1984 1.6607 -0.42314
0.00493586 -0.0241039 0.00471265
72
1
-1.20591 1.70925 -0.435104
0.00630705 -0.0239303 0.00427025
73
1
-1.21545 1.75806 -0.446661
0.00704321 -0.02389 0.00447684
74
1
-1.22631 1.80722 -0.458514
0.00716667 -0.0240838 0.00520069
75
1
-1.23813 1.85674 -0.471499
0.00683921 -0.0244626 0.00628521
76
1
-1.25044 1.90639 -0.486919
0.00627551 -0.0247915 0.00771339
77
1
-1.26228 1.95593 -0.505929
0.0055712 -0.0248518 0.0095787
78
1
-1.27243 2.00518 -0.529037
0.00467468 -0.0246863 0.0118366
79
1
-1.28023 2.05422 -0.555852
0.00356773 -0.0245595 0.0140762
80
1
-1.28585 2.1032 -0.58578
0.00245728 -0.0245484 0.0158147
81
1
-1.28977 2.15199 -0.618513
0.00168116 -0.0243978 0.0171214
82
1
-1.29209 2.20014 -0.653974
0.00128311 -0.0238652 0.0185073
83
1
-1.29254 2.24741 -0.691722
0.000686847 -0.0232379 0.0198954
84
1
-1.29063 2.29413 -0.731062
-0.000686882 -0.022994 0.0206183
85
1
-1.28611 2.34083 -0.771481
-0.00252922 -0.0232129 0.0206964
86
1
-1.27856 2.38766 -0.812744
-0.0041479 -0.0236938 0.0207864
87
1
-1.26747 2.43472 -0.854392
-0.00566938 -0.024115 0.0208711
88
1
-1.25261 2.48207 -0.895965
-0.00764083 -0.0241118 0.0207189
89
1
-1.23398 2.52951 -0.937594
-0.00997203 -0.023632 0.0209126
90
1
-1.21114 2.57656 -0.979863
-0.0124535 -0.0232614 0.0215555
91
1
-1.18336 2.6231 -1.0226
-0.0149972 -0.023048 0.0217691
92
1
-1.15084 2.66941 -1.06551
-0.0176279 -0.0226152 0.0218329
93
1
-1.11334 2.71531 -1.1091
-0.0203936 -0.0224322 0.0222563
94
1
-1.07048 2.76116 -1.15302
-0.0227568 -0.023076 0.0220752
95
1
-1.02226 2.80733 -1.19655
-0.0257188 -0.0237546 0.0219569
96
1
-0.967851 2.85385 -1.23958
-0.0291585 -0.0241061 0.0216508
97
1
-0.906393 2.90011 -1.28131
-0.0336512 -0.0243857 0.0213832
98
1
-0.836745 2.94504 -1.32129
-0.037438 -0.0225188 0.0197648
99
1
-0.758933 2.98687 -1.35885
-0.0411254 -0.0196447 0.0184374
100
1
-0.673476 3.02426 -1.39371
-0.0449312 -0.0176385 0.0169339
101
1
-0.581223 3.05758 -1.42525
-0.0474055 -0.0151889 0.0152615
102
1
-0.48355 3.08712 -1.45306
-0.0495383 -0.0135426 0.0133591
103
1
-0.381399 3.11309 -1.47647
-0.0518905 -0.0115936 0.0108085
104
1
-0.275366 3.13365 -1.49477
-0.0537089 -0.00885119 0.00830351
105
1
-0.166354 3.14723 -1.50749
-0.0549195 -0.00502341 0.00528861
106
1
-0.0556306 3.15377 -1.51387
-0.0556528 -0.00128592 0.00181948
107
1
0.0556306 3.15377 -1.51387
-0.0556528 0.00128592 -0.00181948
108
1
0.166354 3.14723 -1.50749
-0.0549195 0.00502341 -0.00528861
109
1
0.275366 3.13365 -1.49477
-0.0537089 0.00885119 -0.00830351
110
1
0.381399 3.11309 -1.47647
-0.0518905 0.0115936 -0.0108085
111
1
0.48355 3.08712 -1.45306
-0.0495383 0.0135426 -0.0133591
112
1
0.581223 3.05758 -1.42525
-0.0474055 0.0151889 -0.0152615
113
1
0.673476 3.02426 -1.39371
-0.0449312 0.0176385 -0.0169339
114
1
0.758933 2.98687 -1.35885
-0.0411254 0.0196447 -0.0184374
115
1
0.836745 2.94504 -1.32129
-0.037438 0.0225188 -0.0197648
116
1
0.906393 2.90011 -1.28131
-0.0336512 0.0243857 -0.0213832
117
1
0.967851 2.85385 -1.23958
-0.0291585 0.0241061 -0.0216508
118
1
1.02226 2.80733 -1.19655
-0.0257188 0.0237546 -0.0219569
119
1
1.07048 2.76116 -1.15302
-0.0227568 0.023076 -0.0220752
120
1
1.11334 2.71531 -1.1091
-0.0203936 0.0224322 -0.0222563
121
1
1.15084 2.66941 -1.06551
-0.0176279 0.0226152 -0.0218329
122
1
1.18336 2.6231 -1.0226
-0.0149972 0.023048 -0.0217691
123
1
1.21114 2.57656 -0.979863
-0.0124535 0.0232614 -0.0215555
124
1
1.23398 2.52951 -0.937594
-0.00997203 0.023632 -0.0209126
125
1
1.25261 2.48207 -0.895965
-0.00764083 0.0241118 -0.0207189
126
1
1.26747 2.43472 -0.854392
-0.00566938 0.024115 -0.0208711
127
1
1.27856 2.38766 -0.812744
-0.0041479 0.0236938 -0.0207864
128
1
1.28611 2.34083 -0.771481
-0.00252922 0.0232129 -0.0206964
129
1
1.29063 2.29413 -0.731062
-0.000686882 0.022994 -0.0206183
130
1
1.29254 2.24741 -0.691722
0.000686847 0.0232379 -0.0198954
131
1
1.29209 2.20014 -0.653974
0.00128311 0.0238652 -0.0185073
132
1
1.28977 2.15199 -0.618513
0.00168116 0.0243978 -0.0171214
133
1
1.28585 2.1032 -0.58578
0.00245728 0.0245484 -0.0158147
134
1
1.28023 2.05422 -0.555852
0.00356773 0.0245595 -0.0140762
135
1
1.27243 2.00518 -0.529037
0.00467468 0.0246863 -0.0118366
136
1
1.26228 1.95593 -0.505929
0.0055712 0.0248518 -0.0095787
137
1
1.25044 1.90639 -0.486919
0.00627551 0.0247915 -0.00771339
138
1
1.23813 1.85674 -0.471499
0.00683921 0.0244626 -0.00628521
139
1
1.22631 1.80722 -0.458514
0.00716667 0.0240838 -0.00520069
140
1
1.21545 1.75806 -0.446661
0.00704321 0.02389 -0.00447684
141
1
1.20591 1.70925 -0.435104
0.00630705 0.0239303 -0.00427025
142
1
1.1984 1.6607 -0.42314
0.00493586 0.0241039 -0.00471265
143
1
1.194 1.61247 -0.410021
0.00303689 0.0241965 -0.00581503
144
1
1.19343 1.56512 -0.394442
0.000789743 0.0239994 -0.00745978
145
1
1.19679 1.51955 -0.375351
-0.00156244 0.0233122 -0.00946086
146
1
1.20327 1.47684 -0.35196
-0.00373488 0.0220771 -0.0116262
147
1
1.21173 1.43782 -0.324173
-0.00538036 0.0202953 -0.0137836
148
1
1.22093 1.40302 -0.29237
-0.00625604 0.0181321 -0.0159173
149
1
1.22986 1.37272 -0.257092
-0.0061512 0.0156139 -0.0179408
150
1
1.238 1.34707 -0.218835
-0.00520584 0.0128183 -0.0198326
151
1
1.24479 1.32592 -0.178183
-0.0038624 0.00986321 -0.0215263
152
1
1.25008 1.30938 -0.135525
-0.00264698 0.00688834 -0.0228043
153
1
1.25384 1.29758 -0.0912941
-0.00174163 0.00411314 -0.0234117
154
1
1.25632 1.29061 -0.0459373
-0.000915527 0.00180727 -0.0234251
155
1
1.25717 1.28819 -2.48623e-015
2.59142e-017 9.75878e-017 -0.0233363
156
1
1.25632 1.29061 0.0459373
0.000915527 -0.00180727 -0.0234251
157
1
1.25384 1.29758 0.0912941
0.00174163 -0.00411314 -0.0234117
158
1
1.25008 1.30938 0.135525
0.00264698 -0.00688834 -0.0228043
159
1
1.24479 1.32592 0.178183
0.0038624 -0.00986321 -0.0215263
160
1
1.238 1.34707 0.218835
0.00520584 -0.0128183 -0.0198326
161
1
1.22986 1.37272 0.257092
0.0061512 -0.0156139 -0.0179408
162
1
1.22093 1.40302 0.29237
0.00625604 -0.0181321 -0.0159173
163
1
1.21173 1.43782 0.324173
0.00538036 -0.0202953 -0.0137836
164
1
1.20327 1.47684 0.35196
0.00373488 -0.0220771 -0.0116262
165
1
1.19679 1.51955 0.375351
0.00156244 -0.0233122 -0.00946086
166
1
1.19343 1.56512 0.394442
-0.000789743 -0.0239994 -0.00745978
167
1
1.194 1.61247 0.410021
-0.00303689 -0.0241965 -0.00581503
168
1
1.1984 1.6607 0.42314
-0.00493586 -0.0241039 -0.00471265
169
1
1.20591 1.70925 0.435104
-0.00630705 -0.0239303 -0.00427025
170
1
1.21545 1.75806 0.446661
-0.00704321 -0.02389 -0.00447684
171
1
1.22631 1.80722 0.458514
-0.00716667 -0.0240838 -0.00520069
172
1
1.23813 1.85674 0.471499
-0.00683921 -0.0244626 -0.00628521
173
1
1.25044 1.90639 0.486919
-0.00627551 -0.0247915 -0.00771339
174
1
1.26228 1.95593 0.505929
-0.0055712 -0.0248518 -0.0095787
175
1
1.27243 2.00518 0.529037
-0.00467468 -0.0246863 -0.0118366
176
1
1.28023 2.05422 0.555852
-0.00356773 -0.0245595 -0.0140762
177
1
1.28585 2.1032 0.58578
-0.00245728 -0.0245484 -0.0158147
178
1
1.28977 2.15199 0.618513
-0.00168116 -0.0243978 -0.0171214
179
1
1.29209 2.20014 0.653974
-0.00128311 -0.0238652 -0.0185073
180
1
1.29254 2.24741 0.691722
-0.000686847 -0.0232379 -0.0198954
181
1
1.29063 2.29413 0.731062
0.000686882 -0.022994 -0.0206183
182
1
1.28611 2.34083 0.771481
0.00252922 -0.0232129 -0.0206964
183
1
1.27856 2.38766 0.812744
0.0041479 -0.0236938 -0.0207864
184
1
1.26747 2.43472 0.854392
0.00566938 -0.024115 -0.0208711
185
1
1.25261 2.48207 0.895965
0.00764083 -0.0241118 -0.0207189
186
1
1.23398 2.52951 0.937594
0.00997203 -0.023632 -0.0209126
187
1
1.21114 2.57656 0.979863
0.0124535 -0.0232614 -0.0215555
188
1
1.18336 2.6231 1.0226
0.0149972 -0.023048 -0.0217691
189
1
1.15084 2.66941 1.06551
0.0176279 -0.0226152 -0.0218329
190
1
1.11334 2.71531 1.1091
0.0203936 -0.0224322 -0.0222563
191
1
1.07048 2.76116 1.15302
0.0227568 -0.023076 -0.0220752
192
1
1.02226 2.80733 1.19655
0.0257188 -0.0237546 -0.0219569
193
1
0.967851 2.85385 1.23958
0.0291585 -0.0241061 -0.0216508
