194
0
1
0.883108 12.5129 2.90323
-0.00425147 0.0230657 -0.01801
1
1
0.871261 12.469 2.94944
0.00378844 0.0173446 -0.0183354
2
1
0.833899 12.4165 3.01621
0.0392571 0.0241592 -0.041954
3
1
0.770982 12.3717 3.08049
0.0419523 0.0174938 -0.0325825
4
1
0.683863 12.3374 3.13777
0.0573875 0.0145768 -0.0250728
5
1
0.599764 12.3122 3.18619
0.0223056 0.00673546 -0.0117665
6
1
0.458916 12.2671 3.25719
0.069355 0.0154259 -0.0308608
7
1
0.211972 12.2271 3.33977
0.0751258 0.00711074 -0.0172605
8
1
0.73873 6.12844 0.0907438
0.0336928 -0.0370838 -0.00425494
9
1
0.807195 11.7876 0.531171
-0.030034 0.0718081 0.00366139
10
1
-0.729095 11.752 -0.445738
-0.0560562 -0.0139069 0.0523082
11
1
-0.750733 6.1241 0.0182002
0.0320941 0.0367074 0.0136717
12
1
-0.210813 12.2269 3.33928
0.0750766 -0.00701471 0.0173029
13
1
-0.457011 12.2664 3.25675
0.0693235 -0.0151918 0.0307076
14
1
-0.597261 12.3114 3.18676
0.0221896 -0.00664251 0.0115354
15
1
-0.680822 12.3369 3.13954
0.057249 -0.0145592 0.0241125
16
1
-0.767318 12.3719 3.08429
0.0419778 -0.0181523 0.0310372
17
1
-0.828892 12.4174 3.02272
0.0389826 -0.0246969 0.0399352
18
1
-0.863613 12.4695 2.95814
0.00293227 -0.0168106 0.0177968
19
1
-0.873204 12.5116 2.91281
-0.00581918 -0.0220099 0.0172816
20
1
-0.863755 12.5646 2.86606
-0.0215543 -0.0367673 0.0240909
21
1
-0.842332 12.6213 2.81635
-0.00442759 -0.0217546 0.0200955
22
1
-0.814666 12.6801 2.75284
-0.027305 -0.032947 0.0484834
23
1
-0.788439 12.7317 2.68886
-0.0141021 -0.0242701 0.0263656
24
1
-0.770469 12.7689 2.63435
0.00226436 -0.00867998 0.00903661
25
1
-0.767235 12.793 2.58417
-0.00412555 -0.0107886 0.0159185
26
1
-0.759011 12.8064 2.52603
-0.0105121 -0.00116658 0.0334238
27
1
-0.749063 12.8169 2.46943
0.00461783 -0.00537825 0.0508979
28
1
-0.741989 12.8253 2.40523
-0.000692297 -0.00683122 0.0381696
29
1
-0.729754 12.8281 2.34488
-0.0109157 -0.00114735 0.0263537
30
1
-0.714083 12.8259 2.29395
-0.0105921 0.00497768 0.0166805
31
1
-0.697602 12.8199 2.24973
-0.00847547 0.00623633 0.0130008
32
1
-0.680452 12.8128 2.20613
-0.00721989 0.00375333 0.0112442
33
1
-0.665842 12.8082 2.16136
-0.00409229 0.000982574 0.0264058
34
1
-0.651613 12.8056 2.11272
-0.00534544 -0.000703492 0.0294083
35
1
-0.635828 12.8033 2.05783
-0.00913019 0.00190859 0.021822
36
1
-0.617528 12.8017 1.99867
-0.0120081 -0.00105489 0.0370324
37
1
-0.599403 12.7985 1.93557
-0.0121384 0.0023368 0.0439436
38
1
-0.583289 12.7922 1.87287
-0.00763366 0.00803699 0.0273204
39
1
-0.56867 12.7845 1.81316
-0.00494517 0.00450133 0.0153578
40
1
-0.554843 12.7811 1.75297
-0.00689184 -0.0042214 0.0317051
41
1
-0.541865 12.7828 1.69171
-0.00800949 -0.00803089 0.0520381
42
1
-0.532643 12.7793 1.6322
-0.00410423 0.00368743 0.0475565
43
1
-0.518537 12.7657 1.57455
-0.00664136 0.0229984 0.0442658
44
1
-0.501126 12.7582 1.52206
-0.0208122 0.0106337 0.0146123
45
1
-0.47777 12.7595 1.46461
0.00774616 -0.00376902 0.0285749
46
1
-0.453177 12.7686 1.40933
-0.0313851 0.0126146 0.0530381
47
1
-0.430746 12.776 1.37254
-0.0394407 -0.0282883 0.0152464
48
1
-0.407749 12.7888 1.32306
-0.00535415 -0.0389882 0.0250916
49
1
-0.392902 12.8151 1.27693
-0.00324308 0.0109126 0.0122432
50
1
-0.383218 12.8403 1.22446
0.00983126 -0.0262455 0.058354
51
1
-0.378326 12.8512 1.12041
0.0101577 -0.0251251 0.0355167
52
1
-0.432289 12.7965 1.0552
-0.047679 0.0350862 -0.0366178
53
1
-0.491751 12.792 0.978854
0.0732541 -0.0135002 0.0228787
54
1
-0.53135 12.7729 0.953725
0.0312082 -0.0418347 0.0522836
55
1
-0.647482 12.7877 0.974531
-0.00274227 0.0164902 -0.0067607
56
1
0.349661 15.0564 1.4197
0.0534901 -0.056536 0.00378763
57
1
-0.202311 13.5676 0.0171443
-0.0442773 -0.00877348 -0.0122471
58
1
-0.0290369 16.4275 0.0527659
0.0538106 0.034065 0.035617
59
1
-0.205379 13.571 -0.0400126
0.0480581 0.00704535 -0.0116529
60
1
-0.363504 15.0691 -1.29837
0.0727958 -0.0237288 0.0144764
61
1
-0.508505 12.8211 -1.01905
-0.00156285 -0.00716811 -0.0112134
62
1
-0.383653 12.7615 -1.02781
-0.022048 0.013417 0.0343548
63
1
-0.327465 12.7783 -1.05378
-0.0724761 0.00703658 0.0277407
64
1
-0.233276 12.8276 -1.10488
0.0648017 -0.0207853 -0.0379547
65
1
-0.181547 12.8987 -1.13175
-0.0401752 0.0142464 0.0652292
66
1
-0.173603 12.9115 -1.25872
0.00183799 0.00808476 0.0478595
67
1
-0.184806 12.8872 -1.30746
0.0201849 -0.00846705 0.0236917
68
1
-0.211148 12.8535 -1.34989
-0.00375476 0.0334772 0.0144128
69
1
-0.237628 12.8297 -1.39606
0.0510942 0.0210359 0.0195411
70
1
-0.270611 12.8119 -1.43792
0.0325898 -0.000938723 0.0414868
71
1
-0.30926 12.7952 -1.49874
0.0030575 0.00949534 0.0327654
72
1
-0.350226 12.7989 -1.56263
0.0361545 -0.0196535 0.0380297
73
1
-0.382756 12.809 -1.61788
0.0196573 -0.02187 0.0505924
74
1
-0.409651 12.8255 -1.67988
0.0156572 -0.00235645 0.0440642
75
1
-0.434702 12.8287 -1.74047
0.0172209 0.00165277 0.040414
76
1
-0.464824 12.8349 -1.79563
0.0119674 -0.00274363 0.0246233
77
1
-0.490375 12.8454 -1.84948
0.00972598 -0.00738469 0.0154307
78
1
-0.516998 12.8561 -1.90304
0.0145348 -0.0102616 0.023553
79
1
-0.546934 12.8632 -1.95779
0.0190409 -0.00298347 0.0337937
80
1
-0.57742 12.8653 -2.01232
0.017932 0.00262786 0.0304889
81
1
-0.606938 12.8645 -2.06481
0.0142613 0.00134973 0.0221446
82
1
-0.632537 12.8634 -2.11547
0.00973688 0.00358981 0.0267214
83
1
-0.654589 12.8624 -2.16175
0.00762663 0.00113385 0.0239912
84
1
-0.675977 12.8633 -2.20548
0.00967775 -0.00248347 0.0119557
85
1
-0.699315 12.8664 -2.24874
0.0108983 -0.00466072 0.013846
86
1
-0.721679 12.8681 -2.29299
0.0134497 -0.00284237 0.0173309
87
1
-0.742804 12.8656 -2.34341
0.0142691 0.00374877 0.0256838
88
1
-0.759641 12.8581 -2.40191
0.00334722 0.00874007 0.0349153
89
1
-0.770227 12.8455 -2.46482
-0.00283488 0.00843225 0.0484741
90
1
-0.782027 12.8311 -2.52209
0.0103806 0.00461652 0.0363022
91
1
-0.791265 12.8136 -2.5803
0.0046261 0.0119435 0.0166157
92
1
-0.794946 12.7852 -2.63003
-0.00181962 0.00919963 0.00926732
93
1
-0.811321 12.7448 -2.68297
0.0120576 0.0252396 0.0249003
94
1
-0.835035 12.6896 -2.74415
0.0223842 0.0341802 0.0439735
95
1
-0.858485 12.6283 -2.80499
0.00323682 0.0236481 0.0206468
96
1
-0.8764 12.5684 -2.85538
0.0190424 0.0386978 0.0253175
97
1
-0.883104 12.5129 -2.90322
0.00425159 0.0230656 0.0180102
98
1
-0.871257 12.469 -2.94944
-0.00378824 0.0173446 0.0183356
99
1
-0.833896 12.4165 -3.0162
-0.0392566 0.0241593 0.0419547
100
1
-0.77098 12.3717 -3.08049
-0.0419519 0.0174939 0.032583
101
1
-0.683861 12.3374 -3.13777
-0.0573873 0.0145771 0.0250731
102
1
-0.599762 12.3122 -3.18619
-0.0223055 0.00673554 0.0117666
103
1
-0.458915 12.2671 -3.25719
-0.0693548 0.0154261 0.030861
104
1
-0.211972 12.2271 -3.33976
-0.0751258 0.00711081 0.0172605
105
1
-0.738865 6.12842 -0.0901821
-0.0336822 -0.0370771 0.00431675
106
1
-0.806704 11.7878 -0.531167
0.030063 0.0717992 -0.00359697
107
1
0.729476 11.7518 0.445815
0.0559941 -0.013903 -0.0523757
108
1
0.750788 6.12409 -0.0176165
-0.0320677 0.0366995 -0.0137299
109
1
0.210813 12.2269 -3.33928
-0.0750766 -0.00701478 -0.017303
110
1
0.457011 12.2664 -3.25675
-0.0693235 -0.015192 -0.0307078
111
1
0.597261 12.3114 -3.18676
-0.0221896 -0.00664258 -0.0115355
112
1
0.680822 12.3369 -3.13954
-0.0572489 -0.0145595 -0.0241129
113
1
0.767317 12.3719 -3.08428
-0.0419776 -0.0181523 -0.0310378
114
1
0.828891 12.4174 -3.02271
-0.0389822 -0.0246969 -0.039936
115
1
0.863612 12.4695 -2.95813
-0.00293223 -0.0168107 -0.017797
116
1
0.873203 12.5116 -2.91281
0.00581905 -0.0220099 -0.0172817
117
1
0.863755 12.5646 -2.86605
0.0215541 -0.0367674 -0.0240912
118
1
0.842332 12.6213 -2.81634
0.00442754 -0.0217549 -0.0200957
119
1
0.814666 12.6801 -2.75283
0.0273043 -0.0329469 -0.0484828
120
1
0.788439 12.7317 -2.68886
0.0141019 -0.0242701 -0.0263657
121
1
0.77047 12.7689 -2.63434
-0.00226425 -0.00868001 -0.00903681
122
1
0.767236 12.793 -2.58416
0.00412562 -0.0107886 -0.0159187
123
1
0.759012 12.8064 -2.52602
0.0105119 -0.0011666 -0.033424
124
1
0.749063 12.8169 -2.46942
-0.00461767 -0.00537822 -0.0508977
125
1
0.74199 12.8253 -2.40522
0.000692541 -0.00683129 -0.0381696
126
1
0.729754 12.8281 -2.34487
0.010916 -0.00114755 -0.026354
127
1
0.714082 12.8259 -2.29394
0.0105923 0.00497749 -0.0166808
128
1
0.697601 12.8199 -2.24972
0.00847562 0.00623611 -0.013001
129
1
0.680451 12.8128 -2.20612
0.00721998 0.00375307 -0.0112444
130
1
0.665841 12.8082 -2.16135
0.00409247 0.000982114 -0.0264057
131
1
0.651611 12.8056 -2.11271
0.00534556 -0.00070391 -0.0294082
132
1
0.635826 12.8033 -2.05782
0.00913018 0.00190827 -0.0218214
133
1
0.617526 12.8017 -1.99866
0.0120081 -0.00105547 -0.0370319
134
1
0.599401 12.7985 -1.93556
0.0121385 0.002336 -0.0439431
135
1
0.583286 12.7922 -1.87287
0.00763378 0.00803639 -0.0273203
136
1
0.568668 12.7845 -1.81316
0.00494509 0.00450099 -0.015358
137
1
0.554841 12.7811 -1.75296
0.00689112 -0.00422198 -0.031705
138
1
0.541862 12.7828 -1.6917
0.00800857 -0.00803183 -0.0520373
139
1
0.532639 12.7794 -1.63219
0.00410497 0.003686 -0.0475547
140
1
0.518531 12.7657 -1.57455
0.00664432 0.0229959 -0.0442622
141
1
0.501116 12.7582 -1.52206
0.0208148 0.010632 -0.0146128
142
1
0.477759 12.7596 -1.46461
-0.00774497 -0.00377232 -0.0285734
143
1
0.453164 12.7687 -1.40933
0.0313864 0.0126073 -0.0530333
144
1
0.430731 12.776 -1.37254
0.039446 -0.028289 -0.0152497
145
1
0.40773 12.7888 -1.32306
0.00535539 -0.0389895 -0.0251006
146
1
0.392881 12.8152 -1.27692
0.00324217 0.0109071 -0.0122434
147
1
0.383183 12.8404 -1.22442
-0.00982196 -0.0262394 -0.0584044
148
1
0.378226 12.8512 -1.12039
-0.0101541 -0.0251576 -0.0354936
149
1
0.43224 12.7964 -1.0552
0.0477865 0.0351321 0.0366644
150
1
0.491722 12.7919 -0.978832
-0.0732481 -0.013542 -0.0228732
151
1
0.531399 12.7729 -0.953701
-0.0312644 -0.041869 -0.0523475
152
1
0.647577 12.7875 -0.974552
0.00276784 0.0165152 0.00673758
153
1
-0.349631 15.0564 -1.41973
-0.0534953 -0.0565324 -0.00376585
154
1
0.202306 13.5676 -0.0171386
0.0442789 -0.00877387 0.0122468
155
1
0.0290433 16.4275 -0.0527313
-0.0538105 0.034066 -0.0356163
156
1
0.205375 13.571 0.0400182
-0.0480571 0.00704492 0.011653
157
1
0.363576 15.0691 1.29834
-0.072793 -0.0237246 -0.0144973
158
1
0.508509 12.8211 1.01901
0.00156924 -0.00715682 0.0112119
159
1
0.383674 12.7615 1.02774
0.0220278 0.0134188 -0.0343224
160
1
0.327526 12.7783 1.05375
0.0724769 0.00703925 -0.0277382
161
1
0.233306 12.8276 1.10487
-0.0648034 -0.0207846 0.0379522
162
1
0.181582 12.8987 1.13177
0.0401818 0.0142393 -0.0652267
163
1
0.173639 12.9115 1.25873
-0.00183777 0.00809874 -0.0478479
164
1
0.184839 12.8872 1.30746
-0.0201805 -0.00846922 -0.0236884
165
1
0.211174 12.8535 1.34989
0.00375523 0.0334782 -0.0144221
166
1
0.237649 12.8297 1.39606
-0.0510832 0.0210363 -0.0195389
167
1
0.270627 12.8119 1.43792
-0.0325868 -0.000941104 -0.0414873
168
1
0.309272 12.7952 1.49875
-0.00305621 0.009492 -0.0327646
169
1
0.350233 12.7989 1.56263
-0.0361515 -0.0196554 -0.0380261
170
1
0.382762 12.809 1.61789
-0.0196562 -0.0218717 -0.0505932
171
1
0.409656 12.8255 1.67989
-0.0156568 -0.00235755 -0.0440657
172
1
0.434707 12.8287 1.74049
-0.0172208 0.00165173 -0.0404152
173
1
0.464829 12.8349 1.79564
-0.0119672 -0.00274435 -0.0246235
174
1
0.490379 12.8454 1.84949
-0.0097256 -0.00738517 -0.0154306
175
1
0.517001 12.8561 1.90305
-0.0145343 -0.0102626 -0.0235527
176
1
0.546937 12.8632 1.95781
-0.0190405 -0.00298453 -0.0337931
177
1
0.577422 12.8653 2.01233
-0.0179323 0.0026272 -0.0304886
178
1
0.606941 12.8645 2.06482
-0.0142619 0.00134959 -0.0221452
179
1
0.632541 12.8634 2.11548
-0.00973726 0.00358946 -0.0267213
180
1
0.654593 12.8624 2.16176
-0.00762688 0.00113348 -0.0239911
181
1
0.675982 12.8633 2.2055
-0.00967797 -0.00248369 -0.0119557
182
1
0.69932 12.8664 2.24875
-0.0108984 -0.00466084 -0.0138459
183
1
0.721684 12.8681 2.293
-0.0134498 -0.00284238 -0.0173306
184
1
0.742809 12.8656 2.34342
-0.014269 0.00374887 -0.0256833
185
1
0.759646 12.8581 2.40192
-0.00334723 0.00874034 -0.0349149
186
1
0.770233 12.8455 2.46483
0.00283486 0.00843292 -0.048474
187
1
0.782032 12.8312 2.52209
-0.0103807 0.00461716 -0.0363023
188
1
0.79127 12.8136 2.5803
-0.00462604 0.0119438 -0.0166157
189
1
0.794951 12.7852 2.63003
0.00181972 0.00919969 -0.00926715
190
1
0.811326 12.7448 2.68298
-0.0120575 0.0252398 -0.0249
191
1
0.835041 12.6896 2.74416
-0.0223844 0.0341807 -0.0439734
192
1
0.85849 12.6283 2.805
-0.00323669 0.0236482 -0.0206466
193
1
0.876405 12.5684 2.85538
-0.0190422 0.038698 -0.0253173
