194
0
1
0.911045 9.49734 0.596053
0.0374957 -0.00264505 0.0281229
1
1
0.833488 9.49829 0.540303
0.040429 -0.0020633 0.0251341
2
1
0.745008 9.49351 0.486984
0.0462621 0.00375402 0.0264976
3
1
0.649853 9.4756 0.434712
0.0478138 0.0111853 0.0290636
4
1
0.5509 9.43732 0.387402
0.0471993 0.0226101 0.0212512
5
1
0.451632 9.37135 0.353413
0.0446113 0.0401762 0.0130004
6
1
0.341928 9.27391 0.34493
0.0480383 0.0513257 -0.0141303
7
1
0.175283 9.14208 0.395764
0.0580671 0.0398518 -0.0333451
8
1
0.753113 6.14448 0.0573061
0.0317511 -0.0368231 -0.00937234
9
1
0.556816 13.3072 0.0552589
0.00854073 -0.067313 0.00750091
10
1
-0.556816 13.3072 0.0552582
0.00854072 0.067313 -0.00750097
11
1
-0.753166 6.14448 0.0571059
0.031746 0.0368219 0.00939986
12
1
-0.175283 9.14208 0.395764
0.0580671 -0.0398518 0.0333451
13
1
-0.341928 9.27391 0.34493
0.0480383 -0.0513257 0.0141303
14
1
-0.451632 9.37135 0.353413
0.0446113 -0.0401762 -0.0130004
15
1
-0.5509 9.43732 0.387402
0.0471993 -0.0226101 -0.0212512
16
1
-0.649853 9.4756 0.434712
0.0478138 -0.0111853 -0.0290636
17
1
-0.745008 9.49351 0.486984
0.0462621 -0.00375402 -0.0264976
18
1
-0.833488 9.49829 0.540303
0.040429 0.0020633 -0.0251341
19
1
-0.911045 9.49734 0.596052
0.0374957 0.00264505 -0.0281229
20
1
-0.976987 9.49929 0.653008
0.0297927 -0.00188123 -0.0288724
21
1
-1.03466 9.50863 0.708158
0.0251413 -0.0061735 -0.0262716
22
1
-1.08659 9.52529 0.75883
0.0235728 -0.0100796 -0.0270869
23
1
-1.13685 9.54834 0.805636
0.0226535 -0.0128066 -0.0234255
24
1
-1.18682 9.57637 0.845804
0.0247843 -0.016344 -0.0181534
25
1
-1.23602 9.60859 0.878166
0.0246869 -0.0180322 -0.0148762
26
1
-1.2834 9.64376 0.903665
0.0211281 -0.0166447 -0.0108559
27
1
-1.32968 9.67979 0.92338
0.0218889 -0.0171836 -0.00740615
28
1
-1.3777 9.71547 0.938675
0.0257122 -0.0187501 -0.0057196
29
1
-1.42829 9.75042 0.951593
0.0267558 -0.018186 -0.00553876
30
1
-1.47947 9.7833 0.963426
0.0259803 -0.0159295 -0.00643874
31
1
-1.52925 9.81458 0.974094
0.0249761 -0.0147189 -0.00600142
32
1
-1.57612 9.84558 0.982811
0.0229676 -0.0148456 -0.00477181
33
1
-1.61945 9.87745 0.989275
0.0216503 -0.0151712 -0.00384783
34
1
-1.65982 9.91042 0.993312
0.0213894 -0.0159017 -0.00187901
35
1
-1.6977 9.94407 0.995033
0.0191998 -0.0165965 -0.000554959
36
1
-1.73292 9.97701 0.992648
0.01665 -0.0159466 -0.000722583
37
1
-1.76567 10.0089 0.98541
0.0160021 -0.0158412 0.00272724
38
1
-1.79588 10.041 0.972441
0.0140992 -0.0163591 0.00805285
39
1
-1.82316 10.0733 0.954702
0.0111523 -0.015355 0.00824616
40
1
-1.84847 10.1044 0.934121
0.0112284 -0.0152987 0.00940246
41
1
-1.8727 10.1339 0.909629
0.0116808 -0.0153183 0.0150553
42
1
-1.89482 10.1623 0.880713
0.00912734 -0.0132391 0.0176355
43
1
-1.91493 10.1894 0.847823
0.00791556 -0.0115619 0.0164875
44
1
-1.93434 10.2153 0.810868
0.00995182 -0.0112143 0.0194375
45
1
-1.95413 10.2407 0.768997
0.0116211 -0.0116463 0.0261109
46
1
-1.97334 10.2657 0.722015
0.00895741 -0.0121411 0.0257929
47
1
-1.99011 10.2918 0.671873
0.00716241 -0.0131564 0.0241415
48
1
-2.00473 10.3197 0.618641
0.00727306 -0.0168769 0.0294458
49
1
-2.01642 10.3479 0.564531
0.00623477 -0.017378 0.0299955
50
1
-2.025 10.3745 0.509554
0.00293725 -0.0134736 0.0270344
51
1
-2.03003 10.3988 0.451765
0.00016721 -0.011367 0.0299161
52
1
-2.03218 10.4201 0.391416
-0.000283229 -0.011384 0.0336306
53
1
-2.0328 10.4385 0.327844
-0.000951438 -0.00993705 0.0372795
54
1
-2.03278 10.4527 0.261989
-0.000529856 -0.00590177 0.038119
55
1
-2.0327 10.4632 0.195614
0.000189294 -0.00373138 0.0364851
56
1
-2.03296 10.4707 0.130006
0.00035344 -0.00253296 0.0344008
57
1
-2.03324 10.4749 0.0640723
-0.000860561 -0.00134241 0.0328689
58
1
-2.03334 10.476 -5.75591e-008
-4.49023e-010 4.01262e-010 0.0323525
59
1
-2.03324 10.4749 -0.0640724
0.00086056 0.00134241 0.0328689
60
1
-2.03296 10.4707 -0.130007
-0.000353441 0.00253296 0.0344008
61
1
-2.0327 10.4632 -0.195614
-0.000189295 0.00373138 0.0364851
62
1
-2.03278 10.4527 -0.261989
0.000529855 0.00590177 0.038119
63
1
-2.0328 10.4385 -0.327844
0.000951437 0.00993705 0.0372795
64
1
-2.03218 10.4201 -0.391416
0.000283228 0.011384 0.0336306
65
1
-2.03003 10.3988 -0.451765
-0.000167211 0.011367 0.0299161
66
1
-2.025 10.3745 -0.509554
-0.00293725 0.0134736 0.0270344
67
1
-2.01642 10.3479 -0.564531
-0.00623477 0.017378 0.0299955
68
1
-2.00473 10.3197 -0.618642
-0.00727306 0.0168769 0.0294458
69
1
-1.99011 10.2918 -0.671873
-0.00716241 0.0131564 0.0241415
70
1
-1.97334 10.2657 -0.722015
-0.00895741 0.0121411 0.0257929
71
1
-1.95413 10.2407 -0.768997
-0.0116211 0.0116463 0.0261109
72
1
-1.93434 10.2153 -0.810868
-0.00995182 0.0112143 0.0194375
73
1
-1.91493 10.1894 -0.847823
-0.00791556 0.0115619 0.0164875
74
1
-1.89482 10.1623 -0.880713
-0.00912734 0.0132391 0.0176355
75
1
-1.8727 10.1339 -0.909629
-0.0116808 0.0153183 0.0150553
76
1
-1.84847 10.1044 -0.934121
-0.0112284 0.0152987 0.00940246
77
1
-1.82316 10.0733 -0.954702
-0.0111523 0.015355 0.00824617
78
1
-1.79588 10.041 -0.972441
-0.0140992 0.0163591 0.00805285
79
1
-1.76567 10.0089 -0.98541
-0.0160021 0.0158412 0.00272724
80
1
-1.73292 9.97701 -0.992648
-0.01665 0.0159466 -0.000722582
81
1
-1.6977 9.94407 -0.995033
-0.0191998 0.0165965 -0.000554958
82
1
-1.65982 9.91042 -0.993312
-0.0213894 0.0159017 -0.00187901
83
1
-1.61945 9.87745 -0.989275
-0.0216503 0.0151712 -0.00384783
84
1
-1.57612 9.84558 -0.982811
-0.0229676 0.0148456 -0.00477181
85
1
-1.52925 9.81458 -0.974094
-0.0249761 0.0147189 -0.00600142
86
1
-1.47947 9.7833 -0.963426
-0.0259803 0.0159295 -0.00643874
87
1
-1.42829 9.75042 -0.951593
-0.0267558 0.018186 -0.00553876
88
1
-1.3777 9.71547 -0.938675
-0.0257122 0.0187501 -0.0057196
89
1
-1.32968 9.67979 -0.92338
-0.0218889 0.0171836 -0.00740615
90
1
-1.2834 9.64376 -0.903665
-0.0211281 0.0166447 -0.0108559
91
1
-1.23602 9.60859 -0.878166
-0.0246869 0.0180322 -0.0148762
92
1
-1.18682 9.57637 -0.845804
-0.0247843 0.016344 -0.0181534
93
1
-1.13685 9.54834 -0.805636
-0.0226535 0.0128066 -0.0234255
94
1
-1.08659 9.52529 -0.75883
-0.0235728 0.0100796 -0.0270869
95
1
-1.03466 9.50863 -0.708158
-0.0251413 0.0061735 -0.0262716
96
1
-0.976987 9.49929 -0.653008
-0.0297927 0.00188123 -0.0288724
97
1
-0.911045 9.49734 -0.596053
-0.0374957 -0.00264505 -0.0281229
98
1
-0.833488 9.49829 -0.540303
-0.040429 -0.0020633 -0.0251341
99
1
-0.745008 9.49351 -0.486984
-0.0462621 0.00375402 -0.0264976
100
1
-0.649853 9.4756 -0.434713
-0.0478138 0.0111853 -0.0290636
101
1
-0.5509 9.43732 -0.387402
-0.0471993 0.0226101 -0.0212512
102
1
-0.451632 9.37135 -0.353413
-0.0446113 0.0401762 -0.0130004
103
1
-0.341928 9.27391 -0.34493
-0.0480383 0.0513257 0.0141303
104
1
-0.175283 9.14208 -0.395764
-0.0580671 0.0398518 0.0333451
105
1
-0.753113 6.14448 -0.0573024
-0.031751 -0.036823 0.00937273
106
1
-0.556816 13.3072 -0.055259
-0.00854073 -0.067313 -0.00750091
107
1
0.556816 13.3072 -0.0552582
-0.00854072 0.067313 0.00750097
108
1
0.753167 6.14448 -0.0571022
-0.0317459 0.0368218 -0.00940025
109
1
0.175283 9.14208 -0.395764
-0.0580671 -0.0398518 -0.0333451
110
1
0.341928 9.27391 -0.34493
-0.0480383 -0.0513257 -0.0141303
111
1
0.451632 9.37135 -0.353413
-0.0446113 -0.0401762 0.0130004
112
1
0.5509 9.43732 -0.387402
-0.0471993 -0.0226101 0.0212512
113
1
0.649853 9.4756 -0.434712
-0.0478138 -0.0111853 0.0290636
114
1
0.745008 9.49351 -0.486984
-0.0462621 -0.00375402 0.0264976
115
1
0.833488 9.49829 -0.540303
-0.040429 0.0020633 0.0251341
116
1
0.911045 9.49734 -0.596052
-0.0374957 0.00264505 0.0281229
117
1
0.976987 9.49929 -0.653008
-0.0297927 -0.00188123 0.0288724
118
1
1.03466 9.50863 -0.708158
-0.0251413 -0.0061735 0.0262716
119
1
1.08659 9.52529 -0.75883
-0.0235728 -0.0100796 0.0270869
120
1
1.13685 9.54834 -0.805636
-0.0226535 -0.0128066 0.0234255
121
1
1.18682 9.57637 -0.845804
-0.0247843 -0.016344 0.0181534
122
1
1.23602 9.60859 -0.878166
-0.0246869 -0.0180322 0.0148762
123
1
1.2834 9.64376 -0.903665
-0.0211281 -0.0166447 0.0108559
124
1
1.32968 9.67979 -0.92338
-0.0218889 -0.0171836 0.00740615
125
1
1.3777 9.71547 -0.938675
-0.0257122 -0.0187501 0.0057196
126
1
1.42829 9.75042 -0.951593
-0.0267558 -0.018186 0.00553876
127
1
1.47947 9.7833 -0.963426
-0.0259803 -0.0159295 0.00643874
128
1
1.52925 9.81458 -0.974094
-0.0249761 -0.0147189 0.00600142
129
1
1.57612 9.84558 -0.982811
-0.0229676 -0.0148456 0.00477181
130
1
1.61945 9.87745 -0.989275
-0.0216503 -0.0151712 0.00384783
131
1
1.65982 9.91042 -0.993312
-0.0213894 -0.0159017 0.00187901
132
1
1.6977 9.94407 -0.995033
-0.0191998 -0.0165965 0.000554959
133
1
1.73292 9.97701 -0.992648
-0.01665 -0.0159466 0.000722583
134
1
1.76567 10.0089 -0.98541
-0.0160021 -0.0158412 -0.00272724
135
1
1.79588 10.041 -0.972441
-0.0140992 -0.0163591 -0.00805285
136
1
1.82316 10.0733 -0.954702
-0.0111523 -0.015355 -0.00824616
137
1
1.84847 10.1044 -0.934121
-0.0112284 -0.0152987 -0.00940246
138
1
1.8727 10.1339 -0.909629
-0.0116808 -0.0153183 -0.0150553
139
1
1.89482 10.1623 -0.880713
-0.00912734 -0.0132391 -0.0176355
140
1
1.91493 10.1894 -0.847823
-0.00791556 -0.0115619 -0.0164875
141
1
1.93434 10.2153 -0.810868
-0.00995182 -0.0112143 -0.0194375
142
1
1.95413 10.2407 -0.768997
-0.0116211 -0.0116463 -0.0261109
143
1
1.97334 10.2657 -0.722015
-0.00895741 -0.0121411 -0.0257929
144
1
1.99011 10.2918 -0.671873
-0.00716241 -0.0131564 -0.0241415
145
1
2.00473 10.3197 -0.618641
-0.00727306 -0.0168769 -0.0294458
146
1
2.01642 10.3479 -0.564531
-0.00623477 -0.017378 -0.0299955
147
1
2.025 10.3745 -0.509554
-0.00293725 -0.0134736 -0.0270344
148
1
2.03003 10.3988 -0.451765
-0.00016721 -0.011367 -0.0299161
149
1
2.03218 10.4201 -0.391416
0.000283229 -0.011384 -0.0336306
150
1
2.0328 10.4385 -0.327844
0.000951438 -0.00993705 -0.0372795
151
1
2.03278 10.4527 -0.261989
0.000529856 -0.00590177 -0.038119
152
1
2.0327 10.4632 -0.195614
-0.000189294 -0.00373138 -0.0364851
153
1
2.03296 10.4707 -0.130006
-0.00035344 -0.00253296 -0.0344008
154
1
2.03324 10.4749 -0.0640723
0.000860561 -0.00134241 -0.0328689
155
1
2.03334 10.476 5.39531e-008
5.83627e-010 3.57105e-010 -0.0323525
156
1
2.03324 10.4749 0.0640724
-0.00086056 0.00134241 -0.0328689
157
1
2.03296 10.4707 0.130007
0.000353441 0.00253296 -0.0344008
158
1
2.0327 10.4632 0.195614
0.000189295 0.00373138 -0.0364851
159
1
2.03278 10.4527 0.261989
-0.000529855 0.00590177 -0.038119
160
1
2.0328 10.4385 0.327844
-0.000951437 0.00993705 -0.0372795
161
1
2.03218 10.4201 0.391416
-0.000283228 0.011384 -0.0336306
162
1
2.03003 10.3988 0.451765
0.000167211 0.011367 -0.0299161
163
1
2.025 10.3745 0.509554
0.00293725 0.0134736 -0.0270344
164
1
2.01642 10.3479 0.564531
0.00623477 0.017378 -0.0299955
165
1
2.00473 10.3197 0.618642
0.00727306 0.0168769 -0.0294458
166
1
1.99011 10.2918 0.671873
0.00716241 0.0131564 -0.0241415
167
1
1.97334 10.2657 0.722015
0.00895741 0.0121411 -0.0257929
168
1
1.95413 10.2407 0.768997
0.0116211 0.0116463 -0.0261109
169
1
1.93434 10.2153 0.810868
0.00995182 0.0112143 -0.0194375
170
1
1.91493 10.1894 0.847823
0.00791556 0.0115619 -0.0164875
171
1
1.89482 10.1623 0.880713
0.00912734 0.0132391 -0.0176355
172
1
1.8727 10.1339 0.909629
0.0116808 0.0153183 -0.0150553
173
1
1.84847 10.1044 0.934121
0.0112284 0.0152987 -0.00940246
174
1
1.82316 10.0733 0.954702
0.0111523 0.015355 -0.00824617
175
1
1.79588 10.041 0.972441
0.0140992 0.0163591 -0.00805285
176
1
1.76567 10.0089 0.98541
0.0160021 0.0158412 -0.00272724
177
1
1.73292 9.97701 0.992648
0.01665 0.0159466 0.000722582
178
1
1.6977 9.94407 0.995033
0.0191998 0.0165965 0.000554958
179
1
1.65982 9.91042 0.993312
0.0213894 0.0159017 0.00187901
180
1
1.61945 9.87745 0.989275
0.0216503 0.0151712 0.00384783
181
1
1.57612 9.84558 0.982811
0.0229676 0.0148456 0.00477181
182
1
1.52925 9.81458 0.974094
0.0249761 0.0147189 0.00600142
183
1
1.47947 9.7833 0.963426
0.0259803 0.0159295 0.00643874
184
1
1.42829 9.75042 0.951593
0.0267558 0.018186 0.00553876
185
1
1.3777 9.71547 0.938675
0.0257122 0.0187501 0.0057196
186
1
1.32968 9.67979 0.92338
0.0218889 0.0171836 0.00740615
187
1
1.2834 9.64376 0.903665
0.0211281 0.0166447 0.0108559
188
1
1.23602 9.60859 0.878166
0.0246869 0.0180322 0.0148762
189
1
1.18682 9.57637 0.845804
0.0247843 0.016344 0.0181534
190
1
1.13685 9.54834 0.805636
0.0226535 0.0128066 0.0234255
191
1
1.08659 9.52529 0.75883
0.0235728 0.0100796 0.0270869
192
1
1.03466 9.50863 0.708158
0.0251413 0.0061735 0.0262716
193
1
0.976987 9.49929 0.653008
0.0297927 0.00188123 0.0288724
