194
0
1
0.892826 9.51757 0.602058
0.0339858 -0.00236698 0.0313949
1
1
0.819863 9.51779 0.542667
0.0369934 -0.00258957 0.0284457
2
1
0.737386 9.51145 0.484413
0.0431191 0.00335976 0.0291525
3
1
0.648666 9.4909 0.427834
0.0449112 0.0116533 0.0307484
4
1
0.555789 9.45039 0.378193
0.0449369 0.0232497 0.020478
5
1
0.460045 9.38403 0.345458
0.0436929 0.0409945 0.00874362
6
1
0.348874 9.2897 0.346125
0.0495635 0.0503359 -0.0197596
7
1
0.179233 9.16325 0.409396
0.0591414 0.0361199 -0.0356301
8
1
0.786521 6.17965 0.057267
0.0361876 -0.0325368 -0.0093577
9
1
0.617298 13.3148 0.0553057
0.00171874 -0.0676736 0.00751064
10
1
-0.617298 13.3148 0.0553048
0.00171873 0.0676736 -0.00751074
11
1
-0.786575 6.17965 0.0570368
0.0361823 0.0325365 0.00939155
12
1
-0.179233 9.16325 0.409396
0.0591414 -0.0361199 0.0356301
13
1
-0.348874 9.2897 0.346125
0.0495635 -0.0503359 0.0197596
14
1
-0.460045 9.38403 0.345458
0.0436928 -0.0409945 -0.00874361
15
1
-0.555789 9.45039 0.378193
0.0449369 -0.0232497 -0.020478
16
1
-0.648666 9.4909 0.427834
0.0449112 -0.0116533 -0.0307484
17
1
-0.737386 9.51145 0.484413
0.0431191 -0.00335976 -0.0291525
18
1
-0.819863 9.51779 0.542667
0.0369934 0.00258957 -0.0284457
19
1
-0.892826 9.51757 0.602058
0.0339858 0.00236698 -0.0313949
20
1
-0.955807 9.52041 0.661179
0.0274932 -0.00316978 -0.0309614
21
1
-1.01106 9.5319 0.717898
0.0237464 -0.0079164 -0.0271292
22
1
-1.0609 9.55164 0.769465
0.0226528 -0.0120351 -0.0272273
23
1
-1.10976 9.57772 0.816184
0.0221896 -0.0142477 -0.0231218
24
1
-1.15903 9.60841 0.85522
0.0248744 -0.0169946 -0.0174886
25
1
-1.20764 9.64225 0.886817
0.0251097 -0.0182235 -0.0139431
26
1
-1.25474 9.67767 0.912745
0.0216666 -0.0166336 -0.00998043
27
1
-1.30139 9.71318 0.933294
0.0225892 -0.0169279 -0.00677078
28
1
-1.34976 9.74884 0.948985
0.0263771 -0.0182995 -0.00548469
29
1
-1.40035 9.78424 0.961834
0.0269368 -0.0179378 -0.00582849
30
1
-1.45084 9.81818 0.973246
0.0255856 -0.0161192 -0.00713432
31
1
-1.4992 9.85092 0.983815
0.0241181 -0.0152536 -0.00679253
32
1
-1.54424 9.88333 0.993127
0.0218828 -0.0155744 -0.00535665
33
1
-1.58597 9.91596 1.00094
0.0204692 -0.016006 -0.00417573
34
1
-1.62524 9.94916 1.00641
0.0200911 -0.0168648 -0.00193733
35
1
-1.66269 9.9826 1.00859
0.0179718 -0.0176105 -0.000336287
36
1
-1.69696 10.0161 1.00597
0.0156363 -0.016707 -0.000392683
37
1
-1.72799 10.0493 0.998049
0.0152581 -0.0162106 0.00326114
38
1
-1.75645 10.0831 0.98513
0.0138415 -0.0163271 0.00887971
39
1
-1.783 10.1167 0.968092
0.0111859 -0.0151076 0.00907671
40
1
-1.80837 10.148 0.946843
0.0114582 -0.0148892 0.0101975
41
1
-1.83243 10.1769 0.920671
0.0123744 -0.014671 0.0157897
42
1
-1.85539 10.2047 0.890779
0.0101288 -0.0125336 0.0180924
43
1
-1.87739 10.2309 0.857561
0.00892178 -0.0109838 0.0167266
44
1
-1.8993 10.2557 0.820388
0.01123 -0.0108294 0.0194863
45
1
-1.9214 10.2796 0.778139
0.0131572 -0.0114149 0.0258705
46
1
-1.94165 10.3038 0.730925
0.00993779 -0.0117826 0.0255786
47
1
-1.95909 10.3293 0.680804
0.00742681 -0.0126262 0.0241595
48
1
-1.9733 10.3563 0.627295
0.00684538 -0.016208 0.0296494
49
1
-1.98425 10.3832 0.572714
0.00544069 -0.0166959 0.0302881
50
1
-1.9918 10.4084 0.517024
0.00237039 -0.0127018 0.0274188
51
1
-1.99607 10.4311 0.458362
-9.25423e-005 -0.0103063 0.0304933
52
1
-1.99789 10.4507 0.397013
-0.000434877 -0.0101741 0.034282
53
1
-1.99848 10.4673 0.332345
-0.000945818 -0.00889782 0.0379506
54
1
-1.99863 10.4805 0.265462
-0.000180268 -0.00532587 0.0387454
55
1
-1.99933 10.4901 0.198123
0.000583468 -0.00352572 0.037001
56
1
-2.00066 10.4966 0.131595
0.000572507 -0.0024415 0.0348259
57
1
-2.0011 10.5002 0.0648286
-0.00080341 -0.00124031 0.0332547
58
1
-2.00086 10.5012 -5.95457e-008
-4.07229e-010 4.12236e-010 0.0327374
59
1
-2.0011 10.5002 -0.0648287
0.000803409 0.00124031 0.0332547
60
1
-2.00066 10.4966 -0.131595
-0.000572508 0.0024415 0.0348259
61
1
-1.99933 10.4901 -0.198123
-0.000583469 0.00352572 0.037001
62
1
-1.99863 10.4805 -0.265463
0.000180267 0.00532587 0.0387454
63
1
-1.99848 10.4673 -0.332345
0.000945817 0.00889782 0.0379506
64
1
-1.99789 10.4507 -0.397013
0.000434876 0.0101741 0.034282
65
1
-1.99607 10.4311 -0.458362
9.25414e-005 0.0103063 0.0304933
66
1
-1.9918 10.4084 -0.517024
-0.00237039 0.0127018 0.0274188
67
1
-1.98425 10.3832 -0.572714
-0.00544069 0.0166959 0.0302881
68
1
-1.9733 10.3563 -0.627295
-0.00684538 0.016208 0.0296494
69
1
-1.95909 10.3293 -0.680804
-0.00742681 0.0126262 0.0241595
70
1
-1.94165 10.3038 -0.730925
-0.00993779 0.0117826 0.0255786
71
1
-1.9214 10.2796 -0.778139
-0.0131572 0.0114149 0.0258705
72
1
-1.8993 10.2557 -0.820389
-0.01123 0.0108294 0.0194863
73
1
-1.87739 10.2309 -0.857561
-0.00892178 0.0109838 0.0167266
74
1
-1.85539 10.2047 -0.89078
-0.0101288 0.0125336 0.0180924
75
1
-1.83243 10.1769 -0.920671
-0.0123744 0.014671 0.0157897
76
1
-1.80837 10.148 -0.946843
-0.0114582 0.0148892 0.0101975
77
1
-1.783 10.1167 -0.968092
-0.0111859 0.0151076 0.00907671
78
1
-1.75645 10.0831 -0.98513
-0.0138415 0.0163271 0.00887971
79
1
-1.72799 10.0493 -0.998049
-0.0152581 0.0162106 0.00326114
80
1
-1.69696 10.0161 -1.00597
-0.0156363 0.016707 -0.000392682
81
1
-1.66269 9.9826 -1.00859
-0.0179718 0.0176105 -0.000336286
82
1
-1.62524 9.94916 -1.00641
-0.0200911 0.0168648 -0.00193733
83
1
-1.58597 9.91596 -1.00094
-0.0204692 0.016006 -0.00417573
84
1
-1.54424 9.88333 -0.993128
-0.0218828 0.0155744 -0.00535665
85
1
-1.4992 9.85092 -0.983815
-0.0241181 0.0152536 -0.00679253
86
1
-1.45084 9.81818 -0.973247
-0.0255856 0.0161192 -0.00713432
87
1
-1.40035 9.78424 -0.961834
-0.0269368 0.0179378 -0.00582849
88
1
-1.34976 9.74884 -0.948985
-0.0263771 0.0182995 -0.00548469
89
1
-1.30139 9.71318 -0.933294
-0.0225892 0.0169279 -0.00677078
90
1
-1.25474 9.67767 -0.912746
-0.0216666 0.0166336 -0.00998043
91
1
-1.20764 9.64225 -0.886817
-0.0251097 0.0182235 -0.0139431
92
1
-1.15903 9.60841 -0.85522
-0.0248744 0.0169946 -0.0174886
93
1
-1.10976 9.57772 -0.816184
-0.0221896 0.0142477 -0.0231218
94
1
-1.0609 9.55164 -0.769465
-0.0226528 0.0120351 -0.0272273
95
1
-1.01106 9.5319 -0.717898
-0.0237464 0.0079164 -0.0271292
96
1
-0.955807 9.52041 -0.661179
-0.0274932 0.00316979 -0.0309614
97
1
-0.892826 9.51757 -0.602058
-0.0339858 -0.00236698 -0.0313949
98
1
-0.819863 9.51779 -0.542667
-0.0369934 -0.00258957 -0.0284457
99
1
-0.737386 9.51145 -0.484413
-0.0431191 0.00335976 -0.0291525
100
1
-0.648666 9.4909 -0.427834
-0.0449112 0.0116533 -0.0307484
101
1
-0.555789 9.45039 -0.378193
-0.0449369 0.0232497 -0.020478
102
1
-0.460045 9.38403 -0.345458
-0.0436929 0.0409945 -0.00874362
103
1
-0.348874 9.2897 -0.346125
-0.0495635 0.0503359 0.0197596
104
1
-0.179233 9.16325 -0.409396
-0.0591414 0.0361199 0.0356301
105
1
-0.786522 6.17965 -0.0572631
-0.0361875 -0.0325367 0.0093581
106
1
-0.617298 13.3148 -0.0553057
-0.00171874 -0.0676736 -0.00751064
107
1
0.617298 13.3148 -0.0553048
-0.00171873 0.0676736 0.00751074
108
1
0.786575 6.17965 -0.057033
-0.0361821 0.0325364 -0.00939195
109
1
0.179233 9.16325 -0.409396
-0.0591414 -0.0361199 -0.0356301
110
1
0.348874 9.2897 -0.346125
-0.0495635 -0.0503359 -0.0197596
111
1
0.460045 9.38403 -0.345458
-0.0436928 -0.0409945 0.00874361
112
1
0.555789 9.45039 -0.378193
-0.0449369 -0.0232497 0.020478
113
1
0.648666 9.4909 -0.427834
-0.0449112 -0.0116533 0.0307484
114
1
0.737386 9.51145 -0.484413
-0.0431191 -0.00335976 0.0291525
115
1
0.819863 9.51779 -0.542667
-0.0369934 0.00258957 0.0284457
116
1
0.892826 9.51757 -0.602058
-0.0339858 0.00236698 0.0313949
117
1
0.955807 9.52041 -0.661179
-0.0274932 -0.00316978 0.0309614
118
1
1.01106 9.5319 -0.717898
-0.0237464 -0.0079164 0.0271292
119
1
1.0609 9.55164 -0.769465
-0.0226528 -0.0120351 0.0272273
120
1
1.10976 9.57772 -0.816184
-0.0221896 -0.0142477 0.0231218
121
1
1.15903 9.60841 -0.85522
-0.0248744 -0.0169946 0.0174886
122
1
1.20764 9.64225 -0.886817
-0.0251097 -0.0182235 0.0139431
123
1
1.25474 9.67767 -0.912745
-0.0216666 -0.0166336 0.00998043
124
1
1.30139 9.71318 -0.933294
-0.0225892 -0.0169279 0.00677078
125
1
1.34976 9.74884 -0.948985
-0.0263771 -0.0182995 0.00548469
126
1
1.40035 9.78424 -0.961834
-0.0269368 -0.0179378 0.00582849
127
1
1.45084 9.81818 -0.973246
-0.0255856 -0.0161192 0.00713432
128
1
1.4992 9.85092 -0.983815
-0.0241181 -0.0152536 0.00679253
129
1
1.54424 9.88333 -0.993127
-0.0218828 -0.0155744 0.00535665
130
1
1.58597 9.91596 -1.00094
-0.0204692 -0.016006 0.00417573
131
1
1.62524 9.94916 -1.00641
-0.0200911 -0.0168648 0.00193733
132
1
1.66269 9.9826 -1.00859
-0.0179718 -0.0176105 0.000336287
133
1
1.69696 10.0161 -1.00597
-0.0156363 -0.016707 0.000392683
134
1
1.72799 10.0493 -0.998049
-0.0152581 -0.0162106 -0.00326114
135
1
1.75645 10.0831 -0.98513
-0.0138415 -0.0163271 -0.00887971
136
1
1.783 10.1167 -0.968092
-0.0111859 -0.0151076 -0.00907671
137
1
1.80837 10.148 -0.946843
-0.0114582 -0.0148892 -0.0101975
138
1
1.83243 10.1769 -0.920671
-0.0123744 -0.014671 -0.0157897
139
1
1.85539 10.2047 -0.890779
-0.0101288 -0.0125336 -0.0180924
140
1
1.87739 10.2309 -0.857561
-0.00892178 -0.0109838 -0.0167266
141
1
1.8993 10.2557 -0.820388
-0.01123 -0.0108294 -0.0194863
142
1
1.9214 10.2796 -0.778139
-0.0131572 -0.0114149 -0.0258705
143
1
1.94165 10.3038 -0.730925
-0.00993779 -0.0117826 -0.0255786
144
1
1.95909 10.3293 -0.680804
-0.00742681 -0.0126262 -0.0241595
145
1
1.9733 10.3563 -0.627295
-0.00684538 -0.016208 -0.0296494
146
1
1.98425 10.3832 -0.572714
-0.00544069 -0.0166959 -0.0302881
147
1
1.9918 10.4084 -0.517024
-0.00237039 -0.0127018 -0.0274188
148
1
1.99607 10.4311 -0.458362
9.25425e-005 -0.0103063 -0.0304933
149
1
1.99789 10.4507 -0.397013
0.000434877 -0.0101741 -0.034282
150
1
1.99848 10.4673 -0.332345
0.000945818 -0.00889782 -0.0379506
151
1
1.99863 10.4805 -0.265462
0.000180268 -0.00532587 -0.0387454
152
1
1.99933 10.4901 -0.198123
-0.000583468 -0.00352572 -0.037001
153
1
2.00066 10.4966 -0.131595
-0.000572507 -0.0024415 -0.0348259
154
1
2.0011 10.5002 -0.0648286
0.00080341 -0.00124031 -0.0332547
155
1
2.00086 10.5012 5.64285e-008
5.46788e-010 3.71229e-010 -0.0327374
156
1
2.0011 10.5002 0.0648287
-0.000803409 0.00124031 -0.0332547
157
1
2.00066 10.4966 0.131595
0.000572508 0.0024415 -0.0348259
158
1
1.99933 10.4901 0.198123
0.000583469 0.00352572 -0.037001
159
1
1.99863 10.4805 0.265463
-0.000180267 0.00532587 -0.0387454
160
1
1.99848 10.4673 0.332345
-0.000945817 0.00889782 -0.0379506
161
1
1.99789 10.4507 0.397013
-0.000434876 0.0101741 -0.034282
162
1
1.99607 10.4311 0.458362
-9.25412e-005 0.0103063 -0.0304933
163
1
1.9918 10.4084 0.517024
0.00237039 0.0127018 -0.0274188
164
1
1.98425 10.3832 0.572714
0.00544069 0.0166959 -0.0302881
165
1
1.9733 10.3563 0.627295
0.00684538 0.016208 -0.0296494
166
1
1.95909 10.3293 0.680804
0.00742681 0.0126262 -0.0241595
167
1
1.94165 10.3038 0.730925
0.00993779 0.0117826 -0.0255786
168
1
1.9214 10.2796 0.778139
0.0131572 0.0114149 -0.0258705
169
1
1.8993 10.2557 0.820389
0.01123 0.0108294 -0.0194863
170
1
1.87739 10.2309 0.857561
0.00892178 0.0109838 -0.0167266
171
1
1.85539 10.2047 0.89078
0.0101288 0.0125336 -0.0180924
172
1
1.83243 10.1769 0.920671
0.0123744 0.014671 -0.0157897
173
1
1.80837 10.148 0.946843
0.0114582 0.0148892 -0.0101975
174
1
1.783 10.1167 0.968092
0.0111859 0.0151076 -0.00907671
175
1
1.75645 10.0831 0.98513
0.0138415 0.0163271 -0.00887971
176
1
1.72799 10.0493 0.998049
0.0152581 0.0162106 -0.00326114
177
1
1.69696 10.0161 1.00597
0.0156363 0.016707 0.000392682
178
1
1.66269 9.9826 1.00859
0.0179718 0.0176105 0.000336286
179
1
1.62524 9.94916 1.00641
0.0200911 0.0168648 0.00193733
180
1
1.58597 9.91596 1.00094
0.0204692 0.016006 0.00417573
181
1
1.54424 9.88333 0.993128
0.0218828 0.0155744 0.00535665
182
1
1.4992 9.85092 0.983815
0.0241181 0.0152536 0.00679253
183
1
1.45084 9.81818 0.973247
0.0255856 0.0161192 0.00713432
184
1
1.40035 9.78424 0.961834
0.0269368 0.0179378 0.00582849
185
1
1.34976 9.74884 0.948985
0.0263771 0.0182995 0.00548469
186
1
1.30139 9.71318 0.933294
0.0225892 0.0169279 0.00677079
187
1
1.25474 9.67767 0.912746
0.0216666 0.0166336 0.00998043
188
1
1.20764 9.64225 0.886817
0.0251097 0.0182235 0.0139431
189
1
1.15903 9.60841 0.85522
0.0248744 0.0169946 0.0174886
190
1
1.10976 9.57772 0.816184
0.0221896 0.0142477 0.0231218
191
1
1.0609 9.55164 0.769465
0.0226528 0.0120351 0.0272273
192
1
1.01106 9.5319 0.717898
0.0237464 0.0079164 0.0271292
193
1
0.955807 9.52041 0.661179
0.0274932 0.00316979 0.0309614
