194
0
1
0.577637 1.03765 2.74436
0.0163787 -0.0199023 -0.0316646
1
1
0.543488 1.07811 2.80432
0.0192546 -0.0211468 -0.029309
2
1
0.502614 1.12066 2.86017
0.0223872 -0.0221309 -0.0259139
3
1
0.454069 1.16375 2.91045
0.0265428 -0.0220977 -0.0228045
4
1
0.398466 1.20585 2.95516
0.0295286 -0.0209497 -0.0202146
5
1
0.336442 1.24533 2.99374
0.0320342 -0.0192131 -0.0173503
6
1
0.268608 1.28024 3.02492
0.0346683 -0.0165364 -0.0139406
7
1
0.19577 1.30817 3.04848
0.0370515 -0.0127268 -0.0102184
8
1
0.119064 1.3276 3.06438
0.0388851 -0.00806787 -0.00621168
9
1
0.0399584 1.33762 3.07245
0.0398992 -0.0027724 -0.00206717
10
1
-0.0399584 1.33762 3.07245
0.0398992 0.0027724 0.00206717
11
1
-0.119064 1.3276 3.06438
0.0388851 0.00806787 0.00621168
12
1
-0.19577 1.30817 3.04848
0.0370515 0.0127268 0.0102184
13
1
-0.268608 1.28024 3.02492
0.0346683 0.0165364 0.0139406
14
1
-0.336442 1.24533 2.99374
0.0320342 0.0192131 0.0173503
15
1
-0.398466 1.20585 2.95516
0.0295286 0.0209497 0.0202146
16
1
-0.454069 1.16375 2.91045
0.0265428 0.0220977 0.0228045
17
1
-0.502614 1.12066 2.86017
0.0223872 0.0221309 0.0259139
18
1
-0.543488 1.07811 2.80432
0.0192546 0.0211468 0.029309
19
1
-0.577637 1.03765 2.74436
0.0163787 0.0199023 0.0316646
20
1
-0.605821 0.999507 2.68236
0.0130019 0.0186054 0.0321454
21
1
-0.628023 0.962746 2.61961
0.0105337 0.018183 0.0316362
22
1
-0.644895 0.92631 2.55737
0.00814237 0.0182276 0.0305823
23
1
-0.656921 0.890619 2.49586
0.0061157 0.0176694 0.0302109
24
1
-0.663722 0.856166 2.43493
0.00331953 0.0163234 0.0302455
25
1
-0.665694 0.822904 2.3746
-1.55534e-005 0.0150122 0.0303222
26
1
-0.664331 0.791714 2.31413
-0.00289817 0.0137922 0.03056
27
1
-0.660191 0.764087 2.25248
-0.00495704 0.0123219 0.0309909
28
1
-0.653135 0.741011 2.1893
-0.00632995 0.0105617 0.031496
29
1
-0.643136 0.722382 2.12491
-0.00712792 0.00870823 0.0319994
30
1
-0.630845 0.70747 2.05967
-0.00740985 0.00691977 0.032513
31
1
-0.61732 0.695491 1.9937
-0.00728477 0.00528395 0.0330518
32
1
-0.603691 0.68594 1.92689
-0.0068898 0.0038637 0.0335983
33
1
-0.590753 0.678535 1.85913
-0.00633839 0.00269886 0.0341221
34
1
-0.578903 0.673043 1.79039
-0.00570968 0.00179234 0.0346043
35
1
-0.568289 0.669186 1.72073
-0.00505491 0.00111607 0.0350406
36
1
-0.558902 0.666644 1.65024
-0.00441167 0.000629477 0.0354336
37
1
-0.55069 0.665093 1.579
-0.00380528 0.000290501 0.035788
38
1
-0.54357 0.664256 1.5071
-0.00325142 6.24278e-005 0.0361075
39
1
-0.537444 0.663909 1.43459
-0.00275834 -8.44637e-005 0.0363951
40
1
-0.532215 0.663884 1.36153
-0.00232765 -0.000173106 0.0366532
41
1
-0.527775 0.664065 1.28799
-0.00195683 -0.000220812 0.0368839
42
1
-0.524024 0.664364 1.21401
-0.00164087 -0.00024056 0.0370895
43
1
-0.520866 0.664725 1.13965
-0.00137349 -0.000241771 0.0372721
44
1
-0.518214 0.665107 1.06494
-0.00114819 -0.000231205 0.0374336
45
1
-0.515992 0.665485 0.98993
-0.000958953 -0.000213725 0.037576
46
1
-0.514132 0.665843 0.914651
-0.000800184 -0.00019255 0.0377009
47
1
-0.512579 0.666173 0.839138
-0.00066699 -0.000170045 0.03781
48
1
-0.511286 0.666469 0.763422
-0.000554867 -0.000147717 0.0379047
49
1
-0.510212 0.666727 0.687529
-0.000459973 -0.000126442 0.0379865
50
1
-0.509322 0.66695 0.611484
-0.000379216 -0.000106472 0.0380566
51
1
-0.508592 0.667138 0.53531
-0.000310238 -8.82421e-005 0.038116
52
1
-0.507994 0.667295 0.459027
-0.000250766 -7.16492e-005 0.0381656
53
1
-0.507517 0.667424 0.382653
-0.000199003 -5.70014e-005 0.0382063
54
1
-0.507143 0.667525 0.306207
-0.000152857 -4.39361e-005 0.0382386
55
1
-0.506861 0.6676 0.229704
-0.000111346 -3.22869e-005 0.0382633
56
1
-0.506666 0.667653 0.153159
-7.28382e-005 -2.11768e-005 0.0382806
57
1
-0.506553 0.667684 0.0765863
-3.60271e-005 -1.06073e-005 0.0382909
58
1
-0.506515 0.667694 -3.99941e-018
6.50298e-018 9.52047e-018 0.0382943
59
1
-0.506553 0.667684 -0.0765863
3.60271e-005 1.06073e-005 0.0382909
60
1
-0.506666 0.667653 -0.153159
7.28382e-005 2.11768e-005 0.0382806
61
1
-0.506861 0.6676 -0.229704
0.000111346 3.22869e-005 0.0382633
62
1
-0.507143 0.667525 -0.306207
0.000152857 4.39361e-005 0.0382386
63
1
-0.507517 0.667424 -0.382653
0.000199003 5.70014e-005 0.0382063
64
1
-0.507994 0.667295 -0.459027
0.000250766 7.16492e-005 0.0381656
65
1
-0.508592 0.667138 -0.53531
0.000310238 8.82421e-005 0.038116
66
1
-0.509322 0.66695 -0.611484
0.000379216 0.000106472 0.0380566
67
1
-0.510212 0.666727 -0.687529
0.000459973 0.000126442 0.0379865
68
1
-0.511286 0.666469 -0.763422
0.000554867 0.000147717 0.0379047
69
1
-0.512579 0.666173 -0.839138
0.00066699 0.000170045 0.03781
70
1
-0.514132 0.665843 -0.914651
0.000800184 0.00019255 0.0377009
71
1
-0.515992 0.665485 -0.98993
0.000958953 0.000213725 0.037576
72
1
-0.518214 0.665107 -1.06494
0.00114819 0.000231205 0.0374336
73
1
-0.520866 0.664725 -1.13965
0.00137349 0.000241771 0.0372721
74
1
-0.524024 0.664364 -1.21401
0.00164087 0.00024056 0.0370895
75
1
-0.527775 0.664065 -1.28799
0.00195683 0.000220812 0.0368839
76
1
-0.532215 0.663884 -1.36153
0.00232765 0.000173106 0.0366532
77
1
-0.537444 0.663909 -1.43459
0.00275834 8.44637e-005 0.0363951
78
1
-0.54357 0.664256 -1.5071
0.00325142 -6.24278e-005 0.0361075
79
1
-0.55069 0.665093 -1.579
0.00380528 -0.000290501 0.035788
80
1
-0.558902 0.666644 -1.65024
0.00441167 -0.000629477 0.0354336
81
1
-0.568289 0.669186 -1.72073
0.00505491 -0.00111607 0.0350406
82
1
-0.578903 0.673043 -1.79039
0.00570968 -0.00179234 0.0346043
83
1
-0.590753 0.678535 -1.85913
0.00633839 -0.00269886 0.0341221
84
1
-0.603691 0.68594 -1.92689
0.0068898 -0.0038637 0.0335983
85
1
-0.61732 0.695491 -1.9937
0.00728477 -0.00528395 0.0330518
86
1
-0.630845 0.70747 -2.05967
0.00740985 -0.00691977 0.032513
87
1
-0.643136 0.722382 -2.12491
0.00712792 -0.00870823 0.0319994
88
1
-0.653135 0.741011 -2.1893
0.00632995 -0.0105617 0.031496
89
1
-0.660191 0.764087 -2.25248
0.00495704 -0.0123219 0.0309909
90
1
-0.664331 0.791714 -2.31413
0.00289817 -0.0137922 0.03056
91
1
-0.665694 0.822904 -2.3746
1.55534e-005 -0.0150122 0.0303222
92
1
-0.663722 0.856166 -2.43493
-0.00331953 -0.0163234 0.0302455
93
1
-0.656921 0.890619 -2.49586
-0.0061157 -0.0176694 0.0302109
94
1
-0.644895 0.92631 -2.55737
-0.00814237 -0.0182276 0.0305823
95
1
-0.628023 0.962746 -2.61961
-0.0105337 -0.018183 0.0316362
96
1
-0.605821 0.999507 -2.68236
-0.0130019 -0.0186054 0.0321454
97
1
-0.577637 1.03765 -2.74436
-0.0163787 -0.0199023 0.0316646
98
1
-0.543488 1.07811 -2.80432
-0.0192546 -0.0211468 0.029309
99
1
-0.502614 1.12066 -2.86017
-0.0223872 -0.0221309 0.0259139
100
1
-0.454069 1.16375 -2.91045
-0.0265428 -0.0220977 0.0228045
101
1
-0.398466 1.20585 -2.95516
-0.0295286 -0.0209497 0.0202146
102
1
-0.336442 1.24533 -2.99374
-0.0320342 -0.0192131 0.0173503
103
1
-0.268608 1.28024 -3.02492
-0.0346683 -0.0165364 0.0139406
104
1
-0.19577 1.30817 -3.04848
-0.0370515 -0.0127268 0.0102184
105
1
-0.119064 1.3276 -3.06438
-0.0388851 -0.00806787 0.00621168
106
1
-0.0399584 1.33762 -3.07245
-0.0398992 -0.0027724 0.00206717
107
1
0.0399584 1.33762 -3.07245
-0.0398992 0.0027724 -0.00206717
108
1
0.119064 1.3276 -3.06438
-0.0388851 0.00806787 -0.00621168
109
1
0.19577 1.30817 -3.04848
-0.0370515 0.0127268 -0.0102184
110
1
0.268608 1.28024 -3.02492
-0.0346683 0.0165364 -0.0139406
111
1
0.336442 1.24533 -2.99374
-0.0320342 0.0192131 -0.0173503
112
1
0.398466 1.20585 -2.95516
-0.0295286 0.0209497 -0.0202146
113
1
0.454069 1.16375 -2.91045
-0.0265428 0.0220977 -0.0228045
114
1
0.502614 1.12066 -2.86017
-0.0223872 0.0221309 -0.0259139
115
1
0.543488 1.07811 -2.80432
-0.0192546 0.0211468 -0.029309
116
1
0.577637 1.03765 -2.74436
-0.0163787 0.0199023 -0.0316646
117
1
0.605821 0.999507 -2.68236
-0.0130019 0.0186054 -0.0321454
118
1
0.628023 0.962746 -2.61961
-0.0105337 0.018183 -0.0316362
119
1
0.644895 0.92631 -2.55737
-0.00814237 0.0182276 -0.0305823
120
1
0.656921 0.890619 -2.49586
-0.0061157 0.0176694 -0.0302109
121
1
0.663722 0.856166 -2.43493
-0.00331953 0.0163234 -0.0302455
122
1
0.665694 0.822904 -2.3746
1.55534e-005 0.0150122 -0.0303222
123
1
0.664331 0.791714 -2.31413
0.00289817 0.0137922 -0.03056
124
1
0.660191 0.764087 -2.25248
0.00495704 0.0123219 -0.0309909
125
1
0.653135 0.741011 -2.1893
0.00632995 0.0105617 -0.031496
126
1
0.643136 0.722382 -2.12491
0.00712792 0.00870823 -0.0319994
127
1
0.630845 0.70747 -2.05967
0.00740985 0.00691977 -0.032513
128
1
0.61732 0.695491 -1.9937
0.00728477 0.00528395 -0.0330518
129
1
0.603691 0.68594 -1.92689
0.0068898 0.0038637 -0.0335983
130
1
0.590753 0.678535 -1.85913
0.00633839 0.00269886 -0.0341221
131
1
0.578903 0.673043 -1.79039
0.00570968 0.00179234 -0.0346043
132
1
0.568289 0.669186 -1.72073
0.00505491 0.00111607 -0.0350406
133
1
0.558902 0.666644 -1.65024
0.00441167 0.000629477 -0.0354336
134
1
0.55069 0.665093 -1.579
0.00380528 0.000290501 -0.035788
135
1
0.54357 0.664256 -1.5071
0.00325142 6.24278e-005 -0.0361075
136
1
0.537444 0.663909 -1.43459
0.00275834 -8.44637e-005 -0.0363951
137
1
0.532215 0.663884 -1.36153
0.00232765 -0.000173106 -0.0366532
138
1
0.527775 0.664065 -1.28799
0.00195683 -0.000220812 -0.0368839
139
1
0.524024 0.664364 -1.21401
0.00164087 -0.00024056 -0.0370895
140
1
0.520866 0.664725 -1.13965
0.00137349 -0.000241771 -0.0372721
141
1
0.518214 0.665107 -1.06494
0.00114819 -0.000231205 -0.0374336
142
1
0.515992 0.665485 -0.98993
0.000958953 -0.000213725 -0.037576
143
1
0.514132 0.665843 -0.914651
0.000800184 -0.00019255 -0.0377009
144
1
0.512579 0.666173 -0.839138
0.00066699 -0.000170045 -0.03781
145
1
0.511286 0.666469 -0.763422
0.000554867 -0.000147717 -0.0379047
146
1
0.510212 0.666727 -0.687529
0.000459973 -0.000126442 -0.0379865
147
1
0.509322 0.66695 -0.611484
0.000379216 -0.000106472 -0.0380566
148
1
0.508592 0.667138 -0.53531
0.000310238 -8.82421e-005 -0.038116
149
1
0.507994 0.667295 -0.459027
0.000250766 -7.16492e-005 -0.0381656
150
1
0.507517 0.667424 -0.382653
0.000199003 -5.70014e-005 -0.0382063
151
1
0.507143 0.667525 -0.306207
0.000152857 -4.39361e-005 -0.0382386
152
1
0.506861 0.6676 -0.229704
0.000111346 -3.22869e-005 -0.0382633
153
1
0.506666 0.667653 -0.153159
7.28382e-005 -2.11768e-005 -0.0382806
154
1
0.506553 0.667684 -0.0765863
3.60271e-005 -1.06073e-005 -0.0382909
155
1
0.506515 0.667694 -6.96443e-018
3.25172e-017 -3.81562e-017 -0.0382943
156
1
0.506553 0.667684 0.0765863
-3.60271e-005 1.06073e-005 -0.0382909
157
1
0.506666 0.667653 0.153159
-7.28382e-005 2.11768e-005 -0.0382806
158
1
0.506861 0.6676 0.229704
-0.000111346 3.22869e-005 -0.0382633
159
1
0.507143 0.667525 0.306207
-0.000152857 4.39361e-005 -0.0382386
160
1
0.507517 0.667424 0.382653
-0.000199003 5.70014e-005 -0.0382063
161
1
0.507994 0.667295 0.459027
-0.000250766 7.16492e-005 -0.0381656
162
1
0.508592 0.667138 0.53531
-0.000310238 8.82421e-005 -0.038116
163
1
0.509322 0.66695 0.611484
-0.000379216 0.000106472 -0.0380566
164
1
0.510212 0.666727 0.687529
-0.000459973 0.000126442 -0.0379865
165
1
0.511286 0.666469 0.763422
-0.000554867 0.000147717 -0.0379047
166
1
0.512579 0.666173 0.839138
-0.00066699 0.000170045 -0.03781
167
1
0.514132 0.665843 0.914651
-0.000800184 0.00019255 -0.0377009
168
1
0.515992 0.665485 0.98993
-0.000958953 0.000213725 -0.037576
169
1
0.518214 0.665107 1.06494
-0.00114819 0.000231205 -0.0374336
170
1
0.520866 0.664725 1.13965
-0.00137349 0.000241771 -0.0372721
171
1
0.524024 0.664364 1.21401
-0.00164087 0.00024056 -0.0370895
172
1
0.527775 0.664065 1.28799
-0.00195683 0.000220812 -0.0368839
173
1
0.532215 0.663884 1.36153
-0.00232765 0.000173106 -0.0366532
174
1
0.537444 0.663909 1.43459
-0.00275834 8.44637e-005 -0.0363951
175
1
0.54357 0.664256 1.5071
-0.00325142 -6.24278e-005 -0.0361075
176
1
0.55069 0.665093 1.579
-0.00380528 -0.000290501 -0.035788
177
1
0.558902 0.666644 1.65024
-0.00441167 -0.000629477 -0.0354336
178
1
0.568289 0.669186 1.72073
-0.00505491 -0.00111607 -0.0350406
179
1
0.578903 0.673043 1.79039
-0.00570968 -0.00179234 -0.0346043
180
1
0.590753 0.678535 1.85913
-0.00633839 -0.00269886 -0.0341221
181
1
0.603691 0.68594 1.92689
-0.0068898 -0.0038637 -0.0335983
182
1
0.61732 0.695491 1.9937
-0.00728477 -0.00528395 -0.0330518
183
1
0.630845 0.70747 2.05967
-0.00740985 -0.00691977 -0.032513
184
1
0.643136 0.722382 2.12491
-0.00712792 -0.00870823 -0.0319994
185
1
0.653135 0.741011 2.1893
-0.00632995 -0.0105617 -0.031496
186
1
0.660191 0.764087 2.25248
-0.00495704 -0.0123219 -0.0309909
187
1
0.664331 0.791714 2.31413
-0.00289817 -0.0137922 -0.03056
188
1
0.665694 0.822904 2.3746
-1.55534e-005 -0.0150122 -0.0303222
189
1
0.663722 0.856166 2.43493
0.00331953 -0.0163234 -0.0302455
190
1
0.656921 0.890619 2.49586
0.0061157 -0.0176694 -0.0302109
191
1
0.644895 0.92631 2.55737
0.00814237 -0.0182276 -0.0305823
192
1
0.628023 0.962746 2.61961
0.0105337 -0.018183 -0.0316362
193
1
0.605821 0.999507 2.68236
0.0130019 -0.0186054 -0.0321454
