194
0
1
0.764601 9.93669 0.945938
0.0145304 0.0491548 -0.00335298
1
1
0.741398 9.85216 0.955917
0.0132735 0.0373913 -0.00624621
2
1
0.702861 9.76475 0.969552
0.0267108 0.0417933 -0.00889331
3
1
0.638498 9.67072 0.986158
0.0465518 0.050299 -0.00995505
4
1
0.559554 9.58333 1.00041
0.0419997 0.0425635 -0.00613946
5
1
0.469787 9.50295 1.00749
0.0415644 0.0370039 -0.00113891
6
1
0.356505 9.43803 1.00136
0.0567254 0.0166129 0.00674038
7
1
0.179117 9.43007 0.958835
0.0523637 -0.0260234 0.0259919
8
1
0.31595 6.806 0.0562725
-0.0251385 0.0425329 -0.00925114
9
1
1.10534 12.4683 0.0590279
-0.0476269 0.0504054 0.00806929
10
1
-1.10534 12.4683 0.0590331
-0.047627 -0.0504056 -0.00806897
11
1
-0.315973 6.80603 0.0561148
-0.0251335 -0.0425242 0.0092561
12
1
-0.179117 9.43007 0.958835
0.0523637 0.0260234 -0.0259919
13
1
-0.356505 9.43803 1.00136
0.0567254 -0.0166129 -0.00674038
14
1
-0.469787 9.50295 1.00749
0.0415644 -0.0370039 0.0011389
15
1
-0.559554 9.58333 1.00041
0.0419997 -0.0425636 0.00613945
16
1
-0.638497 9.67072 0.986158
0.0465518 -0.050299 0.00995504
17
1
-0.70286 9.76475 0.969551
0.0267109 -0.0417933 0.0088933
18
1
-0.741398 9.85216 0.955917
0.0132735 -0.0373913 0.00624621
19
1
-0.764601 9.93669 0.945938
0.0145304 -0.0491548 0.00335298
20
1
-0.774794 10.0177 0.939158
-0.00311003 -0.0410897 0.00200444
21
1
-0.769443 10.0928 0.933524
-0.0121387 -0.028636 0.00270971
22
1
-0.752232 10.1609 0.927413
-0.0141177 -0.0325454 0.00518837
23
1
-0.730873 10.2258 0.92345
-0.0118998 -0.0310903 0.00315985
24
1
-0.712741 10.2851 0.924277
-0.00834309 -0.0236973 -0.00240975
25
1
-0.701016 10.3391 0.928287
-0.00688578 -0.0250638 -0.00286146
26
1
-0.695758 10.3907 0.932282
-0.00396916 -0.0247422 -0.00171734
27
1
-0.695694 10.4401 0.936737
-0.000445988 -0.0226761 -0.00302792
28
1
-0.69949 10.4883 0.94314
0.00315454 -0.02243 -0.00551687
29
1
-0.708425 10.5364 0.953021
0.00656811 -0.0234356 -0.00588252
30
1
-0.723416 10.5828 0.964406
0.0102377 -0.0219374 -0.0065091
31
1
-0.743687 10.6275 0.974727
0.0127674 -0.0209159 -0.00623018
32
1
-0.76747 10.6715 0.983491
0.0131834 -0.0214565 -0.00557055
33
1
-0.793278 10.7136 0.98984
0.0135564 -0.0217337 -0.00603194
34
1
-0.820627 10.7533 0.993145
0.0152796 -0.020838 -0.00307922
35
1
-0.849781 10.791 0.991639
0.0149271 -0.0186017 0.00278289
36
1
-0.879298 10.8264 0.985742
0.0133272 -0.0163956 0.00453627
37
1
-0.908388 10.8599 0.974599
0.0152521 -0.0159391 0.00604456
38
1
-0.937537 10.8931 0.958629
0.016143 -0.0152425 0.0101338
39
1
-0.96648 10.9254 0.938276
0.0125929 -0.0132835 0.0119308
40
1
-0.995026 10.9549 0.913453
0.0121519 -0.013627 0.0135789
41
1
-1.02358 10.9816 0.883738
0.0150692 -0.0140527 0.0170351
42
1
-1.05342 11.0062 0.851075
0.0151412 -0.0111586 0.0175857
43
1
-1.08426 11.0286 0.816462
0.013949 -0.00909572 0.0164824
44
1
-1.11669 11.0492 0.779379
0.0163588 -0.00937566 0.0194119
45
1
-1.15129 11.069 0.737865
0.019535 -0.00980672 0.0256787
46
1
-1.18716 11.0898 0.692205
0.0179123 -0.00944855 0.0251675
47
1
-1.22316 11.1109 0.644223
0.0177374 -0.0105062 0.0232978
48
1
-1.25845 11.1331 0.593153
0.019912 -0.0129622 0.0286599
49
1
-1.29126 11.1539 0.540251
0.0171768 -0.0115234 0.0299292
50
1
-1.32139 11.1722 0.48601
0.0143839 -0.0078574 0.0271634
51
1
-1.35083 11.1876 0.428958
0.0156753 -0.00703464 0.0300157
52
1
-1.37925 11.1995 0.369747
0.0160422 -0.0068075 0.0330476
53
1
-1.40571 11.2083 0.308462
0.015016 -0.00330278 0.0351031
54
1
-1.42934 11.2144 0.246147
0.0139613 -0.00144391 0.0354886
55
1
-1.44892 11.2186 0.183537
0.00969493 -0.00153695 0.0338442
56
1
-1.46293 11.2213 0.121869
0.00692403 -0.000697577 0.0320951
57
1
-1.47145 11.2228 0.0600122
0.00358263 0.000581754 0.0306033
58
1
-1.47405 11.2234 -6.73601e-008
2.67658e-009 1.27417e-009 0.0300653
59
1
-1.47145 11.2228 -0.0600123
-0.00358263 -0.000581752 0.0306033
60
1
-1.46293 11.2213 -0.12187
-0.00692402 0.00069758 0.0320951
61
1
-1.44892 11.2186 -0.183537
-0.00969493 0.00153695 0.0338442
62
1
-1.42934 11.2144 -0.246147
-0.0139613 0.00144391 0.0354886
63
1
-1.40571 11.2083 -0.308462
-0.015016 0.00330279 0.0351031
64
1
-1.37925 11.1995 -0.369747
-0.0160422 0.0068075 0.0330476
65
1
-1.35083 11.1876 -0.428958
-0.0156753 0.00703465 0.0300157
66
1
-1.32139 11.1722 -0.48601
-0.0143839 0.0078574 0.0271634
67
1
-1.29126 11.1539 -0.540251
-0.0171768 0.0115234 0.0299292
68
1
-1.25845 11.1331 -0.593153
-0.019912 0.0129622 0.0286599
69
1
-1.22316 11.1109 -0.644224
-0.0177374 0.0105062 0.0232978
70
1
-1.18716 11.0898 -0.692205
-0.0179123 0.00944855 0.0251675
71
1
-1.15129 11.069 -0.737865
-0.019535 0.00980673 0.0256787
72
1
-1.11669 11.0492 -0.779379
-0.0163588 0.00937567 0.0194119
73
1
-1.08426 11.0286 -0.816463
-0.0139489 0.00909572 0.0164824
74
1
-1.05342 11.0062 -0.851076
-0.0151412 0.0111586 0.0175857
75
1
-1.02358 10.9816 -0.883738
-0.0150692 0.0140527 0.0170351
76
1
-0.995026 10.9549 -0.913453
-0.0121519 0.013627 0.0135789
77
1
-0.96648 10.9254 -0.938276
-0.0125929 0.0132835 0.0119308
78
1
-0.937537 10.8931 -0.958629
-0.016143 0.0152425 0.0101338
79
1
-0.908388 10.8599 -0.974599
-0.0152521 0.0159391 0.00604456
80
1
-0.879299 10.8264 -0.985742
-0.0133272 0.0163956 0.00453627
81
1
-0.849781 10.791 -0.991639
-0.0149271 0.0186017 0.00278289
82
1
-0.820628 10.7533 -0.993146
-0.0152796 0.020838 -0.00307922
83
1
-0.793278 10.7136 -0.98984
-0.0135564 0.0217337 -0.00603193
84
1
-0.76747 10.6715 -0.983492
-0.0131834 0.0214565 -0.00557054
85
1
-0.743687 10.6275 -0.974727
-0.0127674 0.0209159 -0.00623018
86
1
-0.723416 10.5828 -0.964406
-0.0102377 0.0219374 -0.0065091
87
1
-0.708425 10.5364 -0.953021
-0.00656811 0.0234356 -0.00588251
88
1
-0.69949 10.4883 -0.94314
-0.00315454 0.02243 -0.00551687
89
1
-0.695694 10.4401 -0.936737
0.000445985 0.0226761 -0.00302792
90
1
-0.695759 10.3907 -0.932283
0.00396916 0.0247422 -0.00171734
91
1
-0.701016 10.3391 -0.928287
0.00688578 0.0250638 -0.00286146
92
1
-0.712741 10.2851 -0.924277
0.00834309 0.0236973 -0.00240975
93
1
-0.730873 10.2258 -0.923451
0.0118998 0.0310903 0.00315984
94
1
-0.752232 10.1609 -0.927413
0.0141177 0.0325454 0.00518836
95
1
-0.769443 10.0928 -0.933524
0.0121387 0.028636 0.00270971
96
1
-0.774794 10.0177 -0.939158
0.00311003 0.0410897 0.00200443
97
1
-0.764601 9.93669 -0.945938
-0.0145304 0.0491548 0.00335298
98
1
-0.741398 9.85216 -0.955917
-0.0132735 0.0373913 0.00624621
99
1
-0.702861 9.76475 -0.969552
-0.0267108 0.0417933 0.00889331
100
1
-0.638498 9.67072 -0.986158
-0.0465518 0.050299 0.00995505
101
1
-0.559554 9.58333 -1.00041
-0.0419997 0.0425635 0.00613946
102
1
-0.469787 9.50295 -1.00749
-0.0415644 0.0370039 0.00113891
103
1
-0.356505 9.43803 -1.00136
-0.0567254 0.0166129 -0.00674038
104
1
-0.179117 9.43007 -0.958835
-0.0523637 -0.0260234 -0.0259919
105
1
-0.31595 6.806 -0.0562689
0.0251384 0.0425328 0.0092514
106
1
-1.10534 12.4683 -0.0590279
0.0476269 0.0504054 -0.00806929
107
1
1.10534 12.4683 -0.0590331
0.047627 -0.0504056 0.00806896
108
1
0.315973 6.80603 -0.0561112
0.0251334 -0.042524 -0.00925636
109
1
0.179117 9.43007 -0.958835
-0.0523637 0.0260234 0.0259919
110
1
0.356505 9.43803 -1.00136
-0.0567254 -0.0166129 0.00674038
111
1
0.469787 9.50295 -1.00749
-0.0415644 -0.0370039 -0.0011389
112
1
0.559554 9.58333 -1.00041
-0.0419997 -0.0425636 -0.00613945
113
1
0.638497 9.67072 -0.986158
-0.0465518 -0.050299 -0.00995504
114
1
0.70286 9.76475 -0.969551
-0.0267109 -0.0417933 -0.0088933
115
1
0.741398 9.85216 -0.955917
-0.0132735 -0.0373913 -0.00624621
116
1
0.764601 9.93669 -0.945938
-0.0145304 -0.0491548 -0.00335297
117
1
0.774794 10.0177 -0.939158
0.00311003 -0.0410897 -0.00200444
118
1
0.769443 10.0928 -0.933524
0.0121387 -0.028636 -0.00270971
119
1
0.752232 10.1609 -0.927413
0.0141177 -0.0325454 -0.00518837
120
1
0.730873 10.2258 -0.92345
0.0118998 -0.0310903 -0.00315985
121
1
0.712741 10.2851 -0.924277
0.00834309 -0.0236973 0.00240975
122
1
0.701016 10.3391 -0.928287
0.00688578 -0.0250638 0.00286146
123
1
0.695758 10.3907 -0.932282
0.00396916 -0.0247422 0.00171734
124
1
0.695694 10.4401 -0.936737
0.000445988 -0.0226761 0.00302792
125
1
0.69949 10.4883 -0.94314
-0.00315454 -0.02243 0.00551687
126
1
0.708425 10.5364 -0.953021
-0.00656811 -0.0234356 0.00588252
127
1
0.723416 10.5828 -0.964406
-0.0102377 -0.0219374 0.0065091
128
1
0.743687 10.6275 -0.974727
-0.0127674 -0.0209159 0.00623018
129
1
0.76747 10.6715 -0.983491
-0.0131834 -0.0214565 0.00557055
130
1
0.793278 10.7136 -0.98984
-0.0135564 -0.0217337 0.00603194
131
1
0.820627 10.7533 -0.993145
-0.0152796 -0.020838 0.00307922
132
1
0.849781 10.791 -0.991639
-0.0149271 -0.0186017 -0.00278289
133
1
0.879298 10.8264 -0.985742
-0.0133272 -0.0163956 -0.00453627
134
1
0.908388 10.8599 -0.974599
-0.0152521 -0.0159391 -0.00604456
135
1
0.937537 10.8931 -0.958629
-0.016143 -0.0152425 -0.0101338
136
1
0.96648 10.9254 -0.938276
-0.0125929 -0.0132835 -0.0119308
137
1
0.995026 10.9549 -0.913453
-0.0121519 -0.013627 -0.0135789
138
1
1.02358 10.9816 -0.883738
-0.0150692 -0.0140527 -0.0170351
139
1
1.05342 11.0062 -0.851075
-0.0151412 -0.0111586 -0.0175857
140
1
1.08426 11.0286 -0.816462
-0.013949 -0.00909572 -0.0164824
141
1
1.11669 11.0492 -0.779379
-0.0163588 -0.00937566 -0.0194119
142
1
1.15129 11.069 -0.737865
-0.019535 -0.00980672 -0.0256787
143
1
1.18716 11.0898 -0.692205
-0.0179123 -0.00944855 -0.0251675
144
1
1.22316 11.1109 -0.644223
-0.0177374 -0.0105062 -0.0232978
145
1
1.25845 11.1331 -0.593152
-0.019912 -0.0129622 -0.0286599
146
1
1.29126 11.1539 -0.540251
-0.0171768 -0.0115234 -0.0299292
147
1
1.32139 11.1722 -0.48601
-0.0143839 -0.0078574 -0.0271634
148
1
1.35083 11.1876 -0.428958
-0.0156753 -0.00703464 -0.0300157
149
1
1.37925 11.1995 -0.369747
-0.0160422 -0.0068075 -0.0330476
150
1
1.40571 11.2083 -0.308462
-0.015016 -0.00330278 -0.0351031
151
1
1.42934 11.2144 -0.246147
-0.0139613 -0.00144391 -0.0354886
152
1
1.44892 11.2186 -0.183537
-0.00969493 -0.00153695 -0.0338442
153
1
1.46293 11.2213 -0.121869
-0.00692403 -0.000697577 -0.0320951
154
1
1.47145 11.2228 -0.0600122
-0.00358263 0.000581755 -0.0306033
155
1
1.47405 11.2234 7.62065e-008
-2.62333e-009 1.4764e-009 -0.0300653
156
1
1.47145 11.2228 0.0600123
0.00358263 -0.000581752 -0.0306033
157
1
1.46293 11.2213 0.12187
0.00692402 0.00069758 -0.0320951
158
1
1.44892 11.2186 0.183537
0.00969493 0.00153695 -0.0338442
159
1
1.42934 11.2144 0.246147
0.0139613 0.00144391 -0.0354886
160
1
1.40571 11.2083 0.308462
0.015016 0.00330279 -0.0351031
161
1
1.37925 11.1995 0.369747
0.0160422 0.0068075 -0.0330476
162
1
1.35083 11.1876 0.428958
0.0156753 0.00703465 -0.0300157
163
1
1.32139 11.1722 0.48601
0.0143839 0.0078574 -0.0271634
164
1
1.29126 11.1539 0.540251
0.0171768 0.0115234 -0.0299292
165
1
1.25845 11.1331 0.593153
0.019912 0.0129622 -0.0286599
166
1
1.22316 11.1109 0.644224
0.0177374 0.0105062 -0.0232978
167
1
1.18716 11.0898 0.692205
0.0179123 0.00944855 -0.0251675
168
1
1.15129 11.069 0.737865
0.019535 0.00980673 -0.0256787
169
1
1.11669 11.0492 0.779379
0.0163588 0.00937567 -0.0194119
170
1
1.08426 11.0286 0.816463
0.0139489 0.00909572 -0.0164824
171
1
1.05342 11.0062 0.851076
0.0151412 0.0111586 -0.0175857
172
1
1.02358 10.9816 0.883738
0.0150692 0.0140527 -0.0170351
173
1
0.995026 10.9549 0.913453
0.0121519 0.013627 -0.0135789
174
1
0.96648 10.9254 0.938276
0.0125929 0.0132835 -0.0119308
175
1
0.937537 10.8931 0.958629
0.016143 0.0152425 -0.0101338
176
1
0.908388 10.8599 0.974599
0.0152521 0.0159391 -0.00604456
177
1
0.879299 10.8264 0.985742
0.0133272 0.0163956 -0.00453627
178
1
0.849781 10.791 0.991639
0.0149271 0.0186017 -0.00278289
179
1
0.820628 10.7533 0.993146
0.0152796 0.020838 0.00307922
180
1
0.793278 10.7136 0.98984
0.0135564 0.0217337 0.00603193
181
1
0.76747 10.6715 0.983492
0.0131834 0.0214565 0.00557054
182
1
0.743687 10.6275 0.974727
0.0127674 0.0209159 0.00623018
183
1
0.723416 10.5828 0.964406
0.0102377 0.0219374 0.0065091
184
1
0.708425 10.5364 0.953021
0.00656811 0.0234356 0.00588251
185
1
0.69949 10.4883 0.94314
0.00315454 0.02243 0.00551687
186
1
0.695694 10.4401 0.936737
-0.000445985 0.0226761 0.00302792
187
1
0.695759 10.3907 0.932283
-0.00396916 0.0247422 0.00171734
188
1
0.701016 10.3391 0.928287
-0.00688578 0.0250638 0.00286146
189
1
0.712741 10.2851 0.924277
-0.00834309 0.0236973 0.00240975
190
1
0.730873 10.2258 0.923451
-0.0118998 0.0310903 -0.00315984
191
1
0.752232 10.1609 0.927413
-0.0141177 0.0325454 -0.00518836
192
1
0.769443 10.0928 0.933524
-0.0121387 0.028636 -0.00270971
193
1
0.774794 10.0177 0.939158
-0.00311003 0.0410897 -0.00200443
