194
0
1
0.868093 2.5693 1.54245
0.0331977 -0.0224687 -0.0224053
1
1
0.801213 2.61324 1.58426
0.035896 -0.0222038 -0.0209696
2
1
0.727552 2.65649 1.62352
0.0385646 -0.0214712 -0.0189441
3
1
0.647673 2.69788 1.65929
0.0417953 -0.0205902 -0.0168977
4
1
0.561265 2.73523 1.69131
0.0446303 -0.0176133 -0.0140278
5
1
0.46877 2.767 1.71897
0.0474969 -0.0140699 -0.0117605
6
1
0.37068 2.79222 1.7419
0.0502929 -0.0105087 -0.00948349
7
1
0.26802 2.81064 1.75992
0.0523686 -0.00720064 -0.0071501
8
1
0.162008 2.82267 1.77192
0.0535834 -0.00473964 -0.00407336
9
1
0.0541652 2.82858 1.77734
0.0542146 -0.00178559 -0.00104842
10
1
-0.0541652 2.82858 1.77734
0.0542146 0.00178559 0.00104842
11
1
-0.162008 2.82267 1.77192
0.0535834 0.00473964 0.00407336
12
1
-0.26802 2.81064 1.75992
0.0523686 0.00720064 0.0071501
13
1
-0.37068 2.79222 1.7419
0.0502929 0.0105087 0.00948349
14
1
-0.46877 2.767 1.71897
0.0474969 0.0140699 0.0117605
15
1
-0.561265 2.73523 1.69131
0.0446303 0.0176133 0.0140278
16
1
-0.647673 2.69788 1.65929
0.0417953 0.0205902 0.0168977
17
1
-0.727552 2.65649 1.62352
0.0385646 0.0214712 0.0189441
18
1
-0.801213 2.61324 1.58426
0.035896 0.0222038 0.0209696
19
1
-0.868093 2.5693 1.54245
0.0331977 0.0224687 0.0224053
20
1
-0.927777 2.52536 1.49943
0.0289218 0.022286 0.0219139
21
1
-0.980371 2.48098 1.45591
0.0249131 0.0227066 0.0218702
22
1
-1.02597 2.43608 1.41216
0.0212759 0.0230534 0.0216044
23
1
-1.06538 2.39037 1.36842
0.0183965 0.0231418 0.0215296
24
1
-1.09933 2.34455 1.32468
0.0155071 0.023105 0.0216772
25
1
-1.12824 2.29916 1.28035
0.0134702 0.0226959 0.0222861
26
1
-1.15275 2.25418 1.23566
0.0118238 0.0219498 0.0225655
27
1
-1.17375 2.21017 1.19081
0.010017 0.0213621 0.0225289
28
1
-1.19089 2.16711 1.14572
0.00815354 0.0210662 0.022824
29
1
-1.20394 2.12423 1.10103
0.00631721 0.0211263 0.02265
30
1
-1.21328 2.0809 1.05761
0.00457365 0.0215767 0.021501
31
1
-1.21917 2.03718 1.01574
0.00294411 0.0218989 0.0204566
32
1
-1.22127 1.99359 0.975136
0.00106218 0.0216884 0.0201105
33
1
-1.21917 1.95043 0.935692
-0.00148905 0.0211464 0.0198566
34
1
-1.21303 1.9079 0.897156
-0.00450955 0.0206565 0.0193271
35
1
-1.203 1.86643 0.858867
-0.00731132 0.0202296 0.0188632
36
1
-1.18902 1.82668 0.820095
-0.00954009 0.0195757 0.018797
37
1
-1.17087 1.78906 0.780701
-0.0113417 0.0185816 0.0190513
38
1
-1.1488 1.75362 0.740891
-0.0128964 0.0174324 0.0194089
39
1
-1.12354 1.72005 0.700802
-0.0141853 0.0164045 0.0197475
40
1
-1.09583 1.68823 0.660281
-0.0151681 0.0156282 0.02003
41
1
-1.0659 1.6582 0.619328
-0.015908 0.0150923 0.0202154
42
1
-1.03357 1.6298 0.578434
-0.0165433 0.0147237 0.0202324
43
1
-0.998726 1.60233 0.538573
-0.0171951 0.0144452 0.0200031
44
1
-0.961795 1.57484 0.500503
-0.017922 0.014195 0.0194824
45
1
-0.923683 1.54665 0.4644
-0.0187158 0.0139339 0.0186775
46
1
-0.885351 1.51786 0.429748
-0.0194956 0.0136431 0.0176685
47
1
-0.847323 1.48929 0.395811
-0.0201019 0.0133206 0.0166135
48
1
-0.809737 1.462 0.362123
-0.0203575 0.0129281 0.015712
49
1
-0.772686 1.43672 0.328564
-0.0201337 0.012459 0.0151326
50
1
-0.736621 1.41359 0.295159
-0.0193748 0.011928 0.0149617
51
1
-0.70238 1.39237 0.261679
-0.018078 0.0113801 0.0152283
52
1
-0.671072 1.3729 0.227624
-0.016291 0.0107107 0.0158737
53
1
-0.643679 1.3553 0.192496
-0.0140718 0.00980643 0.0167701
54
1
-0.620953 1.33997 0.156008
-0.0115067 0.00858 0.0177483
55
1
-0.603308 1.32745 0.118187
-0.0086986 0.00697781 0.0186398
56
1
-0.590887 1.31822 0.0793102
-0.00578051 0.0049778 0.0193063
57
1
-0.583535 1.31254 0.0397885
-0.00287061 0.00259981 0.0197038
58
1
-0.581097 1.31061 -2.61592e-015
-1.99913e-016 -1.57704e-016 0.0198367
59
1
-0.583535 1.31254 -0.0397885
0.00287061 -0.00259981 0.0197038
60
1
-0.590887 1.31822 -0.0793102
0.00578051 -0.0049778 0.0193063
61
1
-0.603308 1.32745 -0.118187
0.0086986 -0.00697781 0.0186398
62
1
-0.620953 1.33997 -0.156008
0.0115067 -0.00858 0.0177483
63
1
-0.643679 1.3553 -0.192496
0.0140718 -0.00980643 0.0167701
64
1
-0.671072 1.3729 -0.227624
0.016291 -0.0107107 0.0158737
65
1
-0.70238 1.39237 -0.261679
0.018078 -0.0113801 0.0152283
66
1
-0.736621 1.41359 -0.295159
0.0193748 -0.011928 0.0149617
67
1
-0.772686 1.43672 -0.328564
0.0201337 -0.012459 0.0151326
68
1
-0.809737 1.462 -0.362123
0.0203575 -0.0129281 0.015712
69
1
-0.847323 1.48929 -0.395811
0.0201019 -0.0133206 0.0166135
70
1
-0.885351 1.51786 -0.429748
0.0194956 -0.0136431 0.0176685
71
1
-0.923683 1.54665 -0.4644
0.0187158 -0.0139339 0.0186775
72
1
-0.961795 1.57484 -0.500503
0.017922 -0.014195 0.0194824
73
1
-0.998726 1.60233 -0.538573
0.0171951 -0.0144452 0.0200031
74
1
-1.03357 1.6298 -0.578434
0.0165433 -0.0147237 0.0202324
75
1
-1.0659 1.6582 -0.619328
0.015908 -0.0150923 0.0202154
76
1
-1.09583 1.68823 -0.660281
0.0151681 -0.0156282 0.02003
77
1
-1.12354 1.72005 -0.700802
0.0141853 -0.0164045 0.0197475
78
1
-1.1488 1.75362 -0.740891
0.0128964 -0.0174324 0.0194089
79
1
-1.17087 1.78906 -0.780701
0.0113417 -0.0185816 0.0190513
80
1
-1.18902 1.82668 -0.820095
0.00954009 -0.0195757 0.018797
81
1
-1.203 1.86643 -0.858867
0.00731132 -0.0202296 0.0188632
82
1
-1.21303 1.9079 -0.897156
0.00450955 -0.0206565 0.0193271
83
1
-1.21917 1.95043 -0.935692
0.00148905 -0.0211464 0.0198566
84
1
-1.22127 1.99359 -0.975136
-0.00106218 -0.0216884 0.0201105
85
1
-1.21917 2.03718 -1.01574
-0.00294411 -0.0218989 0.0204566
86
1
-1.21328 2.0809 -1.05761
-0.00457365 -0.0215767 0.021501
87
1
-1.20394 2.12423 -1.10103
-0.00631721 -0.0211263 0.02265
88
1
-1.19089 2.16711 -1.14572
-0.00815354 -0.0210662 0.022824
89
1
-1.17375 2.21017 -1.19081
-0.010017 -0.0213621 0.0225289
90
1
-1.15275 2.25418 -1.23566
-0.0118238 -0.0219498 0.0225655
91
1
-1.12824 2.29916 -1.28035
-0.0134702 -0.0226959 0.0222861
92
1
-1.09933 2.34455 -1.32468
-0.0155071 -0.023105 0.0216772
93
1
-1.06538 2.39037 -1.36842
-0.0183965 -0.0231418 0.0215296
94
1
-1.02597 2.43608 -1.41216
-0.0212759 -0.0230534 0.0216044
95
1
-0.980371 2.48098 -1.45591
-0.0249131 -0.0227066 0.0218702
96
1
-0.927777 2.52536 -1.49943
-0.0289218 -0.022286 0.0219139
97
1
-0.868093 2.5693 -1.54245
-0.0331977 -0.0224687 0.0224053
98
1
-0.801213 2.61324 -1.58426
-0.035896 -0.0222038 0.0209696
99
1
-0.727552 2.65649 -1.62352
-0.0385646 -0.0214712 0.0189441
100
1
-0.647673 2.69788 -1.65929
-0.0417953 -0.0205902 0.0168977
101
1
-0.561265 2.73523 -1.69131
-0.0446303 -0.0176133 0.0140278
102
1
-0.46877 2.767 -1.71897
-0.0474969 -0.0140699 0.0117605
103
1
-0.37068 2.79222 -1.7419
-0.0502929 -0.0105087 0.00948349
104
1
-0.26802 2.81064 -1.75992
-0.0523686 -0.00720064 0.0071501
105
1
-0.162008 2.82267 -1.77192
-0.0535834 -0.00473964 0.00407336
106
1
-0.0541652 2.82858 -1.77734
-0.0542146 -0.00178559 0.00104842
107
1
0.0541652 2.82858 -1.77734
-0.0542146 0.00178559 -0.00104842
108
1
0.162008 2.82267 -1.77192
-0.0535834 0.00473964 -0.00407336
109
1
0.26802 2.81064 -1.75992
-0.0523686 0.00720064 -0.0071501
110
1
0.37068 2.79222 -1.7419
-0.0502929 0.0105087 -0.00948349
111
1
0.46877 2.767 -1.71897
-0.0474969 0.0140699 -0.0117605
112
1
0.561265 2.73523 -1.69131
-0.0446303 0.0176133 -0.0140278
113
1
0.647673 2.69788 -1.65929
-0.0417953 0.0205902 -0.0168977
114
1
0.727552 2.65649 -1.62352
-0.0385646 0.0214712 -0.0189441
115
1
0.801213 2.61324 -1.58426
-0.035896 0.0222038 -0.0209696
116
1
0.868093 2.5693 -1.54245
-0.0331977 0.0224687 -0.0224053
117
1
0.927777 2.52536 -1.49943
-0.0289218 0.022286 -0.0219139
118
1
0.980371 2.48098 -1.45591
-0.0249131 0.0227066 -0.0218702
119
1
1.02597 2.43608 -1.41216
-0.0212759 0.0230534 -0.0216044
120
1
1.06538 2.39037 -1.36842
-0.0183965 0.0231418 -0.0215296
121
1
1.09933 2.34455 -1.32468
-0.0155071 0.023105 -0.0216772
122
1
1.12824 2.29916 -1.28035
-0.0134702 0.0226959 -0.0222861
123
1
1.15275 2.25418 -1.23566
-0.0118238 0.0219498 -0.0225655
124
1
1.17375 2.21017 -1.19081
-0.010017 0.0213621 -0.0225289
125
1
1.19089 2.16711 -1.14572
-0.00815354 0.0210662 -0.022824
126
1
1.20394 2.12423 -1.10103
-0.00631721 0.0211263 -0.02265
127
1
1.21328 2.0809 -1.05761
-0.00457365 0.0215767 -0.021501
128
1
1.21917 2.03718 -1.01574
-0.00294411 0.0218989 -0.0204566
129
1
1.22127 1.99359 -0.975136
-0.00106218 0.0216884 -0.0201105
130
1
1.21917 1.95043 -0.935692
0.00148905 0.0211464 -0.0198566
131
1
1.21303 1.9079 -0.897156
0.00450955 0.0206565 -0.0193271
132
1
1.203 1.86643 -0.858867
0.00731132 0.0202296 -0.0188632
133
1
1.18902 1.82668 -0.820095
0.00954009 0.0195757 -0.018797
134
1
1.17087 1.78906 -0.780701
0.0113417 0.0185816 -0.0190513
135
1
1.1488 1.75362 -0.740891
0.0128964 0.0174324 -0.0194089
136
1
1.12354 1.72005 -0.700802
0.0141853 0.0164045 -0.0197475
137
1
1.09583 1.68823 -0.660281
0.0151681 0.0156282 -0.02003
138
1
1.0659 1.6582 -0.619328
0.015908 0.0150923 -0.0202154
139
1
1.03357 1.6298 -0.578434
0.0165433 0.0147237 -0.0202324
140
1
0.998726 1.60233 -0.538573
0.0171951 0.0144452 -0.0200031
141
1
0.961795 1.57484 -0.500503
0.017922 0.014195 -0.0194824
142
1
0.923683 1.54665 -0.4644
0.0187158 0.0139339 -0.0186775
143
1
0.885351 1.51786 -0.429748
0.0194956 0.0136431 -0.0176685
144
1
0.847323 1.48929 -0.395811
0.0201019 0.0133206 -0.0166135
145
1
0.809737 1.462 -0.362123
0.0203575 0.0129281 -0.015712
146
1
0.772686 1.43672 -0.328564
0.0201337 0.012459 -0.0151326
147
1
0.736621 1.41359 -0.295159
0.0193748 0.011928 -0.0149617
148
1
0.70238 1.39237 -0.261679
0.018078 0.0113801 -0.0152283
149
1
0.671072 1.3729 -0.227624
0.016291 0.0107107 -0.0158737
150
1
0.643679 1.3553 -0.192496
0.0140718 0.00980643 -0.0167701
151
1
0.620953 1.33997 -0.156008
0.0115067 0.00858 -0.0177483
152
1
0.603308 1.32745 -0.118187
0.0086986 0.00697781 -0.0186398
153
1
0.590887 1.31822 -0.0793102
0.00578051 0.0049778 -0.0193063
154
1
0.583535 1.31254 -0.0397885
0.00287061 0.00259981 -0.0197038
155
1
0.581097 1.31061 -1.8073e-015
-2.48335e-017 7.89644e-017 -0.0198367
156
1
0.583535 1.31254 0.0397885
-0.00287061 -0.00259981 -0.0197038
157
1
0.590887 1.31822 0.0793102
-0.00578051 -0.0049778 -0.0193063
158
1
0.603308 1.32745 0.118187
-0.0086986 -0.00697781 -0.0186398
159
1
0.620953 1.33997 0.156008
-0.0115067 -0.00858 -0.0177483
160
1
0.643679 1.3553 0.192496
-0.0140718 -0.00980643 -0.0167701
161
1
0.671072 1.3729 0.227624
-0.016291 -0.0107107 -0.0158737
162
1
0.70238 1.39237 0.261679
-0.018078 -0.0113801 -0.0152283
163
1
0.736621 1.41359 0.295159
-0.0193748 -0.011928 -0.0149617
164
1
0.772686 1.43672 0.328564
-0.0201337 -0.012459 -0.0151326
165
1
0.809737 1.462 0.362123
-0.0203575 -0.0129281 -0.015712
166
1
0.847323 1.48929 0.395811
-0.0201019 -0.0133206 -0.0166135
167
1
0.885351 1.51786 0.429748
-0.0194956 -0.0136431 -0.0176685
168
1
0.923683 1.54665 0.4644
-0.0187158 -0.0139339 -0.0186775
169
1
0.961795 1.57484 0.500503
-0.017922 -0.014195 -0.0194824
170
1
0.998726 1.60233 0.538573
-0.0171951 -0.0144452 -0.0200031
171
1
1.03357 1.6298 0.578434
-0.0165433 -0.0147237 -0.0202324
172
1
1.0659 1.6582 0.619328
-0.015908 -0.0150923 -0.0202154
173
1
1.09583 1.68823 0.660281
-0.0151681 -0.0156282 -0.02003
174
1
1.12354 1.72005 0.700802
-0.0141853 -0.0164045 -0.0197475
175
1
1.1488 1.75362 0.740891
-0.0128964 -0.0174324 -0.0194089
176
1
1.17087 1.78906 0.780701
-0.0113417 -0.0185816 -0.0190513
177
1
1.18902 1.82668 0.820095
-0.00954009 -0.0195757 -0.018797
178
1
1.203 1.86643 0.858867
-0.00731132 -0.0202296 -0.0188632
179
1
1.21303 1.9079 0.897156
-0.00450955 -0.0206565 -0.0193271
180
1
1.21917 1.95043 0.935692
-0.00148905 -0.0211464 -0.0198566
181
1
1.22127 1.99359 0.975136
0.00106218 -0.0216884 -0.0201105
182
1
1.21917 2.03718 1.01574
0.00294411 -0.0218989 -0.0204566
183
1
1.21328 2.0809 1.05761
0.00457365 -0.0215767 -0.021501
184
1
1.20394 2.12423 1.10103
0.00631721 -0.0211263 -0.02265
185
1
1.19089 2.16711 1.14572
0.00815354 -0.0210662 -0.022824
186
1
1.17375 2.21017 1.19081
0.010017 -0.0213621 -0.0225289
187
1
1.15275 2.25418 1.23566
0.0118238 -0.0219498 -0.0225655
188
1
1.12824 2.29916 1.28035
0.0134702 -0.0226959 -0.0222861
189
1
1.09933 2.34455 1.32468
0.0155071 -0.023105 -0.0216772
190
1
1.06538 2.39037 1.36842
0.0183965 -0.0231418 -0.0215296
191
1
1.02597 2.43608 1.41216
0.0212759 -0.0230534 -0.0216044
192
1
0.980371 2.48098 1.45591
0.0249131 -0.0227066 -0.0218702
193
1
0.927777 2.52536 1.49943
0.0289218 -0.022286 -0.0219139
