194
0
1
0.771001 11.6911 2.35519
0.00731363 0.0190353 -0.0355389
1
1
0.752108 11.665 2.43066
0.0103545 0.00592217 -0.0272039
2
1
0.710721 11.6465 2.52652
0.0290004 -0.000930015 -0.0654916
3
1
0.650563 11.6268 2.61807
0.0375428 0.0122519 -0.0391229
4
1
0.578407 11.5943 2.69234
0.0429201 0.0214367 -0.0266069
5
1
0.502094 11.5657 2.74832
0.023267 0.00711573 -0.0122788
6
1
0.380084 11.5283 2.84946
0.0506099 0.0199791 -0.0553266
7
1
0.181899 11.4932 2.99431
0.0696232 0.00184308 -0.0349438
8
1
0.125277 6.57816 0.0603461
-0.0454667 0.0129238 -0.00724386
9
1
1.74742 12.7721 -0.0143645
-0.0568096 0.0255445 0.012721
10
1
-1.74821 12.8018 0.159163
-0.0583615 -0.0274985 -0.00174271
11
1
-0.125063 6.57805 0.0593567
-0.0453635 -0.0128307 0.00719108
12
1
-0.181874 11.4932 2.99432
0.069629 -0.0018557 0.0349314
13
1
-0.380042 11.5284 2.84951
0.0506176 -0.0199907 0.0553167
14
1
-0.502046 11.5657 2.7484
0.0232628 -0.0071229 0.0122728
15
1
-0.578346 11.5944 2.69244
0.0429138 -0.0214546 0.0265952
16
1
-0.650491 11.6269 2.6182
0.0375393 -0.0122603 0.0391089
17
1
-0.710647 11.6467 2.52668
0.0290021 0.000929367 0.0654749
18
1
-0.75203 11.6651 2.43086
0.0103514 -0.00591859 0.0271943
19
1
-0.770914 11.6912 2.35542
0.00730813 -0.019029 0.0355198
20
1
-0.78316 11.7301 2.27409
-0.00229283 -0.0303466 0.0450817
21
1
-0.796068 11.7723 2.19158
0.00762691 -0.0150602 0.0369033
22
1
-0.811562 11.8151 2.11123
0.0169832 -0.026998 0.0465884
23
1
-0.818226 11.857 2.03476
-0.00480361 -0.0181872 0.0351731
24
1
-0.812467 11.89 1.96878
-0.00707718 -0.00674468 0.0220154
25
1
-0.802672 11.9167 1.91299
-0.00691842 -0.00864723 0.0281808
26
1
-0.790414 11.9468 1.86442
-0.00624718 -0.0140247 0.0294933
27
1
-0.776834 11.9817 1.82509
-0.00494722 -0.015622 0.0184004
28
1
-0.762556 12.0201 1.79513
-0.00890248 -0.0194453 0.00866015
29
1
-0.748685 12.0635 1.7707
-0.0108793 -0.0269575 0.00430256
30
1
-0.736718 12.1096 1.75252
-0.00521838 -0.0214467 0.00403345
31
1
-0.729976 12.1556 1.73676
-0.00173368 -0.0197785 0.00508066
32
1
-0.726241 12.2023 1.72227
0.00111886 -0.0250044 0.00676628
33
1
-0.724479 12.2476 1.70879
0.00331316 -0.022408 0.00785301
34
1
-0.722571 12.2918 1.69781
0.00328348 -0.021011 0.00475884
35
1
-0.718873 12.3368 1.68786
0.00300344 -0.0249919 0.00138072
36
1
-0.71164 12.3807 1.6787
-0.000878773 -0.0219654 0.00323828
37
1
-0.700571 12.4217 1.66793
-0.00824051 -0.0194659 0.00667523
38
1
-0.684609 12.4605 1.6537
-0.0125245 -0.0187681 0.00699631
39
1
-0.665449 12.4954 1.63702
-0.00902135 -0.013559 0.00587204
40
1
-0.644567 12.5257 1.61863
-0.00989859 -0.0107907 0.00680501
41
1
-0.62302 12.5527 1.59775
-0.0138861 -0.0102985 0.00774324
42
1
-0.600685 12.5773 1.57326
-0.012815 -0.00954766 0.00966731
43
1
-0.577252 12.6015 1.54435
-0.0121412 -0.0108093 0.0144892
44
1
-0.553145 12.6273 1.50949
-0.0136715 -0.0149078 0.0230029
45
1
-0.531806 12.6562 1.46653
-0.00853574 -0.017857 0.0323673
46
1
-0.510009 12.6848 1.41435
-0.00387146 -0.0152113 0.0350939
47
1
-0.483829 12.7085 1.35826
-0.00941205 -0.00714158 0.0320751
48
1
-0.44541 12.7301 1.30685
-0.0258118 -0.00317235 0.0311211
49
1
-0.403943 12.7594 1.26468
-0.0558803 -0.0259209 0.02246
50
1
-0.364866 12.7952 1.2122
-0.0219015 -0.0480337 0.0376308
51
1
-0.331661 12.8432 1.15636
-0.00799899 -0.0076443 0.0467112
52
1
-0.29053 12.87 1.10514
-0.0229382 -0.0106399 -0.00129825
53
1
-0.270423 12.943 1.03293
0.0146273 -0.0451333 0.0618133
54
1
-0.266085 12.9734 0.952194
-0.0115189 -0.00576345 0.0379684
55
1
-0.270605 13.0749 0.918543
0.0181168 -0.0106576 -0.0120434
56
1
-0.0650718 13.6845 1.17912
-0.0143486 -0.00273473 0.029809
57
1
-0.0272817 13.7886 0.0978098
0.0127363 0.027681 0.0193874
58
1
-0.0691478 14.7082 0.00342121
0.00462443 0.000969898 0.0776126
59
1
-0.0283822 13.7881 -0.0980178
-0.0126584 -0.027871 0.0194201
60
1
-0.104308 13.6669 -1.22964
-0.0238588 -0.0149518 0.0326236
61
1
-0.247825 13.09 -0.919232
-0.0202726 0.0097697 -0.00823053
62
1
-0.253798 12.9876 -0.952016
0.0184059 0.00691914 0.0357852
63
1
-0.259182 12.9575 -1.02912
-0.0094974 0.0457453 0.062362
64
1
-0.283777 12.8842 -1.10248
0.0217975 0.00778291 -0.00110687
65
1
-0.325109 12.8568 -1.1524
0.0068748 0.0117041 0.0476738
66
1
-0.359328 12.8051 -1.20774
0.0256129 0.0493932 0.0346149
67
1
-0.400117 12.7676 -1.25924
0.0578671 0.0249014 0.023676
68
1
-0.443818 12.7375 -1.30145
0.0257561 0.003956 0.0318721
69
1
-0.483195 12.7156 -1.35291
0.00983773 0.00779536 0.0317457
70
1
-0.509863 12.6917 -1.40863
0.00459002 0.0149758 0.034154
71
1
-0.532544 12.6629 -1.46041
0.00908012 0.0175749 0.0317555
72
1
-0.554796 12.6337 -1.50315
0.0138561 0.0150824 0.0229935
73
1
-0.579208 12.6075 -1.53793
0.012164 0.0111572 0.0146302
74
1
-0.602743 12.5828 -1.56686
0.0127502 0.00993653 0.00980416
75
1
-0.625014 12.5577 -1.59141
0.0137285 0.0106786 0.00782975
76
1
-0.646402 12.5302 -1.61248
0.00981366 0.0111043 0.00689713
77
1
-0.667093 12.4992 -1.63119
0.00894172 0.0138446 0.00599596
78
1
-0.686074 12.4638 -1.64827
0.0122829 0.0190124 0.00717074
79
1
-0.701879 12.4245 -1.66298
0.00808201 0.0197089 0.00697218
80
1
-0.712738 12.3829 -1.67431
0.000860768 0.0222604 0.00363369
81
1
-0.719725 12.3386 -1.68408
-0.00300613 0.0252632 0.00182466
82
1
-0.723177 12.2931 -1.69468
-0.00336097 0.0212422 0.00512632
83
1
-0.724849 12.2486 -1.70628
-0.00343982 0.0226315 0.00817271
84
1
-0.726399 12.203 -1.7203
-0.00121361 0.0251671 0.00703543
85
1
-0.729967 12.1561 -1.73522
0.00168724 0.0198773 0.00525177
86
1
-0.736632 12.1099 -1.75128
0.00519616 0.0215251 0.00417694
87
1
-0.748586 12.0637 -1.7697
0.0108652 0.0270296 0.00443552
88
1
-0.76247 12.0201 -1.79432
0.00889999 0.0194993 0.00872077
89
1
-0.776773 11.9816 -1.82444
0.00496595 0.015661 0.0184188
90
1
-0.790371 11.9467 -1.86389
0.00628938 0.0140441 0.0294969
91
1
-0.802649 11.9166 -1.91255
0.00696303 0.00865558 0.0281897
92
1
-0.812487 11.8899 -1.96838
0.00710698 0.00674916 0.022033
93
1
-0.818293 11.8569 -2.0344
0.00482425 0.0181863 0.0351954
94
1
-0.811657 11.8149 -2.1109
-0.0169825 0.0269943 0.046597
95
1
-0.796167 11.7722 -2.19128
-0.00763387 0.0150611 0.0369124
96
1
-0.783254 11.73 -2.27382
0.002284 0.0303484 0.0451045
97
1
-0.771001 11.6911 -2.35519
-0.00731363 0.0190353 0.0355389
98
1
-0.752108 11.665 -2.43066
-0.0103545 0.00592217 0.0272039
99
1
-0.710721 11.6465 -2.52652
-0.0290004 -0.000930012 0.0654916
100
1
-0.650563 11.6268 -2.61807
-0.0375428 0.0122519 0.0391229
101
1
-0.578407 11.5943 -2.69234
-0.0429201 0.0214366 0.0266069
102
1
-0.502094 11.5657 -2.74832
-0.023267 0.00711573 0.0122788
103
1
-0.380084 11.5283 -2.84946
-0.0506099 0.0199791 0.0553266
104
1
-0.181899 11.4932 -2.99431
-0.0696232 0.00184308 0.0349438
105
1
-0.125277 6.57815 -0.0603478
0.0454665 0.0129246 0.0072434
106
1
-1.74741 12.7721 0.0141718
0.0568122 0.0255468 -0.0127019
107
1
1.74818 12.8018 -0.159351
0.0583626 -0.0274964 0.00172329
108
1
0.125062 6.57805 -0.0593584
0.0453633 -0.0128316 -0.00719064
109
1
0.181874 11.4932 -2.99433
-0.069629 -0.0018557 -0.0349314
110
1
0.380042 11.5284 -2.84951
-0.0506176 -0.0199907 -0.0553167
111
1
0.502046 11.5657 -2.7484
-0.0232628 -0.0071229 -0.0122728
112
1
0.578346 11.5944 -2.69244
-0.0429138 -0.0214546 -0.0265952
113
1
0.650491 11.6269 -2.6182
-0.0375393 -0.0122603 -0.0391089
114
1
0.710646 11.6467 -2.52668
-0.0290021 0.000929364 -0.0654749
115
1
0.75203 11.6651 -2.43086
-0.0103514 -0.00591859 -0.0271943
116
1
0.770914 11.6912 -2.35542
-0.00730813 -0.019029 -0.0355198
117
1
0.78316 11.7301 -2.27409
0.00229284 -0.0303466 -0.0450817
118
1
0.796068 11.7723 -2.19158
-0.0076269 -0.0150602 -0.0369033
119
1
0.811562 11.8151 -2.11123
-0.0169831 -0.026998 -0.0465884
120
1
0.818226 11.857 -2.03476
0.00480363 -0.0181872 -0.0351732
121
1
0.812467 11.89 -1.96878
0.0070772 -0.00674468 -0.0220154
122
1
0.802671 11.9167 -1.91299
0.00691844 -0.00864723 -0.0281808
123
1
0.790414 11.9468 -1.86442
0.00624721 -0.0140247 -0.0294933
124
1
0.776834 11.9817 -1.82509
0.00494723 -0.015622 -0.0184005
125
1
0.762556 12.0201 -1.79513
0.00890249 -0.0194453 -0.00866016
126
1
0.748684 12.0635 -1.7707
0.0108793 -0.0269575 -0.00430258
127
1
0.736717 12.1096 -1.75252
0.00521838 -0.0214467 -0.00403347
128
1
0.729976 12.1556 -1.73676
0.00173368 -0.0197785 -0.0050807
129
1
0.72624 12.2023 -1.72227
-0.00111885 -0.0250044 -0.00676633
130
1
0.724479 12.2476 -1.70879
-0.00331315 -0.022408 -0.00785307
131
1
0.72257 12.2918 -1.69781
-0.00328345 -0.021011 -0.0047589
132
1
0.718872 12.3368 -1.68786
-0.00300341 -0.0249919 -0.00138078
133
1
0.71164 12.3807 -1.6787
0.000878801 -0.0219654 -0.00323834
134
1
0.70057 12.4217 -1.66793
0.00824052 -0.0194658 -0.0066753
135
1
0.684608 12.4605 -1.6537
0.0125245 -0.0187681 -0.00699638
136
1
0.665449 12.4954 -1.63702
0.00902134 -0.0135589 -0.00587209
137
1
0.644566 12.5257 -1.61863
0.00989857 -0.0107906 -0.00680506
138
1
0.62302 12.5527 -1.59775
0.013886 -0.0102984 -0.00774329
139
1
0.600685 12.5773 -1.57326
0.0128149 -0.00954757 -0.00966736
140
1
0.577252 12.6015 -1.54434
0.0121411 -0.0108092 -0.0144893
141
1
0.553145 12.6273 -1.50949
0.0136713 -0.0149077 -0.023003
142
1
0.531806 12.6562 -1.46653
0.00853546 -0.0178569 -0.0323673
143
1
0.51001 12.6848 -1.41434
0.00387114 -0.0152112 -0.035094
144
1
0.483831 12.7085 -1.35826
0.0094117 -0.0071416 -0.0320751
145
1
0.445413 12.7301 -1.30684
0.0258112 -0.00317247 -0.0311212
146
1
0.403946 12.7594 -1.26468
0.0558798 -0.0259207 -0.0224605
147
1
0.364869 12.7952 -1.2122
0.0219013 -0.048034 -0.0376307
148
1
0.331666 12.8432 -1.15635
0.00799832 -0.00764468 -0.0467111
149
1
0.290536 12.87 -1.10513
0.0229374 -0.0106397 0.00129835
150
1
0.270429 12.943 -1.03293
-0.0146274 -0.0451339 -0.0618128
151
1
0.266092 12.9734 -0.952193
0.0115198 -0.00576425 -0.0379681
152
1
0.270609 13.0749 -0.918545
-0.0181173 -0.0106571 0.0120438
153
1
0.0650751 13.6845 -1.17914
0.0143485 -0.00273639 -0.029809
154
1
0.027282 13.7886 -0.0978116
-0.0127363 0.0276811 -0.0193874
155
1
0.069148 14.7082 -0.00341655
-0.00462449 0.000970739 -0.0776126
156
1
0.0283825 13.7881 0.098016
0.0126584 -0.0278709 -0.0194201
157
1
0.104309 13.6669 1.22962
0.02386 -0.0149543 -0.0326233
158
1
0.247813 13.09 0.919231
0.0202728 0.00977047 0.00822876
159
1
0.253787 12.9876 0.952019
-0.0184064 0.00691747 -0.0357845
160
1
0.259172 12.9575 1.02913
0.00949641 0.0457439 -0.0623632
161
1
0.283768 12.8842 1.10249
-0.0217982 0.00778283 0.00110671
162
1
0.325102 12.8568 1.1524
-0.00687573 0.0117038 -0.0476734
163
1
0.359322 12.8051 1.20774
-0.025614 0.0493925 -0.0346144
164
1
0.400113 12.7676 1.25924
-0.057868 0.0249013 -0.0236754
165
1
0.443814 12.7375 1.30145
-0.0257567 0.00395601 -0.0318718
166
1
0.483192 12.7156 1.35291
-0.0098382 0.00779544 -0.0317455
167
1
0.509861 12.6917 1.40863
-0.00459051 0.0149759 -0.0341537
168
1
0.532542 12.6629 1.46041
-0.00908054 0.017575 -0.0317553
169
1
0.554795 12.6337 1.50315
-0.0138563 0.0150825 -0.0229934
170
1
0.579208 12.6075 1.53793
-0.0121642 0.0111573 -0.0146301
171
1
0.602743 12.5828 1.56686
-0.0127502 0.00993667 -0.00980411
172
1
0.625014 12.5577 1.59141
-0.0137286 0.0106788 -0.0078297
173
1
0.646402 12.5302 1.61248
-0.00981367 0.0111044 -0.00689707
174
1
0.667093 12.4992 1.63119
-0.00894173 0.0138447 -0.00599591
175
1
0.686075 12.4638 1.64827
-0.0122829 0.0190125 -0.00717067
176
1
0.70188 12.4245 1.66298
-0.00808199 0.0197089 -0.00697211
177
1
0.712739 12.3829 1.67431
-0.000860741 0.0222605 -0.00363364
178
1
0.719725 12.3386 1.68408
0.00300616 0.0252632 -0.00182461
179
1
0.723178 12.2931 1.69469
0.003361 0.0212422 -0.00512627
180
1
0.724849 12.2486 1.70629
0.00343984 0.0226315 -0.00817266
181
1
0.7264 12.203 1.7203
0.00121362 0.0251671 -0.00703538
182
1
0.729967 12.1561 1.73522
-0.00168724 0.0198773 -0.00525174
183
1
0.736632 12.1099 1.75128
-0.00519616 0.0215251 -0.00417692
184
1
0.748587 12.0637 1.7697
-0.0108652 0.0270296 -0.00443549
185
1
0.76247 12.0201 1.79432
-0.00889999 0.0194993 -0.00872075
186
1
0.776773 11.9816 1.82444
-0.00496594 0.015661 -0.0184188
187
1
0.790371 11.9467 1.86389
-0.00628936 0.0140441 -0.0294969
188
1
0.802649 11.9166 1.91255
-0.00696301 0.00865558 -0.0281897
189
1
0.812487 11.8899 1.96838
-0.00710697 0.00674916 -0.022033
190
1
0.818293 11.8569 2.0344
-0.00482423 0.0181863 -0.0351954
191
1
0.811657 11.8149 2.1109
0.0169825 0.0269943 -0.046597
192
1
0.796167 11.7722 2.19128
0.00763388 0.0150611 -0.0369124
193
1
0.783254 11.73 2.27382
-0.00228399 0.0303484 -0.0451045
