194
0
1
0.879059 12.4354 2.82473
0.00331734 0.0267909 -0.0142374
1
1
0.865875 12.3802 2.86582
0.00699165 0.01961 -0.0188681
2
1
0.823623 12.3253 2.93759
0.0341172 0.0242581 -0.0516118
3
1
0.762944 12.2871 3.01469
0.0375826 0.0153605 -0.0395241
4
1
0.682184 12.2576 3.08471
0.0552533 0.00849482 -0.0313327
5
1
0.598732 12.2363 3.13734
0.0219608 0.00576306 -0.0130813
6
1
0.459645 12.2041 3.22042
0.0695092 0.0150109 -0.0318589
7
1
0.212532 12.1637 3.3067
0.0753475 0.00615365 -0.0184885
8
1
0.664055 6.0737 0.0841248
0.0238625 -0.0440883 -0.00546913
9
1
0.789955 11.9019 0.439096
-0.0460376 0.0274775 -0.0565453
10
1
-0.849417 11.8182 -0.372114
-0.0713837 0.0299513 -0.00889612
11
1
-0.676379 6.07057 0.0247456
0.0225361 0.0433336 0.0125029
12
1
-0.211386 12.1635 3.30626
0.0753308 -0.00606854 0.0185334
13
1
-0.458025 12.2035 3.21993
0.069555 -0.0148229 0.0318471
14
1
-0.596764 12.2353 3.13725
0.0219096 -0.00567191 0.012964
15
1
-0.680029 12.2564 3.08523
0.0552767 -0.00833151 0.0308723
16
1
-0.760554 12.2858 3.01628
0.0377641 -0.0152672 0.0387133
17
1
-0.820313 12.324 2.94078
0.0340072 -0.0240138 0.0504154
18
1
-0.860726 12.3786 2.87096
0.00622558 -0.0192819 0.0183963
19
1
-0.872048 12.4331 2.83153
0.00192505 -0.0262595 0.0134042
20
1
-0.875726 12.4951 2.7925
-0.00680672 -0.0435564 0.0158742
21
1
-0.871914 12.5596 2.74989
0.00257389 -0.0267536 0.0165863
22
1
-0.857364 12.6231 2.6963
-0.0168971 -0.0375643 0.0380619
23
1
-0.840281 12.6747 2.63941
-0.00629374 -0.0255748 0.0225782
24
1
-0.830867 12.7119 2.59014
0.0046393 -0.00878634 0.00938107
25
1
-0.816675 12.738 2.54784
-0.00338126 -0.00975606 0.0148854
26
1
-0.8058 12.7559 2.49518
-0.0145071 0.00154896 0.0332556
27
1
-0.796964 12.7612 2.43874
-0.00246142 0.00371721 0.0479476
28
1
-0.783151 12.7644 2.37747
-0.00455989 -0.00121253 0.0365472
29
1
-0.764739 12.7672 2.31931
-0.0139808 -0.00243006 0.026042
30
1
-0.742874 12.7676 2.26988
-0.0133138 0.00140499 0.0162943
31
1
-0.721176 12.7662 2.22712
-0.0108974 0.00325999 0.0124202
32
1
-0.70137 12.7629 2.18438
-0.00918261 0.00227146 0.0108486
33
1
-0.683394 12.7592 2.14129
-0.00545876 0.00136348 0.0251217
34
1
-0.666552 12.7558 2.0944
-0.00589568 0.000534462 0.0284319
35
1
-0.647908 12.7533 2.04137
-0.0094511 0.00210997 0.0213813
36
1
-0.627584 12.7503 1.98377
-0.0118816 -0.000888137 0.0365221
37
1
-0.605702 12.7463 1.9228
-0.0136069 0.00257356 0.0428146
38
1
-0.583641 12.7406 1.86292
-0.0109513 0.00807047 0.0260438
39
1
-0.564338 12.7349 1.8058
-0.0064411 0.00516667 0.0146867
40
1
-0.548086 12.7307 1.749
-0.00444118 5.03988e-005 0.0297783
41
1
-0.52951 12.7249 1.69376
-0.00533545 -0.000705918 0.0459561
42
1
-0.506944 12.7181 1.64337
-0.0102749 0.00579958 0.0377406
43
1
-0.479803 12.7163 1.59509
-0.024078 0.0143236 0.0310097
44
1
-0.454302 12.7147 1.54943
-0.0401349 0.00133752 0.0151653
45
1
-0.423007 12.7213 1.49924
0.00556844 -0.00983198 0.022672
46
1
-0.396219 12.7384 1.44634
-0.022322 0.0025854 0.040183
47
1
-0.379412 12.7598 1.40801
-0.0165704 -0.0351083 0.0184187
48
1
-0.365101 12.7913 1.35807
0.0169517 -0.045032 0.0456638
49
1
-0.360074 12.8158 1.3054
-0.00428621 0.00847606 0.0140509
50
1
-0.362057 12.8382 1.24109
0.0219326 -0.0270436 0.0660114
51
1
-0.385626 12.8641 1.10338
0.00810165 -0.0268918 0.0569119
52
1
-0.445393 12.8636 1.03485
-0.0139565 0.032173 -0.0417478
53
1
-0.501784 12.8347 0.989169
0.044457 -0.00339052 0.00978469
54
1
-0.539049 12.8215 0.986616
0.00991933 -0.0349774 0.0290839
55
1
-0.608256 12.8931 0.989958
0.00596292 0.0114256 -0.00913723
56
1
0.380681 14.9129 1.36085
0.0177063 -0.0387409 -0.0652494
57
1
-0.204041 13.6167 0.0183633
-0.0447716 -0.000694963 -0.0112763
58
1
-0.0593763 16.2948 -0.0062312
-0.00827552 0.0369592 0.0679029
59
1
-0.2083 13.614 -0.0386666
0.0490065 -1.7678e-006 -0.0124613
60
1
-0.266148 14.9453 -1.32557
0.0368454 -0.0416597 -0.0545778
61
1
-0.483756 12.913 -0.995739
-0.00646496 -0.00316745 -0.0114754
62
1
-0.398763 12.8459 -1.02482
-0.0054944 0.0108655 0.0224083
63
1
-0.356059 12.8648 -1.03376
-0.0721412 -0.00540624 0.0235218
64
1
-0.278382 12.8906 -1.07083
0.0410747 -0.0193739 -0.050745
65
1
-0.21233 12.9038 -1.12802
-0.0293051 0.0044782 0.0710911
66
1
-0.188507 12.8768 -1.27382
-0.00215781 0.0136913 0.0445476
67
1
-0.201433 12.8595 -1.32702
0.0153943 -0.00679552 0.0210556
68
1
-0.207895 12.8364 -1.37763
-0.0199089 0.0432633 0.0405879
69
1
-0.228379 12.8098 -1.42553
0.0233526 0.0238558 0.0145725
70
1
-0.250378 12.7867 -1.46923
0.0150062 0.0077367 0.0371313
71
1
-0.28288 12.7665 -1.52941
0.00355917 0.0140954 0.0275632
72
1
-0.324382 12.7629 -1.58205
0.0536926 -0.00733843 0.0292287
73
1
-0.362642 12.7653 -1.63065
0.0314254 -0.0141036 0.0378046
74
1
-0.404351 12.7693 -1.6815
0.0181894 -0.00401051 0.0381541
75
1
-0.436598 12.7796 -1.73436
0.0158029 -0.00137815 0.0380833
76
1
-0.46512 12.786 -1.78789
0.0124382 -0.00369576 0.0233955
77
1
-0.498122 12.7927 -1.83666
0.0122215 -0.00681089 0.013917
78
1
-0.53344 12.8013 -1.88457
0.0180204 -0.00878194 0.0213048
79
1
-0.568249 12.8082 -1.9358
0.0199637 -0.00166415 0.0330162
80
1
-0.600973 12.8109 -1.98864
0.0167997 0.0032073 0.0310579
81
1
-0.629884 12.8102 -2.04117
0.0133876 0.00117555 0.0224314
82
1
-0.65554 12.8078 -2.09141
0.00922036 0.00247109 0.0267886
83
1
-0.678295 12.8065 -2.13694
0.00810788 0.000739309 0.0233928
84
1
-0.701718 12.8057 -2.17932
0.0110205 -0.00108759 0.0113636
85
1
-0.726754 12.8045 -2.22153
0.0125144 -0.00184611 0.0128695
86
1
-0.752972 12.8014 -2.26378
0.0151473 0.000704246 0.016526
87
1
-0.779004 12.7958 -2.3123
0.0161771 0.00532501 0.025341
88
1
-0.80079 12.7878 -2.36879
0.00634966 0.00382399 0.0341904
89
1
-0.816896 12.7802 -2.42942
0.0036524 -0.000622194 0.04658
90
1
-0.827545 12.771 -2.48676
0.0144774 0.000734546 0.0359254
91
1
-0.839275 12.7505 -2.53949
0.00360383 0.0107018 0.0155106
92
1
-0.853472 12.7224 -2.58229
-0.00430814 0.00937957 0.00949595
93
1
-0.86172 12.6829 -2.63092
0.00449012 0.0260432 0.0218922
94
1
-0.874908 12.6294 -2.68749
0.0127328 0.0374662 0.0358866
95
1
-0.884822 12.565 -2.74077
-0.00377554 0.0278328 0.0174422
96
1
-0.885261 12.4988 -2.7844
0.00483465 0.0442972 0.0172605
97
1
-0.879056 12.4354 -2.82473
-0.0033172 0.0267908 0.0142377
98
1
-0.865872 12.3802 -2.86582
-0.00699146 0.01961 0.0188683
99
1
-0.82362 12.3253 -2.93759
-0.0341166 0.0242582 0.0516122
100
1
-0.762942 12.2871 -3.01468
-0.0375823 0.0153607 0.0395244
101
1
-0.682183 12.2576 -3.0847
-0.0552531 0.00849501 0.031333
102
1
-0.59873 12.2363 -3.13733
-0.0219608 0.00576311 0.0130814
103
1
-0.459645 12.2041 -3.22042
-0.0695091 0.0150111 0.0318591
104
1
-0.212532 12.1637 -3.3067
-0.0753475 0.0061537 0.0184885
105
1
-0.664171 6.07368 -0.0836702
-0.0238526 -0.0440786 0.00551386
106
1
-0.789518 11.9022 -0.439005
0.0459878 0.0274359 0.056606
107
1
0.849746 11.818 0.3721
0.0714036 0.0299228 0.00883175
108
1
0.676435 6.07055 -0.0242705
-0.0225145 0.0433234 -0.0125448
109
1
0.211386 12.1635 -3.30626
-0.0753308 -0.00606859 -0.0185334
110
1
0.458024 12.2035 -3.21992
-0.0695549 -0.014823 -0.0318472
111
1
0.596763 12.2353 -3.13724
-0.0219096 -0.00567196 -0.012964
112
1
0.680028 12.2564 -3.08522
-0.0552766 -0.00833169 -0.0308726
113
1
0.760553 12.2858 -3.01628
-0.0377639 -0.0152673 -0.0387136
114
1
0.820311 12.324 -2.94078
-0.0340068 -0.0240139 -0.0504158
115
1
0.860724 12.3786 -2.87096
-0.00622552 -0.019282 -0.0183965
116
1
0.872046 12.4331 -2.83152
-0.00192511 -0.0262595 -0.0134044
117
1
0.875724 12.4951 -2.79249
0.00680668 -0.0435565 -0.0158746
118
1
0.871912 12.5596 -2.74988
-0.00257391 -0.0267537 -0.0165866
119
1
0.857362 12.6231 -2.69629
0.0168965 -0.037564 -0.0380617
120
1
0.84028 12.6747 -2.6394
0.00629355 -0.0255747 -0.0225783
121
1
0.830866 12.7119 -2.59014
-0.0046392 -0.00878639 -0.00938122
122
1
0.816674 12.738 -2.54783
0.00338133 -0.009756 -0.0148855
123
1
0.805798 12.7559 -2.49518
0.0145071 0.00154903 -0.0332557
124
1
0.796962 12.7612 -2.43873
0.00246164 0.00371715 -0.0479473
125
1
0.783149 12.7644 -2.37746
0.00456016 -0.00121267 -0.0365472
126
1
0.764736 12.7672 -2.3193
0.0139812 -0.00243029 -0.0260423
127
1
0.742871 12.7676 -2.26988
0.0133141 0.00140481 -0.0162945
128
1
0.721173 12.7662 -2.22712
0.0108975 0.00325983 -0.0124203
129
1
0.701366 12.763 -2.18437
0.00918269 0.00227127 -0.0108488
130
1
0.68339 12.7592 -2.14128
0.00545894 0.00136315 -0.0251217
131
1
0.666548 12.7558 -2.09439
0.00589587 0.000534173 -0.0284317
132
1
0.647903 12.7533 -2.04136
0.00945123 0.00210976 -0.0213807
133
1
0.627579 12.7503 -1.98376
0.0118819 -0.000888504 -0.0365216
134
1
0.605696 12.7463 -1.92279
0.0136074 0.00257309 -0.0428141
135
1
0.583634 12.7406 -1.86291
0.0109518 0.00807014 -0.0260437
136
1
0.564331 12.7349 -1.80579
0.00644135 0.00516658 -0.0146869
137
1
0.548077 12.7307 -1.749
0.00444142 5.0727e-005 -0.0297779
138
1
0.5295 12.725 -1.69375
0.00533598 -0.000705748 -0.0459547
139
1
0.506934 12.7181 -1.64337
0.0102758 0.00579863 -0.0377388
140
1
0.479791 12.7163 -1.59509
0.0240795 0.0143213 -0.0310076
141
1
0.454288 12.7147 -1.54943
0.0401363 0.0013349 -0.0151656
142
1
0.422992 12.7213 -1.49924
-0.00556782 -0.0098333 -0.0226723
143
1
0.396202 12.7385 -1.44634
0.0223222 0.00258279 -0.0401827
144
1
0.379394 12.7599 -1.40801
0.0165722 -0.0351089 -0.0184195
145
1
0.365082 12.7913 -1.35807
-0.0169505 -0.0450345 -0.0456659
146
1
0.360055 12.8158 -1.3054
0.00428559 0.00847535 -0.014051
147
1
0.362038 12.8383 -1.24109
-0.0219315 -0.0270437 -0.0660113
148
1
0.385605 12.8641 -1.10338
-0.00808304 -0.026917 -0.0568973
149
1
0.445391 12.8636 -1.03486
0.0139718 0.0322244 0.0417619
150
1
0.50176 12.8346 -0.989147
-0.0444825 -0.00342686 -0.00980062
151
1
0.539043 12.8215 -0.986606
-0.00994878 -0.0349994 -0.029103
152
1
0.608293 12.8931 -0.990032
-0.00596013 0.0114441 0.00913287
153
1
-0.380641 14.9129 -1.36086
-0.0176887 -0.0387339 0.0652583
154
1
0.204039 13.6167 -0.0183554
0.0447731 -0.000695399 0.0112759
155
1
0.0593821 16.2948 0.00626328
0.00827568 0.0369605 -0.0679022
156
1
0.2083 13.614 0.0386743
-0.0490054 -1.82499e-006 0.0124614
157
1
0.266203 14.9453 1.32551
-0.0368657 -0.0416522 0.0545698
158
1
0.483771 12.913 0.995739
0.00646593 -0.00316236 0.0114745
159
1
0.398785 12.8459 1.0248
0.00548928 0.0108605 -0.0224039
160
1
0.356083 12.8648 1.03376
0.07216 -0.00539077 -0.0235215
161
1
0.278403 12.8906 1.07085
-0.0410766 -0.0193579 0.0507283
162
1
0.212366 12.9038 1.12805
0.0293099 0.00447099 -0.071082
163
1
0.188523 12.8767 1.27384
0.00216205 0.0136959 -0.0445444
164
1
0.201442 12.8595 1.32703
-0.0153912 -0.00679827 -0.0210552
165
1
0.207903 12.8363 1.37764
0.0199103 0.0432599 -0.0405947
166
1
0.228386 12.8097 1.42554
-0.0233492 0.0238556 -0.0145721
167
1
0.250383 12.7867 1.46925
-0.0150056 0.00773305 -0.0371318
168
1
0.282884 12.7665 1.52943
-0.00355889 0.0140936 -0.027562
169
1
0.324385 12.7629 1.58206
-0.0536904 -0.00733951 -0.029225
170
1
0.362645 12.7653 1.63066
-0.0314246 -0.0141048 -0.0378042
171
1
0.404354 12.7693 1.68151
-0.0181891 -0.0040113 -0.0381548
172
1
0.436601 12.7796 1.73437
-0.0158028 -0.00137894 -0.038084
173
1
0.465123 12.786 1.7879
-0.0124381 -0.00369632 -0.0233956
174
1
0.498124 12.7927 1.83667
-0.0122212 -0.00681132 -0.0139168
175
1
0.533442 12.8013 1.88459
-0.0180201 -0.00878277 -0.0213043
176
1
0.568251 12.8082 1.93581
-0.0199636 -0.00166497 -0.0330154
177
1
0.600975 12.8109 1.98865
-0.0168 0.00320691 -0.0310575
178
1
0.629887 12.8102 2.04118
-0.0133882 0.00117559 -0.022432
179
1
0.655544 12.8078 2.09142
-0.00922082 0.00247098 -0.0267885
180
1
0.6783 12.8065 2.13695
-0.00810822 0.000739135 -0.0233926
181
1
0.701723 12.8057 2.17933
-0.0110207 -0.00108771 -0.0113635
182
1
0.726759 12.8045 2.22155
-0.0125146 -0.00184615 -0.0128694
183
1
0.752978 12.8014 2.26379
-0.0151473 0.000704283 -0.0165257
184
1
0.77901 12.7958 2.31231
-0.016177 0.00532513 -0.0253404
185
1
0.800796 12.7878 2.3688
-0.0063496 0.00382425 -0.0341901
186
1
0.816902 12.7802 2.42943
-0.00365232 -0.000621687 -0.0465801
187
1
0.827551 12.7711 2.48677
-0.0144774 0.000735084 -0.0359256
188
1
0.83928 12.7505 2.5395
-0.00360375 0.010702 -0.0155105
189
1
0.853477 12.7224 2.5823
0.00430823 0.0093796 -0.00949579
190
1
0.861725 12.6829 2.63092
-0.00449007 0.0260434 -0.0218918
191
1
0.874913 12.6294 2.6875
-0.0127329 0.0374666 -0.0358863
192
1
0.884826 12.565 2.74078
0.00377571 0.0278329 -0.0174419
193
1
0.885265 12.4988 2.7844
-0.00483439 0.0442973 -0.0172601
