194
0
1
0.855344 4.1486 0.551916
0.0329588 -0.0283659 0.0206492
1
1
0.788251 4.20685 0.516295
0.0322751 -0.0320638 0.0178725
2
1
0.719329 4.27259 0.486617
0.033659 -0.0350377 0.0133489
3
1
0.647148 4.34292 0.466863
0.0353593 -0.0368009 0.00635481
4
1
0.568927 4.4143 0.458396
0.0390953 -0.0359498 0.000593857
5
1
0.483155 4.48175 0.460761
0.0426982 -0.0326724 -0.00566061
6
1
0.388856 4.54079 0.471647
0.0479022 -0.0273618 -0.00882884
7
1
0.285765 4.58726 0.487008
0.0528384 -0.0195956 -0.00987804
8
1
0.17492 4.61884 0.501451
0.0565822 -0.0116806 -0.00725405
9
1
0.0589162 4.63464 0.510278
0.0586864 -0.00357586 -0.00273511
10
1
-0.0589162 4.63464 0.510278
0.0586864 0.00357586 0.00273511
11
1
-0.17492 4.61884 0.501451
0.0565822 0.0116806 0.00725405
12
1
-0.285765 4.58726 0.487008
0.0528384 0.0195956 0.00987804
13
1
-0.388856 4.54079 0.471647
0.0479022 0.0273618 0.00882884
14
1
-0.483155 4.48175 0.460761
0.0426982 0.0326724 0.00566061
15
1
-0.568927 4.4143 0.458396
0.0390953 0.0359498 -0.000593857
16
1
-0.647148 4.34292 0.466863
0.0353593 0.0368009 -0.00635481
17
1
-0.719329 4.27259 0.486617
0.033659 0.0350377 -0.0133489
18
1
-0.788251 4.20685 0.516295
0.0322751 0.0320638 -0.0178725
19
1
-0.855344 4.1486 0.551916
0.0329588 0.0283659 -0.0206492
20
1
-0.921072 4.09871 0.589766
0.0321291 0.0235675 -0.0208191
21
1
-0.985812 4.05672 0.626856
0.030999 0.0195127 -0.0186275
22
1
-1.05001 4.02128 0.661323
0.0325857 0.0162556 -0.0167701
23
1
-1.11446 3.9904 0.692935
0.0315142 0.0135742 -0.0145289
24
1
-1.17843 3.96252 0.721066
0.0317621 0.0123633 -0.0128431
25
1
-1.24206 3.93651 0.745664
0.032592 0.0116429 -0.0110554
26
1
-1.30494 3.91201 0.767018
0.0306633 0.0105618 -0.0102729
27
1
-1.36649 3.88903 0.786043
0.029759 0.0102209 -0.0097647
28
1
-1.4272 3.86788 0.80291
0.0301621 0.0104887 -0.0089785
29
1
-1.48711 3.84819 0.817933
0.0292388 0.00978119 -0.00835232
30
1
-1.54602 3.83003 0.831691
0.0284051 0.00862595 -0.00768575
31
1
-1.60427 3.81365 0.843939
0.0286592 0.00802941 -0.00661581
32
1
-1.66208 3.799 0.853805
0.0287269 0.00729798 -0.00539678
33
1
-1.71943 3.78627 0.86071
0.0284624 0.00602087 -0.00378848
34
1
-1.7763 3.77597 0.864502
0.028418 0.00456909 -0.00156987
35
1
-1.8327 3.76863 0.865124
0.0279688 0.00293146 0.000567089
36
1
-1.88839 3.76372 0.862446
0.0268491 0.00133106 0.00196989
37
1
-1.9435 3.76004 0.856224
0.0263572 0.000408985 0.00343161
38
1
-1.99867 3.75685 0.846203
0.0270446 0.000406537 0.00591232
39
1
-2.05399 3.75378 0.831941
0.0276788 0.000862995 0.00862003
40
1
-2.10873 3.75034 0.813502
0.0274364 0.00139652 0.0106466
41
1
-2.16221 3.7459 0.791292
0.0268913 0.00238818 0.012339
42
1
-2.2146 3.73998 0.766162
0.0265507 0.00361658 0.0135409
43
1
-2.26605 3.73308 0.738093
0.0264125 0.0041344 0.0141445
44
1
-2.31678 3.72582 0.707021
0.0262712 0.00410286 0.0151142
45
1
-2.3666 3.71877 0.672071
0.0258535 0.00442154 0.0172916
46
1
-2.41475 3.71185 0.632625
0.0248506 0.00494298 0.0203356
47
1
-2.46062 3.70535 0.589288
0.0235386 0.00468045 0.0229314
48
1
-2.50401 3.69986 0.54303
0.0221236 0.00348573 0.0247421
49
1
-2.5447 3.69567 0.494406
0.020181 0.00190819 0.0266613
50
1
-2.58197 3.69277 0.443528
0.0178768 0.00074225 0.028134
51
1
-2.61574 3.69083 0.390795
0.0161042 0.000364154 0.0286724
52
1
-2.64624 3.68921 0.33642
0.0148676 0.000414705 0.0286426
53
1
-2.67323 3.68788 0.280965
0.0134577 0.000333542 0.0286207
54
1
-2.69634 3.68713 0.225086
0.0114636 9.97557e-005 0.0287545
55
1
-2.71502 3.68745 0.168997
0.00900063 -6.01731e-005 0.0289317
56
1
-2.72888 3.68858 0.112794
0.00615299 -8.29938e-005 0.0288777
57
1
-2.7373 3.68983 0.0564176
0.00307038 -7.35552e-005 0.0285284
58
1
-2.74025 3.69048 -3.56766e-015
6.69051e-016 1.40257e-016 0.0283121
59
1
-2.7373 3.68983 -0.0564176
-0.00307038 7.35552e-005 0.0285284
60
1
-2.72888 3.68858 -0.112794
-0.00615299 8.29938e-005 0.0288777
61
1
-2.71502 3.68745 -0.168997
-0.00900063 6.01731e-005 0.0289317
62
1
-2.69634 3.68713 -0.225086
-0.0114636 -9.97557e-005 0.0287545
63
1
-2.67323 3.68788 -0.280965
-0.0134577 -0.000333542 0.0286207
64
1
-2.64624 3.68921 -0.33642
-0.0148676 -0.000414705 0.0286426
65
1
-2.61574 3.69083 -0.390795
-0.0161042 -0.000364154 0.0286724
66
1
-2.58197 3.69277 -0.443528
-0.0178768 -0.00074225 0.028134
67
1
-2.5447 3.69567 -0.494406
-0.020181 -0.00190819 0.0266613
68
1
-2.50401 3.69986 -0.54303
-0.0221236 -0.00348573 0.0247421
69
1
-2.46062 3.70535 -0.589288
-0.0235386 -0.00468045 0.0229314
70
1
-2.41475 3.71185 -0.632625
-0.0248506 -0.00494298 0.0203356
71
1
-2.3666 3.71877 -0.672071
-0.0258535 -0.00442154 0.0172916
72
1
-2.31678 3.72582 -0.707021
-0.0262712 -0.00410286 0.0151142
73
1
-2.26605 3.73308 -0.738093
-0.0264125 -0.0041344 0.0141445
74
1
-2.2146 3.73998 -0.766162
-0.0265507 -0.00361658 0.0135409
75
1
-2.16221 3.7459 -0.791292
-0.0268913 -0.00238818 0.012339
76
1
-2.10873 3.75034 -0.813502
-0.0274364 -0.00139652 0.0106466
77
1
-2.05399 3.75378 -0.831941
-0.0276788 -0.000862995 0.00862003
78
1
-1.99867 3.75685 -0.846203
-0.0270446 -0.000406537 0.00591232
79
1
-1.9435 3.76004 -0.856224
-0.0263572 -0.000408985 0.00343161
80
1
-1.88839 3.76372 -0.862446
-0.0268491 -0.00133106 0.00196989
81
1
-1.8327 3.76863 -0.865124
-0.0279688 -0.00293146 0.000567089
82
1
-1.7763 3.77597 -0.864502
-0.028418 -0.00456909 -0.00156987
83
1
-1.71943 3.78627 -0.86071
-0.0284624 -0.00602087 -0.00378848
84
1
-1.66208 3.799 -0.853805
-0.0287269 -0.00729798 -0.00539678
85
1
-1.60427 3.81365 -0.843939
-0.0286592 -0.00802941 -0.00661581
86
1
-1.54602 3.83003 -0.831691
-0.0284051 -0.00862595 -0.00768575
87
1
-1.48711 3.84819 -0.817933
-0.0292388 -0.00978119 -0.00835232
88
1
-1.4272 3.86788 -0.80291
-0.0301621 -0.0104887 -0.0089785
89
1
-1.36649 3.88903 -0.786043
-0.029759 -0.0102209 -0.0097647
90
1
-1.30494 3.91201 -0.767018
-0.0306633 -0.0105618 -0.0102729
91
1
-1.24206 3.93651 -0.745664
-0.032592 -0.0116429 -0.0110554
92
1
-1.17843 3.96252 -0.721066
-0.0317621 -0.0123633 -0.0128431
93
1
-1.11446 3.9904 -0.692935
-0.0315142 -0.0135742 -0.0145289
94
1
-1.05001 4.02128 -0.661323
-0.0325857 -0.0162556 -0.0167701
95
1
-0.985812 4.05672 -0.626856
-0.030999 -0.0195127 -0.0186275
96
1
-0.921072 4.09871 -0.589766
-0.0321291 -0.0235675 -0.0208191
97
1
-0.855344 4.1486 -0.551916
-0.0329588 -0.0283659 -0.0206492
98
1
-0.788251 4.20685 -0.516295
-0.0322751 -0.0320638 -0.0178725
99
1
-0.719329 4.27259 -0.486617
-0.033659 -0.0350377 -0.0133489
100
1
-0.647148 4.34292 -0.466863
-0.0353593 -0.0368009 -0.00635481
101
1
-0.568927 4.4143 -0.458396
-0.0390953 -0.0359498 -0.000593857
102
1
-0.483155 4.48175 -0.460761
-0.0426982 -0.0326724 0.00566061
103
1
-0.388856 4.54079 -0.471647
-0.0479022 -0.0273618 0.00882884
104
1
-0.285765 4.58726 -0.487008
-0.0528384 -0.0195956 0.00987804
105
1
-0.17492 4.61884 -0.501451
-0.0565822 -0.0116806 0.00725405
106
1
-0.0589162 4.63464 -0.510278
-0.0586864 -0.00357586 0.00273511
107
1
0.0589162 4.63464 -0.510278
-0.0586864 0.00357586 -0.00273511
108
1
0.17492 4.61884 -0.501451
-0.0565822 0.0116806 -0.00725405
109
1
0.285765 4.58726 -0.487008
-0.0528384 0.0195956 -0.00987804
110
1
0.388856 4.54079 -0.471647
-0.0479022 0.0273618 -0.00882884
111
1
0.483155 4.48175 -0.460761
-0.0426982 0.0326724 -0.00566061
112
1
0.568927 4.4143 -0.458396
-0.0390953 0.0359498 0.000593857
113
1
0.647148 4.34292 -0.466863
-0.0353593 0.0368009 0.00635481
114
1
0.719329 4.27259 -0.486617
-0.033659 0.0350377 0.0133489
115
1
0.788251 4.20685 -0.516295
-0.0322751 0.0320638 0.0178725
116
1
0.855344 4.1486 -0.551916
-0.0329588 0.0283659 0.0206492
117
1
0.921072 4.09871 -0.589766
-0.0321291 0.0235675 0.0208191
118
1
0.985812 4.05672 -0.626856
-0.030999 0.0195127 0.0186275
119
1
1.05001 4.02128 -0.661323
-0.0325857 0.0162556 0.0167701
120
1
1.11446 3.9904 -0.692935
-0.0315142 0.0135742 0.0145289
121
1
1.17843 3.96252 -0.721066
-0.0317621 0.0123633 0.0128431
122
1
1.24206 3.93651 -0.745664
-0.032592 0.0116429 0.0110554
123
1
1.30494 3.91201 -0.767018
-0.0306633 0.0105618 0.0102729
124
1
1.36649 3.88903 -0.786043
-0.029759 0.0102209 0.0097647
125
1
1.4272 3.86788 -0.80291
-0.0301621 0.0104887 0.0089785
126
1
1.48711 3.84819 -0.817933
-0.0292388 0.00978119 0.00835232
127
1
1.54602 3.83003 -0.831691
-0.0284051 0.00862595 0.00768575
128
1
1.60427 3.81365 -0.843939
-0.0286592 0.00802941 0.00661581
129
1
1.66208 3.799 -0.853805
-0.0287269 0.00729798 0.00539678
130
1
1.71943 3.78627 -0.86071
-0.0284624 0.00602087 0.00378848
131
1
1.7763 3.77597 -0.864502
-0.028418 0.00456909 0.00156987
132
1
1.8327 3.76863 -0.865124
-0.0279688 0.00293146 -0.000567089
133
1
1.88839 3.76372 -0.862446
-0.0268491 0.00133106 -0.00196989
134
1
1.9435 3.76004 -0.856224
-0.0263572 0.000408985 -0.00343161
135
1
1.99867 3.75685 -0.846203
-0.0270446 0.000406537 -0.00591232
136
1
2.05399 3.75378 -0.831941
-0.0276788 0.000862995 -0.00862003
137
1
2.10873 3.75034 -0.813502
-0.0274364 0.00139652 -0.0106466
138
1
2.16221 3.7459 -0.791292
-0.0268913 0.00238818 -0.012339
139
1
2.2146 3.73998 -0.766162
-0.0265507 0.00361658 -0.0135409
140
1
2.26605 3.73308 -0.738093
-0.0264125 0.0041344 -0.0141445
141
1
2.31678 3.72582 -0.707021
-0.0262712 0.00410286 -0.0151142
142
1
2.3666 3.71877 -0.672071
-0.0258535 0.00442154 -0.0172916
143
1
2.41475 3.71185 -0.632625
-0.0248506 0.00494298 -0.0203356
144
1
2.46062 3.70535 -0.589288
-0.0235386 0.00468045 -0.0229314
145
1
2.50401 3.69986 -0.54303
-0.0221236 0.00348573 -0.0247421
146
1
2.5447 3.69567 -0.494406
-0.020181 0.00190819 -0.0266613
147
1
2.58197 3.69277 -0.443528
-0.0178768 0.00074225 -0.028134
148
1
2.61574 3.69083 -0.390795
-0.0161042 0.000364154 -0.0286724
149
1
2.64624 3.68921 -0.33642
-0.0148676 0.000414705 -0.0286426
150
1
2.67323 3.68788 -0.280965
-0.0134577 0.000333542 -0.0286207
151
1
2.69634 3.68713 -0.225086
-0.0114636 9.97557e-005 -0.0287545
152
1
2.71502 3.68745 -0.168997
-0.00900063 -6.01731e-005 -0.0289317
153
1
2.72888 3.68858 -0.112794
-0.00615299 -8.29938e-005 -0.0288777
154
1
2.7373 3.68983 -0.0564176
-0.00307038 -7.35552e-005 -0.0285284
155
1
2.74025 3.69048 -4.873e-015
-5.23217e-016 1.97907e-016 -0.0283121
156
1
2.7373 3.68983 0.0564176
0.00307038 7.35552e-005 -0.0285284
157
1
2.72888 3.68858 0.112794
0.00615299 8.29938e-005 -0.0288777
158
1
2.71502 3.68745 0.168997
0.00900063 6.01731e-005 -0.0289317
159
1
2.69634 3.68713 0.225086
0.0114636 -9.97557e-005 -0.0287545
160
1
2.67323 3.68788 0.280965
0.0134577 -0.000333542 -0.0286207
161
1
2.64624 3.68921 0.33642
0.0148676 -0.000414705 -0.0286426
162
1
2.61574 3.69083 0.390795
0.0161042 -0.000364154 -0.0286724
163
1
2.58197 3.69277 0.443528
0.0178768 -0.00074225 -0.028134
164
1
2.5447 3.69567 0.494406
0.020181 -0.00190819 -0.0266613
165
1
2.50401 3.69986 0.54303
0.0221236 -0.00348573 -0.0247421
166
1
2.46062 3.70535 0.589288
0.0235386 -0.00468045 -0.0229314
167
1
2.41475 3.71185 0.632625
0.0248506 -0.00494298 -0.0203356
168
1
2.3666 3.71877 0.672071
0.0258535 -0.00442154 -0.0172916
169
1
2.31678 3.72582 0.707021
0.0262712 -0.00410286 -0.0151142
170
1
2.26605 3.73308 0.738093
0.0264125 -0.0041344 -0.0141445
171
1
2.2146 3.73998 0.766162
0.0265507 -0.00361658 -0.0135409
172
1
2.16221 3.7459 0.791292
0.0268913 -0.00238818 -0.012339
173
1
2.10873 3.75034 0.813502
0.0274364 -0.00139652 -0.0106466
174
1
2.05399 3.75378 0.831941
0.0276788 -0.000862995 -0.00862003
175
1
1.99867 3.75685 0.846203
0.0270446 -0.000406537 -0.00591232
176
1
1.9435 3.76004 0.856224
0.0263572 -0.000408985 -0.00343161
177
1
1.88839 3.76372 0.862446
0.0268491 -0.00133106 -0.00196989
178
1
1.8327 3.76863 0.865124
0.0279688 -0.00293146 -0.000567089
179
1
1.7763 3.77597 0.864502
0.028418 -0.00456909 0.00156987
180
1
1.71943 3.78627 0.86071
0.0284624 -0.00602087 0.00378848
181
1
1.66208 3.799 0.853805
0.0287269 -0.00729798 0.00539678
182
1
1.60427 3.81365 0.843939
0.0286592 -0.00802941 0.00661581
183
1
1.54602 3.83003 0.831691
0.0284051 -0.00862595 0.00768575
184
1
1.48711 3.84819 0.817933
0.0292388 -0.00978119 0.00835232
185
1
1.4272 3.86788 0.80291
0.0301621 -0.0104887 0.0089785
186
1
1.36649 3.88903 0.786043
0.029759 -0.0102209 0.0097647
187
1
1.30494 3.91201 0.767018
0.0306633 -0.0105618 0.0102729
188
1
1.24206 3.93651 0.745664
0.032592 -0.0116429 0.0110554
189
1
1.17843 3.96252 0.721066
0.0317621 -0.0123633 0.0128431
190
1
1.11446 3.9904 0.692935
0.0315142 -0.0135742 0.0145289
191
1
1.05001 4.02128 0.661323
0.0325857 -0.0162556 0.0167701
192
1
0.985812 4.05672 0.626856
0.030999 -0.0195127 0.0186275
193
1
0.921072 4.09871 0.589766
0.0321291 -0.0235675 0.0208191
