194
0
1
0.749478 9.77191 0.711916
-0.00124571 0.0431768 0.013043
1
1
0.744187 9.69332 0.685632
-0.00443746 0.0375979 0.0102489
2
1
0.73242 9.60977 0.664
0.00547082 0.0428753 0.00688604
3
1
0.699508 9.52191 0.646195
0.0201917 0.0506409 0.00369325
4
1
0.644397 9.44234 0.632439
0.0328279 0.0347543 0.00732201
5
1
0.56099 9.37952 0.618594
0.0488434 0.0204854 0.00980739
6
1
0.432708 9.34277 0.606661
0.0699917 0.00304028 0.000494847
7
1
0.218968 9.33692 0.637681
0.0681634 -0.0116444 -0.0264673
8
1
0.715717 6.76596 0.0565745
0.0273454 0.0401313 -0.00924245
9
1
1.22292 12.9056 0.0565351
-0.0648547 -0.0113366 0.00775264
10
1
-1.22292 12.9056 0.056537
-0.0648548 0.0113366 -0.00775241
11
1
-0.715728 6.766 0.0562804
0.0273379 -0.0401249 0.0092748
12
1
-0.218968 9.33692 0.637681
0.0681633 0.0116444 0.0264673
13
1
-0.432708 9.34277 0.606661
0.0699917 -0.00304029 -0.000494836
14
1
-0.56099 9.37952 0.618594
0.0488434 -0.0204854 -0.00980739
15
1
-0.644397 9.44234 0.632439
0.0328279 -0.0347543 -0.00732201
16
1
-0.699508 9.52191 0.646195
0.0201917 -0.0506409 -0.00369324
17
1
-0.73242 9.60977 0.664
0.00547083 -0.0428753 -0.00688602
18
1
-0.744187 9.69332 0.685632
-0.00443746 -0.0375979 -0.0102489
19
1
-0.749478 9.77191 0.711916
-0.00124571 -0.0431768 -0.013043
20
1
-0.757719 9.84252 0.743967
0.00368239 -0.0335658 -0.0197747
21
1
-0.771111 9.9023 0.782258
0.00748586 -0.0215118 -0.02306
22
1
-0.787996 9.95252 0.825358
0.00960315 -0.021318 -0.0251956
23
1
-0.808235 9.99736 0.871909
0.0109387 -0.0198945 -0.0238802
24
1
-0.831842 10.0378 0.917426
0.0129023 -0.0171682 -0.0233837
25
1
-0.856468 10.0757 0.958828
0.0124123 -0.017309 -0.0218334
26
1
-0.880595 10.1136 0.993969
0.0103609 -0.0163707 -0.0168775
27
1
-0.904126 10.1514 1.02281
0.0107267 -0.0160476 -0.0142253
28
1
-0.927882 10.1901 1.04666
0.0122905 -0.0177308 -0.0131106
29
1
-0.953331 10.2302 1.0663
0.0127796 -0.0206787 -0.00864149
30
1
-0.980598 10.271 1.0799
0.0132204 -0.0217743 -0.00402341
31
1
-1.00954 10.3125 1.08625
0.0144352 -0.0218285 0.000499987
32
1
-1.03963 10.3544 1.08601
0.0157153 -0.0212208 0.00337561
33
1
-1.07083 10.3953 1.08069
0.0173344 -0.0193975 0.00396201
34
1
-1.10346 10.4346 1.07175
0.0195623 -0.0187603 0.00637151
35
1
-1.13774 10.4722 1.05895
0.0179609 -0.0189084 0.00878317
36
1
-1.17168 10.5084 1.04369
0.0150625 -0.0175215 0.00787967
37
1
-1.20512 10.5434 1.02612
0.0169937 -0.0170417 0.0087014
38
1
-1.23877 10.5786 1.00679
0.0181041 -0.0172912 0.0109227
39
1
-1.27196 10.6141 0.986275
0.0144398 -0.0161379 0.0100902
40
1
-1.30364 10.6483 0.963995
0.0143318 -0.0168131 0.0102793
41
1
-1.33325 10.6808 0.938201
0.0163791 -0.0174882 0.0135642
42
1
-1.36096 10.7123 0.909081
0.0137035 -0.014553 0.015578
43
1
-1.38619 10.7421 0.876563
0.0107332 -0.0127559 0.0155991
44
1
-1.4102 10.7702 0.839974
0.0113672 -0.0142052 0.0188182
45
1
-1.43436 10.7963 0.797944
0.0126643 -0.0151116 0.0253594
46
1
-1.45897 10.82 0.750875
0.011995 -0.0112137 0.0255178
47
1
-1.48506 10.8389 0.700836
0.0132545 -0.00701349 0.0244513
48
1
-1.51243 10.8534 0.647036
0.0166103 -0.00509463 0.0303813
49
1
-1.53936 10.8641 0.591404
0.0150261 -0.00418008 0.0311768
50
1
-1.56425 10.8721 0.534157
0.0119851 -0.0023034 0.0285402
51
1
-1.58733 10.8777 0.473406
0.0122547 -0.00111484 0.0319861
52
1
-1.6076 10.8811 0.409766
0.0110729 -0.00149355 0.0356139
53
1
-1.62397 10.8828 0.342821
0.00740144 -0.000478235 0.0391374
54
1
-1.63621 10.8837 0.273806
0.00541575 0.000188383 0.0400278
55
1
-1.6451 10.8843 0.204319
0.0030444 -0.000549345 0.0380786
56
1
-1.65104 10.8841 0.135803
0.00170155 0.000138331 0.0358801
57
1
-1.65417 10.8836 0.0669409
0.00019152 0.00124352 0.0343527
58
1
-1.65486 10.8833 -7.16465e-008
1.3996e-009 1.3989e-009 0.0338424
59
1
-1.65417 10.8836 -0.066941
-0.000191517 -0.00124352 0.0343527
60
1
-1.65104 10.8841 -0.135803
-0.00170155 -0.000138328 0.0358801
61
1
-1.6451 10.8843 -0.204319
-0.00304439 0.000549348 0.0380786
62
1
-1.63621 10.8837 -0.273806
-0.00541575 -0.000188379 0.0400278
63
1
-1.62397 10.8828 -0.342821
-0.00740144 0.000478237 0.0391374
64
1
-1.6076 10.8811 -0.409766
-0.0110729 0.00149355 0.0356139
65
1
-1.58733 10.8777 -0.473406
-0.0122547 0.00111484 0.0319861
66
1
-1.56425 10.8721 -0.534157
-0.0119851 0.0023034 0.0285402
67
1
-1.53936 10.8641 -0.591404
-0.0150261 0.00418009 0.0311768
68
1
-1.51243 10.8534 -0.647036
-0.0166103 0.00509463 0.0303813
69
1
-1.48506 10.8389 -0.700836
-0.0132545 0.00701349 0.0244513
70
1
-1.45897 10.82 -0.750875
-0.011995 0.0112137 0.0255178
71
1
-1.43436 10.7963 -0.797944
-0.0126643 0.0151116 0.0253594
72
1
-1.4102 10.7702 -0.839974
-0.0113672 0.0142052 0.0188182
73
1
-1.38619 10.7421 -0.876563
-0.0107332 0.0127559 0.0155991
74
1
-1.36096 10.7123 -0.909081
-0.0137035 0.014553 0.015578
75
1
-1.33325 10.6808 -0.938201
-0.0163791 0.0174882 0.0135642
76
1
-1.30364 10.6483 -0.963995
-0.0143318 0.0168131 0.0102793
77
1
-1.27196 10.6141 -0.986275
-0.0144398 0.0161379 0.0100902
78
1
-1.23877 10.5786 -1.00679
-0.0181041 0.0172912 0.0109227
79
1
-1.20512 10.5434 -1.02613
-0.0169937 0.0170417 0.0087014
80
1
-1.17168 10.5084 -1.04369
-0.0150625 0.0175215 0.00787967
81
1
-1.13774 10.4722 -1.05895
-0.0179609 0.0189084 0.00878317
82
1
-1.10346 10.4346 -1.07175
-0.0195623 0.0187603 0.00637151
83
1
-1.07083 10.3953 -1.08069
-0.0173344 0.0193975 0.00396201
84
1
-1.03963 10.3544 -1.08601
-0.0157153 0.0212208 0.00337561
85
1
-1.00954 10.3125 -1.08625
-0.0144352 0.0218285 0.000499988
86
1
-0.980599 10.271 -1.0799
-0.0132204 0.0217743 -0.00402341
87
1
-0.953331 10.2302 -1.0663
-0.0127796 0.0206787 -0.00864149
88
1
-0.927882 10.1901 -1.04666
-0.0122905 0.0177308 -0.0131106
89
1
-0.904126 10.1514 -1.02281
-0.0107267 0.0160476 -0.0142253
90
1
-0.880595 10.1136 -0.99397
-0.0103609 0.0163707 -0.0168775
91
1
-0.856468 10.0757 -0.958828
-0.0124123 0.017309 -0.0218334
92
1
-0.831842 10.0378 -0.917426
-0.0129023 0.0171682 -0.0233837
93
1
-0.808235 9.99736 -0.87191
-0.0109387 0.0198945 -0.0238802
94
1
-0.787996 9.95252 -0.825358
-0.00960316 0.021318 -0.0251956
95
1
-0.771111 9.9023 -0.782258
-0.00748587 0.0215118 -0.02306
96
1
-0.757718 9.84252 -0.743968
-0.0036824 0.0335658 -0.0197747
97
1
-0.749478 9.77191 -0.711916
0.00124571 0.0431768 -0.013043
98
1
-0.744187 9.69332 -0.685632
0.00443746 0.0375979 -0.0102489
99
1
-0.73242 9.60977 -0.664
-0.00547083 0.0428753 -0.00688604
100
1
-0.699508 9.52191 -0.646195
-0.0201917 0.0506409 -0.00369325
101
1
-0.644397 9.44234 -0.632439
-0.0328279 0.0347543 -0.00732201
102
1
-0.56099 9.37952 -0.618594
-0.0488434 0.0204854 -0.00980739
103
1
-0.432708 9.34277 -0.606661
-0.0699917 0.00304028 -0.000494846
104
1
-0.218968 9.33692 -0.637681
-0.0681634 -0.0116444 0.0264673
105
1
-0.715717 6.76596 -0.0565703
-0.0273453 0.0401312 0.00924289
106
1
-1.22292 12.9056 -0.0565352
0.0648547 -0.0113366 -0.00775264
107
1
1.22292 12.9056 -0.056537
0.0648548 0.0113366 0.0077524
108
1
0.715729 6.766 -0.0562762
-0.0273378 -0.0401248 -0.00927524
109
1
0.218968 9.33692 -0.637681
-0.0681633 0.0116444 -0.0264673
110
1
0.432708 9.34277 -0.606661
-0.0699917 -0.00304029 0.000494836
111
1
0.56099 9.37952 -0.618594
-0.0488434 -0.0204854 0.00980739
112
1
0.644397 9.44234 -0.632439
-0.0328279 -0.0347543 0.00732201
113
1
0.699508 9.52191 -0.646195
-0.0201917 -0.0506409 0.00369324
114
1
0.73242 9.60977 -0.664
-0.00547083 -0.0428753 0.00688602
115
1
0.744187 9.69332 -0.685632
0.00443746 -0.0375979 0.0102489
116
1
0.749478 9.77191 -0.711916
0.00124571 -0.0431768 0.013043
117
1
0.757719 9.84252 -0.743967
-0.00368239 -0.0335658 0.0197747
118
1
0.771111 9.9023 -0.782258
-0.00748586 -0.0215118 0.02306
119
1
0.787996 9.95252 -0.825358
-0.00960315 -0.021318 0.0251956
120
1
0.808235 9.99736 -0.871909
-0.0109387 -0.0198945 0.0238802
121
1
0.831842 10.0378 -0.917426
-0.0129023 -0.0171682 0.0233837
122
1
0.856468 10.0757 -0.958828
-0.0124123 -0.017309 0.0218334
123
1
0.880595 10.1136 -0.993969
-0.0103609 -0.0163707 0.0168775
124
1
0.904126 10.1514 -1.02281
-0.0107267 -0.0160476 0.0142253
125
1
0.927882 10.1901 -1.04666
-0.0122905 -0.0177308 0.0131106
126
1
0.953331 10.2302 -1.0663
-0.0127796 -0.0206787 0.00864149
127
1
0.980598 10.271 -1.0799
-0.0132204 -0.0217743 0.00402341
128
1
1.00954 10.3125 -1.08625
-0.0144352 -0.0218285 -0.000499987
129
1
1.03963 10.3544 -1.08601
-0.0157153 -0.0212208 -0.00337561
130
1
1.07083 10.3953 -1.08069
-0.0173344 -0.0193975 -0.00396201
131
1
1.10346 10.4346 -1.07175
-0.0195623 -0.0187603 -0.00637151
132
1
1.13774 10.4722 -1.05895
-0.0179609 -0.0189084 -0.00878317
133
1
1.17168 10.5084 -1.04369
-0.0150625 -0.0175215 -0.00787967
134
1
1.20512 10.5434 -1.02612
-0.0169937 -0.0170417 -0.0087014
135
1
1.23877 10.5786 -1.00679
-0.0181041 -0.0172912 -0.0109227
136
1
1.27196 10.6141 -0.986275
-0.0144398 -0.0161379 -0.0100902
137
1
1.30364 10.6483 -0.963995
-0.0143318 -0.0168131 -0.0102793
138
1
1.33325 10.6808 -0.938201
-0.0163791 -0.0174882 -0.0135642
139
1
1.36096 10.7123 -0.909081
-0.0137035 -0.014553 -0.015578
140
1
1.38619 10.7421 -0.876563
-0.0107332 -0.0127559 -0.0155991
141
1
1.4102 10.7702 -0.839974
-0.0113672 -0.0142052 -0.0188182
142
1
1.43436 10.7963 -0.797943
-0.0126643 -0.0151116 -0.0253594
143
1
1.45897 10.82 -0.750875
-0.011995 -0.0112137 -0.0255178
144
1
1.48506 10.8389 -0.700836
-0.0132545 -0.00701349 -0.0244513
145
1
1.51243 10.8534 -0.647036
-0.0166103 -0.00509463 -0.0303813
146
1
1.53936 10.8641 -0.591404
-0.0150261 -0.00418008 -0.0311768
147
1
1.56425 10.8721 -0.534157
-0.0119851 -0.0023034 -0.0285402
148
1
1.58733 10.8777 -0.473406
-0.0122547 -0.00111484 -0.0319861
149
1
1.6076 10.8811 -0.409766
-0.0110729 -0.00149355 -0.0356139
150
1
1.62397 10.8828 -0.342821
-0.00740144 -0.000478235 -0.0391374
151
1
1.63621 10.8837 -0.273806
-0.00541575 0.000188383 -0.0400278
152
1
1.6451 10.8843 -0.204319
-0.0030444 -0.000549345 -0.0380786
153
1
1.65104 10.8841 -0.135803
-0.00170155 0.000138331 -0.0358801
154
1
1.65417 10.8836 -0.0669408
-0.00019152 0.00124352 -0.0343527
155
1
1.65486 10.8833 7.87538e-008
-1.22337e-009 1.47435e-009 -0.0338424
156
1
1.65417 10.8836 0.066941
0.000191517 -0.00124352 -0.0343527
157
1
1.65104 10.8841 0.135803
0.00170155 -0.000138328 -0.0358801
158
1
1.6451 10.8843 0.204319
0.00304439 0.000549348 -0.0380786
159
1
1.63621 10.8837 0.273806
0.00541575 -0.000188379 -0.0400278
160
1
1.62397 10.8828 0.342821
0.00740144 0.000478237 -0.0391374
161
1
1.6076 10.8811 0.409766
0.0110729 0.00149355 -0.0356139
162
1
1.58733 10.8777 0.473406
0.0122547 0.00111484 -0.0319861
163
1
1.56425 10.8721 0.534157
0.0119851 0.0023034 -0.0285402
164
1
1.53936 10.8641 0.591404
0.0150261 0.00418009 -0.0311768
165
1
1.51243 10.8534 0.647036
0.0166103 0.00509463 -0.0303813
166
1
1.48506 10.8389 0.700836
0.0132545 0.00701349 -0.0244513
167
1
1.45897 10.82 0.750875
0.011995 0.0112137 -0.0255178
168
1
1.43436 10.7963 0.797944
0.0126643 0.0151116 -0.0253594
169
1
1.4102 10.7702 0.839974
0.0113672 0.0142052 -0.0188182
170
1
1.38619 10.7421 0.876563
0.0107332 0.0127559 -0.0155991
171
1
1.36096 10.7123 0.909081
0.0137035 0.014553 -0.015578
172
1
1.33325 10.6808 0.938201
0.0163791 0.0174882 -0.0135642
173
1
1.30364 10.6483 0.963995
0.0143318 0.0168131 -0.0102793
174
1
1.27196 10.6141 0.986275
0.0144398 0.0161379 -0.0100902
175
1
1.23877 10.5786 1.00679
0.0181041 0.0172912 -0.0109227
176
1
1.20512 10.5434 1.02613
0.0169937 0.0170417 -0.0087014
177
1
1.17168 10.5084 1.04369
0.0150625 0.0175215 -0.00787967
178
1
1.13774 10.4722 1.05895
0.0179609 0.0189084 -0.00878317
179
1
1.10346 10.4346 1.07175
0.0195623 0.0187603 -0.00637151
180
1
1.07083 10.3953 1.08069
0.0173344 0.0193975 -0.00396201
181
1
1.03963 10.3544 1.08601
0.0157153 0.0212208 -0.00337561
182
1
1.00954 10.3125 1.08625
0.0144352 0.0218285 -0.000499988
183
1
0.980599 10.271 1.0799
0.0132204 0.0217743 0.00402341
184
1
0.953331 10.2302 1.0663
0.0127796 0.0206787 0.00864149
185
1
0.927882 10.1901 1.04666
0.0122905 0.0177308 0.0131106
186
1
0.904126 10.1514 1.02281
0.0107267 0.0160476 0.0142253
187
1
0.880595 10.1136 0.99397
0.0103609 0.0163707 0.0168775
188
1
0.856468 10.0757 0.958828
0.0124123 0.017309 0.0218334
189
1
0.831842 10.0378 0.917426
0.0129023 0.0171682 0.0233837
190
1
0.808235 9.99736 0.87191
0.0109387 0.0198945 0.0238802
191
1
0.787996 9.95252 0.825358
0.00960316 0.021318 0.0251956
192
1
0.771111 9.9023 0.782258
0.00748587 0.0215118 0.02306
193
1
0.757718 9.84252 0.743968
0.0036824 0.0335658 0.0197747
