194
0
1
0.939314 3.24297 1.01892
0.0367276 -0.0227669 -0.0214797
1
1
0.865672 3.28701 1.06064
0.0399058 -0.0218168 -0.0207096
2
1
0.784613 3.32914 1.10097
0.0423031 -0.0209745 -0.0198366
3
1
0.696798 3.36871 1.13843
0.0457366 -0.0197776 -0.0179014
4
1
0.602429 3.40444 1.17189
0.048315 -0.0171058 -0.0156157
5
1
0.502216 3.43525 1.20096
0.0510351 -0.0141771 -0.0128334
6
1
0.39654 3.45981 1.22477
0.0539253 -0.0105834 -0.0101945
7
1
0.286314 3.47817 1.24249
0.0560291 -0.00782223 -0.00702108
8
1
0.172858 3.4909 1.25367
0.0572195 -0.00530558 -0.00402543
9
1
0.0577734 3.49737 1.25913
0.0577682 -0.00196243 -0.00155014
10
1
-0.0577734 3.49737 1.25913
0.0577682 0.00196243 0.00155014
11
1
-0.172858 3.4909 1.25367
0.0572195 0.00530558 0.00402543
12
1
-0.286314 3.47817 1.24249
0.0560291 0.00782223 0.00702108
13
1
-0.39654 3.45981 1.22477
0.0539253 0.0105834 0.0101945
14
1
-0.502216 3.43525 1.20096
0.0510351 0.0141771 0.0128334
15
1
-0.602429 3.40444 1.17189
0.048315 0.0171058 0.0156157
16
1
-0.696798 3.36871 1.13843
0.0457366 0.0197776 0.0179014
17
1
-0.784613 3.32914 1.10097
0.0423031 0.0209745 0.0198366
18
1
-0.865672 3.28701 1.06064
0.0399058 0.0218168 0.0207096
19
1
-0.939314 3.24297 1.01892
0.0367276 0.0227669 0.0214797
20
1
-1.00494 3.19764 0.977366
0.0318276 0.0229819 0.0210401
21
1
-1.06281 3.15078 0.936414
0.0276164 0.0238515 0.0203752
22
1
-1.1131 3.10243 0.896482
0.0233485 0.0247459 0.0197013
23
1
-1.1565 3.05244 0.857334
0.0198366 0.0251259 0.0196292
24
1
-1.19383 3.00151 0.819341
0.0169666 0.0255987 0.0189125
25
1
-1.22601 2.95004 0.782394
0.0145928 0.0259144 0.0184593
26
1
-1.25355 2.89807 0.746628
0.0123634 0.0256862 0.0180783
27
1
-1.27752 2.84599 0.712855
0.0106692 0.0255768 0.0170044
28
1
-1.29835 2.79394 0.681254
0.00916086 0.0259397 0.0155712
29
1
-1.31599 2.74157 0.652566
0.00753294 0.0261419 0.0139359
30
1
-1.33109 2.6889 0.627687
0.00626886 0.026084 0.01179
31
1
-1.34442 2.63611 0.606937
0.00545462 0.0261553 0.00917562
32
1
-1.35641 2.58329 0.590195
0.0049235 0.0263557 0.00659846
33
1
-1.36751 2.53034 0.577469
0.0048795 0.0263809 0.00447829
34
1
-1.3787 2.47742 0.568602
0.00537359 0.0261537 0.0028517
35
1
-1.39091 2.4251 0.562819
0.00586096 0.025503 0.00149046
36
1
-1.4045 2.37401 0.559225
0.00614259 0.024514 0.000122598
37
1
-1.41971 2.32437 0.557136
0.00704545 0.0236359 -0.00105774
38
1
-1.43753 2.27623 0.555788
0.00914926 0.0230186 -0.00138655
39
1
-1.45903 2.22989 0.553916
0.0118559 0.0223801 -0.000568476
40
1
-1.48436 2.18581 0.550157
0.0141743 0.0213853 0.000850946
41
1
-1.51287 2.14419 0.544148
0.0157897 0.0200203 0.00219429
42
1
-1.54394 2.10497 0.535844
0.0169518 0.0185334 0.00338562
43
1
-1.57744 2.06776 0.525758
0.0180653 0.0173135 0.00483386
44
1
-1.6135 2.03222 0.513239
0.0191754 0.0165942 0.00692646
45
1
-1.65149 1.99777 0.497189
0.0199104 0.016443 0.00952349
46
1
-1.69002 1.96383 0.47665
0.0197985 0.0167726 0.012021
47
1
-1.72703 1.92963 0.45168
0.018827 0.0174238 0.0140287
48
1
-1.76135 1.89511 0.422994
0.0172665 0.0180622 0.0156288
49
1
-1.79246 1.86078 0.391198
0.015377 0.0183073 0.0171158
50
1
-1.82043 1.82776 0.356594
0.0132796 0.0178201 0.0186207
51
1
-1.84553 1.79697 0.319241
0.0114018 0.0164853 0.0202529
52
1
-1.8679 1.76935 0.278748
0.00995446 0.0144394 0.0217441
53
1
-1.88759 1.74607 0.235305
0.00874907 0.0122397 0.0228864
54
1
-1.90414 1.72749 0.189719
0.00747561 0.0100609 0.0236662
55
1
-1.91697 1.71365 0.142796
0.00587355 0.00762086 0.0241616
56
1
-1.92572 1.70429 0.0952666
0.0039401 0.00486673 0.0242703
57
1
-1.93067 1.69912 0.0475965
0.00192008 0.00222647 0.0240232
58
1
-1.93232 1.69741 -2.82873e-015
-1.06827e-016 2.02809e-016 0.0238551
59
1
-1.93067 1.69912 -0.0475965
-0.00192008 -0.00222647 0.0240232
60
1
-1.92572 1.70429 -0.0952666
-0.0039401 -0.00486673 0.0242703
61
1
-1.91697 1.71365 -0.142796
-0.00587355 -0.00762086 0.0241616
62
1
-1.90414 1.72749 -0.189719
-0.00747561 -0.0100609 0.0236662
63
1
-1.88759 1.74607 -0.235305
-0.00874907 -0.0122397 0.0228864
64
1
-1.8679 1.76935 -0.278748
-0.00995446 -0.0144394 0.0217441
65
1
-1.84553 1.79697 -0.319241
-0.0114018 -0.0164853 0.0202529
66
1
-1.82043 1.82776 -0.356594
-0.0132796 -0.0178201 0.0186207
67
1
-1.79246 1.86078 -0.391198
-0.015377 -0.0183073 0.0171158
68
1
-1.76135 1.89511 -0.422994
-0.0172665 -0.0180622 0.0156288
69
1
-1.72703 1.92963 -0.45168
-0.018827 -0.0174238 0.0140287
70
1
-1.69002 1.96383 -0.47665
-0.0197985 -0.0167726 0.012021
71
1
-1.65149 1.99777 -0.497189
-0.0199104 -0.016443 0.00952349
72
1
-1.6135 2.03222 -0.513239
-0.0191754 -0.0165942 0.00692646
73
1
-1.57744 2.06776 -0.525758
-0.0180653 -0.0173135 0.00483386
74
1
-1.54394 2.10497 -0.535844
-0.0169518 -0.0185334 0.00338562
75
1
-1.51287 2.14419 -0.544148
-0.0157897 -0.0200203 0.00219429
76
1
-1.48436 2.18581 -0.550157
-0.0141743 -0.0213853 0.000850946
77
1
-1.45903 2.22989 -0.553916
-0.0118559 -0.0223801 -0.000568476
78
1
-1.43753 2.27623 -0.555788
-0.00914926 -0.0230186 -0.00138655
79
1
-1.41971 2.32437 -0.557136
-0.00704545 -0.0236359 -0.00105774
80
1
-1.4045 2.37401 -0.559225
-0.00614259 -0.024514 0.000122598
81
1
-1.39091 2.4251 -0.562819
-0.00586096 -0.025503 0.00149046
82
1
-1.3787 2.47742 -0.568602
-0.00537359 -0.0261537 0.0028517
83
1
-1.36751 2.53034 -0.577469
-0.0048795 -0.0263809 0.00447829
84
1
-1.35641 2.58329 -0.590195
-0.0049235 -0.0263557 0.00659846
85
1
-1.34442 2.63611 -0.606937
-0.00545462 -0.0261553 0.00917562
86
1
-1.33109 2.6889 -0.627687
-0.00626886 -0.026084 0.01179
87
1
-1.31599 2.74157 -0.652566
-0.00753294 -0.0261419 0.0139359
88
1
-1.29835 2.79394 -0.681254
-0.00916086 -0.0259397 0.0155712
89
1
-1.27752 2.84599 -0.712855
-0.0106692 -0.0255768 0.0170044
90
1
-1.25355 2.89807 -0.746628
-0.0123634 -0.0256862 0.0180783
91
1
-1.22601 2.95004 -0.782394
-0.0145928 -0.0259144 0.0184593
92
1
-1.19383 3.00151 -0.819341
-0.0169666 -0.0255987 0.0189125
93
1
-1.1565 3.05244 -0.857334
-0.0198366 -0.0251259 0.0196292
94
1
-1.1131 3.10243 -0.896482
-0.0233485 -0.0247459 0.0197013
95
1
-1.06281 3.15078 -0.936414
-0.0276164 -0.0238515 0.0203752
96
1
-1.00494 3.19764 -0.977366
-0.0318276 -0.0229819 0.0210401
97
1
-0.939314 3.24297 -1.01892
-0.0367276 -0.0227669 0.0214797
98
1
-0.865672 3.28701 -1.06064
-0.0399058 -0.0218168 0.0207096
99
1
-0.784613 3.32914 -1.10097
-0.0423031 -0.0209745 0.0198366
100
1
-0.696798 3.36871 -1.13843
-0.0457366 -0.0197776 0.0179014
101
1
-0.602429 3.40444 -1.17189
-0.048315 -0.0171058 0.0156157
102
1
-0.502216 3.43525 -1.20096
-0.0510351 -0.0141771 0.0128334
103
1
-0.39654 3.45981 -1.22477
-0.0539253 -0.0105834 0.0101945
104
1
-0.286314 3.47817 -1.24249
-0.0560291 -0.00782223 0.00702108
105
1
-0.172858 3.4909 -1.25367
-0.0572195 -0.00530558 0.00402543
106
1
-0.0577734 3.49737 -1.25913
-0.0577682 -0.00196243 0.00155014
107
1
0.0577734 3.49737 -1.25913
-0.0577682 0.00196243 -0.00155014
108
1
0.172858 3.4909 -1.25367
-0.0572195 0.00530558 -0.00402543
109
1
0.286314 3.47817 -1.24249
-0.0560291 0.00782223 -0.00702108
110
1
0.39654 3.45981 -1.22477
-0.0539253 0.0105834 -0.0101945
111
1
0.502216 3.43525 -1.20096
-0.0510351 0.0141771 -0.0128334
112
1
0.602429 3.40444 -1.17189
-0.048315 0.0171058 -0.0156157
113
1
0.696798 3.36871 -1.13843
-0.0457366 0.0197776 -0.0179014
114
1
0.784613 3.32914 -1.10097
-0.0423031 0.0209745 -0.0198366
115
1
0.865672 3.28701 -1.06064
-0.0399058 0.0218168 -0.0207096
116
1
0.939314 3.24297 -1.01892
-0.0367276 0.0227669 -0.0214797
117
1
1.00494 3.19764 -0.977366
-0.0318276 0.0229819 -0.0210401
118
1
1.06281 3.15078 -0.936414
-0.0276164 0.0238515 -0.0203752
119
1
1.1131 3.10243 -0.896482
-0.0233485 0.0247459 -0.0197013
120
1
1.1565 3.05244 -0.857334
-0.0198366 0.0251259 -0.0196292
121
1
1.19383 3.00151 -0.819341
-0.0169666 0.0255987 -0.0189125
122
1
1.22601 2.95004 -0.782394
-0.0145928 0.0259144 -0.0184593
123
1
1.25355 2.89807 -0.746628
-0.0123634 0.0256862 -0.0180783
124
1
1.27752 2.84599 -0.712855
-0.0106692 0.0255768 -0.0170044
125
1
1.29835 2.79394 -0.681254
-0.00916086 0.0259397 -0.0155712
126
1
1.31599 2.74157 -0.652566
-0.00753294 0.0261419 -0.0139359
127
1
1.33109 2.6889 -0.627687
-0.00626886 0.026084 -0.01179
128
1
1.34442 2.63611 -0.606937
-0.00545462 0.0261553 -0.00917562
129
1
1.35641 2.58329 -0.590195
-0.0049235 0.0263557 -0.00659846
130
1
1.36751 2.53034 -0.577469
-0.0048795 0.0263809 -0.00447829
131
1
1.3787 2.47742 -0.568602
-0.00537359 0.0261537 -0.0028517
132
1
1.39091 2.4251 -0.562819
-0.00586096 0.025503 -0.00149046
133
1
1.4045 2.37401 -0.559225
-0.00614259 0.024514 -0.000122598
134
1
1.41971 2.32437 -0.557136
-0.00704545 0.0236359 0.00105774
135
1
1.43753 2.27623 -0.555788
-0.00914926 0.0230186 0.00138655
136
1
1.45903 2.22989 -0.553916
-0.0118559 0.0223801 0.000568476
137
1
1.48436 2.18581 -0.550157
-0.0141743 0.0213853 -0.000850946
138
1
1.51287 2.14419 -0.544148
-0.0157897 0.0200203 -0.00219429
139
1
1.54394 2.10497 -0.535844
-0.0169518 0.0185334 -0.00338562
140
1
1.57744 2.06776 -0.525758
-0.0180653 0.0173135 -0.00483386
141
1
1.6135 2.03222 -0.513239
-0.0191754 0.0165942 -0.00692646
142
1
1.65149 1.99777 -0.497189
-0.0199104 0.016443 -0.00952349
143
1
1.69002 1.96383 -0.47665
-0.0197985 0.0167726 -0.012021
144
1
1.72703 1.92963 -0.45168
-0.018827 0.0174238 -0.0140287
145
1
1.76135 1.89511 -0.422994
-0.0172665 0.0180622 -0.0156288
146
1
1.79246 1.86078 -0.391198
-0.015377 0.0183073 -0.0171158
147
1
1.82043 1.82776 -0.356594
-0.0132796 0.0178201 -0.0186207
148
1
1.84553 1.79697 -0.319241
-0.0114018 0.0164853 -0.0202529
149
1
1.8679 1.76935 -0.278748
-0.00995446 0.0144394 -0.0217441
150
1
1.88759 1.74607 -0.235305
-0.00874907 0.0122397 -0.0228864
151
1
1.90414 1.72749 -0.189719
-0.00747561 0.0100609 -0.0236662
152
1
1.91697 1.71365 -0.142796
-0.00587355 0.00762086 -0.0241616
153
1
1.92572 1.70429 -0.0952666
-0.0039401 0.00486673 -0.0242703
154
1
1.93067 1.69912 -0.0475965
-0.00192008 0.00222647 -0.0240232
155
1
1.93232 1.69741 -2.45935e-015
6.41735e-018 -2.98374e-017 -0.0238551
156
1
1.93067 1.69912 0.0475965
0.00192008 -0.00222647 -0.0240232
157
1
1.92572 1.70429 0.0952666
0.0039401 -0.00486673 -0.0242703
158
1
1.91697 1.71365 0.142796
0.00587355 -0.00762086 -0.0241616
159
1
1.90414 1.72749 0.189719
0.00747561 -0.0100609 -0.0236662
160
1
1.88759 1.74607 0.235305
0.00874907 -0.0122397 -0.0228864
161
1
1.8679 1.76935 0.278748
0.00995446 -0.0144394 -0.0217441
162
1
1.84553 1.79697 0.319241
0.0114018 -0.0164853 -0.0202529
163
1
1.82043 1.82776 0.356594
0.0132796 -0.0178201 -0.0186207
164
1
1.79246 1.86078 0.391198
0.015377 -0.0183073 -0.0171158
165
1
1.76135 1.89511 0.422994
0.0172665 -0.0180622 -0.0156288
166
1
1.72703 1.92963 0.45168
0.018827 -0.0174238 -0.0140287
167
1
1.69002 1.96383 0.47665
0.0197985 -0.0167726 -0.012021
168
1
1.65149 1.99777 0.497189
0.0199104 -0.016443 -0.00952349
169
1
1.6135 2.03222 0.513239
0.0191754 -0.0165942 -0.00692646
170
1
1.57744 2.06776 0.525758
0.0180653 -0.0173135 -0.00483386
171
1
1.54394 2.10497 0.535844
0.0169518 -0.0185334 -0.00338562
172
1
1.51287 2.14419 0.544148
0.0157897 -0.0200203 -0.00219429
173
1
1.48436 2.18581 0.550157
0.0141743 -0.0213853 -0.000850946
174
1
1.45903 2.22989 0.553916
0.0118559 -0.0223801 0.000568476
175
1
1.43753 2.27623 0.555788
0.00914926 -0.0230186 0.00138655
176
1
1.41971 2.32437 0.557136
0.00704545 -0.0236359 0.00105774
177
1
1.4045 2.37401 0.559225
0.00614259 -0.024514 -0.000122598
178
1
1.39091 2.4251 0.562819
0.00586096 -0.025503 -0.00149046
179
1
1.3787 2.47742 0.568602
0.00537359 -0.0261537 -0.0028517
180
1
1.36751 2.53034 0.577469
0.0048795 -0.0263809 -0.00447829
181
1
1.35641 2.58329 0.590195
0.0049235 -0.0263557 -0.00659846
182
1
1.34442 2.63611 0.606937
0.00545462 -0.0261553 -0.00917562
183
1
1.33109 2.6889 0.627687
0.00626886 -0.026084 -0.01179
184
1
1.31599 2.74157 0.652566
0.00753294 -0.0261419 -0.0139359
185
1
1.29835 2.79394 0.681254
0.00916086 -0.0259397 -0.0155712
186
1
1.27752 2.84599 0.712855
0.0106692 -0.0255768 -0.0170044
187
1
1.25355 2.89807 0.746628
0.0123634 -0.0256862 -0.0180783
188
1
1.22601 2.95004 0.782394
0.0145928 -0.0259144 -0.0184593
189
1
1.19383 3.00151 0.819341
0.0169666 -0.0255987 -0.0189125
190
1
1.1565 3.05244 0.857334
0.0198366 -0.0251259 -0.0196292
191
1
1.1131 3.10243 0.896482
0.0233485 -0.0247459 -0.0197013
192
1
1.06281 3.15078 0.936414
0.0276164 -0.0238515 -0.0203752
193
1
1.00494 3.19764 0.977366
0.0318276 -0.0229819 -0.0210401
