194
0
1
0.494274 0.167553 3.03091
0.00206829 -0.00747504 -0.0393097
1
1
0.476972 0.178691 3.10604
0.00772806 -0.0059638 -0.0381793
2
1
0.45152 0.187628 3.17889
0.0133872 -0.00411173 -0.0363637
3
1
0.416866 0.194635 3.24795
0.0189888 -0.00278041 -0.0337314
4
1
0.372695 0.199748 3.31156
0.0242418 -0.00182993 -0.0302526
5
1
0.318975 0.203138 3.36743
0.0288651 -0.0012158 -0.0259302
6
1
0.257016 0.205627 3.41389
0.0327045 -0.000824615 -0.0208907
7
1
0.18845 0.20727 3.44981
0.0356577 -0.00053179 -0.0153044
8
1
0.115042 0.208271 3.47428
0.037659 -0.000298741 -0.00933489
9
1
0.0386789 0.208745 3.48667
0.0386695 -9.64935e-005 -0.00313696
10
1
-0.0386789 0.208745 3.48667
0.0386695 9.64935e-005 0.00313696
11
1
-0.115042 0.208271 3.47428
0.037659 0.000298741 0.00933489
12
1
-0.18845 0.20727 3.44981
0.0356577 0.00053179 0.0153044
13
1
-0.257016 0.205627 3.41389
0.0327045 0.000824615 0.0208907
14
1
-0.318975 0.203138 3.36743
0.0288651 0.0012158 0.0259302
15
1
-0.372695 0.199748 3.31156
0.0242418 0.00182993 0.0302526
16
1
-0.416866 0.194635 3.24795
0.0189888 0.00278041 0.0337314
17
1
-0.45152 0.187628 3.17889
0.0133872 0.00411173 0.0363637
18
1
-0.476972 0.178691 3.10604
0.00772806 0.0059638 0.0381793
19
1
-0.494274 0.167553 3.03091
0.00206829 0.00747504 0.0393097
20
1
-0.504707 0.155523 2.95447
-0.0009017 0.00732032 0.0392488
21
1
-0.50955 0.145318 2.87715
-0.00108407 0.00601495 0.0390416
22
1
-0.510742 0.137392 2.79948
-0.00119904 0.00452121 0.0388449
23
1
-0.510145 0.130868 2.72192
-0.00115794 0.00340019 0.0387539
24
1
-0.50896 0.125504 2.64445
-0.00101523 0.00259699 0.0387298
25
1
-0.507666 0.121145 2.56698
-0.000848721 0.00200895 0.0387355
26
1
-0.506485 0.117599 2.4895
-0.00069587 0.00157905 0.0387521
27
1
-0.505473 0.114728 2.41198
-0.000567147 0.0012626 0.0387709
28
1
-0.504622 0.112394 2.33442
-0.00046222 0.00102552 0.0387892
29
1
-0.503906 0.110476 2.25682
-0.000377606 0.000844443 0.0388062
30
1
-0.503309 0.108882 2.1792
-0.00030971 0.000703735 0.0388216
31
1
-0.502813 0.107547 2.10154
-0.000255198 0.000592681 0.0388357
32
1
-0.502399 0.106418 2.02385
-0.000211237 0.00050373 0.0388484
33
1
-0.502054 0.105457 1.94615
-0.000175615 0.00043153 0.0388599
34
1
-0.501765 0.104632 1.86842
-0.000146596 0.000372229 0.0388702
35
1
-0.501522 0.103921 1.79067
-0.000122834 0.000322987 0.0388795
36
1
-0.501317 0.103304 1.7129
-0.000103294 0.000281705 0.0388878
37
1
-0.501144 0.102765 1.63512
-8.71876e-005 0.000246787 0.0388952
38
1
-0.500997 0.102294 1.55732
-7.38289e-005 0.000217015 0.0389018
39
1
-0.500873 0.10188 1.47951
-6.27161e-005 0.000191437 0.0389077
40
1
-0.500768 0.101515 1.40169
-5.34189e-005 0.000169305 0.0389129
41
1
-0.500677 0.101193 1.32386
-4.56089e-005 0.000150007 0.0389175
42
1
-0.500601 0.100908 1.24602
-3.90147e-005 0.000133072 0.0389215
43
1
-0.500535 0.100655 1.16817
-3.34407e-005 0.000118105 0.0389251
44
1
-0.500478 0.100431 1.09032
-2.86997e-005 0.000104807 0.0389283
45
1
-0.50043 0.100233 1.01246
-2.46515e-005 9.29118e-005 0.038931
46
1
-0.500388 0.100057 0.934596
-2.11784e-005 8.22117e-005 0.0389335
47
1
-0.500353 0.0999021 0.856726
-1.81121e-005 7.25191e-005 0.0389356
48
1
-0.500322 0.0997659 0.778853
-1.54586e-005 6.36798e-005 0.0389374
49
1
-0.500296 0.0996468 0.700977
-1.31434e-005 5.55616e-005 0.038939
50
1
-0.500275 0.0995432 0.623097
-1.11134e-005 4.80362e-005 0.0389404
51
1
-0.500256 0.0994543 0.545215
-9.31825e-006 4.10176e-005 0.0389416
52
1
-0.500241 0.099379 0.467331
-7.68166e-006 3.44318e-005 0.0389425
53
1
-0.500229 0.0993165 0.389445
-6.21099e-006 2.81909e-005 0.0389434
54
1
-0.500219 0.0992662 0.311558
-4.84835e-006 2.22306e-005 0.038944
55
1
-0.500211 0.0992276 0.233669
-3.56257e-006 1.64904e-005 0.0389445
56
1
-0.500206 0.0992003 0.15578
-2.34016e-006 1.09069e-005 0.0389448
57
1
-0.500203 0.0991841 0.0778902
-1.15748e-006 5.42944e-006 0.038945
58
1
-0.500202 0.0991786 -1.96034e-019
-2.80374e-019 9.53463e-020 0.0389451
59
1
-0.500203 0.0991841 -0.0778902
1.15748e-006 -5.42944e-006 0.038945
60
1
-0.500206 0.0992003 -0.15578
2.34016e-006 -1.09069e-005 0.0389448
61
1
-0.500211 0.0992276 -0.233669
3.56257e-006 -1.64904e-005 0.0389445
62
1
-0.500219 0.0992662 -0.311558
4.84835e-006 -2.22306e-005 0.038944
63
1
-0.500229 0.0993165 -0.389445
6.21099e-006 -2.81909e-005 0.0389434
64
1
-0.500241 0.099379 -0.467331
7.68166e-006 -3.44318e-005 0.0389425
65
1
-0.500256 0.0994543 -0.545215
9.31825e-006 -4.10176e-005 0.0389416
66
1
-0.500275 0.0995432 -0.623097
1.11134e-005 -4.80362e-005 0.0389404
67
1
-0.500296 0.0996468 -0.700977
1.31434e-005 -5.55616e-005 0.038939
68
1
-0.500322 0.0997659 -0.778853
1.54586e-005 -6.36798e-005 0.0389374
69
1
-0.500353 0.0999021 -0.856726
1.81121e-005 -7.25191e-005 0.0389356
70
1
-0.500388 0.100057 -0.934596
2.11784e-005 -8.22117e-005 0.0389335
71
1
-0.50043 0.100233 -1.01246
2.46515e-005 -9.29118e-005 0.038931
72
1
-0.500478 0.100431 -1.09032
2.86997e-005 -0.000104807 0.0389283
73
1
-0.500535 0.100655 -1.16817
3.34407e-005 -0.000118105 0.0389251
74
1
-0.500601 0.100908 -1.24602
3.90147e-005 -0.000133072 0.0389215
75
1
-0.500677 0.101193 -1.32386
4.56089e-005 -0.000150007 0.0389175
76
1
-0.500768 0.101515 -1.40169
5.34189e-005 -0.000169305 0.0389129
77
1
-0.500873 0.10188 -1.47951
6.27161e-005 -0.000191437 0.0389077
78
1
-0.500997 0.102294 -1.55732
7.38289e-005 -0.000217015 0.0389018
79
1
-0.501144 0.102765 -1.63512
8.71876e-005 -0.000246787 0.0388952
80
1
-0.501317 0.103304 -1.7129
0.000103294 -0.000281705 0.0388878
81
1
-0.501522 0.103921 -1.79067
0.000122834 -0.000322987 0.0388795
82
1
-0.501765 0.104632 -1.86842
0.000146596 -0.000372229 0.0388702
83
1
-0.502054 0.105457 -1.94615
0.000175615 -0.00043153 0.0388599
84
1
-0.502399 0.106418 -2.02385
0.000211237 -0.00050373 0.0388484
85
1
-0.502813 0.107547 -2.10154
0.000255198 -0.000592681 0.0388357
86
1
-0.503309 0.108882 -2.1792
0.00030971 -0.000703735 0.0388216
87
1
-0.503906 0.110476 -2.25682
0.000377606 -0.000844443 0.0388062
88
1
-0.504622 0.112394 -2.33442
0.00046222 -0.00102552 0.0387892
89
1
-0.505473 0.114728 -2.41198
0.000567147 -0.0012626 0.0387709
90
1
-0.506485 0.117599 -2.4895
0.00069587 -0.00157905 0.0387521
91
1
-0.507666 0.121145 -2.56698
0.000848721 -0.00200895 0.0387355
92
1
-0.50896 0.125504 -2.64445
0.00101523 -0.00259699 0.0387298
93
1
-0.510145 0.130868 -2.72192
0.00115794 -0.00340019 0.0387539
94
1
-0.510742 0.137392 -2.79948
0.00119904 -0.00452121 0.0388449
95
1
-0.50955 0.145318 -2.87715
0.00108407 -0.00601495 0.0390416
96
1
-0.504707 0.155523 -2.95447
0.0009017 -0.00732032 0.0392488
97
1
-0.494274 0.167553 -3.03091
-0.00206829 -0.00747504 0.0393097
98
1
-0.476972 0.178691 -3.10604
-0.00772806 -0.0059638 0.0381793
99
1
-0.45152 0.187628 -3.17889
-0.0133872 -0.00411173 0.0363637
100
1
-0.416866 0.194635 -3.24795
-0.0189888 -0.00278041 0.0337314
101
1
-0.372695 0.199748 -3.31156
-0.0242418 -0.00182993 0.0302526
102
1
-0.318975 0.203138 -3.36743
-0.0288651 -0.0012158 0.0259302
103
1
-0.257016 0.205627 -3.41389
-0.0327045 -0.000824615 0.0208907
104
1
-0.18845 0.20727 -3.44981
-0.0356577 -0.00053179 0.0153044
105
1
-0.115042 0.208271 -3.47428
-0.037659 -0.000298741 0.00933489
106
1
-0.0386789 0.208745 -3.48667
-0.0386695 -9.64935e-005 0.00313696
107
1
0.0386789 0.208745 -3.48667
-0.0386695 9.64935e-005 -0.00313696
108
1
0.115042 0.208271 -3.47428
-0.037659 0.000298741 -0.00933489
109
1
0.18845 0.20727 -3.44981
-0.0356577 0.00053179 -0.0153044
110
1
0.257016 0.205627 -3.41389
-0.0327045 0.000824615 -0.0208907
111
1
0.318975 0.203138 -3.36743
-0.0288651 0.0012158 -0.0259302
112
1
0.372695 0.199748 -3.31156
-0.0242418 0.00182993 -0.0302526
113
1
0.416866 0.194635 -3.24795
-0.0189888 0.00278041 -0.0337314
114
1
0.45152 0.187628 -3.17889
-0.0133872 0.00411173 -0.0363637
115
1
0.476972 0.178691 -3.10604
-0.00772806 0.0059638 -0.0381793
116
1
0.494274 0.167553 -3.03091
-0.00206829 0.00747504 -0.0393097
117
1
0.504707 0.155523 -2.95447
0.0009017 0.00732032 -0.0392488
118
1
0.50955 0.145318 -2.87715
0.00108407 0.00601495 -0.0390416
119
1
0.510742 0.137392 -2.79948
0.00119904 0.00452121 -0.0388449
120
1
0.510145 0.130868 -2.72192
0.00115794 0.00340019 -0.0387539
121
1
0.50896 0.125504 -2.64445
0.00101523 0.00259699 -0.0387298
122
1
0.507666 0.121145 -2.56698
0.000848721 0.00200895 -0.0387355
123
1
0.506485 0.117599 -2.4895
0.00069587 0.00157905 -0.0387521
124
1
0.505473 0.114728 -2.41198
0.000567147 0.0012626 -0.0387709
125
1
0.504622 0.112394 -2.33442
0.00046222 0.00102552 -0.0387892
126
1
0.503906 0.110476 -2.25682
0.000377606 0.000844443 -0.0388062
127
1
0.503309 0.108882 -2.1792
0.00030971 0.000703735 -0.0388216
128
1
0.502813 0.107547 -2.10154
0.000255198 0.000592681 -0.0388357
129
1
0.502399 0.106418 -2.02385
0.000211237 0.00050373 -0.0388484
130
1
0.502054 0.105457 -1.94615
0.000175615 0.00043153 -0.0388599
131
1
0.501765 0.104632 -1.86842
0.000146596 0.000372229 -0.0388702
132
1
0.501522 0.103921 -1.79067
0.000122834 0.000322987 -0.0388795
133
1
0.501317 0.103304 -1.7129
0.000103294 0.000281705 -0.0388878
134
1
0.501144 0.102765 -1.63512
8.71876e-005 0.000246787 -0.0388952
135
1
0.500997 0.102294 -1.55732
7.38289e-005 0.000217015 -0.0389018
136
1
0.500873 0.10188 -1.47951
6.27161e-005 0.000191437 -0.0389077
137
1
0.500768 0.101515 -1.40169
5.34189e-005 0.000169305 -0.0389129
138
1
0.500677 0.101193 -1.32386
4.56089e-005 0.000150007 -0.0389175
139
1
0.500601 0.100908 -1.24602
3.90147e-005 0.000133072 -0.0389215
140
1
0.500535 0.100655 -1.16817
3.34407e-005 0.000118105 -0.0389251
141
1
0.500478 0.100431 -1.09032
2.86997e-005 0.000104807 -0.0389283
142
1
0.50043 0.100233 -1.01246
2.46515e-005 9.29118e-005 -0.038931
143
1
0.500388 0.100057 -0.934596
2.11784e-005 8.22117e-005 -0.0389335
144
1
0.500353 0.0999021 -0.856726
1.81121e-005 7.25191e-005 -0.0389356
145
1
0.500322 0.0997659 -0.778853
1.54586e-005 6.36798e-005 -0.0389374
146
1
0.500296 0.0996468 -0.700977
1.31434e-005 5.55616e-005 -0.038939
147
1
0.500275 0.0995432 -0.623097
1.11134e-005 4.80362e-005 -0.0389404
148
1
0.500256 0.0994543 -0.545215
9.31825e-006 4.10176e-005 -0.0389416
149
1
0.500241 0.099379 -0.467331
7.68166e-006 3.44318e-005 -0.0389425
150
1
0.500229 0.0993165 -0.389445
6.21099e-006 2.81909e-005 -0.0389434
151
1
0.500219 0.0992662 -0.311558
4.84835e-006 2.22306e-005 -0.038944
152
1
0.500211 0.0992276 -0.233669
3.56257e-006 1.64904e-005 -0.0389445
153
1
0.500206 0.0992003 -0.15578
2.34016e-006 1.09069e-005 -0.0389448
154
1
0.500203 0.0991841 -0.0778902
1.15748e-006 5.42944e-006 -0.038945
155
1
0.500202 0.0991786 1.94186e-019
-2.52396e-019 -2.19761e-019 -0.0389451
156
1
0.500203 0.0991841 0.0778902
-1.15748e-006 -5.42944e-006 -0.038945
157
1
0.500206 0.0992003 0.15578
-2.34016e-006 -1.09069e-005 -0.0389448
158
1
0.500211 0.0992276 0.233669
-3.56257e-006 -1.64904e-005 -0.0389445
159
1
0.500219 0.0992662 0.311558
-4.84835e-006 -2.22306e-005 -0.038944
160
1
0.500229 0.0993165 0.389445
-6.21099e-006 -2.81909e-005 -0.0389434
161
1
0.500241 0.099379 0.467331
-7.68166e-006 -3.44318e-005 -0.0389425
162
1
0.500256 0.0994543 0.545215
-9.31825e-006 -4.10176e-005 -0.0389416
163
1
0.500275 0.0995432 0.623097
-1.11134e-005 -4.80362e-005 -0.0389404
164
1
0.500296 0.0996468 0.700977
-1.31434e-005 -5.55616e-005 -0.038939
165
1
0.500322 0.0997659 0.778853
-1.54586e-005 -6.36798e-005 -0.0389374
166
1
0.500353 0.0999021 0.856726
-1.81121e-005 -7.25191e-005 -0.0389356
167
1
0.500388 0.100057 0.934596
-2.11784e-005 -8.22117e-005 -0.0389335
168
1
0.50043 0.100233 1.01246
-2.46515e-005 -9.29118e-005 -0.038931
169
1
0.500478 0.100431 1.09032
-2.86997e-005 -0.000104807 -0.0389283
170
1
0.500535 0.100655 1.16817
-3.34407e-005 -0.000118105 -0.0389251
171
1
0.500601 0.100908 1.24602
-3.90147e-005 -0.000133072 -0.0389215
172
1
0.500677 0.101193 1.32386
-4.56089e-005 -0.000150007 -0.0389175
173
1
0.500768 0.101515 1.40169
-5.34189e-005 -0.000169305 -0.0389129
174
1
0.500873 0.10188 1.47951
-6.27161e-005 -0.000191437 -0.0389077
175
1
0.500997 0.102294 1.55732
-7.38289e-005 -0.000217015 -0.0389018
176
1
0.501144 0.102765 1.63512
-8.71876e-005 -0.000246787 -0.0388952
177
1
0.501317 0.103304 1.7129
-0.000103294 -0.000281705 -0.0388878
178
1
0.501522 0.103921 1.79067
-0.000122834 -0.000322987 -0.0388795
179
1
0.501765 0.104632 1.86842
-0.000146596 -0.000372229 -0.0388702
180
1
0.502054 0.105457 1.94615
-0.000175615 -0.00043153 -0.0388599
181
1
0.502399 0.106418 2.02385
-0.000211237 -0.00050373 -0.0388484
182
1
0.502813 0.107547 2.10154
-0.000255198 -0.000592681 -0.0388357
183
1
0.503309 0.108882 2.1792
-0.00030971 -0.000703735 -0.0388216
184
1
0.503906 0.110476 2.25682
-0.000377606 -0.000844443 -0.0388062
185
1
0.504622 0.112394 2.33442
-0.00046222 -0.00102552 -0.0387892
186
1
0.505473 0.114728 2.41198
-0.000567147 -0.0012626 -0.0387709
187
1
0.506485 0.117599 2.4895
-0.00069587 -0.00157905 -0.0387521
188
1
0.507666 0.121145 2.56698
-0.000848721 -0.00200895 -0.0387355
189
1
0.50896 0.125504 2.64445
-0.00101523 -0.00259699 -0.0387298
190
1
0.510145 0.130868 2.72192
-0.00115794 -0.00340019 -0.0387539
191
1
0.510742 0.137392 2.79948
-0.00119904 -0.00452121 -0.0388449
192
1
0.50955 0.145318 2.87715
-0.00108407 -0.00601495 -0.0390416
193
1
0.504707 0.155523 2.95447
-0.0009017 -0.00732032 -0.0392488
