194
0
1
0.823393 2.1919 1.85998
0.0294564 -0.0243525 -0.0214711
1
1
0.762031 2.23728 1.90024
0.0330769 -0.0226501 -0.0204276
2
1
0.692759 2.2799 1.93886
0.0367377 -0.0202432 -0.0190221
3
1
0.616346 2.31866 1.97566
0.0404449 -0.0182464 -0.0181544
4
1
0.533358 2.35388 2.00954
0.0428122 -0.0166225 -0.0158777
5
1
0.444824 2.38542 2.03937
0.044989 -0.0153074 -0.0135137
6
1
0.351478 2.413 2.06348
0.0472724 -0.0136608 -0.010443
7
1
0.253986 2.43515 2.0808
0.0492734 -0.0103857 -0.00716541
8
1
0.15349 2.45019 2.09233
0.0506265 -0.00631632 -0.00471802
9
1
0.0513407 2.45769 2.0986
0.0513119 -0.00217299 -0.00179208
10
1
-0.0513407 2.45769 2.0986
0.0513119 0.00217299 0.00179208
11
1
-0.15349 2.45019 2.09233
0.0506265 0.00631632 0.00471802
12
1
-0.253986 2.43515 2.0808
0.0492734 0.0103857 0.00716541
13
1
-0.351478 2.413 2.06348
0.0472724 0.0136608 0.010443
14
1
-0.444824 2.38542 2.03937
0.044989 0.0153074 0.0135137
15
1
-0.533358 2.35388 2.00954
0.0428122 0.0166225 0.0158777
16
1
-0.616346 2.31866 1.97566
0.0404449 0.0182464 0.0181544
17
1
-0.692759 2.2799 1.93886
0.0367377 0.0202432 0.0190221
18
1
-0.762031 2.23728 1.90024
0.0330769 0.0226501 0.0204276
19
1
-0.823393 2.1919 1.85998
0.0294564 0.0243525 0.0214711
20
1
-0.876966 2.14537 1.81869
0.0250325 0.0243649 0.0212268
21
1
-0.923594 2.09876 1.77663
0.0218238 0.023573 0.0215821
22
1
-0.964411 2.05304 1.73429
0.0190643 0.0228315 0.021303
23
1
-0.999749 2.00799 1.69179
0.0166107 0.0224423 0.0209183
24
1
-1.02963 1.96321 1.64982
0.0137174 0.0222834 0.0206801
25
1
-1.05437 1.91871 1.60834
0.0110266 0.0225174 0.0204509
26
1
-1.07331 1.87438 1.56679
0.00804375 0.0228892 0.0198009
27
1
-1.08621 1.82991 1.52563
0.0051001 0.0230788 0.0191928
28
1
-1.09377 1.78602 1.48456
0.00286505 0.0226448 0.019397
29
1
-1.09632 1.7436 1.44285
0.000673539 0.021429 0.0202548
30
1
-1.09383 1.70301 1.40034
-0.0019846 0.0198797 0.021211
31
1
-1.08691 1.66409 1.3572
-0.00447168 0.0185129 0.0220484
32
1
-1.07682 1.6268 1.31316
-0.00617774 0.0174042 0.0228365
33
1
-1.0643 1.59152 1.26771
-0.00726391 0.0163232 0.0236472
34
1
-1.04945 1.55838 1.2209
-0.00818192 0.0152251 0.0243691
35
1
-1.03227 1.52707 1.17323
-0.00917548 0.0142696 0.0248131
36
1
-1.01317 1.49704 1.12517
-0.0102863 0.0135622 0.0249164
37
1
-0.992578 1.46832 1.07669
-0.0114993 0.013033 0.0247606
38
1
-0.970464 1.44156 1.02762
-0.0128005 0.0124976 0.0244571
39
1
-0.946112 1.41772 0.978114
-0.0141641 0.0117535 0.0240716
40
1
-0.91865 1.39738 0.928832
-0.0155247 0.0106718 0.0236275
41
1
-0.887671 1.38051 0.880621
-0.0167753 0.00919589 0.0231709
42
1
-0.85358 1.36671 0.833902
-0.0178307 0.00733299 0.0227799
43
1
-0.817378 1.35567 0.788369
-0.01863 0.00517227 0.0225331
44
1
-0.780257 1.34748 0.743174
-0.0191135 0.00287982 0.0224733
45
1
-0.743219 1.34267 0.697483
-0.0192077 0.000629934 0.0226035
46
1
-0.706965 1.34173 0.650878
-0.0188623 -0.0014409 0.0229014
47
1
-0.671999 1.34471 0.603301
-0.0180812 -0.00324134 0.023344
48
1
-0.638755 1.35115 0.554774
-0.0169171 -0.00470944 0.0239199
49
1
-0.607685 1.36024 0.5052
-0.015453 -0.00580451 0.0246146
50
1
-0.579243 1.37107 0.454378
-0.0137807 -0.00650079 0.0253983
51
1
-0.553848 1.38281 0.40211
-0.0119868 -0.00678795 0.026228
52
1
-0.531808 1.39468 0.348294
-0.0101434 -0.00667312 0.0270564
53
1
-0.513286 1.40603 0.292954
-0.00830772 -0.00618334 0.0278402
54
1
-0.49831 1.41624 0.236219
-0.00651802 -0.00536189 0.0285412
55
1
-0.48682 1.42479 0.178288
-0.00479705 -0.00426615 0.0291264
56
1
-0.478716 1.43124 0.119409
-0.0031466 -0.00296025 0.0295672
57
1
-0.473901 1.43525 0.0598732
-0.00155652 -0.00151442 0.0298412
58
1
-0.472303 1.43661 -2.61532e-016
2.24599e-017 3.67736e-017 0.0299343
59
1
-0.473901 1.43525 -0.0598732
0.00155652 0.00151442 0.0298412
60
1
-0.478716 1.43124 -0.119409
0.0031466 0.00296025 0.0295672
61
1
-0.48682 1.42479 -0.178288
0.00479705 0.00426615 0.0291264
62
1
-0.49831 1.41624 -0.236219
0.00651802 0.00536189 0.0285412
63
1
-0.513286 1.40603 -0.292954
0.00830772 0.00618334 0.0278402
64
1
-0.531808 1.39468 -0.348294
0.0101434 0.00667312 0.0270564
65
1
-0.553848 1.38281 -0.40211
0.0119868 0.00678795 0.026228
66
1
-0.579243 1.37107 -0.454378
0.0137807 0.00650079 0.0253983
67
1
-0.607685 1.36024 -0.5052
0.015453 0.00580451 0.0246146
68
1
-0.638755 1.35115 -0.554774
0.0169171 0.00470944 0.0239199
69
1
-0.671999 1.34471 -0.603301
0.0180812 0.00324134 0.023344
70
1
-0.706965 1.34173 -0.650878
0.0188623 0.0014409 0.0229014
71
1
-0.743219 1.34267 -0.697483
0.0192077 -0.000629934 0.0226035
72
1
-0.780257 1.34748 -0.743174
0.0191135 -0.00287982 0.0224733
73
1
-0.817378 1.35567 -0.788369
0.01863 -0.00517227 0.0225331
74
1
-0.85358 1.36671 -0.833902
0.0178307 -0.00733299 0.0227799
75
1
-0.887671 1.38051 -0.880621
0.0167753 -0.00919589 0.0231709
76
1
-0.91865 1.39738 -0.928832
0.0155247 -0.0106718 0.0236275
77
1
-0.946112 1.41772 -0.978114
0.0141641 -0.0117535 0.0240716
78
1
-0.970464 1.44156 -1.02762
0.0128005 -0.0124976 0.0244571
79
1
-0.992578 1.46832 -1.07669
0.0114993 -0.013033 0.0247606
80
1
-1.01317 1.49704 -1.12517
0.0102863 -0.0135622 0.0249164
81
1
-1.03227 1.52707 -1.17323
0.00917548 -0.0142696 0.0248131
82
1
-1.04945 1.55838 -1.2209
0.00818192 -0.0152251 0.0243691
83
1
-1.0643 1.59152 -1.26771
0.00726391 -0.0163232 0.0236472
84
1
-1.07682 1.6268 -1.31316
0.00617774 -0.0174042 0.0228365
85
1
-1.08691 1.66409 -1.3572
0.00447168 -0.0185129 0.0220484
86
1
-1.09383 1.70301 -1.40034
0.0019846 -0.0198797 0.021211
87
1
-1.09632 1.7436 -1.44285
-0.000673539 -0.021429 0.0202548
88
1
-1.09377 1.78602 -1.48456
-0.00286505 -0.0226448 0.019397
89
1
-1.08621 1.82991 -1.52563
-0.0051001 -0.0230788 0.0191928
90
1
-1.07331 1.87438 -1.56679
-0.00804375 -0.0228892 0.0198009
91
1
-1.05437 1.91871 -1.60834
-0.0110266 -0.0225174 0.0204509
92
1
-1.02963 1.96321 -1.64982
-0.0137174 -0.0222834 0.0206801
93
1
-0.999749 2.00799 -1.69179
-0.0166107 -0.0224423 0.0209183
94
1
-0.964411 2.05304 -1.73429
-0.0190643 -0.0228315 0.021303
95
1
-0.923594 2.09876 -1.77663
-0.0218238 -0.023573 0.0215821
96
1
-0.876966 2.14537 -1.81869
-0.0250325 -0.0243649 0.0212268
97
1
-0.823393 2.1919 -1.85998
-0.0294564 -0.0243525 0.0214711
98
1
-0.762031 2.23728 -1.90024
-0.0330769 -0.0226501 0.0204276
99
1
-0.692759 2.2799 -1.93886
-0.0367377 -0.0202432 0.0190221
100
1
-0.616346 2.31866 -1.97566
-0.0404449 -0.0182464 0.0181544
101
1
-0.533358 2.35388 -2.00954
-0.0428122 -0.0166225 0.0158777
102
1
-0.444824 2.38542 -2.03937
-0.044989 -0.0153074 0.0135137
103
1
-0.351478 2.413 -2.06348
-0.0472724 -0.0136608 0.010443
104
1
-0.253986 2.43515 -2.0808
-0.0492734 -0.0103857 0.00716541
105
1
-0.15349 2.45019 -2.09233
-0.0506265 -0.00631632 0.00471802
106
1
-0.0513407 2.45769 -2.0986
-0.0513119 -0.00217299 0.00179208
107
1
0.0513407 2.45769 -2.0986
-0.0513119 0.00217299 -0.00179208
108
1
0.15349 2.45019 -2.09233
-0.0506265 0.00631632 -0.00471802
109
1
0.253986 2.43515 -2.0808
-0.0492734 0.0103857 -0.00716541
110
1
0.351478 2.413 -2.06348
-0.0472724 0.0136608 -0.010443
111
1
0.444824 2.38542 -2.03937
-0.044989 0.0153074 -0.0135137
112
1
0.533358 2.35388 -2.00954
-0.0428122 0.0166225 -0.0158777
113
1
0.616346 2.31866 -1.97566
-0.0404449 0.0182464 -0.0181544
114
1
0.692759 2.2799 -1.93886
-0.0367377 0.0202432 -0.0190221
115
1
0.762031 2.23728 -1.90024
-0.0330769 0.0226501 -0.0204276
116
1
0.823393 2.1919 -1.85998
-0.0294564 0.0243525 -0.0214711
117
1
0.876966 2.14537 -1.81869
-0.0250325 0.0243649 -0.0212268
118
1
0.923594 2.09876 -1.77663
-0.0218238 0.023573 -0.0215821
119
1
0.964411 2.05304 -1.73429
-0.0190643 0.0228315 -0.021303
120
1
0.999749 2.00799 -1.69179
-0.0166107 0.0224423 -0.0209183
121
1
1.02963 1.96321 -1.64982
-0.0137174 0.0222834 -0.0206801
122
1
1.05437 1.91871 -1.60834
-0.0110266 0.0225174 -0.0204509
123
1
1.07331 1.87438 -1.56679
-0.00804375 0.0228892 -0.0198009
124
1
1.08621 1.82991 -1.52563
-0.0051001 0.0230788 -0.0191928
125
1
1.09377 1.78602 -1.48456
-0.00286505 0.0226448 -0.019397
126
1
1.09632 1.7436 -1.44285
-0.000673539 0.021429 -0.0202548
127
1
1.09383 1.70301 -1.40034
0.0019846 0.0198797 -0.021211
128
1
1.08691 1.66409 -1.3572
0.00447168 0.0185129 -0.0220484
129
1
1.07682 1.6268 -1.31316
0.00617774 0.0174042 -0.0228365
130
1
1.0643 1.59152 -1.26771
0.00726391 0.0163232 -0.0236472
131
1
1.04945 1.55838 -1.2209
0.00818192 0.0152251 -0.0243691
132
1
1.03227 1.52707 -1.17323
0.00917548 0.0142696 -0.0248131
133
1
1.01317 1.49704 -1.12517
0.0102863 0.0135622 -0.0249164
134
1
0.992578 1.46832 -1.07669
0.0114993 0.013033 -0.0247606
135
1
0.970464 1.44156 -1.02762
0.0128005 0.0124976 -0.0244571
136
1
0.946112 1.41772 -0.978114
0.0141641 0.0117535 -0.0240716
137
1
0.91865 1.39738 -0.928832
0.0155247 0.0106718 -0.0236275
138
1
0.887671 1.38051 -0.880621
0.0167753 0.00919589 -0.0231709
139
1
0.85358 1.36671 -0.833902
0.0178307 0.00733299 -0.0227799
140
1
0.817378 1.35567 -0.788369
0.01863 0.00517227 -0.0225331
141
1
0.780257 1.34748 -0.743174
0.0191135 0.00287982 -0.0224733
142
1
0.743219 1.34267 -0.697483
0.0192077 0.000629934 -0.0226035
143
1
0.706965 1.34173 -0.650878
0.0188623 -0.0014409 -0.0229014
144
1
0.671999 1.34471 -0.603301
0.0180812 -0.00324134 -0.023344
145
1
0.638755 1.35115 -0.554774
0.0169171 -0.00470944 -0.0239199
146
1
0.607685 1.36024 -0.5052
0.015453 -0.00580451 -0.0246146
147
1
0.579243 1.37107 -0.454378
0.0137807 -0.00650079 -0.0253983
148
1
0.553848 1.38281 -0.40211
0.0119868 -0.00678795 -0.026228
149
1
0.531808 1.39468 -0.348294
0.0101434 -0.00667312 -0.0270564
150
1
0.513286 1.40603 -0.292954
0.00830772 -0.00618334 -0.0278402
151
1
0.49831 1.41624 -0.236219
0.00651802 -0.00536189 -0.0285412
152
1
0.48682 1.42479 -0.178288
0.00479705 -0.00426615 -0.0291264
153
1
0.478716 1.43124 -0.119409
0.0031466 -0.00296025 -0.0295672
154
1
0.473901 1.43525 -0.0598732
0.00155652 -0.00151442 -0.0298412
155
1
0.472303 1.43661 -1.06212e-016
1.22817e-016 -3.95859e-017 -0.0299343
156
1
0.473901 1.43525 0.0598732
-0.00155652 0.00151442 -0.0298412
157
1
0.478716 1.43124 0.119409
-0.0031466 0.00296025 -0.0295672
158
1
0.48682 1.42479 0.178288
-0.00479705 0.00426615 -0.0291264
159
1
0.49831 1.41624 0.236219
-0.00651802 0.00536189 -0.0285412
160
1
0.513286 1.40603 0.292954
-0.00830772 0.00618334 -0.0278402
161
1
0.531808 1.39468 0.348294
-0.0101434 0.00667312 -0.0270564
162
1
0.553848 1.38281 0.40211
-0.0119868 0.00678795 -0.026228
163
1
0.579243 1.37107 0.454378
-0.0137807 0.00650079 -0.0253983
164
1
0.607685 1.36024 0.5052
-0.015453 0.00580451 -0.0246146
165
1
0.638755 1.35115 0.554774
-0.0169171 0.00470944 -0.0239199
166
1
0.671999 1.34471 0.603301
-0.0180812 0.00324134 -0.023344
167
1
0.706965 1.34173 0.650878
-0.0188623 0.0014409 -0.0229014
168
1
0.743219 1.34267 0.697483
-0.0192077 -0.000629934 -0.0226035
169
1
0.780257 1.34748 0.743174
-0.0191135 -0.00287982 -0.0224733
170
1
0.817378 1.35567 0.788369
-0.01863 -0.00517227 -0.0225331
171
1
0.85358 1.36671 0.833902
-0.0178307 -0.00733299 -0.0227799
172
1
0.887671 1.38051 0.880621
-0.0167753 -0.00919589 -0.0231709
173
1
0.91865 1.39738 0.928832
-0.0155247 -0.0106718 -0.0236275
174
1
0.946112 1.41772 0.978114
-0.0141641 -0.0117535 -0.0240716
175
1
0.970464 1.44156 1.02762
-0.0128005 -0.0124976 -0.0244571
176
1
0.992578 1.46832 1.07669
-0.0114993 -0.013033 -0.0247606
177
1
1.01317 1.49704 1.12517
-0.0102863 -0.0135622 -0.0249164
178
1
1.03227 1.52707 1.17323
-0.00917548 -0.0142696 -0.0248131
179
1
1.04945 1.55838 1.2209
-0.00818192 -0.0152251 -0.0243691
180
1
1.0643 1.59152 1.26771
-0.00726391 -0.0163232 -0.0236472
181
1
1.07682 1.6268 1.31316
-0.00617774 -0.0174042 -0.0228365
182
1
1.08691 1.66409 1.3572
-0.00447168 -0.0185129 -0.0220484
183
1
1.09383 1.70301 1.40034
-0.0019846 -0.0198797 -0.021211
184
1
1.09632 1.7436 1.44285
0.000673539 -0.021429 -0.0202548
185
1
1.09377 1.78602 1.48456
0.00286505 -0.0226448 -0.019397
186
1
1.08621 1.82991 1.52563
0.0051001 -0.0230788 -0.0191928
187
1
1.07331 1.87438 1.56679
0.00804375 -0.0228892 -0.0198009
188
1
1.05437 1.91871 1.60834
0.0110266 -0.0225174 -0.0204509
189
1
1.02963 1.96321 1.64982
0.0137174 -0.0222834 -0.0206801
190
1
0.999749 2.00799 1.69179
0.0166107 -0.0224423 -0.0209183
191
1
0.964411 2.05304 1.73429
0.0190643 -0.0228315 -0.021303
192
1
0.923594 2.09876 1.77663
0.0218238 -0.023573 -0.0215821
193
1
0.876966 2.14537 1.81869
0.0250325 -0.0243649 -0.0212268
