194
0
1
0.950533 3.43691 0.880672
0.034842 -0.0249442 -0.0223674
1
1
0.878678 3.48398 0.922756
0.0388805 -0.0233507 -0.0210755
2
1
0.798335 3.52862 0.962726
0.0424781 -0.0218148 -0.0190838
3
1
0.709851 3.56986 0.999131
0.046837 -0.0196287 -0.0169634
4
1
0.613913 3.60651 1.032
0.0495865 -0.0169057 -0.0151643
5
1
0.511441 3.63744 1.06104
0.0521793 -0.0143268 -0.0130393
6
1
0.403717 3.66237 1.08592
0.0547489 -0.0112072 -0.0113796
7
1
0.291674 3.68096 1.10553
0.0568526 -0.00771394 -0.0083036
8
1
0.176288 3.69306 1.11847
0.0582922 -0.00431095 -0.00454046
9
1
0.0589735 3.69927 1.12443
0.0589861 -0.00155014 -0.00145678
10
1
-0.0589735 3.69927 1.12443
0.0589861 0.00155014 0.00145678
11
1
-0.176288 3.69306 1.11847
0.0582922 0.00431095 0.00454046
12
1
-0.291674 3.68096 1.10553
0.0568526 0.00771394 0.0083036
13
1
-0.403717 3.66237 1.08592
0.0547489 0.0112072 0.0113796
14
1
-0.511441 3.63744 1.06104
0.0521793 0.0143268 0.0130393
15
1
-0.613913 3.60651 1.032
0.0495865 0.0169057 0.0151643
16
1
-0.709851 3.56986 0.999131
0.046837 0.0196287 0.0169634
17
1
-0.798335 3.52862 0.962726
0.0424781 0.0218148 0.0190838
18
1
-0.878678 3.48398 0.922756
0.0388805 0.0233507 0.0210755
19
1
-0.950533 3.43691 0.880672
0.034842 0.0249442 0.0223674
20
1
-1.01362 3.38804 0.838439
0.0299118 0.0251487 0.0217468
21
1
-1.06915 3.33746 0.798012
0.0264164 0.0254006 0.0203171
22
1
-1.11785 3.28556 0.76079
0.0229572 0.0259448 0.0181737
23
1
-1.16062 3.23237 0.726997
0.0197815 0.0262766 0.0166341
24
1
-1.19764 3.17841 0.696873
0.0170358 0.0268487 0.014427
25
1
-1.22947 3.12368 0.670729
0.014395 0.0273788 0.0123431
26
1
-1.2571 3.06861 0.64868
0.0116439 0.027312 0.0104786
27
1
-1.28111 3.01374 0.630537
0.00985816 0.0270921 0.00821583
28
1
-1.30263 2.95917 0.61704
0.00895443 0.0270733 0.0056403
29
1
-1.32335 2.90556 0.608156
0.00840536 0.0265822 0.00323113
30
1
-1.34428 2.85344 0.603167
0.00873824 0.0255882 0.00103334
31
1
-1.36614 2.80291 0.601691
0.0101216 0.0246092 -0.00103007
32
1
-1.38973 2.75409 0.603454
0.0117882 0.0236966 -0.00271377
33
1
-1.41573 2.70721 0.60755
0.0134041 0.0226508 -0.00378779
34
1
-1.44423 2.66217 0.612783
0.0151497 0.0214569 -0.00430044
35
1
-1.47494 2.61889 0.618545
0.0165635 0.0199305 -0.00449416
36
1
-1.50779 2.57763 0.624422
0.0173296 0.018246 -0.00464947
37
1
-1.54319 2.53872 0.629451
0.0183647 0.0170197 -0.00443267
38
1
-1.58134 2.50182 0.632074
0.0200412 0.0166065 -0.00296577
39
1
-1.62162 2.4663 0.631036
0.0211958 0.0168649 -0.00011832
40
1
-1.66289 2.43186 0.626092
0.0211836 0.0172029 0.0030079
41
1
-1.70438 2.3986 0.61729
0.0206556 0.0170082 0.00554276
42
1
-1.74559 2.36629 0.604748
0.0202127 0.0163208 0.00766025
43
1
-1.78654 2.33487 0.587951
0.0200505 0.0157328 0.00995636
44
1
-1.82709 2.30356 0.566533
0.0201204 0.0156225 0.0127052
45
1
-1.86769 2.27223 0.540488
0.02039 0.015703 0.0154134
46
1
-1.90871 2.24153 0.510491
0.0207736 0.0153559 0.0173528
47
1
-1.95033 2.21277 0.477594
0.0211816 0.0144055 0.0183804
48
1
-1.99204 2.18685 0.442549
0.0214708 0.0130436 0.0188277
49
1
-2.03283 2.16383 0.405851
0.0213619 0.0115841 0.0191288
50
1
-2.07125 2.14338 0.367635
0.0202774 0.0102918 0.0194974
51
1
-2.10641 2.12531 0.327745
0.0182691 0.00909273 0.0203811
52
1
-2.13794 2.10922 0.285855
0.0157456 0.00772996 0.0217632
53
1
-2.16521 2.09509 0.241824
0.0130931 0.00628259 0.0232233
54
1
-2.18822 2.08328 0.195951
0.0104009 0.00490831 0.0244196
55
1
-2.20678 2.07392 0.148519
0.00755043 0.00353419 0.0252982
56
1
-2.22066 2.06701 0.0998489
0.00464902 0.00212153 0.0257268
57
1
-2.2293 2.06262 0.0502071
0.00209817 0.000876156 0.0256749
58
1
-2.23231 2.06123 -2.34805e-015
2.80468e-016 -1.72953e-016 0.0255517
59
1
-2.2293 2.06262 -0.0502071
-0.00209817 -0.000876156 0.0256749
60
1
-2.22066 2.06701 -0.0998489
-0.00464902 -0.00212153 0.0257268
61
1
-2.20678 2.07392 -0.148519
-0.00755043 -0.00353419 0.0252982
62
1
-2.18822 2.08328 -0.195951
-0.0104009 -0.00490831 0.0244196
63
1
-2.16521 2.09509 -0.241824
-0.0130931 -0.00628259 0.0232233
64
1
-2.13794 2.10922 -0.285855
-0.0157456 -0.00772996 0.0217632
65
1
-2.10641 2.12531 -0.327745
-0.0182691 -0.00909273 0.0203811
66
1
-2.07125 2.14338 -0.367635
-0.0202774 -0.0102918 0.0194974
67
1
-2.03283 2.16383 -0.405851
-0.0213619 -0.0115841 0.0191288
68
1
-1.99204 2.18685 -0.442549
-0.0214708 -0.0130436 0.0188277
69
1
-1.95033 2.21277 -0.477594
-0.0211816 -0.0144055 0.0183804
70
1
-1.90871 2.24153 -0.510491
-0.0207736 -0.0153559 0.0173528
71
1
-1.86769 2.27223 -0.540488
-0.02039 -0.015703 0.0154134
72
1
-1.82709 2.30356 -0.566533
-0.0201204 -0.0156225 0.0127052
73
1
-1.78654 2.33487 -0.587951
-0.0200505 -0.0157328 0.00995636
74
1
-1.74559 2.36629 -0.604748
-0.0202127 -0.0163208 0.00766025
75
1
-1.70438 2.3986 -0.61729
-0.0206556 -0.0170082 0.00554276
76
1
-1.66289 2.43186 -0.626092
-0.0211836 -0.0172029 0.0030079
77
1
-1.62162 2.4663 -0.631036
-0.0211958 -0.0168649 -0.00011832
78
1
-1.58134 2.50182 -0.632074
-0.0200412 -0.0166065 -0.00296577
79
1
-1.54319 2.53872 -0.629451
-0.0183647 -0.0170197 -0.00443267
80
1
-1.50779 2.57763 -0.624422
-0.0173296 -0.018246 -0.00464947
81
1
-1.47494 2.61889 -0.618545
-0.0165635 -0.0199305 -0.00449416
82
1
-1.44423 2.66217 -0.612783
-0.0151497 -0.0214569 -0.00430044
83
1
-1.41573 2.70721 -0.60755
-0.0134041 -0.0226508 -0.00378779
84
1
-1.38973 2.75409 -0.603454
-0.0117882 -0.0236966 -0.00271377
85
1
-1.36614 2.80291 -0.601691
-0.0101216 -0.0246092 -0.00103007
86
1
-1.34428 2.85344 -0.603167
-0.00873824 -0.0255882 0.00103334
87
1
-1.32335 2.90556 -0.608156
-0.00840536 -0.0265822 0.00323113
88
1
-1.30263 2.95917 -0.61704
-0.00895443 -0.0270733 0.0056403
89
1
-1.28111 3.01374 -0.630537
-0.00985816 -0.0270921 0.00821583
90
1
-1.2571 3.06861 -0.64868
-0.0116439 -0.027312 0.0104786
91
1
-1.22947 3.12368 -0.670729
-0.014395 -0.0273788 0.0123431
92
1
-1.19764 3.17841 -0.696873
-0.0170358 -0.0268487 0.014427
93
1
-1.16062 3.23237 -0.726997
-0.0197815 -0.0262766 0.0166341
94
1
-1.11785 3.28556 -0.76079
-0.0229572 -0.0259448 0.0181737
95
1
-1.06915 3.33746 -0.798012
-0.0264164 -0.0254006 0.0203171
96
1
-1.01362 3.38804 -0.838439
-0.0299118 -0.0251487 0.0217468
97
1
-0.950533 3.43691 -0.880672
-0.034842 -0.0249442 0.0223674
98
1
-0.878678 3.48398 -0.922756
-0.0388805 -0.0233507 0.0210755
99
1
-0.798335 3.52862 -0.962726
-0.0424781 -0.0218148 0.0190838
100
1
-0.709851 3.56986 -0.999131
-0.046837 -0.0196287 0.0169634
101
1
-0.613913 3.60651 -1.032
-0.0495865 -0.0169057 0.0151643
102
1
-0.511441 3.63744 -1.06104
-0.0521793 -0.0143268 0.0130393
103
1
-0.403717 3.66237 -1.08592
-0.0547489 -0.0112072 0.0113796
104
1
-0.291674 3.68096 -1.10553
-0.0568526 -0.00771394 0.0083036
105
1
-0.176288 3.69306 -1.11847
-0.0582922 -0.00431095 0.00454046
106
1
-0.0589735 3.69927 -1.12443
-0.0589861 -0.00155014 0.00145678
107
1
0.0589735 3.69927 -1.12443
-0.0589861 0.00155014 -0.00145678
108
1
0.176288 3.69306 -1.11847
-0.0582922 0.00431095 -0.00454046
109
1
0.291674 3.68096 -1.10553
-0.0568526 0.00771394 -0.0083036
110
1
0.403717 3.66237 -1.08592
-0.0547489 0.0112072 -0.0113796
111
1
0.511441 3.63744 -1.06104
-0.0521793 0.0143268 -0.0130393
112
1
0.613913 3.60651 -1.032
-0.0495865 0.0169057 -0.0151643
113
1
0.709851 3.56986 -0.999131
-0.046837 0.0196287 -0.0169634
114
1
0.798335 3.52862 -0.962726
-0.0424781 0.0218148 -0.0190838
115
1
0.878678 3.48398 -0.922756
-0.0388805 0.0233507 -0.0210755
116
1
0.950533 3.43691 -0.880672
-0.034842 0.0249442 -0.0223674
117
1
1.01362 3.38804 -0.838439
-0.0299118 0.0251487 -0.0217468
118
1
1.06915 3.33746 -0.798012
-0.0264164 0.0254006 -0.0203171
119
1
1.11785 3.28556 -0.76079
-0.0229572 0.0259448 -0.0181737
120
1
1.16062 3.23237 -0.726997
-0.0197815 0.0262766 -0.0166341
121
1
1.19764 3.17841 -0.696873
-0.0170358 0.0268487 -0.014427
122
1
1.22947 3.12368 -0.670729
-0.014395 0.0273788 -0.0123431
123
1
1.2571 3.06861 -0.64868
-0.0116439 0.027312 -0.0104786
124
1
1.28111 3.01374 -0.630537
-0.00985816 0.0270921 -0.00821583
125
1
1.30263 2.95917 -0.61704
-0.00895443 0.0270733 -0.0056403
126
1
1.32335 2.90556 -0.608156
-0.00840536 0.0265822 -0.00323113
127
1
1.34428 2.85344 -0.603167
-0.00873824 0.0255882 -0.00103334
128
1
1.36614 2.80291 -0.601691
-0.0101216 0.0246092 0.00103007
129
1
1.38973 2.75409 -0.603454
-0.0117882 0.0236966 0.00271377
130
1
1.41573 2.70721 -0.60755
-0.0134041 0.0226508 0.00378779
131
1
1.44423 2.66217 -0.612783
-0.0151497 0.0214569 0.00430044
132
1
1.47494 2.61889 -0.618545
-0.0165635 0.0199305 0.00449416
133
1
1.50779 2.57763 -0.624422
-0.0173296 0.018246 0.00464947
134
1
1.54319 2.53872 -0.629451
-0.0183647 0.0170197 0.00443267
135
1
1.58134 2.50182 -0.632074
-0.0200412 0.0166065 0.00296577
136
1
1.62162 2.4663 -0.631036
-0.0211958 0.0168649 0.00011832
137
1
1.66289 2.43186 -0.626092
-0.0211836 0.0172029 -0.0030079
138
1
1.70438 2.3986 -0.61729
-0.0206556 0.0170082 -0.00554276
139
1
1.74559 2.36629 -0.604748
-0.0202127 0.0163208 -0.00766025
140
1
1.78654 2.33487 -0.587951
-0.0200505 0.0157328 -0.00995636
141
1
1.82709 2.30356 -0.566533
-0.0201204 0.0156225 -0.0127052
142
1
1.86769 2.27223 -0.540488
-0.02039 0.015703 -0.0154134
143
1
1.90871 2.24153 -0.510491
-0.0207736 0.0153559 -0.0173528
144
1
1.95033 2.21277 -0.477594
-0.0211816 0.0144055 -0.0183804
145
1
1.99204 2.18685 -0.442549
-0.0214708 0.0130436 -0.0188277
146
1
2.03283 2.16383 -0.405851
-0.0213619 0.0115841 -0.0191288
147
1
2.07125 2.14338 -0.367635
-0.0202774 0.0102918 -0.0194974
148
1
2.10641 2.12531 -0.327745
-0.0182691 0.00909273 -0.0203811
149
1
2.13794 2.10922 -0.285855
-0.0157456 0.00772996 -0.0217632
150
1
2.16521 2.09509 -0.241824
-0.0130931 0.00628259 -0.0232233
151
1
2.18822 2.08328 -0.195951
-0.0104009 0.00490831 -0.0244196
152
1
2.20678 2.07392 -0.148519
-0.00755043 0.00353419 -0.0252982
153
1
2.22066 2.06701 -0.0998489
-0.00464902 0.00212153 -0.0257268
154
1
2.2293 2.06262 -0.0502071
-0.00209817 0.000876156 -0.0256749
155
1
2.23231 2.06123 -3.04007e-015
-3.03075e-016 4.11692e-016 -0.0255517
156
1
2.2293 2.06262 0.0502071
0.00209817 -0.000876156 -0.0256749
157
1
2.22066 2.06701 0.0998489
0.00464902 -0.00212153 -0.0257268
158
1
2.20678 2.07392 0.148519
0.00755043 -0.00353419 -0.0252982
159
1
2.18822 2.08328 0.195951
0.0104009 -0.00490831 -0.0244196
160
1
2.16521 2.09509 0.241824
0.0130931 -0.00628259 -0.0232233
161
1
2.13794 2.10922 0.285855
0.0157456 -0.00772996 -0.0217632
162
1
2.10641 2.12531 0.327745
0.0182691 -0.00909273 -0.0203811
163
1
2.07125 2.14338 0.367635
0.0202774 -0.0102918 -0.0194974
164
1
2.03283 2.16383 0.405851
0.0213619 -0.0115841 -0.0191288
165
1
1.99204 2.18685 0.442549
0.0214708 -0.0130436 -0.0188277
166
1
1.95033 2.21277 0.477594
0.0211816 -0.0144055 -0.0183804
167
1
1.90871 2.24153 0.510491
0.0207736 -0.0153559 -0.0173528
168
1
1.86769 2.27223 0.540488
0.02039 -0.015703 -0.0154134
169
1
1.82709 2.30356 0.566533
0.0201204 -0.0156225 -0.0127052
170
1
1.78654 2.33487 0.587951
0.0200505 -0.0157328 -0.00995636
171
1
1.74559 2.36629 0.604748
0.0202127 -0.0163208 -0.00766025
172
1
1.70438 2.3986 0.61729
0.0206556 -0.0170082 -0.00554276
173
1
1.66289 2.43186 0.626092
0.0211836 -0.0172029 -0.0030079
174
1
1.62162 2.4663 0.631036
0.0211958 -0.0168649 0.00011832
175
1
1.58134 2.50182 0.632074
0.0200412 -0.0166065 0.00296577
176
1
1.54319 2.53872 0.629451
0.0183647 -0.0170197 0.00443267
177
1
1.50779 2.57763 0.624422
0.0173296 -0.018246 0.00464947
178
1
1.47494 2.61889 0.618545
0.0165635 -0.0199305 0.00449416
179
1
1.44423 2.66217 0.612783
0.0151497 -0.0214569 0.00430044
180
1
1.41573 2.70721 0.60755
0.0134041 -0.0226508 0.00378779
181
1
1.38973 2.75409 0.603454
0.0117882 -0.0236966 0.00271377
182
1
1.36614 2.80291 0.601691
0.0101216 -0.0246092 0.00103007
183
1
1.34428 2.85344 0.603167
0.00873824 -0.0255882 -0.00103334
184
1
1.32335 2.90556 0.608156
0.00840536 -0.0265822 -0.00323113
185
1
1.30263 2.95917 0.61704
0.00895443 -0.0270733 -0.0056403
186
1
1.28111 3.01374 0.630537
0.00985816 -0.0270921 -0.00821583
187
1
1.2571 3.06861 0.64868
0.0116439 -0.027312 -0.0104786
188
1
1.22947 3.12368 0.670729
0.014395 -0.0273788 -0.0123431
189
1
1.19764 3.17841 0.696873
0.0170358 -0.0268487 -0.014427
190
1
1.16062 3.23237 0.726997
0.0197815 -0.0262766 -0.0166341
191
1
1.11785 3.28556 0.76079
0.0229572 -0.0259448 -0.0181737
192
1
1.06915 3.33746 0.798012
0.0264164 -0.0254006 -0.0203171
193
1
1.01362 3.38804 0.838439
0.0299118 -0.0251487 -0.0217468
