194
0
1
0.86174 12.6417 3.0076
-0.00629087 0.0148334 -0.0242344
1
1
0.860076 12.6001 3.0561
0.00333625 0.0155893 -0.0197307
2
1
0.82409 12.5439 3.11784
0.040008 0.0358314 -0.0303182
3
1
0.761325 12.4907 3.17214
0.0416312 0.0276606 -0.0226739
4
1
0.677495 12.4396 3.21615
0.0557623 0.0244061 -0.0176233
5
1
0.596017 12.3964 3.25084
0.0215192 0.00836348 -0.0106428
6
1
0.453425 12.3498 3.30747
0.0680795 0.0157742 -0.0281441
7
1
0.210648 12.306 3.38558
0.0746439 0.00814226 -0.0153556
8
1
0.811931 6.21864 0.0946862
0.0434443 -0.0255166 -0.00414346
9
1
0.739886 11.6193 0.565123
0.0541019 0.0454629 0.0226327
10
1
-0.661939 11.6983 -0.614166
0.0299876 0.0107652 0.0706968
11
1
-0.822456 6.21399 0.0144834
0.0413419 0.0254572 0.0137247
12
1
-0.20912 12.3059 3.3851
0.0745094 -0.00798566 0.0153608
13
1
-0.450491 12.3497 3.30758
0.0678127 -0.0154526 0.0276195
14
1
-0.591491 12.3964 3.25278
0.0211921 -0.0083281 0.0101953
15
1
-0.671424 12.4402 3.22047
0.0547822 -0.0244939 0.0159267
16
1
-0.752895 12.4929 3.17921
0.0402185 -0.029456 0.0208543
17
1
-0.812173 12.5474 3.12709
0.0379864 -0.0373235 0.0282153
18
1
-0.844721 12.6032 3.0674
0.00248615 -0.0147918 0.0194496
19
1
-0.844979 12.6433 3.02046
-0.00730349 -0.0131474 0.0239708
20
1
-0.833043 12.6806 2.96105
-0.0251623 -0.0200477 0.0375514
21
1
-0.81085 12.7159 2.89244
-0.00564435 -0.0155509 0.0256429
22
1
-0.778518 12.753 2.8085
-0.0280042 -0.0239167 0.06021
23
1
-0.746351 12.7877 2.72982
-0.0173993 -0.0200135 0.0302859
24
1
-0.72673 12.8176 2.66729
0.00104061 -0.00828286 0.00878548
25
1
-0.707449 12.8417 2.61747
-0.00447405 -0.0110298 0.0166529
26
1
-0.698133 12.8662 2.55925
-0.00839405 -0.00456375 0.0341267
27
1
-0.693915 12.8792 2.50025
0.00448186 -0.0156884 0.0517399
28
1
-0.688472 12.894 2.43434
-0.00162116 -0.013438 0.0383463
29
1
-0.681256 12.9017 2.37288
-0.00715045 -0.00025916 0.0267952
30
1
-0.671795 12.9003 2.32081
-0.00478568 0.00835937 0.0178237
31
1
-0.662665 12.8941 2.27488
-0.00307669 0.00894883 0.0143081
32
1
-0.655242 12.8867 2.22882
-0.00358353 0.0046561 0.0117818
33
1
-0.647603 12.8805 2.18196
-0.00149733 0.000840893 0.0278428
34
1
-0.639067 12.876 2.13139
-0.00421613 -0.00142786 0.0302915
35
1
-0.627495 12.873 2.07501
-0.00808312 0.00227023 0.0221726
36
1
-0.613554 12.869 2.01443
-0.010434 -0.000176087 0.0374222
37
1
-0.599383 12.8645 1.95003
-0.00749833 0.00245358 0.0454263
38
1
-0.586822 12.8594 1.88584
-0.00157749 0.00762144 0.0293431
39
1
-0.575801 12.8557 1.82441
-0.0026434 0.00417472 0.0162132
40
1
-0.564416 12.8556 1.76223
-0.0107503 -0.00429004 0.0323243
41
1
-0.550685 12.8599 1.69898
-0.0153319 -0.0126308 0.0552418
42
1
-0.544071 12.8689 1.63691
0.00132219 -0.00874876 0.0537158
43
1
-0.546307 12.8694 1.57277
0.014694 0.006048 0.0506092
44
1
-0.546115 12.8693 1.5124
-0.0065764 0.00213397 0.00967419
45
1
-0.532013 12.8757 1.45017
0.0172094 -0.0165853 0.0485983
46
1
-0.513596 12.8808 1.39388
-0.0130191 0.0156687 0.075212
47
1
-0.498596 12.8814 1.35229
-0.0423866 -0.00641912 0.00835371
48
1
-0.476395 12.8855 1.29504
-0.0155961 -0.0231199 0.0165284
49
1
-0.453931 12.8951 1.22803
-0.000426698 0.00384377 0.0140618
50
1
-0.429423 12.9117 1.16294
-0.0324532 -0.0247022 0.0663961
51
1
-0.374545 12.9403 1.14034
0.0111815 -0.00968454 0.0138924
52
1
-0.302154 12.8913 1.16037
-0.0318479 -0.0435754 -0.0522567
53
1
-0.39109 12.7611 0.98623
0.0590511 0.0119407 0.049419
54
1
-0.439675 12.7586 0.905419
0.0443803 -0.0162099 0.0619635
55
1
-0.522167 12.6481 0.840471
-0.0181273 0.009267 -0.00932149
56
1
0.340439 15.2454 1.36446
-0.0234464 -0.0440473 0.0580664
57
1
-0.192796 13.5097 0.0101862
-0.0415446 -0.0175227 -0.0162926
58
1
0.0436351 16.5824 0.0428204
0.0436004 0.0282046 -0.036591
59
1
-0.190156 13.5173 -0.0468972
0.0435478 0.014804 -0.00827163
60
1
-0.456041 15.2136 -1.39163
-0.00468141 -0.0348658 0.0688945
61
1
-0.474098 12.6413 -1.01742
0.006985 -0.00978367 -0.0125915
62
1
-0.291026 12.68 -1.01609
-0.0526275 0.00439347 0.0572966
63
1
-0.176193 12.726 -1.10558
-0.0651361 -0.0245991 0.0349861
64
1
-0.0891795 12.9341 -1.21652
0.0479261 0.0146292 -0.0349831
65
1
-0.153958 12.949 -1.17471
-0.0490767 0.0276857 0.0425179
66
1
-0.193581 12.9119 -1.21755
0.00940751 0.0159488 0.0690707
67
1
-0.212817 12.8883 -1.26621
0.0173831 0.00172057 0.0420074
68
1
-0.255695 12.9016 -1.3326
0.00267583 0.0231226 -0.000637306
69
1
-0.292118 12.892 -1.37811
0.0563428 0.00046093 0.0267239
70
1
-0.322168 12.8881 -1.42449
0.0273544 -0.0165355 0.0621408
71
1
-0.358842 12.8854 -1.48478
0.00152077 0.0181358 0.0422453
72
1
-0.388204 12.8896 -1.56014
0.0143393 -0.00843861 0.0391717
73
1
-0.404241 12.8976 -1.62162
0.00106133 -0.0115582 0.0583449
74
1
-0.414822 12.9004 -1.69028
0.012892 0.00515809 0.0477262
75
1
-0.438067 12.8997 -1.75243
0.0202884 0.00465097 0.0405861
76
1
-0.458072 12.9058 -1.81305
0.0113338 -0.00202921 0.0252143
77
1
-0.480027 12.9109 -1.86916
0.00564081 -0.00680335 0.0174388
78
1
-0.503721 12.9214 -1.92417
0.00811746 -0.00961248 0.026806
79
1
-0.528521 12.932 -1.98123
0.0156384 -0.00361138 0.0354327
80
1
-0.555183 12.9382 -2.03745
0.0180088 0.000781335 0.030171
81
1
-0.58117 12.9406 -2.09151
0.0148019 0.000143396 0.021803
82
1
-0.60417 12.9401 -2.143
0.009844 0.00332995 0.026431
83
1
-0.623297 12.941 -2.19033
0.00597615 0.000583625 0.0248695
84
1
-0.640442 12.944 -2.23569
0.00643228 -0.00369155 0.0129863
85
1
-0.65688 12.9483 -2.2816
0.00613044 -0.00756425 0.0160807
86
1
-0.673852 12.9514 -2.32797
0.00839047 -0.00658511 0.0194629
87
1
-0.690828 12.949 -2.37976
0.0110643 0.00207542 0.0266248
88
1
-0.704215 12.9367 -2.43888
0.00415401 0.0142908 0.0342269
89
1
-0.713925 12.9172 -2.50225
-0.00257792 0.019 0.0475006
90
1
-0.72117 12.8988 -2.561
0.00897376 0.00935509 0.0361459
91
1
-0.73279 12.8702 -2.61778
0.00529433 0.012538 0.0172155
92
1
-0.752888 12.843 -2.66734
-0.00048522 0.00891499 0.00914634
93
1
-0.772014 12.8079 -2.72725
0.0162711 0.0222112 0.0281618
94
1
-0.80141 12.7668 -2.80219
0.0254211 0.02745 0.0531108
95
1
-0.83049 12.7232 -2.88062
0.00558058 0.018024 0.0253505
96
1
-0.851006 12.6824 -2.94795
0.0239839 0.0235712 0.0381426
97
1
-0.861736 12.6417 -3.0076
0.00629104 0.0148332 0.0242344
98
1
-0.860072 12.6002 -3.05609
-0.00333604 0.0155893 0.0197309
99
1
-0.824087 12.5439 -3.11783
-0.0400076 0.0358312 0.0303191
100
1
-0.761322 12.4907 -3.17214
-0.041631 0.0276606 0.0226746
101
1
-0.677492 12.4396 -3.21614
-0.0557621 0.0244064 0.0176239
102
1
-0.596015 12.3964 -3.25084
-0.0215192 0.00836357 0.0106429
103
1
-0.453424 12.3498 -3.30747
-0.0680795 0.0157744 0.0281443
104
1
-0.210647 12.306 -3.38558
-0.0746439 0.00814235 0.0153556
105
1
-0.812078 6.21863 -0.0940126
-0.0434307 -0.0255138 0.00422081
106
1
-0.739428 11.6196 -0.565143
-0.0540648 0.0454972 -0.0226736
107
1
0.662483 11.6981 0.614273
-0.0300584 0.0108069 -0.0706571
108
1
0.82251 6.21398 -0.0137896
-0.0413125 0.025453 -0.0137972
109
1
0.209121 12.3059 -3.3851
-0.0745095 -0.0079858 -0.0153609
110
1
0.450492 12.3497 -3.30758
-0.0678128 -0.0154528 -0.0276199
111
1
0.591493 12.3964 -3.25278
-0.0211921 -0.0083282 -0.0101955
112
1
0.671426 12.4402 -3.22047
-0.0547823 -0.0244942 -0.0159275
113
1
0.752897 12.4929 -3.17921
-0.0402186 -0.0294558 -0.0208551
114
1
0.812175 12.5474 -3.12708
-0.0379865 -0.0373232 -0.0282164
115
1
0.844723 12.6032 -3.06739
-0.00248615 -0.0147919 -0.0194498
116
1
0.844981 12.6433 -3.02045
0.00730344 -0.0131476 -0.0239708
117
1
0.833045 12.6806 -2.96104
0.0251623 -0.0200481 -0.0375515
118
1
0.810852 12.7159 -2.89243
0.00564449 -0.0155513 -0.0256429
119
1
0.77852 12.753 -2.80849
0.0280038 -0.0239172 -0.0602088
120
1
0.746354 12.7877 -2.72981
0.0173991 -0.0200138 -0.0302859
121
1
0.726734 12.8176 -2.66728
-0.00104053 -0.00828296 -0.00878577
122
1
0.707453 12.8417 -2.61746
0.004474 -0.0110299 -0.016653
123
1
0.698137 12.8662 -2.55924
0.00839361 -0.00456409 -0.0341268
124
1
0.693919 12.8792 -2.50024
-0.00448219 -0.0156886 -0.0517397
125
1
0.688476 12.894 -2.43433
0.00162109 -0.0134382 -0.0383464
126
1
0.681261 12.9017 -2.37287
0.00715056 -0.000259515 -0.0267956
127
1
0.6718 12.9003 -2.3208
0.00478581 0.00835904 -0.0178239
128
1
0.66267 12.8941 -2.27487
0.00307679 0.00894846 -0.0143083
129
1
0.655246 12.8867 -2.22881
0.00358358 0.00465569 -0.0117819
130
1
0.647608 12.8805 -2.18195
0.00149744 0.000840025 -0.0278428
131
1
0.639072 12.8761 -2.13138
0.00421609 -0.0014288 -0.0302914
132
1
0.6275 12.873 -2.075
0.00808289 0.00226938 -0.0221721
133
1
0.613559 12.869 -2.01442
0.0104335 -0.000177859 -0.037422
134
1
0.599389 12.8645 -1.95002
0.00749776 0.00245086 -0.0454261
135
1
0.586828 12.8594 -1.88583
0.00157714 0.00761919 -0.0293428
136
1
0.575807 12.8558 -1.8244
0.00264309 0.00417307 -0.0162131
137
1
0.564422 12.8557 -1.76223
0.0107503 -0.00429519 -0.032325
138
1
0.550689 12.8599 -1.69897
0.0153331 -0.0126416 -0.0552432
139
1
0.544071 12.869 -1.63691
-0.00131941 -0.00875813 -0.053715
140
1
0.546306 12.8695 -1.57276
-0.0146872 0.00604209 -0.0506014
141
1
0.546106 12.8693 -1.5124
0.00657994 0.00213293 -0.00967415
142
1
0.53199 12.8758 -1.45018
-0.0171959 -0.016585 -0.0485782
143
1
0.513567 12.8808 -1.39389
0.0130324 0.015656 -0.0752124
144
1
0.498571 12.8814 -1.35229
0.0423951 -0.0064252 -0.00836139
145
1
0.476358 12.8856 -1.29503
0.0155912 -0.0231176 -0.01657
146
1
0.453881 12.8951 -1.22797
0.00042192 0.00382674 -0.0140782
147
1
0.429368 12.9117 -1.16283
0.0324521 -0.024706 -0.0663953
148
1
0.374504 12.9405 -1.14012
-0.0112537 -0.00969508 -0.0138269
149
1
0.302084 12.8914 -1.16034
0.0318468 -0.0435336 0.0522332
150
1
0.391058 12.7612 -0.986159
-0.0590487 0.0119404 -0.0494219
151
1
0.43974 12.7587 -0.905184
-0.044441 -0.0161835 -0.0619269
152
1
0.522071 12.6481 -0.840244
0.0182494 0.00922785 0.0092814
153
1
-0.340377 15.2454 -1.36452
0.0234252 -0.0440552 -0.058071
154
1
0.192785 13.5097 -0.0101851
0.0415463 -0.0175233 0.0162918
155
1
-0.0436283 16.5824 -0.0427825
-0.0436003 0.0282041 0.0365916
156
1
0.190147 13.5173 0.0468989
-0.0435472 0.0148033 0.0082722
157
1
0.456091 15.2136 1.39161
0.00470032 -0.0348716 -0.0688891
158
1
0.47413 12.6415 1.0174
-0.00695521 -0.00976401 0.0125899
159
1
0.291084 12.6801 1.01608
0.0526265 0.00440162 -0.0572968
160
1
0.176276 12.726 1.10551
0.0651363 -0.0245741 -0.0350033
161
1
0.0891762 12.9341 1.21645
-0.0479076 0.0146442 0.0350041
162
1
0.153949 12.9491 1.17468
0.0490522 0.02764 -0.0425311
163
1
0.193591 12.912 1.21751
-0.00945687 0.0159787 -0.0690672
164
1
0.212845 12.8883 1.26618
-0.0173979 0.00172463 -0.0419876
165
1
0.255701 12.9016 1.33259
-0.00267501 0.0231214 0.000630259
166
1
0.292129 12.892 1.37809
-0.0563354 0.000469405 -0.0267267
167
1
0.322175 12.8881 1.42448
-0.0273571 -0.0165333 -0.0621429
168
1
0.358847 12.8853 1.48478
-0.00152018 0.0181333 -0.0422487
169
1
0.388208 12.8896 1.56013
-0.0143367 -0.00844187 -0.0391692
170
1
0.404243 12.8976 1.62162
-0.00106085 -0.0115599 -0.0583466
171
1
0.414824 12.9004 1.69028
-0.0128926 0.00515642 -0.0477281
172
1
0.438069 12.8997 1.75243
-0.0202892 0.00464919 -0.0405876
173
1
0.458073 12.9058 1.81306
-0.0113338 -0.00203021 -0.0252149
174
1
0.480029 12.9109 1.86917
-0.00564051 -0.00680374 -0.017439
175
1
0.503722 12.9214 1.92418
-0.00811692 -0.00961321 -0.026806
176
1
0.528522 12.932 1.98124
-0.0156379 -0.00361245 -0.0354324
177
1
0.555184 12.9382 2.03746
-0.018009 0.000780426 -0.0301708
178
1
0.581171 12.9406 2.09152
-0.0148025 0.000142955 -0.0218036
179
1
0.604172 12.9401 2.14301
-0.00984424 0.00332932 -0.026431
180
1
0.623299 12.941 2.19034
-0.00597624 0.000583035 -0.0248697
181
1
0.640444 12.944 2.2357
-0.0064324 -0.00369187 -0.0129864
182
1
0.656882 12.9483 2.28161
-0.00613055 -0.00756444 -0.0160807
183
1
0.673855 12.9514 2.32798
-0.00839059 -0.00658518 -0.0194627
184
1
0.690831 12.9491 2.37976
-0.0110644 0.00207542 -0.0266243
185
1
0.704219 12.9367 2.43889
-0.00415427 0.0142909 -0.0342263
186
1
0.713929 12.9172 2.50226
0.00257738 0.0190005 -0.0475004
187
1
0.721175 12.8988 2.56101
-0.0089743 0.00935565 -0.0361461
188
1
0.732794 12.8702 2.61779
-0.00529442 0.0125383 -0.0172155
189
1
0.752893 12.843 2.66735
0.000485288 0.00891502 -0.00914614
190
1
0.77202 12.8079 2.72726
-0.016271 0.0222114 -0.0281616
191
1
0.801415 12.7668 2.8022
-0.0254211 0.0274504 -0.053111
192
1
0.830495 12.7232 2.88063
-0.00558037 0.0180241 -0.0253504
193
1
0.851011 12.6824 2.94796
-0.0239836 0.0235714 -0.0381425
