194
0
1
0.65178 11.339 2.15349
0.0178273 0.0117334 -0.0412055
1
1
0.62711 11.3055 2.23061
0.00945125 0.0115316 -0.028779
2
1
0.584544 11.2576 2.32291
0.0312133 0.0388062 -0.0591242
3
1
0.538861 11.216 2.42157
0.0197331 0.00796158 -0.049237
4
1
0.499629 11.1968 2.51785
0.0126202 -0.00107071 -0.0491386
5
1
0.456933 11.1928 2.59952
0.00950919 -0.00110639 -0.0237893
6
1
0.35985 11.1694 2.69725
0.0659134 0.0167904 -0.0380179
7
1
0.169277 11.1168 2.82553
0.0647998 0.0210821 -0.037794
8
1
0.440708 6.86392 0.059007
-0.00691326 0.0491382 -0.00866885
9
1
1.74487 13.5077 0.0778806
-0.0536334 -0.0306605 0.00541199
10
1
-1.74533 13.5168 0.076062
-0.0548555 0.0298426 -0.0101765
11
1
-0.442346 6.86519 0.0506201
-0.00697359 -0.0488607 0.00948808
12
1
-0.169207 11.1167 2.82553
0.0648008 -0.0210805 0.0377931
13
1
-0.359774 11.1693 2.69726
0.0659141 -0.016788 0.0380177
14
1
-0.45685 11.1928 2.59953
0.00950784 0.0011074 0.0237894
15
1
-0.499542 11.1968 2.51787
0.0126166 0.00107266 0.0491389
16
1
-0.538767 11.216 2.42159
0.019729 -0.00795916 0.0492355
17
1
-0.584441 11.2576 2.32293
0.0312084 -0.0388027 0.0591215
18
1
-0.626999 11.3055 2.23064
0.00944805 -0.0115299 0.0287778
19
1
-0.65166 11.339 2.15353
0.0178231 -0.0117304 0.0412037
20
1
-0.668169 11.3755 2.07502
0.0108916 -0.0228651 0.0404271
21
1
-0.668256 11.4197 2.00058
-0.0156048 -0.0193964 0.0304736
22
1
-0.652481 11.4685 1.93341
-0.0174374 -0.0254574 0.0360529
23
1
-0.635308 11.5249 1.87398
-0.00772374 -0.0330146 0.0265124
24
1
-0.625055 11.5836 1.8268
-0.000522869 -0.0246285 0.0128627
25
1
-0.622319 11.641 1.78987
-0.000393819 -0.029066 0.0129879
26
1
-0.621421 11.6975 1.75555
-0.000472464 -0.0308666 0.0151071
27
1
-0.622045 11.7512 1.72069
0.00268749 -0.0237442 0.0162705
28
1
-0.627902 11.8022 1.68359
0.00451299 -0.02089 0.017234
29
1
-0.639718 11.8508 1.64165
0.00988548 -0.0232818 0.0227524
30
1
-0.652121 11.895 1.597
0.00853264 -0.0180122 0.0211343
31
1
-0.663547 11.9376 1.55168
0.00512562 -0.0181327 0.020648
32
1
-0.671129 11.9813 1.50457
0.00186047 -0.0254633 0.0251281
33
1
-0.674804 12.0253 1.4584
-0.00154184 -0.0251825 0.0270519
34
1
-0.676017 12.0681 1.41316
-0.00100449 -0.0213951 0.0249395
35
1
-0.67723 12.1119 1.36865
0.00188798 -0.0218082 0.0238868
36
1
-0.677714 12.155 1.32652
0.00109092 -0.0205917 0.0224896
37
1
-0.676583 12.1973 1.2883
-0.00158029 -0.0198237 0.0203411
38
1
-0.673368 12.2388 1.25313
-0.00156022 -0.0201339 0.016169
39
1
-0.667918 12.2786 1.2221
-5.83902e-005 -0.0170585 0.012773
40
1
-0.660015 12.3149 1.19601
-0.00132173 -0.0154521 0.0112907
41
1
-0.650262 12.3495 1.17447
-0.00441723 -0.0159957 0.00864916
42
1
-0.638008 12.3848 1.15683
-0.00545367 -0.0166846 0.00718652
43
1
-0.622242 12.421 1.14246
-0.00745715 -0.0185188 0.00634673
44
1
-0.602367 12.4579 1.13006
-0.0134163 -0.0215571 0.00369534
45
1
-0.576839 12.4963 1.12055
-0.0153569 -0.0199599 0.00163778
46
1
-0.546091 12.5334 1.11184
-0.0136684 -0.0156587 0.00153708
47
1
-0.511205 12.567 1.10287
-0.0171838 -0.0159783 0.000507929
48
1
-0.470834 12.5975 1.09016
-0.0215101 -0.0161125 0.00543345
49
1
-0.424841 12.6233 1.07199
-0.030499 -0.0120556 0.0163807
50
1
-0.36965 12.6427 1.0495
-0.0426129 -0.00403724 0.0260229
51
1
-0.312371 12.6725 1.02426
-0.0444471 -0.000389499 0.00976313
52
1
-0.255971 12.708 1.00724
-0.0275059 -0.0262147 -0.00976401
53
1
-0.19365 12.7437 0.967751
-0.00613086 -0.0549041 0.0538616
54
1
-0.179392 12.8325 0.936097
-0.0414684 -0.0103613 0.00322549
55
1
-0.119762 12.8938 0.872633
0.0257552 -0.0373826 0.00736141
56
1
-0.0440073 13.1075 1.16975
0.000108815 -0.0105868 0.0336441
57
1
-0.0273028 13.4871 0.201113
0.0042963 0.0235993 0.061551
58
1
-0.0659762 13.8751 0.000174885
0.000242098 6.26465e-005 0.0779217
59
1
-0.0269901 13.4872 -0.201184
-0.00446516 -0.0236283 0.0615556
60
1
-0.0458808 13.1076 -1.16969
-0.00101292 0.0104564 0.0338382
61
1
-0.117199 12.9051 -0.876681
-0.0239895 0.0367151 0.00480229
62
1
-0.180807 12.8374 -0.933559
0.0381368 0.00952956 0.00597598
63
1
-0.194902 12.7494 -0.96598
0.0063504 0.0574771 0.0520548
64
1
-0.257702 12.7123 -1.00504
0.0275699 0.0270291 -0.0102505
65
1
-0.314116 12.6759 -1.02167
0.0439682 0.00107813 0.0100153
66
1
-0.371137 12.6456 -1.04711
0.042204 0.00470247 0.0263811
67
1
-0.426075 12.6256 -1.06995
0.0303179 0.0124509 0.016666
68
1
-0.471889 12.5994 -1.08843
0.0214366 0.0163415 0.00560545
69
1
-0.512084 12.5685 -1.1014
0.017155 0.0161126 0.000613932
70
1
-0.546846 12.5346 -1.11055
0.013661 0.0157557 0.00161614
71
1
-0.577512 12.4972 -1.11941
0.0153456 0.0200504 0.0017195
72
1
-0.603 12.4587 -1.12906
0.0134094 0.0216328 0.0037669
73
1
-0.622849 12.4217 -1.14157
0.00745951 0.0185742 0.00639567
74
1
-0.63859 12.3854 -1.15605
0.00545376 0.016726 0.00722398
75
1
-0.650822 12.35 -1.17377
0.00441532 0.0160296 0.00868052
76
1
-0.660541 12.3153 -1.19539
0.00132339 0.015482 0.0113164
77
1
-0.668413 12.279 -1.22156
5.93008e-005 0.0170854 0.0127967
78
1
-0.673837 12.2391 -1.25266
0.00155605 0.0201599 0.016195
79
1
-0.677029 12.1976 -1.2879
0.00157305 0.019848 0.0203651
80
1
-0.678138 12.1552 -1.32617
-0.00109826 0.0206151 0.0225097
81
1
-0.67763 12.1121 -1.36836
-0.0018966 0.0218301 0.0239039
82
1
-0.676393 12.0683 -1.4129
0.000992995 0.021413 0.0249537
83
1
-0.675158 12.0255 -1.45818
0.00152852 0.0251995 0.0270654
84
1
-0.671461 11.9814 -1.50438
-0.00187187 0.0254783 0.0251391
85
1
-0.663858 11.9377 -1.55151
-0.00513312 0.0181431 0.0206552
86
1
-0.65241 11.8951 -1.59686
-0.00853936 0.0180217 0.0211408
87
1
-0.639987 11.8508 -1.64153
-0.00989325 0.0232913 0.0227589
88
1
-0.628153 11.8022 -1.68348
-0.00452003 0.0208964 0.0172382
89
1
-0.622279 11.7512 -1.72059
-0.00269479 0.0237501 0.016274
90
1
-0.62164 11.6976 -1.75547
0.000464311 0.0308727 0.0151103
91
1
-0.622522 11.6411 -1.7898
0.000387082 0.0290715 0.0129906
92
1
-0.625243 11.5836 -1.82674
0.000517271 0.0246328 0.0128648
93
1
-0.63548 11.5249 -1.87393
0.0077148 0.0330189 0.0265138
94
1
-0.652638 11.4686 -1.93336
0.017428 0.02546 0.0360514
95
1
-0.668399 11.4197 -2.00054
0.0155978 0.019398 0.0304728
96
1
-0.668301 11.3756 -2.07499
-0.0108977 0.0228689 0.0404298
97
1
-0.65178 11.339 -2.15349
-0.0178273 0.0117334 0.0412055
98
1
-0.62711 11.3055 -2.23061
-0.00945125 0.0115316 0.028779
99
1
-0.584544 11.2576 -2.32291
-0.0312133 0.0388062 0.0591242
100
1
-0.538861 11.216 -2.42157
-0.0197331 0.00796158 0.049237
101
1
-0.499629 11.1968 -2.51785
-0.0126202 -0.0010707 0.0491386
102
1
-0.456933 11.1928 -2.59952
-0.00950919 -0.00110639 0.0237893
103
1
-0.35985 11.1694 -2.69725
-0.0659134 0.0167904 0.0380179
104
1
-0.169277 11.1168 -2.82553
-0.0647998 0.0210821 0.037794
105
1
-0.440704 6.86392 -0.0590395
0.00691284 0.0491393 0.00866551
106
1
-1.74486 13.5077 -0.077987
0.0536353 -0.0306603 -0.00540595
107
1
1.74532 13.5168 -0.0761678
0.0548578 0.0298425 0.0101703
108
1
0.442343 6.86518 -0.0506529
0.00697302 -0.0488618 -0.00948477
109
1
0.169207 11.1167 -2.82553
-0.0648008 -0.0210805 -0.0377931
110
1
0.359774 11.1693 -2.69726
-0.0659141 -0.016788 -0.0380177
111
1
0.45685 11.1928 -2.59953
-0.00950784 0.0011074 -0.0237894
112
1
0.499542 11.1968 -2.51787
-0.0126166 0.00107266 -0.0491389
113
1
0.538767 11.216 -2.42159
-0.019729 -0.00795916 -0.0492355
114
1
0.584441 11.2576 -2.32293
-0.0312084 -0.0388027 -0.0591215
115
1
0.626999 11.3055 -2.23064
-0.00944805 -0.0115299 -0.0287778
116
1
0.65166 11.339 -2.15353
-0.0178231 -0.0117304 -0.0412037
117
1
0.668169 11.3755 -2.07503
-0.0108916 -0.0228651 -0.0404271
118
1
0.668256 11.4197 -2.00058
0.0156048 -0.0193964 -0.0304736
119
1
0.652481 11.4685 -1.93341
0.0174374 -0.0254574 -0.0360529
120
1
0.635308 11.5249 -1.87398
0.00772374 -0.0330146 -0.0265124
121
1
0.625055 11.5836 -1.8268
0.000522866 -0.0246285 -0.0128627
122
1
0.622319 11.641 -1.78987
0.000393817 -0.029066 -0.0129879
123
1
0.621421 11.6975 -1.75555
0.000472462 -0.0308666 -0.0151071
124
1
0.622045 11.7512 -1.72069
-0.00268749 -0.0237442 -0.0162705
125
1
0.627902 11.8022 -1.68359
-0.00451299 -0.02089 -0.017234
126
1
0.639718 11.8508 -1.64165
-0.00988548 -0.0232818 -0.0227524
127
1
0.652121 11.895 -1.597
-0.00853264 -0.0180122 -0.0211343
128
1
0.663548 11.9376 -1.55168
-0.00512562 -0.0181327 -0.020648
129
1
0.671129 11.9813 -1.50457
-0.00186047 -0.0254633 -0.0251281
130
1
0.674804 12.0253 -1.4584
0.00154184 -0.0251825 -0.0270519
131
1
0.676017 12.0681 -1.41316
0.00100449 -0.0213951 -0.0249395
132
1
0.67723 12.1119 -1.36865
-0.00188798 -0.0218082 -0.0238868
133
1
0.677714 12.155 -1.32652
-0.00109091 -0.0205917 -0.0224896
134
1
0.676583 12.1973 -1.2883
0.00158029 -0.0198237 -0.0203411
135
1
0.673368 12.2388 -1.25313
0.00156022 -0.0201339 -0.016169
136
1
0.667918 12.2786 -1.2221
5.83911e-005 -0.0170585 -0.012773
137
1
0.660015 12.3149 -1.19601
0.00132173 -0.0154521 -0.0112907
138
1
0.650262 12.3495 -1.17447
0.00441723 -0.0159957 -0.00864917
139
1
0.638008 12.3848 -1.15683
0.00545367 -0.0166846 -0.00718653
140
1
0.622242 12.421 -1.14246
0.00745715 -0.0185188 -0.00634674
141
1
0.602368 12.4579 -1.13006
0.0134163 -0.0215571 -0.00369535
142
1
0.576839 12.4963 -1.12055
0.0153569 -0.0199599 -0.0016378
143
1
0.546091 12.5334 -1.11184
0.0136684 -0.0156587 -0.0015371
144
1
0.511205 12.567 -1.10287
0.0171838 -0.0159783 -0.00050795
145
1
0.470834 12.5975 -1.09016
0.0215101 -0.0161125 -0.00543347
146
1
0.424841 12.6233 -1.07199
0.0304989 -0.0120556 -0.0163808
147
1
0.36965 12.6427 -1.0495
0.0426128 -0.00403731 -0.026023
148
1
0.312372 12.6725 -1.02426
0.044447 -0.000389575 -0.0097633
149
1
0.255972 12.708 -1.00724
0.0275058 -0.0262146 0.00976399
150
1
0.193651 12.7437 -0.96775
0.00613068 -0.0549047 -0.0538611
151
1
0.179393 12.8325 -0.936097
0.0414677 -0.0103613 -0.00322601
152
1
0.119763 12.8938 -0.872634
-0.0257548 -0.0373824 -0.00736054
153
1
0.0440077 13.1075 -1.16975
-0.00010861 -0.010587 -0.0336437
154
1
0.0273027 13.4871 -0.201114
-0.0042963 0.0235992 -0.0615511
155
1
0.0659761 13.8751 -0.000174944
-0.000242151 6.27817e-005 -0.0779217
156
1
0.0269901 13.4872 0.201183
0.00446516 -0.0236283 -0.0615556
157
1
0.0458804 13.1076 1.16969
0.00101314 0.0104562 -0.0338386
158
1
0.117198 12.9051 0.87668
0.0239897 0.0367152 -0.00480295
159
1
0.180806 12.8374 0.933559
-0.0381371 0.00952945 -0.0059757
160
1
0.194901 12.7494 0.96598
-0.00635055 0.0574767 -0.0520551
161
1
0.257701 12.7123 1.00504
-0.02757 0.0270293 0.0102505
162
1
0.314116 12.6759 1.02167
-0.0439683 0.0010781 -0.0100151
163
1
0.371137 12.6456 1.04711
-0.042204 0.00470244 -0.026381
164
1
0.426075 12.6256 1.06995
-0.0303179 0.0124509 -0.016666
165
1
0.471889 12.5994 1.08843
-0.0214366 0.0163416 -0.00560544
166
1
0.512084 12.5685 1.1014
-0.017155 0.0161126 -0.00061392
167
1
0.546846 12.5346 1.11055
-0.013661 0.0157557 -0.00161613
168
1
0.577512 12.4972 1.11941
-0.0153456 0.0200504 -0.00171948
169
1
0.603 12.4587 1.12906
-0.0134094 0.0216328 -0.00376689
170
1
0.622849 12.4217 1.14157
-0.00745951 0.0185742 -0.00639567
171
1
0.63859 12.3854 1.15605
-0.00545377 0.016726 -0.00722397
172
1
0.650822 12.35 1.17377
-0.00441532 0.0160296 -0.00868052
173
1
0.660541 12.3153 1.19539
-0.00132339 0.015482 -0.0113164
174
1
0.668413 12.279 1.22156
-5.93004e-005 0.0170854 -0.0127967
175
1
0.673837 12.2391 1.25266
-0.00155605 0.0201599 -0.016195
176
1
0.677029 12.1976 1.2879
-0.00157305 0.019848 -0.0203651
177
1
0.678138 12.1552 1.32617
0.00109826 0.0206151 -0.0225097
178
1
0.67763 12.1121 1.36836
0.0018966 0.0218301 -0.0239039
179
1
0.676393 12.0683 1.4129
-0.000992995 0.021413 -0.0249537
180
1
0.675158 12.0255 1.45818
-0.00152852 0.0251995 -0.0270654
181
1
0.671461 11.9814 1.50438
0.00187187 0.0254783 -0.0251391
182
1
0.663858 11.9377 1.55151
0.00513312 0.0181431 -0.0206552
183
1
0.65241 11.8951 1.59686
0.00853936 0.0180217 -0.0211408
184
1
0.639987 11.8508 1.64153
0.00989325 0.0232913 -0.0227589
185
1
0.628153 11.8022 1.68348
0.00452003 0.0208964 -0.0172382
186
1
0.622279 11.7512 1.72059
0.00269479 0.0237501 -0.016274
187
1
0.62164 11.6976 1.75547
-0.000464313 0.0308727 -0.0151103
188
1
0.622522 11.6411 1.7898
-0.000387084 0.0290715 -0.0129906
189
1
0.625243 11.5836 1.82674
-0.000517274 0.0246328 -0.0128648
190
1
0.63548 11.5249 1.87393
-0.0077148 0.0330189 -0.0265138
191
1
0.652638 11.4686 1.93336
-0.017428 0.02546 -0.0360514
192
1
0.6684 11.4197 2.00054
-0.0155978 0.019398 -0.0304728
193
1
0.668301 11.3756 2.07499
0.0108977 0.0228689 -0.0404298
