194
0
1
0.821436 2.17572 1.87414
0.029266 -0.0244209 -0.0214656
1
1
0.760266 2.22095 1.91442
0.0329118 -0.0227422 -0.0203258
2
1
0.691139 2.26335 1.95295
0.0366369 -0.0203286 -0.0187865
3
1
0.614923 2.30215 1.98948
0.0404199 -0.0182636 -0.0178631
4
1
0.532083 2.3374 2.02309
0.0428055 -0.0165856 -0.0156592
5
1
0.443794 2.36917 2.05288
0.0449575 -0.0152643 -0.013433
6
1
0.350696 2.39687 2.07724
0.0471939 -0.0136916 -0.0104677
7
1
0.253429 2.41884 2.09511
0.0491641 -0.0104695 -0.00717035
8
1
0.153187 2.43378 2.10724
0.050525 -0.00633327 -0.00468083
9
1
0.0512544 2.4414 2.1138
0.0512301 -0.00215378 -0.00177502
10
1
-0.0512544 2.4414 2.1138
0.0512301 0.00215378 0.00177502
11
1
-0.153187 2.43378 2.10724
0.050525 0.00633327 0.00468083
12
1
-0.253429 2.41884 2.09511
0.0491641 0.0104695 0.00717035
13
1
-0.350696 2.39687 2.07724
0.0471939 0.0136916 0.0104677
14
1
-0.443794 2.36917 2.05288
0.0449575 0.0152643 0.013433
15
1
-0.532083 2.3374 2.02309
0.0428055 0.0165856 0.0156592
16
1
-0.614923 2.30215 1.98948
0.0404199 0.0182636 0.0178631
17
1
-0.691139 2.26335 1.95295
0.0366369 0.0203286 0.0187865
18
1
-0.760266 2.22095 1.91442
0.0329118 0.0227422 0.0203258
19
1
-0.821436 2.17572 1.87414
0.029266 0.0244209 0.0214656
20
1
-0.874755 2.12922 1.83281
0.0248742 0.0244166 0.021227
21
1
-0.92116 2.08256 1.79084
0.0217447 0.023629 0.0214917
22
1
-0.96167 2.03678 1.74852
0.0190408 0.0229173 0.021103
23
1
-0.9966 1.99157 1.70617
0.0165989 0.0225525 0.0206536
24
1
-1.02615 1.94675 1.66435
0.0136831 0.0223764 0.0204286
25
1
-1.05034 1.90244 1.62271
0.0109134 0.022547 0.0202779
26
1
-1.06827 1.85813 1.58108
0.00778839 0.0228211 0.0197435
27
1
-1.08018 1.81363 1.54002
0.00471185 0.0229243 0.0192462
28
1
-1.08676 1.76977 1.49903
0.00242164 0.022424 0.0195192
29
1
-1.08831 1.72734 1.45745
0.000270223 0.0211374 0.0204456
30
1
-1.08516 1.68664 1.41515
-0.00230078 0.0195257 0.0214969
31
1
-1.0782 1.64763 1.37203
-0.00472292 0.0181508 0.0224004
32
1
-1.06844 1.61054 1.32758
-0.00639097 0.0170938 0.0231775
33
1
-1.05617 1.57564 1.28152
-0.00744328 0.0161033 0.0239148
34
1
-1.0415 1.54279 1.23419
-0.00833113 0.0151117 0.0245414
35
1
-1.02466 1.51155 1.18612
-0.00931691 0.0142623 0.0248924
36
1
-1.00617 1.48164 1.13752
-0.0104345 0.0136484 0.0249209
37
1
-0.986187 1.45345 1.08827
-0.0116406 0.0131725 0.0247255
38
1
-0.964211 1.42778 1.03842
-0.0129123 0.0126105 0.0244188
39
1
-0.939318 1.40528 0.988486
-0.0142337 0.0117624 0.0240382
40
1
-0.910848 1.38609 0.939354
-0.015546 0.010528 0.0235987
41
1
-0.878882 1.36987 0.891694
-0.0167568 0.00888097 0.0231663
42
1
-0.844252 1.35624 0.845474
-0.0177884 0.00687129 0.0228314
43
1
-0.808117 1.34524 0.799982
-0.0185642 0.00463063 0.022661
44
1
-0.771552 1.33737 0.754291
-0.0189925 0.00233111 0.0226781
45
1
-0.735306 1.33334 0.707814
-0.0189895 0.000123585 0.0228709
46
1
-0.699888 1.33347 0.660418
-0.0185256 -0.00188218 0.0232162
47
1
-0.665725 1.33754 0.612159
-0.0176299 -0.00360994 0.0237026
48
1
-0.63328 1.34485 0.563
-0.0163748 -0.0050043 0.024323
49
1
-0.603063 1.35452 0.512743
-0.0148537 -0.00602594 0.0250565
50
1
-0.575568 1.36569 0.461138
-0.0131594 -0.00664925 0.0258651
51
1
-0.551199 1.3776 0.408006
-0.0113747 -0.00686645 0.0267032
52
1
-0.530212 1.38955 0.35329
-0.00956696 -0.00669013 0.0275267
53
1
-0.512693 1.40092 0.29706
-0.00778984 -0.00615317 0.0282975
54
1
-0.498603 1.41112 0.239461
-0.00607844 -0.00530315 0.0289822
55
1
-0.487834 1.41965 0.180693
-0.00445233 -0.00419907 0.0295512
56
1
-0.480259 1.42606 0.121
-0.00290964 -0.00290357 0.0299782
57
1
-0.475765 1.43004 0.0606652
-0.00143589 -0.00148232 0.0302431
58
1
-0.474276 1.43138 -2.36217e-016
3.03296e-017 7.29646e-017 0.0303328
59
1
-0.475765 1.43004 -0.0606652
0.00143589 0.00148232 0.0302431
60
1
-0.480259 1.42606 -0.121
0.00290964 0.00290357 0.0299782
61
1
-0.487834 1.41965 -0.180693
0.00445233 0.00419907 0.0295512
62
1
-0.498603 1.41112 -0.239461
0.00607844 0.00530315 0.0289822
63
1
-0.512693 1.40092 -0.29706
0.00778984 0.00615317 0.0282975
64
1
-0.530212 1.38955 -0.35329
0.00956696 0.00669013 0.0275267
65
1
-0.551199 1.3776 -0.408006
0.0113747 0.00686645 0.0267032
66
1
-0.575568 1.36569 -0.461138
0.0131594 0.00664925 0.0258651
67
1
-0.603063 1.35452 -0.512743
0.0148537 0.00602594 0.0250565
68
1
-0.63328 1.34485 -0.563
0.0163748 0.0050043 0.024323
69
1
-0.665725 1.33754 -0.612159
0.0176299 0.00360994 0.0237026
70
1
-0.699888 1.33347 -0.660418
0.0185256 0.00188218 0.0232162
71
1
-0.735306 1.33334 -0.707814
0.0189895 -0.000123585 0.0228709
72
1
-0.771552 1.33737 -0.754291
0.0189925 -0.00233111 0.0226781
73
1
-0.808117 1.34524 -0.799982
0.0185642 -0.00463063 0.022661
74
1
-0.844252 1.35624 -0.845474
0.0177884 -0.00687129 0.0228314
75
1
-0.878882 1.36987 -0.891694
0.0167568 -0.00888097 0.0231663
76
1
-0.910848 1.38609 -0.939354
0.015546 -0.010528 0.0235987
77
1
-0.939318 1.40528 -0.988486
0.0142337 -0.0117624 0.0240382
78
1
-0.964211 1.42778 -1.03842
0.0129123 -0.0126105 0.0244188
79
1
-0.986187 1.45345 -1.08827
0.0116406 -0.0131725 0.0247255
80
1
-1.00617 1.48164 -1.13752
0.0104345 -0.0136484 0.0249209
81
1
-1.02466 1.51155 -1.18612
0.00931691 -0.0142623 0.0248924
82
1
-1.0415 1.54279 -1.23419
0.00833113 -0.0151117 0.0245414
83
1
-1.05617 1.57564 -1.28152
0.00744328 -0.0161033 0.0239148
84
1
-1.06844 1.61054 -1.32758
0.00639097 -0.0170938 0.0231775
85
1
-1.0782 1.64763 -1.37203
0.00472292 -0.0181508 0.0224004
86
1
-1.08516 1.68664 -1.41515
0.00230078 -0.0195257 0.0214969
87
1
-1.08831 1.72734 -1.45745
-0.000270223 -0.0211374 0.0204456
88
1
-1.08676 1.76977 -1.49903
-0.00242164 -0.022424 0.0195192
89
1
-1.08018 1.81363 -1.54002
-0.00471185 -0.0229243 0.0192462
90
1
-1.06827 1.85813 -1.58108
-0.00778839 -0.0228211 0.0197435
91
1
-1.05034 1.90244 -1.62271
-0.0109134 -0.022547 0.0202779
92
1
-1.02615 1.94675 -1.66435
-0.0136831 -0.0223764 0.0204286
93
1
-0.9966 1.99157 -1.70617
-0.0165989 -0.0225525 0.0206536
94
1
-0.96167 2.03678 -1.74852
-0.0190408 -0.0229173 0.021103
95
1
-0.92116 2.08256 -1.79084
-0.0217447 -0.023629 0.0214917
96
1
-0.874755 2.12922 -1.83281
-0.0248742 -0.0244166 0.021227
97
1
-0.821436 2.17572 -1.87414
-0.029266 -0.0244209 0.0214656
98
1
-0.760266 2.22095 -1.91442
-0.0329118 -0.0227422 0.0203258
99
1
-0.691139 2.26335 -1.95295
-0.0366369 -0.0203286 0.0187865
100
1
-0.614923 2.30215 -1.98948
-0.0404199 -0.0182636 0.0178631
101
1
-0.532083 2.3374 -2.02309
-0.0428055 -0.0165856 0.0156592
102
1
-0.443794 2.36917 -2.05288
-0.0449575 -0.0152643 0.013433
103
1
-0.350696 2.39687 -2.07724
-0.0471939 -0.0136916 0.0104677
104
1
-0.253429 2.41884 -2.09511
-0.0491641 -0.0104695 0.00717035
105
1
-0.153187 2.43378 -2.10724
-0.050525 -0.00633327 0.00468083
106
1
-0.0512544 2.4414 -2.1138
-0.0512301 -0.00215378 0.00177502
107
1
0.0512544 2.4414 -2.1138
-0.0512301 0.00215378 -0.00177502
108
1
0.153187 2.43378 -2.10724
-0.050525 0.00633327 -0.00468083
109
1
0.253429 2.41884 -2.09511
-0.0491641 0.0104695 -0.00717035
110
1
0.350696 2.39687 -2.07724
-0.0471939 0.0136916 -0.0104677
111
1
0.443794 2.36917 -2.05288
-0.0449575 0.0152643 -0.013433
112
1
0.532083 2.3374 -2.02309
-0.0428055 0.0165856 -0.0156592
113
1
0.614923 2.30215 -1.98948
-0.0404199 0.0182636 -0.0178631
114
1
0.691139 2.26335 -1.95295
-0.0366369 0.0203286 -0.0187865
115
1
0.760266 2.22095 -1.91442
-0.0329118 0.0227422 -0.0203258
116
1
0.821436 2.17572 -1.87414
-0.029266 0.0244209 -0.0214656
117
1
0.874755 2.12922 -1.83281
-0.0248742 0.0244166 -0.021227
118
1
0.92116 2.08256 -1.79084
-0.0217447 0.023629 -0.0214917
119
1
0.96167 2.03678 -1.74852
-0.0190408 0.0229173 -0.021103
120
1
0.9966 1.99157 -1.70617
-0.0165989 0.0225525 -0.0206536
121
1
1.02615 1.94675 -1.66435
-0.0136831 0.0223764 -0.0204286
122
1
1.05034 1.90244 -1.62271
-0.0109134 0.022547 -0.0202779
123
1
1.06827 1.85813 -1.58108
-0.00778839 0.0228211 -0.0197435
124
1
1.08018 1.81363 -1.54002
-0.00471185 0.0229243 -0.0192462
125
1
1.08676 1.76977 -1.49903
-0.00242164 0.022424 -0.0195192
126
1
1.08831 1.72734 -1.45745
-0.000270223 0.0211374 -0.0204456
127
1
1.08516 1.68664 -1.41515
0.00230078 0.0195257 -0.0214969
128
1
1.0782 1.64763 -1.37203
0.00472292 0.0181508 -0.0224004
129
1
1.06844 1.61054 -1.32758
0.00639097 0.0170938 -0.0231775
130
1
1.05617 1.57564 -1.28152
0.00744328 0.0161033 -0.0239148
131
1
1.0415 1.54279 -1.23419
0.00833113 0.0151117 -0.0245414
132
1
1.02466 1.51155 -1.18612
0.00931691 0.0142623 -0.0248924
133
1
1.00617 1.48164 -1.13752
0.0104345 0.0136484 -0.0249209
134
1
0.986187 1.45345 -1.08827
0.0116406 0.0131725 -0.0247255
135
1
0.964211 1.42778 -1.03842
0.0129123 0.0126105 -0.0244188
136
1
0.939318 1.40528 -0.988486
0.0142337 0.0117624 -0.0240382
137
1
0.910848 1.38609 -0.939354
0.015546 0.010528 -0.0235987
138
1
0.878882 1.36987 -0.891694
0.0167568 0.00888097 -0.0231663
139
1
0.844252 1.35624 -0.845474
0.0177884 0.00687129 -0.0228314
140
1
0.808117 1.34524 -0.799982
0.0185642 0.00463063 -0.022661
141
1
0.771552 1.33737 -0.754291
0.0189925 0.00233111 -0.0226781
142
1
0.735306 1.33334 -0.707814
0.0189895 0.000123585 -0.0228709
143
1
0.699888 1.33347 -0.660418
0.0185256 -0.00188218 -0.0232162
144
1
0.665725 1.33754 -0.612159
0.0176299 -0.00360994 -0.0237026
145
1
0.63328 1.34485 -0.563
0.0163748 -0.0050043 -0.024323
146
1
0.603063 1.35452 -0.512743
0.0148537 -0.00602594 -0.0250565
147
1
0.575568 1.36569 -0.461138
0.0131594 -0.00664925 -0.0258651
148
1
0.551199 1.3776 -0.408006
0.0113747 -0.00686645 -0.0267032
149
1
0.530212 1.38955 -0.35329
0.00956696 -0.00669013 -0.0275267
150
1
0.512693 1.40092 -0.29706
0.00778984 -0.00615317 -0.0282975
151
1
0.498603 1.41112 -0.239461
0.00607844 -0.00530315 -0.0289822
152
1
0.487834 1.41965 -0.180693
0.00445233 -0.00419907 -0.0295512
153
1
0.480259 1.42606 -0.121
0.00290964 -0.00290357 -0.0299782
154
1
0.475765 1.43004 -0.0606652
0.00143589 -0.00148232 -0.0302431
155
1
0.474276 1.43138 -1.06178e-016
1.13932e-016 -3.94647e-017 -0.0303328
156
1
0.475765 1.43004 0.0606652
-0.00143589 0.00148232 -0.0302431
157
1
0.480259 1.42606 0.121
-0.00290964 0.00290357 -0.0299782
158
1
0.487834 1.41965 0.180693
-0.00445233 0.00419907 -0.0295512
159
1
0.498603 1.41112 0.239461
-0.00607844 0.00530315 -0.0289822
160
1
0.512693 1.40092 0.29706
-0.00778984 0.00615317 -0.0282975
161
1
0.530212 1.38955 0.35329
-0.00956696 0.00669013 -0.0275267
162
1
0.551199 1.3776 0.408006
-0.0113747 0.00686645 -0.0267032
163
1
0.575568 1.36569 0.461138
-0.0131594 0.00664925 -0.0258651
164
1
0.603063 1.35452 0.512743
-0.0148537 0.00602594 -0.0250565
165
1
0.63328 1.34485 0.563
-0.0163748 0.0050043 -0.024323
166
1
0.665725 1.33754 0.612159
-0.0176299 0.00360994 -0.0237026
167
1
0.699888 1.33347 0.660418
-0.0185256 0.00188218 -0.0232162
168
1
0.735306 1.33334 0.707814
-0.0189895 -0.000123585 -0.0228709
169
1
0.771552 1.33737 0.754291
-0.0189925 -0.00233111 -0.0226781
170
1
0.808117 1.34524 0.799982
-0.0185642 -0.00463063 -0.022661
171
1
0.844252 1.35624 0.845474
-0.0177884 -0.00687129 -0.0228314
172
1
0.878882 1.36987 0.891694
-0.0167568 -0.00888097 -0.0231663
173
1
0.910848 1.38609 0.939354
-0.015546 -0.010528 -0.0235987
174
1
0.939318 1.40528 0.988486
-0.0142337 -0.0117624 -0.0240382
175
1
0.964211 1.42778 1.03842
-0.0129123 -0.0126105 -0.0244188
176
1
0.986187 1.45345 1.08827
-0.0116406 -0.0131725 -0.0247255
177
1
1.00617 1.48164 1.13752
-0.0104345 -0.0136484 -0.0249209
178
1
1.02466 1.51155 1.18612
-0.00931691 -0.0142623 -0.0248924
179
1
1.0415 1.54279 1.23419
-0.00833113 -0.0151117 -0.0245414
180
1
1.05617 1.57564 1.28152
-0.00744328 -0.0161033 -0.0239148
181
1
1.06844 1.61054 1.32758
-0.00639097 -0.0170938 -0.0231775
182
1
1.0782 1.64763 1.37203
-0.00472292 -0.0181508 -0.0224004
183
1
1.08516 1.68664 1.41515
-0.00230078 -0.0195257 -0.0214969
184
1
1.08831 1.72734 1.45745
0.000270223 -0.0211374 -0.0204456
185
1
1.08676 1.76977 1.49903
0.00242164 -0.022424 -0.0195192
186
1
1.08018 1.81363 1.54002
0.00471185 -0.0229243 -0.0192462
187
1
1.06827 1.85813 1.58108
0.00778839 -0.0228211 -0.0197435
188
1
1.05034 1.90244 1.62271
0.0109134 -0.022547 -0.0202779
189
1
1.02615 1.94675 1.66435
0.0136831 -0.0223764 -0.0204286
190
1
0.9966 1.99157 1.70617
0.0165989 -0.0225525 -0.0206536
191
1
0.96167 2.03678 1.74852
0.0190408 -0.0229173 -0.021103
192
1
0.92116 2.08256 1.79084
0.0217447 -0.023629 -0.0214917
193
1
0.874755 2.12922 1.83281
0.0248742 -0.0244166 -0.021227
