194
0
1
0.62241 1.235 2.63294
0.0148178 -0.0229891 -0.028725
1
1
0.587362 1.28097 2.68498
0.0190676 -0.0232188 -0.0261377
2
1
0.544014 1.32736 2.73266
0.0237665 -0.0226973 -0.0228781
3
1
0.49147 1.37222 2.775
0.0289071 -0.0215446 -0.0199449
4
1
0.430824 1.41462 2.81183
0.032191 -0.0202789 -0.0168888
5
1
0.363045 1.45358 2.84205
0.0349418 -0.0186796 -0.0132222
6
1
0.28919 1.48749 2.86496
0.0377815 -0.0159487 -0.00960465
7
1
0.210335 1.51424 2.88143
0.0401524 -0.0121203 -0.00651366
8
1
0.127736 1.53277 2.89224
0.0418867 -0.00760075 -0.00371444
9
1
0.0428399 1.54235 2.89768
0.042826 -0.0025866 -0.00118196
10
1
-0.0428399 1.54235 2.89768
0.042826 0.0025866 0.00118196
11
1
-0.127736 1.53277 2.89224
0.0418867 0.00760075 0.00371444
12
1
-0.210335 1.51424 2.88143
0.0401524 0.0121203 0.00651366
13
1
-0.28919 1.48749 2.86496
0.0377815 0.0159487 0.00960465
14
1
-0.363045 1.45358 2.84205
0.0349418 0.0186796 0.0132222
15
1
-0.430824 1.41462 2.81183
0.032191 0.0202789 0.0168888
16
1
-0.49147 1.37222 2.775
0.0289071 0.0215446 0.0199449
17
1
-0.544014 1.32736 2.73266
0.0237665 0.0226973 0.0228781
18
1
-0.587362 1.28097 2.68498
0.0190676 0.0232188 0.0261377
19
1
-0.62241 1.235 2.63294
0.0148178 0.0229891 0.028725
20
1
-0.65073 1.19075 2.57797
0.0110547 0.0217577 0.0297116
21
1
-0.673616 1.14858 2.52104
0.00926938 0.0204857 0.0298667
22
1
-0.692633 1.10818 2.46334
0.0079505 0.019422 0.0295137
23
1
-0.708463 1.06984 2.40517
0.00657119 0.0183367 0.0295925
24
1
-0.720269 1.03345 2.34664
0.00418888 0.0175316 0.0295498
25
1
-0.727709 0.99835 2.28815
0.00147314 0.0173866 0.0291317
26
1
-0.73123 0.965034 2.22936
-0.000810987 0.0171663 0.0288449
27
1
-0.73021 0.934555 2.16985
-0.00279426 0.0162422 0.0288494
28
1
-0.723957 0.907274 2.10992
-0.0047297 0.0146794 0.0289973
29
1
-0.712702 0.88277 2.0501
-0.006478 0.0127421 0.0292561
30
1
-0.697935 0.860636 1.99044
-0.00782638 0.0106173 0.029683
31
1
-0.681372 0.841039 1.93036
-0.00870709 0.00845734 0.0302616
32
1
-0.66431 0.824544 1.8692
-0.00912982 0.00642315 0.0309122
33
1
-0.647432 0.811607 1.80663
-0.00913442 0.0046314 0.0315607
34
1
-0.63101 0.80223 1.74269
-0.00879119 0.00313046 0.0321749
35
1
-0.615254 0.795956 1.67753
-0.00818742 0.00191658 0.0327554
36
1
-0.60041 0.792132 1.61131
-0.00742181 0.00096554 0.0333083
37
1
-0.58675 0.790127 1.54407
-0.00658392 0.00024611 0.0338327
38
1
-0.574458 0.78944 1.47587
-0.00574177 -0.000273958 0.0343238
39
1
-0.563622 0.789682 1.40675
-0.00494118 -0.000627198 0.0347769
40
1
-0.554231 0.790572 1.33678
-0.00420778 -0.000846281 0.0351901
41
1
-0.546188 0.791887 1.26602
-0.00355309 -0.000962162 0.0355642
42
1
-0.539372 0.79345 1.19455
-0.00297987 -0.00100248 0.035901
43
1
-0.533635 0.79513 1.12244
-0.00248512 -0.000990134 0.0362029
44
1
-0.528835 0.796826 1.04976
-0.00206289 -0.000943163 0.0364722
45
1
-0.524837 0.798467 0.976576
-0.00170582 -0.000875106 0.0367113
46
1
-0.52152 0.80001 0.90294
-0.00140582 -0.000795505 0.0369225
47
1
-0.51878 0.801426 0.828906
-0.00115512 -0.000711232 0.0371079
48
1
-0.516524 0.802702 0.754526
-0.000946142 -0.000626872 0.0372696
49
1
-0.514676 0.803831 0.679844
-0.000771959 -0.000545347 0.0374096
50
1
-0.513167 0.804817 0.604902
-0.000626419 -0.000467959 0.0375297
51
1
-0.511947 0.80566 0.529738
-0.000504524 -0.000395503 0.0376316
52
1
-0.510965 0.806372 0.454387
-0.000401685 -0.000327813 0.0377168
53
1
-0.51019 0.806958 0.378881
-0.000314318 -0.000265023 0.0377867
54
1
-0.509591 0.807425 0.30325
-0.000238666 -0.000206462 0.0378423
55
1
-0.509146 0.807781 0.227521
-0.000172287 -0.00015177 0.0378846
56
1
-0.508839 0.808031 0.15172
-0.000111916 -9.94701e-005 0.0379143
57
1
-0.508661 0.80818 0.0758717
-5.52535e-005 -4.92219e-005 0.0379319
58
1
-0.5086 0.808231 -2.35291e-017
-8.11764e-018 3.38203e-019 0.0379378
59
1
-0.508661 0.80818 -0.0758717
5.52535e-005 4.92219e-005 0.0379319
60
1
-0.508839 0.808031 -0.15172
0.000111916 9.94701e-005 0.0379143
61
1
-0.509146 0.807781 -0.227521
0.000172287 0.00015177 0.0378846
62
1
-0.509591 0.807425 -0.30325
0.000238666 0.000206462 0.0378423
63
1
-0.51019 0.806958 -0.378881
0.000314318 0.000265023 0.0377867
64
1
-0.510965 0.806372 -0.454387
0.000401685 0.000327813 0.0377168
65
1
-0.511947 0.80566 -0.529738
0.000504524 0.000395503 0.0376316
66
1
-0.513167 0.804817 -0.604902
0.000626419 0.000467959 0.0375297
67
1
-0.514676 0.803831 -0.679844
0.000771959 0.000545347 0.0374096
68
1
-0.516524 0.802702 -0.754526
0.000946142 0.000626872 0.0372696
69
1
-0.51878 0.801426 -0.828906
0.00115512 0.000711232 0.0371079
70
1
-0.52152 0.80001 -0.90294
0.00140582 0.000795505 0.0369225
71
1
-0.524837 0.798467 -0.976576
0.00170582 0.000875106 0.0367113
72
1
-0.528835 0.796826 -1.04976
0.00206289 0.000943163 0.0364722
73
1
-0.533635 0.79513 -1.12244
0.00248512 0.000990134 0.0362029
74
1
-0.539372 0.79345 -1.19455
0.00297987 0.00100248 0.035901
75
1
-0.546188 0.791887 -1.26602
0.00355309 0.000962162 0.0355642
76
1
-0.554231 0.790572 -1.33678
0.00420778 0.000846281 0.0351901
77
1
-0.563622 0.789682 -1.40675
0.00494118 0.000627198 0.0347769
78
1
-0.574458 0.78944 -1.47587
0.00574177 0.000273958 0.0343238
79
1
-0.58675 0.790127 -1.54407
0.00658392 -0.00024611 0.0338327
80
1
-0.60041 0.792132 -1.61131
0.00742181 -0.00096554 0.0333083
81
1
-0.615254 0.795956 -1.67753
0.00818742 -0.00191658 0.0327554
82
1
-0.63101 0.80223 -1.74269
0.00879119 -0.00313046 0.0321749
83
1
-0.647432 0.811607 -1.80663
0.00913442 -0.0046314 0.0315607
84
1
-0.66431 0.824544 -1.8692
0.00912982 -0.00642315 0.0309122
85
1
-0.681372 0.841039 -1.93036
0.00870709 -0.00845734 0.0302616
86
1
-0.697935 0.860636 -1.99044
0.00782638 -0.0106173 0.029683
87
1
-0.712702 0.88277 -2.0501
0.006478 -0.0127421 0.0292561
88
1
-0.723957 0.907274 -2.10992
0.0047297 -0.0146794 0.0289973
89
1
-0.73021 0.934555 -2.16985
0.00279426 -0.0162422 0.0288494
90
1
-0.73123 0.965034 -2.22936
0.000810987 -0.0171663 0.0288449
91
1
-0.727709 0.99835 -2.28815
-0.00147314 -0.0173866 0.0291317
92
1
-0.720269 1.03345 -2.34664
-0.00418888 -0.0175316 0.0295498
93
1
-0.708463 1.06984 -2.40517
-0.00657119 -0.0183367 0.0295925
94
1
-0.692633 1.10818 -2.46334
-0.0079505 -0.019422 0.0295137
95
1
-0.673616 1.14858 -2.52104
-0.00926938 -0.0204857 0.0298667
96
1
-0.65073 1.19075 -2.57797
-0.0110547 -0.0217577 0.0297116
97
1
-0.62241 1.235 -2.63294
-0.0148178 -0.0229891 0.028725
98
1
-0.587362 1.28097 -2.68498
-0.0190676 -0.0232188 0.0261377
99
1
-0.544014 1.32736 -2.73266
-0.0237665 -0.0226973 0.0228781
100
1
-0.49147 1.37222 -2.775
-0.0289071 -0.0215446 0.0199449
101
1
-0.430824 1.41462 -2.81183
-0.032191 -0.0202789 0.0168888
102
1
-0.363045 1.45358 -2.84205
-0.0349418 -0.0186796 0.0132222
103
1
-0.28919 1.48749 -2.86496
-0.0377815 -0.0159487 0.00960465
104
1
-0.210335 1.51424 -2.88143
-0.0401524 -0.0121203 0.00651366
105
1
-0.127736 1.53277 -2.89224
-0.0418867 -0.00760075 0.00371444
106
1
-0.0428399 1.54235 -2.89768
-0.042826 -0.0025866 0.00118196
107
1
0.0428399 1.54235 -2.89768
-0.042826 0.0025866 -0.00118196
108
1
0.127736 1.53277 -2.89224
-0.0418867 0.00760075 -0.00371444
109
1
0.210335 1.51424 -2.88143
-0.0401524 0.0121203 -0.00651366
110
1
0.28919 1.48749 -2.86496
-0.0377815 0.0159487 -0.00960465
111
1
0.363045 1.45358 -2.84205
-0.0349418 0.0186796 -0.0132222
112
1
0.430824 1.41462 -2.81183
-0.032191 0.0202789 -0.0168888
113
1
0.49147 1.37222 -2.775
-0.0289071 0.0215446 -0.0199449
114
1
0.544014 1.32736 -2.73266
-0.0237665 0.0226973 -0.0228781
115
1
0.587362 1.28097 -2.68498
-0.0190676 0.0232188 -0.0261377
116
1
0.62241 1.235 -2.63294
-0.0148178 0.0229891 -0.028725
117
1
0.65073 1.19075 -2.57797
-0.0110547 0.0217577 -0.0297116
118
1
0.673616 1.14858 -2.52104
-0.00926938 0.0204857 -0.0298667
119
1
0.692633 1.10818 -2.46334
-0.0079505 0.019422 -0.0295137
120
1
0.708463 1.06984 -2.40517
-0.00657119 0.0183367 -0.0295925
121
1
0.720269 1.03345 -2.34664
-0.00418888 0.0175316 -0.0295498
122
1
0.727709 0.99835 -2.28815
-0.00147314 0.0173866 -0.0291317
123
1
0.73123 0.965034 -2.22936
0.000810987 0.0171663 -0.0288449
124
1
0.73021 0.934555 -2.16985
0.00279426 0.0162422 -0.0288494
125
1
0.723957 0.907274 -2.10992
0.0047297 0.0146794 -0.0289973
126
1
0.712702 0.88277 -2.0501
0.006478 0.0127421 -0.0292561
127
1
0.697935 0.860636 -1.99044
0.00782638 0.0106173 -0.029683
128
1
0.681372 0.841039 -1.93036
0.00870709 0.00845734 -0.0302616
129
1
0.66431 0.824544 -1.8692
0.00912982 0.00642315 -0.0309122
130
1
0.647432 0.811607 -1.80663
0.00913442 0.0046314 -0.0315607
131
1
0.63101 0.80223 -1.74269
0.00879119 0.00313046 -0.0321749
132
1
0.615254 0.795956 -1.67753
0.00818742 0.00191658 -0.0327554
133
1
0.60041 0.792132 -1.61131
0.00742181 0.00096554 -0.0333083
134
1
0.58675 0.790127 -1.54407
0.00658392 0.00024611 -0.0338327
135
1
0.574458 0.78944 -1.47587
0.00574177 -0.000273958 -0.0343238
136
1
0.563622 0.789682 -1.40675
0.00494118 -0.000627198 -0.0347769
137
1
0.554231 0.790572 -1.33678
0.00420778 -0.000846281 -0.0351901
138
1
0.546188 0.791887 -1.26602
0.00355309 -0.000962162 -0.0355642
139
1
0.539372 0.79345 -1.19455
0.00297987 -0.00100248 -0.035901
140
1
0.533635 0.79513 -1.12244
0.00248512 -0.000990134 -0.0362029
141
1
0.528835 0.796826 -1.04976
0.00206289 -0.000943163 -0.0364722
142
1
0.524837 0.798467 -0.976576
0.00170582 -0.000875106 -0.0367113
143
1
0.52152 0.80001 -0.90294
0.00140582 -0.000795505 -0.0369225
144
1
0.51878 0.801426 -0.828906
0.00115512 -0.000711232 -0.0371079
145
1
0.516524 0.802702 -0.754526
0.000946142 -0.000626872 -0.0372696
146
1
0.514676 0.803831 -0.679844
0.000771959 -0.000545347 -0.0374096
147
1
0.513167 0.804817 -0.604902
0.000626419 -0.000467959 -0.0375297
148
1
0.511947 0.80566 -0.529738
0.000504524 -0.000395503 -0.0376316
149
1
0.510965 0.806372 -0.454387
0.000401685 -0.000327813 -0.0377168
150
1
0.51019 0.806958 -0.378881
0.000314318 -0.000265023 -0.0377867
151
1
0.509591 0.807425 -0.30325
0.000238666 -0.000206462 -0.0378423
152
1
0.509146 0.807781 -0.227521
0.000172287 -0.00015177 -0.0378846
153
1
0.508839 0.808031 -0.15172
0.000111916 -9.94701e-005 -0.0379143
154
1
0.508661 0.80818 -0.0758717
5.52535e-005 -4.92219e-005 -0.0379319
155
1
0.5086 0.808231 -1.25023e-017
1.38574e-017 1.31371e-017 -0.0379378
156
1
0.508661 0.80818 0.0758717
-5.52535e-005 4.92219e-005 -0.0379319
157
1
0.508839 0.808031 0.15172
-0.000111916 9.94701e-005 -0.0379143
158
1
0.509146 0.807781 0.227521
-0.000172287 0.00015177 -0.0378846
159
1
0.509591 0.807425 0.30325
-0.000238666 0.000206462 -0.0378423
160
1
0.51019 0.806958 0.378881
-0.000314318 0.000265023 -0.0377867
161
1
0.510965 0.806372 0.454387
-0.000401685 0.000327813 -0.0377168
162
1
0.511947 0.80566 0.529738
-0.000504524 0.000395503 -0.0376316
163
1
0.513167 0.804817 0.604902
-0.000626419 0.000467959 -0.0375297
164
1
0.514676 0.803831 0.679844
-0.000771959 0.000545347 -0.0374096
165
1
0.516524 0.802702 0.754526
-0.000946142 0.000626872 -0.0372696
166
1
0.51878 0.801426 0.828906
-0.00115512 0.000711232 -0.0371079
167
1
0.52152 0.80001 0.90294
-0.00140582 0.000795505 -0.0369225
168
1
0.524837 0.798467 0.976576
-0.00170582 0.000875106 -0.0367113
169
1
0.528835 0.796826 1.04976
-0.00206289 0.000943163 -0.0364722
170
1
0.533635 0.79513 1.12244
-0.00248512 0.000990134 -0.0362029
171
1
0.539372 0.79345 1.19455
-0.00297987 0.00100248 -0.035901
172
1
0.546188 0.791887 1.26602
-0.00355309 0.000962162 -0.0355642
173
1
0.554231 0.790572 1.33678
-0.00420778 0.000846281 -0.0351901
174
1
0.563622 0.789682 1.40675
-0.00494118 0.000627198 -0.0347769
175
1
0.574458 0.78944 1.47587
-0.00574177 0.000273958 -0.0343238
176
1
0.58675 0.790127 1.54407
-0.00658392 -0.00024611 -0.0338327
177
1
0.60041 0.792132 1.61131
-0.00742181 -0.00096554 -0.0333083
178
1
0.615254 0.795956 1.67753
-0.00818742 -0.00191658 -0.0327554
179
1
0.63101 0.80223 1.74269
-0.00879119 -0.00313046 -0.0321749
180
1
0.647432 0.811607 1.80663
-0.00913442 -0.0046314 -0.0315607
181
1
0.66431 0.824544 1.8692
-0.00912982 -0.00642315 -0.0309122
182
1
0.681372 0.841039 1.93036
-0.00870709 -0.00845734 -0.0302616
183
1
0.697935 0.860636 1.99044
-0.00782638 -0.0106173 -0.029683
184
1
0.712702 0.88277 2.0501
-0.006478 -0.0127421 -0.0292561
185
1
0.723957 0.907274 2.10992
-0.0047297 -0.0146794 -0.0289973
186
1
0.73021 0.934555 2.16985
-0.00279426 -0.0162422 -0.0288494
187
1
0.73123 0.965034 2.22936
-0.000810987 -0.0171663 -0.0288449
188
1
0.727709 0.99835 2.28815
0.00147314 -0.0173866 -0.0291317
189
1
0.720269 1.03345 2.34664
0.00418888 -0.0175316 -0.0295498
190
1
0.708463 1.06984 2.40517
0.00657119 -0.0183367 -0.0295925
191
1
0.692633 1.10818 2.46334
0.0079505 -0.019422 -0.0295137
192
1
0.673616 1.14858 2.52104
0.00926938 -0.0204857 -0.0298667
193
1
0.65073 1.19075 2.57797
0.0110547 -0.0217577 -0.0297116
