194
0
1
0.847349 12.6924 3.04406
-0.00484484 0.0120621 -0.0273717
1
1
0.839391 12.6531 3.09405
0.00324791 0.0147466 -0.020251
2
1
0.805798 12.5962 3.15578
0.0360391 0.0407402 -0.0273899
3
1
0.749628 12.5349 3.20753
0.0386984 0.032188 -0.0205401
4
1
0.669722 12.4767 3.24715
0.0532532 0.0282395 -0.0153993
5
1
0.589136 12.4307 3.27637
0.0207085 0.00922527 -0.0100406
6
1
0.449394 12.3835 3.33056
0.0673555 0.015866 -0.0260269
7
1
0.209139 12.3367 3.40488
0.0742966 0.00842682 -0.0144681
8
1
0.833428 6.25989 0.09506
0.0463586 -0.020208 -0.00446234
9
1
0.679331 11.5761 0.585353
0.0673596 0.0166135 0.00116588
10
1
-0.665431 11.6605 -0.67259
0.0455451 0.0367957 0.0479332
11
1
-0.843231 6.25564 0.0142184
0.0440143 0.0202524 0.0133831
12
1
-0.208526 12.3367 3.40432
0.0741037 -0.0082465 0.0145062
13
1
-0.446984 12.3837 3.33091
0.0669133 -0.0155205 0.0253282
14
1
-0.584451 12.4313 3.27885
0.0202287 -0.00922404 0.00949402
15
1
-0.662872 12.4778 3.25199
0.0517418 -0.028239 0.0135306
16
1
-0.739272 12.5376 3.21486
0.0363571 -0.0341548 0.0190441
17
1
-0.790995 12.6005 3.16532
0.0329376 -0.0423218 0.0257571
18
1
-0.821035 12.6565 3.10508
0.00246018 -0.0139291 0.020071
19
1
-0.828256 12.6933 3.05579
-0.00546968 -0.0103257 0.0271364
20
1
-0.818297 12.7248 2.99063
-0.0213066 -0.0135213 0.0425514
21
1
-0.79641 12.752 2.91591
-0.00371212 -0.0128642 0.028292
22
1
-0.765014 12.7828 2.82671
-0.0249464 -0.0185836 0.0653448
23
1
-0.731284 12.8137 2.74517
-0.017705 -0.0168477 0.031909
24
1
-0.706641 12.8397 2.68094
0.000448871 -0.00755527 0.00875839
25
1
-0.69132 12.8688 2.63113
-0.00516491 -0.0108052 0.017029
26
1
-0.68389 12.8899 2.57007
-0.00869278 -0.00486433 0.0346554
27
1
-0.674516 12.9043 2.51134
0.0016961 -0.0179723 0.051704
28
1
-0.668604 12.9202 2.44455
-0.00386477 -0.0150098 0.0383873
29
1
-0.662532 12.9278 2.38233
-0.00613447 -0.000394107 0.0269985
30
1
-0.656638 12.9267 2.3295
-0.00209618 0.00873767 0.0183063
31
1
-0.65218 12.9206 2.28262
-0.000505601 0.00914139 0.0148029
32
1
-0.648538 12.912 2.23582
-0.00206266 0.00449001 0.0119538
33
1
-0.643562 12.9058 2.18824
-0.000259362 0.000672691 0.0284378
34
1
-0.636604 12.9014 2.13711
-0.00359974 -0.00130746 0.0305895
35
1
-0.626908 12.8976 2.08022
-0.00749537 0.00294095 0.0222986
36
1
-0.614053 12.8932 2.0193
-0.0094637 0.00106041 0.0375448
37
1
-0.60258 12.8889 1.95409
-0.00542286 0.00311008 0.0461326
38
1
-0.594363 12.8839 1.8886
0.000850953 0.00761024 0.0304576
39
1
-0.586909 12.8785 1.82585
-0.00163362 0.00464383 0.0168811
40
1
-0.574014 12.877 1.76322
-0.0112466 -0.00117741 0.0327853
41
1
-0.562821 12.8864 1.69998
-0.0172182 -0.00921731 0.0554778
42
1
-0.560658 12.894 1.63704
0.00195215 -0.0113762 0.0538066
43
1
-0.559176 12.9021 1.57293
0.016651 -0.000990121 0.0507291
44
1
-0.567916 12.9154 1.51163
-0.00555909 -0.000884408 0.00907456
45
1
-0.566165 12.9323 1.44475
0.0189248 -0.0308797 0.0616153
46
1
-0.555189 12.9411 1.38485
0.00135775 0.0097254 0.0773009
47
1
-0.541775 12.9484 1.34042
-0.0309576 -0.00246141 0.00248952
48
1
-0.511067 12.9434 1.27914
-0.00971787 -0.0202323 0.0171903
49
1
-0.470807 12.9263 1.21082
0.00037686 0.00327918 0.0196803
50
1
-0.436324 12.9322 1.17125
-0.0310806 -0.0396959 0.0557181
51
1
-0.414639 13.0033 1.14915
0.0173061 -0.00257019 0.00970743
52
1
-0.350049 13.0299 1.21437
-0.0256884 -0.0248725 -0.0406572
53
1
-0.333513 12.804 1.00726
0.0453107 0.0236817 0.0588045
54
1
-0.396747 12.7934 0.89858
0.0379176 -0.000535964 0.0680722
55
1
-0.443149 12.6616 0.803838
-0.0229317 0.00227998 -0.011333
56
1
0.378937 15.3109 1.33841
-0.0560556 -0.0316096 0.0365685
57
1
-0.186697 13.4912 0.0073505
-0.0395881 -0.0205266 -0.0180568
58
1
0.0584571 16.641 0.0190518
0.0209395 0.0262436 -0.050184
59
1
-0.181153 13.4987 -0.0500291
0.0407998 0.0176163 -0.00702541
60
1
-0.45132 15.28 -1.43364
-0.0380057 -0.0447541 0.0473584
61
1
-0.430337 12.5845 -1.01397
0.0115659 -0.00911883 -0.0132826
62
1
-0.249216 12.6821 -1.01865
-0.0513539 -0.00697762 0.0581889
63
1
-0.108822 12.7882 -1.14533
-0.0487884 -0.0435365 0.0423806
64
1
-0.209702 13.0323 -1.2664
0.0728228 0.0249623 -0.0120655
65
1
-0.227517 12.9715 -1.23005
-0.0508014 0.0205927 0.0352559
66
1
-0.222229 12.9182 -1.28096
0.000153148 0.0130472 0.0561932
67
1
-0.22717 12.9062 -1.32248
0.0117746 -0.0217802 0.0389705
68
1
-0.28195 12.8779 -1.34257
-0.00999082 0.0293481 -0.0145312
69
1
-0.315193 12.887 -1.38523
0.0459658 -0.0320787 0.0316755
70
1
-0.343327 12.8931 -1.42852
0.0166733 -0.0328206 0.0686779
71
1
-0.369522 12.8994 -1.48961
-0.00110743 0.0171329 0.0452895
72
1
-0.389578 12.9071 -1.56926
0.0111636 -0.00811642 0.0390183
73
1
-0.403548 12.9095 -1.63083
-0.00317002 -0.0104052 0.0594224
74
1
-0.419281 12.9183 -1.69753
0.0119959 0.00508461 0.047216
75
1
-0.435104 12.9169 -1.76119
0.0213659 0.00180591 0.0398215
76
1
-0.460294 12.9234 -1.81988
0.0105651 -0.00353696 0.0254346
77
1
-0.478243 12.9324 -1.8772
0.00403916 -0.0070568 0.018335
78
1
-0.497549 12.9422 -1.93418
0.00557822 -0.00980654 0.0282622
79
1
-0.520522 12.9523 -1.99212
0.0137884 -0.00492615 0.0359998
80
1
-0.546185 12.9595 -2.04839
0.0174239 -0.00118866 0.0298383
81
1
-0.571992 12.9644 -2.10195
0.0147524 -0.00118194 0.021532
82
1
-0.593433 12.9668 -2.15358
0.00966111 0.00262967 0.0261958
83
1
-0.610918 12.9684 -2.20121
0.00518415 0.0003099 0.0251182
84
1
-0.625755 12.9715 -2.24722
0.00513518 -0.00373269 0.0133105
85
1
-0.639171 12.9768 -2.29411
0.00392317 -0.00797103 0.0169845
86
1
-0.65242 12.9799 -2.34181
0.00607466 -0.00724894 0.0203663
87
1
-0.666452 12.977 -2.39453
0.0102705 0.00185398 0.0268701
88
1
-0.678851 12.9651 -2.45429
0.00617578 0.0156758 0.033688
89
1
-0.689551 12.9446 -2.51796
0.000342558 0.0216109 0.0464668
90
1
-0.70196 12.9248 -2.57584
0.00990258 0.0101723 0.0362652
91
1
-0.712468 12.8983 -2.63498
0.0061257 0.0124204 0.0175572
92
1
-0.73043 12.8653 -2.68331
7.02116e-005 0.0082968 0.00915818
93
1
-0.754712 12.8343 -2.74487
0.0168451 0.0196519 0.0295645
94
1
-0.787654 12.7977 -2.82226
0.0235273 0.0232944 0.0571034
95
1
-0.817213 12.7606 -2.90553
0.00416458 0.015565 0.0276589
96
1
-0.838073 12.7276 -2.97893
0.020962 0.0173543 0.0431921
97
1
-0.847345 12.6924 -3.04406
0.00484506 0.0120619 0.0273717
98
1
-0.839387 12.6531 -3.09405
-0.0032477 0.0147465 0.0202512
99
1
-0.805795 12.5962 -3.15578
-0.0360389 0.04074 0.0273907
100
1
-0.749625 12.5349 -3.20752
-0.0386983 0.0321879 0.0205408
101
1
-0.669719 12.4767 -3.24715
-0.0532531 0.0282398 0.0153999
102
1
-0.589134 12.4307 -3.27637
-0.0207085 0.00922536 0.0100408
103
1
-0.449392 12.3835 -3.33056
-0.0673554 0.0158662 0.0260271
104
1
-0.209137 12.3367 -3.40488
-0.0742967 0.00842692 0.0144681
105
1
-0.833578 6.25988 -0.0943511
-0.0463433 -0.0202068 0.0045436
106
1
-0.678871 11.5763 -0.585333
-0.0673576 0.0166412 -0.00123272
107
1
0.666019 11.6602 0.672663
-0.0455795 0.0368295 -0.0478644
108
1
0.843285 6.25564 -0.0134909
-0.0439844 0.0202498 -0.0134591
109
1
0.208528 12.3367 -3.40432
-0.0741038 -0.00824667 -0.0145063
110
1
0.446987 12.3837 -3.33091
-0.0669134 -0.0155208 -0.0253287
111
1
0.584454 12.4313 -3.27885
-0.0202288 -0.00922413 -0.00949429
112
1
0.662875 12.4778 -3.25199
-0.051742 -0.0282393 -0.0135315
113
1
0.739276 12.5376 -3.21485
-0.0363575 -0.0341545 -0.019045
114
1
0.790999 12.6005 -3.16531
-0.0329379 -0.0423215 -0.0257581
115
1
0.821039 12.6565 -3.10507
-0.00246017 -0.0139292 -0.0200712
116
1
0.828259 12.6933 -3.05578
0.00546972 -0.0103259 -0.0271364
117
1
0.8183 12.7248 -2.99062
0.0213068 -0.0135218 -0.0425515
118
1
0.796413 12.752 -2.91591
0.00371234 -0.0128646 -0.028292
119
1
0.765018 12.7828 -2.8267
0.024946 -0.0185843 -0.0653434
120
1
0.731288 12.8137 -2.74516
0.0177048 -0.0168481 -0.031909
121
1
0.706645 12.8397 -2.68094
-0.00044881 -0.00755539 -0.00875872
122
1
0.691325 12.8688 -2.63112
0.0051648 -0.0108053 -0.0170291
123
1
0.683895 12.8899 -2.57006
0.00869223 -0.00486474 -0.0346554
124
1
0.674522 12.9043 -2.51133
-0.00169667 -0.0179726 -0.0517038
125
1
0.668611 12.9202 -2.44454
0.00386452 -0.0150101 -0.0383875
126
1
0.662538 12.9278 -2.38232
0.00613447 -0.000394428 -0.0269989
127
1
0.656645 12.9267 -2.32948
0.00209626 0.00873736 -0.0183066
128
1
0.652187 12.9206 -2.2826
0.000505694 0.00914103 -0.0148031
129
1
0.648545 12.912 -2.23581
0.00206271 0.00448961 -0.011954
130
1
0.643569 12.9058 -2.18823
0.000259501 0.000671831 -0.0284378
131
1
0.636611 12.9014 -2.1371
0.00359971 -0.00130841 -0.0305896
132
1
0.626915 12.8976 -2.0802
0.00749514 0.00294002 -0.0222983
133
1
0.61406 12.8933 -2.01928
0.00946324 0.00105843 -0.037545
134
1
0.602587 12.889 -1.95408
0.0054224 0.00310695 -0.0461329
135
1
0.594371 12.8839 -1.88859
-0.000851112 0.00760759 -0.0304575
136
1
0.586916 12.8786 -1.82584
0.00163356 0.00464192 -0.0168812
137
1
0.574019 12.877 -1.76321
0.0112479 -0.0011826 -0.0327865
138
1
0.562823 12.8865 -1.69997
0.0172217 -0.00922695 -0.05548
139
1
0.560655 12.8941 -1.63703
-0.00194869 -0.0113832 -0.0538065
140
1
0.559164 12.9022 -1.57292
-0.0166468 -0.000991763 -0.0507243
141
1
0.567896 12.9155 -1.51162
0.00556221 -0.000883966 -0.00907468
142
1
0.566128 12.9324 -1.44476
-0.018918 -0.0308527 -0.0615805
143
1
0.555152 12.9412 -1.38486
-0.00135661 0.00974534 -0.0772984
144
1
0.541743 12.9484 -1.34043
0.0309582 -0.00246406 -0.00247966
145
1
0.511062 12.9434 -1.27915
0.00969679 -0.0202332 -0.017232
146
1
0.47073 12.9262 -1.21084
-0.000392488 0.00326985 -0.0197348
147
1
0.436255 12.9321 -1.17122
0.0309628 -0.039684 -0.0557644
148
1
0.414684 13.0033 -1.14895
-0.0174237 -0.0025545 -0.00966786
149
1
0.350101 13.03 -1.21428
0.0258552 -0.0247969 0.0406484
150
1
0.33349 12.8042 -1.00712
-0.0453055 0.0236623 -0.0588163
151
1
0.396924 12.7936 -0.898205
-0.0379781 -0.000498172 -0.0680387
152
1
0.443031 12.6617 -0.803515
0.0230982 0.00216305 0.011305
153
1
-0.378862 15.3109 -1.33846
0.0560434 -0.0316181 -0.0365842
154
1
0.186684 13.4912 -0.007351
0.0395896 -0.0205273 0.0180557
155
1
-0.05845 16.641 -0.0190131
-0.0209394 0.0262427 0.0501845
156
1
0.181143 13.4987 0.0500294
-0.0407994 0.0176155 0.00702623
157
1
0.451362 15.28 1.43361
0.038016 -0.0447599 -0.0473417
158
1
0.430377 12.5846 1.01396
-0.0115243 -0.00910128 0.0132823
159
1
0.249254 12.6821 1.01868
0.0513501 -0.00696906 -0.0581932
160
1
0.108898 12.7881 1.1453
0.0488058 -0.043505 -0.0423929
161
1
0.209578 13.0324 1.26632
-0.0728328 0.0249135 0.0121055
162
1
0.227478 12.9716 1.22998
0.0508066 0.0205435 -0.0352684
163
1
0.222238 12.9183 1.2809
-0.000207199 0.0131108 -0.0562077
164
1
0.227224 12.9062 1.32242
-0.011777 -0.0217233 -0.0389551
165
1
0.281998 12.878 1.34254
0.0099629 0.0293351 0.0145047
166
1
0.315225 12.8871 1.38521
-0.0459473 -0.0320185 -0.0316664
167
1
0.343363 12.8931 1.4285
-0.0166695 -0.032793 -0.0686921
168
1
0.369551 12.8994 1.48959
0.00110823 0.0171376 -0.045304
169
1
0.389596 12.9071 1.56925
-0.0111569 -0.00811599 -0.0390172
170
1
0.403564 12.9095 1.63082
0.0031743 -0.0104039 -0.0594271
171
1
0.419292 12.9183 1.69753
-0.0119945 0.00508458 -0.0472188
172
1
0.435115 12.9169 1.76119
-0.0213651 0.00180494 -0.0398232
173
1
0.460302 12.9234 1.81989
-0.0105644 -0.00353755 -0.0254353
174
1
0.478249 12.9324 1.87721
-0.00403851 -0.00705694 -0.0183351
175
1
0.497555 12.9422 1.93419
-0.00557729 -0.00980694 -0.0282623
176
1
0.520526 12.9523 1.99213
-0.0137875 -0.0049269 -0.0359996
177
1
0.546188 12.9595 2.0484
-0.0174238 -0.00118943 -0.0298382
178
1
0.571995 12.9644 2.10196
-0.0147528 -0.00118239 -0.0215326
179
1
0.593436 12.9668 2.15359
-0.00966117 0.0026291 -0.026196
180
1
0.610921 12.9684 2.20122
-0.00518409 0.000309372 -0.0251184
181
1
0.625758 12.9715 2.24723
-0.00513522 -0.00373298 -0.0133106
182
1
0.639174 12.9768 2.29412
-0.00392324 -0.00797119 -0.0169846
183
1
0.652423 12.9799 2.34182
-0.00607478 -0.00724896 -0.0203661
184
1
0.666455 12.977 2.39454
-0.0102706 0.00185402 -0.0268696
185
1
0.678855 12.9651 2.4543
-0.00617609 0.0156759 -0.0336875
186
1
0.689556 12.9446 2.51797
-0.000343254 0.0216113 -0.0464665
187
1
0.701965 12.9248 2.57585
-0.00990326 0.0101728 -0.0362654
188
1
0.712473 12.8983 2.63499
-0.00612583 0.0124206 -0.0175572
189
1
0.730435 12.8653 2.68332
-7.01674e-005 0.00829683 -0.00915797
190
1
0.754718 12.8343 2.74488
-0.0168451 0.0196521 -0.0295643
191
1
0.78766 12.7977 2.82227
-0.0235273 0.0232947 -0.0571037
192
1
0.817219 12.7606 2.90554
-0.00416434 0.0155651 -0.0276589
193
1
0.838078 12.7276 2.97894
-0.0209616 0.0173546 -0.043192
