194
0
1
0.778571 11.711 2.36518
0.00690299 0.0179066 -0.0356923
1
1
0.759393 11.6849 2.44006
0.0111738 0.00551212 -0.0269534
2
1
0.714785 11.6669 2.53491
0.0326643 -0.00182892 -0.0640901
3
1
0.65119 11.6476 2.62532
0.0379764 0.0129279 -0.0395953
4
1
0.577281 11.6122 2.69809
0.0416685 0.023354 -0.0274599
5
1
0.502229 11.582 2.75535
0.0229495 0.00785999 -0.0123039
6
1
0.381912 11.5448 2.85827
0.0507187 0.0186774 -0.0553514
7
1
0.183093 11.5108 3.0025
0.070063 0.00145662 -0.034072
8
1
0.120232 6.55394 0.0606811
-0.0455863 0.010408 -0.00689538
9
1
1.72936 12.7376 -0.0211107
-0.0554511 0.0282517 0.0138542
10
1
-1.72961 12.7682 0.165415
-0.0569962 -0.0299568 -0.000620624
11
1
-0.119974 6.55379 0.0596483
-0.0454762 -0.0103301 0.00688126
12
1
-0.18311 11.5108 3.00252
0.0700688 -0.00146952 0.0340595
13
1
-0.381912 11.5448 2.85831
0.0507272 -0.0186892 0.0553413
14
1
-0.502225 11.5821 2.75543
0.022945 -0.00786728 0.0122984
15
1
-0.577262 11.6123 2.69818
0.0416615 -0.0233735 0.0274493
16
1
-0.651162 11.6477 2.62544
0.0379739 -0.0129387 0.0395813
17
1
-0.714755 11.667 2.53506
0.032668 0.00182595 0.0640712
18
1
-0.75936 11.685 2.44025
0.011172 -0.00550914 0.0269434
19
1
-0.778533 11.7111 2.36541
0.00689933 -0.0179002 0.0356727
20
1
-0.789483 11.7487 2.28396
-0.00319548 -0.0287854 0.0455534
21
1
-0.801145 11.789 2.20078
0.00763346 -0.0153954 0.0365575
22
1
-0.817308 11.8317 2.12045
0.0169348 -0.0288265 0.0458886
23
1
-0.826318 11.8743 2.0439
-0.00391006 -0.0183391 0.0354
24
1
-0.82311 11.9072 1.97709
-0.00574398 -0.00641403 0.0223466
25
1
-0.814127 11.933 1.92051
-0.00490823 -0.00854645 0.0286074
26
1
-0.803022 11.9627 1.87155
-0.0045055 -0.0141396 0.0298453
27
1
-0.790966 11.9974 1.83191
-0.00463 -0.0154493 0.0186531
28
1
-0.776891 12.0354 1.80193
-0.00996692 -0.018888 0.00881837
29
1
-0.76104 12.0777 1.7775
-0.0129572 -0.0260397 0.00451123
30
1
-0.747336 12.1227 1.75944
-0.00676196 -0.0207623 0.0039216
31
1
-0.737669 12.1673 1.744
-0.00290083 -0.0192849 0.00453037
32
1
-0.731058 12.213 1.73095
-8.17283e-005 -0.024521 0.00554051
33
1
-0.726608 12.2575 1.7197
0.00218724 -0.0218765 0.00639043
34
1
-0.723095 12.3013 1.71129
0.00211709 -0.020593 0.00331315
35
1
-0.71791 12.346 1.70367
0.00163791 -0.02465 -0.000119456
36
1
-0.709853 12.3896 1.69603
-0.00207456 -0.0216317 0.00244571
37
1
-0.697726 12.4304 1.68568
-0.00924829 -0.0192263 0.00683518
38
1
-0.680211 12.4687 1.67152
-0.0131753 -0.0184527 0.00774824
39
1
-0.659445 12.503 1.65465
-0.00929775 -0.0132103 0.00657269
40
1
-0.637386 12.5329 1.63584
-0.0100207 -0.0104611 0.00761027
41
1
-0.614775 12.5593 1.61418
-0.0138754 -0.00988381 0.00868202
42
1
-0.591381 12.5832 1.58861
-0.0127541 -0.00929958 0.0105097
43
1
-0.567655 12.6077 1.55859
-0.0120395 -0.0109944 0.015227
44
1
-0.544759 12.6356 1.52276
-0.0134525 -0.0160637 0.0234311
45
1
-0.525745 12.6664 1.47817
-0.00793589 -0.020634 0.0322605
46
1
-0.5059 12.6969 1.42479
-0.00282177 -0.0184732 0.0351912
47
1
-0.480299 12.7216 1.36809
-0.00806211 -0.00853239 0.03291
48
1
-0.443695 12.7446 1.31607
-0.025207 -0.00144147 0.0334325
49
1
-0.406297 12.7727 1.27048
-0.0570561 -0.0220722 0.0236195
50
1
-0.362771 12.802 1.21664
-0.0231454 -0.0461081 0.0380875
51
1
-0.33006 12.8425 1.15383
-0.00754935 -0.00969236 0.0469087
52
1
-0.287985 12.878 1.10862
-0.024007 -0.00932544 -0.000807439
53
1
-0.277433 12.9437 1.02741
0.0187377 -0.0464829 0.0596665
54
1
-0.264427 12.9751 0.948373
-0.00699174 -0.00715581 0.0376405
55
1
-0.291207 13.0768 0.916296
0.0163359 -0.00852736 -0.0124358
56
1
-0.0616824 13.7085 1.17341
-0.0169662 -0.00313481 0.029163
57
1
-0.0284575 13.8068 0.0940406
0.0142461 0.0272 0.0149081
58
1
-0.0691609 14.7506 0.00397329
0.00537374 0.00113421 0.0775775
59
1
-0.0297276 13.8062 -0.0942274
-0.014102 -0.027421 0.014942
60
1
-0.107042 13.6884 -1.23182
-0.0264845 -0.0170194 0.032076
61
1
-0.267744 13.0936 -0.914385
-0.0189882 0.00720569 -0.00894807
62
1
-0.25039 12.9888 -0.946057
0.0142669 0.00933097 0.0354592
63
1
-0.264613 12.9599 -1.02314
-0.0126329 0.0471819 0.0607135
64
1
-0.280689 12.8932 -1.10618
0.0227596 0.00672305 -0.000586352
65
1
-0.323092 12.857 -1.1498
0.00651437 0.0138436 0.0464951
66
1
-0.356728 12.8134 -1.21284
0.0276327 0.0478568 0.0343548
67
1
-0.401868 12.7822 -1.26561
0.059478 0.0212019 0.0249974
68
1
-0.441624 12.7528 -1.31107
0.0250901 0.00247463 0.0341675
69
1
-0.479434 12.7293 -1.36295
0.00851168 0.00926896 0.0325535
70
1
-0.505701 12.7045 -1.41931
0.0035728 0.0180932 0.0342628
71
1
-0.526504 12.6737 -1.47221
0.00847142 0.0201997 0.0316788
72
1
-0.54638 12.6424 -1.51651
0.0136255 0.0162086 0.0234096
73
1
-0.56959 12.6142 -1.55221
0.0120655 0.0113514 0.0153357
74
1
-0.593421 12.5891 -1.58219
0.0127082 0.0097104 0.0106031
75
1
-0.616736 12.5647 -1.60782
0.0137475 0.0102927 0.00871337
76
1
-0.639231 12.5378 -1.62965
0.00995283 0.0107925 0.00766045
77
1
-0.661116 12.5073 -1.64881
0.00923085 0.0135151 0.00666614
78
1
-0.68171 12.4725 -1.66608
0.0129318 0.0187196 0.0078893
79
1
-0.699058 12.4335 -1.68069
0.00907529 0.0194906 0.00712415
80
1
-0.710973 12.3922 -1.69156
0.00204912 0.0219596 0.00286016
81
1
-0.718786 12.348 -1.69978
-0.00165382 0.0249628 0.000356134
82
1
-0.723717 12.3028 -1.70803
-0.00221347 0.0208616 0.00369667
83
1
-0.726978 12.2587 -1.71706
-0.00233854 0.022139 0.00671677
84
1
-0.731183 12.2137 -1.72887
-3.61205e-005 0.0247141 0.00581805
85
1
-0.737586 12.1678 -1.74237
0.00284257 0.0193985 0.00470769
86
1
-0.747144 12.123 -1.75813
0.00673394 0.0208491 0.00407344
87
1
-0.760824 12.0778 -1.77644
0.0129424 0.0261176 0.00465354
88
1
-0.776683 12.0354 -1.80108
0.00997074 0.0189441 0.00888325
89
1
-0.790793 11.9973 -1.83122
0.00466135 0.0154865 0.0186755
90
1
-0.802869 11.9626 -1.87099
0.004565 0.014152 0.0298559
91
1
-0.813997 11.9329 -1.92005
0.00496633 0.00854697 0.0286238
92
1
-0.823034 11.9071 -1.97668
0.00578055 0.00641386 0.0223701
93
1
-0.826304 11.8742 -2.04353
0.00393913 0.0183333 0.0354268
94
1
-0.817337 11.8316 -2.12012
-0.0169277 0.0288219 0.0458975
95
1
-0.801187 11.7888 -2.20048
-0.00763768 0.015398 0.0365669
96
1
-0.789524 11.7485 -2.2837
0.00318927 0.0287889 0.0455774
97
1
-0.778571 11.711 -2.36518
-0.00690299 0.0179066 0.0356923
98
1
-0.759393 11.6849 -2.44006
-0.0111738 0.00551212 0.0269534
99
1
-0.714785 11.6669 -2.53491
-0.0326643 -0.00182892 0.0640901
100
1
-0.65119 11.6476 -2.62532
-0.0379764 0.0129279 0.0395953
101
1
-0.577281 11.6122 -2.69809
-0.0416685 0.0233539 0.0274599
102
1
-0.502229 11.582 -2.75535
-0.0229495 0.00785999 0.0123039
103
1
-0.381912 11.5448 -2.85827
-0.0507187 0.0186774 0.0553514
104
1
-0.183093 11.5108 -3.0025
-0.070063 0.00145662 0.034072
105
1
-0.120232 6.55393 -0.0606818
0.045586 0.0104089 0.00689475
106
1
-1.72935 12.7376 0.0209171
0.0554539 0.0282542 -0.0138343
107
1
1.72958 12.7682 -0.165604
0.056997 -0.0299543 0.000600557
108
1
0.119974 6.55379 -0.059649
0.045476 -0.010331 -0.00688065
109
1
0.18311 11.5108 -3.00252
-0.0700688 -0.00146952 -0.0340595
110
1
0.381912 11.5448 -2.85831
-0.0507272 -0.0186892 -0.0553413
111
1
0.502225 11.5821 -2.75543
-0.022945 -0.00786728 -0.0122984
112
1
0.577262 11.6123 -2.69818
-0.0416615 -0.0233735 -0.0274493
113
1
0.651161 11.6477 -2.62544
-0.0379739 -0.0129387 -0.0395813
114
1
0.714755 11.667 -2.53506
-0.0326679 0.00182594 -0.0640712
115
1
0.75936 11.685 -2.44025
-0.011172 -0.00550914 -0.0269434
116
1
0.778533 11.7111 -2.36541
-0.00689933 -0.0179002 -0.0356727
117
1
0.789483 11.7487 -2.28396
0.00319549 -0.0287854 -0.0455534
118
1
0.801145 11.789 -2.20078
-0.00763346 -0.0153954 -0.0365576
119
1
0.817308 11.8317 -2.12045
-0.0169348 -0.0288265 -0.0458886
120
1
0.826317 11.8743 -2.0439
0.00391009 -0.0183391 -0.0354
121
1
0.82311 11.9072 -1.97709
0.005744 -0.00641403 -0.0223466
122
1
0.814127 11.933 -1.92051
0.00490825 -0.00854645 -0.0286074
123
1
0.803022 11.9627 -1.87155
0.00450553 -0.0141396 -0.0298453
124
1
0.790966 11.9974 -1.83191
0.00463002 -0.0154493 -0.0186531
125
1
0.776891 12.0354 -1.80193
0.00996693 -0.018888 -0.00881839
126
1
0.76104 12.0777 -1.7775
0.0129572 -0.0260397 -0.00451126
127
1
0.747336 12.1227 -1.75944
0.00676196 -0.0207623 -0.00392163
128
1
0.737668 12.1673 -1.74399
0.00290083 -0.0192849 -0.0045304
129
1
0.731057 12.213 -1.73095
8.17391e-005 -0.024521 -0.00554057
130
1
0.726607 12.2575 -1.71969
-0.00218722 -0.0218765 -0.00639049
131
1
0.723095 12.3013 -1.71129
-0.00211706 -0.0205931 -0.00331322
132
1
0.717909 12.346 -1.70367
-0.00163788 -0.02465 0.000119387
133
1
0.709853 12.3896 -1.69603
0.00207459 -0.0216317 -0.00244577
134
1
0.697725 12.4304 -1.68568
0.0092483 -0.0192263 -0.00683526
135
1
0.680211 12.4687 -1.67152
0.0131753 -0.0184526 -0.00774831
136
1
0.659444 12.503 -1.65465
0.00929773 -0.0132102 -0.00657274
137
1
0.637385 12.5329 -1.63584
0.0100207 -0.010461 -0.00761033
138
1
0.614775 12.5593 -1.61418
0.0138753 -0.00988372 -0.00868208
139
1
0.591381 12.5832 -1.58861
0.012754 -0.00929949 -0.0105097
140
1
0.567655 12.6077 -1.55858
0.0120394 -0.0109943 -0.015227
141
1
0.544759 12.6356 -1.52276
0.0134523 -0.0160636 -0.0234311
142
1
0.525746 12.6664 -1.47817
0.00793559 -0.0206339 -0.0322606
143
1
0.505901 12.6969 -1.42479
0.00282143 -0.0184732 -0.0351912
144
1
0.480301 12.7215 -1.36809
0.00806175 -0.00853241 -0.03291
145
1
0.443697 12.7446 -1.31607
0.0252064 -0.00144164 -0.0334326
146
1
0.4063 12.7727 -1.27047
0.0570556 -0.0220721 -0.02362
147
1
0.362775 12.802 -1.21663
0.0231453 -0.0461085 -0.0380873
148
1
0.330065 12.8425 -1.15383
0.0075487 -0.00969276 -0.0469085
149
1
0.287991 12.878 -1.10862
0.0240062 -0.00932526 0.000807504
150
1
0.277438 12.9437 -1.02741
-0.0187378 -0.0464834 -0.0596661
151
1
0.264433 12.9751 -0.948372
0.00699273 -0.00715674 -0.0376401
152
1
0.291212 13.0768 -0.916298
-0.0163365 -0.00852668 0.0124362
153
1
0.0616864 13.7085 -1.17343
0.016966 -0.0031365 -0.0291629
154
1
0.0284577 13.8068 -0.0940425
-0.0142461 0.0272 -0.0149081
155
1
0.0691611 14.7506 -0.0039682
-0.0053738 0.00113509 -0.0775775
156
1
0.029728 13.8062 0.0942254
0.014102 -0.0274209 -0.014942
157
1
0.107043 13.6884 1.2318
0.0264858 -0.0170221 -0.0320756
158
1
0.267731 13.0936 0.914384
0.0189883 0.00720653 0.00894644
159
1
0.250378 12.9888 0.946061
-0.0142674 0.00932936 -0.0354586
160
1
0.264602 12.9599 1.02314
0.0126318 0.0471807 -0.0607147
161
1
0.28068 12.8932 1.10618
-0.0227603 0.00672298 0.00058622
162
1
0.323083 12.857 1.1498
-0.0065153 0.0138432 -0.0464948
163
1
0.356721 12.8134 1.21285
-0.0276338 0.047856 -0.0343543
164
1
0.401863 12.7822 1.26562
-0.0594789 0.0212018 -0.0249968
165
1
0.44162 12.7528 1.31107
-0.0250907 0.00247463 -0.0341672
166
1
0.479431 12.7293 1.36295
-0.00851219 0.00926904 -0.0325533
167
1
0.505699 12.7045 1.41931
-0.00357333 0.0180931 -0.0342625
168
1
0.526503 12.6737 1.47222
-0.00847188 0.0201997 -0.0316785
169
1
0.54638 12.6424 1.51651
-0.0136258 0.0162088 -0.0234095
170
1
0.56959 12.6142 1.55222
-0.0120657 0.0113516 -0.0153356
171
1
0.593421 12.5891 1.58219
-0.0127083 0.00971055 -0.010603
172
1
0.616737 12.5647 1.60782
-0.0137476 0.0102929 -0.0087133
173
1
0.639232 12.5378 1.62966
-0.00995286 0.0107926 -0.00766039
174
1
0.661116 12.5073 1.64881
-0.00923087 0.0135152 -0.00666608
175
1
0.68171 12.4725 1.66608
-0.0129318 0.0187197 -0.00788921
176
1
0.699058 12.4335 1.68069
-0.00907527 0.0194906 -0.00712408
177
1
0.710973 12.3922 1.69157
-0.0020491 0.0219596 -0.0028601
178
1
0.718786 12.348 1.69979
0.00165385 0.0249629 -0.000356078
179
1
0.723717 12.3028 1.70803
0.0022135 0.0208616 -0.00369661
180
1
0.726979 12.2587 1.71706
0.00233856 0.022139 -0.00671671
181
1
0.731183 12.2137 1.72887
3.61339e-005 0.0247141 -0.005818
182
1
0.737586 12.1678 1.74237
-0.00284257 0.0193985 -0.00470765
183
1
0.747144 12.123 1.75813
-0.00673394 0.0208491 -0.00407341
184
1
0.760824 12.0778 1.77644
-0.0129424 0.0261176 -0.00465351
185
1
0.776684 12.0354 1.80108
-0.00997073 0.0189441 -0.00888322
186
1
0.790793 11.9973 1.83122
-0.00466134 0.0154865 -0.0186754
187
1
0.802869 11.9626 1.87099
-0.00456497 0.014152 -0.0298559
188
1
0.813997 11.9329 1.92005
-0.00496631 0.00854697 -0.0286238
189
1
0.823035 11.9071 1.97668
-0.00578053 0.00641386 -0.0223701
190
1
0.826304 11.8742 2.04353
-0.0039391 0.0183333 -0.0354268
191
1
0.817337 11.8316 2.12012
0.0169277 0.0288219 -0.0458975
192
1
0.801187 11.7888 2.20048
0.00763768 0.015398 -0.0365669
193
1
0.789525 11.7485 2.2837
-0.00318927 0.0287889 -0.0455774
