194
0
1
0.869314 12.2602 2.65087
0.0261162 0.0219978 -0.0162001
1
1
0.82669 12.2088 2.69804
0.0162074 0.0205265 -0.0205257
2
1
0.769348 12.1449 2.77619
0.0308829 0.0415618 -0.0551893
3
1
0.709536 12.0927 2.86385
0.0307965 0.0238083 -0.0465303
4
1
0.64477 12.0607 2.95407
0.0381857 0.0041229 -0.0491551
5
1
0.57524 12.0423 3.02501
0.017957 0.00469871 -0.0170782
6
1
0.446473 12.0145 3.11617
0.0685949 0.00847657 -0.0353678
7
1
0.209033 11.9893 3.22163
0.0749107 0.00398922 -0.021079
8
1
0.423855 6.0273 0.0618403
-0.00814124 -0.0496346 -0.0101911
9
1
0.993502 12.0683 0.133731
0.0768553 0.0110935 0.00648482
10
1
-0.933856 12.1638 -0.212168
0.0540416 0.0276414 0.0408918
11
1
-0.430953 6.02789 0.0475126
-0.00883554 0.0479648 0.00793829
12
1
-0.209688 11.9892 3.22129
0.0749025 -0.00391537 0.021122
13
1
-0.446903 12.0141 3.11564
0.0685659 -0.00835202 0.0354269
14
1
-0.575525 12.0416 3.02438
0.0179339 -0.00463311 0.0170704
15
1
-0.644915 12.0598 2.95344
0.0381544 -0.00392504 0.0491411
16
1
-0.709496 12.0915 2.86335
0.0307034 -0.023602 0.0464648
17
1
-0.76906 12.1435 2.776
0.0307393 -0.0413383 0.0549582
18
1
-0.826027 12.2073 2.69849
0.0160685 -0.0204896 0.0202955
19
1
-0.868135 12.2588 2.65209
0.0258895 -0.022057 0.0157239
20
1
-0.914277 12.3122 2.61065
0.0278103 -0.0301285 0.0178623
21
1
-0.954191 12.3641 2.56439
0.0212118 -0.0215979 0.0208908
22
1
-0.979811 12.4125 2.50958
0.00397786 -0.0269307 0.0368577
23
1
-0.989571 12.4557 2.45275
0.00635719 -0.0170249 0.0267096
24
1
-0.986619 12.4902 2.4064
0.00817612 -0.00700234 0.0127557
25
1
-0.971577 12.5135 2.36796
-0.00397204 -0.011988 0.0127157
26
1
-0.948165 12.538 2.32922
-0.0309805 -0.0133529 0.0197038
27
1
-0.920692 12.5611 2.28934
-0.0244549 -0.00740235 0.0235824
28
1
-0.887978 12.5812 2.2466
-0.0184951 -0.00809165 0.0233349
29
1
-0.851237 12.6002 2.20391
-0.0190077 -0.0128803 0.0234837
30
1
-0.817747 12.6161 2.16339
-0.0143762 -0.00832735 0.015839
31
1
-0.787792 12.6269 2.12761
-0.0120567 -0.00345146 0.0111863
32
1
-0.759748 12.6325 2.09257
-0.0116288 -0.000938135 0.00922723
33
1
-0.733225 12.6322 2.05831
-0.0105627 0.00316074 0.0182164
34
1
-0.706515 12.629 2.02209
-0.0118009 0.00536875 0.0206844
35
1
-0.675906 12.6239 1.98174
-0.0144122 0.00497347 0.0167718
36
1
-0.642243 12.6192 1.93785
-0.0172542 0.00266262 0.0282417
37
1
-0.604517 12.6157 1.89292
-0.0230785 0.00230804 0.0313182
38
1
-0.563051 12.6132 1.85161
-0.0245697 0.00279634 0.0166101
39
1
-0.520052 12.6129 1.8164
-0.0180106 0.0025411 0.00799007
40
1
-0.480874 12.6158 1.78438
-0.0180013 0.0032379 0.0124378
41
1
-0.449257 12.6227 1.75343
-0.0201482 0.00164905 0.0166399
42
1
-0.423605 12.6365 1.72052
-0.0163915 -0.00475462 0.0152788
43
1
-0.403763 12.6547 1.68203
-0.0141201 -0.0159033 0.0168158
44
1
-0.383387 12.6802 1.6401
-0.0107079 -0.0373483 0.0265549
45
1
-0.373718 12.7129 1.58568
0.0180076 -0.0292326 0.0482631
46
1
-0.366995 12.743 1.52196
-0.0153692 -0.00669319 0.0486872
47
1
-0.363059 12.7644 1.46122
-0.0145326 -0.0151934 0.0273894
48
1
-0.369061 12.7788 1.38688
0.027922 -0.000490763 0.0645973
49
1
-0.370113 12.7861 1.32616
-0.0168132 0.00223434 0.0227151
50
1
-0.375792 12.8026 1.25619
0.017006 -0.0277616 0.0663561
51
1
-0.394536 12.8509 1.12191
0.0309903 -0.00623815 0.0712218
52
1
-0.434373 12.8843 1.05787
-0.0327023 -0.00158581 -0.0527426
53
1
-0.487977 12.9442 1.02859
0.0592121 0.00151648 0.0284912
54
1
-0.508326 12.9714 1.008
0.00507672 -0.00478102 0.0178263
55
1
-0.588163 12.9601 0.989674
0.00341669 -0.000105847 -0.00798962
56
1
0.168279 14.5748 1.31185
-0.0173506 -0.0467341 0.0598893
57
1
-0.18178 13.7443 0.00129694
-0.0387699 0.0179656 -0.0193527
58
1
0.0617919 15.9198 0.00924445
-0.00299462 0.0328831 -0.0705803
59
1
-0.174657 13.7328 -0.0536914
0.0393909 -0.0170519 -0.00520411
60
1
-0.295351 14.5478 -1.2836
0.00165821 -0.0323594 0.0708659
61
1
-0.45124 12.973 -0.955074
-0.00749142 0.00380355 -0.00757296
62
1
-0.369981 12.9911 -1.00905
-0.00535672 0.00162842 0.0248884
63
1
-0.340649 12.9675 -1.04624
-0.0624462 -0.00797669 0.039626
64
1
-0.298015 12.9195 -1.11423
0.0384378 0.0164044 -0.0481872
65
1
-0.272975 12.8975 -1.17705
-0.0351227 -0.0105289 0.068756
66
1
-0.273464 12.8498 -1.28256
-0.00223389 0.0319684 0.0394189
67
1
-0.271769 12.8416 -1.34164
0.0239501 -0.00406039 0.0269663
68
1
-0.278105 12.8391 -1.39989
-0.0250212 -0.00596495 0.0623303
69
1
-0.279483 12.8257 -1.46972
0.0236641 0.00813408 0.0217202
70
1
-0.29186 12.8094 -1.53318
0.0123884 0.00306453 0.0608749
71
1
-0.307905 12.7812 -1.60318
-0.00949547 0.035465 0.0537198
72
1
-0.325839 12.7482 -1.65794
0.0195855 0.0346855 0.0265474
73
1
-0.353083 12.7216 -1.70152
0.0201488 0.0151386 0.01728
74
1
-0.380688 12.6987 -1.74063
0.0204738 0.00565752 0.0155468
75
1
-0.414869 12.6819 -1.77275
0.0232467 0.000830513 0.0154509
76
1
-0.455348 12.6728 -1.80089
0.0200076 -0.000149108 0.0106854
77
1
-0.500724 12.6663 -1.82871
0.0204142 0.000590646 0.00675344
78
1
-0.548797 12.6614 -1.85864
0.0271149 0.00156224 0.012899
79
1
-0.594955 12.658 -1.89452
0.0246721 0.00174588 0.0253579
80
1
-0.636056 12.6565 -1.93515
0.0188417 1.32872e-005 0.0255083
81
1
-0.672868 12.6566 -1.97646
0.0161488 -0.00313681 0.0182738
82
1
-0.706189 12.6579 -2.01582
0.0129557 -0.00363356 0.0205009
83
1
-0.735141 12.6579 -2.05181
0.0114939 -0.0017958 0.017513
84
1
-0.763599 12.6553 -2.08599
0.0125237 0.00176372 0.00927101
85
1
-0.793153 12.6468 -2.12072
0.0125565 0.00430796 0.0110718
86
1
-0.824041 12.6329 -2.15614
0.0144911 0.00965656 0.015759
87
1
-0.857741 12.6135 -2.1964
0.0185758 0.0148714 0.0233763
88
1
-0.89414 12.591 -2.23875
0.0177484 0.00995956 0.0230778
89
1
-0.926783 12.568 -2.28161
0.0239951 0.0093476 0.0237859
90
1
-0.954395 12.5425 -2.32211
0.0309421 0.0150504 0.0208051
91
1
-0.977436 12.5161 -2.36157
0.00405456 0.0127094 0.0131989
92
1
-0.991677 12.4915 -2.40084
-0.00819431 0.00728949 0.0128248
93
1
-0.993734 12.4564 -2.44796
-0.0068585 0.0168951 0.0269641
94
1
-0.982933 12.4131 -2.5055
-0.00470534 0.0260949 0.0373012
95
1
-0.956619 12.3651 -2.56117
-0.0213331 0.0215268 0.0214628
96
1
-0.916044 12.3134 -2.60849
-0.0279918 0.0300278 0.018563
97
1
-0.869312 12.2602 -2.65086
-0.0261161 0.0219978 0.0162003
98
1
-0.826688 12.2088 -2.69804
-0.0162073 0.0205265 0.0205258
99
1
-0.769347 12.1449 -2.77619
-0.0308827 0.0415618 0.0551894
100
1
-0.709535 12.0927 -2.86385
-0.0307963 0.0238083 0.0465304
101
1
-0.644769 12.0607 -2.95407
-0.0381856 0.00412293 0.0491552
102
1
-0.57524 12.0423 -3.025
-0.017957 0.00469871 0.0170782
103
1
-0.446473 12.0145 -3.11617
-0.0685948 0.0084766 0.0353679
104
1
-0.209033 11.9893 -3.22163
-0.0749107 0.00398922 0.0210791
105
1
-0.423905 6.02728 -0.0616613
0.00814852 -0.0496216 0.0101929
106
1
-0.993309 12.0684 -0.133739
-0.076848 0.0111045 -0.00655154
107
1
0.934132 12.1637 0.212244
-0.0540813 0.0276795 -0.0408469
108
1
0.430996 6.02788 -0.0473276
0.00884214 0.0479529 -0.00793926
109
1
0.209688 11.9892 -3.22129
-0.0749025 -0.00391539 -0.021122
110
1
0.446902 12.0141 -3.11563
-0.0685658 -0.00835206 -0.035427
111
1
0.575524 12.0416 -3.02438
-0.0179339 -0.00463312 -0.0170704
112
1
0.644914 12.0598 -2.95344
-0.0381543 -0.00392508 -0.0491411
113
1
0.709495 12.0915 -2.86335
-0.0307033 -0.023602 -0.0464648
114
1
0.769059 12.1435 -2.776
-0.0307391 -0.0413383 -0.0549583
115
1
0.826025 12.2073 -2.69849
-0.0160685 -0.0204896 -0.0202956
116
1
0.868133 12.2588 -2.65208
-0.0258894 -0.0220571 -0.0157241
117
1
0.914275 12.3122 -2.61065
-0.0278102 -0.0301285 -0.0178626
118
1
0.954188 12.3641 -2.56438
-0.0212116 -0.0215979 -0.020891
119
1
0.979809 12.4125 -2.50957
-0.0039777 -0.0269304 -0.0368581
120
1
0.989569 12.4557 -2.45275
-0.00635705 -0.0170247 -0.0267099
121
1
0.986616 12.4902 -2.40639
-0.008176 -0.00700234 -0.0127558
122
1
0.971573 12.5135 -2.36796
0.00397218 -0.011988 -0.0127158
123
1
0.948161 12.538 -2.32921
0.0309805 -0.0133529 -0.0197039
124
1
0.920689 12.5611 -2.28934
0.0244548 -0.00740235 -0.0235824
125
1
0.887974 12.5812 -2.24659
0.0184951 -0.00809166 -0.023335
126
1
0.851233 12.6002 -2.20391
0.0190077 -0.0128803 -0.0234839
127
1
0.817743 12.6161 -2.16338
0.0143763 -0.00832734 -0.0158392
128
1
0.787788 12.6269 -2.12761
0.0120567 -0.00345145 -0.0111864
129
1
0.759744 12.6325 -2.09256
0.0116288 -0.000938138 -0.00922736
130
1
0.733221 12.6322 -2.0583
0.0105626 0.00316073 -0.0182166
131
1
0.706511 12.629 -2.02208
0.0118008 0.00536874 -0.0206844
132
1
0.675902 12.6239 -1.98173
0.0144121 0.00497338 -0.0167715
133
1
0.642239 12.6192 -1.93784
0.0172541 0.00266252 -0.0282414
134
1
0.604513 12.6157 -1.89291
0.0230786 0.00230784 -0.0313181
135
1
0.563047 12.6132 -1.8516
0.02457 0.00279606 -0.01661
136
1
0.520047 12.6129 -1.81639
0.018011 0.0025409 -0.00799006
137
1
0.480869 12.6158 -1.78438
0.0180017 0.00323769 -0.0124376
138
1
0.449251 12.6227 -1.75342
0.0201485 0.00164883 -0.0166397
139
1
0.423598 12.6365 -1.72051
0.0163916 -0.00475472 -0.0152787
140
1
0.403757 12.6547 -1.68203
0.0141201 -0.0159031 -0.0168158
141
1
0.383381 12.6802 -1.64009
0.0107076 -0.0373468 -0.0265551
142
1
0.373712 12.7129 -1.58567
-0.0180074 -0.0292313 -0.0482639
143
1
0.366989 12.743 -1.52195
0.015369 -0.00669283 -0.0486883
144
1
0.363052 12.7644 -1.46122
0.0145327 -0.015193 -0.0273891
145
1
0.369053 12.7787 -1.38688
-0.0279224 -0.000490025 -0.0645974
146
1
0.370104 12.7861 -1.32615
0.0168135 0.0022352 -0.0227159
147
1
0.375781 12.8026 -1.25618
-0.0170043 -0.0277595 -0.0663574
148
1
0.394516 12.8509 -1.12189
-0.0309838 -0.00623605 -0.0712247
149
1
0.434352 12.8842 -1.05786
0.0326995 -0.00158242 0.0527577
150
1
0.487958 12.9442 -1.02857
-0.0592129 0.00152254 -0.0284976
151
1
0.508311 12.9714 -1.00798
-0.00507675 -0.00478066 -0.0178315
152
1
0.588146 12.9601 -0.989656
-0.00341745 -0.000103947 0.00799116
153
1
-0.168246 14.5748 -1.3119
0.0173303 -0.0467401 -0.0598905
154
1
0.181779 13.7442 -0.00129332
0.0387711 0.0179658 0.0193515
155
1
-0.0617879 15.9198 -0.00922034
0.00299478 0.0328816 0.070581
156
1
0.17466 13.7328 0.0536959
-0.0393907 -0.0170515 0.00520513
157
1
0.295389 14.5478 1.28358
-0.00164043 -0.0323652 -0.0708636
158
1
0.451235 12.973 0.955088
0.00749103 0.00380516 0.00757149
159
1
0.369976 12.9911 1.00907
0.0053562 0.00163051 -0.0248848
160
1
0.340647 12.9675 1.04626
0.0624506 -0.00796825 -0.0396229
161
1
0.298011 12.9195 1.11425
-0.0384419 0.0164 0.0481754
162
1
0.272972 12.8975 1.17706
0.0351291 -0.0105237 -0.0687536
163
1
0.273456 12.8498 1.28258
0.00223158 0.0319695 -0.0394208
164
1
0.271761 12.8416 1.34165
-0.023952 -0.00406077 -0.026968
165
1
0.278098 12.8391 1.3999
0.0250206 -0.00596362 -0.0623318
166
1
0.279477 12.8257 1.46974
-0.0236645 0.00813452 -0.0217208
167
1
0.291855 12.8094 1.5332
-0.0123906 0.0030653 -0.0608737
168
1
0.307901 12.7812 1.6032
0.00949466 0.0354651 -0.0537207
169
1
0.325836 12.7482 1.65795
-0.0195855 0.0346848 -0.0265474
170
1
0.35308 12.7216 1.70154
-0.020149 0.0151381 -0.0172799
171
1
0.380687 12.6987 1.74064
-0.0204741 0.00565717 -0.0155466
172
1
0.414869 12.6819 1.77276
-0.0232469 0.00083025 -0.0154505
173
1
0.455349 12.6728 1.8009
-0.0200077 -0.00014922 -0.0106849
174
1
0.500725 12.6663 1.82872
-0.0204143 0.000590576 -0.00675293
175
1
0.548798 12.6614 1.85866
-0.0271151 0.00156224 -0.0128982
176
1
0.594957 12.658 1.89454
-0.0246723 0.00174605 -0.025357
177
1
0.636058 12.6565 1.93516
-0.0188421 1.35592e-005 -0.0255079
178
1
0.672871 12.6566 1.97647
-0.0161493 -0.00313656 -0.0182741
179
1
0.706193 12.6579 2.01583
-0.012956 -0.00363325 -0.0205007
180
1
0.735145 12.6579 2.05182
-0.0114942 -0.00179556 -0.0175127
181
1
0.763604 12.6553 2.086
-0.0125239 0.00176388 -0.00927086
182
1
0.793158 12.6468 2.12073
-0.0125565 0.00430814 -0.0110716
183
1
0.824046 12.6329 2.15615
-0.014491 0.00965681 -0.0157587
184
1
0.857746 12.6135 2.19641
-0.0185757 0.0148718 -0.0233759
185
1
0.894145 12.591 2.23876
-0.0177483 0.00995983 -0.0230776
186
1
0.926788 12.568 2.28161
-0.0239951 0.0093479 -0.0237858
187
1
0.9544 12.5425 2.32212
-0.0309422 0.0150507 -0.0208051
188
1
0.97744 12.5161 2.36157
-0.00405441 0.0127095 -0.0131988
189
1
0.991681 12.4915 2.40085
0.00819446 0.00728953 -0.0128247
190
1
0.993738 12.4564 2.44797
0.00685876 0.0168952 -0.0269638
191
1
0.982937 12.4131 2.50551
0.00470565 0.0260952 -0.0373008
192
1
0.956622 12.3651 2.56118
0.0213333 0.0215269 -0.0214626
193
1
0.916047 12.3134 2.60849
0.0279921 0.0300278 -0.0185628
