194
0
1
0.542909 10.4071 1.53715
0.0233996 0.036742 -0.0349923
1
1
0.49376 10.338 1.59905
0.0280677 0.0297149 -0.0279724
2
1
0.433568 10.2654 1.65132
0.0318565 0.037178 -0.0243194
3
1
0.366157 10.1812 1.6945
0.038881 0.0470626 -0.0213613
4
1
0.309824 10.092 1.7203
0.020413 0.0434902 -0.00129246
5
1
0.272895 9.99743 1.73166
0.0133317 0.0338744 0.00182425
6
1
0.239157 9.88745 1.75869
-0.00150235 0.0645171 -0.0175393
7
1
0.137949 9.76229 1.80649
0.0664251 0.0192959 -0.0188209
8
1
0.347902 6.0981 0.0550154
-0.0200792 -0.0451419 -0.00948935
9
1
0.323941 13.0576 0.0782375
0.0516361 0.00615692 0.00837233
10
1
-0.323973 13.0578 0.0779531
0.0516037 -0.00618856 -0.00830348
11
1
-0.348345 6.09859 0.0556245
-0.0201616 0.0449244 0.00882982
12
1
-0.137949 9.76229 1.80649
0.0664249 -0.0192958 0.018821
13
1
-0.239157 9.88745 1.75869
-0.00150223 -0.0645171 0.0175392
14
1
-0.272895 9.99743 1.73166
0.0133318 -0.0338745 -0.00182426
15
1
-0.309825 10.092 1.7203
0.0204131 -0.0434902 0.0012925
16
1
-0.366158 10.1812 1.6945
0.038881 -0.0470625 0.0213613
17
1
-0.433569 10.2654 1.65132
0.0318565 -0.037178 0.0243194
18
1
-0.493761 10.338 1.59905
0.0280677 -0.0297149 0.0279724
19
1
-0.54291 10.4071 1.53715
0.0233996 -0.036742 0.0349923
20
1
-0.581101 10.4754 1.47241
0.0198423 -0.0354078 0.0357061
21
1
-0.611559 10.5464 1.40686
0.0114413 -0.0313953 0.0276317
22
1
-0.630126 10.6175 1.3422
0.00319826 -0.0429974 0.0335367
23
1
-0.639727 10.6871 1.27617
0.000836522 -0.037298 0.0347556
24
1
-0.644096 10.7478 1.21383
-0.000282385 -0.0214166 0.024993
25
1
-0.643876 10.8015 1.15906
-0.000288737 -0.0236943 0.0266319
26
1
-0.641224 10.8526 1.10726
-0.00157343 -0.0264035 0.026172
27
1
-0.636575 10.9007 1.05672
-0.00357986 -0.0224656 0.0232628
28
1
-0.629961 10.9462 1.00594
-0.00376065 -0.018865 0.0229583
29
1
-0.624402 10.9913 0.954356
-0.00230768 -0.0202444 0.0285594
30
1
-0.621533 11.0356 0.90583
-0.00212139 -0.0194165 0.0217525
31
1
-0.619262 11.0808 0.861044
-0.00148605 -0.0211283 0.0185389
32
1
-0.616481 11.13 0.819393
-0.00112762 -0.0267289 0.0221966
33
1
-0.614039 11.1814 0.781919
-0.00177415 -0.029737 0.0204807
34
1
-0.612084 11.2331 0.747749
-0.00101856 -0.0290225 0.0167197
35
1
-0.609781 11.2866 0.71557
-0.000620877 -0.0275202 0.0165985
36
1
-0.606895 11.339 0.685467
-0.00252857 -0.0261192 0.0148669
37
1
-0.603133 11.3903 0.659129
-0.00342171 -0.0263138 0.0124933
38
1
-0.599882 11.4405 0.636156
-0.00200525 -0.0240215 0.0100534
39
1
-0.599357 11.4883 0.616747
-0.000667122 -0.0191505 0.007001
40
1
-0.601675 11.5321 0.600707
0.000399347 -0.0189664 0.00504356
41
1
-0.606079 11.574 0.586716
0.00264064 -0.0208449 0.00418075
42
1
-0.613357 11.6159 0.573312
0.00366995 -0.0199453 0.00518799
43
1
-0.623283 11.6576 0.559864
0.00387461 -0.0198827 0.00672507
44
1
-0.635935 11.6991 0.545068
0.00675857 -0.022828 0.00776188
45
1
-0.651944 11.7414 0.528479
0.0114095 -0.0228549 0.00821384
46
1
-0.672067 11.7828 0.509473
0.0119709 -0.0191514 0.00767246
47
1
-0.693946 11.8214 0.487793
0.0122458 -0.0191838 0.00831447
48
1
-0.717712 11.8574 0.462174
0.0141907 -0.0202268 0.0128826
49
1
-0.74212 11.89 0.433479
0.0133342 -0.0174096 0.0156457
50
1
-0.766365 11.918 0.401273
0.0116515 -0.0137071 0.0157753
51
1
-0.790026 11.9419 0.363951
0.0114677 -0.0110682 0.0207419
52
1
-0.812706 11.9614 0.321138
0.0111555 -0.00689289 0.0269718
53
1
-0.834048 11.9754 0.27309
0.0116611 -0.00315477 0.029959
54
1
-0.852547 11.9843 0.220886
0.0109241 -0.00199216 0.0305742
55
1
-0.866817 11.9894 0.1659
0.00600809 -2.30444e-005 0.0306638
56
1
-0.876334 11.9918 0.110726
0.0042842 0.000371131 0.0296095
57
1
-0.88167 11.9926 0.0546313
0.00291074 0.000194202 0.0279884
58
1
-0.883535 11.9926 3.99907e-007
4.0343e-008 4.36999e-008 0.0273194
59
1
-0.88167 11.9926 -0.0546306
-0.00291066 -0.00019411 0.0279884
60
1
-0.876334 11.9918 -0.110726
-0.00428412 -0.000371036 0.0296095
61
1
-0.866817 11.9894 -0.165899
-0.00600801 2.31399e-005 0.0306639
62
1
-0.852548 11.9843 -0.220885
-0.010924 0.00199226 0.0305743
63
1
-0.834048 11.9754 -0.273089
-0.011661 0.00315486 0.0299591
64
1
-0.812706 11.9614 -0.321137
-0.0111555 0.00689296 0.0269719
65
1
-0.790026 11.9419 -0.36395
-0.0114677 0.0110683 0.020742
66
1
-0.766366 11.918 -0.401273
-0.0116515 0.0137072 0.0157754
67
1
-0.742121 11.89 -0.433479
-0.0133343 0.0174096 0.0156458
68
1
-0.717713 11.8574 -0.462174
-0.0141908 0.0202268 0.0128826
69
1
-0.693946 11.8214 -0.487793
-0.0122458 0.0191838 0.00831449
70
1
-0.672067 11.7827 -0.509473
-0.0119709 0.0191514 0.00767248
71
1
-0.651945 11.7414 -0.528479
-0.0114095 0.0228549 0.00821385
72
1
-0.635935 11.6991 -0.545068
-0.0067586 0.022828 0.00776188
73
1
-0.623283 11.6576 -0.559864
-0.00387463 0.0198826 0.00672507
74
1
-0.613357 11.6159 -0.573312
-0.00366997 0.0199453 0.005188
75
1
-0.606079 11.574 -0.586716
-0.00264066 0.0208449 0.00418075
76
1
-0.601675 11.5321 -0.600707
-0.000399363 0.0189664 0.00504356
77
1
-0.599357 11.4882 -0.616747
0.000667108 0.0191505 0.007001
78
1
-0.599882 11.4405 -0.636156
0.00200523 0.0240215 0.0100534
79
1
-0.603132 11.3903 -0.659129
0.0034217 0.0263138 0.0124933
80
1
-0.606895 11.339 -0.685467
0.00252855 0.0261192 0.0148669
81
1
-0.60978 11.2866 -0.71557
0.000620859 0.0275202 0.0165986
82
1
-0.612084 11.2331 -0.747749
0.00101855 0.0290225 0.0167197
83
1
-0.614039 11.1814 -0.781919
0.00177414 0.029737 0.0204807
84
1
-0.616481 11.13 -0.819393
0.0011276 0.0267289 0.0221966
85
1
-0.619262 11.0808 -0.861044
0.00148604 0.0211282 0.0185389
86
1
-0.621533 11.0356 -0.905831
0.00212139 0.0194164 0.0217525
87
1
-0.624401 10.9913 -0.954357
0.00230767 0.0202444 0.0285594
88
1
-0.62996 10.9462 -1.00594
0.00376064 0.018865 0.0229583
89
1
-0.636574 10.9007 -1.05672
0.00357985 0.0224656 0.0232628
90
1
-0.641223 10.8526 -1.10726
0.00157342 0.0264035 0.026172
91
1
-0.643875 10.8015 -1.15906
0.000288728 0.0236943 0.0266319
92
1
-0.644096 10.7478 -1.21383
0.000282377 0.0214166 0.024993
93
1
-0.639726 10.6871 -1.27617
-0.00083654 0.037298 0.0347556
94
1
-0.630125 10.6175 -1.3422
-0.00319829 0.0429974 0.0335367
95
1
-0.611559 10.5464 -1.40686
-0.0114414 0.0313953 0.0276317
96
1
-0.5811 10.4754 -1.47241
-0.0198423 0.0354078 0.035706
97
1
-0.542909 10.4071 -1.53715
-0.0233996 0.036742 0.0349923
98
1
-0.49376 10.338 -1.59905
-0.0280678 0.0297149 0.0279724
99
1
-0.433568 10.2654 -1.65132
-0.0318565 0.037178 0.0243194
100
1
-0.366157 10.1812 -1.6945
-0.038881 0.0470626 0.0213613
101
1
-0.309824 10.092 -1.7203
-0.020413 0.0434902 0.00129246
102
1
-0.272895 9.99743 -1.73166
-0.0133317 0.0338744 -0.00182425
103
1
-0.239157 9.88745 -1.75869
0.00150235 0.0645171 0.0175393
104
1
-0.137949 9.76229 -1.80649
-0.0664251 0.0192959 0.0188209
105
1
-0.3479 6.0981 -0.0550136
0.0200788 -0.0451423 0.00949061
106
1
-0.323941 13.0576 -0.0782377
-0.0516362 0.00615689 -0.0083724
107
1
0.323973 13.0578 -0.0779534
-0.0516037 -0.00618852 0.00830355
108
1
0.348342 6.09859 -0.0556227
0.0201613 0.0449249 -0.00883108
109
1
0.137949 9.76229 -1.80649
-0.0664249 -0.0192958 -0.018821
110
1
0.239157 9.88745 -1.75869
0.00150223 -0.0645171 -0.0175392
111
1
0.272895 9.99743 -1.73166
-0.0133318 -0.0338745 0.00182426
112
1
0.309825 10.092 -1.7203
-0.0204131 -0.0434902 -0.0012925
113
1
0.366158 10.1812 -1.6945
-0.038881 -0.0470625 -0.0213613
114
1
0.433569 10.2654 -1.65132
-0.0318565 -0.037178 -0.0243194
115
1
0.493761 10.338 -1.59905
-0.0280677 -0.0297149 -0.0279724
116
1
0.54291 10.4071 -1.53715
-0.0233996 -0.036742 -0.0349923
117
1
0.581101 10.4754 -1.47241
-0.0198423 -0.0354078 -0.0357061
118
1
0.611559 10.5464 -1.40686
-0.0114413 -0.0313953 -0.0276317
119
1
0.630126 10.6175 -1.3422
-0.00319826 -0.0429974 -0.0335367
120
1
0.639727 10.6871 -1.27617
-0.000836522 -0.037298 -0.0347556
121
1
0.644096 10.7478 -1.21383
0.000282385 -0.0214166 -0.024993
122
1
0.643876 10.8015 -1.15906
0.000288737 -0.0236943 -0.0266319
123
1
0.641224 10.8526 -1.10726
0.00157343 -0.0264035 -0.026172
124
1
0.636575 10.9007 -1.05672
0.00357986 -0.0224656 -0.0232628
125
1
0.629961 10.9462 -1.00594
0.00376065 -0.018865 -0.0229583
126
1
0.624402 10.9913 -0.954356
0.00230768 -0.0202444 -0.0285594
127
1
0.621533 11.0356 -0.90583
0.00212139 -0.0194165 -0.0217525
128
1
0.619262 11.0808 -0.861044
0.00148605 -0.0211283 -0.0185389
129
1
0.616481 11.13 -0.819393
0.00112762 -0.0267289 -0.0221966
130
1
0.614039 11.1814 -0.781919
0.00177415 -0.029737 -0.0204807
131
1
0.612084 11.2331 -0.747749
0.00101856 -0.0290225 -0.0167197
132
1
0.609781 11.2866 -0.71557
0.000620876 -0.0275202 -0.0165985
133
1
0.606895 11.339 -0.685467
0.00252857 -0.0261192 -0.0148669
134
1
0.603133 11.3903 -0.659129
0.00342171 -0.0263138 -0.0124933
135
1
0.599882 11.4405 -0.636156
0.00200524 -0.0240215 -0.0100534
136
1
0.599357 11.4883 -0.616747
0.000667122 -0.0191505 -0.007001
137
1
0.601675 11.5321 -0.600707
-0.000399347 -0.0189664 -0.00504356
138
1
0.606079 11.574 -0.586716
-0.00264064 -0.0208449 -0.00418075
139
1
0.613357 11.6159 -0.573312
-0.00366995 -0.0199453 -0.00518799
140
1
0.623283 11.6576 -0.559864
-0.00387461 -0.0198827 -0.00672507
141
1
0.635935 11.6991 -0.545068
-0.00675857 -0.022828 -0.00776188
142
1
0.651944 11.7414 -0.528479
-0.0114095 -0.0228549 -0.00821384
143
1
0.672067 11.7828 -0.509473
-0.0119709 -0.0191514 -0.00767246
144
1
0.693946 11.8214 -0.487793
-0.0122458 -0.0191838 -0.00831447
145
1
0.717712 11.8574 -0.462174
-0.0141907 -0.0202268 -0.0128826
146
1
0.74212 11.89 -0.433479
-0.0133342 -0.0174096 -0.0156457
147
1
0.766365 11.918 -0.401273
-0.0116515 -0.0137071 -0.0157753
148
1
0.790026 11.9419 -0.363951
-0.0114677 -0.0110682 -0.0207419
149
1
0.812706 11.9614 -0.321138
-0.0111555 -0.00689289 -0.0269718
150
1
0.834048 11.9754 -0.27309
-0.0116611 -0.00315477 -0.029959
151
1
0.852547 11.9843 -0.220886
-0.0109241 -0.00199216 -0.0305742
152
1
0.866817 11.9894 -0.1659
-0.00600809 -2.30453e-005 -0.0306638
153
1
0.876334 11.9918 -0.110726
-0.00428419 0.00037113 -0.0296095
154
1
0.88167 11.9926 -0.0546313
-0.00291074 0.000194202 -0.0279884
155
1
0.883535 11.9926 -4.019e-007
-4.00953e-008 4.29267e-008 -0.0273194
156
1
0.88167 11.9926 0.0546306
0.00291066 -0.000194111 -0.0279884
157
1
0.876334 11.9918 0.110726
0.00428412 -0.000371037 -0.0296095
158
1
0.866817 11.9894 0.165899
0.00600801 2.3139e-005 -0.0306639
159
1
0.852548 11.9843 0.220885
0.010924 0.00199226 -0.0305743
160
1
0.834048 11.9754 0.273089
0.011661 0.00315486 -0.0299591
161
1
0.812706 11.9614 0.321137
0.0111555 0.00689296 -0.0269719
162
1
0.790026 11.9419 0.36395
0.0114677 0.0110683 -0.020742
163
1
0.766366 11.918 0.401273
0.0116515 0.0137072 -0.0157754
164
1
0.742121 11.89 0.433479
0.0133343 0.0174096 -0.0156458
165
1
0.717713 11.8574 0.462174
0.0141908 0.0202268 -0.0128826
166
1
0.693946 11.8214 0.487793
0.0122458 0.0191838 -0.00831449
167
1
0.672067 11.7827 0.509473
0.0119709 0.0191514 -0.00767248
168
1
0.651945 11.7414 0.528479
0.0114095 0.0228549 -0.00821385
169
1
0.635935 11.6991 0.545068
0.0067586 0.022828 -0.00776188
170
1
0.623283 11.6576 0.559864
0.00387463 0.0198826 -0.00672507
171
1
0.613357 11.6159 0.573312
0.00366997 0.0199453 -0.005188
172
1
0.606079 11.574 0.586716
0.00264066 0.0208449 -0.00418075
173
1
0.601675 11.5321 0.600707
0.000399362 0.0189664 -0.00504356
174
1
0.599357 11.4882 0.616747
-0.000667108 0.0191505 -0.007001
175
1
0.599882 11.4405 0.636156
-0.00200523 0.0240215 -0.0100534
176
1
0.603132 11.3903 0.659129
-0.0034217 0.0263138 -0.0124933
177
1
0.606895 11.339 0.685467
-0.00252855 0.0261192 -0.0148669
178
1
0.60978 11.2866 0.71557
-0.00062086 0.0275202 -0.0165986
179
1
0.612084 11.2331 0.747749
-0.00101855 0.0290225 -0.0167197
180
1
0.614039 11.1814 0.781919
-0.00177414 0.029737 -0.0204807
181
1
0.616481 11.13 0.819393
-0.0011276 0.0267289 -0.0221966
182
1
0.619262 11.0808 0.861044
-0.00148604 0.0211282 -0.0185389
183
1
0.621533 11.0356 0.905831
-0.00212139 0.0194164 -0.0217525
184
1
0.624401 10.9913 0.954357
-0.00230767 0.0202444 -0.0285594
185
1
0.62996 10.9462 1.00594
-0.00376064 0.018865 -0.0229583
186
1
0.636574 10.9007 1.05672
-0.00357985 0.0224656 -0.0232628
187
1
0.641223 10.8526 1.10726
-0.00157342 0.0264035 -0.026172
188
1
0.643875 10.8015 1.15906
-0.000288728 0.0236943 -0.0266319
189
1
0.644096 10.7478 1.21383
-0.000282377 0.0214166 -0.024993
190
1
0.639726 10.6871 1.27617
0.00083654 0.037298 -0.0347556
191
1
0.630125 10.6175 1.3422
0.00319829 0.0429974 -0.0335367
192
1
0.611559 10.5464 1.40686
0.0114414 0.0313953 -0.0276317
193
1
0.5811 10.4754 1.47241
0.0198423 0.0354078 -0.035706
