194
0
1
0.922529 5.02744 0.797606
0.0319365 -0.0167053 0.0280533
1
1
0.859108 5.06358 0.742529
0.0307234 -0.0210293 0.0298941
2
1
0.797664 5.11078 0.681786
0.02941 -0.027161 0.0317876
3
1
0.74346 5.16803 0.614001
0.0251372 -0.0300757 0.036358
4
1
0.701252 5.23396 0.534796
0.0183279 -0.0350567 0.0416838
5
1
0.67647 5.30539 0.440735
0.0071361 -0.0374409 0.0522648
6
1
0.67366 5.38161 0.324331
-0.00794042 -0.0404273 0.0661395
7
1
0.700073 5.46454 0.168952
-0.0236962 -0.0293951 0.0681635
8
1
0.751358 5.69789 0.0745379
0.00907 -0.0505919 -0.0164199
9
1
0.115578 6.1823 0.0666623
0.0482694 0.0346481 -0.0157418
10
1
-0.115578 6.1823 0.0666623
0.0482694 -0.0346481 0.0157418
11
1
-0.751358 5.69789 0.0745379
0.00907 0.0505919 0.0164199
12
1
-0.700073 5.46454 0.168952
-0.0236962 0.0293951 -0.0681635
13
1
-0.67366 5.38161 0.324331
-0.00794042 0.0404273 -0.0661395
14
1
-0.67647 5.30539 0.440735
0.0071361 0.0374409 -0.0522648
15
1
-0.701252 5.23396 0.534796
0.0183279 0.0350567 -0.0416838
16
1
-0.74346 5.16803 0.614001
0.0251372 0.0300757 -0.036358
17
1
-0.797664 5.11078 0.681786
0.02941 0.027161 -0.0317876
18
1
-0.859108 5.06358 0.742529
0.0307234 0.0210293 -0.0298941
19
1
-0.922529 5.02744 0.797606
0.0319365 0.0167053 -0.0280533
20
1
-0.985974 5.00053 0.846701
0.0320061 0.0116846 -0.0237292
21
1
-1.04919 4.98118 0.888931
0.0307298 0.00740738 -0.0200408
22
1
-1.11203 4.96772 0.924307
0.0317764 0.00529185 -0.0162153
23
1
-1.17558 4.95844 0.953356
0.0312226 0.00316762 -0.0118276
24
1
-1.23935 4.95159 0.976312
0.0318377 0.00183019 -0.00902155
25
1
-1.30328 4.94548 0.993786
0.0326115 0.00194772 -0.00640593
26
1
-1.36705 4.93918 1.00642
0.0311436 0.00213271 -0.00457745
27
1
-1.42995 4.93295 1.01526
0.030884 0.00261565 -0.00311932
28
1
-1.49219 4.92685 1.02102
0.0314745 0.00319192 -0.00199652
29
1
-1.55393 4.921 1.02475
0.0305881 0.00274902 -0.00133408
30
1
-1.615 4.91585 1.0268
0.0299568 0.00251586 -0.000921342
31
1
-1.67538 4.91152 1.02689
0.0301952 0.00304396 -0.000518335
32
1
-1.73502 4.90825 1.02519
0.0297762 0.00270094 0.000669602
33
1
-1.79375 4.90676 1.02174
0.0289254 0.00133001 0.00270467
34
1
-1.85142 4.90724 1.01636
0.0285356 7.64234e-005 0.00411079
35
1
-1.90788 4.90924 1.00851
0.0277326 -0.00118206 0.00497655
36
1
-1.96305 4.91217 0.997931
0.026227 -0.00257859 0.00631408
37
1
-2.01732 4.91599 0.98407
0.02552 -0.00345149 0.00792582
38
1
-2.07128 4.92103 0.966165
0.0262436 -0.00371276 0.00955489
39
1
-2.12493 4.92703 0.944
0.026932 -0.00376218 0.0114143
40
1
-2.17773 4.93358 0.918369
0.0266381 -0.00356279 0.0136141
41
1
-2.2293 4.94025 0.889866
0.0261577 -0.00316228 0.0153475
42
1
-2.27991 4.94664 0.858966
0.025838 -0.00290149 0.0162511
43
1
-2.32938 4.95255 0.825062
0.0253942 -0.00271499 0.0173329
44
1
-2.37762 4.95791 0.787706
0.0247954 -0.00268763 0.0192167
45
1
-2.42465 4.96296 0.746402
0.0242355 -0.0029398 0.0213992
46
1
-2.46982 4.96759 0.700815
0.0232249 -0.00262061 0.0237824
47
1
-2.51221 4.9718 0.651152
0.0213717 -0.00140671 0.0266869
48
1
-2.55143 4.97557 0.597976
0.019481 -0.000590288 0.0291372
49
1
-2.58752 4.97865 0.542165
0.0179524 -0.000652084 0.0304898
50
1
-2.62028 4.98151 0.484642
0.0160975 -0.00121521 0.0309629
51
1
-2.64982 4.98449 0.42603
0.0139122 -0.00187663 0.0313093
52
1
-2.67616 4.98771 0.36624
0.0122626 -0.00208393 0.0314291
53
1
-2.69934 4.99134 0.305576
0.0112708 -0.00213522 0.0312976
54
1
-2.71919 4.99517 0.244567
0.00999231 -0.00251988 0.0312751
55
1
-2.73528 4.99904 0.183509
0.00783632 -0.00288934 0.031463
56
1
-2.74713 5.00211 0.122465
0.00500467 -0.00246724 0.0314438
57
1
-2.75422 5.00406 0.0612717
0.00222227 -0.00135172 0.0310791
58
1
-2.75672 5.00472 -4.02063e-015
8.03107e-016 -2.96016e-016 0.0308445
59
1
-2.75422 5.00406 -0.0612717
-0.00222227 0.00135172 0.0310791
60
1
-2.74713 5.00211 -0.122465
-0.00500467 0.00246724 0.0314438
61
1
-2.73528 4.99904 -0.183509
-0.00783632 0.00288934 0.031463
62
1
-2.71919 4.99517 -0.244567
-0.00999231 0.00251988 0.0312751
63
1
-2.69934 4.99134 -0.305576
-0.0112708 0.00213522 0.0312976
64
1
-2.67616 4.98771 -0.36624
-0.0122626 0.00208393 0.0314291
65
1
-2.64982 4.98449 -0.42603
-0.0139122 0.00187663 0.0313093
66
1
-2.62028 4.98151 -0.484642
-0.0160975 0.00121521 0.0309629
67
1
-2.58752 4.97865 -0.542165
-0.0179524 0.000652084 0.0304898
68
1
-2.55143 4.97557 -0.597976
-0.019481 0.000590288 0.0291372
69
1
-2.51221 4.9718 -0.651152
-0.0213717 0.00140671 0.0266869
70
1
-2.46982 4.96759 -0.700815
-0.0232249 0.00262061 0.0237824
71
1
-2.42465 4.96296 -0.746402
-0.0242355 0.0029398 0.0213992
72
1
-2.37762 4.95791 -0.787706
-0.0247954 0.00268763 0.0192167
73
1
-2.32938 4.95255 -0.825062
-0.0253942 0.00271499 0.0173329
74
1
-2.27991 4.94664 -0.858966
-0.025838 0.00290149 0.0162511
75
1
-2.2293 4.94025 -0.889866
-0.0261577 0.00316228 0.0153475
76
1
-2.17773 4.93358 -0.918369
-0.0266381 0.00356279 0.0136141
77
1
-2.12493 4.92703 -0.944
-0.026932 0.00376218 0.0114143
78
1
-2.07128 4.92103 -0.966165
-0.0262436 0.00371276 0.00955489
79
1
-2.01732 4.91599 -0.98407
-0.02552 0.00345149 0.00792582
80
1
-1.96305 4.91217 -0.997931
-0.026227 0.00257859 0.00631408
81
1
-1.90788 4.90924 -1.00851
-0.0277326 0.00118206 0.00497655
82
1
-1.85142 4.90724 -1.01636
-0.0285356 -7.64234e-005 0.00411079
83
1
-1.79375 4.90676 -1.02174
-0.0289254 -0.00133001 0.00270467
84
1
-1.73502 4.90825 -1.02519
-0.0297762 -0.00270094 0.000669602
85
1
-1.67538 4.91152 -1.02689
-0.0301952 -0.00304396 -0.000518335
86
1
-1.615 4.91585 -1.0268
-0.0299568 -0.00251586 -0.000921342
87
1
-1.55393 4.921 -1.02475
-0.0305881 -0.00274902 -0.00133408
88
1
-1.49219 4.92685 -1.02102
-0.0314745 -0.00319192 -0.00199652
89
1
-1.42995 4.93295 -1.01526
-0.030884 -0.00261565 -0.00311932
90
1
-1.36705 4.93918 -1.00642
-0.0311436 -0.00213271 -0.00457745
91
1
-1.30328 4.94548 -0.993786
-0.0326115 -0.00194772 -0.00640593
92
1
-1.23935 4.95159 -0.976312
-0.0318377 -0.00183019 -0.00902155
93
1
-1.17558 4.95844 -0.953356
-0.0312226 -0.00316762 -0.0118276
94
1
-1.11203 4.96772 -0.924307
-0.0317764 -0.00529185 -0.0162153
95
1
-1.04919 4.98118 -0.888931
-0.0307298 -0.00740738 -0.0200408
96
1
-0.985974 5.00053 -0.846701
-0.0320061 -0.0116846 -0.0237292
97
1
-0.922529 5.02744 -0.797606
-0.0319365 -0.0167053 -0.0280533
98
1
-0.859108 5.06358 -0.742529
-0.0307234 -0.0210293 -0.0298941
99
1
-0.797664 5.11078 -0.681786
-0.02941 -0.027161 -0.0317876
100
1
-0.74346 5.16803 -0.614001
-0.0251372 -0.0300757 -0.036358
101
1
-0.701252 5.23396 -0.534796
-0.0183279 -0.0350567 -0.0416838
102
1
-0.67647 5.30539 -0.440735
-0.0071361 -0.0374409 -0.0522648
103
1
-0.67366 5.38161 -0.324331
0.00794042 -0.0404273 -0.0661395
104
1
-0.700073 5.46454 -0.168952
0.0236962 -0.0293951 -0.0681635
105
1
-0.751358 5.69789 -0.0745379
-0.00907 -0.0505919 0.0164199
106
1
-0.115578 6.1823 -0.0666623
-0.0482694 0.0346481 0.0157418
107
1
0.115578 6.1823 -0.0666623
-0.0482694 -0.0346481 -0.0157418
108
1
0.751358 5.69789 -0.0745379
-0.00907 0.0505919 -0.0164199
109
1
0.700073 5.46454 -0.168952
0.0236962 0.0293951 0.0681635
110
1
0.67366 5.38161 -0.324331
0.00794042 0.0404273 0.0661395
111
1
0.67647 5.30539 -0.440735
-0.0071361 0.0374409 0.0522648
112
1
0.701252 5.23396 -0.534796
-0.0183279 0.0350567 0.0416838
113
1
0.74346 5.16803 -0.614001
-0.0251372 0.0300757 0.036358
114
1
0.797664 5.11078 -0.681786
-0.02941 0.027161 0.0317876
115
1
0.859108 5.06358 -0.742529
-0.0307234 0.0210293 0.0298941
116
1
0.922529 5.02744 -0.797606
-0.0319365 0.0167053 0.0280533
117
1
0.985974 5.00053 -0.846701
-0.0320061 0.0116846 0.0237292
118
1
1.04919 4.98118 -0.888931
-0.0307298 0.00740738 0.0200408
119
1
1.11203 4.96772 -0.924307
-0.0317764 0.00529185 0.0162153
120
1
1.17558 4.95844 -0.953356
-0.0312226 0.00316762 0.0118276
121
1
1.23935 4.95159 -0.976312
-0.0318377 0.00183019 0.00902155
122
1
1.30328 4.94548 -0.993786
-0.0326115 0.00194772 0.00640593
123
1
1.36705 4.93918 -1.00642
-0.0311436 0.00213271 0.00457745
124
1
1.42995 4.93295 -1.01526
-0.030884 0.00261565 0.00311932
125
1
1.49219 4.92685 -1.02102
-0.0314745 0.00319192 0.00199652
126
1
1.55393 4.921 -1.02475
-0.0305881 0.00274902 0.00133408
127
1
1.615 4.91585 -1.0268
-0.0299568 0.00251586 0.000921342
128
1
1.67538 4.91152 -1.02689
-0.0301952 0.00304396 0.000518335
129
1
1.73502 4.90825 -1.02519
-0.0297762 0.00270094 -0.000669602
130
1
1.79375 4.90676 -1.02174
-0.0289254 0.00133001 -0.00270467
131
1
1.85142 4.90724 -1.01636
-0.0285356 7.64234e-005 -0.00411079
132
1
1.90788 4.90924 -1.00851
-0.0277326 -0.00118206 -0.00497655
133
1
1.96305 4.91217 -0.997931
-0.026227 -0.00257859 -0.00631408
134
1
2.01732 4.91599 -0.98407
-0.02552 -0.00345149 -0.00792582
135
1
2.07128 4.92103 -0.966165
-0.0262436 -0.00371276 -0.00955489
136
1
2.12493 4.92703 -0.944
-0.026932 -0.00376218 -0.0114143
137
1
2.17773 4.93358 -0.918369
-0.0266381 -0.00356279 -0.0136141
138
1
2.2293 4.94025 -0.889866
-0.0261577 -0.00316228 -0.0153475
139
1
2.27991 4.94664 -0.858966
-0.025838 -0.00290149 -0.0162511
140
1
2.32938 4.95255 -0.825062
-0.0253942 -0.00271499 -0.0173329
141
1
2.37762 4.95791 -0.787706
-0.0247954 -0.00268763 -0.0192167
142
1
2.42465 4.96296 -0.746402
-0.0242355 -0.0029398 -0.0213992
143
1
2.46982 4.96759 -0.700815
-0.0232249 -0.00262061 -0.0237824
144
1
2.51221 4.9718 -0.651152
-0.0213717 -0.00140671 -0.0266869
145
1
2.55143 4.97557 -0.597976
-0.019481 -0.000590288 -0.0291372
146
1
2.58752 4.97865 -0.542165
-0.0179524 -0.000652084 -0.0304898
147
1
2.62028 4.98151 -0.484642
-0.0160975 -0.00121521 -0.0309629
148
1
2.64982 4.98449 -0.42603
-0.0139122 -0.00187663 -0.0313093
149
1
2.67616 4.98771 -0.36624
-0.0122626 -0.00208393 -0.0314291
150
1
2.69934 4.99134 -0.305576
-0.0112708 -0.00213522 -0.0312976
151
1
2.71919 4.99517 -0.244567
-0.00999231 -0.00251988 -0.0312751
152
1
2.73528 4.99904 -0.183509
-0.00783632 -0.00288934 -0.031463
153
1
2.74713 5.00211 -0.122465
-0.00500467 -0.00246724 -0.0314438
154
1
2.75422 5.00406 -0.0612717
-0.00222227 -0.00135172 -0.0310791
155
1
2.75672 5.00472 -2.39398e-015
-5.96889e-016 2.33246e-016 -0.0308445
156
1
2.75422 5.00406 0.0612717
0.00222227 0.00135172 -0.0310791
157
1
2.74713 5.00211 0.122465
0.00500467 0.00246724 -0.0314438
158
1
2.73528 4.99904 0.183509
0.00783632 0.00288934 -0.031463
159
1
2.71919 4.99517 0.244567
0.00999231 0.00251988 -0.0312751
160
1
2.69934 4.99134 0.305576
0.0112708 0.00213522 -0.0312976
161
1
2.67616 4.98771 0.36624
0.0122626 0.00208393 -0.0314291
162
1
2.64982 4.98449 0.42603
0.0139122 0.00187663 -0.0313093
163
1
2.62028 4.98151 0.484642
0.0160975 0.00121521 -0.0309629
164
1
2.58752 4.97865 0.542165
0.0179524 0.000652084 -0.0304898
165
1
2.55143 4.97557 0.597976
0.019481 0.000590288 -0.0291372
166
1
2.51221 4.9718 0.651152
0.0213717 0.00140671 -0.0266869
167
1
2.46982 4.96759 0.700815
0.0232249 0.00262061 -0.0237824
168
1
2.42465 4.96296 0.746402
0.0242355 0.0029398 -0.0213992
169
1
2.37762 4.95791 0.787706
0.0247954 0.00268763 -0.0192167
170
1
2.32938 4.95255 0.825062
0.0253942 0.00271499 -0.0173329
171
1
2.27991 4.94664 0.858966
0.025838 0.00290149 -0.0162511
172
1
2.2293 4.94025 0.889866
0.0261577 0.00316228 -0.0153475
173
1
2.17773 4.93358 0.918369
0.0266381 0.00356279 -0.0136141
174
1
2.12493 4.92703 0.944
0.026932 0.00376218 -0.0114143
175
1
2.07128 4.92103 0.966165
0.0262436 0.00371276 -0.00955489
176
1
2.01732 4.91599 0.98407
0.02552 0.00345149 -0.00792582
177
1
1.96305 4.91217 0.997931
0.026227 0.00257859 -0.00631408
178
1
1.90788 4.90924 1.00851
0.0277326 0.00118206 -0.00497655
179
1
1.85142 4.90724 1.01636
0.0285356 -7.64234e-005 -0.00411079
180
1
1.79375 4.90676 1.02174
0.0289254 -0.00133001 -0.00270467
181
1
1.73502 4.90825 1.02519
0.0297762 -0.00270094 -0.000669602
182
1
1.67538 4.91152 1.02689
0.0301952 -0.00304396 0.000518335
183
1
1.615 4.91585 1.0268
0.0299568 -0.00251586 0.000921342
184
1
1.55393 4.921 1.02475
0.0305881 -0.00274902 0.00133408
185
1
1.49219 4.92685 1.02102
0.0314745 -0.00319192 0.00199652
186
1
1.42995 4.93295 1.01526
0.030884 -0.00261565 0.00311932
187
1
1.36705 4.93918 1.00642
0.0311436 -0.00213271 0.00457745
188
1
1.30328 4.94548 0.993786
0.0326115 -0.00194772 0.00640593
189
1
1.23935 4.95159 0.976312
0.0318377 -0.00183019 0.00902155
190
1
1.17558 4.95844 0.953356
0.0312226 -0.00316762 0.0118276
191
1
1.11203 4.96772 0.924307
0.0317764 -0.00529185 0.0162153
192
1
1.04919 4.98118 0.888931
0.0307298 -0.00740738 0.0200408
193
1
0.985974 5.00053 0.846701
0.0320061 -0.0116846 0.0237292
