194
0
1
1.11488 5.90976 1.06898
0.0230402 -0.0175754 0.0329086
1
1
1.06704 5.93869 1.00111
0.0234952 -0.0141639 0.0371515
2
1
1.01917 5.96271 0.920126
0.0227362 -0.0101188 0.0442447
3
1
0.974419 5.97845 0.826292
0.0215341 -0.00416811 0.0514292
4
1
0.93515 5.98527 0.715167
0.0150645 0.00151988 0.059628
5
1
0.906273 5.98345 0.583878
0.0113404 0.00451405 0.0738436
6
1
0.886386 5.9654 0.423357
0.00667425 0.00946174 0.0767952
7
1
0.866174 5.9391 0.20887
0.00693665 0.0168236 0.0743935
8
1
0.683042 5.7969 0.0631755
0.0367327 0.00874718 -0.0179234
9
1
0.052154 7.48079 0.523688
0.0010718 0.0202847 -0.0752279
10
1
-0.052154 7.48079 0.523688
0.0010718 -0.0202847 0.0752279
11
1
-0.683042 5.7969 0.0631755
0.0367327 -0.00874718 0.0179234
12
1
-0.866174 5.9391 0.20887
0.00693665 -0.0168236 -0.0743935
13
1
-0.886386 5.9654 0.423357
0.00667425 -0.00946174 -0.0767952
14
1
-0.906273 5.98345 0.583878
0.0113404 -0.00451405 -0.0738436
15
1
-0.93515 5.98527 0.715167
0.0150645 -0.00151988 -0.059628
16
1
-0.974419 5.97845 0.826292
0.0215341 0.00416811 -0.0514292
17
1
-1.01917 5.96271 0.920126
0.0227362 0.0101188 -0.0442447
18
1
-1.06704 5.93869 1.00111
0.0234952 0.0141639 -0.0371515
19
1
-1.11488 5.90976 1.06898
0.0230402 0.0175754 -0.0329086
20
1
-1.16197 5.8787 1.12514
0.0219601 0.018204 -0.0259462
21
1
-1.20909 5.84856 1.17038
0.0216758 0.0158485 -0.0198802
22
1
-1.25644 5.82097 1.20578
0.0233844 0.0147043 -0.015976
23
1
-1.30543 5.79615 1.2339
0.0237512 0.0122285 -0.0122284
24
1
-1.35556 5.77448 1.2553
0.024991 0.00989999 -0.00899174
25
1
-1.40666 5.75583 1.27009
0.026397 0.00814818 -0.00536739
26
1
-1.45886 5.74029 1.27803
0.0258508 0.00553702 -0.00168842
27
1
-1.51145 5.72846 1.27958
0.0261239 0.00365291 0.000876827
28
1
-1.56441 5.72024 1.27577
0.02679 0.00306729 0.00247189
29
1
-1.61744 5.71443 1.26784
0.0262732 0.0027173 0.00483255
30
1
-1.67019 5.71036 1.25664
0.0259414 0.00233472 0.00732465
31
1
-1.72262 5.70776 1.2423
0.0260151 0.00150412 0.00867946
32
1
-1.77477 5.70622 1.22507
0.0257393 0.000434146 0.00983016
33
1
-1.82657 5.70569 1.20539
0.0255814 -4.67541e-005 0.0112545
34
1
-1.87782 5.70632 1.18357
0.0256071 -0.000581016 0.0116297
35
1
-1.92827 5.70834 1.16004
0.0251222 -0.00149315 0.0114739
36
1
-1.97794 5.71137 1.13538
0.0242344 -0.00176466 0.0117769
37
1
-2.02743 5.71524 1.10971
0.0239245 -0.00172693 0.0125607
38
1
-2.07729 5.72003 1.08215
0.0244661 -0.00245378 0.0139608
39
1
-2.12718 5.72533 1.05167
0.0248502 -0.00336265 0.0158587
40
1
-2.17626 5.7305 1.01816
0.0245874 -0.00329787 0.0178124
41
1
-2.22397 5.73551 0.98191
0.0239675 -0.00301166 0.0194142
42
1
-2.27013 5.74041 0.942762
0.023111 -0.00340999 0.0206234
43
1
-2.31474 5.74597 0.900663
0.0225334 -0.00359897 0.0217803
44
1
-2.3582 5.75209 0.855595
0.0223749 -0.00326742 0.0232773
45
1
-2.40098 5.75867 0.807272
0.0218713 -0.00370663 0.0252611
46
1
-2.4421 5.76629 0.755247
0.0206884 -0.00480214 0.0274299
47
1
-2.48039 5.77511 0.699799
0.0192028 -0.0053544 0.0294148
48
1
-2.51533 5.78451 0.64136
0.0171388 -0.00548946 0.0314552
49
1
-2.54667 5.79383 0.580405
0.0150158 -0.00522628 0.0332425
50
1
-2.57521 5.80223 0.518019
0.013618 -0.00420083 0.0336906
51
1
-2.60145 5.80896 0.454837
0.0126598 -0.00290158 0.0334881
52
1
-2.62531 5.81395 0.390941
0.0114262 -0.00200413 0.0332714
53
1
-2.64611 5.81722 0.326402
0.00976626 -0.00121539 0.0332318
54
1
-2.66338 5.81896 0.261384
0.0080779 -0.000142253 0.0334654
55
1
-2.67758 5.81939 0.196099
0.00681853 0.000547658 0.0338286
56
1
-2.68864 5.8192 0.130764
0.00555925 0.000457472 0.0338018
57
1
-2.69615 5.81906 0.0653732
0.0033073 7.41794e-005 0.0332759
58
1
-2.69882 5.81891 -3.22242e-014
-1.36247e-015 -1.42704e-015 0.0329194
59
1
-2.69615 5.81906 -0.0653732
-0.0033073 -7.41794e-005 0.0332759
60
1
-2.68864 5.8192 -0.130764
-0.00555925 -0.000457472 0.0338018
61
1
-2.67758 5.81939 -0.196099
-0.00681853 -0.000547658 0.0338286
62
1
-2.66338 5.81896 -0.261384
-0.0080779 0.000142253 0.0334654
63
1
-2.64611 5.81722 -0.326402
-0.00976626 0.00121539 0.0332318
64
1
-2.62531 5.81395 -0.390941
-0.0114262 0.00200413 0.0332714
65
1
-2.60145 5.80896 -0.454837
-0.0126598 0.00290158 0.0334881
66
1
-2.57521 5.80223 -0.518019
-0.013618 0.00420083 0.0336906
67
1
-2.54667 5.79383 -0.580405
-0.0150158 0.00522628 0.0332425
68
1
-2.51533 5.78451 -0.64136
-0.0171388 0.00548946 0.0314552
69
1
-2.48039 5.77511 -0.699799
-0.0192028 0.0053544 0.0294148
70
1
-2.4421 5.76629 -0.755247
-0.0206884 0.00480214 0.0274299
71
1
-2.40098 5.75867 -0.807272
-0.0218713 0.00370663 0.0252611
72
1
-2.3582 5.75209 -0.855595
-0.0223749 0.00326742 0.0232773
73
1
-2.31474 5.74597 -0.900663
-0.0225334 0.00359897 0.0217803
74
1
-2.27013 5.74041 -0.942762
-0.023111 0.00340999 0.0206234
75
1
-2.22397 5.73551 -0.98191
-0.0239675 0.00301166 0.0194142
76
1
-2.17626 5.7305 -1.01816
-0.0245874 0.00329787 0.0178124
77
1
-2.12718 5.72533 -1.05167
-0.0248502 0.00336265 0.0158587
78
1
-2.07729 5.72003 -1.08215
-0.0244661 0.00245378 0.0139608
79
1
-2.02743 5.71524 -1.10971
-0.0239245 0.00172693 0.0125607
80
1
-1.97794 5.71137 -1.13538
-0.0242344 0.00176466 0.0117769
81
1
-1.92827 5.70834 -1.16004
-0.0251222 0.00149315 0.0114739
82
1
-1.87782 5.70632 -1.18357
-0.0256071 0.000581016 0.0116297
83
1
-1.82657 5.70569 -1.20539
-0.0255814 4.67541e-005 0.0112545
84
1
-1.77477 5.70622 -1.22507
-0.0257393 -0.000434146 0.00983016
85
1
-1.72262 5.70776 -1.2423
-0.0260151 -0.00150412 0.00867946
86
1
-1.67019 5.71036 -1.25664
-0.0259414 -0.00233472 0.00732465
87
1
-1.61744 5.71443 -1.26784
-0.0262732 -0.0027173 0.00483255
88
1
-1.56441 5.72024 -1.27577
-0.02679 -0.00306729 0.00247189
89
1
-1.51145 5.72846 -1.27958
-0.0261239 -0.00365291 0.000876827
90
1
-1.45886 5.74029 -1.27803
-0.0258508 -0.00553702 -0.00168842
91
1
-1.40666 5.75583 -1.27009
-0.026397 -0.00814818 -0.00536739
92
1
-1.35556 5.77448 -1.2553
-0.024991 -0.00989999 -0.00899174
93
1
-1.30543 5.79615 -1.2339
-0.0237512 -0.0122285 -0.0122284
94
1
-1.25644 5.82097 -1.20578
-0.0233844 -0.0147043 -0.015976
95
1
-1.20909 5.84856 -1.17038
-0.0216758 -0.0158485 -0.0198802
96
1
-1.16197 5.8787 -1.12514
-0.0219601 -0.018204 -0.0259462
97
1
-1.11488 5.90976 -1.06898
-0.0230402 -0.0175754 -0.0329086
98
1
-1.06704 5.93869 -1.00111
-0.0234952 -0.0141639 -0.0371515
99
1
-1.01917 5.96271 -0.920126
-0.0227362 -0.0101188 -0.0442447
100
1
-0.974419 5.97845 -0.826292
-0.0215341 -0.00416811 -0.0514292
101
1
-0.93515 5.98527 -0.715167
-0.0150645 0.00151988 -0.059628
102
1
-0.906273 5.98345 -0.583878
-0.0113404 0.00451405 -0.0738436
103
1
-0.886386 5.9654 -0.423357
-0.00667425 0.00946174 -0.0767952
104
1
-0.866174 5.9391 -0.20887
-0.00693665 0.0168236 -0.0743935
105
1
-0.683042 5.7969 -0.0631755
-0.0367327 0.00874718 0.0179234
106
1
-0.052154 7.48079 -0.523688
-0.0010718 0.0202847 0.0752279
107
1
0.052154 7.48079 -0.523688
-0.0010718 -0.0202847 -0.0752279
108
1
0.683042 5.7969 -0.0631755
-0.0367327 -0.00874718 -0.0179234
109
1
0.866174 5.9391 -0.20887
-0.00693665 -0.0168236 0.0743935
110
1
0.886386 5.9654 -0.423357
-0.00667425 -0.00946174 0.0767952
111
1
0.906273 5.98345 -0.583878
-0.0113404 -0.00451405 0.0738436
112
1
0.93515 5.98527 -0.715167
-0.0150645 -0.00151988 0.059628
113
1
0.974419 5.97845 -0.826292
-0.0215341 0.00416811 0.0514292
114
1
1.01917 5.96271 -0.920126
-0.0227362 0.0101188 0.0442447
115
1
1.06704 5.93869 -1.00111
-0.0234952 0.0141639 0.0371515
116
1
1.11488 5.90976 -1.06898
-0.0230402 0.0175754 0.0329086
117
1
1.16197 5.8787 -1.12514
-0.0219601 0.018204 0.0259462
118
1
1.20909 5.84856 -1.17038
-0.0216758 0.0158485 0.0198802
119
1
1.25644 5.82097 -1.20578
-0.0233844 0.0147043 0.015976
120
1
1.30543 5.79615 -1.2339
-0.0237512 0.0122285 0.0122284
121
1
1.35556 5.77448 -1.2553
-0.024991 0.00989999 0.00899174
122
1
1.40666 5.75583 -1.27009
-0.026397 0.00814818 0.00536739
123
1
1.45886 5.74029 -1.27803
-0.0258508 0.00553702 0.00168842
124
1
1.51145 5.72846 -1.27958
-0.0261239 0.00365291 -0.000876827
125
1
1.56441 5.72024 -1.27577
-0.02679 0.00306729 -0.00247189
126
1
1.61744 5.71443 -1.26784
-0.0262732 0.0027173 -0.00483255
127
1
1.67019 5.71036 -1.25664
-0.0259414 0.00233472 -0.00732465
128
1
1.72262 5.70776 -1.2423
-0.0260151 0.00150412 -0.00867946
129
1
1.77477 5.70622 -1.22507
-0.0257393 0.000434146 -0.00983016
130
1
1.82657 5.70569 -1.20539
-0.0255814 -4.67541e-005 -0.0112545
131
1
1.87782 5.70632 -1.18357
-0.0256071 -0.000581016 -0.0116297
132
1
1.92827 5.70834 -1.16004
-0.0251222 -0.00149315 -0.0114739
133
1
1.97794 5.71137 -1.13538
-0.0242344 -0.00176466 -0.0117769
134
1
2.02743 5.71524 -1.10971
-0.0239245 -0.00172693 -0.0125607
135
1
2.07729 5.72003 -1.08215
-0.0244661 -0.00245378 -0.0139608
136
1
2.12718 5.72533 -1.05167
-0.0248502 -0.00336265 -0.0158587
137
1
2.17626 5.7305 -1.01816
-0.0245874 -0.00329787 -0.0178124
138
1
2.22397 5.73551 -0.98191
-0.0239675 -0.00301166 -0.0194142
139
1
2.27013 5.74041 -0.942762
-0.023111 -0.00340999 -0.0206234
140
1
2.31474 5.74597 -0.900663
-0.0225334 -0.00359897 -0.0217803
141
1
2.3582 5.75209 -0.855595
-0.0223749 -0.00326742 -0.0232773
142
1
2.40098 5.75867 -0.807272
-0.0218713 -0.00370663 -0.0252611
143
1
2.4421 5.76629 -0.755247
-0.0206884 -0.00480214 -0.0274299
144
1
2.48039 5.77511 -0.699799
-0.0192028 -0.0053544 -0.0294148
145
1
2.51533 5.78451 -0.64136
-0.0171388 -0.00548946 -0.0314552
146
1
2.54667 5.79383 -0.580405
-0.0150158 -0.00522628 -0.0332425
147
1
2.57521 5.80223 -0.518019
-0.013618 -0.00420083 -0.0336906
148
1
2.60145 5.80896 -0.454837
-0.0126598 -0.00290158 -0.0334881
149
1
2.62531 5.81395 -0.390941
-0.0114262 -0.00200413 -0.0332714
150
1
2.64611 5.81722 -0.326402
-0.00976626 -0.00121539 -0.0332318
151
1
2.66338 5.81896 -0.261384
-0.0080779 -0.000142253 -0.0334654
152
1
2.67758 5.81939 -0.196099
-0.00681853 0.000547658 -0.0338286
153
1
2.68864 5.8192 -0.130764
-0.00555925 0.000457472 -0.0338018
154
1
2.69615 5.81906 -0.0653732
-0.0033073 7.41794e-005 -0.0332759
155
1
2.69882 5.81891 2.04011e-014
7.3854e-016 -3.92524e-016 -0.0329194
156
1
2.69615 5.81906 0.0653732
0.0033073 -7.41794e-005 -0.0332759
157
1
2.68864 5.8192 0.130764
0.00555925 -0.000457472 -0.0338018
158
1
2.67758 5.81939 0.196099
0.00681853 -0.000547658 -0.0338286
159
1
2.66338 5.81896 0.261384
0.0080779 0.000142253 -0.0334654
160
1
2.64611 5.81722 0.326402
0.00976626 0.00121539 -0.0332318
161
1
2.62531 5.81395 0.390941
0.0114262 0.00200413 -0.0332714
162
1
2.60145 5.80896 0.454837
0.0126598 0.00290158 -0.0334881
163
1
2.57521 5.80223 0.518019
0.013618 0.00420083 -0.0336906
164
1
2.54667 5.79383 0.580405
0.0150158 0.00522628 -0.0332425
165
1
2.51533 5.78451 0.64136
0.0171388 0.00548946 -0.0314552
166
1
2.48039 5.77511 0.699799
0.0192028 0.0053544 -0.0294148
167
1
2.4421 5.76629 0.755247
0.0206884 0.00480214 -0.0274299
168
1
2.40098 5.75867 0.807272
0.0218713 0.00370663 -0.0252611
169
1
2.3582 5.75209 0.855595
0.0223749 0.00326742 -0.0232773
170
1
2.31474 5.74597 0.900663
0.0225334 0.00359897 -0.0217803
171
1
2.27013 5.74041 0.942762
0.023111 0.00340999 -0.0206234
172
1
2.22397 5.73551 0.98191
0.0239675 0.00301166 -0.0194142
173
1
2.17626 5.7305 1.01816
0.0245874 0.00329787 -0.0178124
174
1
2.12718 5.72533 1.05167
0.0248502 0.00336265 -0.0158587
175
1
2.07729 5.72003 1.08215
0.0244661 0.00245378 -0.0139608
176
1
2.02743 5.71524 1.10971
0.0239245 0.00172693 -0.0125607
177
1
1.97794 5.71137 1.13538
0.0242344 0.00176466 -0.0117769
178
1
1.92827 5.70834 1.16004
0.0251222 0.00149315 -0.0114739
179
1
1.87782 5.70632 1.18357
0.0256071 0.000581016 -0.0116297
180
1
1.82657 5.70569 1.20539
0.0255814 4.67541e-005 -0.0112545
181
1
1.77477 5.70622 1.22507
0.0257393 -0.000434146 -0.00983016
182
1
1.72262 5.70776 1.2423
0.0260151 -0.00150412 -0.00867946
183
1
1.67019 5.71036 1.25664
0.0259414 -0.00233472 -0.00732465
184
1
1.61744 5.71443 1.26784
0.0262732 -0.0027173 -0.00483255
185
1
1.56441 5.72024 1.27577
0.02679 -0.00306729 -0.00247189
186
1
1.51145 5.72846 1.27958
0.0261239 -0.00365291 -0.000876827
187
1
1.45886 5.74029 1.27803
0.0258508 -0.00553702 0.00168842
188
1
1.40666 5.75583 1.27009
0.026397 -0.00814818 0.00536739
189
1
1.35556 5.77448 1.2553
0.024991 -0.00989999 0.00899174
190
1
1.30543 5.79615 1.2339
0.0237512 -0.0122285 0.0122284
191
1
1.25644 5.82097 1.20578
0.0233844 -0.0147043 0.015976
192
1
1.20909 5.84856 1.17038
0.0216758 -0.0158485 0.0198802
193
1
1.16197 5.8787 1.12514
0.0219601 -0.018204 0.0259462
