194
0
1
0.754274 1.75798 2.23844
0.0254259 -0.0244071 -0.0202319
1
1
0.702255 1.80561 2.27702
0.0289402 -0.0237395 -0.0193484
2
1
0.642397 1.85193 2.3138
0.0318873 -0.0228615 -0.0178841
3
1
0.575219 1.8954 2.34789
0.0355687 -0.0211118 -0.0165526
4
1
0.501117 1.93494 2.37855
0.0386175 -0.0181526 -0.0143107
5
1
0.42004 1.96818 2.40518
0.0418332 -0.0140929 -0.0124859
6
1
0.332879 1.99373 2.42799
0.0446628 -0.0104524 -0.011059
7
1
0.241077 2.01209 2.44659
0.0466387 -0.00756702 -0.00857523
8
1
0.145906 2.024 2.45926
0.0480766 -0.00452006 -0.0051983
9
1
0.0488279 2.02974 2.46535
0.048865 -0.00144602 -0.0017249
10
1
-0.0488279 2.02974 2.46535
0.048865 0.00144602 0.0017249
11
1
-0.145906 2.024 2.45926
0.0480766 0.00452006 0.0051983
12
1
-0.241077 2.01209 2.44659
0.0466387 0.00756702 0.00857523
13
1
-0.332879 1.99373 2.42799
0.0446628 0.0104524 0.011059
14
1
-0.42004 1.96818 2.40518
0.0418332 0.0140929 0.0124859
15
1
-0.501117 1.93494 2.37855
0.0386175 0.0181526 0.0143107
16
1
-0.575219 1.8954 2.34789
0.0355687 0.0211118 0.0165526
17
1
-0.642397 1.85193 2.3138
0.0318873 0.0228615 0.0178841
18
1
-0.702255 1.80561 2.27702
0.0289402 0.0237395 0.0193484
19
1
-0.754274 1.75798 2.23844
0.0254259 0.0244071 0.0202319
20
1
-0.797918 1.70988 2.19897
0.0201625 0.0244081 0.0202307
21
1
-0.83299 1.6617 2.15857
0.0155141 0.0241611 0.0206575
22
1
-0.860402 1.6139 2.11729
0.010832 0.0239574 0.0210566
23
1
-0.881095 1.5673 2.07417
0.00697703 0.0236531 0.0217232
24
1
-0.895665 1.52232 2.02892
0.00420451 0.0228657 0.0225428
25
1
-0.905594 1.47926 1.98183
0.00281503 0.0216988 0.0234961
26
1
-0.911983 1.43897 1.93248
0.00164397 0.0200529 0.0247108
27
1
-0.914587 1.40136 1.88125
0.000152635 0.0185604 0.0257293
28
1
-0.91383 1.36564 1.82899
-0.00117085 0.0177775 0.0261706
29
1
-0.910434 1.33142 1.77605
-0.00211642 0.0173698 0.0263036
30
1
-0.904379 1.29891 1.72256
-0.00304351 0.0168435 0.0263949
31
1
-0.89485 1.26823 1.669
-0.00432834 0.0160577 0.0263829
32
1
-0.881393 1.2389 1.61619
-0.00603249 0.0150652 0.0262055
33
1
-0.864505 1.21057 1.56447
-0.00797784 0.0138654 0.0259771
34
1
-0.845168 1.18357 1.51338
-0.00996103 0.0124199 0.0258377
35
1
-0.82417 1.15902 1.46195
-0.0117815 0.0107235 0.0258455
36
1
-0.801608 1.13832 1.40951
-0.0132397 0.00880769 0.0259951
37
1
-0.777303 1.12232 1.35603
-0.0142008 0.00675801 0.026252
38
1
-0.751307 1.11105 1.30185
-0.0146192 0.00466524 0.0266079
39
1
-0.724174 1.10396 1.24717
-0.0145282 0.00261916 0.0270821
40
1
-0.696844 1.10031 1.19182
-0.0140158 0.000719983 0.0276778
41
1
-0.670318 1.09955 1.13544
-0.0131831 -0.000936652 0.0283653
42
1
-0.645416 1.1013 1.0777
-0.0121201 -0.00228358 0.0291009
43
1
-0.622651 1.10523 1.01849
-0.0109059 -0.00329444 0.0298477
44
1
-0.602268 1.11096 0.957797
-0.00961216 -0.00397897 0.0305843
45
1
-0.584332 1.118 0.895691
-0.00830393 -0.00437073 0.0312987
46
1
-0.568787 1.12585 0.832243
-0.00703719 -0.0045156 0.0319817
47
1
-0.55552 1.13403 0.767524
-0.00585607 -0.00446307 0.0326245
48
1
-0.544378 1.14215 0.701608
-0.00479074 -0.00426034 0.0332185
49
1
-0.535177 1.14991 0.634584
-0.00385694 -0.0039495 0.0337573
50
1
-0.527701 1.1571 0.566558
-0.00305768 -0.00356588 0.034237
51
1
-0.521731 1.16358 0.497642
-0.0023869 -0.00313809 0.0346562
52
1
-0.517042 1.16925 0.427952
-0.00183175 -0.00268715 0.035015
53
1
-0.513436 1.17408 0.357607
-0.00137681 -0.00222817 0.0353147
54
1
-0.510733 1.17802 0.286722
-0.00100423 -0.00177009 0.0355567
55
1
-0.508785 1.18108 0.21541
-0.000697269 -0.00131816 0.0357428
56
1
-0.507474 1.18326 0.143781
-0.000437943 -0.000873229 0.0358744
57
1
-0.506723 1.18457 0.0719429
-0.000210919 -0.000434798 0.0359529
58
1
-0.506475 1.185 -1.19578e-016
-8.14606e-017 9.14692e-018 0.035979
59
1
-0.506723 1.18457 -0.0719429
0.000210919 0.000434798 0.0359529
60
1
-0.507474 1.18326 -0.143781
0.000437943 0.000873229 0.0358744
61
1
-0.508785 1.18108 -0.21541
0.000697269 0.00131816 0.0357428
62
1
-0.510733 1.17802 -0.286722
0.00100423 0.00177009 0.0355567
63
1
-0.513436 1.17408 -0.357607
0.00137681 0.00222817 0.0353147
64
1
-0.517042 1.16925 -0.427952
0.00183175 0.00268715 0.035015
65
1
-0.521731 1.16358 -0.497642
0.0023869 0.00313809 0.0346562
66
1
-0.527701 1.1571 -0.566558
0.00305768 0.00356588 0.034237
67
1
-0.535177 1.14991 -0.634584
0.00385694 0.0039495 0.0337573
68
1
-0.544378 1.14215 -0.701608
0.00479074 0.00426034 0.0332185
69
1
-0.55552 1.13403 -0.767524
0.00585607 0.00446307 0.0326245
70
1
-0.568787 1.12585 -0.832243
0.00703719 0.0045156 0.0319817
71
1
-0.584332 1.118 -0.895691
0.00830393 0.00437073 0.0312987
72
1
-0.602268 1.11096 -0.957797
0.00961216 0.00397897 0.0305843
73
1
-0.622651 1.10523 -1.01849
0.0109059 0.00329444 0.0298477
74
1
-0.645416 1.1013 -1.0777
0.0121201 0.00228358 0.0291009
75
1
-0.670318 1.09955 -1.13544
0.0131831 0.000936652 0.0283653
76
1
-0.696844 1.10031 -1.19182
0.0140158 -0.000719983 0.0276778
77
1
-0.724174 1.10396 -1.24717
0.0145282 -0.00261916 0.0270821
78
1
-0.751307 1.11105 -1.30185
0.0146192 -0.00466524 0.0266079
79
1
-0.777303 1.12232 -1.35603
0.0142008 -0.00675801 0.026252
80
1
-0.801608 1.13832 -1.40951
0.0132397 -0.00880769 0.0259951
81
1
-0.82417 1.15902 -1.46195
0.0117815 -0.0107235 0.0258455
82
1
-0.845168 1.18357 -1.51338
0.00996103 -0.0124199 0.0258377
83
1
-0.864505 1.21057 -1.56447
0.00797784 -0.0138654 0.0259771
84
1
-0.881393 1.2389 -1.61619
0.00603249 -0.0150652 0.0262055
85
1
-0.89485 1.26823 -1.669
0.00432834 -0.0160577 0.0263829
86
1
-0.904379 1.29891 -1.72256
0.00304351 -0.0168435 0.0263949
87
1
-0.910434 1.33142 -1.77605
0.00211642 -0.0173698 0.0263036
88
1
-0.91383 1.36564 -1.82899
0.00117085 -0.0177775 0.0261706
89
1
-0.914587 1.40136 -1.88125
-0.000152635 -0.0185604 0.0257293
90
1
-0.911983 1.43897 -1.93248
-0.00164397 -0.0200529 0.0247108
91
1
-0.905594 1.47926 -1.98183
-0.00281503 -0.0216988 0.0234961
92
1
-0.895665 1.52232 -2.02892
-0.00420451 -0.0228657 0.0225428
93
1
-0.881095 1.5673 -2.07417
-0.00697703 -0.0236531 0.0217232
94
1
-0.860402 1.6139 -2.11729
-0.010832 -0.0239574 0.0210566
95
1
-0.83299 1.6617 -2.15857
-0.0155141 -0.0241611 0.0206575
96
1
-0.797918 1.70988 -2.19897
-0.0201625 -0.0244081 0.0202307
97
1
-0.754274 1.75798 -2.23844
-0.0254259 -0.0244071 0.0202319
98
1
-0.702255 1.80561 -2.27702
-0.0289402 -0.0237395 0.0193484
99
1
-0.642397 1.85193 -2.3138
-0.0318873 -0.0228615 0.0178841
100
1
-0.575219 1.8954 -2.34789
-0.0355687 -0.0211118 0.0165526
101
1
-0.501117 1.93494 -2.37855
-0.0386175 -0.0181526 0.0143107
102
1
-0.42004 1.96818 -2.40518
-0.0418332 -0.0140929 0.0124859
103
1
-0.332879 1.99373 -2.42799
-0.0446628 -0.0104524 0.011059
104
1
-0.241077 2.01209 -2.44659
-0.0466387 -0.00756702 0.00857523
105
1
-0.145906 2.024 -2.45926
-0.0480766 -0.00452006 0.0051983
106
1
-0.0488279 2.02974 -2.46535
-0.048865 -0.00144602 0.0017249
107
1
0.0488279 2.02974 -2.46535
-0.048865 0.00144602 -0.0017249
108
1
0.145906 2.024 -2.45926
-0.0480766 0.00452006 -0.0051983
109
1
0.241077 2.01209 -2.44659
-0.0466387 0.00756702 -0.00857523
110
1
0.332879 1.99373 -2.42799
-0.0446628 0.0104524 -0.011059
111
1
0.42004 1.96818 -2.40518
-0.0418332 0.0140929 -0.0124859
112
1
0.501117 1.93494 -2.37855
-0.0386175 0.0181526 -0.0143107
113
1
0.575219 1.8954 -2.34789
-0.0355687 0.0211118 -0.0165526
114
1
0.642397 1.85193 -2.3138
-0.0318873 0.0228615 -0.0178841
115
1
0.702255 1.80561 -2.27702
-0.0289402 0.0237395 -0.0193484
116
1
0.754274 1.75798 -2.23844
-0.0254259 0.0244071 -0.0202319
117
1
0.797918 1.70988 -2.19897
-0.0201625 0.0244081 -0.0202307
118
1
0.83299 1.6617 -2.15857
-0.0155141 0.0241611 -0.0206575
119
1
0.860402 1.6139 -2.11729
-0.010832 0.0239574 -0.0210566
120
1
0.881095 1.5673 -2.07417
-0.00697703 0.0236531 -0.0217232
121
1
0.895665 1.52232 -2.02892
-0.00420451 0.0228657 -0.0225428
122
1
0.905594 1.47926 -1.98183
-0.00281503 0.0216988 -0.0234961
123
1
0.911983 1.43897 -1.93248
-0.00164397 0.0200529 -0.0247108
124
1
0.914587 1.40136 -1.88125
-0.000152635 0.0185604 -0.0257293
125
1
0.91383 1.36564 -1.82899
0.00117085 0.0177775 -0.0261706
126
1
0.910434 1.33142 -1.77605
0.00211642 0.0173698 -0.0263036
127
1
0.904379 1.29891 -1.72256
0.00304351 0.0168435 -0.0263949
128
1
0.89485 1.26823 -1.669
0.00432834 0.0160577 -0.0263829
129
1
0.881393 1.2389 -1.61619
0.00603249 0.0150652 -0.0262055
130
1
0.864505 1.21057 -1.56447
0.00797784 0.0138654 -0.0259771
131
1
0.845168 1.18357 -1.51338
0.00996103 0.0124199 -0.0258377
132
1
0.82417 1.15902 -1.46195
0.0117815 0.0107235 -0.0258455
133
1
0.801608 1.13832 -1.40951
0.0132397 0.00880769 -0.0259951
134
1
0.777303 1.12232 -1.35603
0.0142008 0.00675801 -0.026252
135
1
0.751307 1.11105 -1.30185
0.0146192 0.00466524 -0.0266079
136
1
0.724174 1.10396 -1.24717
0.0145282 0.00261916 -0.0270821
137
1
0.696844 1.10031 -1.19182
0.0140158 0.000719983 -0.0276778
138
1
0.670318 1.09955 -1.13544
0.0131831 -0.000936652 -0.0283653
139
1
0.645416 1.1013 -1.0777
0.0121201 -0.00228358 -0.0291009
140
1
0.622651 1.10523 -1.01849
0.0109059 -0.00329444 -0.0298477
141
1
0.602268 1.11096 -0.957797
0.00961216 -0.00397897 -0.0305843
142
1
0.584332 1.118 -0.895691
0.00830393 -0.00437073 -0.0312987
143
1
0.568787 1.12585 -0.832243
0.00703719 -0.0045156 -0.0319817
144
1
0.55552 1.13403 -0.767524
0.00585607 -0.00446307 -0.0326245
145
1
0.544378 1.14215 -0.701608
0.00479074 -0.00426034 -0.0332185
146
1
0.535177 1.14991 -0.634584
0.00385694 -0.0039495 -0.0337573
147
1
0.527701 1.1571 -0.566558
0.00305768 -0.00356588 -0.034237
148
1
0.521731 1.16358 -0.497642
0.0023869 -0.00313809 -0.0346562
149
1
0.517042 1.16925 -0.427952
0.00183175 -0.00268715 -0.035015
150
1
0.513436 1.17408 -0.357607
0.00137681 -0.00222817 -0.0353147
151
1
0.510733 1.17802 -0.286722
0.00100423 -0.00177009 -0.0355567
152
1
0.508785 1.18108 -0.21541
0.000697269 -0.00131816 -0.0357428
153
1
0.507474 1.18326 -0.143781
0.000437943 -0.000873229 -0.0358744
154
1
0.506723 1.18457 -0.0719429
0.000210919 -0.000434798 -0.0359529
155
1
0.506475 1.185 -5.22892e-017
-5.52431e-017 -1.30704e-017 -0.035979
156
1
0.506723 1.18457 0.0719429
-0.000210919 0.000434798 -0.0359529
157
1
0.507474 1.18326 0.143781
-0.000437943 0.000873229 -0.0358744
158
1
0.508785 1.18108 0.21541
-0.000697269 0.00131816 -0.0357428
159
1
0.510733 1.17802 0.286722
-0.00100423 0.00177009 -0.0355567
160
1
0.513436 1.17408 0.357607
-0.00137681 0.00222817 -0.0353147
161
1
0.517042 1.16925 0.427952
-0.00183175 0.00268715 -0.035015
162
1
0.521731 1.16358 0.497642
-0.0023869 0.00313809 -0.0346562
163
1
0.527701 1.1571 0.566558
-0.00305768 0.00356588 -0.034237
164
1
0.535177 1.14991 0.634584
-0.00385694 0.0039495 -0.0337573
165
1
0.544378 1.14215 0.701608
-0.00479074 0.00426034 -0.0332185
166
1
0.55552 1.13403 0.767524
-0.00585607 0.00446307 -0.0326245
167
1
0.568787 1.12585 0.832243
-0.00703719 0.0045156 -0.0319817
168
1
0.584332 1.118 0.895691
-0.00830393 0.00437073 -0.0312987
169
1
0.602268 1.11096 0.957797
-0.00961216 0.00397897 -0.0305843
170
1
0.622651 1.10523 1.01849
-0.0109059 0.00329444 -0.0298477
171
1
0.645416 1.1013 1.0777
-0.0121201 0.00228358 -0.0291009
172
1
0.670318 1.09955 1.13544
-0.0131831 0.000936652 -0.0283653
173
1
0.696844 1.10031 1.19182
-0.0140158 -0.000719983 -0.0276778
174
1
0.724174 1.10396 1.24717
-0.0145282 -0.00261916 -0.0270821
175
1
0.751307 1.11105 1.30185
-0.0146192 -0.00466524 -0.0266079
176
1
0.777303 1.12232 1.35603
-0.0142008 -0.00675801 -0.026252
177
1
0.801608 1.13832 1.40951
-0.0132397 -0.00880769 -0.0259951
178
1
0.82417 1.15902 1.46195
-0.0117815 -0.0107235 -0.0258455
179
1
0.845168 1.18357 1.51338
-0.00996103 -0.0124199 -0.0258377
180
1
0.864505 1.21057 1.56447
-0.00797784 -0.0138654 -0.0259771
181
1
0.881393 1.2389 1.61619
-0.00603249 -0.0150652 -0.0262055
182
1
0.89485 1.26823 1.669
-0.00432834 -0.0160577 -0.0263829
183
1
0.904379 1.29891 1.72256
-0.00304351 -0.0168435 -0.0263949
184
1
0.910434 1.33142 1.77605
-0.00211642 -0.0173698 -0.0263036
185
1
0.91383 1.36564 1.82899
-0.00117085 -0.0177775 -0.0261706
186
1
0.914587 1.40136 1.88125
0.000152635 -0.0185604 -0.0257293
187
1
0.911983 1.43897 1.93248
0.00164397 -0.0200529 -0.0247108
188
1
0.905594 1.47926 1.98183
0.00281503 -0.0216988 -0.0234961
189
1
0.895665 1.52232 2.02892
0.00420451 -0.0228657 -0.0225428
190
1
0.881095 1.5673 2.07417
0.00697703 -0.0236531 -0.0217232
191
1
0.860402 1.6139 2.11729
0.010832 -0.0239574 -0.0210566
192
1
0.83299 1.6617 2.15857
0.0155141 -0.0241611 -0.0206575
193
1
0.797918 1.70988 2.19897
0.0201625 -0.0244081 -0.0202307
