194
0
1
1.08516 5.83976 1.0608
0.0241805 -0.018299 0.0306979
1
1
1.03648 5.8718 0.996667
0.0239553 -0.0145019 0.0357208
2
1
0.989483 5.89827 0.917903
0.0222248 -0.0104224 0.0434675
3
1
0.947223 5.91653 0.825096
0.0200073 -0.00501673 0.0511794
4
1
0.913053 5.92673 0.713913
0.012824 -0.000996896 0.0595807
5
1
0.888855 5.9281 0.582744
0.00897054 0.000849101 0.0738217
6
1
0.865021 5.92044 0.422744
0.00544994 0.00570155 0.0774635
7
1
0.850466 5.90268 0.204535
0.00774108 0.0134627 0.075976
8
1
0.643004 5.77827 0.0615205
0.0316798 0.000999459 -0.0190937
9
1
0.052626 7.38262 0.494911
0.00108714 0.0216653 -0.0748417
10
1
-0.052626 7.38262 0.494911
0.00108714 -0.0216653 0.0748417
11
1
-0.643004 5.77827 0.0615205
0.0316798 -0.000999459 0.0190937
12
1
-0.850466 5.90268 0.204535
0.00774108 -0.0134627 -0.075976
13
1
-0.865021 5.92044 0.422744
0.00544994 -0.00570155 -0.0774635
14
1
-0.888855 5.9281 0.582744
0.00897054 -0.000849101 -0.0738217
15
1
-0.913053 5.92673 0.713913
0.012824 0.000996896 -0.0595807
16
1
-0.947223 5.91653 0.825096
0.0200073 0.00501673 -0.0511794
17
1
-0.989483 5.89827 0.917903
0.0222248 0.0104224 -0.0434675
18
1
-1.03648 5.8718 0.996667
0.0239553 0.0145019 -0.0357208
19
1
-1.08516 5.83976 1.0608
0.0241805 0.018299 -0.0306979
20
1
-1.13423 5.80546 1.11219
0.0234093 0.0191774 -0.0235205
21
1
-1.18366 5.77217 1.15251
0.0229677 0.0167438 -0.0177873
22
1
-1.23339 5.74254 1.18394
0.0245167 0.015545 -0.0142556
23
1
-1.28466 5.71665 1.20891
0.0245909 0.0129072 -0.0110351
24
1
-1.33701 5.69544 1.22808
0.0255867 0.0102517 -0.00834156
25
1
-1.38995 5.67877 1.24216
0.0268668 0.00798063 -0.0052978
26
1
-1.44342 5.66559 1.25148
0.0263288 0.00481758 -0.00221387
27
1
-1.49696 5.65521 1.2557
0.02672 0.00257926 -2.2788e-005
28
1
-1.55081 5.64687 1.25473
0.0275046 0.00176081 0.00150871
29
1
-1.60488 5.64083 1.24888
0.0269769 0.00120173 0.00396435
30
1
-1.65861 5.63741 1.23841
0.02658 0.000624907 0.006498
31
1
-1.71186 5.63611 1.22428
0.0266379 -0.0001868 0.00781864
32
1
-1.76484 5.63662 1.20759
0.0263393 -0.00107711 0.00896054
33
1
-1.8175 5.63841 1.18879
0.0261119 -0.00131784 0.0104333
34
1
-1.8697 5.64077 1.16826
0.0261143 -0.00150191 0.0109127
35
1
-1.92128 5.64319 1.14634
0.025634 -0.00199078 0.0108569
36
1
-1.97208 5.64608 1.12312
0.0246974 -0.00191587 0.0112788
37
1
-2.02225 5.64987 1.09798
0.0243399 -0.0016397 0.0121439
38
1
-2.07234 5.65455 1.07028
0.0248571 -0.00219699 0.0135364
39
1
-2.12256 5.65991 1.04011
0.0251754 -0.00305183 0.0154375
40
1
-2.17225 5.66576 1.00758
0.0247771 -0.00304738 0.0175223
41
1
-2.2206 5.67175 0.972401
0.0240134 -0.00285524 0.0193098
42
1
-2.26766 5.67773 0.934571
0.0230848 -0.00329486 0.0206438
43
1
-2.31337 5.68335 0.893646
0.0224619 -0.00343272 0.0219038
44
1
-2.35791 5.68896 0.849442
0.0222822 -0.00299868 0.0235002
45
1
-2.40146 5.69548 0.801573
0.0219103 -0.00339268 0.0254306
46
1
-2.44353 5.7031 0.750041
0.0210361 -0.00457303 0.0273638
47
1
-2.4831 5.71174 0.695249
0.0198705 -0.00531462 0.0290866
48
1
-2.51943 5.72121 0.637625
0.0180076 -0.00572638 0.0309103
49
1
-2.55218 5.73066 0.577617
0.0159079 -0.00561247 0.0325835
50
1
-2.58126 5.73953 0.515923
0.0143254 -0.00441279 0.033074
51
1
-2.6073 5.74699 0.453269
0.013075 -0.00277724 0.0330174
52
1
-2.63056 5.75248 0.389777
0.0115667 -0.00164521 0.0329321
53
1
-2.65084 5.75584 0.325644
0.00963366 -0.000818156 0.0329992
54
1
-2.66785 5.75704 0.261019
0.00765939 0.00025677 0.0333503
55
1
-2.6815 5.7569 0.195955
0.00625005 0.00110264 0.033801
56
1
-2.69183 5.75609 0.130706
0.00507799 0.00118365 0.0338023
57
1
-2.69835 5.75544 0.0653223
0.00305383 0.000631199 0.0332618
58
1
-2.70074 5.75526 5.38014e-015
-1.30608e-015 -2.88973e-016 0.0329018
59
1
-2.69835 5.75544 -0.0653223
-0.00305383 -0.000631199 0.0332618
60
1
-2.69183 5.75609 -0.130706
-0.00507799 -0.00118365 0.0338023
61
1
-2.6815 5.7569 -0.195955
-0.00625005 -0.00110264 0.033801
62
1
-2.66785 5.75704 -0.261019
-0.00765939 -0.00025677 0.0333503
63
1
-2.65084 5.75584 -0.325644
-0.00963366 0.000818156 0.0329992
64
1
-2.63056 5.75248 -0.389777
-0.0115667 0.00164521 0.0329321
65
1
-2.6073 5.74699 -0.453269
-0.013075 0.00277724 0.0330174
66
1
-2.58126 5.73953 -0.515923
-0.0143254 0.00441279 0.033074
67
1
-2.55218 5.73066 -0.577617
-0.0159079 0.00561247 0.0325835
68
1
-2.51943 5.72121 -0.637625
-0.0180076 0.00572638 0.0309103
69
1
-2.4831 5.71174 -0.695249
-0.0198705 0.00531462 0.0290866
70
1
-2.44353 5.7031 -0.750041
-0.0210361 0.00457303 0.0273638
71
1
-2.40146 5.69548 -0.801573
-0.0219103 0.00339268 0.0254306
72
1
-2.35791 5.68896 -0.849442
-0.0222822 0.00299868 0.0235002
73
1
-2.31337 5.68335 -0.893646
-0.0224619 0.00343272 0.0219038
74
1
-2.26766 5.67773 -0.934571
-0.0230848 0.00329486 0.0206438
75
1
-2.2206 5.67175 -0.972401
-0.0240134 0.00285524 0.0193098
76
1
-2.17225 5.66576 -1.00758
-0.0247771 0.00304738 0.0175223
77
1
-2.12256 5.65991 -1.04011
-0.0251754 0.00305183 0.0154375
78
1
-2.07234 5.65455 -1.07028
-0.0248571 0.00219699 0.0135364
79
1
-2.02225 5.64987 -1.09798
-0.0243399 0.0016397 0.0121439
80
1
-1.97208 5.64608 -1.12312
-0.0246974 0.00191587 0.0112788
81
1
-1.92128 5.64319 -1.14634
-0.025634 0.00199078 0.0108569
82
1
-1.8697 5.64077 -1.16826
-0.0261143 0.00150191 0.0109127
83
1
-1.8175 5.63841 -1.18879
-0.0261119 0.00131784 0.0104333
84
1
-1.76484 5.63662 -1.20759
-0.0263393 0.00107711 0.00896054
85
1
-1.71186 5.63611 -1.22428
-0.0266379 0.0001868 0.00781864
86
1
-1.65861 5.63741 -1.23841
-0.02658 -0.000624907 0.006498
87
1
-1.60488 5.64083 -1.24888
-0.0269769 -0.00120173 0.00396435
88
1
-1.55081 5.64687 -1.25473
-0.0275046 -0.00176081 0.00150871
89
1
-1.49696 5.65521 -1.2557
-0.02672 -0.00257926 -2.2788e-005
90
1
-1.44342 5.66559 -1.25148
-0.0263288 -0.00481758 -0.00221387
91
1
-1.38995 5.67877 -1.24216
-0.0268668 -0.00798063 -0.0052978
92
1
-1.33701 5.69544 -1.22808
-0.0255867 -0.0102517 -0.00834156
93
1
-1.28466 5.71665 -1.20891
-0.0245909 -0.0129072 -0.0110351
94
1
-1.23339 5.74254 -1.18394
-0.0245167 -0.015545 -0.0142556
95
1
-1.18366 5.77217 -1.15251
-0.0229677 -0.0167438 -0.0177873
96
1
-1.13423 5.80546 -1.11219
-0.0234093 -0.0191774 -0.0235205
97
1
-1.08516 5.83976 -1.0608
-0.0241805 -0.018299 -0.0306979
98
1
-1.03648 5.8718 -0.996667
-0.0239553 -0.0145019 -0.0357208
99
1
-0.989483 5.89827 -0.917903
-0.0222248 -0.0104224 -0.0434675
100
1
-0.947223 5.91653 -0.825096
-0.0200073 -0.00501673 -0.0511794
101
1
-0.913053 5.92673 -0.713913
-0.012824 -0.000996896 -0.0595807
102
1
-0.888855 5.9281 -0.582744
-0.00897054 0.000849101 -0.0738217
103
1
-0.865021 5.92044 -0.422744
-0.00544994 0.00570155 -0.0774635
104
1
-0.850466 5.90268 -0.204535
-0.00774108 0.0134627 -0.075976
105
1
-0.643004 5.77827 -0.0615205
-0.0316798 0.000999459 0.0190937
106
1
-0.052626 7.38262 -0.494911
-0.00108714 0.0216653 0.0748417
107
1
0.052626 7.38262 -0.494911
-0.00108714 -0.0216653 -0.0748417
108
1
0.643004 5.77827 -0.0615205
-0.0316798 -0.000999459 -0.0190937
109
1
0.850466 5.90268 -0.204535
-0.00774108 -0.0134627 0.075976
110
1
0.865021 5.92044 -0.422744
-0.00544994 -0.00570155 0.0774635
111
1
0.888855 5.9281 -0.582744
-0.00897054 -0.000849101 0.0738217
112
1
0.913053 5.92673 -0.713913
-0.012824 0.000996896 0.0595807
113
1
0.947223 5.91653 -0.825096
-0.0200073 0.00501673 0.0511794
114
1
0.989483 5.89827 -0.917903
-0.0222248 0.0104224 0.0434675
115
1
1.03648 5.8718 -0.996667
-0.0239553 0.0145019 0.0357208
116
1
1.08516 5.83976 -1.0608
-0.0241805 0.018299 0.0306979
117
1
1.13423 5.80546 -1.11219
-0.0234093 0.0191774 0.0235205
118
1
1.18366 5.77217 -1.15251
-0.0229677 0.0167438 0.0177873
119
1
1.23339 5.74254 -1.18394
-0.0245167 0.015545 0.0142556
120
1
1.28466 5.71665 -1.20891
-0.0245909 0.0129072 0.0110351
121
1
1.33701 5.69544 -1.22808
-0.0255867 0.0102517 0.00834156
122
1
1.38995 5.67877 -1.24216
-0.0268668 0.00798063 0.0052978
123
1
1.44342 5.66559 -1.25148
-0.0263288 0.00481758 0.00221387
124
1
1.49696 5.65521 -1.2557
-0.02672 0.00257926 2.2788e-005
125
1
1.55081 5.64687 -1.25473
-0.0275046 0.00176081 -0.00150871
126
1
1.60488 5.64083 -1.24888
-0.0269769 0.00120173 -0.00396435
127
1
1.65861 5.63741 -1.23841
-0.02658 0.000624907 -0.006498
128
1
1.71186 5.63611 -1.22428
-0.0266379 -0.0001868 -0.00781864
129
1
1.76484 5.63662 -1.20759
-0.0263393 -0.00107711 -0.00896054
130
1
1.8175 5.63841 -1.18879
-0.0261119 -0.00131784 -0.0104333
131
1
1.8697 5.64077 -1.16826
-0.0261143 -0.00150191 -0.0109127
132
1
1.92128 5.64319 -1.14634
-0.025634 -0.00199078 -0.0108569
133
1
1.97208 5.64608 -1.12312
-0.0246974 -0.00191587 -0.0112788
134
1
2.02225 5.64987 -1.09798
-0.0243399 -0.0016397 -0.0121439
135
1
2.07234 5.65455 -1.07028
-0.0248571 -0.00219699 -0.0135364
136
1
2.12256 5.65991 -1.04011
-0.0251754 -0.00305183 -0.0154375
137
1
2.17225 5.66576 -1.00758
-0.0247771 -0.00304738 -0.0175223
138
1
2.2206 5.67175 -0.972401
-0.0240134 -0.00285524 -0.0193098
139
1
2.26766 5.67773 -0.934571
-0.0230848 -0.00329486 -0.0206438
140
1
2.31337 5.68335 -0.893646
-0.0224619 -0.00343272 -0.0219038
141
1
2.35791 5.68896 -0.849442
-0.0222822 -0.00299868 -0.0235002
142
1
2.40146 5.69548 -0.801573
-0.0219103 -0.00339268 -0.0254306
143
1
2.44353 5.7031 -0.750041
-0.0210361 -0.00457303 -0.0273638
144
1
2.4831 5.71174 -0.695249
-0.0198705 -0.00531462 -0.0290866
145
1
2.51943 5.72121 -0.637625
-0.0180076 -0.00572638 -0.0309103
146
1
2.55218 5.73066 -0.577617
-0.0159079 -0.00561247 -0.0325835
147
1
2.58126 5.73953 -0.515923
-0.0143254 -0.00441279 -0.033074
148
1
2.6073 5.74699 -0.453269
-0.013075 -0.00277724 -0.0330174
149
1
2.63056 5.75248 -0.389777
-0.0115667 -0.00164521 -0.0329321
150
1
2.65084 5.75584 -0.325644
-0.00963366 -0.000818156 -0.0329992
151
1
2.66785 5.75704 -0.261019
-0.00765939 0.00025677 -0.0333503
152
1
2.6815 5.7569 -0.195955
-0.00625005 0.00110264 -0.033801
153
1
2.69183 5.75609 -0.130706
-0.00507799 0.00118365 -0.0338023
154
1
2.69835 5.75544 -0.0653223
-0.00305383 0.000631199 -0.0332618
155
1
2.70074 5.75526 -1.61303e-014
-7.08458e-016 5.11968e-017 -0.0329018
156
1
2.69835 5.75544 0.0653223
0.00305383 -0.000631199 -0.0332618
157
1
2.69183 5.75609 0.130706
0.00507799 -0.00118365 -0.0338023
158
1
2.6815 5.7569 0.195955
0.00625005 -0.00110264 -0.033801
159
1
2.66785 5.75704 0.261019
0.00765939 -0.00025677 -0.0333503
160
1
2.65084 5.75584 0.325644
0.00963366 0.000818156 -0.0329992
161
1
2.63056 5.75248 0.389777
0.0115667 0.00164521 -0.0329321
162
1
2.6073 5.74699 0.453269
0.013075 0.00277724 -0.0330174
163
1
2.58126 5.73953 0.515923
0.0143254 0.00441279 -0.033074
164
1
2.55218 5.73066 0.577617
0.0159079 0.00561247 -0.0325835
165
1
2.51943 5.72121 0.637625
0.0180076 0.00572638 -0.0309103
166
1
2.4831 5.71174 0.695249
0.0198705 0.00531462 -0.0290866
167
1
2.44353 5.7031 0.750041
0.0210361 0.00457303 -0.0273638
168
1
2.40146 5.69548 0.801573
0.0219103 0.00339268 -0.0254306
169
1
2.35791 5.68896 0.849442
0.0222822 0.00299868 -0.0235002
170
1
2.31337 5.68335 0.893646
0.0224619 0.00343272 -0.0219038
171
1
2.26766 5.67773 0.934571
0.0230848 0.00329486 -0.0206438
172
1
2.2206 5.67175 0.972401
0.0240134 0.00285524 -0.0193098
173
1
2.17225 5.66576 1.00758
0.0247771 0.00304738 -0.0175223
174
1
2.12256 5.65991 1.04011
0.0251754 0.00305183 -0.0154375
175
1
2.07234 5.65455 1.07028
0.0248571 0.00219699 -0.0135364
176
1
2.02225 5.64987 1.09798
0.0243399 0.0016397 -0.0121439
177
1
1.97208 5.64608 1.12312
0.0246974 0.00191587 -0.0112788
178
1
1.92128 5.64319 1.14634
0.025634 0.00199078 -0.0108569
179
1
1.8697 5.64077 1.16826
0.0261143 0.00150191 -0.0109127
180
1
1.8175 5.63841 1.18879
0.0261119 0.00131784 -0.0104333
181
1
1.76484 5.63662 1.20759
0.0263393 0.00107711 -0.00896054
182
1
1.71186 5.63611 1.22428
0.0266379 0.0001868 -0.00781864
183
1
1.65861 5.63741 1.23841
0.02658 -0.000624907 -0.006498
184
1
1.60488 5.64083 1.24888
0.0269769 -0.00120173 -0.00396435
185
1
1.55081 5.64687 1.25473
0.0275046 -0.00176081 -0.00150871
186
1
1.49696 5.65521 1.2557
0.02672 -0.00257926 2.2788e-005
187
1
1.44342 5.66559 1.25148
0.0263288 -0.00481758 0.00221387
188
1
1.38995 5.67877 1.24216
0.0268668 -0.00798063 0.0052978
189
1
1.33701 5.69544 1.22808
0.0255867 -0.0102517 0.00834156
190
1
1.28466 5.71665 1.20891
0.0245909 -0.0129072 0.0110351
191
1
1.23339 5.74254 1.18394
0.0245167 -0.015545 0.0142556
192
1
1.18366 5.77217 1.15251
0.0229677 -0.0167438 0.0177873
193
1
1.13423 5.80546 1.11219
0.0234093 -0.0191774 0.0235205
