194
0
1
0.702724 10.0456 1.14269
0.00578335 0.0501043 -0.0122132
1
1
0.685328 9.95968 1.16842
0.00872445 0.0381909 -0.0108194
2
1
0.651929 9.87195 1.1881
0.0227937 0.0431337 -0.00676112
3
1
0.593405 9.77896 1.20409
0.0420394 0.0508633 -0.00466545
4
1
0.51601 9.69778 1.21934
0.0436476 0.0355762 -0.00898651
5
1
0.42102 9.6345 1.23529
0.0462864 0.024762 -0.00987627
6
1
0.301718 9.58168 1.23251
0.0593654 0.011698 0.0117897
7
1
0.137682 9.53024 1.16328
0.0397454 0.0150861 0.0432726
8
1
0.154226 6.62849 0.0589471
-0.045113 0.018628 -0.00848152
9
1
0.843761 12.3806 0.0630093
-0.0156168 0.0658131 0.00815432
10
1
-0.843761 12.3806 0.0630187
-0.015617 -0.0658131 -0.00815288
11
1
-0.154217 6.62847 0.0588333
-0.045102 -0.018622 0.00847851
12
1
-0.137681 9.53024 1.16328
0.0397455 -0.015086 -0.0432726
13
1
-0.301718 9.58168 1.23251
0.0593654 -0.011698 -0.0117896
14
1
-0.421019 9.6345 1.23529
0.0462864 -0.024762 0.00987628
15
1
-0.516009 9.69778 1.21934
0.0436476 -0.0355762 0.00898651
16
1
-0.593405 9.77896 1.20409
0.0420394 -0.0508634 0.00466545
17
1
-0.651928 9.87195 1.1881
0.0227937 -0.0431337 0.00676111
18
1
-0.685327 9.95968 1.16842
0.00872446 -0.038191 0.0108194
19
1
-0.702724 10.0456 1.14269
0.00578335 -0.0501043 0.0122132
20
1
-0.710713 10.1282 1.11064
-0.0030701 -0.0425134 0.0188961
21
1
-0.712501 10.2059 1.07085
-0.00330325 -0.0304151 0.0208591
22
1
-0.709545 10.2785 1.0286
-0.000366333 -0.0374541 0.0261238
23
1
-0.703151 10.3497 0.989805
-0.00261106 -0.0355023 0.0214205
24
1
-0.694821 10.4143 0.959772
-0.00589318 -0.0245115 0.00995733
25
1
-0.687005 10.4721 0.936991
-0.00584746 -0.0265678 0.00967848
26
1
-0.680125 10.5273 0.91734
-0.00368845 -0.0277879 0.00979734
27
1
-0.673858 10.5811 0.902089
-0.00294229 -0.0255593 0.00560975
28
1
-0.66757 10.6345 0.893544
-0.0035041 -0.0246552 0.000840883
29
1
-0.662892 10.6884 0.890695
-0.0039052 -0.026078 -0.000355031
30
1
-0.660648 10.7403 0.890394
-0.00218274 -0.0240572 -0.00226751
31
1
-0.660317 10.7906 0.890565
-0.000149337 -0.0231759 -0.00185968
32
1
-0.663101 10.8405 0.89065
0.000318915 -0.0252858 -7.69144e-005
33
1
-0.670003 10.8882 0.889516
0.00155223 -0.0261735 -0.000155158
34
1
-0.681965 10.9325 0.886366
0.00619375 -0.0238056 0.000913665
35
1
-0.698469 10.9743 0.880791
0.00973798 -0.0201704 0.00339374
36
1
-0.719377 11.0124 0.873641
0.0106603 -0.0173471 0.00292058
37
1
-0.743137 11.0477 0.865521
0.0142604 -0.0164185 0.00264129
38
1
-0.770603 11.081 0.85565
0.0171321 -0.0143339 0.00529795
39
1
-0.801367 11.1114 0.842737
0.0149485 -0.0109838 0.00741547
40
1
-0.833399 11.1382 0.825759
0.0154597 -0.0105309 0.00921858
41
1
-0.866698 11.163 0.804965
0.0195306 -0.0111541 0.0120303
42
1
-0.902466 11.1859 0.781295
0.0192338 -0.00989323 0.0125131
43
1
-0.939484 11.2075 0.755913
0.0172182 -0.00928065 0.0117444
44
1
-0.97736 11.2285 0.728058
0.0197174 -0.0105581 0.0140688
45
1
-1.01615 11.2503 0.695734
0.0226708 -0.0112456 0.0196718
46
1
-1.0553 11.273 0.658644
0.019333 -0.010388 0.020974
47
1
-1.09196 11.296 0.616735
0.0173217 -0.0111247 0.0212412
48
1
-1.12647 11.3194 0.569544
0.0181913 -0.0126678 0.0280924
49
1
-1.15786 11.3414 0.518843
0.0161044 -0.0106611 0.0298601
50
1
-1.18714 11.361 0.466327
0.0142597 -0.00808241 0.0265675
51
1
-1.21557 11.3793 0.410883
0.0152769 -0.00935318 0.0289665
52
1
-1.24216 11.3972 0.353428
0.0149853 -0.0114927 0.0319509
53
1
-1.26674 11.4146 0.294608
0.0142269 -0.00998642 0.0332269
54
1
-1.28852 11.4303 0.235187
0.0129832 -0.00895249 0.0332924
55
1
-1.30596 11.4437 0.175418
0.00822652 -0.00776726 0.0322418
56
1
-1.3181 11.4544 0.116642
0.0057676 -0.00532496 0.0307413
57
1
-1.32543 11.4612 0.0575178
0.00313271 -0.00192483 0.0292242
58
1
-1.32802 11.4636 -5.46062e-008
3.01204e-009 5.9032e-010 0.0287215
59
1
-1.32543 11.4612 -0.0575179
-0.0031327 0.00192483 0.0292242
60
1
-1.3181 11.4544 -0.116642
-0.0057676 0.00532496 0.0307413
61
1
-1.30596 11.4437 -0.175418
-0.00822652 0.00776726 0.0322418
62
1
-1.28852 11.4303 -0.235187
-0.0129832 0.00895249 0.0332924
63
1
-1.26674 11.4146 -0.294608
-0.0142269 0.00998643 0.0332269
64
1
-1.24216 11.3972 -0.353428
-0.0149853 0.0114927 0.0319509
65
1
-1.21557 11.3793 -0.410883
-0.0152769 0.00935318 0.0289665
66
1
-1.18714 11.361 -0.466327
-0.0142597 0.00808242 0.0265675
67
1
-1.15786 11.3414 -0.518843
-0.0161044 0.0106611 0.0298601
68
1
-1.12647 11.3194 -0.569545
-0.0181913 0.0126678 0.0280924
69
1
-1.09196 11.296 -0.616735
-0.0173217 0.0111247 0.0212412
70
1
-1.0553 11.273 -0.658644
-0.019333 0.010388 0.020974
71
1
-1.01615 11.2503 -0.695734
-0.0226708 0.0112456 0.0196718
72
1
-0.97736 11.2285 -0.728058
-0.0197174 0.0105581 0.0140688
73
1
-0.939484 11.2075 -0.755914
-0.0172182 0.00928065 0.0117444
74
1
-0.902466 11.1859 -0.781296
-0.0192338 0.00989324 0.0125131
75
1
-0.866698 11.163 -0.804966
-0.0195306 0.0111541 0.0120303
76
1
-0.833399 11.1382 -0.825759
-0.0154597 0.0105309 0.00921859
77
1
-0.801367 11.1114 -0.842738
-0.0149485 0.0109838 0.00741548
78
1
-0.770603 11.081 -0.85565
-0.0171321 0.0143339 0.00529796
79
1
-0.743137 11.0477 -0.865521
-0.0142604 0.0164185 0.00264129
80
1
-0.719377 11.0124 -0.873641
-0.0106603 0.0173471 0.00292059
81
1
-0.698469 10.9743 -0.880792
-0.00973798 0.0201704 0.00339374
82
1
-0.681965 10.9325 -0.886366
-0.00619375 0.0238056 0.000913665
83
1
-0.670003 10.8882 -0.889516
-0.00155223 0.0261735 -0.00015516
84
1
-0.663101 10.8405 -0.89065
-0.000318918 0.0252858 -7.69172e-005
85
1
-0.660317 10.7906 -0.890565
0.000149334 0.0231759 -0.00185968
86
1
-0.660648 10.7403 -0.890394
0.00218274 0.0240572 -0.00226751
87
1
-0.662892 10.6884 -0.890696
0.0039052 0.026078 -0.000355035
88
1
-0.66757 10.6345 -0.893544
0.0035041 0.0246552 0.00084088
89
1
-0.673858 10.5811 -0.90209
0.00294229 0.0255593 0.00560975
90
1
-0.680126 10.5273 -0.91734
0.00368846 0.0277879 0.00979733
91
1
-0.687005 10.4721 -0.936991
0.00584747 0.0265678 0.00967848
92
1
-0.694821 10.4143 -0.959772
0.00589318 0.0245115 0.00995733
93
1
-0.703151 10.3497 -0.989805
0.00261107 0.0355023 0.0214205
94
1
-0.709545 10.2785 -1.0286
0.000366346 0.0374541 0.0261238
95
1
-0.712502 10.2059 -1.07085
0.00330326 0.0304151 0.0208591
96
1
-0.710714 10.1282 -1.11064
0.00307011 0.0425134 0.0188961
97
1
-0.702724 10.0456 -1.14269
-0.00578335 0.0501043 0.0122132
98
1
-0.685328 9.95968 -1.16842
-0.00872445 0.0381909 0.0108194
99
1
-0.651929 9.87195 -1.1881
-0.0227937 0.0431337 0.00676112
100
1
-0.593405 9.77896 -1.20409
-0.0420394 0.0508633 0.00466545
101
1
-0.51601 9.69778 -1.21934
-0.0436476 0.0355762 0.00898651
102
1
-0.42102 9.6345 -1.23529
-0.0462864 0.024762 0.00987627
103
1
-0.301718 9.58168 -1.23251
-0.0593654 0.011698 -0.0117897
104
1
-0.137682 9.53024 -1.16328
-0.0397454 0.0150861 -0.0432726
105
1
-0.154226 6.62849 -0.0589429
0.0451128 0.018628 0.00848187
106
1
-0.843761 12.3806 -0.0630093
0.0156168 0.0658131 -0.00815432
107
1
0.843761 12.3806 -0.0630187
0.015617 -0.0658131 0.00815288
108
1
0.154217 6.62847 -0.0588292
0.0451018 -0.0186219 -0.00847886
109
1
0.137681 9.53024 -1.16328
-0.0397455 -0.015086 0.0432726
110
1
0.301718 9.58168 -1.23251
-0.0593654 -0.011698 0.0117896
111
1
0.421019 9.6345 -1.23529
-0.0462864 -0.024762 -0.00987628
112
1
0.516009 9.69778 -1.21934
-0.0436476 -0.0355762 -0.00898651
113
1
0.593405 9.77896 -1.20409
-0.0420394 -0.0508634 -0.00466545
114
1
0.651928 9.87195 -1.1881
-0.0227937 -0.0431337 -0.00676111
115
1
0.685327 9.95968 -1.16842
-0.00872446 -0.038191 -0.0108194
116
1
0.702724 10.0456 -1.14269
-0.00578335 -0.0501043 -0.0122132
117
1
0.710713 10.1282 -1.11064
0.0030701 -0.0425134 -0.0188961
118
1
0.712501 10.2059 -1.07085
0.00330325 -0.0304151 -0.0208591
119
1
0.709545 10.2785 -1.0286
0.000366333 -0.0374541 -0.0261238
120
1
0.703151 10.3497 -0.989805
0.00261106 -0.0355023 -0.0214205
121
1
0.694821 10.4143 -0.959772
0.00589318 -0.0245115 -0.00995733
122
1
0.687005 10.4721 -0.936991
0.00584746 -0.0265678 -0.00967848
123
1
0.680125 10.5273 -0.91734
0.00368845 -0.0277879 -0.00979734
124
1
0.673858 10.5811 -0.902089
0.00294229 -0.0255593 -0.00560975
125
1
0.66757 10.6345 -0.893544
0.0035041 -0.0246552 -0.000840883
126
1
0.662892 10.6884 -0.890695
0.0039052 -0.026078 0.000355031
127
1
0.660648 10.7403 -0.890394
0.00218274 -0.0240572 0.00226751
128
1
0.660317 10.7906 -0.890565
0.000149337 -0.0231759 0.00185968
129
1
0.663101 10.8405 -0.89065
-0.000318915 -0.0252858 7.69143e-005
130
1
0.670003 10.8882 -0.889516
-0.00155223 -0.0261735 0.000155158
131
1
0.681965 10.9325 -0.886366
-0.00619375 -0.0238056 -0.000913665
132
1
0.698469 10.9743 -0.880791
-0.00973798 -0.0201704 -0.00339374
133
1
0.719377 11.0124 -0.873641
-0.0106603 -0.0173471 -0.00292058
134
1
0.743137 11.0477 -0.865521
-0.0142604 -0.0164185 -0.00264129
135
1
0.770603 11.081 -0.85565
-0.0171321 -0.0143339 -0.00529796
136
1
0.801367 11.1114 -0.842737
-0.0149485 -0.0109838 -0.00741547
137
1
0.833399 11.1382 -0.825759
-0.0154597 -0.0105309 -0.00921858
138
1
0.866698 11.163 -0.804965
-0.0195306 -0.0111541 -0.0120303
139
1
0.902466 11.1859 -0.781295
-0.0192338 -0.00989323 -0.0125131
140
1
0.939484 11.2075 -0.755913
-0.0172182 -0.00928065 -0.0117444
141
1
0.97736 11.2285 -0.728058
-0.0197174 -0.0105581 -0.0140688
142
1
1.01615 11.2503 -0.695734
-0.0226708 -0.0112456 -0.0196718
143
1
1.0553 11.273 -0.658644
-0.019333 -0.010388 -0.020974
144
1
1.09196 11.296 -0.616735
-0.0173217 -0.0111247 -0.0212412
145
1
1.12647 11.3194 -0.569544
-0.0181913 -0.0126678 -0.0280924
146
1
1.15786 11.3414 -0.518843
-0.0161044 -0.0106611 -0.0298601
147
1
1.18714 11.361 -0.466327
-0.0142597 -0.00808241 -0.0265675
148
1
1.21557 11.3793 -0.410883
-0.0152769 -0.00935318 -0.0289665
149
1
1.24216 11.3972 -0.353428
-0.0149853 -0.0114927 -0.0319509
150
1
1.26674 11.4146 -0.294608
-0.0142269 -0.00998642 -0.0332269
151
1
1.28852 11.4303 -0.235187
-0.0129832 -0.00895249 -0.0332924
152
1
1.30596 11.4437 -0.175418
-0.00822652 -0.00776726 -0.0322418
153
1
1.3181 11.4544 -0.116642
-0.0057676 -0.00532496 -0.0307413
154
1
1.32543 11.4612 -0.0575178
-0.00313271 -0.00192482 -0.0292242
155
1
1.32802 11.4636 6.03434e-008
-3.0941e-009 7.17303e-010 -0.0287215
156
1
1.32543 11.4612 0.0575179
0.0031327 0.00192483 -0.0292242
157
1
1.3181 11.4544 0.116642
0.0057676 0.00532496 -0.0307413
158
1
1.30596 11.4437 0.175418
0.00822652 0.00776726 -0.0322418
159
1
1.28852 11.4303 0.235187
0.0129832 0.00895249 -0.0332924
160
1
1.26674 11.4146 0.294608
0.0142269 0.00998643 -0.0332269
161
1
1.24216 11.3972 0.353428
0.0149853 0.0114927 -0.0319509
162
1
1.21557 11.3793 0.410883
0.0152769 0.00935318 -0.0289665
163
1
1.18714 11.361 0.466327
0.0142597 0.00808242 -0.0265675
164
1
1.15786 11.3414 0.518843
0.0161044 0.0106611 -0.0298601
165
1
1.12647 11.3194 0.569545
0.0181913 0.0126678 -0.0280924
166
1
1.09196 11.296 0.616735
0.0173217 0.0111247 -0.0212412
167
1
1.0553 11.273 0.658644
0.019333 0.010388 -0.020974
168
1
1.01615 11.2503 0.695734
0.0226708 0.0112456 -0.0196718
169
1
0.97736 11.2285 0.728058
0.0197174 0.0105581 -0.0140688
170
1
0.939484 11.2075 0.755914
0.0172182 0.00928065 -0.0117444
171
1
0.902466 11.1859 0.781296
0.0192338 0.00989323 -0.0125131
172
1
0.866698 11.163 0.804966
0.0195306 0.0111541 -0.0120303
173
1
0.833399 11.1382 0.825759
0.0154597 0.0105309 -0.00921859
174
1
0.801367 11.1114 0.842738
0.0149485 0.0109838 -0.00741548
175
1
0.770603 11.081 0.85565
0.0171321 0.0143339 -0.00529796
176
1
0.743137 11.0477 0.865521
0.0142604 0.0164185 -0.00264129
177
1
0.719377 11.0124 0.873641
0.0106603 0.0173471 -0.00292059
178
1
0.698469 10.9743 0.880792
0.00973798 0.0201704 -0.00339374
179
1
0.681965 10.9325 0.886366
0.00619375 0.0238056 -0.000913665
180
1
0.670003 10.8882 0.889516
0.00155223 0.0261735 0.00015516
181
1
0.663101 10.8405 0.89065
0.000318918 0.0252858 7.69173e-005
182
1
0.660317 10.7906 0.890565
-0.000149335 0.0231759 0.00185968
183
1
0.660648 10.7403 0.890394
-0.00218274 0.0240572 0.00226751
184
1
0.662892 10.6884 0.890696
-0.0039052 0.026078 0.000355036
185
1
0.66757 10.6345 0.893544
-0.0035041 0.0246552 -0.00084088
186
1
0.673858 10.5811 0.90209
-0.00294229 0.0255593 -0.00560975
187
1
0.680126 10.5273 0.91734
-0.00368846 0.0277879 -0.00979733
188
1
0.687005 10.4721 0.936991
-0.00584747 0.0265678 -0.00967848
189
1
0.694821 10.4143 0.959772
-0.00589318 0.0245115 -0.00995733
190
1
0.703151 10.3497 0.989805
-0.00261107 0.0355023 -0.0214205
191
1
0.709545 10.2785 1.0286
-0.000366346 0.0374541 -0.0261238
192
1
0.712502 10.2059 1.07085
-0.00330326 0.0304151 -0.0208591
193
1
0.710714 10.1282 1.11064
-0.00307011 0.0425134 -0.0188961
