194
0
1
0.875093 3.98196 0.547198
0.0285326 -0.0344595 0.00666652
1
1
0.814463 4.04905 0.539555
0.0296284 -0.0358519 0.000935873
2
1
0.748603 4.11819 0.541824
0.0329522 -0.0354273 -0.00454363
3
1
0.675709 4.18553 0.554023
0.0373604 -0.0332401 -0.0105231
4
1
0.593983 4.24786 0.574909
0.042057 -0.0293865 -0.0136819
5
1
0.50289 4.30142 0.601608
0.0465762 -0.0238279 -0.0159997
6
1
0.4026 4.344 0.629849
0.0515839 -0.0182703 -0.0149092
7
1
0.294023 4.37535 0.654362
0.0558828 -0.0123091 -0.0114855
8
1
0.179022 4.39597 0.671904
0.0586196 -0.00729625 -0.00690953
9
1
0.0600868 4.40627 0.680571
0.0600436 -0.00227132 -0.00212462
10
1
-0.0600868 4.40627 0.680571
0.0600436 0.00227132 0.00212462
11
1
-0.179022 4.39597 0.671904
0.0586196 0.00729625 0.00690953
12
1
-0.294023 4.37535 0.654362
0.0558828 0.0123091 0.0114855
13
1
-0.4026 4.344 0.629849
0.0515839 0.0182703 0.0149092
14
1
-0.50289 4.30142 0.601608
0.0465762 0.0238279 0.0159997
15
1
-0.593983 4.24786 0.574909
0.042057 0.0293865 0.0136819
16
1
-0.675709 4.18553 0.554023
0.0373604 0.0332401 0.0105231
17
1
-0.748603 4.11819 0.541824
0.0329522 0.0354273 0.00454363
18
1
-0.814463 4.04905 0.539555
0.0296284 0.0358519 -0.000935873
19
1
-0.875093 3.98196 0.547198
0.0285326 0.0344595 -0.00666652
20
1
-0.932382 3.92027 0.563051
0.026886 0.030535 -0.0109381
21
1
-0.987734 3.8653 0.584887
0.0258057 0.0261354 -0.0129117
22
1
-1.04233 3.81755 0.610679
0.0267075 0.0222114 -0.0151452
23
1
-1.0973 3.77577 0.638876
0.0260635 0.0187058 -0.015229
24
1
-1.15265 3.7392 0.667272
0.0270393 0.0164277 -0.0146728
25
1
-1.2088 3.7064 0.694102
0.0286711 0.0146876 -0.0133374
26
1
-1.26556 3.67635 0.718243
0.0278549 0.0132779 -0.0117998
27
1
-1.3226 3.64806 0.738472
0.027923 0.0127366 -0.0100476
28
1
-1.37988 3.62072 0.754918
0.0292076 0.0128287 -0.00799401
29
1
-1.43759 3.59475 0.76813
0.0288037 0.012373 -0.00655687
30
1
-1.49549 3.57041 0.778511
0.0281552 0.0117184 -0.00548503
31
1
-1.55339 3.54744 0.786798
0.0286342 0.0115671 -0.00413635
32
1
-1.61123 3.5259 0.793653
0.0289216 0.0111633 -0.00307696
33
1
-1.66892 3.50607 0.799264
0.0287509 0.0100948 -0.00248961
34
1
-1.72627 3.48796 0.803422
0.0286899 0.00896999 -0.00198736
35
1
-1.78296 3.4713 0.806177
0.028134 0.00793042 -0.00161062
36
1
-1.83876 3.4563 0.807666
0.0269169 0.00693275 -0.00140279
37
1
-1.89402 3.44332 0.80756
0.0264091 0.00621941 -0.000683266
38
1
-1.9493 3.432 0.804796
0.0271281 0.00559086 0.00110847
39
1
-2.00454 3.42196 0.798348
0.0278203 0.00451831 0.00335879
40
1
-2.05899 3.41321 0.787659
0.027539 0.00323299 0.00563666
41
1
-2.11197 3.40574 0.772521
0.0266084 0.00262936 0.0085326
42
1
-2.1632 3.39892 0.752319
0.0255862 0.00300514 0.0115764
43
1
-2.21296 3.392 0.727353
0.0248467 0.0037126 0.0137992
44
1
-2.26139 3.38442 0.697501
0.0243816 0.00410146 0.0157117
45
1
-2.30873 3.37619 0.662773
0.0240019 0.00403258 0.0184008
46
1
-2.35491 3.36816 0.623222
0.0234572 0.00366209 0.0215669
47
1
-2.39958 3.36082 0.5796
0.0229294 0.00351077 0.0236892
48
1
-2.44248 3.35424 0.533153
0.0225758 0.00372062 0.0244585
49
1
-2.48325 3.34823 0.484961
0.0217617 0.00363468 0.0250789
50
1
-2.52142 3.34271 0.435864
0.019839 0.00337316 0.0257337
51
1
-2.5564 3.33698 0.38588
0.0172282 0.00361304 0.0264859
52
1
-2.58754 3.33071 0.33422
0.014459 0.00425129 0.027348
53
1
-2.61407 3.32417 0.280693
0.0117444 0.00459277 0.0281876
54
1
-2.6351 3.31765 0.225605
0.00917142 0.00433503 0.0287951
55
1
-2.6506 3.31152 0.169565
0.00679886 0.00364705 0.0291279
56
1
-2.66081 3.30623 0.11309
0.00447247 0.00267519 0.0290738
57
1
-2.66658 3.30265 0.0565186
0.00217562 0.00138436 0.0286861
58
1
-2.66842 3.30123 -2.96515e-015
7.60515e-017 5.85609e-016 0.0284473
59
1
-2.66658 3.30265 -0.0565186
-0.00217562 -0.00138436 0.0286861
60
1
-2.66081 3.30623 -0.11309
-0.00447247 -0.00267519 0.0290738
61
1
-2.6506 3.31152 -0.169565
-0.00679886 -0.00364705 0.0291279
62
1
-2.6351 3.31765 -0.225605
-0.00917142 -0.00433503 0.0287951
63
1
-2.61407 3.32417 -0.280693
-0.0117444 -0.00459277 0.0281876
64
1
-2.58754 3.33071 -0.33422
-0.014459 -0.00425129 0.027348
65
1
-2.5564 3.33698 -0.38588
-0.0172282 -0.00361304 0.0264859
66
1
-2.52142 3.34271 -0.435864
-0.019839 -0.00337316 0.0257337
67
1
-2.48325 3.34823 -0.484961
-0.0217617 -0.00363468 0.0250789
68
1
-2.44248 3.35424 -0.533153
-0.0225758 -0.00372062 0.0244585
69
1
-2.39958 3.36082 -0.5796
-0.0229294 -0.00351077 0.0236892
70
1
-2.35491 3.36816 -0.623222
-0.0234572 -0.00366209 0.0215669
71
1
-2.30873 3.37619 -0.662773
-0.0240019 -0.00403258 0.0184008
72
1
-2.26139 3.38442 -0.697501
-0.0243816 -0.00410146 0.0157117
73
1
-2.21296 3.392 -0.727353
-0.0248467 -0.0037126 0.0137992
74
1
-2.1632 3.39892 -0.752319
-0.0255862 -0.00300514 0.0115764
75
1
-2.11197 3.40574 -0.772521
-0.0266084 -0.00262936 0.0085326
76
1
-2.05899 3.41321 -0.787659
-0.027539 -0.00323299 0.00563666
77
1
-2.00454 3.42196 -0.798348
-0.0278203 -0.00451831 0.00335879
78
1
-1.9493 3.432 -0.804796
-0.0271281 -0.00559086 0.00110847
79
1
-1.89402 3.44332 -0.80756
-0.0264091 -0.00621941 -0.000683266
80
1
-1.83876 3.4563 -0.807666
-0.0269169 -0.00693275 -0.00140279
81
1
-1.78296 3.4713 -0.806177
-0.028134 -0.00793042 -0.00161062
82
1
-1.72627 3.48796 -0.803422
-0.0286899 -0.00896999 -0.00198736
83
1
-1.66892 3.50607 -0.799264
-0.0287509 -0.0100948 -0.00248961
84
1
-1.61123 3.5259 -0.793653
-0.0289216 -0.0111633 -0.00307696
85
1
-1.55339 3.54744 -0.786798
-0.0286342 -0.0115671 -0.00413635
86
1
-1.49549 3.57041 -0.778511
-0.0281552 -0.0117184 -0.00548503
87
1
-1.43759 3.59475 -0.76813
-0.0288037 -0.012373 -0.00655687
88
1
-1.37988 3.62072 -0.754918
-0.0292076 -0.0128287 -0.00799401
89
1
-1.3226 3.64806 -0.738472
-0.027923 -0.0127366 -0.0100476
90
1
-1.26556 3.67635 -0.718243
-0.0278549 -0.0132779 -0.0117998
91
1
-1.2088 3.7064 -0.694102
-0.0286711 -0.0146876 -0.0133374
92
1
-1.15265 3.7392 -0.667272
-0.0270393 -0.0164277 -0.0146728
93
1
-1.0973 3.77577 -0.638876
-0.0260635 -0.0187058 -0.015229
94
1
-1.04233 3.81755 -0.610679
-0.0267075 -0.0222114 -0.0151452
95
1
-0.987734 3.8653 -0.584887
-0.0258057 -0.0261354 -0.0129117
96
1
-0.932382 3.92027 -0.563051
-0.026886 -0.030535 -0.0109381
97
1
-0.875093 3.98196 -0.547198
-0.0285326 -0.0344595 -0.00666652
98
1
-0.814463 4.04905 -0.539555
-0.0296284 -0.0358519 -0.000935873
99
1
-0.748603 4.11819 -0.541824
-0.0329522 -0.0354273 0.00454363
100
1
-0.675709 4.18553 -0.554023
-0.0373604 -0.0332401 0.0105231
101
1
-0.593983 4.24786 -0.574909
-0.042057 -0.0293865 0.0136819
102
1
-0.50289 4.30142 -0.601608
-0.0465762 -0.0238279 0.0159997
103
1
-0.4026 4.344 -0.629849
-0.0515839 -0.0182703 0.0149092
104
1
-0.294023 4.37535 -0.654362
-0.0558828 -0.0123091 0.0114855
105
1
-0.179022 4.39597 -0.671904
-0.0586196 -0.00729625 0.00690953
106
1
-0.0600868 4.40627 -0.680571
-0.0600436 -0.00227132 0.00212462
107
1
0.0600868 4.40627 -0.680571
-0.0600436 0.00227132 -0.00212462
108
1
0.179022 4.39597 -0.671904
-0.0586196 0.00729625 -0.00690953
109
1
0.294023 4.37535 -0.654362
-0.0558828 0.0123091 -0.0114855
110
1
0.4026 4.344 -0.629849
-0.0515839 0.0182703 -0.0149092
111
1
0.50289 4.30142 -0.601608
-0.0465762 0.0238279 -0.0159997
112
1
0.593983 4.24786 -0.574909
-0.042057 0.0293865 -0.0136819
113
1
0.675709 4.18553 -0.554023
-0.0373604 0.0332401 -0.0105231
114
1
0.748603 4.11819 -0.541824
-0.0329522 0.0354273 -0.00454363
115
1
0.814463 4.04905 -0.539555
-0.0296284 0.0358519 0.000935873
116
1
0.875093 3.98196 -0.547198
-0.0285326 0.0344595 0.00666652
117
1
0.932382 3.92027 -0.563051
-0.026886 0.030535 0.0109381
118
1
0.987734 3.8653 -0.584887
-0.0258057 0.0261354 0.0129117
119
1
1.04233 3.81755 -0.610679
-0.0267075 0.0222114 0.0151452
120
1
1.0973 3.77577 -0.638876
-0.0260635 0.0187058 0.015229
121
1
1.15265 3.7392 -0.667272
-0.0270393 0.0164277 0.0146728
122
1
1.2088 3.7064 -0.694102
-0.0286711 0.0146876 0.0133374
123
1
1.26556 3.67635 -0.718243
-0.0278549 0.0132779 0.0117998
124
1
1.3226 3.64806 -0.738472
-0.027923 0.0127366 0.0100476
125
1
1.37988 3.62072 -0.754918
-0.0292076 0.0128287 0.00799401
126
1
1.43759 3.59475 -0.76813
-0.0288037 0.012373 0.00655687
127
1
1.49549 3.57041 -0.778511
-0.0281552 0.0117184 0.00548503
128
1
1.55339 3.54744 -0.786798
-0.0286342 0.0115671 0.00413635
129
1
1.61123 3.5259 -0.793653
-0.0289216 0.0111633 0.00307696
130
1
1.66892 3.50607 -0.799264
-0.0287509 0.0100948 0.00248961
131
1
1.72627 3.48796 -0.803422
-0.0286899 0.00896999 0.00198736
132
1
1.78296 3.4713 -0.806177
-0.028134 0.00793042 0.00161062
133
1
1.83876 3.4563 -0.807666
-0.0269169 0.00693275 0.00140279
134
1
1.89402 3.44332 -0.80756
-0.0264091 0.00621941 0.000683266
135
1
1.9493 3.432 -0.804796
-0.0271281 0.00559086 -0.00110847
136
1
2.00454 3.42196 -0.798348
-0.0278203 0.00451831 -0.00335879
137
1
2.05899 3.41321 -0.787659
-0.027539 0.00323299 -0.00563666
138
1
2.11197 3.40574 -0.772521
-0.0266084 0.00262936 -0.0085326
139
1
2.1632 3.39892 -0.752319
-0.0255862 0.00300514 -0.0115764
140
1
2.21296 3.392 -0.727353
-0.0248467 0.0037126 -0.0137992
141
1
2.26139 3.38442 -0.697501
-0.0243816 0.00410146 -0.0157117
142
1
2.30873 3.37619 -0.662773
-0.0240019 0.00403258 -0.0184008
143
1
2.35491 3.36816 -0.623222
-0.0234572 0.00366209 -0.0215669
144
1
2.39958 3.36082 -0.5796
-0.0229294 0.00351077 -0.0236892
145
1
2.44248 3.35424 -0.533153
-0.0225758 0.00372062 -0.0244585
146
1
2.48325 3.34823 -0.484961
-0.0217617 0.00363468 -0.0250789
147
1
2.52142 3.34271 -0.435864
-0.019839 0.00337316 -0.0257337
148
1
2.5564 3.33698 -0.38588
-0.0172282 0.00361304 -0.0264859
149
1
2.58754 3.33071 -0.33422
-0.014459 0.00425129 -0.027348
150
1
2.61407 3.32417 -0.280693
-0.0117444 0.00459277 -0.0281876
151
1
2.6351 3.31765 -0.225605
-0.00917142 0.00433503 -0.0287951
152
1
2.6506 3.31152 -0.169565
-0.00679886 0.00364705 -0.0291279
153
1
2.66081 3.30623 -0.11309
-0.00447247 0.00267519 -0.0290738
154
1
2.66658 3.30265 -0.0565186
-0.00217562 0.00138436 -0.0286861
155
1
2.66842 3.30123 -4.83839e-015
-4.1187e-017 -1.65223e-016 -0.0284473
156
1
2.66658 3.30265 0.0565186
0.00217562 -0.00138436 -0.0286861
157
1
2.66081 3.30623 0.11309
0.00447247 -0.00267519 -0.0290738
158
1
2.6506 3.31152 0.169565
0.00679886 -0.00364705 -0.0291279
159
1
2.6351 3.31765 0.225605
0.00917142 -0.00433503 -0.0287951
160
1
2.61407 3.32417 0.280693
0.0117444 -0.00459277 -0.0281876
161
1
2.58754 3.33071 0.33422
0.014459 -0.00425129 -0.027348
162
1
2.5564 3.33698 0.38588
0.0172282 -0.00361304 -0.0264859
163
1
2.52142 3.34271 0.435864
0.019839 -0.00337316 -0.0257337
164
1
2.48325 3.34823 0.484961
0.0217617 -0.00363468 -0.0250789
165
1
2.44248 3.35424 0.533153
0.0225758 -0.00372062 -0.0244585
166
1
2.39958 3.36082 0.5796
0.0229294 -0.00351077 -0.0236892
167
1
2.35491 3.36816 0.623222
0.0234572 -0.00366209 -0.0215669
168
1
2.30873 3.37619 0.662773
0.0240019 -0.00403258 -0.0184008
169
1
2.26139 3.38442 0.697501
0.0243816 -0.00410146 -0.0157117
170
1
2.21296 3.392 0.727353
0.0248467 -0.0037126 -0.0137992
171
1
2.1632 3.39892 0.752319
0.0255862 -0.00300514 -0.0115764
172
1
2.11197 3.40574 0.772521
0.0266084 -0.00262936 -0.0085326
173
1
2.05899 3.41321 0.787659
0.027539 -0.00323299 -0.00563666
174
1
2.00454 3.42196 0.798348
0.0278203 -0.00451831 -0.00335879
175
1
1.9493 3.432 0.804796
0.0271281 -0.00559086 -0.00110847
176
1
1.89402 3.44332 0.80756
0.0264091 -0.00621941 0.000683266
177
1
1.83876 3.4563 0.807666
0.0269169 -0.00693275 0.00140279
178
1
1.78296 3.4713 0.806177
0.028134 -0.00793042 0.00161062
179
1
1.72627 3.48796 0.803422
0.0286899 -0.00896999 0.00198736
180
1
1.66892 3.50607 0.799264
0.0287509 -0.0100948 0.00248961
181
1
1.61123 3.5259 0.793653
0.0289216 -0.0111633 0.00307696
182
1
1.55339 3.54744 0.786798
0.0286342 -0.0115671 0.00413635
183
1
1.49549 3.57041 0.778511
0.0281552 -0.0117184 0.00548503
184
1
1.43759 3.59475 0.76813
0.0288037 -0.012373 0.00655687
185
1
1.37988 3.62072 0.754918
0.0292076 -0.0128287 0.00799401
186
1
1.3226 3.64806 0.738472
0.027923 -0.0127366 0.0100476
187
1
1.26556 3.67635 0.718243
0.0278549 -0.0132779 0.0117998
188
1
1.2088 3.7064 0.694102
0.0286711 -0.0146876 0.0133374
189
1
1.15265 3.7392 0.667272
0.0270393 -0.0164277 0.0146728
190
1
1.0973 3.77577 0.638876
0.0260635 -0.0187058 0.015229
191
1
1.04233 3.81755 0.610679
0.0267075 -0.0222114 0.0151452
192
1
0.987734 3.8653 0.584887
0.0258057 -0.0261354 0.0129117
193
1
0.932382 3.92027 0.563051
0.026886 -0.030535 0.0109381
