194
0
1
0.596729 10.2429 1.38866
0.0130691 0.0415827 -0.0337244
1
1
0.566665 10.1671 1.44815
0.0157638 0.032974 -0.028607
2
1
0.52529 10.0893 1.49884
0.0206232 0.0403566 -0.0242476
3
1
0.467707 10.0056 1.53723
0.0323667 0.0478921 -0.0194925
4
1
0.40033 9.9282 1.55406
0.0368065 0.0321068 0.00189092
5
1
0.325431 9.85566 1.5479
0.0391413 0.0237392 0.0112477
6
1
0.236092 9.77314 1.52219
0.0348082 0.0409728 0.0232982
7
1
0.113094 9.63513 1.50878
0.039956 0.0553312 -0.0173712
8
1
0.170198 6.25877 0.0578124
-0.0432966 -0.0231662 -0.00875032
9
1
0.433706 12.6631 0.0724389
0.0352569 0.0383594 0.0081529
10
1
-0.433702 12.6632 0.0724221
0.0352483 -0.0383608 -0.00813563
11
1
-0.169935 6.25878 0.0576966
-0.0433459 0.0231769 0.00884154
12
1
-0.113093 9.63512 1.50878
0.0399561 -0.0553311 0.0173712
13
1
-0.236091 9.77314 1.52219
0.0348084 -0.0409728 -0.0232982
14
1
-0.325431 9.85566 1.5479
0.0391414 -0.0237392 -0.0112477
15
1
-0.40033 9.9282 1.55406
0.0368066 -0.0321068 -0.0018909
16
1
-0.467706 10.0056 1.53723
0.0323667 -0.0478922 0.0194926
17
1
-0.52529 10.0893 1.49884
0.0206232 -0.0403566 0.0242476
18
1
-0.566664 10.1671 1.44815
0.0157638 -0.032974 0.028607
19
1
-0.596729 10.2429 1.38866
0.0130691 -0.0415827 0.0337244
20
1
-0.619306 10.3175 1.32634
0.0113247 -0.0376806 0.0356897
21
1
-0.639246 10.3927 1.26327
0.0105243 -0.0316748 0.0274193
22
1
-0.65751 10.4668 1.20415
0.0100088 -0.0442233 0.0288864
23
1
-0.669901 10.5399 1.14732
0.00318714 -0.0392426 0.0284117
24
1
-0.672984 10.6047 1.09586
-0.00313239 -0.0232255 0.0200298
25
1
-0.668274 10.6618 1.05123
-0.00318257 -0.0253783 0.0216337
26
1
-0.661764 10.7167 1.01028
-0.00228765 -0.0281203 0.0213026
27
1
-0.653978 10.7696 0.971781
-0.00464031 -0.0248465 0.0176673
28
1
-0.643044 10.8199 0.933885
-0.00769437 -0.0217433 0.0160321
29
1
-0.630072 10.8693 0.896393
-0.00921063 -0.0229088 0.0194723
30
1
-0.619423 10.9173 0.861657
-0.00660842 -0.0209371 0.0153963
31
1
-0.612973 10.9645 0.828793
-0.0032292 -0.0213274 0.0139718
32
1
-0.609496 11.0133 0.797092
-0.00148868 -0.0256756 0.0175009
33
1
-0.608877 11.0626 0.768608
6.34909e-005 -0.0278237 0.0160761
34
1
-0.611753 11.112 0.744429
0.00276089 -0.0268957 0.0122355
35
1
-0.617228 11.162 0.723405
0.00374083 -0.0252748 0.0105939
36
1
-0.624964 11.2109 0.706819
0.00282147 -0.0238943 0.00695039
37
1
-0.633944 11.2579 0.693821
0.0039643 -0.0242996 0.00341951
38
1
-0.645596 11.3033 0.683402
0.00644274 -0.0219589 0.00217766
39
1
-0.66093 11.346 0.675161
0.00711294 -0.0168972 0.00196401
40
1
-0.679662 11.3844 0.667821
0.00888164 -0.0162726 0.00163342
41
1
-0.701266 11.4201 0.659897
0.0126972 -0.0178092 0.00178682
42
1
-0.725541 11.4551 0.651197
0.0130359 -0.0166378 0.00314532
43
1
-0.751313 11.4894 0.640583
0.0120915 -0.0159562 0.0046023
44
1
-0.779046 11.5228 0.626605
0.0150367 -0.0179093 0.00677809
45
1
-0.809496 11.555 0.607675
0.0192767 -0.0170672 0.0109585
46
1
-0.842909 11.5852 0.584204
0.0182762 -0.0130988 0.0127623
47
1
-0.87752 11.6119 0.555831
0.0177907 -0.0122207 0.0138501
48
1
-0.912755 11.6363 0.522604
0.0201254 -0.0122556 0.0195377
49
1
-0.945917 11.6589 0.485515
0.0184074 -0.0106142 0.0213893
50
1
-0.975995 11.6802 0.445692
0.0150038 -0.00941393 0.0197896
51
1
-1.00254 11.7009 0.401335
0.0125768 -0.0103215 0.0240002
52
1
-1.02368 11.7205 0.35174
0.00848919 -0.0104452 0.0299492
53
1
-1.03965 11.7384 0.297526
0.00613426 -0.00843563 0.0328106
54
1
-1.05124 11.7533 0.239933
0.004664 -0.00706868 0.0334577
55
1
-1.05853 11.7646 0.179923
0.000817712 -0.00504078 0.0336163
56
1
-1.06217 11.7721 0.119947
0.000507854 -0.00320836 0.0321583
57
1
-1.06377 11.7762 0.0591755
0.000861666 -0.00114173 0.0303135
58
1
-1.06435 11.7776 4.72148e-007
2.24941e-008 1.46804e-008 0.0296578
59
1
-1.06377 11.7762 -0.0591746
-0.000861622 0.00114176 0.0303135
60
1
-1.06217 11.7721 -0.119947
-0.000507812 0.00320839 0.0321583
61
1
-1.05853 11.7646 -0.179923
-0.000817675 0.00504081 0.0336163
62
1
-1.05124 11.7533 -0.239932
-0.00466396 0.00706871 0.0334577
63
1
-1.03965 11.7384 -0.297525
-0.00613424 0.00843566 0.0328107
64
1
-1.02368 11.7205 -0.351739
-0.00848917 0.0104452 0.0299493
65
1
-1.00254 11.7009 -0.401334
-0.0125768 0.0103215 0.0240002
66
1
-0.975996 11.6802 -0.445691
-0.0150038 0.00941395 0.0197897
67
1
-0.945918 11.6589 -0.485514
-0.0184074 0.0106143 0.0213893
68
1
-0.912756 11.6363 -0.522603
-0.0201254 0.0122557 0.0195377
69
1
-0.87752 11.6119 -0.55583
-0.0177907 0.0122207 0.0138501
70
1
-0.842909 11.5852 -0.584204
-0.0182762 0.0130988 0.0127624
71
1
-0.809497 11.555 -0.607675
-0.0192767 0.0170672 0.0109586
72
1
-0.779046 11.5228 -0.626605
-0.0150367 0.0179093 0.00677811
73
1
-0.751313 11.4894 -0.640583
-0.0120915 0.0159562 0.00460231
74
1
-0.725541 11.4551 -0.651196
-0.0130359 0.0166378 0.00314533
75
1
-0.701267 11.4201 -0.659897
-0.0126972 0.0178092 0.00178683
76
1
-0.679662 11.3844 -0.667821
-0.00888165 0.0162726 0.00163342
77
1
-0.66093 11.346 -0.67516
-0.00711295 0.0168972 0.00196402
78
1
-0.645596 11.3033 -0.683402
-0.00644275 0.0219589 0.00217767
79
1
-0.633945 11.2579 -0.693821
-0.00396431 0.0242996 0.00341951
80
1
-0.624964 11.2109 -0.706819
-0.00282148 0.0238943 0.0069504
81
1
-0.617228 11.162 -0.723404
-0.00374083 0.0252748 0.0105939
82
1
-0.611754 11.112 -0.744429
-0.00276089 0.0268957 0.0122355
83
1
-0.608877 11.0626 -0.768608
-6.34882e-005 0.0278237 0.0160761
84
1
-0.609496 11.0133 -0.797092
0.00148868 0.0256756 0.0175009
85
1
-0.612973 10.9645 -0.828793
0.00322921 0.0213274 0.0139718
86
1
-0.619423 10.9173 -0.861657
0.00660842 0.020937 0.0153963
87
1
-0.630073 10.8693 -0.896393
0.00921064 0.0229088 0.0194723
88
1
-0.643044 10.8199 -0.933885
0.00769438 0.0217433 0.0160321
89
1
-0.653979 10.7696 -0.971781
0.00464032 0.0248464 0.0176673
90
1
-0.661765 10.7167 -1.01028
0.00228766 0.0281203 0.0213026
91
1
-0.668275 10.6618 -1.05123
0.00318258 0.0253783 0.0216337
92
1
-0.672984 10.6047 -1.09586
0.0031324 0.0232255 0.0200298
93
1
-0.669902 10.5399 -1.14732
-0.00318712 0.0392426 0.0284117
94
1
-0.65751 10.4668 -1.20415
-0.0100088 0.0442233 0.0288864
95
1
-0.639246 10.3927 -1.26327
-0.0105243 0.0316748 0.0274193
96
1
-0.619306 10.3175 -1.32634
-0.0113247 0.0376805 0.0356897
97
1
-0.596729 10.2429 -1.38866
-0.0130691 0.0415827 0.0337244
98
1
-0.566665 10.1671 -1.44815
-0.0157638 0.032974 0.028607
99
1
-0.52529 10.0893 -1.49884
-0.0206232 0.0403566 0.0242476
100
1
-0.467707 10.0056 -1.53723
-0.0323667 0.0478921 0.0194925
101
1
-0.40033 9.9282 -1.55406
-0.0368065 0.0321068 -0.00189092
102
1
-0.325431 9.85566 -1.5479
-0.0391413 0.0237392 -0.0112477
103
1
-0.236092 9.77314 -1.52219
-0.0348082 0.0409728 -0.0232982
104
1
-0.113094 9.63513 -1.50878
-0.039956 0.0553312 0.0173712
105
1
-0.170197 6.25877 -0.0578057
0.0432964 -0.0231663 0.00875167
106
1
-0.433706 12.6631 -0.0724389
-0.0352569 0.0383594 -0.00815292
107
1
0.433702 12.6632 -0.0724221
-0.0352483 -0.0383608 0.00813565
108
1
0.169934 6.25878 -0.0576898
0.0433458 0.023177 -0.00884289
109
1
0.113093 9.63512 -1.50878
-0.0399561 -0.0553311 -0.0173712
110
1
0.236091 9.77314 -1.52219
-0.0348084 -0.0409728 0.0232982
111
1
0.325431 9.85566 -1.5479
-0.0391414 -0.0237392 0.0112477
112
1
0.40033 9.9282 -1.55406
-0.0368066 -0.0321068 0.0018909
113
1
0.467706 10.0056 -1.53723
-0.0323667 -0.0478922 -0.0194926
114
1
0.52529 10.0893 -1.49884
-0.0206232 -0.0403566 -0.0242476
115
1
0.566664 10.1671 -1.44815
-0.0157638 -0.032974 -0.028607
116
1
0.596729 10.2429 -1.38866
-0.0130691 -0.0415827 -0.0337244
117
1
0.619306 10.3175 -1.32634
-0.0113247 -0.0376806 -0.0356897
118
1
0.639246 10.3927 -1.26327
-0.0105243 -0.0316748 -0.0274193
119
1
0.65751 10.4668 -1.20415
-0.0100088 -0.0442233 -0.0288864
120
1
0.669901 10.5399 -1.14732
-0.00318714 -0.0392426 -0.0284117
121
1
0.672984 10.6047 -1.09586
0.00313239 -0.0232255 -0.0200298
122
1
0.668274 10.6618 -1.05123
0.00318257 -0.0253783 -0.0216337
123
1
0.661764 10.7167 -1.01028
0.00228765 -0.0281203 -0.0213026
124
1
0.653978 10.7696 -0.971781
0.00464031 -0.0248465 -0.0176673
125
1
0.643044 10.8199 -0.933885
0.00769437 -0.0217433 -0.0160321
126
1
0.630072 10.8693 -0.896393
0.00921063 -0.0229088 -0.0194723
127
1
0.619423 10.9173 -0.861657
0.00660842 -0.0209371 -0.0153963
128
1
0.612973 10.9645 -0.828793
0.0032292 -0.0213274 -0.0139718
129
1
0.609496 11.0133 -0.797092
0.00148868 -0.0256756 -0.0175009
130
1
0.608877 11.0626 -0.768608
-6.34909e-005 -0.0278237 -0.0160761
131
1
0.611753 11.112 -0.744429
-0.00276089 -0.0268957 -0.0122355
132
1
0.617228 11.162 -0.723405
-0.00374083 -0.0252748 -0.0105939
133
1
0.624964 11.2109 -0.706819
-0.00282147 -0.0238943 -0.00695039
134
1
0.633944 11.2579 -0.693821
-0.0039643 -0.0242996 -0.00341951
135
1
0.645596 11.3033 -0.683402
-0.00644274 -0.0219589 -0.00217767
136
1
0.66093 11.346 -0.675161
-0.00711294 -0.0168972 -0.00196401
137
1
0.679662 11.3844 -0.667821
-0.00888164 -0.0162726 -0.00163342
138
1
0.701266 11.4201 -0.659897
-0.0126972 -0.0178092 -0.00178682
139
1
0.725541 11.4551 -0.651197
-0.0130359 -0.0166378 -0.00314532
140
1
0.751313 11.4894 -0.640583
-0.0120915 -0.0159562 -0.0046023
141
1
0.779046 11.5228 -0.626605
-0.0150367 -0.0179093 -0.00677809
142
1
0.809496 11.555 -0.607675
-0.0192767 -0.0170672 -0.0109585
143
1
0.842909 11.5852 -0.584204
-0.0182762 -0.0130988 -0.0127623
144
1
0.87752 11.6119 -0.555831
-0.0177907 -0.0122207 -0.0138501
145
1
0.912755 11.6363 -0.522604
-0.0201254 -0.0122557 -0.0195377
146
1
0.945917 11.6589 -0.485515
-0.0184074 -0.0106142 -0.0213893
147
1
0.975995 11.6802 -0.445692
-0.0150038 -0.00941393 -0.0197896
148
1
1.00254 11.7009 -0.401335
-0.0125768 -0.0103215 -0.0240002
149
1
1.02368 11.7205 -0.35174
-0.00848919 -0.0104452 -0.0299492
150
1
1.03965 11.7384 -0.297526
-0.00613426 -0.00843563 -0.0328106
151
1
1.05124 11.7533 -0.239933
-0.004664 -0.00706868 -0.0334577
152
1
1.05853 11.7646 -0.179923
-0.000817712 -0.00504078 -0.0336163
153
1
1.06217 11.7721 -0.119947
-0.000507854 -0.00320836 -0.0321583
154
1
1.06377 11.7762 -0.0591755
-0.000861666 -0.00114173 -0.0303135
155
1
1.06435 11.7776 -4.71656e-007
-2.25319e-008 1.44387e-008 -0.0296578
156
1
1.06377 11.7762 0.0591746
0.000861622 0.00114176 -0.0303135
157
1
1.06217 11.7721 0.119947
0.000507812 0.00320839 -0.0321583
158
1
1.05853 11.7646 0.179923
0.000817675 0.00504081 -0.0336163
159
1
1.05124 11.7533 0.239932
0.00466396 0.00706871 -0.0334577
160
1
1.03965 11.7384 0.297525
0.00613424 0.00843566 -0.0328107
161
1
1.02368 11.7205 0.351739
0.00848917 0.0104452 -0.0299493
162
1
1.00254 11.7009 0.401334
0.0125768 0.0103215 -0.0240002
163
1
0.975996 11.6802 0.445691
0.0150038 0.00941395 -0.0197897
164
1
0.945918 11.6589 0.485514
0.0184074 0.0106143 -0.0213893
165
1
0.912756 11.6363 0.522603
0.0201254 0.0122557 -0.0195377
166
1
0.87752 11.6119 0.55583
0.0177907 0.0122207 -0.0138501
167
1
0.842909 11.5852 0.584204
0.0182762 0.0130988 -0.0127624
168
1
0.809497 11.555 0.607675
0.0192767 0.0170672 -0.0109586
169
1
0.779046 11.5228 0.626605
0.0150367 0.0179093 -0.00677811
170
1
0.751313 11.4894 0.640583
0.0120915 0.0159562 -0.00460231
171
1
0.725541 11.4551 0.651196
0.0130359 0.0166378 -0.00314533
172
1
0.701267 11.4201 0.659897
0.0126972 0.0178092 -0.00178683
173
1
0.679662 11.3844 0.667821
0.00888165 0.0162726 -0.00163342
174
1
0.66093 11.346 0.67516
0.00711295 0.0168972 -0.00196402
175
1
0.645596 11.3033 0.683402
0.00644275 0.0219589 -0.00217767
176
1
0.633945 11.2579 0.693821
0.00396431 0.0242996 -0.00341951
177
1
0.624964 11.2109 0.706819
0.00282148 0.0238943 -0.0069504
178
1
0.617228 11.162 0.723404
0.00374083 0.0252748 -0.0105939
179
1
0.611754 11.112 0.744429
0.00276089 0.0268957 -0.0122355
180
1
0.608877 11.0626 0.768608
6.34883e-005 0.0278237 -0.0160761
181
1
0.609496 11.0133 0.797092
-0.00148868 0.0256756 -0.0175009
182
1
0.612973 10.9645 0.828793
-0.00322921 0.0213274 -0.0139718
183
1
0.619423 10.9173 0.861657
-0.00660842 0.020937 -0.0153963
184
1
0.630073 10.8693 0.896393
-0.00921064 0.0229088 -0.0194723
185
1
0.643044 10.8199 0.933885
-0.00769438 0.0217433 -0.0160321
186
1
0.653979 10.7696 0.971781
-0.00464032 0.0248464 -0.0176673
187
1
0.661765 10.7167 1.01028
-0.00228766 0.0281203 -0.0213026
188
1
0.668275 10.6618 1.05123
-0.00318258 0.0253783 -0.0216337
189
1
0.672984 10.6047 1.09586
-0.0031324 0.0232255 -0.0200298
190
1
0.669902 10.5399 1.14732
0.00318712 0.0392426 -0.0284117
191
1
0.65751 10.4668 1.20415
0.0100088 0.0442233 -0.0288864
192
1
0.639246 10.3927 1.26327
0.0105243 0.0316748 -0.0274193
193
1
0.619306 10.3175 1.32634
0.0113247 0.0376805 -0.0356897
