194
0
1
1.45695 7.63892 0.711695
0.0458524 0.0276522 0.0103749
1
1
1.36521 7.58741 0.687114
0.0452495 0.0287783 0.0129275
2
1
1.26662 7.53272 0.654793
0.0503471 0.0297332 0.0195998
3
1
1.16105 7.47969 0.614368
0.05394 0.0261755 0.0231397
4
1
1.0453 7.43251 0.561078
0.0592042 0.0208054 0.0286848
5
1
0.922505 7.38908 0.486086
0.0636642 0.0204897 0.0399752
6
1
0.786484 7.34356 0.382736
0.0570615 0.0207433 0.0484558
7
1
0.64453 7.29091 0.203594
0.0328923 0.0133963 0.0692324
8
1
0.263725 5.94836 0.0719097
-0.0316783 -0.0300604 -0.0116214
9
1
0.0478722 10.1372 0.756626
0.000777622 -0.00959436 -0.0773252
10
1
-0.0478722 10.1372 0.756626
0.000777622 0.00959436 0.0773252
11
1
-0.263725 5.94836 0.0719096
-0.0316784 0.0300604 0.0116214
12
1
-0.64453 7.29091 0.203594
0.0328923 -0.0133963 -0.0692324
13
1
-0.786484 7.34356 0.382736
0.0570615 -0.0207433 -0.0484558
14
1
-0.922505 7.38908 0.486086
0.0636642 -0.0204897 -0.0399752
15
1
-1.0453 7.43251 0.561078
0.0592042 -0.0208054 -0.0286848
16
1
-1.16105 7.47969 0.614368
0.05394 -0.0261755 -0.0231397
17
1
-1.26662 7.53272 0.654793
0.0503471 -0.0297332 -0.0195998
18
1
-1.36521 7.58741 0.687114
0.0452495 -0.0287783 -0.0129275
19
1
-1.45695 7.63892 0.711695
0.0458524 -0.0276522 -0.0103749
20
1
-1.54143 7.68566 0.732283
0.0396465 -0.0225554 -0.0106764
21
1
-1.62038 7.72663 0.751486
0.0375849 -0.0185196 -0.00891713
22
1
-1.69447 7.76129 0.769049
0.0374184 -0.0164334 -0.00740579
23
1
-1.76676 7.79117 0.785916
0.0345005 -0.0138486 -0.00714134
24
1
-1.83684 7.81652 0.801656
0.0338896 -0.0121984 -0.00696034
25
1
-1.90434 7.83759 0.815013
0.0335876 -0.010893 -0.00589281
26
1
-1.96969 7.85459 0.825768
0.0305578 -0.00782097 -0.00473855
27
1
-2.03248 7.8672 0.833935
0.0295687 -0.00514273 -0.0038055
28
1
-2.09366 7.8757 0.83945
0.0306119 -0.00371933 -0.00273262
29
1
-2.15421 7.88084 0.841964
0.0302808 -0.00233598 -0.000956747
30
1
-2.21358 7.88298 0.841198
0.029531 -0.000351826 0.000720303
31
1
-2.27194 7.88203 0.837286
0.0293027 0.00132984 0.00221415
32
1
-2.3292 7.87837 0.830608
0.0286115 0.00257441 0.0036865
33
1
-2.38467 7.87254 0.821422
0.0281177 0.00378813 0.00477841
34
1
-2.43818 7.86443 0.809736
0.0272534 0.00479301 0.00580979
35
1
-2.48929 7.85363 0.795567
0.0246131 0.00582354 0.00741284
36
1
-2.53746 7.8405 0.779009
0.0226239 0.00706554 0.00895112
37
1
-2.58339 7.8252 0.759267
0.0224746 0.00807601 0.0103495
38
1
-2.62769 7.80765 0.736258
0.0216387 0.00930994 0.0121435
39
1
-2.6703 7.78797 0.710524
0.0197315 0.0108281 0.0140097
40
1
-2.71057 7.76635 0.682215
0.0190915 0.0118622 0.0156449
41
1
-2.7484 7.74301 0.651577
0.0186222 0.0123527 0.0167264
42
1
-2.78417 7.71794 0.619595
0.0169924 0.0132262 0.0170041
43
1
-2.81809 7.69128 0.586305
0.0162376 0.01447 0.0174669
44
1
-2.85096 7.6633 0.551233
0.0163578 0.0149627 0.0185534
45
1
-2.88342 7.63416 0.513986
0.0158577 0.0153063 0.0195204
46
1
-2.91495 7.60349 0.474727
0.0160044 0.0167164 0.0202334
47
1
-2.94512 7.57165 0.433835
0.0165733 0.0172886 0.0216176
48
1
-2.97307 7.53949 0.392061
0.0155146 0.0169157 0.0229539
49
1
-2.99679 7.50774 0.350126
0.0125489 0.0175033 0.022709
50
1
-3.01549 7.47638 0.308985
0.00844178 0.0174473 0.0206967
51
1
-3.02925 7.44572 0.269146
0.00543323 0.0164891 0.0190375
52
1
-3.03908 7.41637 0.230268
0.00396732 0.0158911 0.0186185
53
1
-3.04587 7.38908 0.191933
0.00246467 0.015139 0.018542
54
1
-3.04982 7.3652 0.153803
0.000538637 0.0132496 0.018459
55
1
-3.05193 7.3462 0.115683
-0.000759273 0.00990769 0.0186685
56
1
-3.0528 7.3329 0.0774508
-0.000963742 0.00609289 0.0191043
57
1
-3.05321 7.3255 0.0388305
-0.000713916 0.00256501 0.019328
58
1
-3.0534 7.32294 6.99426e-010
2.54252e-012 -3.32018e-012 0.0193747
59
1
-3.05321 7.3255 -0.0388305
0.000713916 -0.00256501 0.019328
60
1
-3.0528 7.3329 -0.0774508
0.000963742 -0.00609289 0.0191043
61
1
-3.05193 7.3462 -0.115683
0.000759273 -0.00990769 0.0186685
62
1
-3.04982 7.3652 -0.153803
-0.000538637 -0.0132496 0.018459
63
1
-3.04587 7.38908 -0.191933
-0.00246467 -0.015139 0.018542
64
1
-3.03908 7.41637 -0.230268
-0.00396732 -0.0158911 0.0186185
65
1
-3.02925 7.44572 -0.269146
-0.00543323 -0.0164891 0.0190375
66
1
-3.01549 7.47638 -0.308985
-0.00844178 -0.0174473 0.0206967
67
1
-2.99679 7.50774 -0.350126
-0.0125489 -0.0175033 0.022709
68
1
-2.97307 7.53949 -0.392061
-0.0155146 -0.0169157 0.0229539
69
1
-2.94512 7.57165 -0.433835
-0.0165733 -0.0172886 0.0216176
70
1
-2.91495 7.60349 -0.474727
-0.0160044 -0.0167164 0.0202334
71
1
-2.88342 7.63416 -0.513986
-0.0158577 -0.0153063 0.0195204
72
1
-2.85096 7.6633 -0.551233
-0.0163578 -0.0149627 0.0185534
73
1
-2.81809 7.69128 -0.586305
-0.0162376 -0.01447 0.0174669
74
1
-2.78417 7.71794 -0.619595
-0.0169924 -0.0132262 0.0170041
75
1
-2.7484 7.74301 -0.651577
-0.0186222 -0.0123527 0.0167264
76
1
-2.71057 7.76635 -0.682215
-0.0190915 -0.0118622 0.0156449
77
1
-2.6703 7.78797 -0.710524
-0.0197315 -0.0108281 0.0140097
78
1
-2.62769 7.80765 -0.736258
-0.0216387 -0.00930994 0.0121435
79
1
-2.58339 7.8252 -0.759267
-0.0224746 -0.00807601 0.0103495
80
1
-2.53746 7.8405 -0.779009
-0.0226239 -0.00706554 0.00895112
81
1
-2.48929 7.85363 -0.795567
-0.0246131 -0.00582354 0.00741284
82
1
-2.43818 7.86443 -0.809736
-0.0272534 -0.00479301 0.00580979
83
1
-2.38467 7.87254 -0.821422
-0.0281177 -0.00378813 0.00477841
84
1
-2.3292 7.87837 -0.830608
-0.0286115 -0.00257441 0.0036865
85
1
-2.27194 7.88203 -0.837286
-0.0293027 -0.00132984 0.00221415
86
1
-2.21358 7.88298 -0.841198
-0.029531 0.000351826 0.000720303
87
1
-2.15421 7.88084 -0.841964
-0.0302808 0.00233598 -0.000956747
88
1
-2.09366 7.8757 -0.83945
-0.0306119 0.00371933 -0.00273262
89
1
-2.03248 7.8672 -0.833935
-0.0295687 0.00514273 -0.0038055
90
1
-1.96969 7.85459 -0.825768
-0.0305578 0.00782097 -0.00473855
91
1
-1.90434 7.83759 -0.815013
-0.0335876 0.010893 -0.00589281
92
1
-1.83684 7.81652 -0.801656
-0.0338896 0.0121984 -0.00696034
93
1
-1.76676 7.79117 -0.785916
-0.0345005 0.0138486 -0.00714134
94
1
-1.69447 7.76129 -0.769049
-0.0374184 0.0164334 -0.00740579
95
1
-1.62038 7.72663 -0.751486
-0.0375849 0.0185196 -0.00891713
96
1
-1.54143 7.68566 -0.732283
-0.0396465 0.0225554 -0.0106764
97
1
-1.45695 7.63892 -0.711695
-0.0458524 0.0276522 -0.0103749
98
1
-1.36521 7.58741 -0.687114
-0.0452495 0.0287783 -0.0129275
99
1
-1.26662 7.53272 -0.654793
-0.0503471 0.0297332 -0.0195998
100
1
-1.16105 7.47969 -0.614368
-0.05394 0.0261755 -0.0231397
101
1
-1.0453 7.43251 -0.561078
-0.0592042 0.0208054 -0.0286848
102
1
-0.922505 7.38908 -0.486086
-0.0636642 0.0204897 -0.0399752
103
1
-0.786484 7.34356 -0.382736
-0.0570615 0.0207433 -0.0484558
104
1
-0.64453 7.29091 -0.203594
-0.0328923 0.0133963 -0.0692324
105
1
-0.263725 5.94836 -0.0719097
0.0316783 -0.0300604 0.0116214
106
1
-0.0478722 10.1372 -0.756626
-0.000777622 -0.00959436 0.0773252
107
1
0.0478722 10.1372 -0.756626
-0.000777622 0.00959436 -0.0773252
108
1
0.263725 5.94836 -0.0719096
0.0316784 0.0300603 -0.0116214
109
1
0.64453 7.29091 -0.203595
-0.0328923 -0.0133963 0.0692324
110
1
0.786484 7.34356 -0.382736
-0.0570615 -0.0207433 0.0484558
111
1
0.922505 7.38908 -0.486086
-0.0636642 -0.0204897 0.0399752
112
1
1.0453 7.43251 -0.561078
-0.0592042 -0.0208054 0.0286848
113
1
1.16105 7.47969 -0.614368
-0.05394 -0.0261755 0.0231397
114
1
1.26662 7.53272 -0.654793
-0.0503471 -0.0297332 0.0195998
115
1
1.36521 7.58741 -0.687114
-0.0452495 -0.0287783 0.0129275
116
1
1.45695 7.63892 -0.711695
-0.0458524 -0.0276522 0.0103749
117
1
1.54143 7.68566 -0.732283
-0.0396465 -0.0225554 0.0106764
118
1
1.62038 7.72663 -0.751486
-0.0375849 -0.0185196 0.00891713
119
1
1.69447 7.76129 -0.769049
-0.0374184 -0.0164334 0.00740579
120
1
1.76676 7.79117 -0.785916
-0.0345005 -0.0138486 0.00714134
121
1
1.83684 7.81652 -0.801656
-0.0338896 -0.0121984 0.00696034
122
1
1.90434 7.83759 -0.815013
-0.0335876 -0.010893 0.00589281
123
1
1.96969 7.85459 -0.825768
-0.0305578 -0.00782097 0.00473855
124
1
2.03248 7.8672 -0.833935
-0.0295687 -0.00514273 0.0038055
125
1
2.09366 7.8757 -0.83945
-0.0306119 -0.00371933 0.00273262
126
1
2.15421 7.88084 -0.841964
-0.0302808 -0.00233598 0.000956747
127
1
2.21358 7.88298 -0.841198
-0.029531 -0.000351826 -0.000720303
128
1
2.27194 7.88203 -0.837286
-0.0293027 0.00132984 -0.00221415
129
1
2.3292 7.87837 -0.830608
-0.0286115 0.00257441 -0.0036865
130
1
2.38467 7.87254 -0.821422
-0.0281177 0.00378813 -0.00477841
131
1
2.43818 7.86443 -0.809736
-0.0272534 0.00479301 -0.00580979
132
1
2.48929 7.85363 -0.795567
-0.0246131 0.00582354 -0.00741284
133
1
2.53746 7.8405 -0.779009
-0.0226239 0.00706554 -0.00895112
134
1
2.58339 7.8252 -0.759267
-0.0224746 0.00807601 -0.0103495
135
1
2.62769 7.80765 -0.736258
-0.0216387 0.00930994 -0.0121435
136
1
2.6703 7.78797 -0.710524
-0.0197315 0.0108281 -0.0140097
137
1
2.71057 7.76635 -0.682215
-0.0190915 0.0118622 -0.0156449
138
1
2.7484 7.74301 -0.651577
-0.0186222 0.0123527 -0.0167264
139
1
2.78417 7.71794 -0.619595
-0.0169924 0.0132262 -0.0170041
140
1
2.81809 7.69128 -0.586305
-0.0162376 0.01447 -0.0174669
141
1
2.85096 7.6633 -0.551233
-0.0163578 0.0149627 -0.0185534
142
1
2.88342 7.63416 -0.513986
-0.0158577 0.0153063 -0.0195204
143
1
2.91495 7.60349 -0.474727
-0.0160044 0.0167164 -0.0202334
144
1
2.94512 7.57165 -0.433835
-0.0165733 0.0172886 -0.0216176
145
1
2.97307 7.53949 -0.392061
-0.0155146 0.0169157 -0.0229539
146
1
2.99679 7.50774 -0.350126
-0.0125489 0.0175033 -0.022709
147
1
3.01549 7.47638 -0.308985
-0.00844178 0.0174473 -0.0206967
148
1
3.02925 7.44572 -0.269146
-0.00543323 0.0164891 -0.0190375
149
1
3.03908 7.41637 -0.230268
-0.00396732 0.0158911 -0.0186185
150
1
3.04587 7.38908 -0.191933
-0.00246467 0.015139 -0.018542
151
1
3.04982 7.3652 -0.153803
-0.000538637 0.0132496 -0.018459
152
1
3.05193 7.3462 -0.115683
0.000759273 0.00990769 -0.0186685
153
1
3.0528 7.3329 -0.0774508
0.000963742 0.00609289 -0.0191043
154
1
3.05321 7.3255 -0.0388305
0.000713916 0.00256501 -0.019328
155
1
3.0534 7.32294 -8.01621e-010
-2.70582e-012 -5.13116e-012 -0.0193747
156
1
3.05321 7.3255 0.0388305
-0.000713916 -0.00256501 -0.019328
157
1
3.0528 7.3329 0.0774508
-0.000963742 -0.00609289 -0.0191043
158
1
3.05193 7.3462 0.115683
-0.000759273 -0.00990769 -0.0186685
159
1
3.04982 7.3652 0.153803
0.000538637 -0.0132496 -0.018459
160
1
3.04587 7.38908 0.191933
0.00246467 -0.015139 -0.018542
161
1
3.03908 7.41637 0.230268
0.00396732 -0.0158911 -0.0186185
162
1
3.02925 7.44572 0.269146
0.00543323 -0.0164891 -0.0190375
163
1
3.01549 7.47638 0.308985
0.00844178 -0.0174473 -0.0206967
164
1
2.99679 7.50774 0.350126
0.0125489 -0.0175033 -0.022709
165
1
2.97307 7.53949 0.392061
0.0155146 -0.0169157 -0.0229539
166
1
2.94512 7.57165 0.433835
0.0165733 -0.0172886 -0.0216176
167
1
2.91495 7.60349 0.474727
0.0160044 -0.0167164 -0.0202334
168
1
2.88342 7.63416 0.513986
0.0158577 -0.0153063 -0.0195204
169
1
2.85096 7.6633 0.551233
0.0163578 -0.0149627 -0.0185534
170
1
2.81809 7.69128 0.586305
0.0162376 -0.01447 -0.0174669
171
1
2.78417 7.71794 0.619595
0.0169924 -0.0132262 -0.0170041
172
1
2.7484 7.74301 0.651577
0.0186222 -0.0123527 -0.0167264
173
1
2.71057 7.76635 0.682215
0.0190915 -0.0118622 -0.0156449
174
1
2.6703 7.78797 0.710524
0.0197315 -0.0108281 -0.0140097
175
1
2.62769 7.80765 0.736258
0.0216387 -0.00930994 -0.0121435
176
1
2.58339 7.8252 0.759267
0.0224746 -0.00807601 -0.0103495
177
1
2.53746 7.8405 0.779009
0.0226239 -0.00706554 -0.00895112
178
1
2.48929 7.85363 0.795567
0.0246131 -0.00582354 -0.00741284
179
1
2.43818 7.86443 0.809736
0.0272534 -0.00479301 -0.00580979
180
1
2.38467 7.87254 0.821422
0.0281177 -0.00378813 -0.00477841
181
1
2.3292 7.87837 0.830608
0.0286115 -0.00257441 -0.0036865
182
1
2.27194 7.88203 0.837286
0.0293027 -0.00132984 -0.00221415
183
1
2.21358 7.88298 0.841198
0.029531 0.000351826 -0.000720303
184
1
2.15421 7.88084 0.841964
0.0302808 0.00233598 0.000956747
185
1
2.09366 7.8757 0.83945
0.0306119 0.00371933 0.00273262
186
1
2.03248 7.8672 0.833935
0.0295687 0.00514273 0.0038055
187
1
1.96969 7.85459 0.825768
0.0305578 0.00782097 0.00473855
188
1
1.90434 7.83759 0.815013
0.0335876 0.010893 0.00589281
189
1
1.83684 7.81652 0.801656
0.0338896 0.0121984 0.00696034
190
1
1.76676 7.79117 0.785916
0.0345005 0.0138486 0.00714134
191
1
1.69447 7.76129 0.769049
0.0374184 0.0164334 0.00740579
192
1
1.62038 7.72663 0.751486
0.0375849 0.0185196 0.00891713
193
1
1.54143 7.68566 0.732283
0.0396465 0.0225554 0.0106764
