194
0
1
1.4884 7.32777 0.803987
0.0374459 0.0231966 0.0272497
1
1
1.41187 7.28455 0.747409
0.0381044 0.0245952 0.0290548
2
1
1.32802 7.23557 0.68478
0.0457762 0.0265461 0.0308154
3
1
1.23741 7.17994 0.621381
0.0479425 0.029727 0.0296025
4
1
1.13692 7.11794 0.557692
0.0512302 0.0329191 0.0295112
5
1
1.02621 7.05414 0.4843
0.057955 0.0333963 0.0399719
6
1
0.906841 6.98442 0.377584
0.0501124 0.0244007 0.053846
7
1
0.764269 6.92888 0.196606
0.0416083 0.00928023 0.0652125
8
1
0.204977 6.31514 0.0766923
-0.033278 0.0226305 -0.0125389
9
1
0.0480563 9.55753 0.786944
0.000814707 -0.004016 -0.0778143
10
1
-0.0480563 9.55753 0.786944
0.000814707 0.004016 0.0778143
11
1
-0.204977 6.31514 0.0766921
-0.033278 -0.0226305 0.0125389
12
1
-0.764269 6.92888 0.196606
0.0416083 -0.00928023 -0.0652124
13
1
-0.906841 6.98442 0.377584
0.0501124 -0.0244007 -0.053846
14
1
-1.02621 7.05414 0.4843
0.057955 -0.0333963 -0.0399719
15
1
-1.13692 7.11794 0.557692
0.0512302 -0.0329191 -0.0295112
16
1
-1.23741 7.17994 0.621381
0.0479425 -0.029727 -0.0296025
17
1
-1.32802 7.23557 0.68478
0.0457762 -0.0265461 -0.0308154
18
1
-1.41187 7.28455 0.747409
0.0381044 -0.0245952 -0.0290548
19
1
-1.4884 7.32777 0.803987
0.0374459 -0.0231966 -0.0272497
20
1
-1.55954 7.36556 0.853088
0.0341472 -0.0175567 -0.0235103
21
1
-1.6273 7.39738 0.895456
0.0323565 -0.0146738 -0.0189892
22
1
-1.69201 7.42288 0.930416
0.0318077 -0.0127099 -0.0166359
23
1
-1.75618 7.44268 0.960167
0.0303085 -0.00857427 -0.014455
24
1
-1.81967 7.45687 0.98511
0.0310396 -0.00498824 -0.0126369
25
1
-1.88185 7.4663 1.00555
0.031192 -0.00292756 -0.0105725
26
1
-1.94273 7.47204 1.0219
0.0287134 -0.000959409 -0.00745207
27
1
-2.00165 7.47434 1.03419
0.0281206 0.000715614 -0.00480528
28
1
-2.05933 7.47342 1.04291
0.0291179 0.00175314 -0.00341251
29
1
-2.11648 7.46993 1.04816
0.0286202 0.00242903 -0.00189687
30
1
-2.17248 7.46428 1.04965
0.0277722 0.00343405 -7.10326e-005
31
1
-2.22727 7.45641 1.04759
0.027392 0.00434996 0.0019436
32
1
-2.28077 7.44658 1.042
0.0265093 0.00530267 0.00415246
33
1
-2.3324 7.435 1.03278
0.0258116 0.00673747 0.00592422
34
1
-2.38206 7.42157 1.02017
0.0249369 0.00765103 0.00727995
35
1
-2.42956 7.40654 1.00466
0.0227331 0.007619 0.00896423
36
1
-2.47452 7.39071 0.986297
0.0211893 0.00781809 0.0102375
37
1
-2.5175 7.37392 0.964941
0.0213086 0.00833244 0.0110368
38
1
-2.55908 7.3562 0.940647
0.0208613 0.00881994 0.0122891
39
1
-2.59904 7.33805 0.913712
0.0193054 0.00931251 0.0137963
40
1
-2.63623 7.31899 0.884455
0.0187126 0.0099314 0.0149321
41
1
-2.66972 7.29854 0.853025
0.0177436 0.0104281 0.0157636
42
1
-2.69945 7.27707 0.819705
0.0147445 0.0110453 0.0168087
43
1
-2.72515 7.25449 0.784366
0.012309 0.0119097 0.0182478
44
1
-2.74688 7.23095 0.746376
0.0107275 0.0122698 0.0197689
45
1
-2.76432 7.20648 0.705196
0.00753719 0.0126096 0.0214928
46
1
-2.77711 7.18045 0.661263
0.00369896 0.0141091 0.0232021
47
1
-2.78513 7.15341 0.614777
0.00101997 0.0152118 0.0243781
48
1
-2.78881 7.12722 0.565839
-0.00100401 0.0146949 0.0256155
49
1
-2.78863 7.10333 0.514897
-0.00260634 0.0131016 0.0271869
50
1
-2.78585 7.08337 0.462137
-0.00331465 0.0100075 0.0279386
51
1
-2.78174 7.06782 0.407944
-0.00309743 0.00675908 0.0283517
52
1
-2.77706 7.05652 0.352284
-0.0026671 0.00455028 0.0289156
53
1
-2.77233 7.04874 0.295347
-0.00270313 0.00279202 0.0293803
54
1
-2.76781 7.04362 0.237546
-0.00262764 0.00110231 0.0297727
55
1
-2.76412 7.04093 0.179017
-0.00151971 -0.000199451 0.0303441
56
1
-2.76192 7.03988 0.119902
5.55019e-006 -0.000583504 0.0307719
57
1
-2.7609 7.03986 0.0601305
0.000401794 -0.000448857 0.0306702
58
1
-2.76078 7.04002 2.57235e-010
2.82289e-012 -4.14348e-012 0.0304765
59
1
-2.7609 7.03986 -0.0601305
-0.000401794 0.000448857 0.0306702
60
1
-2.76192 7.03988 -0.119902
-5.55018e-006 0.000583504 0.0307719
61
1
-2.76412 7.04093 -0.179017
0.00151971 0.000199451 0.0303441
62
1
-2.76781 7.04362 -0.237546
0.00262764 -0.00110231 0.0297727
63
1
-2.77233 7.04874 -0.295347
0.00270313 -0.00279202 0.0293803
64
1
-2.77706 7.05652 -0.352284
0.0026671 -0.00455028 0.0289156
65
1
-2.78174 7.06782 -0.407944
0.00309743 -0.00675908 0.0283517
66
1
-2.78585 7.08337 -0.462137
0.00331465 -0.0100075 0.0279386
67
1
-2.78863 7.10333 -0.514897
0.00260634 -0.0131016 0.0271869
68
1
-2.78881 7.12722 -0.565839
0.00100401 -0.0146949 0.0256155
69
1
-2.78513 7.15341 -0.614777
-0.00101997 -0.0152118 0.0243781
70
1
-2.77711 7.18045 -0.661263
-0.00369896 -0.0141091 0.0232021
71
1
-2.76432 7.20648 -0.705196
-0.00753719 -0.0126096 0.0214928
72
1
-2.74688 7.23095 -0.746376
-0.0107275 -0.0122698 0.0197689
73
1
-2.72515 7.25449 -0.784366
-0.012309 -0.0119097 0.0182478
74
1
-2.69945 7.27707 -0.819705
-0.0147445 -0.0110453 0.0168087
75
1
-2.66972 7.29854 -0.853025
-0.0177436 -0.0104281 0.0157636
76
1
-2.63623 7.31899 -0.884455
-0.0187126 -0.00993141 0.0149321
77
1
-2.59904 7.33805 -0.913712
-0.0193054 -0.00931251 0.0137963
78
1
-2.55908 7.3562 -0.940647
-0.0208613 -0.00881994 0.0122891
79
1
-2.5175 7.37392 -0.964941
-0.0213086 -0.00833244 0.0110368
80
1
-2.47452 7.39071 -0.986297
-0.0211893 -0.00781809 0.0102375
81
1
-2.42956 7.40654 -1.00466
-0.0227331 -0.007619 0.00896423
82
1
-2.38206 7.42157 -1.02017
-0.0249369 -0.00765103 0.00727995
83
1
-2.3324 7.435 -1.03278
-0.0258116 -0.00673747 0.00592422
84
1
-2.28077 7.44658 -1.042
-0.0265093 -0.00530267 0.00415246
85
1
-2.22727 7.45641 -1.04759
-0.027392 -0.00434996 0.0019436
86
1
-2.17248 7.46428 -1.04965
-0.0277722 -0.00343405 -7.10327e-005
87
1
-2.11648 7.46993 -1.04816
-0.0286202 -0.00242903 -0.00189687
88
1
-2.05933 7.47342 -1.04291
-0.0291179 -0.00175314 -0.00341251
89
1
-2.00165 7.47434 -1.03419
-0.0281206 -0.000715614 -0.00480528
90
1
-1.94273 7.47204 -1.0219
-0.0287134 0.000959409 -0.00745207
91
1
-1.88185 7.4663 -1.00555
-0.031192 0.00292756 -0.0105725
92
1
-1.81967 7.45687 -0.98511
-0.0310396 0.00498824 -0.0126369
93
1
-1.75618 7.44268 -0.960167
-0.0303085 0.00857427 -0.014455
94
1
-1.69201 7.42288 -0.930416
-0.0318077 0.0127099 -0.0166359
95
1
-1.6273 7.39738 -0.895456
-0.0323565 0.0146738 -0.0189892
96
1
-1.55954 7.36556 -0.853088
-0.0341472 0.0175567 -0.0235103
97
1
-1.4884 7.32777 -0.803987
-0.0374459 0.0231966 -0.0272497
98
1
-1.41187 7.28455 -0.747409
-0.0381044 0.0245952 -0.0290548
99
1
-1.32802 7.23557 -0.68478
-0.0457762 0.0265461 -0.0308154
100
1
-1.23741 7.17994 -0.621381
-0.0479425 0.029727 -0.0296025
101
1
-1.13692 7.11794 -0.557692
-0.0512302 0.0329191 -0.0295112
102
1
-1.02621 7.05414 -0.4843
-0.057955 0.0333963 -0.0399719
103
1
-0.906841 6.98442 -0.377584
-0.0501124 0.0244007 -0.053846
104
1
-0.764269 6.92888 -0.196606
-0.0416083 0.00928023 -0.0652125
105
1
-0.204977 6.31514 -0.0766923
0.033278 0.0226305 0.0125389
106
1
-0.0480563 9.55753 -0.786944
-0.000814707 -0.004016 0.0778143
107
1
0.0480563 9.55753 -0.786944
-0.000814707 0.004016 -0.0778143
108
1
0.204977 6.31514 -0.0766921
0.033278 -0.0226305 -0.0125389
109
1
0.764269 6.92888 -0.196606
-0.0416083 -0.00928023 0.0652124
110
1
0.906841 6.98442 -0.377584
-0.0501124 -0.0244007 0.053846
111
1
1.02621 7.05414 -0.4843
-0.057955 -0.0333963 0.0399719
112
1
1.13692 7.11794 -0.557692
-0.0512302 -0.0329191 0.0295112
113
1
1.23741 7.17994 -0.621381
-0.0479425 -0.029727 0.0296025
114
1
1.32802 7.23557 -0.68478
-0.0457762 -0.0265461 0.0308154
115
1
1.41187 7.28455 -0.747409
-0.0381044 -0.0245952 0.0290548
116
1
1.4884 7.32777 -0.803987
-0.0374459 -0.0231966 0.0272497
117
1
1.55954 7.36556 -0.853088
-0.0341472 -0.0175567 0.0235103
118
1
1.6273 7.39738 -0.895456
-0.0323565 -0.0146738 0.0189892
119
1
1.69201 7.42288 -0.930416
-0.0318077 -0.0127099 0.0166359
120
1
1.75618 7.44268 -0.960167
-0.0303085 -0.00857427 0.014455
121
1
1.81967 7.45687 -0.98511
-0.0310396 -0.00498824 0.0126369
122
1
1.88185 7.4663 -1.00555
-0.031192 -0.00292756 0.0105725
123
1
1.94273 7.47204 -1.0219
-0.0287134 -0.000959409 0.00745207
124
1
2.00165 7.47434 -1.03419
-0.0281206 0.000715614 0.00480528
125
1
2.05933 7.47342 -1.04291
-0.0291179 0.00175314 0.00341251
126
1
2.11648 7.46993 -1.04816
-0.0286202 0.00242903 0.00189687
127
1
2.17248 7.46428 -1.04965
-0.0277722 0.00343405 7.10326e-005
128
1
2.22727 7.45641 -1.04759
-0.027392 0.00434996 -0.0019436
129
1
2.28077 7.44658 -1.042
-0.0265093 0.00530267 -0.00415246
130
1
2.3324 7.435 -1.03278
-0.0258116 0.00673747 -0.00592422
131
1
2.38206 7.42157 -1.02017
-0.0249369 0.00765103 -0.00727995
132
1
2.42956 7.40654 -1.00466
-0.0227331 0.007619 -0.00896423
133
1
2.47452 7.39071 -0.986297
-0.0211893 0.00781809 -0.0102375
134
1
2.5175 7.37392 -0.964941
-0.0213086 0.00833244 -0.0110368
135
1
2.55908 7.3562 -0.940647
-0.0208613 0.00881994 -0.0122891
136
1
2.59904 7.33805 -0.913712
-0.0193054 0.00931251 -0.0137963
137
1
2.63623 7.31899 -0.884455
-0.0187126 0.0099314 -0.0149321
138
1
2.66972 7.29854 -0.853025
-0.0177436 0.0104281 -0.0157636
139
1
2.69945 7.27707 -0.819705
-0.0147445 0.0110453 -0.0168087
140
1
2.72515 7.25449 -0.784366
-0.012309 0.0119097 -0.0182478
141
1
2.74688 7.23095 -0.746376
-0.0107275 0.0122698 -0.0197689
142
1
2.76432 7.20648 -0.705196
-0.00753719 0.0126096 -0.0214928
143
1
2.77711 7.18045 -0.661263
-0.00369896 0.0141091 -0.0232021
144
1
2.78513 7.15341 -0.614777
-0.00101997 0.0152118 -0.0243781
145
1
2.78881 7.12722 -0.565839
0.00100401 0.0146949 -0.0256155
146
1
2.78863 7.10333 -0.514897
0.00260634 0.0131016 -0.0271869
147
1
2.78585 7.08337 -0.462137
0.00331465 0.0100075 -0.0279386
148
1
2.78174 7.06782 -0.407944
0.00309743 0.00675908 -0.0283517
149
1
2.77706 7.05652 -0.352284
0.0026671 0.00455028 -0.0289156
150
1
2.77233 7.04874 -0.295347
0.00270313 0.00279202 -0.0293803
151
1
2.76781 7.04362 -0.237546
0.00262764 0.00110231 -0.0297727
152
1
2.76412 7.04093 -0.179017
0.00151971 -0.000199451 -0.0303441
153
1
2.76192 7.03988 -0.119902
-5.55019e-006 -0.000583504 -0.0307719
154
1
2.7609 7.03986 -0.0601305
-0.000401794 -0.000448857 -0.0306702
155
1
2.76078 7.04002 -3.03369e-010
-2.89322e-012 -5.77372e-012 -0.0304765
156
1
2.7609 7.03986 0.0601305
0.000401794 0.000448857 -0.0306702
157
1
2.76192 7.03988 0.119902
5.55018e-006 0.000583504 -0.0307719
158
1
2.76412 7.04093 0.179017
-0.00151971 0.000199451 -0.0303441
159
1
2.76781 7.04362 0.237546
-0.00262764 -0.00110231 -0.0297727
160
1
2.77233 7.04874 0.295347
-0.00270313 -0.00279202 -0.0293803
161
1
2.77706 7.05652 0.352284
-0.0026671 -0.00455028 -0.0289156
162
1
2.78174 7.06782 0.407944
-0.00309743 -0.00675908 -0.0283517
163
1
2.78585 7.08337 0.462137
-0.00331465 -0.0100075 -0.0279386
164
1
2.78863 7.10333 0.514897
-0.00260634 -0.0131016 -0.0271869
165
1
2.78881 7.12722 0.565839
-0.00100401 -0.0146949 -0.0256155
166
1
2.78513 7.15341 0.614777
0.00101997 -0.0152118 -0.0243781
167
1
2.77711 7.18045 0.661263
0.00369896 -0.0141091 -0.0232021
168
1
2.76432 7.20648 0.705196
0.00753719 -0.0126096 -0.0214928
169
1
2.74688 7.23095 0.746376
0.0107275 -0.0122698 -0.0197689
170
1
2.72515 7.25449 0.784366
0.012309 -0.0119097 -0.0182478
171
1
2.69945 7.27707 0.819705
0.0147445 -0.0110453 -0.0168087
172
1
2.66972 7.29854 0.853025
0.0177436 -0.0104281 -0.0157636
173
1
2.63623 7.31899 0.884455
0.0187126 -0.00993141 -0.0149321
174
1
2.59904 7.33805 0.913712
0.0193054 -0.00931251 -0.0137963
175
1
2.55908 7.3562 0.940647
0.0208613 -0.00881994 -0.0122891
176
1
2.5175 7.37392 0.964941
0.0213086 -0.00833244 -0.0110368
177
1
2.47452 7.39071 0.986297
0.0211893 -0.00781809 -0.0102375
178
1
2.42956 7.40654 1.00466
0.0227331 -0.007619 -0.00896423
179
1
2.38206 7.42157 1.02017
0.0249369 -0.00765103 -0.00727995
180
1
2.3324 7.435 1.03278
0.0258116 -0.00673747 -0.00592422
181
1
2.28077 7.44658 1.042
0.0265093 -0.00530267 -0.00415246
182
1
2.22727 7.45641 1.04759
0.027392 -0.00434996 -0.0019436
183
1
2.17248 7.46428 1.04965
0.0277722 -0.00343405 7.10327e-005
184
1
2.11648 7.46993 1.04816
0.0286202 -0.00242903 0.00189687
185
1
2.05933 7.47342 1.04291
0.0291179 -0.00175314 0.00341251
186
1
2.00165 7.47434 1.03419
0.0281206 -0.000715614 0.00480528
187
1
1.94273 7.47204 1.0219
0.0287134 0.000959409 0.00745207
188
1
1.88185 7.4663 1.00555
0.031192 0.00292756 0.0105725
189
1
1.81967 7.45687 0.98511
0.0310396 0.00498824 0.0126369
190
1
1.75618 7.44268 0.960167
0.0303085 0.00857427 0.014455
191
1
1.69201 7.42288 0.930416
0.0318077 0.0127099 0.0166359
192
1
1.6273 7.39738 0.895456
0.0323565 0.0146738 0.0189892
193
1
1.55954 7.36556 0.853088
0.0341472 0.0175567 0.0235103
