194
0
1
0.73017 12.8802 3.14213
0.00834339 0.0072028 -0.0330629
1
1
0.718873 12.8447 3.2031
0.00551206 0.015149 -0.0244135
2
1
0.694066 12.7815 3.27433
0.0126801 0.0513201 -0.0367855
3
1
0.659103 12.7075 3.33364
0.0204253 0.041707 -0.0241306
4
1
0.60513 12.6353 3.37269
0.0375157 0.0379078 -0.00927309
5
1
0.548081 12.5776 3.4023
0.0170844 0.0106138 -0.00688072
6
1
0.428064 12.5186 3.44326
0.0654876 0.0160236 -0.0126433
7
1
0.199162 12.4602 3.48827
0.0716439 0.0087572 -0.0102715
8
1
0.8671 6.43932 0.0943349
0.0510797 0.00319255 -0.00592482
9
1
0.529405 11.5154 0.811298
-0.0197732 -0.00628056 -0.0576063
10
1
-0.626173 11.4453 -0.783983
-0.0356952 0.0494144 -0.0165999
11
1
-0.874449 6.43976 0.0152755
0.0480163 -0.00265843 0.0118656
12
1
-0.202854 12.4605 3.48738
0.0711156 -0.00847315 0.0102948
13
1
-0.427981 12.5194 3.44506
0.0641674 -0.0158596 0.0111137
14
1
-0.542488 12.5796 3.40669
0.0159278 -0.0107146 0.00620276
15
1
-0.594752 12.6373 3.3788
0.03449 -0.0367604 0.0070448
16
1
-0.64303 12.7085 3.33945
0.0165235 -0.0418794 0.0257356
17
1
-0.671995 12.781 3.27835
0.00841876 -0.0494519 0.0389469
18
1
-0.693346 12.8409 3.20602
0.00528799 -0.0139331 0.0249576
19
1
-0.704951 12.8742 3.14467
0.00861497 -0.00608303 0.0328673
20
1
-0.7162 12.8952 3.06772
0.00128412 -0.00362357 0.0479934
21
1
-0.72294 12.9105 2.9826
0.00470179 -0.00918103 0.0332947
22
1
-0.71698 12.9245 2.88196
-0.0118929 -0.00575962 0.0753479
23
1
-0.698355 12.9366 2.78925
-0.018777 -0.00715219 0.0347433
24
1
-0.681579 12.9491 2.71822
-0.00181362 -0.00511756 0.00797342
25
1
-0.65893 12.9651 2.66525
-0.00862072 -0.00852016 0.0168341
26
1
-0.644139 12.9823 2.60191
-0.0117567 -0.00207333 0.0370952
27
1
-0.627757 12.9922 2.54204
-0.0104168 -0.0135978 0.051625
28
1
-0.614508 13.0054 2.47253
-0.0147133 -0.0117105 0.0388488
29
1
-0.607405 13.0141 2.40809
-0.00376874 -0.00125639 0.0280005
30
1
-0.607075 13.0171 2.353
0.00804898 0.00428882 0.0198949
31
1
-0.611627 13.0166 2.30358
0.0089835 0.0040779 0.0162665
32
1
-0.6189 13.0153 2.25439
0.00231367 0.00117941 0.0123529
33
1
-0.623592 13.0145 2.20444
0.00347266 -0.00299834 0.030456
34
1
-0.62548 13.0135 2.15109
-0.00146993 -0.00199318 0.0316071
35
1
-0.624789 13.0105 2.09239
-0.00443814 0.00526334 0.0226868
36
1
-0.62138 13.0056 2.02951
-0.0045495 0.0034067 0.0381387
37
1
-0.61978 13.0027 1.96175
0.00128172 -0.00168946 0.0488664
38
1
-0.621721 13.0008 1.8928
0.00798255 7.61307e-005 0.0340773
39
1
-0.623183 12.9957 1.82667
0.00296655 0.00289486 0.0186058
40
1
-0.610967 12.9912 1.76435
-0.00448118 0.00492849 0.033228
41
1
-0.597233 13.0024 1.7038
-0.0171919 -0.000296367 0.0529926
42
1
-0.586328 13.0183 1.64205
-0.0163829 -0.0174183 0.0468747
43
1
-0.576339 13.0453 1.5837
-0.00933355 -0.0129448 0.0349472
44
1
-0.566215 13.0745 1.53065
-0.0170189 -0.0178611 0.019242
45
1
-0.571579 13.1315 1.4334
-0.0142829 -0.0419772 0.0640762
46
1
-0.587024 13.1261 1.37955
0.0236543 0.0356843 -0.0178797
47
1
-0.566127 13.1132 1.36833
-0.0337264 -0.00666447 0.00398158
48
1
-0.544272 13.0897 1.3596
0.0332344 -0.0234909 0.0364968
49
1
-0.526047 13.0457 1.33026
-0.0210581 0.0363011 -0.000644607
50
1
-0.548995 13.0349 1.29054
-0.0598125 0.0198872 0.0179293
51
1
-0.487738 13.0854 1.27279
0.0143117 0.00690859 0.0117501
52
1
-0.496857 12.9873 1.31176
-0.0261182 -0.0588689 0.000212436
53
1
-0.276921 13.0317 0.995203
0.0363881 0.0226333 0.0650807
54
1
-0.338261 12.9727 0.784167
-0.00669903 0.0213908 0.0746285
55
1
-0.215847 12.866 0.713986
-0.0254765 -0.0657572 -0.0305646
56
1
0.537419 15.5257 1.43324
0.00456307 -0.0276978 -0.0592857
57
1
-0.149834 13.4194 0.00813101
-0.0244464 -0.0291086 -0.0189372
58
1
0.0122485 16.866 -0.0604942
-0.0518486 0.0246826 -0.00788941
59
1
-0.135228 13.4174 -0.051505
0.0251793 0.0275852 -0.00976437
60
1
-0.41942 15.559 -1.40728
0.0202096 -0.0381176 -0.0490789
61
1
-0.26813 12.54 -0.989546
0.0216962 0.0007964 -0.0139131
62
1
-0.203688 12.7853 -0.99094
-0.0373666 -0.0363289 0.0579293
63
1
-0.157816 13.013 -1.20778
-0.0481023 -0.0529615 0.0308723
64
1
-0.242141 12.7986 -1.45
-0.0228144 -0.00633642 0.0742375
65
1
-0.181879 13.007 -1.54793
-0.0207719 0.00745208 -0.0167801
66
1
-0.216367 13.0583 -1.5641
0.020322 0.0214169 -0.00687536
67
1
-0.216901 13.0919 -1.58375
0.0505693 -0.0315476 -0.0256971
68
1
-0.257701 13.0273 -1.56706
-0.00461907 0.0596989 -0.00610132
69
1
-0.283618 13.0383 -1.55684
0.00620115 -0.0640199 0.0284586
70
1
-0.288692 13.0133 -1.58221
-0.0298393 -0.0381833 0.0610205
71
1
-0.282933 13.0061 -1.60806
0.00064802 -0.000433611 0.0584651
72
1
-0.316163 13.002 -1.64329
0.0297913 0.00356833 0.0354166
73
1
-0.345472 13.0245 -1.69731
0.0175544 0.00319827 0.0350697
74
1
-0.382648 13.034 -1.74812
0.0325944 0.00626374 0.0311436
75
1
-0.411026 13.0523 -1.80036
0.0314556 -0.00421997 0.0320275
76
1
-0.439349 13.0606 -1.85207
0.00890824 -0.00300962 0.0243379
77
1
-0.455507 13.0673 -1.90779
0.000213326 -0.00113767 0.0200288
78
1
-0.470347 13.0703 -1.96519
0.000156904 0.000442558 0.0318698
79
1
-0.486388 13.0751 -2.02556
0.00878462 -0.000216388 0.0382707
80
1
-0.503918 13.081 -2.08417
0.0136779 -0.00511965 0.0297749
81
1
-0.5216 13.0874 -2.13946
0.0127596 -0.00562581 0.021141
82
1
-0.536224 13.0897 -2.19181
0.00843886 0.00174574 0.0255963
83
1
-0.547566 13.09 -2.24021
0.00272442 0.00296385 0.0257637
84
1
-0.555497 13.0902 -2.28748
0.00136225 -0.000419697 0.0138071
85
1
-0.560255 13.0908 -2.33674
-0.00440061 -0.00288564 0.0193222
86
1
-0.566036 13.0898 -2.38755
-0.00292209 -0.00287611 0.0231455
87
1
-0.576936 13.0838 -2.44298
0.00865195 0.0031446 0.028472
88
1
-0.593658 13.0697 -2.50425
0.0171129 0.0143027 0.0329072
89
1
-0.61538 13.0494 -2.56865
0.0151651 0.0195668 0.0434303
90
1
-0.638428 13.0321 -2.62606
0.0169389 0.00804918 0.0373647
91
1
-0.660601 13.0081 -2.68562
0.0106159 0.0100018 0.0174129
92
1
-0.688284 12.9878 -2.73663
0.00261467 0.00576228 0.00846973
93
1
-0.70904 12.9669 -2.80386
0.0200253 0.0104267 0.0324695
94
1
-0.731477 12.9465 -2.891
0.0165444 0.0106681 0.0655737
95
1
-0.742063 12.9249 -2.98359
-0.0023648 0.010715 0.0316763
96
1
-0.739087 12.9044 -3.06629
5.54952e-005 0.00619228 0.0489811
97
1
-0.73017 12.8802 -3.14212
-0.00834302 0.00720278 0.0330632
98
1
-0.718875 12.8447 -3.20309
-0.00551179 0.0151491 0.0244138
99
1
-0.694068 12.7815 -3.27432
-0.01268 0.0513202 0.0367863
100
1
-0.659105 12.7075 -3.33363
-0.0204252 0.0417072 0.0241313
101
1
-0.605132 12.6353 -3.37269
-0.0375155 0.0379083 0.00927424
102
1
-0.548083 12.5776 -3.4023
-0.0170844 0.010614 0.00688109
103
1
-0.428066 12.5186 -3.44326
-0.0654874 0.0160242 0.0126441
104
1
-0.199165 12.4602 -3.48826
-0.0716439 0.00875756 0.0102719
105
1
-0.86725 6.43933 -0.0935433
-0.0510591 0.00318665 0.00601157
106
1
-0.528761 11.5157 -0.811225
0.0197231 -0.00631503 0.0576195
107
1
0.626766 11.4449 0.783944
0.0357195 0.0493814 0.0165891
108
1
0.874497 6.43978 -0.0144704
-0.0479865 -0.00265411 -0.0119456
109
1
0.202852 12.4605 -3.48737
-0.0711158 -0.00847333 -0.0102948
110
1
0.427979 12.5195 -3.44506
-0.0641678 -0.0158599 -0.0111144
111
1
0.542487 12.5796 -3.40668
-0.015928 -0.0107146 -0.00620312
112
1
0.594751 12.6373 -3.3788
-0.0344904 -0.0367608 -0.00704601
113
1
0.64303 12.7085 -3.33944
-0.016524 -0.0418791 -0.0257359
114
1
0.671996 12.781 -3.27834
-0.00841916 -0.0494519 -0.0389472
115
1
0.693346 12.8409 -3.20601
-0.00528774 -0.0139331 -0.0249578
116
1
0.70495 12.8743 -3.14466
-0.00861452 -0.00608293 -0.0328676
117
1
0.716198 12.8952 -3.06771
-0.0012833 -0.00362362 -0.047994
118
1
0.722937 12.9105 -2.98259
-0.00470078 -0.00918109 -0.0332947
119
1
0.716975 12.9245 -2.88195
0.0118945 -0.00576076 -0.0753469
120
1
0.698348 12.9366 -2.78924
0.0187774 -0.00715305 -0.034744
121
1
0.68157 12.9491 -2.71821
0.00181388 -0.00511774 -0.00797399
122
1
0.658921 12.9652 -2.66524
0.00862095 -0.00852061 -0.0168347
123
1
0.644127 12.9823 -2.6019
0.011757 -0.00207506 -0.0370956
124
1
0.627744 12.9923 -2.54203
0.0104178 -0.0136002 -0.0516259
125
1
0.614492 13.0055 -2.47251
0.0147147 -0.011712 -0.0388505
126
1
0.607386 13.0141 -2.40807
0.0037701 -0.00125759 -0.028002
127
1
0.607053 13.0171 -2.35298
-0.00804774 0.00428781 -0.0198955
128
1
0.611601 13.0166 -2.30356
-0.00898215 0.00407705 -0.0162667
129
1
0.618869 13.0153 -2.25436
-0.00231243 0.00117857 -0.0123534
130
1
0.623554 13.0146 -2.20441
-0.00346844 -0.00300009 -0.0304571
131
1
0.625434 13.0135 -2.15106
0.00147537 -0.00199569 -0.0316098
132
1
0.62473 13.0106 -2.09235
0.00444251 0.00526011 -0.02269
133
1
0.6213 13.0056 -2.02947
0.00456001 0.00340061 -0.038146
134
1
0.619672 13.0028 -1.96169
-0.00126208 -0.00169764 -0.0488764
135
1
0.621576 13.0009 -1.89273
-0.00796487 7.09604e-005 -0.0340834
136
1
0.62299 12.9958 -1.82659
-0.00295564 0.00289183 -0.0186127
137
1
0.6107 12.9912 -1.76425
0.00450995 0.00492842 -0.0332526
138
1
0.596898 13.0025 -1.70366
0.0172563 -0.000276642 -0.0530688
139
1
0.585957 13.0184 -1.64179
0.0165245 -0.0174008 -0.046989
140
1
0.575924 13.0452 -1.58337
0.00940311 -0.0130051 -0.0350415
141
1
0.565703 13.0744 -1.53027
0.0169464 -0.0178428 -0.0193103
142
1
0.571358 13.1312 -1.43306
0.0141573 -0.0419559 -0.0641181
143
1
0.58676 13.1255 -1.37942
-0.0238622 0.0360469 0.0183241
144
1
0.565791 13.1128 -1.36828
0.0337736 -0.00668353 -0.00419503
145
1
0.544 13.0896 -1.3592
-0.0332352 -0.023523 -0.0360955
146
1
0.525943 13.0454 -1.32982
0.0212764 0.0364526 0.000201475
147
1
0.548935 13.0348 -1.2901
0.0601867 0.0201681 -0.0183085
148
1
0.487433 13.0852 -1.27218
-0.0143469 0.00684538 -0.0116828
149
1
0.496023 12.9874 -1.31217
0.0260747 -0.0589285 -0.000130672
150
1
0.277437 13.0322 -0.994497
-0.0364178 0.0224414 -0.0651305
151
1
0.339208 12.9731 -0.78206
0.00719733 0.0214228 -0.0745729
152
1
0.215808 12.8675 -0.713327
0.0251463 -0.066799 0.0307946
153
1
-0.537349 15.5257 -1.43326
-0.00454839 -0.0276933 0.0592898
154
1
0.14978 13.4194 -0.00812287
0.0244475 -0.0291072 0.0189352
155
1
-0.0122356 16.866 0.0605402
0.0518486 0.024682 0.00788985
156
1
0.135176 13.4174 0.0515113
-0.0251795 0.0275807 0.00976528
157
1
0.419498 15.559 1.40723
-0.020226 -0.0381117 0.0490754
158
1
0.268159 12.5401 0.989485
-0.0216156 0.000777131 0.0139222
159
1
0.203735 12.7854 0.990956
0.0373283 -0.0363201 -0.0579595
160
1
0.157866 13.013 1.2078
0.048095 -0.0529406 -0.0309195
161
1
0.242417 12.7988 1.44981
0.0228182 -0.00634897 -0.0742352
162
1
0.18197 13.0077 1.54788
0.0208774 0.00789044 0.0172645
163
1
0.216701 13.0589 1.56401
-0.0203471 0.0210548 0.00670428
164
1
0.217321 13.0923 1.5836
-0.0510059 -0.0318291 0.0255141
165
1
0.258129 13.0277 1.56693
0.00447653 0.0598913 0.00650867
166
1
0.284027 13.0385 1.55686
-0.00611984 -0.0640937 -0.0287785
167
1
0.289016 13.0134 1.58237
0.0298426 -0.038116 -0.061061
168
1
0.283093 13.0064 1.60835
-0.000457582 -0.000489376 -0.0586161
169
1
0.316133 13.0021 1.64376
-0.0296626 0.00361432 -0.0352853
170
1
0.345517 13.0245 1.69757
-0.0175133 0.00323576 -0.0349796
171
1
0.382634 13.0338 1.74829
-0.0325818 0.0062295 -0.031096
172
1
0.41101 13.0521 1.80047
-0.0314493 -0.00426734 -0.0320023
173
1
0.439345 13.0604 1.85215
-0.00890283 -0.00303089 -0.024331
174
1
0.455508 13.0672 1.90784
-0.000210619 -0.00114753 -0.0200267
175
1
0.470348 13.0702 1.96524
-0.000153795 0.000432153 -0.0318672
176
1
0.486388 13.075 2.0256
-0.0087815 -0.000225903 -0.0382673
177
1
0.503915 13.0809 2.08421
-0.0136766 -0.0051263 -0.0297723
178
1
0.521595 13.0873 2.13949
-0.0127594 -0.00562991 -0.02114
179
1
0.536218 13.0896 2.19184
-0.0084379 0.00174268 -0.0255949
180
1
0.547559 13.0899 2.24024
-0.00272361 0.00296164 -0.025763
181
1
0.55549 13.0901 2.28751
-0.00136207 -0.0004208 -0.013807
182
1
0.560248 13.0907 2.33677
0.00440062 -0.00288674 -0.0193223
183
1
0.566031 13.0898 2.38758
0.00292186 -0.00287733 -0.0231451
184
1
0.576931 13.0838 2.44301
-0.00865224 0.00314309 -0.0284708
185
1
0.593653 13.0697 2.50428
-0.0171131 0.0143009 -0.0329054
186
1
0.615377 13.0493 2.56867
-0.015166 0.0195649 -0.0434287
187
1
0.638426 13.0321 2.62608
-0.0169402 0.00804788 -0.0373645
188
1
0.6606 13.0081 2.68564
-0.0106162 0.0100013 -0.0174124
189
1
0.688284 12.9878 2.73665
-0.00261459 0.00576208 -0.00846924
190
1
0.70904 12.9669 2.80387
-0.0200255 0.0104262 -0.0324688
191
1
0.731477 12.9464 2.89102
-0.0165443 0.0106673 -0.0655735
192
1
0.742064 12.9249 2.9836
0.00236527 0.0107148 -0.031676
193
1
0.739087 12.9044 3.06631
-5.50696e-005 0.00619227 -0.0489806
