194
0
1
0.500622 0.387739 2.99298
0.00915383 -0.0142024 -0.0369028
1
1
0.479784 0.409827 3.06725
0.0129998 -0.012132 -0.0367618
2
1
0.451275 0.42967 3.14028
0.0161153 -0.00955455 -0.0359501
3
1
0.414253 0.446715 3.20973
0.0198903 -0.00758699 -0.0340476
4
1
0.368733 0.460657 3.27378
0.0241167 -0.00579865 -0.0309812
5
1
0.314993 0.471252 3.33069
0.028335 -0.00427606 -0.0268279
6
1
0.253628 0.479202 3.37827
0.0320924 -0.00301624 -0.0217477
7
1
0.18598 0.484659 3.41528
0.0350834 -0.00195465 -0.0160057
8
1
0.113575 0.488044 3.44063
0.0371493 -0.00108627 -0.00979549
9
1
0.0381955 0.489673 3.4535
0.0382026 -0.000346973 -0.00329748
10
1
-0.0381955 0.489673 3.4535
0.0382026 0.000346973 0.00329748
11
1
-0.113575 0.488044 3.44063
0.0371493 0.00108627 0.00979549
12
1
-0.18598 0.484659 3.41528
0.0350834 0.00195465 0.0160057
13
1
-0.253628 0.479202 3.37827
0.0320924 0.00301624 0.0217477
14
1
-0.314993 0.471252 3.33069
0.028335 0.00427606 0.0268279
15
1
-0.368733 0.460657 3.27378
0.0241167 0.00579865 0.0309812
16
1
-0.414253 0.446715 3.20973
0.0198903 0.00758699 0.0340476
17
1
-0.451275 0.42967 3.14028
0.0161153 0.00955455 0.0359501
18
1
-0.479784 0.409827 3.06725
0.0129998 0.012132 0.0367618
19
1
-0.500622 0.387739 2.99298
0.00915383 0.0142024 0.0369028
20
1
-0.51448 0.364729 2.91891
0.00576008 0.0135952 0.0365001
21
1
-0.521728 0.342482 2.84507
0.00356735 0.011136 0.0365407
22
1
-0.524478 0.321992 2.77147
0.00108931 0.00849103 0.0367268
23
1
-0.525145 0.3042 2.69782
-0.000551621 0.00660506 0.0370487
24
1
-0.524701 0.289872 2.62359
-0.00132446 0.00519989 0.0373588
25
1
-0.523356 0.278774 2.54874
-0.00159384 0.00408224 0.037605
26
1
-0.521445 0.27024 2.4734
-0.00161006 0.00321596 0.0377932
27
1
-0.519216 0.263603 2.39769
-0.00149913 0.00255941 0.0379412
28
1
-0.516925 0.258346 2.3217
-0.00133434 0.00206005 0.0380632
29
1
-0.514752 0.254104 2.24548
-0.00115819 0.00167667 0.0381669
30
1
-0.512787 0.250635 2.16907
-0.00099166 0.00137982 0.0382567
31
1
-0.511058 0.247772 2.09248
-0.000843302 0.00114802 0.0383349
32
1
-0.509558 0.245388 2.01574
-0.000714936 0.000964947 0.0384035
33
1
-0.508269 0.243383 1.93888
-0.000605607 0.000818595 0.038464
34
1
-0.507167 0.241682 1.8619
-0.000513219 0.000700219 0.0385173
35
1
-0.506226 0.240229 1.78482
-0.000435443 0.000603391 0.0385645
36
1
-0.505424 0.238979 1.70765
-0.00037004 0.000523345 0.0386062
37
1
-0.504739 0.237897 1.6304
-0.000315024 0.0004565 0.0386431
38
1
-0.504154 0.236956 1.55308
-0.000268674 0.00040015 0.0386757
39
1
-0.503655 0.236133 1.4757
-0.000229587 0.000352206 0.0387045
40
1
-0.503227 0.235411 1.39826
-0.00019655 0.000311053 0.0387299
41
1
-0.502861 0.234775 1.32078
-0.000168568 0.000275426 0.0387523
42
1
-0.502546 0.234213 1.24326
-0.000144777 0.000244326 0.038772
43
1
-0.502276 0.233716 1.1657
-0.000124503 0.000216973 0.0387894
44
1
-0.502044 0.233276 1.0881
-0.000107157 0.000192725 0.0388046
45
1
-0.501845 0.232887 1.01048
-9.22576e-005 0.000171067 0.038818
46
1
-0.501674 0.232542 0.932831
-7.94014e-005 0.000151588 0.0388296
47
1
-0.501527 0.232238 0.855162
-6.8247e-005 0.000133956 0.0388398
48
1
-0.501401 0.23197 0.777473
-5.85422e-005 0.00011787 0.0388487
49
1
-0.501294 0.231736 0.699768
-5.00542e-005 0.000103084 0.0388563
50
1
-0.501202 0.231533 0.622049
-4.24613e-005 8.93909e-005 0.0388629
51
1
-0.501124 0.231358 0.544317
-3.57116e-005 7.64883e-005 0.0388684
52
1
-0.50106 0.231209 0.466576
-2.94649e-005 6.43625e-005 0.0388731
53
1
-0.501009 0.231086 0.388825
-2.36883e-005 5.28475e-005 0.0388769
54
1
-0.500967 0.230988 0.311068
-1.83658e-005 4.18021e-005 0.03888
55
1
-0.500935 0.230911 0.233306
-1.34539e-005 3.10716e-005 0.0388823
56
1
-0.500913 0.230858 0.155539
-8.80637e-006 2.05946e-005 0.038884
57
1
-0.5009 0.230825 0.0777704
-4.34205e-006 1.02706e-005 0.038885
58
1
-0.500896 0.230815 -5.55582e-019
-2.0781e-018 2.52955e-018 0.0388853
59
1
-0.5009 0.230825 -0.0777704
4.34205e-006 -1.02706e-005 0.038885
60
1
-0.500913 0.230858 -0.155539
8.80637e-006 -2.05946e-005 0.038884
61
1
-0.500935 0.230911 -0.233306
1.34539e-005 -3.10716e-005 0.0388823
62
1
-0.500967 0.230988 -0.311068
1.83658e-005 -4.18021e-005 0.03888
63
1
-0.501009 0.231086 -0.388825
2.36883e-005 -5.28475e-005 0.0388769
64
1
-0.50106 0.231209 -0.466576
2.94649e-005 -6.43625e-005 0.0388731
65
1
-0.501124 0.231358 -0.544317
3.57116e-005 -7.64883e-005 0.0388684
66
1
-0.501202 0.231533 -0.622049
4.24613e-005 -8.93909e-005 0.0388629
67
1
-0.501294 0.231736 -0.699768
5.00542e-005 -0.000103084 0.0388563
68
1
-0.501401 0.23197 -0.777473
5.85422e-005 -0.00011787 0.0388487
69
1
-0.501527 0.232238 -0.855162
6.8247e-005 -0.000133956 0.0388398
70
1
-0.501674 0.232542 -0.932831
7.94014e-005 -0.000151588 0.0388296
71
1
-0.501845 0.232887 -1.01048
9.22576e-005 -0.000171067 0.038818
72
1
-0.502044 0.233276 -1.0881
0.000107157 -0.000192725 0.0388046
73
1
-0.502276 0.233716 -1.1657
0.000124503 -0.000216973 0.0387894
74
1
-0.502546 0.234213 -1.24326
0.000144777 -0.000244326 0.038772
75
1
-0.502861 0.234775 -1.32078
0.000168568 -0.000275426 0.0387523
76
1
-0.503227 0.235411 -1.39826
0.00019655 -0.000311053 0.0387299
77
1
-0.503655 0.236133 -1.4757
0.000229587 -0.000352206 0.0387045
78
1
-0.504154 0.236956 -1.55308
0.000268674 -0.00040015 0.0386757
79
1
-0.504739 0.237897 -1.6304
0.000315024 -0.0004565 0.0386431
80
1
-0.505424 0.238979 -1.70765
0.00037004 -0.000523345 0.0386062
81
1
-0.506226 0.240229 -1.78482
0.000435443 -0.000603391 0.0385645
82
1
-0.507167 0.241682 -1.8619
0.000513219 -0.000700219 0.0385173
83
1
-0.508269 0.243383 -1.93888
0.000605607 -0.000818595 0.038464
84
1
-0.509558 0.245388 -2.01574
0.000714936 -0.000964947 0.0384035
85
1
-0.511058 0.247772 -2.09248
0.000843302 -0.00114802 0.0383349
86
1
-0.512787 0.250635 -2.16907
0.00099166 -0.00137982 0.0382567
87
1
-0.514752 0.254104 -2.24548
0.00115819 -0.00167667 0.0381669
88
1
-0.516925 0.258346 -2.3217
0.00133434 -0.00206005 0.0380632
89
1
-0.519216 0.263603 -2.39769
0.00149913 -0.00255941 0.0379412
90
1
-0.521445 0.27024 -2.4734
0.00161006 -0.00321596 0.0377932
91
1
-0.523356 0.278774 -2.54874
0.00159384 -0.00408224 0.037605
92
1
-0.524701 0.289872 -2.62359
0.00132446 -0.00519989 0.0373588
93
1
-0.525145 0.3042 -2.69782
0.000551621 -0.00660506 0.0370487
94
1
-0.524478 0.321992 -2.77147
-0.00108931 -0.00849103 0.0367268
95
1
-0.521728 0.342482 -2.84507
-0.00356735 -0.011136 0.0365407
96
1
-0.51448 0.364729 -2.91891
-0.00576008 -0.0135952 0.0365001
97
1
-0.500622 0.387739 -2.99298
-0.00915383 -0.0142024 0.0369028
98
1
-0.479784 0.409827 -3.06725
-0.0129998 -0.012132 0.0367618
99
1
-0.451275 0.42967 -3.14028
-0.0161153 -0.00955455 0.0359501
100
1
-0.414253 0.446715 -3.20973
-0.0198903 -0.00758699 0.0340476
101
1
-0.368733 0.460657 -3.27378
-0.0241167 -0.00579865 0.0309812
102
1
-0.314993 0.471252 -3.33069
-0.028335 -0.00427606 0.0268279
103
1
-0.253628 0.479202 -3.37827
-0.0320924 -0.00301624 0.0217477
104
1
-0.18598 0.484659 -3.41528
-0.0350834 -0.00195465 0.0160057
105
1
-0.113575 0.488044 -3.44063
-0.0371493 -0.00108627 0.00979549
106
1
-0.0381955 0.489673 -3.4535
-0.0382026 -0.000346973 0.00329748
107
1
0.0381955 0.489673 -3.4535
-0.0382026 0.000346973 -0.00329748
108
1
0.113575 0.488044 -3.44063
-0.0371493 0.00108627 -0.00979549
109
1
0.18598 0.484659 -3.41528
-0.0350834 0.00195465 -0.0160057
110
1
0.253628 0.479202 -3.37827
-0.0320924 0.00301624 -0.0217477
111
1
0.314993 0.471252 -3.33069
-0.028335 0.00427606 -0.0268279
112
1
0.368733 0.460657 -3.27378
-0.0241167 0.00579865 -0.0309812
113
1
0.414253 0.446715 -3.20973
-0.0198903 0.00758699 -0.0340476
114
1
0.451275 0.42967 -3.14028
-0.0161153 0.00955455 -0.0359501
115
1
0.479784 0.409827 -3.06725
-0.0129998 0.012132 -0.0367618
116
1
0.500622 0.387739 -2.99298
-0.00915383 0.0142024 -0.0369028
117
1
0.51448 0.364729 -2.91891
-0.00576008 0.0135952 -0.0365001
118
1
0.521728 0.342482 -2.84507
-0.00356735 0.011136 -0.0365407
119
1
0.524478 0.321992 -2.77147
-0.00108931 0.00849103 -0.0367268
120
1
0.525145 0.3042 -2.69782
0.000551621 0.00660506 -0.0370487
121
1
0.524701 0.289872 -2.62359
0.00132446 0.00519989 -0.0373588
122
1
0.523356 0.278774 -2.54874
0.00159384 0.00408224 -0.037605
123
1
0.521445 0.27024 -2.4734
0.00161006 0.00321596 -0.0377932
124
1
0.519216 0.263603 -2.39769
0.00149913 0.00255941 -0.0379412
125
1
0.516925 0.258346 -2.3217
0.00133434 0.00206005 -0.0380632
126
1
0.514752 0.254104 -2.24548
0.00115819 0.00167667 -0.0381669
127
1
0.512787 0.250635 -2.16907
0.00099166 0.00137982 -0.0382567
128
1
0.511058 0.247772 -2.09248
0.000843302 0.00114802 -0.0383349
129
1
0.509558 0.245388 -2.01574
0.000714936 0.000964947 -0.0384035
130
1
0.508269 0.243383 -1.93888
0.000605607 0.000818595 -0.038464
131
1
0.507167 0.241682 -1.8619
0.000513219 0.000700219 -0.0385173
132
1
0.506226 0.240229 -1.78482
0.000435443 0.000603391 -0.0385645
133
1
0.505424 0.238979 -1.70765
0.00037004 0.000523345 -0.0386062
134
1
0.504739 0.237897 -1.6304
0.000315024 0.0004565 -0.0386431
135
1
0.504154 0.236956 -1.55308
0.000268674 0.00040015 -0.0386757
136
1
0.503655 0.236133 -1.4757
0.000229587 0.000352206 -0.0387045
137
1
0.503227 0.235411 -1.39826
0.00019655 0.000311053 -0.0387299
138
1
0.502861 0.234775 -1.32078
0.000168568 0.000275426 -0.0387523
139
1
0.502546 0.234213 -1.24326
0.000144777 0.000244326 -0.038772
140
1
0.502276 0.233716 -1.1657
0.000124503 0.000216973 -0.0387894
141
1
0.502044 0.233276 -1.0881
0.000107157 0.000192725 -0.0388046
142
1
0.501845 0.232887 -1.01048
9.22576e-005 0.000171067 -0.038818
143
1
0.501674 0.232542 -0.932831
7.94014e-005 0.000151588 -0.0388296
144
1
0.501527 0.232238 -0.855162
6.8247e-005 0.000133956 -0.0388398
145
1
0.501401 0.23197 -0.777473
5.85422e-005 0.00011787 -0.0388487
146
1
0.501294 0.231736 -0.699768
5.00542e-005 0.000103084 -0.0388563
147
1
0.501202 0.231533 -0.622049
4.24613e-005 8.93909e-005 -0.0388629
148
1
0.501124 0.231358 -0.544317
3.57116e-005 7.64883e-005 -0.0388684
149
1
0.50106 0.231209 -0.466576
2.94649e-005 6.43625e-005 -0.0388731
150
1
0.501009 0.231086 -0.388825
2.36883e-005 5.28475e-005 -0.0388769
151
1
0.500967 0.230988 -0.311068
1.83658e-005 4.18021e-005 -0.03888
152
1
0.500935 0.230911 -0.233306
1.34539e-005 3.10716e-005 -0.0388823
153
1
0.500913 0.230858 -0.155539
8.80637e-006 2.05946e-005 -0.038884
154
1
0.5009 0.230825 -0.0777704
4.34205e-006 1.02706e-005 -0.038885
155
1
0.500896 0.230815 1.19021e-018
-8.00302e-018 -5.71141e-018 -0.0388853
156
1
0.5009 0.230825 0.0777704
-4.34205e-006 -1.02706e-005 -0.038885
157
1
0.500913 0.230858 0.155539
-8.80637e-006 -2.05946e-005 -0.038884
158
1
0.500935 0.230911 0.233306
-1.34539e-005 -3.10716e-005 -0.0388823
159
1
0.500967 0.230988 0.311068
-1.83658e-005 -4.18021e-005 -0.03888
160
1
0.501009 0.231086 0.388825
-2.36883e-005 -5.28475e-005 -0.0388769
161
1
0.50106 0.231209 0.466576
-2.94649e-005 -6.43625e-005 -0.0388731
162
1
0.501124 0.231358 0.544317
-3.57116e-005 -7.64883e-005 -0.0388684
163
1
0.501202 0.231533 0.622049
-4.24613e-005 -8.93909e-005 -0.0388629
164
1
0.501294 0.231736 0.699768
-5.00542e-005 -0.000103084 -0.0388563
165
1
0.501401 0.23197 0.777473
-5.85422e-005 -0.00011787 -0.0388487
166
1
0.501527 0.232238 0.855162
-6.8247e-005 -0.000133956 -0.0388398
167
1
0.501674 0.232542 0.932831
-7.94014e-005 -0.000151588 -0.0388296
168
1
0.501845 0.232887 1.01048
-9.22576e-005 -0.000171067 -0.038818
169
1
0.502044 0.233276 1.0881
-0.000107157 -0.000192725 -0.0388046
170
1
0.502276 0.233716 1.1657
-0.000124503 -0.000216973 -0.0387894
171
1
0.502546 0.234213 1.24326
-0.000144777 -0.000244326 -0.038772
172
1
0.502861 0.234775 1.32078
-0.000168568 -0.000275426 -0.0387523
173
1
0.503227 0.235411 1.39826
-0.00019655 -0.000311053 -0.0387299
174
1
0.503655 0.236133 1.4757
-0.000229587 -0.000352206 -0.0387045
175
1
0.504154 0.236956 1.55308
-0.000268674 -0.00040015 -0.0386757
176
1
0.504739 0.237897 1.6304
-0.000315024 -0.0004565 -0.0386431
177
1
0.505424 0.238979 1.70765
-0.00037004 -0.000523345 -0.0386062
178
1
0.506226 0.240229 1.78482
-0.000435443 -0.000603391 -0.0385645
179
1
0.507167 0.241682 1.8619
-0.000513219 -0.000700219 -0.0385173
180
1
0.508269 0.243383 1.93888
-0.000605607 -0.000818595 -0.038464
181
1
0.509558 0.245388 2.01574
-0.000714936 -0.000964947 -0.0384035
182
1
0.511058 0.247772 2.09248
-0.000843302 -0.00114802 -0.0383349
183
1
0.512787 0.250635 2.16907
-0.00099166 -0.00137982 -0.0382567
184
1
0.514752 0.254104 2.24548
-0.00115819 -0.00167667 -0.0381669
185
1
0.516925 0.258346 2.3217
-0.00133434 -0.00206005 -0.0380632
186
1
0.519216 0.263603 2.39769
-0.00149913 -0.00255941 -0.0379412
187
1
0.521445 0.27024 2.4734
-0.00161006 -0.00321596 -0.0377932
188
1
0.523356 0.278774 2.54874
-0.00159384 -0.00408224 -0.037605
189
1
0.524701 0.289872 2.62359
-0.00132446 -0.00519989 -0.0373588
190
1
0.525145 0.3042 2.69782
-0.000551621 -0.00660506 -0.0370487
191
1
0.524478 0.321992 2.77147
0.00108931 -0.00849103 -0.0367268
192
1
0.521728 0.342482 2.84507
0.00356735 -0.011136 -0.0365407
193
1
0.51448 0.364729 2.91891
0.00576008 -0.0135952 -0.0365001
