194
0
1
0.499175 0.361603 2.99858
0.00848295 -0.0130376 -0.0371784
1
1
0.479881 0.383018 3.0732
0.0126099 -0.0110046 -0.0370098
2
1
0.452155 0.402029 3.14649
0.0160066 -0.00850807 -0.0361326
3
1
0.415286 0.417659 3.21612
0.0199256 -0.00663727 -0.0341361
4
1
0.369645 0.430079 3.28019
0.0242123 -0.00498739 -0.0309798
5
1
0.315819 0.439485 3.33708
0.0284632 -0.00363811 -0.0267648
6
1
0.254279 0.446354 3.38457
0.0322194 -0.00254936 -0.0216503
7
1
0.186462 0.451037 3.4215
0.0352031 -0.00164346 -0.0159052
8
1
0.11387 0.453947 3.44677
0.0372581 -0.000909177 -0.00972131
9
1
0.0382935 0.455345 3.45959
0.0383023 -0.000289817 -0.00327026
10
1
-0.0382935 0.455345 3.45959
0.0383023 0.000289817 0.00327026
11
1
-0.11387 0.453947 3.44677
0.0372581 0.000909177 0.00972131
12
1
-0.186462 0.451037 3.4215
0.0352031 0.00164346 0.0159052
13
1
-0.254279 0.446354 3.38457
0.0322194 0.00254936 0.0216503
14
1
-0.315819 0.439485 3.33708
0.0284632 0.00363811 0.0267648
15
1
-0.369645 0.430079 3.28019
0.0242123 0.00498739 0.0309798
16
1
-0.415286 0.417659 3.21612
0.0199256 0.00663727 0.0341361
17
1
-0.452155 0.402029 3.14649
0.0160066 0.00850807 0.0361326
18
1
-0.479881 0.383018 3.0732
0.0126099 0.0110046 0.0370098
19
1
-0.499175 0.361603 2.99858
0.00848295 0.0130376 0.0371784
20
1
-0.511314 0.339316 2.92419
0.00504142 0.012466 0.0367966
21
1
-0.517617 0.317328 2.85024
0.00299472 0.0100791 0.0368882
22
1
-0.520545 0.297237 2.77641
0.000718079 0.00759076 0.0371122
23
1
-0.521876 0.280603 2.70223
-0.000748402 0.00588181 0.0374029
24
1
-0.521893 0.26776 2.62739
-0.0013912 0.0046445 0.0376462
25
1
-0.52079 0.257963 2.55201
-0.00156834 0.00366988 0.0378314
26
1
-0.519033 0.250435 2.47625
-0.00152648 0.0029114 0.0379756
27
1
-0.516972 0.244515 2.4002
-0.00138724 0.00232956 0.0380938
28
1
-0.514883 0.239772 2.32393
-0.00121572 0.00188283 0.0381942
29
1
-0.512932 0.235912 2.24746
-0.00104495 0.00153802 0.0382812
30
1
-0.511189 0.232738 2.17083
-0.000889234 0.00127028 0.038357
31
1
-0.509664 0.230109 2.09405
-0.000753099 0.00106055 0.0384234
32
1
-0.508346 0.22791 2.01715
-0.000636789 0.000894369 0.0384819
33
1
-0.507217 0.226056 1.94014
-0.00053854 0.000761025 0.0385335
34
1
-0.506253 0.22448 1.86302
-0.000455934 0.000652727 0.0385791
35
1
-0.505431 0.223129 1.78583
-0.000386626 0.000563783 0.0386195
36
1
-0.504731 0.221966 1.70855
-0.000328488 0.000489971 0.0386553
37
1
-0.504134 0.220957 1.63121
-0.000279673 0.000428105 0.038687
38
1
-0.503624 0.220078 1.55381
-0.000238581 0.000375774 0.038715
39
1
-0.503189 0.219309 1.47635
-0.000203948 0.000331118 0.0387398
40
1
-0.502816 0.218633 1.39885
-0.000174686 0.000292692 0.0387616
41
1
-0.502496 0.218037 1.32131
-0.000149908 0.000259352 0.0387809
42
1
-0.502222 0.21751 1.24373
-0.000128839 0.000230196 0.0387978
43
1
-0.501987 0.217044 1.16612
-0.00011088 0.000204516 0.0388128
44
1
-0.501785 0.216631 1.08848
-9.55057e-005 0.000181726 0.0388259
45
1
-0.501611 0.216266 1.01082
-8.22904e-005 0.000161352 0.0388374
46
1
-0.501461 0.215942 0.933132
-7.08771e-005 0.000143015 0.0388475
47
1
-0.501333 0.215656 0.855429
-6.09608e-005 0.000126407 0.0388562
48
1
-0.501223 0.215405 0.777708
-5.23216e-005 0.000111237 0.0388639
49
1
-0.501129 0.215185 0.699974
-4.47435e-005 9.72546e-005 0.0388704
50
1
-0.501049 0.214994 0.622227
-3.79861e-005 8.42567e-005 0.0388761
51
1
-0.500982 0.21483 0.54447
-3.19368e-005 7.20965e-005 0.0388809
52
1
-0.500926 0.214691 0.466704
-2.63462e-005 6.06732e-005 0.0388849
53
1
-0.500881 0.214576 0.388931
-2.11803e-005 4.9814e-005 0.0388883
54
1
-0.500844 0.214483 0.311152
-1.64306e-005 3.93971e-005 0.0388909
55
1
-0.500816 0.214411 0.233368
-1.20514e-005 2.92654e-005 0.0388929
56
1
-0.500797 0.214361 0.15558
-7.91288e-006 1.93822e-005 0.0388943
57
1
-0.500785 0.214331 0.0777907
-3.91742e-006 9.6598e-006 0.0388952
58
1
-0.500781 0.214321 -6.21854e-019
-7.09819e-019 2.50244e-018 0.0388955
59
1
-0.500785 0.214331 -0.0777907
3.91742e-006 -9.6598e-006 0.0388952
60
1
-0.500797 0.214361 -0.15558
7.91288e-006 -1.93822e-005 0.0388943
61
1
-0.500816 0.214411 -0.233368
1.20514e-005 -2.92654e-005 0.0388929
62
1
-0.500844 0.214483 -0.311152
1.64306e-005 -3.93971e-005 0.0388909
63
1
-0.500881 0.214576 -0.388931
2.11803e-005 -4.9814e-005 0.0388883
64
1
-0.500926 0.214691 -0.466704
2.63462e-005 -6.06732e-005 0.0388849
65
1
-0.500982 0.21483 -0.54447
3.19368e-005 -7.20965e-005 0.0388809
66
1
-0.501049 0.214994 -0.622227
3.79861e-005 -8.42567e-005 0.0388761
67
1
-0.501129 0.215185 -0.699974
4.47435e-005 -9.72546e-005 0.0388704
68
1
-0.501223 0.215405 -0.777708
5.23216e-005 -0.000111237 0.0388639
69
1
-0.501333 0.215656 -0.855429
6.09608e-005 -0.000126407 0.0388562
70
1
-0.501461 0.215942 -0.933132
7.08771e-005 -0.000143015 0.0388475
71
1
-0.501611 0.216266 -1.01082
8.22904e-005 -0.000161352 0.0388374
72
1
-0.501785 0.216631 -1.08848
9.55057e-005 -0.000181726 0.0388259
73
1
-0.501987 0.217044 -1.16612
0.00011088 -0.000204516 0.0388128
74
1
-0.502222 0.21751 -1.24373
0.000128839 -0.000230196 0.0387978
75
1
-0.502496 0.218037 -1.32131
0.000149908 -0.000259352 0.0387809
76
1
-0.502816 0.218633 -1.39885
0.000174686 -0.000292692 0.0387616
77
1
-0.503189 0.219309 -1.47635
0.000203948 -0.000331118 0.0387398
78
1
-0.503624 0.220078 -1.55381
0.000238581 -0.000375774 0.038715
79
1
-0.504134 0.220957 -1.63121
0.000279673 -0.000428105 0.038687
80
1
-0.504731 0.221966 -1.70855
0.000328488 -0.000489971 0.0386553
81
1
-0.505431 0.223129 -1.78583
0.000386626 -0.000563783 0.0386195
82
1
-0.506253 0.22448 -1.86302
0.000455934 -0.000652727 0.0385791
83
1
-0.507217 0.226056 -1.94014
0.00053854 -0.000761025 0.0385335
84
1
-0.508346 0.22791 -2.01715
0.000636789 -0.000894369 0.0384819
85
1
-0.509664 0.230109 -2.09405
0.000753099 -0.00106055 0.0384234
86
1
-0.511189 0.232738 -2.17083
0.000889234 -0.00127028 0.038357
87
1
-0.512932 0.235912 -2.24746
0.00104495 -0.00153802 0.0382812
88
1
-0.514883 0.239772 -2.32393
0.00121572 -0.00188283 0.0381942
89
1
-0.516972 0.244515 -2.4002
0.00138724 -0.00232956 0.0380938
90
1
-0.519033 0.250435 -2.47625
0.00152648 -0.0029114 0.0379756
91
1
-0.52079 0.257963 -2.55201
0.00156834 -0.00366988 0.0378314
92
1
-0.521893 0.26776 -2.62739
0.0013912 -0.0046445 0.0376462
93
1
-0.521876 0.280603 -2.70223
0.000748402 -0.00588181 0.0374029
94
1
-0.520545 0.297237 -2.77641
-0.000718079 -0.00759076 0.0371122
95
1
-0.517617 0.317328 -2.85024
-0.00299472 -0.0100791 0.0368882
96
1
-0.511314 0.339316 -2.92419
-0.00504142 -0.012466 0.0367966
97
1
-0.499175 0.361603 -2.99858
-0.00848295 -0.0130376 0.0371784
98
1
-0.479881 0.383018 -3.0732
-0.0126099 -0.0110046 0.0370098
99
1
-0.452155 0.402029 -3.14649
-0.0160066 -0.00850807 0.0361326
100
1
-0.415286 0.417659 -3.21612
-0.0199256 -0.00663727 0.0341361
101
1
-0.369645 0.430079 -3.28019
-0.0242123 -0.00498739 0.0309798
102
1
-0.315819 0.439485 -3.33708
-0.0284632 -0.00363811 0.0267648
103
1
-0.254279 0.446354 -3.38457
-0.0322194 -0.00254936 0.0216503
104
1
-0.186462 0.451037 -3.4215
-0.0352031 -0.00164346 0.0159052
105
1
-0.11387 0.453947 -3.44677
-0.0372581 -0.000909177 0.00972131
106
1
-0.0382935 0.455345 -3.45959
-0.0383023 -0.000289817 0.00327026
107
1
0.0382935 0.455345 -3.45959
-0.0383023 0.000289817 -0.00327026
108
1
0.11387 0.453947 -3.44677
-0.0372581 0.000909177 -0.00972131
109
1
0.186462 0.451037 -3.4215
-0.0352031 0.00164346 -0.0159052
110
1
0.254279 0.446354 -3.38457
-0.0322194 0.00254936 -0.0216503
111
1
0.315819 0.439485 -3.33708
-0.0284632 0.00363811 -0.0267648
112
1
0.369645 0.430079 -3.28019
-0.0242123 0.00498739 -0.0309798
113
1
0.415286 0.417659 -3.21612
-0.0199256 0.00663727 -0.0341361
114
1
0.452155 0.402029 -3.14649
-0.0160066 0.00850807 -0.0361326
115
1
0.479881 0.383018 -3.0732
-0.0126099 0.0110046 -0.0370098
116
1
0.499175 0.361603 -2.99858
-0.00848295 0.0130376 -0.0371784
117
1
0.511314 0.339316 -2.92419
-0.00504142 0.012466 -0.0367966
118
1
0.517617 0.317328 -2.85024
-0.00299472 0.0100791 -0.0368882
119
1
0.520545 0.297237 -2.77641
-0.000718079 0.00759076 -0.0371122
120
1
0.521876 0.280603 -2.70223
0.000748402 0.00588181 -0.0374029
121
1
0.521893 0.26776 -2.62739
0.0013912 0.0046445 -0.0376462
122
1
0.52079 0.257963 -2.55201
0.00156834 0.00366988 -0.0378314
123
1
0.519033 0.250435 -2.47625
0.00152648 0.0029114 -0.0379756
124
1
0.516972 0.244515 -2.4002
0.00138724 0.00232956 -0.0380938
125
1
0.514883 0.239772 -2.32393
0.00121572 0.00188283 -0.0381942
126
1
0.512932 0.235912 -2.24746
0.00104495 0.00153802 -0.0382812
127
1
0.511189 0.232738 -2.17083
0.000889234 0.00127028 -0.038357
128
1
0.509664 0.230109 -2.09405
0.000753099 0.00106055 -0.0384234
129
1
0.508346 0.22791 -2.01715
0.000636789 0.000894369 -0.0384819
130
1
0.507217 0.226056 -1.94014
0.00053854 0.000761025 -0.0385335
131
1
0.506253 0.22448 -1.86302
0.000455934 0.000652727 -0.0385791
132
1
0.505431 0.223129 -1.78583
0.000386626 0.000563783 -0.0386195
133
1
0.504731 0.221966 -1.70855
0.000328488 0.000489971 -0.0386553
134
1
0.504134 0.220957 -1.63121
0.000279673 0.000428105 -0.038687
135
1
0.503624 0.220078 -1.55381
0.000238581 0.000375774 -0.038715
136
1
0.503189 0.219309 -1.47635
0.000203948 0.000331118 -0.0387398
137
1
0.502816 0.218633 -1.39885
0.000174686 0.000292692 -0.0387616
138
1
0.502496 0.218037 -1.32131
0.000149908 0.000259352 -0.0387809
139
1
0.502222 0.21751 -1.24373
0.000128839 0.000230196 -0.0387978
140
1
0.501987 0.217044 -1.16612
0.00011088 0.000204516 -0.0388128
141
1
0.501785 0.216631 -1.08848
9.55057e-005 0.000181726 -0.0388259
142
1
0.501611 0.216266 -1.01082
8.22904e-005 0.000161352 -0.0388374
143
1
0.501461 0.215942 -0.933132
7.08771e-005 0.000143015 -0.0388475
144
1
0.501333 0.215656 -0.855429
6.09608e-005 0.000126407 -0.0388562
145
1
0.501223 0.215405 -0.777708
5.23216e-005 0.000111237 -0.0388639
146
1
0.501129 0.215185 -0.699974
4.47435e-005 9.72546e-005 -0.0388704
147
1
0.501049 0.214994 -0.622227
3.79861e-005 8.42567e-005 -0.0388761
148
1
0.500982 0.21483 -0.54447
3.19368e-005 7.20965e-005 -0.0388809
149
1
0.500926 0.214691 -0.466704
2.63462e-005 6.06732e-005 -0.0388849
150
1
0.500881 0.214576 -0.388931
2.11803e-005 4.9814e-005 -0.0388883
151
1
0.500844 0.214483 -0.311152
1.64306e-005 3.93971e-005 -0.0388909
152
1
0.500816 0.214411 -0.233368
1.20514e-005 2.92654e-005 -0.0388929
153
1
0.500797 0.214361 -0.15558
7.91288e-006 1.93822e-005 -0.0388943
154
1
0.500785 0.214331 -0.0777907
3.91742e-006 9.6598e-006 -0.0388952
155
1
0.500781 0.214321 1.03608e-018
-5.31996e-018 -5.53409e-018 -0.0388955
156
1
0.500785 0.214331 0.0777907
-3.91742e-006 -9.6598e-006 -0.0388952
157
1
0.500797 0.214361 0.15558
-7.91288e-006 -1.93822e-005 -0.0388943
158
1
0.500816 0.214411 0.233368
-1.20514e-005 -2.92654e-005 -0.0388929
159
1
0.500844 0.214483 0.311152
-1.64306e-005 -3.93971e-005 -0.0388909
160
1
0.500881 0.214576 0.388931
-2.11803e-005 -4.9814e-005 -0.0388883
161
1
0.500926 0.214691 0.466704
-2.63462e-005 -6.06732e-005 -0.0388849
162
1
0.500982 0.21483 0.54447
-3.19368e-005 -7.20965e-005 -0.0388809
163
1
0.501049 0.214994 0.622227
-3.79861e-005 -8.42567e-005 -0.0388761
164
1
0.501129 0.215185 0.699974
-4.47435e-005 -9.72546e-005 -0.0388704
165
1
0.501223 0.215405 0.777708
-5.23216e-005 -0.000111237 -0.0388639
166
1
0.501333 0.215656 0.855429
-6.09608e-005 -0.000126407 -0.0388562
167
1
0.501461 0.215942 0.933132
-7.08771e-005 -0.000143015 -0.0388475
168
1
0.501611 0.216266 1.01082
-8.22904e-005 -0.000161352 -0.0388374
169
1
0.501785 0.216631 1.08848
-9.55057e-005 -0.000181726 -0.0388259
170
1
0.501987 0.217044 1.16612
-0.00011088 -0.000204516 -0.0388128
171
1
0.502222 0.21751 1.24373
-0.000128839 -0.000230196 -0.0387978
172
1
0.502496 0.218037 1.32131
-0.000149908 -0.000259352 -0.0387809
173
1
0.502816 0.218633 1.39885
-0.000174686 -0.000292692 -0.0387616
174
1
0.503189 0.219309 1.47635
-0.000203948 -0.000331118 -0.0387398
175
1
0.503624 0.220078 1.55381
-0.000238581 -0.000375774 -0.038715
176
1
0.504134 0.220957 1.63121
-0.000279673 -0.000428105 -0.038687
177
1
0.504731 0.221966 1.70855
-0.000328488 -0.000489971 -0.0386553
178
1
0.505431 0.223129 1.78583
-0.000386626 -0.000563783 -0.0386195
179
1
0.506253 0.22448 1.86302
-0.000455934 -0.000652727 -0.0385791
180
1
0.507217 0.226056 1.94014
-0.00053854 -0.000761025 -0.0385335
181
1
0.508346 0.22791 2.01715
-0.000636789 -0.000894369 -0.0384819
182
1
0.509664 0.230109 2.09405
-0.000753099 -0.00106055 -0.0384234
183
1
0.511189 0.232738 2.17083
-0.000889234 -0.00127028 -0.038357
184
1
0.512932 0.235912 2.24746
-0.00104495 -0.00153802 -0.0382812
185
1
0.514883 0.239772 2.32393
-0.00121572 -0.00188283 -0.0381942
186
1
0.516972 0.244515 2.4002
-0.00138724 -0.00232956 -0.0380938
187
1
0.519033 0.250435 2.47625
-0.00152648 -0.0029114 -0.0379756
188
1
0.52079 0.257963 2.55201
-0.00156834 -0.00366988 -0.0378314
189
1
0.521893 0.26776 2.62739
-0.0013912 -0.0046445 -0.0376462
190
1
0.521876 0.280603 2.70223
-0.000748402 -0.00588181 -0.0374029
191
1
0.520545 0.297237 2.77641
0.000718079 -0.00759076 -0.0371122
192
1
0.517617 0.317328 2.85024
0.00299472 -0.0100791 -0.0368882
193
1
0.511314 0.339316 2.92419
0.00504142 -0.012466 -0.0367966
