194
0
1
0.883201 3.95083 0.552909
0.0282482 -0.0347466 0.0032339
1
1
0.823011 4.01817 0.551894
0.029826 -0.0355401 -0.00266283
2
1
0.756854 4.08643 0.560805
0.0334805 -0.0345488 -0.00769918
3
1
0.682769 4.15143 0.579064
0.0381962 -0.0318425 -0.0128275
4
1
0.599437 4.21036 0.604396
0.0429317 -0.0276617 -0.0151064
5
1
0.506867 4.2605 0.633844
0.0475549 -0.0219206 -0.0164771
6
1
0.405327 4.30029 0.663409
0.0524813 -0.0166694 -0.0147327
7
1
0.295586 4.32936 0.688261
0.0565166 -0.0114239 -0.0109736
8
1
0.179691 4.34846 0.705274
0.0589579 -0.0070044 -0.00654287
9
1
0.0602507 4.35779 0.71368
0.0602148 -0.00227845 -0.00196761
10
1
-0.0602507 4.35779 0.71368
0.0602148 0.00227845 0.00196761
11
1
-0.179691 4.34846 0.705274
0.0589579 0.0070044 0.00654287
12
1
-0.295586 4.32936 0.688261
0.0565166 0.0114239 0.0109736
13
1
-0.405327 4.30029 0.663409
0.0524813 0.0166694 0.0147327
14
1
-0.506867 4.2605 0.633844
0.0475549 0.0219206 0.0164771
15
1
-0.599437 4.21036 0.604396
0.0429317 0.0276617 0.0151064
16
1
-0.682769 4.15143 0.579064
0.0381962 0.0318425 0.0128275
17
1
-0.756854 4.08643 0.560805
0.0334805 0.0345488 0.00769918
18
1
-0.823011 4.01817 0.551894
0.029826 0.0355401 0.00266283
19
1
-0.883201 3.95083 0.552909
0.0282482 0.0347466 -0.0032339
20
1
-0.939025 3.88757 0.562814
0.0261665 0.0313254 -0.00817798
21
1
-0.992295 3.83014 0.579806
0.0247873 0.0272902 -0.011017
22
1
-1.04438 3.77925 0.601882
0.02527 0.023678 -0.0140896
23
1
-1.09683 3.73426 0.627401
0.0245421 0.02028 -0.0147466
24
1
-1.14987 3.69485 0.654007
0.025544 0.0178697 -0.0145705
25
1
-1.20392 3.65997 0.680026
0.027283 0.0158436 -0.0134588
26
1
-1.25874 3.62838 0.704016
0.0268121 0.0141051 -0.011828
27
1
-1.31368 3.59868 0.725323
0.0272704 0.0131982 -0.00989082
28
1
-1.3693 3.5705 0.743494
0.0289236 0.0129206 -0.00771308
29
1
-1.42574 3.5434 0.758034
0.028781 0.0122475 -0.00621406
30
1
-1.48252 3.51726 0.769313
0.0282683 0.0115325 -0.00514345
31
1
-1.53972 3.49254 0.77789
0.0288293 0.0113785 -0.00383569
32
1
-1.59733 3.46962 0.784111
0.0291198 0.011089 -0.00287672
33
1
-1.65497 3.44843 0.788513
0.0288787 0.0102874 -0.00243419
34
1
-1.7122 3.42867 0.791934
0.0287198 0.00953765 -0.0020428
35
1
-1.76878 3.41034 0.794743
0.028068 0.00890959 -0.00168785
36
1
-1.82447 3.39349 0.796396
0.0267868 0.00823051 -0.00144806
37
1
-1.87944 3.378 0.795863
0.0262536 0.00768969 -0.000742155
38
1
-1.93432 3.36389 0.792701
0.0269805 0.007093 0.000876326
39
1
-1.98928 3.3516 0.78653
0.0277123 0.00585912 0.00280561
40
1
-2.04362 3.34144 0.776814
0.0274907 0.00418548 0.00479987
41
1
-2.09644 3.33301 0.76275
0.0265797 0.00299711 0.00762483
42
1
-2.14754 3.32511 0.744109
0.0255235 0.0027749 0.0108807
43
1
-2.19719 3.31725 0.720644
0.024698 0.0030782 0.013452
44
1
-2.24596 3.3091 0.692719
0.0242035 0.00325433 0.0156459
45
1
-2.2942 3.30114 0.66007
0.0239329 0.00300765 0.0184313
46
1
-2.3415 3.29354 0.622313
0.0235865 0.00254073 0.0215167
47
1
-2.38715 3.28618 0.580075
0.0231838 0.00263514 0.0234927
48
1
-2.43065 3.27867 0.534637
0.0228668 0.00343381 0.0241451
49
1
-2.47163 3.27089 0.487157
0.0221275 0.00397892 0.0246557
50
1
-2.50904 3.26341 0.438076
0.0202414 0.00407093 0.0252174
51
1
-2.54228 3.2567 0.387508
0.0174989 0.00430319 0.0259661
52
1
-2.57098 3.25029 0.335101
0.0144202 0.00470315 0.026927
53
1
-2.59458 3.24373 0.280968
0.011342 0.0047567 0.027893
54
1
-2.61333 3.23688 0.225784
0.00850787 0.00427656 0.0286432
55
1
-2.62774 3.23031 0.16995
0.00603753 0.0034801 0.0291267
56
1
-2.63834 3.22469 0.11368
0.00380749 0.00250318 0.0292273
57
1
-2.64484 3.22088 0.0569603
0.00179008 0.0012815 0.0289424
58
1
-2.64714 3.21962 -2.79576e-015
1.74712e-016 5.35493e-016 0.0287379
59
1
-2.64484 3.22088 -0.0569603
-0.00179008 -0.0012815 0.0289424
60
1
-2.63834 3.22469 -0.11368
-0.00380749 -0.00250318 0.0292273
61
1
-2.62774 3.23031 -0.16995
-0.00603753 -0.0034801 0.0291267
62
1
-2.61333 3.23688 -0.225784
-0.00850787 -0.00427656 0.0286432
63
1
-2.59458 3.24373 -0.280968
-0.011342 -0.0047567 0.027893
64
1
-2.57098 3.25029 -0.335101
-0.0144202 -0.00470315 0.026927
65
1
-2.54228 3.2567 -0.387508
-0.0174989 -0.00430319 0.0259661
66
1
-2.50904 3.26341 -0.438076
-0.0202414 -0.00407093 0.0252174
67
1
-2.47163 3.27089 -0.487157
-0.0221275 -0.00397892 0.0246557
68
1
-2.43065 3.27867 -0.534637
-0.0228668 -0.00343381 0.0241451
69
1
-2.38715 3.28618 -0.580075
-0.0231838 -0.00263514 0.0234927
70
1
-2.3415 3.29354 -0.622313
-0.0235865 -0.00254073 0.0215167
71
1
-2.2942 3.30114 -0.66007
-0.0239329 -0.00300765 0.0184313
72
1
-2.24596 3.3091 -0.692719
-0.0242035 -0.00325433 0.0156459
73
1
-2.19719 3.31725 -0.720644
-0.024698 -0.0030782 0.013452
74
1
-2.14754 3.32511 -0.744109
-0.0255235 -0.0027749 0.0108807
75
1
-2.09644 3.33301 -0.76275
-0.0265797 -0.00299711 0.00762483
76
1
-2.04362 3.34144 -0.776814
-0.0274907 -0.00418548 0.00479987
77
1
-1.98928 3.3516 -0.78653
-0.0277123 -0.00585912 0.00280561
78
1
-1.93432 3.36389 -0.792701
-0.0269805 -0.007093 0.000876326
79
1
-1.87944 3.378 -0.795863
-0.0262536 -0.00768969 -0.000742155
80
1
-1.82447 3.39349 -0.796396
-0.0267868 -0.00823051 -0.00144806
81
1
-1.76878 3.41034 -0.794743
-0.028068 -0.00890959 -0.00168785
82
1
-1.7122 3.42867 -0.791934
-0.0287198 -0.00953765 -0.0020428
83
1
-1.65497 3.44843 -0.788513
-0.0288787 -0.0102874 -0.00243419
84
1
-1.59733 3.46962 -0.784111
-0.0291198 -0.011089 -0.00287672
85
1
-1.53972 3.49254 -0.77789
-0.0288293 -0.0113785 -0.00383569
86
1
-1.48252 3.51726 -0.769313
-0.0282683 -0.0115325 -0.00514345
87
1
-1.42574 3.5434 -0.758034
-0.028781 -0.0122475 -0.00621406
88
1
-1.3693 3.5705 -0.743494
-0.0289236 -0.0129206 -0.00771308
89
1
-1.31368 3.59868 -0.725323
-0.0272704 -0.0131982 -0.00989082
90
1
-1.25874 3.62838 -0.704016
-0.0268121 -0.0141051 -0.011828
91
1
-1.20392 3.65997 -0.680026
-0.027283 -0.0158436 -0.0134588
92
1
-1.14987 3.69485 -0.654007
-0.025544 -0.0178697 -0.0145705
93
1
-1.09683 3.73426 -0.627401
-0.0245421 -0.02028 -0.0147466
94
1
-1.04438 3.77925 -0.601882
-0.02527 -0.023678 -0.0140896
95
1
-0.992295 3.83014 -0.579806
-0.0247873 -0.0272902 -0.011017
96
1
-0.939025 3.88757 -0.562814
-0.0261665 -0.0313254 -0.00817798
97
1
-0.883201 3.95083 -0.552909
-0.0282482 -0.0347466 -0.0032339
98
1
-0.823011 4.01817 -0.551894
-0.029826 -0.0355401 0.00266283
99
1
-0.756854 4.08643 -0.560805
-0.0334805 -0.0345488 0.00769918
100
1
-0.682769 4.15143 -0.579064
-0.0381962 -0.0318425 0.0128275
101
1
-0.599437 4.21036 -0.604396
-0.0429317 -0.0276617 0.0151064
102
1
-0.506867 4.2605 -0.633844
-0.0475549 -0.0219206 0.0164771
103
1
-0.405327 4.30029 -0.663409
-0.0524813 -0.0166694 0.0147327
104
1
-0.295586 4.32936 -0.688261
-0.0565166 -0.0114239 0.0109736
105
1
-0.179691 4.34846 -0.705274
-0.0589579 -0.0070044 0.00654287
106
1
-0.0602507 4.35779 -0.71368
-0.0602148 -0.00227845 0.00196761
107
1
0.0602507 4.35779 -0.71368
-0.0602148 0.00227845 -0.00196761
108
1
0.179691 4.34846 -0.705274
-0.0589579 0.0070044 -0.00654287
109
1
0.295586 4.32936 -0.688261
-0.0565166 0.0114239 -0.0109736
110
1
0.405327 4.30029 -0.663409
-0.0524813 0.0166694 -0.0147327
111
1
0.506867 4.2605 -0.633844
-0.0475549 0.0219206 -0.0164771
112
1
0.599437 4.21036 -0.604396
-0.0429317 0.0276617 -0.0151064
113
1
0.682769 4.15143 -0.579064
-0.0381962 0.0318425 -0.0128275
114
1
0.756854 4.08643 -0.560805
-0.0334805 0.0345488 -0.00769918
115
1
0.823011 4.01817 -0.551894
-0.029826 0.0355401 -0.00266283
116
1
0.883201 3.95083 -0.552909
-0.0282482 0.0347466 0.0032339
117
1
0.939025 3.88757 -0.562814
-0.0261665 0.0313254 0.00817798
118
1
0.992295 3.83014 -0.579806
-0.0247873 0.0272902 0.011017
119
1
1.04438 3.77925 -0.601882
-0.02527 0.023678 0.0140896
120
1
1.09683 3.73426 -0.627401
-0.0245421 0.02028 0.0147466
121
1
1.14987 3.69485 -0.654007
-0.025544 0.0178697 0.0145705
122
1
1.20392 3.65997 -0.680026
-0.027283 0.0158436 0.0134588
123
1
1.25874 3.62838 -0.704016
-0.0268121 0.0141051 0.011828
124
1
1.31368 3.59868 -0.725323
-0.0272704 0.0131982 0.00989082
125
1
1.3693 3.5705 -0.743494
-0.0289236 0.0129206 0.00771308
126
1
1.42574 3.5434 -0.758034
-0.028781 0.0122475 0.00621406
127
1
1.48252 3.51726 -0.769313
-0.0282683 0.0115325 0.00514345
128
1
1.53972 3.49254 -0.77789
-0.0288293 0.0113785 0.00383569
129
1
1.59733 3.46962 -0.784111
-0.0291198 0.011089 0.00287672
130
1
1.65497 3.44843 -0.788513
-0.0288787 0.0102874 0.00243419
131
1
1.7122 3.42867 -0.791934
-0.0287198 0.00953765 0.0020428
132
1
1.76878 3.41034 -0.794743
-0.028068 0.00890959 0.00168785
133
1
1.82447 3.39349 -0.796396
-0.0267868 0.00823051 0.00144806
134
1
1.87944 3.378 -0.795863
-0.0262536 0.00768969 0.000742155
135
1
1.93432 3.36389 -0.792701
-0.0269805 0.007093 -0.000876326
136
1
1.98928 3.3516 -0.78653
-0.0277123 0.00585912 -0.00280561
137
1
2.04362 3.34144 -0.776814
-0.0274907 0.00418548 -0.00479987
138
1
2.09644 3.33301 -0.76275
-0.0265797 0.00299711 -0.00762483
139
1
2.14754 3.32511 -0.744109
-0.0255235 0.0027749 -0.0108807
140
1
2.19719 3.31725 -0.720644
-0.024698 0.0030782 -0.013452
141
1
2.24596 3.3091 -0.692719
-0.0242035 0.00325433 -0.0156459
142
1
2.2942 3.30114 -0.66007
-0.0239329 0.00300765 -0.0184313
143
1
2.3415 3.29354 -0.622313
-0.0235865 0.00254073 -0.0215167
144
1
2.38715 3.28618 -0.580075
-0.0231838 0.00263514 -0.0234927
145
1
2.43065 3.27867 -0.534637
-0.0228668 0.00343381 -0.0241451
146
1
2.47163 3.27089 -0.487157
-0.0221275 0.00397892 -0.0246557
147
1
2.50904 3.26341 -0.438076
-0.0202414 0.00407093 -0.0252174
148
1
2.54228 3.2567 -0.387508
-0.0174989 0.00430319 -0.0259661
149
1
2.57098 3.25029 -0.335101
-0.0144202 0.00470315 -0.026927
150
1
2.59458 3.24373 -0.280968
-0.011342 0.0047567 -0.027893
151
1
2.61333 3.23688 -0.225784
-0.00850787 0.00427656 -0.0286432
152
1
2.62774 3.23031 -0.16995
-0.00603753 0.0034801 -0.0291267
153
1
2.63834 3.22469 -0.11368
-0.00380749 0.00250318 -0.0292273
154
1
2.64484 3.22088 -0.0569603
-0.00179008 0.0012815 -0.0289424
155
1
2.64714 3.21962 -4.83527e-015
1.33416e-016 -2.00628e-016 -0.0287379
156
1
2.64484 3.22088 0.0569603
0.00179008 -0.0012815 -0.0289424
157
1
2.63834 3.22469 0.11368
0.00380749 -0.00250318 -0.0292273
158
1
2.62774 3.23031 0.16995
0.00603753 -0.0034801 -0.0291267
159
1
2.61333 3.23688 0.225784
0.00850787 -0.00427656 -0.0286432
160
1
2.59458 3.24373 0.280968
0.011342 -0.0047567 -0.027893
161
1
2.57098 3.25029 0.335101
0.0144202 -0.00470315 -0.026927
162
1
2.54228 3.2567 0.387508
0.0174989 -0.00430319 -0.0259661
163
1
2.50904 3.26341 0.438076
0.0202414 -0.00407093 -0.0252174
164
1
2.47163 3.27089 0.487157
0.0221275 -0.00397892 -0.0246557
165
1
2.43065 3.27867 0.534637
0.0228668 -0.00343381 -0.0241451
166
1
2.38715 3.28618 0.580075
0.0231838 -0.00263514 -0.0234927
167
1
2.3415 3.29354 0.622313
0.0235865 -0.00254073 -0.0215167
168
1
2.2942 3.30114 0.66007
0.0239329 -0.00300765 -0.0184313
169
1
2.24596 3.3091 0.692719
0.0242035 -0.00325433 -0.0156459
170
1
2.19719 3.31725 0.720644
0.024698 -0.0030782 -0.013452
171
1
2.14754 3.32511 0.744109
0.0255235 -0.0027749 -0.0108807
172
1
2.09644 3.33301 0.76275
0.0265797 -0.00299711 -0.00762483
173
1
2.04362 3.34144 0.776814
0.0274907 -0.00418548 -0.00479987
174
1
1.98928 3.3516 0.78653
0.0277123 -0.00585912 -0.00280561
175
1
1.93432 3.36389 0.792701
0.0269805 -0.007093 -0.000876326
176
1
1.87944 3.378 0.795863
0.0262536 -0.00768969 0.000742155
177
1
1.82447 3.39349 0.796396
0.0267868 -0.00823051 0.00144806
178
1
1.76878 3.41034 0.794743
0.028068 -0.00890959 0.00168785
179
1
1.7122 3.42867 0.791934
0.0287198 -0.00953765 0.0020428
180
1
1.65497 3.44843 0.788513
0.0288787 -0.0102874 0.00243419
181
1
1.59733 3.46962 0.784111
0.0291198 -0.011089 0.00287672
182
1
1.53972 3.49254 0.77789
0.0288293 -0.0113785 0.00383569
183
1
1.48252 3.51726 0.769313
0.0282683 -0.0115325 0.00514345
184
1
1.42574 3.5434 0.758034
0.028781 -0.0122475 0.00621406
185
1
1.3693 3.5705 0.743494
0.0289236 -0.0129206 0.00771308
186
1
1.31368 3.59868 0.725323
0.0272704 -0.0131982 0.00989082
187
1
1.25874 3.62838 0.704016
0.0268121 -0.0141051 0.011828
188
1
1.20392 3.65997 0.680026
0.027283 -0.0158436 0.0134588
189
1
1.14987 3.69485 0.654007
0.025544 -0.0178697 0.0145705
190
1
1.09683 3.73426 0.627401
0.0245421 -0.02028 0.0147466
191
1
1.04438 3.77925 0.601882
0.02527 -0.023678 0.0140896
192
1
0.992295 3.83014 0.579806
0.0247873 -0.0272902 0.011017
193
1
0.939025 3.88757 0.562814
0.0261665 -0.0313254 0.00817798
