194
0
1
0.870874 12.1947 2.60333
0.0304343 0.0157565 -0.0200224
1
1
0.818803 12.1555 2.65558
0.0189789 0.0187048 -0.0208496
2
1
0.75502 12.0931 2.73385
0.0374066 0.0436219 -0.0510015
3
1
0.691526 12.0339 2.81899
0.0327222 0.0264762 -0.0460815
4
1
0.624975 11.9972 2.90841
0.0321955 0.00840431 -0.0521707
5
1
0.566049 11.9706 2.98665
0.0174561 0.00583825 -0.0170732
6
1
0.441396 11.9457 3.0834
0.0680273 0.00604541 -0.0369682
7
1
0.206449 11.9272 3.19238
0.0746248 0.00355315 -0.0221442
8
1
0.338409 6.0511 0.0576338
-0.019787 -0.0461237 -0.0106119
9
1
1.07907 12.1634 0.0776536
0.0531657 0.0411363 0.0394089
10
1
-0.963215 12.2444 -0.0788419
0.0246323 -0.0155698 0.050811
11
1
-0.342317 6.05225 0.0521286
-0.0202952 0.0445901 0.00758332
12
1
-0.207664 11.9271 3.19208
0.0746171 -0.00349706 0.022179
13
1
-0.442442 11.9454 3.08289
0.0680173 -0.00595814 0.0370286
14
1
-0.567003 11.9701 2.98604
0.0174395 -0.00578978 0.017076
15
1
-0.625871 11.9965 2.90779
0.0321672 -0.0082662 0.0521858
16
1
-0.692328 12.033 2.81837
0.0326746 -0.0263501 0.0460598
17
1
-0.755742 12.092 2.73337
0.037374 -0.0434751 0.0508732
18
1
-0.819459 12.1542 2.65543
0.0189682 -0.0186687 0.020705
19
1
-0.871404 12.1934 2.60358
0.0304177 -0.0158054 0.0197359
20
1
-0.921216 12.2333 2.55186
0.0322895 -0.0202449 0.0228188
21
1
-0.962505 12.274 2.49792
0.0227933 -0.0162168 0.023358
22
1
-0.987284 12.3134 2.4383
0.000588714 -0.0239574 0.0391144
23
1
-0.994464 12.3512 2.37747
0.00251213 -0.0144943 0.0280784
24
1
-0.994408 12.3824 2.3273
0.00614365 -0.00597566 0.0131418
25
1
-0.989517 12.413 2.2888
-0.00413246 -0.0155089 0.0129101
26
1
-0.971099 12.4469 2.25111
-0.0273337 -0.0257936 0.0157936
27
1
-0.942472 12.4801 2.21614
-0.0211514 -0.0173757 0.0177939
28
1
-0.909819 12.5103 2.1798
-0.0162067 -0.0139969 0.0200774
29
1
-0.875961 12.5368 2.14117
-0.0167786 -0.0166227 0.0229527
30
1
-0.842955 12.5591 2.10536
-0.0128122 -0.0104255 0.0158634
31
1
-0.812317 12.5742 2.07405
-0.0115554 -0.00471151 0.0104698
32
1
-0.781525 12.5834 2.04521
-0.0123922 -0.0014116 0.00779248
33
1
-0.752398 12.5879 2.01713
-0.0126727 0.00317592 0.0140457
34
1
-0.721762 12.5882 1.98821
-0.0148925 0.00607494 0.0153657
35
1
-0.687382 12.5862 1.9555
-0.0174967 0.00559175 0.0126441
36
1
-0.648669 12.5847 1.92134
-0.0197138 0.00242082 0.0217236
37
1
-0.606531 12.5867 1.88714
-0.0246543 -0.00150852 0.0241079
38
1
-0.562112 12.5923 1.85584
-0.025885 -0.00515766 0.0118146
39
1
-0.518611 12.6004 1.82837
-0.0191817 -0.00464611 0.00456917
40
1
-0.480042 12.613 1.80394
-0.0182481 -0.00418259 0.00676881
41
1
-0.450027 12.6273 1.77747
-0.0191527 -0.00537587 0.0100071
42
1
-0.425714 12.6431 1.74668
-0.0134463 -0.00852412 0.0123597
43
1
-0.403735 12.6641 1.71169
-0.00756628 -0.0151662 0.0192243
44
1
-0.393322 12.6914 1.66545
0.00227951 -0.02505 0.0351091
45
1
-0.388511 12.7168 1.60118
0.0217219 -0.0167193 0.0681329
46
1
-0.38644 12.7405 1.53031
-0.0143689 -0.00649286 0.0550224
47
1
-0.378785 12.758 1.46334
-0.0160754 -0.0220709 0.0281699
48
1
-0.36779 12.7747 1.38956
0.0206179 -0.000743958 0.0559906
49
1
-0.36592 12.792 1.33164
-0.0176577 -0.00302605 0.021578
50
1
-0.366972 12.8142 1.26718
0.016369 -0.0405363 0.0625542
51
1
-0.387493 12.8462 1.15004
0.0424673 -0.00319782 0.0652545
52
1
-0.41462 12.8949 1.0927
-0.0378912 -0.00759795 -0.0447503
53
1
-0.457953 12.9547 1.03381
0.0664457 -0.00925179 0.0372494
54
1
-0.487102 12.9693 1.00415
0.00791158 -0.00699105 0.0176452
55
1
-0.570118 13.0006 1.00225
0.0024102 0.000270456 -0.00882671
56
1
0.188795 14.4203 1.34737
0.0464252 -0.0568889 0.0260807
57
1
-0.164272 13.7817 -0.000681765
-0.0326223 0.022675 -0.0208222
58
1
0.028919 15.777 0.0578191
0.0567469 0.0279793 -0.0454841
59
1
-0.152167 13.7742 -0.0560091
0.0323995 -0.0223832 -0.00471641
60
1
-0.20777 14.4347 -1.21101
0.0652029 -0.0208457 0.0372275
61
1
-0.452361 13.0116 -0.960786
-0.00584664 0.00305829 -0.00846756
62
1
-0.359787 12.9932 -0.995924
-0.0074936 0.00437549 0.0278877
63
1
-0.329074 12.978 -1.04298
-0.0605227 0.00557905 0.0487619
64
1
-0.290166 12.934 -1.12959
0.0421059 0.00972126 -0.0446704
65
1
-0.279392 12.8915 -1.18771
-0.0450788 -0.00283062 0.063496
66
1
-0.275924 12.8704 -1.28486
-0.00147207 0.0413714 0.0419869
67
1
-0.282942 12.8495 -1.34045
0.0215765 0.00108008 0.0248042
68
1
-0.292441 12.8328 -1.39689
-0.0145637 0.00126192 0.0471747
69
1
-0.31582 12.8214 -1.46454
0.0277494 0.0180661 0.0248395
70
1
-0.332986 12.8042 -1.53221
0.0187148 0.00482308 0.0675318
71
1
-0.346564 12.7788 -1.60779
-0.0117925 0.0221197 0.0711401
72
1
-0.360909 12.7521 -1.67343
0.00664747 0.0261243 0.033654
73
1
-0.37959 12.7209 -1.71952
0.0122032 0.0161602 0.0182828
74
1
-0.407303 12.698 -1.75533
0.0154573 0.0101574 0.0120782
75
1
-0.436449 12.6789 -1.78599
0.0197355 0.00779306 0.0094895
76
1
-0.470675 12.6613 -1.81097
0.0181616 0.0066973 0.00637595
77
1
-0.511908 12.6448 -1.83311
0.0193902 0.00747421 0.0042748
78
1
-0.556525 12.6307 -1.85827
0.0260921 0.00899164 0.01001
79
1
-0.602187 12.6199 -1.88713
0.0246504 0.00489691 0.0206432
80
1
-0.645503 12.6129 -1.91881
0.0205071 -0.000265691 0.0201603
81
1
-0.685702 12.6105 -1.95154
0.0189907 -0.00438503 0.0138606
82
1
-0.721832 12.6095 -1.98353
0.0157544 -0.00481426 0.0152906
83
1
-0.754052 12.6067 -2.01204
0.0132873 -0.00208448 0.013511
84
1
-0.784582 12.6 -2.0397
0.0131023 0.00211146 0.00772549
85
1
-0.816276 12.5886 -2.06811
0.0118665 0.00537027 0.0103057
86
1
-0.847322 12.5712 -2.0992
0.0127259 0.0113383 0.0158561
87
1
-0.880141 12.5466 -2.13508
0.0161556 0.0178671 0.0231352
88
1
-0.91322 12.5179 -2.17402
0.0154187 0.0150568 0.0202187
89
1
-0.945161 12.4858 -2.21088
0.0206016 0.0185546 0.018179
90
1
-0.973383 12.4508 -2.24653
0.0269264 0.0269474 0.0165661
91
1
-0.991297 12.4154 -2.28471
0.00408541 0.016096 0.0133137
92
1
-0.995702 12.3837 -2.32363
-0.00610988 0.00624576 0.0132836
93
1
-0.994979 12.3519 -2.37439
-0.00269448 0.0144678 0.0284393
94
1
-0.987257 12.3141 -2.43602
-0.000702729 0.023555 0.0396056
95
1
-0.962368 12.275 -2.49634
-0.0226778 0.0161798 0.0237048
96
1
-0.920892 12.2344 -2.551
-0.0322501 0.0201889 0.023228
97
1
-0.870873 12.1947 -2.60333
-0.0304342 0.0157565 0.0200226
98
1
-0.818801 12.1555 -2.65558
-0.0189788 0.0187048 0.0208497
99
1
-0.755019 12.0931 -2.73385
-0.0374064 0.0436219 0.0510016
100
1
-0.691525 12.0339 -2.81899
-0.0327221 0.0264762 0.0460816
101
1
-0.624975 11.9972 -2.90841
-0.0321954 0.00840433 0.0521708
102
1
-0.566049 11.9706 -2.98665
-0.0174561 0.00583825 0.0170732
103
1
-0.441396 11.9457 -3.0834
-0.0680272 0.00604542 0.0369683
104
1
-0.206449 11.9272 -3.19238
-0.0746248 0.00355315 0.0221442
105
1
-0.338442 6.05109 -0.0575219
0.0197916 -0.0461122 0.0106065
106
1
-1.0789 12.1635 -0.0776727
-0.0531374 0.0411455 -0.0394375
107
1
0.96338 12.2443 0.078937
-0.0246705 -0.0155454 -0.0508068
108
1
0.342349 6.05224 -0.0520146
0.0202986 0.0445796 -0.00757761
109
1
0.207664 11.9271 -3.19208
-0.0746171 -0.00349708 -0.022179
110
1
0.442442 11.9454 -3.08289
-0.0680172 -0.00595817 -0.0370287
111
1
0.567003 11.9701 -2.98604
-0.0174394 -0.00578979 -0.017076
112
1
0.62587 11.9965 -2.90778
-0.0321672 -0.00826622 -0.0521859
113
1
0.692327 12.033 -2.81837
-0.0326745 -0.0263502 -0.0460599
114
1
0.755741 12.092 -2.73337
-0.0373738 -0.0434751 -0.0508733
115
1
0.819458 12.1542 -2.65543
-0.0189682 -0.0186687 -0.0207051
116
1
0.871402 12.1934 -2.60358
-0.0304177 -0.0158054 -0.019736
117
1
0.921214 12.2333 -2.55185
-0.0322893 -0.020245 -0.022819
118
1
0.962503 12.274 -2.49792
-0.0227931 -0.0162168 -0.0233581
119
1
0.987282 12.3134 -2.4383
-0.000588483 -0.0239572 -0.0391146
120
1
0.994462 12.3512 -2.37747
-0.00251195 -0.0144943 -0.0280786
121
1
0.994405 12.3824 -2.3273
-0.00614353 -0.00597569 -0.0131419
122
1
0.989514 12.413 -2.2888
0.00413257 -0.0155089 -0.0129102
123
1
0.971096 12.4469 -2.2511
0.0273337 -0.0257934 -0.0157937
124
1
0.942469 12.4801 -2.21614
0.0211514 -0.0173756 -0.017794
125
1
0.909815 12.5103 -2.17979
0.0162068 -0.0139969 -0.0200777
126
1
0.875958 12.5368 -2.14116
0.0167787 -0.0166226 -0.022953
127
1
0.842952 12.5591 -2.10535
0.0128122 -0.0104254 -0.0158636
128
1
0.812314 12.5742 -2.07404
0.0115554 -0.00471149 -0.0104699
129
1
0.781522 12.5834 -2.04521
0.0123922 -0.00141159 -0.0077926
130
1
0.752395 12.5879 -2.01713
0.0126727 0.00317593 -0.0140458
131
1
0.721759 12.5882 -1.98821
0.0148924 0.00607496 -0.0153657
132
1
0.687379 12.5862 -1.9555
0.0174965 0.00559168 -0.0126439
133
1
0.648666 12.5847 -1.92134
0.0197137 0.00242076 -0.0217236
134
1
0.606528 12.5867 -1.88713
0.0246542 -0.00150869 -0.0241079
135
1
0.56211 12.5923 -1.85584
0.0258849 -0.005158 -0.0118147
136
1
0.518609 12.6004 -1.82836
0.0191818 -0.00464643 -0.00456921
137
1
0.48004 12.613 -1.80393
0.0182481 -0.00418292 -0.00676877
138
1
0.450024 12.6273 -1.77747
0.0191526 -0.00537619 -0.010007
139
1
0.425711 12.6431 -1.74668
0.0134462 -0.0085243 -0.0123596
140
1
0.403732 12.6641 -1.71168
0.00756633 -0.0151662 -0.0192242
141
1
0.393319 12.6914 -1.66545
-0.002279 -0.0250493 -0.0351089
142
1
0.388507 12.7168 -1.60117
-0.0217209 -0.0167182 -0.0681329
143
1
0.386436 12.7405 -1.5303
0.0143687 -0.00649259 -0.0550233
144
1
0.378781 12.758 -1.46333
0.0160756 -0.0220705 -0.0281695
145
1
0.367787 12.7747 -1.38955
-0.0206184 -0.000742409 -0.0559904
146
1
0.365917 12.792 -1.33163
0.0176582 -0.00302564 -0.0215786
147
1
0.366968 12.8142 -1.26717
-0.0163687 -0.0405359 -0.0625544
148
1
0.387486 12.8462 -1.15004
-0.0424667 -0.0031937 -0.0652551
149
1
0.414608 12.8949 -1.0927
0.0378918 -0.00759907 0.0447587
150
1
0.45794 12.9546 -1.03379
-0.0664471 -0.00924839 -0.0372537
151
1
0.487089 12.9693 -1.00413
-0.00791237 -0.00699094 -0.0176489
152
1
0.570109 13.0006 -1.00223
-0.00241105 0.000272461 0.00882847
153
1
-0.188784 14.4202 -1.3474
-0.0464357 -0.0568875 -0.0260651
154
1
0.164272 13.7817 0.000685246
0.0326234 0.0226754 0.0208214
155
1
-0.0289159 15.777 -0.0577977
-0.0567468 0.0279786 0.0454847
156
1
0.152171 13.7742 0.0560136
-0.0323994 -0.0223824 0.00471706
157
1
0.207819 14.4347 1.21098
-0.065195 -0.0208443 -0.0372421
158
1
0.45235 13.0116 0.9608
0.00584627 0.00305993 0.00846582
159
1
0.359779 12.9932 0.995943
0.00749251 0.00437638 -0.0278852
160
1
0.329066 12.978 1.04299
0.0605233 0.00558279 -0.0487608
161
1
0.290157 12.934 1.12961
-0.0421055 0.00971841 0.0446637
162
1
0.279381 12.8915 1.18773
0.0450792 -0.00282644 -0.0634959
163
1
0.275913 12.8704 1.28487
0.00147052 0.0413719 -0.0419875
164
1
0.282931 12.8495 1.34047
-0.0215776 0.00108021 -0.0248047
165
1
0.292431 12.8328 1.3969
0.014563 0.00126289 -0.0471754
166
1
0.315811 12.8214 1.46456
-0.0277495 0.0180665 -0.0248396
167
1
0.332979 12.8042 1.53222
-0.0187161 0.00482355 -0.0675304
168
1
0.346558 12.7788 1.6078
0.0117909 0.0221194 -0.0711407
169
1
0.360905 12.7521 1.67344
-0.00664861 0.0261237 -0.033654
170
1
0.379587 12.7209 1.71953
-0.012204 0.0161598 -0.0182826
171
1
0.407301 12.698 1.75535
-0.0154579 0.0101572 -0.0120779
172
1
0.436448 12.6789 1.786
-0.0197359 0.00779293 -0.00948918
173
1
0.470675 12.6613 1.81099
-0.0181617 0.00669722 -0.00637559
174
1
0.511909 12.6448 1.83312
-0.0193902 0.0074742 -0.00427441
175
1
0.556527 12.6307 1.85828
-0.0260923 0.00899175 -0.0100093
176
1
0.602189 12.62 1.88714
-0.0246506 0.00489717 -0.0206424
177
1
0.645506 12.6129 1.91882
-0.0205074 -0.000265419 -0.02016
178
1
0.685705 12.6106 1.95154
-0.0189912 -0.00438485 -0.0138609
179
1
0.721835 12.6095 1.98354
-0.0157546 -0.00481401 -0.0152904
180
1
0.754055 12.6067 2.01204
-0.0132875 -0.00208426 -0.0135108
181
1
0.784586 12.6 2.03971
-0.0131025 0.00211161 -0.00772535
182
1
0.81628 12.5886 2.06812
-0.0118666 0.00537044 -0.0103055
183
1
0.847326 12.5712 2.09921
-0.0127259 0.0113385 -0.0158559
184
1
0.880146 12.5466 2.13509
-0.0161555 0.0178674 -0.0231349
185
1
0.913224 12.518 2.17402
-0.0154186 0.0150571 -0.0202185
186
1
0.945165 12.4858 2.21089
-0.0206015 0.0185549 -0.0181789
187
1
0.973386 12.4508 2.24654
-0.0269264 0.0269478 -0.016566
188
1
0.991301 12.4154 2.28471
-0.00408528 0.0160961 -0.0133136
189
1
0.995705 12.3837 2.32364
0.00611 0.00624576 -0.0132835
190
1
0.994982 12.3519 2.3744
0.00269472 0.0144679 -0.0284391
191
1
0.987259 12.3141 2.43602
0.000703034 0.0235552 -0.0396054
192
1
0.96237 12.275 2.49635
0.022678 0.0161798 -0.0237046
193
1
0.920893 12.2344 2.55101
0.0322502 0.0201889 -0.0232278
