194
0
1
0.60918 11.2423 2.09667
0.00904183 0.00772008 -0.0448628
1
1
0.591406 11.2117 2.17526
0.00616625 0.00940165 -0.0301484
2
1
0.55285 11.1734 2.27232
0.0396265 0.0317984 -0.05908
3
1
0.509093 11.1344 2.37547
0.0174652 0.0151015 -0.0494523
4
1
0.476779 11.1042 2.474
0.00552824 0.0143668 -0.0494467
5
1
0.446157 11.0771 2.55717
0.00731951 0.00458768 -0.0236918
6
1
0.358885 11.0579 2.66001
0.066362 0.00480836 -0.0405563
7
1
0.169422 11.0194 2.78103
0.0663784 0.0252509 -0.0320648
8
1
0.555304 6.85882 0.0606477
0.00813258 0.048867 -0.0082618
9
1
1.64434 13.6564 0.0852069
-0.0450337 -0.0417644 0.00576735
10
1
-1.64524 13.6624 0.0704083
-0.0458273 0.0413275 -0.0101255
11
1
-0.556883 6.86049 0.0488576
0.00799672 -0.0486691 0.00986626
12
1
-0.169445 11.0194 2.78103
0.0663787 -0.0252497 0.0320651
13
1
-0.358908 11.0579 2.66001
0.0663614 -0.00480739 0.0405575
14
1
-0.44618 11.0771 2.55716
0.00731966 -0.00458769 0.0236922
15
1
-0.476801 11.1042 2.47399
0.00552782 -0.0143672 0.0494472
16
1
-0.509115 11.1344 2.37547
0.0174652 -0.0151013 0.0494523
17
1
-0.552871 11.1734 2.27231
0.0396266 -0.0317974 0.0590805
18
1
-0.591426 11.2117 2.17525
0.00616586 -0.009401 0.0301484
19
1
-0.609199 11.2423 2.09667
0.00904151 -0.00771937 0.0448631
20
1
-0.617882 11.2803 2.01958
0.00684597 -0.0206323 0.0408777
21
1
-0.613726 11.3302 1.9494
-0.0125539 -0.0273561 0.0240404
22
1
-0.600894 11.3905 1.89055
-0.0132336 -0.0362149 0.0272508
23
1
-0.592673 11.4588 1.83808
-0.00236348 -0.0381262 0.0252506
24
1
-0.594258 11.5252 1.7935
0.00474106 -0.025349 0.0149865
25
1
-0.601224 11.5854 1.75488
0.00619849 -0.0289006 0.0153662
26
1
-0.611209 11.6426 1.71779
0.00548834 -0.030553 0.016684
27
1
-0.623114 11.6952 1.67961
0.00510922 -0.0236182 0.0174874
28
1
-0.634485 11.7429 1.63691
0.00428399 -0.020145 0.0190608
29
1
-0.645135 11.7882 1.58909
0.00716357 -0.021515 0.0260786
30
1
-0.655987 11.8312 1.54072
0.00555455 -0.0164173 0.0244954
31
1
-0.663649 11.8733 1.49175
0.00333254 -0.0172735 0.0230337
32
1
-0.666861 11.9182 1.4429
0.00125565 -0.0256803 0.0263994
33
1
-0.666008 11.9631 1.39501
-0.00220258 -0.0262129 0.0274608
34
1
-0.662653 12.0067 1.34828
-0.00260195 -0.0220658 0.0255709
35
1
-0.658182 12.0491 1.30018
-0.000533148 -0.0216927 0.0251364
36
1
-0.652885 12.0901 1.25342
-0.00183787 -0.0202904 0.0241075
37
1
-0.646245 12.1296 1.2093
-0.00449909 -0.0196525 0.0224166
38
1
-0.638193 12.1698 1.16912
-0.00389542 -0.0196116 0.0186245
39
1
-0.630187 12.2097 1.13393
-0.0020194 -0.016408 0.0151211
40
1
-0.622263 12.2476 1.10494
-0.00293819 -0.0150417 0.0136887
41
1
-0.613068 12.2838 1.08036
-0.00492636 -0.0158856 0.0111009
42
1
-0.602115 12.3204 1.05825
-0.00491845 -0.0171844 0.00958742
43
1
-0.589058 12.3582 1.03865
-0.00561708 -0.0199341 0.00897934
44
1
-0.572803 12.3979 1.02232
-0.00906738 -0.023898 0.00697757
45
1
-0.552907 12.4393 1.00754
-0.0101794 -0.022999 0.00495336
46
1
-0.528079 12.48 0.995602
-0.00942788 -0.0188531 0.00390845
47
1
-0.499487 12.5179 0.986061
-0.0130908 -0.0193072 0.00205552
48
1
-0.464308 12.5535 0.979407
-0.0184017 -0.0194124 0.00276487
49
1
-0.421257 12.5846 0.975423
-0.0277556 -0.0143908 0.0032034
50
1
-0.370947 12.6127 0.971217
-0.0365218 -0.00881086 0.000824415
51
1
-0.312607 12.6432 0.962099
-0.0367931 -0.0106913 -0.00414435
52
1
-0.26104 12.6908 0.957788
-0.0227109 -0.0305054 -0.00177089
53
1
-0.200248 12.7577 0.948267
-0.0314429 -0.0536302 0.0469786
54
1
-0.117448 12.7885 0.888953
-0.0467474 -0.0190425 0.0178028
55
1
-0.109794 12.9169 0.862037
0.0302203 -0.0245477 0.000191106
56
1
-0.0249752 12.9368 1.1412
-0.00181366 -0.0142452 0.0329223
57
1
-0.0299532 13.4069 0.22645
0.0046104 0.0185878 0.0659666
58
1
-0.0615336 13.6764 5.09495e-005
9.81604e-005 3.1856e-005 0.077922
59
1
-0.0298827 13.4069 -0.226509
-0.00471148 -0.018613 0.0659684
60
1
-0.0257339 12.9369 -1.14118
0.00143782 0.0142694 0.0329664
61
1
-0.109277 12.917 -0.861687
-0.0287726 0.0258523 -0.00120919
62
1
-0.119295 12.7892 -0.89043
0.0456045 0.0176182 0.0175209
63
1
-0.201525 12.7586 -0.948831
0.0309513 0.0541777 0.0466759
64
1
-0.261429 12.6916 -0.958017
0.0226997 0.0307545 -0.00199541
65
1
-0.312794 12.6439 -0.962336
0.0368597 0.0107729 -0.00424659
66
1
-0.371047 12.6131 -0.971407
0.0365696 0.00883491 0.000805719
67
1
-0.421324 12.5849 -0.975536
0.0277769 0.0143992 0.0032131
68
1
-0.464362 12.5537 -0.979463
0.0184016 0.0194253 0.00276674
69
1
-0.499543 12.5181 -0.986104
0.0130887 0.0193207 0.00205227
70
1
-0.528143 12.4802 -0.995633
0.00942655 0.018866 0.00390438
71
1
-0.55297 12.4395 -1.00756
0.0101778 0.0230135 0.00494841
72
1
-0.572857 12.3981 -1.02234
0.00906595 0.0239101 0.00697447
73
1
-0.589107 12.3583 -1.03867
0.00561591 0.0199429 0.00897748
74
1
-0.602157 12.3205 -1.05827
0.00491708 0.0171909 0.0095863
75
1
-0.613103 12.2839 -1.08038
0.00492481 0.0158908 0.0111
76
1
-0.622291 12.2477 -1.10496
0.00293698 0.015046 0.0136882
77
1
-0.63021 12.2098 -1.13394
0.00201849 0.0164122 0.0151207
78
1
-0.63821 12.1699 -1.16913
0.00389414 0.019616 0.0186241
79
1
-0.646256 12.1297 -1.20932
0.00449769 0.0196564 0.0224162
80
1
-0.652891 12.0901 -1.25343
0.0018369 0.020294 0.0241073
81
1
-0.658184 12.0491 -1.3002
0.000532408 0.0216961 0.0251363
82
1
-0.662651 12.0067 -1.3483
0.00260116 0.0220688 0.0255707
83
1
-0.666003 11.9632 -1.39503
0.00220187 0.026216 0.0274607
84
1
-0.666852 11.9183 -1.44291
-0.00125606 0.0256829 0.0263994
85
1
-0.663638 11.8733 -1.49177
-0.0033327 0.0172752 0.0230336
86
1
-0.655974 11.8313 -1.54073
-0.00555457 0.0164189 0.0244953
87
1
-0.64512 11.7883 -1.5891
-0.0071635 0.0215167 0.0260784
88
1
-0.634469 11.7429 -1.63692
-0.00428388 0.0201463 0.0190605
89
1
-0.623097 11.6952 -1.67962
-0.00510899 0.0236192 0.0174869
90
1
-0.611192 11.6426 -1.7178
-0.00548798 0.030554 0.0166834
91
1
-0.601207 11.5854 -1.75489
-0.00619797 0.0289014 0.0153657
92
1
-0.59424 11.5253 -1.79352
-0.00474048 0.0253496 0.0149862
93
1
-0.592656 11.4588 -1.83809
0.00236425 0.0381266 0.02525
94
1
-0.600877 11.3905 -1.89056
0.013234 0.0362147 0.02725
95
1
-0.613709 11.3303 -1.94941
0.012554 0.0273561 0.0240398
96
1
-0.617865 11.2803 -2.01958
-0.00684627 0.0206327 0.0408776
97
1
-0.60918 11.2423 -2.09667
-0.00904182 0.00772008 0.0448628
98
1
-0.591406 11.2117 -2.17526
-0.00616625 0.00940165 0.0301484
99
1
-0.55285 11.1734 -2.27232
-0.0396265 0.0317984 0.05908
100
1
-0.509093 11.1344 -2.37547
-0.0174652 0.0151015 0.0494523
101
1
-0.476779 11.1042 -2.474
-0.00552824 0.0143668 0.0494467
102
1
-0.446157 11.0771 -2.55717
-0.00731951 0.00458768 0.0236918
103
1
-0.358884 11.0579 -2.66001
-0.066362 0.00480836 0.0405563
104
1
-0.169422 11.0194 -2.78103
-0.0663784 0.0252509 0.0320648
105
1
-0.555298 6.85881 -0.0606886
-0.00813322 0.048868 0.00825718
106
1
-1.64433 13.6564 -0.0852896
0.0450353 -0.0417646 -0.00576332
107
1
1.64523 13.6624 -0.0704909
0.0458294 0.0413277 0.0101213
108
1
0.55688 6.86048 -0.0488987
-0.00799758 -0.0486702 -0.00986168
109
1
0.169445 11.0194 -2.78103
-0.0663787 -0.0252497 -0.0320651
110
1
0.358908 11.0579 -2.66001
-0.0663614 -0.00480739 -0.0405575
111
1
0.44618 11.0771 -2.55716
-0.00731966 -0.0045877 -0.0236922
112
1
0.476801 11.1042 -2.47399
-0.00552782 -0.0143672 -0.0494472
113
1
0.509115 11.1344 -2.37547
-0.0174652 -0.0151013 -0.0494523
114
1
0.552871 11.1734 -2.27231
-0.0396266 -0.0317974 -0.0590805
115
1
0.591426 11.2117 -2.17525
-0.00616586 -0.009401 -0.0301484
116
1
0.609199 11.2423 -2.09667
-0.0090415 -0.00771938 -0.0448631
117
1
0.617882 11.2803 -2.01958
-0.00684596 -0.0206323 -0.0408777
118
1
0.613726 11.3302 -1.9494
0.0125539 -0.0273561 -0.0240404
119
1
0.600894 11.3905 -1.89055
0.0132336 -0.0362149 -0.0272508
120
1
0.592673 11.4588 -1.83808
0.00236348 -0.0381262 -0.0252506
121
1
0.594258 11.5252 -1.7935
-0.00474106 -0.025349 -0.0149865
122
1
0.601224 11.5854 -1.75488
-0.00619849 -0.0289006 -0.0153662
123
1
0.611209 11.6426 -1.71779
-0.00548834 -0.030553 -0.016684
124
1
0.623114 11.6952 -1.67961
-0.00510922 -0.0236182 -0.0174874
125
1
0.634485 11.7429 -1.63691
-0.00428399 -0.020145 -0.0190608
126
1
0.645135 11.7882 -1.58909
-0.00716357 -0.021515 -0.0260786
127
1
0.655987 11.8312 -1.54072
-0.00555455 -0.0164173 -0.0244954
128
1
0.663649 11.8733 -1.49176
-0.00333254 -0.0172735 -0.0230337
129
1
0.666861 11.9182 -1.4429
-0.00125565 -0.0256803 -0.0263994
130
1
0.666008 11.9631 -1.39501
0.00220258 -0.0262129 -0.0274608
131
1
0.662653 12.0067 -1.34828
0.00260194 -0.0220658 -0.0255709
132
1
0.658182 12.0491 -1.30018
0.000533148 -0.0216927 -0.0251364
133
1
0.652885 12.0901 -1.25342
0.00183787 -0.0202904 -0.0241075
134
1
0.646245 12.1296 -1.2093
0.00449909 -0.0196525 -0.0224166
135
1
0.638193 12.1698 -1.16912
0.00389542 -0.0196116 -0.0186245
136
1
0.630187 12.2097 -1.13393
0.00201939 -0.016408 -0.0151211
137
1
0.622263 12.2476 -1.10494
0.00293818 -0.0150417 -0.0136887
138
1
0.613068 12.2838 -1.08036
0.00492636 -0.0158856 -0.0111009
139
1
0.602115 12.3204 -1.05825
0.00491845 -0.0171844 -0.00958742
140
1
0.589058 12.3582 -1.03865
0.00561707 -0.0199341 -0.00897935
141
1
0.572803 12.3979 -1.02232
0.00906737 -0.023898 -0.00697758
142
1
0.552907 12.4393 -1.00754
0.0101794 -0.022999 -0.00495337
143
1
0.528079 12.48 -0.995603
0.00942787 -0.0188531 -0.00390845
144
1
0.499487 12.5179 -0.986061
0.0130908 -0.0193072 -0.00205552
145
1
0.464308 12.5535 -0.979407
0.0184017 -0.0194124 -0.00276487
146
1
0.421257 12.5846 -0.975423
0.0277556 -0.0143909 -0.00320339
147
1
0.370947 12.6127 -0.971217
0.0365218 -0.0088109 -0.000824407
148
1
0.312607 12.6432 -0.962099
0.0367931 -0.0106913 0.00414434
149
1
0.261041 12.6908 -0.957788
0.0227109 -0.0305054 0.00177091
150
1
0.200248 12.7577 -0.948267
0.0314427 -0.0536305 -0.0469785
151
1
0.117449 12.7885 -0.888954
0.0467473 -0.0190426 -0.0178031
152
1
0.109795 12.9169 -0.862037
-0.03022 -0.0245477 -0.00019062
153
1
0.0249755 12.9368 -1.14121
0.00181376 -0.0142452 -0.032922
154
1
0.0299532 13.4069 -0.22645
-0.0046104 0.0185878 -0.0659666
155
1
0.0615336 13.6764 -5.11931e-005
-9.82e-005 3.18724e-005 -0.077922
156
1
0.0298827 13.4069 0.226508
0.00471148 -0.018613 -0.0659684
157
1
0.0257336 12.9369 1.14117
-0.00143772 0.0142694 -0.0329667
158
1
0.109276 12.917 0.861686
0.0287728 0.0258524 0.00120882
159
1
0.119294 12.7892 0.89043
-0.0456046 0.017618 -0.0175207
160
1
0.201525 12.7586 0.948831
-0.0309515 0.0541775 -0.046676
161
1
0.261429 12.6916 0.958017
-0.0226997 0.0307546 0.0019954
162
1
0.312794 12.6439 0.962336
-0.0368598 0.0107729 0.00424662
163
1
0.371047 12.6131 0.971407
-0.0365696 0.00883488 -0.000805726
164
1
0.421324 12.5849 0.975535
-0.027777 0.0143992 -0.00321311
165
1
0.464362 12.5537 0.979463
-0.0184016 0.0194253 -0.00276674
166
1
0.499543 12.5181 0.986104
-0.0130887 0.0193207 -0.00205226
167
1
0.528143 12.4802 0.995633
-0.00942656 0.018866 -0.00390437
168
1
0.55297 12.4395 1.00756
-0.0101778 0.0230135 -0.0049484
169
1
0.572857 12.3981 1.02234
-0.00906595 0.0239101 -0.00697446
170
1
0.589107 12.3583 1.03867
-0.00561591 0.0199429 -0.00897747
171
1
0.602157 12.3205 1.05827
-0.00491708 0.0171909 -0.0095863
172
1
0.613103 12.2839 1.08038
-0.00492481 0.0158908 -0.0111
173
1
0.622291 12.2477 1.10496
-0.00293698 0.015046 -0.0136882
174
1
0.63021 12.2098 1.13394
-0.00201849 0.0164122 -0.0151207
175
1
0.63821 12.1699 1.16913
-0.00389414 0.019616 -0.0186241
176
1
0.646256 12.1297 1.20932
-0.00449769 0.0196564 -0.0224162
177
1
0.652891 12.0901 1.25343
-0.0018369 0.020294 -0.0241073
178
1
0.658184 12.0491 1.3002
-0.000532408 0.0216961 -0.0251363
179
1
0.662651 12.0067 1.3483
-0.00260116 0.0220688 -0.0255707
180
1
0.666003 11.9632 1.39503
-0.00220187 0.026216 -0.0274607
181
1
0.666852 11.9183 1.44291
0.00125606 0.0256829 -0.0263994
182
1
0.663638 11.8733 1.49177
0.0033327 0.0172752 -0.0230336
183
1
0.655974 11.8313 1.54073
0.00555457 0.0164189 -0.0244953
184
1
0.64512 11.7883 1.5891
0.0071635 0.0215167 -0.0260784
185
1
0.634469 11.7429 1.63692
0.00428388 0.0201463 -0.0190605
186
1
0.623097 11.6952 1.67962
0.00510899 0.0236192 -0.0174869
187
1
0.611192 11.6426 1.7178
0.00548798 0.030554 -0.0166834
188
1
0.601207 11.5854 1.75489
0.00619797 0.0289014 -0.0153657
189
1
0.59424 11.5253 1.79352
0.00474047 0.0253496 -0.0149862
190
1
0.592656 11.4588 1.83809
-0.00236426 0.0381266 -0.02525
191
1
0.600877 11.3905 1.89056
-0.013234 0.0362147 -0.02725
192
1
0.613709 11.3303 1.94941
-0.012554 0.0273561 -0.0240398
193
1
0.617865 11.2803 2.01958
0.00684628 0.0206327 -0.0408776
