194
0
1
1.24737 8.47319 0.675726
0.0553688 0.0145592 0.0033602
1
1
1.14027 8.4443 0.661896
0.054208 0.0152994 0.00909226
2
1
1.02785 8.41265 0.635892
0.057719 0.016338 0.0171862
3
1
0.912228 8.3774 0.597951
0.058372 0.0174134 0.0244287
4
1
0.791654 8.33581 0.546499
0.0601218 0.0202201 0.0290013
5
1
0.666122 8.28976 0.475643
0.0605518 0.0267781 0.0408135
6
1
0.532676 8.23193 0.372217
0.0530938 0.0307425 0.0464314
7
1
0.381801 8.15944 0.201103
0.0413984 0.0160633 0.063275
8
1
0.666082 6.6308 0.0625963
0.0204981 0.04099 -0.0100828
9
1
0.0481345 11.5166 0.514103
0.000763134 -0.0223435 -0.0746461
10
1
-0.0481345 11.5166 0.514103
0.000763135 0.0223435 0.0746461
11
1
-0.666082 6.6308 0.0625924
0.0204979 -0.0409896 0.0100828
12
1
-0.381801 8.15944 0.201103
0.0413984 -0.0160633 -0.063275
13
1
-0.532676 8.23193 0.372217
0.0530938 -0.0307425 -0.0464314
14
1
-0.666122 8.28976 0.475643
0.0605518 -0.0267781 -0.0408135
15
1
-0.791654 8.33581 0.546499
0.0601218 -0.0202201 -0.0290013
16
1
-0.912228 8.3774 0.597951
0.058372 -0.0174134 -0.0244287
17
1
-1.02785 8.41265 0.635892
0.057719 -0.016338 -0.0171862
18
1
-1.14027 8.4443 0.661896
0.054208 -0.0152994 -0.00909227
19
1
-1.24737 8.47319 0.675726
0.0553688 -0.0145592 -0.0033602
20
1
-1.34742 8.49834 0.6784
0.0477745 -0.0101745 0.00286069
21
1
-1.44104 8.51959 0.672097
0.0444569 -0.00939643 0.00520869
22
1
-1.52792 8.5388 0.659528
0.0429627 -0.0104195 0.00845955
23
1
-1.61133 8.55801 0.642192
0.0387768 -0.0104449 0.0108755
24
1
-1.6915 8.57773 0.622751
0.0383566 -0.0101547 0.0112388
25
1
-1.76875 8.59761 0.603073
0.0388691 -0.00986886 0.0116031
26
1
-1.84346 8.61715 0.583562
0.0349238 -0.00895475 0.0105253
27
1
-1.91487 8.63529 0.564702
0.0331727 -0.00803132 0.00966054
28
1
-1.98433 8.65116 0.546515
0.0347096 -0.00703517 0.00968392
29
1
-2.05356 8.66511 0.529369
0.0349734 -0.00601605 0.00911047
30
1
-2.12211 8.67754 0.51467
0.0342134 -0.00539323 0.00720225
31
1
-2.19006 8.68857 0.502978
0.0339271 -0.00508025 0.00566064
32
1
-2.25712 8.69813 0.494451
0.0333048 -0.00417948 0.00399887
33
1
-2.3224 8.70649 0.489185
0.0329822 -0.00326322 0.00183542
34
1
-2.38598 8.71436 0.487047
0.0322736 -0.00323 -9.12729e-005
35
1
-2.44761 8.72213 0.487852
0.0297177 -0.00317192 -0.00203961
36
1
-2.50654 8.72986 0.491426
0.0278298 -0.00279421 -0.00347481
37
1
-2.56375 8.73852 0.496446
0.0279343 -0.00347668 -0.0032615
38
1
-2.62 8.74846 0.501884
0.027583 -0.0046066 -0.00319154
39
1
-2.67478 8.75966 0.507778
0.0260443 -0.00508307 -0.00444845
40
1
-2.72734 8.77251 0.512986
0.0255623 -0.006591 -0.00415449
41
1
-2.77758 8.78732 0.516309
0.024983 -0.00869714 -0.00209136
42
1
-2.82574 8.80304 0.516553
0.0230041 -0.00879721 -0.00126692
43
1
-2.87179 8.81995 0.512584
0.0221472 -0.00882187 -0.000134441
44
1
-2.9161 8.83867 0.504004
0.0221314 -0.0105055 0.00446036
45
1
-2.95962 8.85852 0.490674
0.0213931 -0.0118391 0.00870971
46
1
-3.00269 8.87822 0.47255
0.0212641 -0.0112447 0.00911582
47
1
-3.04559 8.89535 0.449155
0.0213087 -0.00872221 0.012866
48
1
-3.08702 8.90901 0.419057
0.0209453 -0.00663543 0.020192
49
1
-3.12581 8.91982 0.384463
0.0198281 -0.00484173 0.0216253
50
1
-3.1618 8.92809 0.347212
0.0175439 -0.00295565 0.0187707
51
1
-3.19575 8.93435 0.307724
0.0166726 -0.00177801 0.0198289
52
1
-3.22807 8.93842 0.265756
0.0185019 -0.000354675 0.0239471
53
1
-3.25827 8.94089 0.221594
0.0189629 -2.56236e-005 0.0254168
54
1
-3.2846 8.94215 0.176727
0.0160142 -0.000421473 0.0231542
55
1
-3.30536 8.94293 0.132289
0.0116913 -0.000143822 0.0220009
56
1
-3.31946 8.94392 0.0883332
0.00658716 0.000601075 0.0222282
57
1
-3.32716 8.94384 0.0440912
0.00180877 0.000445038 0.022143
58
1
-3.32922 8.94328 -3.39651e-009
2.04333e-011 4.96403e-011 0.0220422
59
1
-3.32716 8.94384 -0.0440912
-0.00180877 -0.000445038 0.022143
60
1
-3.31946 8.94392 -0.0883332
-0.00658716 -0.000601075 0.0222282
61
1
-3.30536 8.94293 -0.132289
-0.0116913 0.000143822 0.0220009
62
1
-3.2846 8.94215 -0.176727
-0.0160142 0.000421473 0.0231542
63
1
-3.25827 8.94089 -0.221594
-0.0189629 2.56237e-005 0.0254168
64
1
-3.22807 8.93842 -0.265756
-0.0185019 0.000354675 0.0239471
65
1
-3.19575 8.93435 -0.307724
-0.0166726 0.00177801 0.0198289
66
1
-3.1618 8.92809 -0.347212
-0.0175439 0.00295565 0.0187707
67
1
-3.12581 8.91982 -0.384463
-0.0198281 0.00484173 0.0216253
68
1
-3.08702 8.90901 -0.419057
-0.0209453 0.00663544 0.020192
69
1
-3.04559 8.89535 -0.449155
-0.0213087 0.00872221 0.012866
70
1
-3.00269 8.87822 -0.47255
-0.0212641 0.0112447 0.00911582
71
1
-2.95962 8.85852 -0.490674
-0.0213931 0.0118391 0.00870971
72
1
-2.9161 8.83867 -0.504004
-0.0221314 0.0105055 0.00446036
73
1
-2.87179 8.81995 -0.512584
-0.0221472 0.00882187 -0.000134442
74
1
-2.82574 8.80304 -0.516553
-0.0230041 0.00879721 -0.00126692
75
1
-2.77758 8.78732 -0.516309
-0.024983 0.00869714 -0.00209136
76
1
-2.72734 8.77251 -0.512986
-0.0255623 0.006591 -0.00415449
77
1
-2.67478 8.75966 -0.507778
-0.0260443 0.00508307 -0.00444845
78
1
-2.62 8.74846 -0.501884
-0.027583 0.0046066 -0.00319154
79
1
-2.56375 8.73852 -0.496446
-0.0279343 0.00347668 -0.0032615
80
1
-2.50654 8.72986 -0.491426
-0.0278298 0.00279421 -0.00347481
81
1
-2.44761 8.72213 -0.487852
-0.0297177 0.00317192 -0.00203961
82
1
-2.38598 8.71436 -0.487047
-0.0322736 0.00323 -9.12728e-005
83
1
-2.3224 8.70649 -0.489185
-0.0329822 0.00326322 0.00183542
84
1
-2.25712 8.69813 -0.494451
-0.0333048 0.00417948 0.00399887
85
1
-2.19006 8.68857 -0.502978
-0.0339271 0.00508025 0.00566064
86
1
-2.12211 8.67754 -0.51467
-0.0342134 0.00539323 0.00720225
87
1
-2.05356 8.66511 -0.529369
-0.0349734 0.00601605 0.00911047
88
1
-1.98433 8.65116 -0.546515
-0.0347096 0.00703517 0.00968392
89
1
-1.91487 8.63529 -0.564702
-0.0331727 0.00803132 0.00966055
90
1
-1.84346 8.61715 -0.583562
-0.0349238 0.00895475 0.0105253
91
1
-1.76875 8.59761 -0.603073
-0.0388691 0.00986886 0.0116031
92
1
-1.6915 8.57773 -0.622751
-0.0383566 0.0101547 0.0112388
93
1
-1.61133 8.55801 -0.642192
-0.0387768 0.0104449 0.0108755
94
1
-1.52792 8.5388 -0.659528
-0.0429627 0.0104195 0.00845955
95
1
-1.44104 8.51959 -0.672097
-0.0444569 0.00939643 0.00520869
96
1
-1.34742 8.49834 -0.6784
-0.0477745 0.0101745 0.00286069
97
1
-1.24737 8.47319 -0.675726
-0.0553688 0.0145592 -0.0033602
98
1
-1.14027 8.4443 -0.661896
-0.054208 0.0152994 -0.00909226
99
1
-1.02785 8.41265 -0.635892
-0.057719 0.016338 -0.0171862
100
1
-0.912228 8.3774 -0.597951
-0.058372 0.0174134 -0.0244287
101
1
-0.791654 8.33581 -0.546499
-0.0601218 0.0202201 -0.0290013
102
1
-0.666122 8.28976 -0.475643
-0.0605518 0.0267781 -0.0408135
103
1
-0.532676 8.23193 -0.372217
-0.0530938 0.0307425 -0.0464314
104
1
-0.381801 8.15944 -0.201103
-0.0413984 0.0160633 -0.063275
105
1
-0.666082 6.6308 -0.0625959
-0.0204981 0.0409899 0.0100828
106
1
-0.0481345 11.5166 -0.514103
-0.000763134 -0.0223435 0.0746461
107
1
0.0481345 11.5166 -0.514103
-0.000763135 0.0223435 -0.0746461
108
1
0.666082 6.6308 -0.0625921
-0.0204979 -0.0409896 -0.0100828
109
1
0.381801 8.15944 -0.201103
-0.0413984 -0.0160633 0.063275
110
1
0.532676 8.23193 -0.372217
-0.0530938 -0.0307425 0.0464314
111
1
0.666122 8.28976 -0.475643
-0.0605518 -0.0267781 0.0408135
112
1
0.791654 8.33581 -0.546499
-0.0601218 -0.0202201 0.0290013
113
1
0.912228 8.3774 -0.597951
-0.058372 -0.0174134 0.0244287
114
1
1.02785 8.41265 -0.635892
-0.057719 -0.016338 0.0171862
115
1
1.14027 8.4443 -0.661896
-0.054208 -0.0152994 0.00909227
116
1
1.24737 8.47319 -0.675726
-0.0553688 -0.0145592 0.0033602
117
1
1.34742 8.49834 -0.6784
-0.0477745 -0.0101745 -0.00286069
118
1
1.44104 8.51959 -0.672097
-0.0444569 -0.00939643 -0.00520869
119
1
1.52792 8.5388 -0.659528
-0.0429627 -0.0104195 -0.00845955
120
1
1.61133 8.55801 -0.642192
-0.0387768 -0.0104449 -0.0108755
121
1
1.6915 8.57773 -0.622751
-0.0383566 -0.0101547 -0.0112388
122
1
1.76875 8.59761 -0.603073
-0.0388691 -0.00986886 -0.0116031
123
1
1.84346 8.61715 -0.583562
-0.0349238 -0.00895475 -0.0105253
124
1
1.91487 8.63529 -0.564702
-0.0331727 -0.00803132 -0.00966054
125
1
1.98433 8.65116 -0.546515
-0.0347096 -0.00703517 -0.00968392
126
1
2.05356 8.66511 -0.529369
-0.0349734 -0.00601605 -0.00911047
127
1
2.12211 8.67754 -0.51467
-0.0342134 -0.00539323 -0.00720225
128
1
2.19006 8.68857 -0.502978
-0.0339271 -0.00508025 -0.00566064
129
1
2.25712 8.69813 -0.494451
-0.0333048 -0.00417948 -0.00399887
130
1
2.3224 8.70649 -0.489185
-0.0329822 -0.00326322 -0.00183542
131
1
2.38598 8.71436 -0.487047
-0.0322736 -0.00323 9.1273e-005
132
1
2.44761 8.72213 -0.487852
-0.0297177 -0.00317192 0.00203961
133
1
2.50654 8.72986 -0.491426
-0.0278298 -0.00279421 0.00347481
134
1
2.56375 8.73852 -0.496446
-0.0279343 -0.00347668 0.0032615
135
1
2.62 8.74846 -0.501884
-0.027583 -0.0046066 0.00319154
136
1
2.67478 8.75966 -0.507778
-0.0260443 -0.00508307 0.00444845
137
1
2.72734 8.77251 -0.512986
-0.0255623 -0.006591 0.00415449
138
1
2.77758 8.78732 -0.516309
-0.024983 -0.00869714 0.00209136
139
1
2.82574 8.80304 -0.516553
-0.0230041 -0.00879721 0.00126692
140
1
2.87179 8.81995 -0.512584
-0.0221472 -0.00882187 0.000134441
141
1
2.9161 8.83867 -0.504003
-0.0221314 -0.0105055 -0.00446036
142
1
2.95962 8.85852 -0.490674
-0.0213931 -0.0118391 -0.00870971
143
1
3.00269 8.87822 -0.47255
-0.0212641 -0.0112447 -0.00911582
144
1
3.04559 8.89535 -0.449155
-0.0213087 -0.00872221 -0.012866
145
1
3.08702 8.90901 -0.419057
-0.0209453 -0.00663543 -0.020192
146
1
3.12581 8.91982 -0.384463
-0.0198281 -0.00484173 -0.0216253
147
1
3.1618 8.92809 -0.347212
-0.0175439 -0.00295565 -0.0187707
148
1
3.19575 8.93435 -0.307724
-0.0166726 -0.00177801 -0.0198289
149
1
3.22807 8.93842 -0.265756
-0.0185019 -0.000354675 -0.0239471
150
1
3.25827 8.94089 -0.221594
-0.0189629 -2.56236e-005 -0.0254168
151
1
3.2846 8.94215 -0.176727
-0.0160142 -0.000421473 -0.0231542
152
1
3.30536 8.94293 -0.132289
-0.0116913 -0.000143822 -0.0220009
153
1
3.31946 8.94392 -0.0883332
-0.00658716 0.000601075 -0.0222282
154
1
3.32716 8.94384 -0.0440912
-0.00180877 0.000445038 -0.022143
155
1
3.32922 8.94328 4.59933e-009
-2.66927e-011 6.62659e-011 -0.0220422
156
1
3.32716 8.94384 0.0440912
0.00180877 -0.000445038 -0.022143
157
1
3.31946 8.94392 0.0883332
0.00658716 -0.000601075 -0.0222282
158
1
3.30536 8.94293 0.132289
0.0116913 0.000143822 -0.0220009
159
1
3.2846 8.94215 0.176727
0.0160142 0.000421473 -0.0231542
160
1
3.25827 8.94089 0.221594
0.0189629 2.56238e-005 -0.0254168
161
1
3.22807 8.93842 0.265756
0.0185019 0.000354675 -0.0239471
162
1
3.19575 8.93435 0.307724
0.0166726 0.00177801 -0.0198289
163
1
3.1618 8.92809 0.347212
0.0175439 0.00295565 -0.0187707
164
1
3.12581 8.91982 0.384463
0.0198281 0.00484173 -0.0216253
165
1
3.08702 8.90901 0.419057
0.0209453 0.00663544 -0.020192
166
1
3.04559 8.89535 0.449155
0.0213087 0.00872221 -0.012866
167
1
3.00269 8.87822 0.47255
0.0212641 0.0112447 -0.00911582
168
1
2.95962 8.85852 0.490674
0.0213931 0.0118391 -0.00870971
169
1
2.9161 8.83867 0.504004
0.0221314 0.0105055 -0.00446036
170
1
2.87179 8.81995 0.512584
0.0221472 0.00882187 0.000134442
171
1
2.82574 8.80304 0.516553
0.0230041 0.00879721 0.00126692
172
1
2.77758 8.78732 0.516309
0.024983 0.00869714 0.00209136
173
1
2.72734 8.77251 0.512986
0.0255623 0.006591 0.00415449
174
1
2.67478 8.75966 0.507778
0.0260443 0.00508307 0.00444845
175
1
2.62 8.74846 0.501884
0.027583 0.0046066 0.00319154
176
1
2.56375 8.73852 0.496446
0.0279343 0.00347668 0.0032615
177
1
2.50654 8.72986 0.491426
0.0278298 0.00279421 0.00347481
178
1
2.44761 8.72213 0.487852
0.0297177 0.00317192 0.00203961
179
1
2.38598 8.71436 0.487047
0.0322736 0.00323 9.12728e-005
180
1
2.3224 8.70649 0.489185
0.0329822 0.00326322 -0.00183542
181
1
2.25712 8.69813 0.494451
0.0333048 0.00417948 -0.00399887
182
1
2.19006 8.68857 0.502978
0.0339271 0.00508025 -0.00566064
183
1
2.12211 8.67754 0.51467
0.0342134 0.00539323 -0.00720225
184
1
2.05356 8.66511 0.529369
0.0349734 0.00601605 -0.00911047
185
1
1.98433 8.65116 0.546515
0.0347096 0.00703517 -0.00968392
186
1
1.91487 8.63529 0.564702
0.0331727 0.00803132 -0.00966055
187
1
1.84346 8.61715 0.583562
0.0349238 0.00895475 -0.0105253
188
1
1.76875 8.59761 0.603073
0.0388691 0.00986886 -0.0116031
189
1
1.6915 8.57773 0.622751
0.0383566 0.0101547 -0.0112388
190
1
1.61133 8.55801 0.642192
0.0387768 0.0104449 -0.0108755
191
1
1.52792 8.5388 0.659528
0.0429627 0.0104195 -0.00845955
192
1
1.44104 8.51959 0.672097
0.0444569 0.00939643 -0.00520869
193
1
1.34742 8.49834 0.6784
0.0477745 0.0101745 -0.00286069
