194
0
1
0.874879 12.4003 2.78738
0.00775109 0.0282523 -0.0130221
1
1
0.858348 12.346 2.83183
0.00855323 0.0206418 -0.0186216
2
1
0.815202 12.2881 2.905
0.0310769 0.027036 -0.0543378
3
1
0.75468 12.2472 2.98392
0.0349848 0.0162409 -0.0420077
4
1
0.677423 12.2206 3.0595
0.052796 0.0062164 -0.0345425
5
1
0.598176 12.1987 3.11755
0.0215403 0.00539518 -0.0138406
6
1
0.458206 12.1726 3.20128
0.069335 0.0145978 -0.0324254
7
1
0.212467 12.1323 3.29077
0.0753458 0.00570641 -0.0190039
8
1
0.622836 6.05334 0.0799558
0.0184386 -0.0466862 -0.00636654
9
1
0.791328 11.9351 0.370177
-0.0234546 0.000926925 -0.0743026
10
1
-0.899113 11.8756 -0.357608
-0.0476423 0.0553838 -0.0271054
11
1
-0.634884 6.05094 0.0289288
0.0172244 0.0457085 0.0116294
12
1
-0.211315 12.1322 3.29037
0.0753392 -0.00562159 0.0190425
13
1
-0.45665 12.172 3.20084
0.0693669 -0.0144198 0.0324369
14
1
-0.596301 12.1977 3.11732
0.0214971 -0.00530626 0.0137543
15
1
-0.675411 12.2194 3.05976
0.052816 -0.00601816 0.0342146
16
1
-0.752437 12.2458 2.98496
0.0350884 -0.0160046 0.0414321
17
1
-0.812354 12.2863 2.90736
0.0309715 -0.0267109 0.053414
18
1
-0.853989 12.3441 2.83589
0.00791824 -0.0204279 0.0181694
19
1
-0.86847 12.3981 2.79293
0.00659739 -0.0279395 0.0121527
20
1
-0.879616 12.463 2.75636
0.00110292 -0.044826 0.0134163
21
1
-0.885794 12.5306 2.7174
0.00636586 -0.0282453 0.0157492
22
1
-0.882982 12.5952 2.66633
-0.0118023 -0.0391118 0.0348098
23
1
-0.875326 12.648 2.61119
-0.00258385 -0.0265328 0.0218689
24
1
-0.866659 12.686 2.56414
0.00558629 -0.00948301 0.00977652
25
1
-0.8526 12.7047 2.51992
-0.00300021 -0.0101192 0.0140844
26
1
-0.835936 12.7195 2.4704
-0.0178792 0.00171865 0.0309723
27
1
-0.822123 12.7287 2.4177
-0.00733568 0.00550469 0.0441791
28
1
-0.804881 12.7321 2.35903
-0.00756897 -9.25661e-005 0.0347732
29
1
-0.781137 12.735 2.30323
-0.0152354 -0.00384064 0.0257546
30
1
-0.756052 12.7372 2.25513
-0.0138744 -0.00061511 0.0161599
31
1
-0.731653 12.738 2.21366
-0.0113764 0.00170256 0.0121797
32
1
-0.70914 12.7379 2.17235
-0.00976717 0.00144979 0.0106589
33
1
-0.690037 12.7356 2.13014
-0.00611379 0.00165261 0.0243752
34
1
-0.672317 12.7328 2.08416
-0.00644745 0.0013308 0.0276906
35
1
-0.652341 12.7296 2.03231
-0.00986427 0.00234963 0.0210243
36
1
-0.630775 12.7266 1.97577
-0.0122378 -0.000665189 0.0359874
37
1
-0.607107 12.7221 1.9161
-0.014748 0.00237768 0.041927
38
1
-0.581971 12.7149 1.8582
-0.0127555 0.00756928 0.0251494
39
1
-0.55708 12.7071 1.80423
-0.00763722 0.00533918 0.0141683
40
1
-0.535162 12.7006 1.75126
-0.00554615 0.00277501 0.0277584
41
1
-0.512379 12.6974 1.70061
-0.00753293 0.0023445 0.0407243
42
1
-0.488778 12.6943 1.65355
-0.0137833 0.00391592 0.0321676
43
1
-0.45573 12.6933 1.60996
-0.0285255 0.0053076 0.0254925
44
1
-0.422993 12.7047 1.57023
-0.0476124 -0.010722 0.0154659
45
1
-0.392046 12.7217 1.52306
0.00506678 -0.0134097 0.0214718
46
1
-0.370901 12.7456 1.46928
-0.0199324 -0.00119257 0.0367562
47
1
-0.355545 12.7646 1.42621
-0.0103187 -0.0317186 0.0208994
48
1
-0.349365 12.7875 1.36653
0.0256105 -0.042187 0.0541875
49
1
-0.352023 12.8121 1.31058
-0.00699569 0.00708965 0.0155653
50
1
-0.359853 12.833 1.23981
0.0179796 -0.0284167 0.068784
51
1
-0.390291 12.8644 1.09326
0.00751253 -0.0265136 0.0675147
52
1
-0.44586 12.8799 1.0245
-0.0104831 0.0241213 -0.0475269
53
1
-0.510502 12.8578 0.998638
0.0360755 0.0052064 0.0078357
54
1
-0.547612 12.8519 1.00296
0.00187666 -0.0303517 0.0236998
55
1
-0.598627 12.907 0.983281
0.00686933 0.00836886 -0.00922438
56
1
0.363838 14.8516 1.3116
-0.0226056 -0.0283913 -0.0689548
57
1
-0.203034 13.6414 0.0168408
-0.0445758 0.00334243 -0.0119007
58
1
-0.0452686 16.2272 -0.0388655
-0.0432573 0.0370007 0.0532128
59
1
-0.206592 13.6356 -0.0398476
0.0485553 -0.00353084 -0.0118393
60
1
-0.249965 14.8728 -1.35856
-0.00357866 -0.0518491 -0.0580578
61
1
-0.471585 12.9336 -0.979158
-0.00837114 -0.000824674 -0.011057
62
1
-0.401432 12.8849 -1.02706
-0.00103033 0.00918476 0.0206433
63
1
-0.357358 12.8945 -1.03052
-0.0615055 -0.0158744 0.0185534
64
1
-0.282698 12.907 -1.06243
0.0308715 -0.0083824 -0.0539581
65
1
-0.223066 12.9035 -1.12431
-0.0246641 0.00319838 0.0738465
66
1
-0.209825 12.8759 -1.27288
-0.000969521 0.0166865 0.0441666
67
1
-0.211903 12.8617 -1.33187
0.0163224 -0.00614617 0.0220651
68
1
-0.216293 12.8342 -1.38268
-0.0291065 0.0383861 0.050135
69
1
-0.222692 12.8132 -1.43967
0.0183411 0.0190547 0.0143323
70
1
-0.239793 12.7912 -1.48706
0.0115926 0.00821763 0.0383707
71
1
-0.266611 12.7638 -1.54783
0.0053207 0.0179066 0.0265376
72
1
-0.308118 12.7506 -1.59668
0.0593618 0.00477701 0.0260292
73
1
-0.353149 12.7437 -1.6395
0.0349302 -0.00679636 0.0319518
74
1
-0.396385 12.7492 -1.68745
0.020487 -0.00312898 0.0334966
75
1
-0.429583 12.7523 -1.73768
0.0170839 -0.00289411 0.0350166
76
1
-0.464804 12.7556 -1.78538
0.0135101 -0.00417971 0.0221156
77
1
-0.501407 12.7647 -1.83069
0.0136763 -0.0060391 0.0129736
78
1
-0.539172 12.7751 -1.87626
0.019978 -0.0073427 0.0200156
79
1
-0.57564 12.7814 -1.92604
0.0208296 -0.000888433 0.0322861
80
1
-0.608726 12.7834 -1.9783
0.0166187 0.00311019 0.0309276
81
1
-0.638246 12.782 -2.03001
0.013213 0.000769457 0.0223266
82
1
-0.664783 12.78 -2.0793
0.00917034 0.00157739 0.0265422
83
1
-0.687968 12.7781 -2.12407
0.00827472 0.000413265 0.0229853
84
1
-0.711989 12.7762 -2.1656
0.0112592 -0.000300435 0.0110886
85
1
-0.73888 12.7722 -2.20619
0.0126018 -0.000345719 0.0124918
86
1
-0.767042 12.767 -2.247
0.0152052 0.00270895 0.016288
87
1
-0.795448 12.7599 -2.29429
0.0168026 0.00685439 0.0251436
88
1
-0.821809 12.752 -2.34872
0.0088182 0.00298336 0.0329113
89
1
-0.841122 12.7443 -2.40705
0.00827736 -0.00236058 0.0433158
90
1
-0.856515 12.7319 -2.46067
0.0180569 0.000397288 0.0335439
91
1
-0.873468 12.7145 -2.51077
0.00326732 0.0110247 0.0147261
92
1
-0.886626 12.6936 -2.55591
-0.00533943 0.0100596 0.00976707
93
1
-0.893894 12.6539 -2.60308
0.00105978 0.0267061 0.0214723
94
1
-0.89833 12.5996 -2.65795
0.00823921 0.0383564 0.0335484
95
1
-0.897367 12.5346 -2.70899
-0.00743154 0.0289009 0.0167007
96
1
-0.888371 12.466 -2.74929
-0.00263325 0.0451464 0.0148478
97
1
-0.874875 12.4003 -2.78737
-0.00775092 0.0282523 0.0130224
98
1
-0.858345 12.346 -2.83182
-0.00855303 0.0206418 0.0186218
99
1
-0.8152 12.2881 -2.905
-0.0310764 0.0270361 0.0543382
100
1
-0.754678 12.2472 -2.98392
-0.0349845 0.016241 0.0420079
101
1
-0.677422 12.2206 -3.05949
-0.0527959 0.00621655 0.0345427
102
1
-0.598175 12.1987 -3.11754
-0.0215402 0.00539522 0.0138406
103
1
-0.458205 12.1726 -3.20128
-0.0693349 0.0145979 0.0324256
104
1
-0.212467 12.1323 -3.29076
-0.0753457 0.00570645 0.0190039
105
1
-0.622941 6.05332 -0.0795567
-0.0184287 -0.0466752 0.00640211
106
1
-0.790951 11.9353 -0.370068
0.023379 0.000885932 0.0743269
107
1
0.899451 11.8754 0.357573
0.047689 0.055357 0.0270779
108
1
0.63494 6.05092 -0.0285112
-0.0172057 0.0456974 -0.0116625
109
1
0.211315 12.1322 -3.29037
-0.0753391 -0.00562162 -0.0190426
110
1
0.45665 12.172 -3.20083
-0.0693668 -0.0144199 -0.032437
111
1
0.5963 12.1977 -3.11732
-0.0214971 -0.0053063 -0.0137544
112
1
0.67541 12.2194 -3.05975
-0.0528159 -0.00601831 -0.0342148
113
1
0.752436 12.2458 -2.98495
-0.0350882 -0.0160048 -0.0414323
114
1
0.812352 12.2864 -2.90736
-0.0309711 -0.0267111 -0.0534143
115
1
0.853987 12.3441 -2.83588
-0.00791815 -0.020428 -0.0181695
116
1
0.868468 12.3981 -2.79293
-0.00659739 -0.0279395 -0.012153
117
1
0.879614 12.463 -2.75636
-0.00110287 -0.044826 -0.0134168
118
1
0.885791 12.5306 -2.7174
-0.00636582 -0.0282453 -0.0157495
119
1
0.88298 12.5952 -2.66632
0.0118019 -0.0391115 -0.0348099
120
1
0.875324 12.648 -2.61119
0.00258375 -0.0265327 -0.0218692
121
1
0.866657 12.686 -2.56413
-0.00558618 -0.00948306 -0.00977665
122
1
0.852599 12.7047 -2.51991
0.00300033 -0.0101191 -0.0140845
123
1
0.835934 12.7195 -2.47039
0.0178793 0.0017187 -0.0309723
124
1
0.822121 12.7287 -2.41769
0.0073359 0.00550456 -0.0441788
125
1
0.804878 12.7321 -2.35902
0.00756922 -9.27439e-005 -0.0347732
126
1
0.781134 12.735 -2.30323
0.0152358 -0.00384086 -0.0257549
127
1
0.756049 12.7372 -2.25512
0.0138746 -0.000615277 -0.0161601
128
1
0.731649 12.738 -2.21365
0.0113766 0.00170242 -0.0121798
129
1
0.709135 12.7379 -2.17234
0.00976723 0.00144963 -0.010659
130
1
0.690032 12.7356 -2.13013
0.00611395 0.00165235 -0.0243752
131
1
0.672312 12.7328 -2.08416
0.00644764 0.00133057 -0.0276905
132
1
0.652335 12.7296 -2.0323
0.00986442 0.00234947 -0.0210238
133
1
0.630768 12.7266 -1.97576
0.0122381 -0.00066545 -0.0359869
134
1
0.6071 12.7221 -1.9161
0.0147487 0.00237737 -0.0419265
135
1
0.581963 12.7149 -1.85819
0.0127561 0.0075691 -0.0251493
136
1
0.557071 12.7071 -1.80422
0.00763765 0.00533921 -0.0141685
137
1
0.535151 12.7006 -1.75125
0.00554679 0.00277542 -0.0277579
138
1
0.512367 12.6974 -1.70061
0.00753379 0.00234469 -0.0407229
139
1
0.488766 12.6943 -1.65355
0.013784 0.00391514 -0.0321661
140
1
0.455716 12.6934 -1.60996
0.0285262 0.00530571 -0.0254912
141
1
0.422978 12.7047 -1.57023
0.0476127 -0.0107245 -0.0154664
142
1
0.39203 12.7217 -1.52306
-0.00506588 -0.0134108 -0.0214724
143
1
0.370884 12.7456 -1.46928
0.0199334 -0.00119457 -0.0367569
144
1
0.355526 12.7646 -1.42621
0.0103206 -0.0317184 -0.0209003
145
1
0.349344 12.7875 -1.36652
-0.0256088 -0.0421885 -0.0541888
146
1
0.352002 12.8122 -1.31057
0.00699569 0.00708963 -0.0155665
147
1
0.35983 12.8331 -1.23981
-0.0179759 -0.0284152 -0.0687846
148
1
0.390271 12.8644 -1.09324
-0.00749484 -0.0265294 -0.0675061
149
1
0.445841 12.8799 -1.02449
0.0104874 0.0241548 0.0475379
150
1
0.510477 12.8578 -0.998619
-0.0360824 0.0051899 -0.00784355
151
1
0.547588 12.8518 -1.00294
-0.00189185 -0.0303711 -0.0237114
152
1
0.598633 12.907 -0.98333
-0.00686857 0.00838074 0.0092252
153
1
-0.363786 14.8516 -1.31161
0.0226249 -0.028387 0.0689503
154
1
0.203033 13.6414 -0.0168331
0.0445772 0.003342 0.0119002
155
1
0.0452742 16.2272 0.0388962
0.0432575 0.0370016 -0.053212
156
1
0.206593 13.6356 0.0398551
-0.0485544 -0.00353074 0.0118396
157
1
0.250004 14.8729 1.3585
0.00355679 -0.0518444 0.0580634
158
1
0.471599 12.9336 0.979173
0.00837046 -0.000820858 0.0110561
159
1
0.401449 12.8849 1.02706
0.00103003 0.00917892 -0.0206406
160
1
0.357376 12.8945 1.03053
0.0615244 -0.0158575 -0.0185574
161
1
0.282716 12.907 1.06246
-0.030878 -0.00836992 0.0539449
162
1
0.223088 12.9035 1.12435
0.0246727 0.00319097 -0.0738439
163
1
0.209835 12.8759 1.2729
0.000976721 0.0166907 -0.0441637
164
1
0.211912 12.8616 1.33189
-0.0163201 -0.00614961 -0.0220642
165
1
0.2163 12.8342 1.3827
0.0291079 0.038384 -0.0501394
166
1
0.222697 12.8131 1.43968
-0.0183387 0.019055 -0.0143319
167
1
0.239797 12.7912 1.48707
-0.0115928 0.00821506 -0.0383702
168
1
0.266614 12.7638 1.54784
-0.00532066 0.0179057 -0.0265365
169
1
0.308119 12.7506 1.5967
-0.0593601 0.00477664 -0.0260263
170
1
0.35315 12.7437 1.63951
-0.0349298 -0.00679691 -0.0319512
171
1
0.396387 12.7492 1.68746
-0.0204868 -0.00312956 -0.0334969
172
1
0.429585 12.7523 1.7377
-0.0170839 -0.00289476 -0.035017
173
1
0.464806 12.7556 1.7854
-0.01351 -0.00418019 -0.0221155
174
1
0.501409 12.7647 1.8307
-0.0136761 -0.00603948 -0.0129733
175
1
0.539173 12.7751 1.87628
-0.0199779 -0.00734339 -0.0200149
176
1
0.575642 12.7814 1.92605
-0.0208296 -0.000889065 -0.0322852
177
1
0.608728 12.7834 1.97831
-0.0166191 0.00310995 -0.0309272
178
1
0.638249 12.782 2.03003
-0.0132136 0.000769582 -0.0223271
179
1
0.664787 12.78 2.07932
-0.00917079 0.00157741 -0.0265421
180
1
0.687972 12.7781 2.12408
-0.00827506 0.000413203 -0.022985
181
1
0.711994 12.7762 2.16561
-0.0112594 -0.000300489 -0.0110885
182
1
0.738885 12.7722 2.2062
-0.0126019 -0.000345713 -0.0124917
183
1
0.767048 12.767 2.24701
-0.0152052 0.00270902 -0.0162877
184
1
0.795454 12.7599 2.2943
-0.0168025 0.00685454 -0.0251431
185
1
0.821814 12.752 2.34873
-0.00881812 0.00298362 -0.032911
186
1
0.841127 12.7443 2.40706
-0.00827726 -0.00236018 -0.043316
187
1
0.85652 12.7319 2.46067
-0.0180568 0.000397729 -0.0335441
188
1
0.873473 12.7145 2.51078
-0.0032672 0.0110249 -0.014726
189
1
0.886631 12.6936 2.55592
0.00533954 0.0100597 -0.00976691
190
1
0.893899 12.6539 2.60308
-0.00105967 0.0267063 -0.021472
191
1
0.898335 12.5996 2.65796
-0.00823918 0.0383569 -0.033548
192
1
0.897371 12.5346 2.709
0.00743173 0.0289009 -0.0167003
193
1
0.888375 12.466 2.7493
0.00263354 0.0451465 -0.0148474
