194
0
1
1.19687 8.68995 0.657117
0.056131 0.0134166 0.00419769
1
1
1.08891 8.66154 0.642918
0.054648 0.015133 0.0086264
2
1
0.976096 8.62828 0.618303
0.0573325 0.0190502 0.0163331
3
1
0.860603 8.58946 0.581969
0.0574435 0.0214786 0.0239644
4
1
0.739909 8.54562 0.530602
0.0597516 0.0216931 0.030017
5
1
0.612504 8.49654 0.462207
0.0627143 0.0277746 0.0369776
6
1
0.475424 8.43236 0.365884
0.0594604 0.0260941 0.040547
7
1
0.316832 8.35927 0.204897
0.0389729 0.0207897 0.0636812
8
1
0.408836 6.68993 0.0607919
-0.0141995 0.0452223 -0.0099379
9
1
0.0483224 11.8411 0.421171
0.000793962 -0.0253807 -0.0736626
10
1
-0.0483224 11.8411 0.421171
0.000793962 0.0253807 0.0736626
11
1
-0.408835 6.68993 0.0607856
-0.0141994 -0.045222 0.00993877
12
1
-0.316832 8.35927 0.204897
0.0389729 -0.0207897 -0.0636812
13
1
-0.475424 8.43236 0.365884
0.0594604 -0.0260941 -0.040547
14
1
-0.612504 8.49654 0.462207
0.0627143 -0.0277746 -0.0369776
15
1
-0.739909 8.54562 0.530602
0.0597516 -0.0216931 -0.030017
16
1
-0.860603 8.58946 0.581969
0.0574435 -0.0214786 -0.0239644
17
1
-0.976096 8.62828 0.618303
0.0573325 -0.0190502 -0.0163331
18
1
-1.08891 8.66154 0.642918
0.054648 -0.015133 -0.0086264
19
1
-1.19687 8.68995 0.657117
0.056131 -0.0134166 -0.00419769
20
1
-1.29792 8.71335 0.663017
0.0484767 -0.0085437 -0.000374403
21
1
-1.39259 8.73169 0.661403
0.0450394 -0.00755523 0.00194553
22
1
-1.4805 8.74588 0.653186
0.0436805 -0.00650265 0.00615224
23
1
-1.56499 8.75773 0.639239
0.0396327 -0.00485794 0.00934803
24
1
-1.64618 8.76881 0.622034
0.0390783 -0.00479995 0.0100064
25
1
-1.72403 8.7804 0.603406
0.039237 -0.00514346 0.0107481
26
1
-1.79872 8.79248 0.583995
0.0348704 -0.00503897 0.0101278
27
1
-1.86965 8.80401 0.565209
0.0329312 -0.00475699 0.00885686
28
1
-1.93834 8.8145 0.548271
0.0344441 -0.00430903 0.00759833
29
1
-2.00658 8.82456 0.534444
0.0345215 -0.00412253 0.00599183
30
1
-2.07368 8.83469 0.5247
0.0333841 -0.0045825 0.0038035
31
1
-2.13937 8.84558 0.518884
0.0325651 -0.00538505 0.00209359
32
1
-2.20317 8.85757 0.516632
0.0313925 -0.00583361 4.52954e-005
33
1
-2.2642 8.87118 0.51765
0.0304873 -0.00659546 -0.00224516
34
1
-2.32246 8.88718 0.521339
0.0291751 -0.00844324 -0.00358468
35
1
-2.37771 8.90584 0.526871
0.0262732 -0.00979316 -0.00460739
36
1
-2.42958 8.92624 0.533316
0.0240134 -0.00996582 -0.00549628
37
1
-2.4789 8.94888 0.540103
0.0235706 -0.0113313 -0.0046924
38
1
-2.52654 8.97401 0.545932
0.0228683 -0.0130896 -0.00348024
39
1
-2.57273 9.00058 0.549698
0.0211616 -0.0132158 -0.00351346
40
1
-2.61709 9.02803 0.55046
0.0208389 -0.0145098 -0.00107753
41
1
-2.66004 9.05597 0.547074
0.0209615 -0.0164448 0.00333704
42
1
-2.70154 9.08391 0.538767
0.0193545 -0.0149929 0.00430483
43
1
-2.74193 9.11133 0.526459
0.0190483 -0.0130218 0.00523799
44
1
-2.7826 9.13782 0.510394
0.0208281 -0.0125939 0.0105009
45
1
-2.82471 9.163 0.489747
0.021543 -0.0125903 0.0149821
46
1
-2.86838 9.1861 0.465033
0.0216661 -0.0117496 0.0140815
47
1
-2.91294 9.2065 0.436326
0.0233434 -0.00953557 0.0146491
48
1
-2.95747 9.22485 0.404416
0.0249455 -0.00845428 0.0180557
49
1
-3.00004 9.24101 0.371081
0.0238293 -0.00786271 0.0179452
50
1
-3.03946 9.25617 0.33694
0.0202011 -0.00723817 0.015475
51
1
-3.0754 9.27126 0.3011
0.0177443 -0.00776919 0.0170374
52
1
-3.1072 9.28669 0.262317
0.0176983 -0.00889625 0.0214741
53
1
-3.13486 9.30262 0.220644
0.0158155 -0.0104339 0.0242706
54
1
-3.15718 9.31802 0.177215
0.0117601 -0.0101531 0.0234356
55
1
-3.17402 9.331 0.133307
0.00799725 -0.00751837 0.0226636
56
1
-3.18581 9.34004 0.0892931
0.00441732 -0.00365834 0.0227953
57
1
-3.19215 9.34573 0.0446191
0.0010304 -0.0011821 0.0227235
58
1
-3.19405 9.34807 -6.19411e-010
2.38892e-011 5.19353e-011 0.0226455
59
1
-3.19215 9.34573 -0.0446191
-0.0010304 0.0011821 0.0227235
60
1
-3.18581 9.34004 -0.0892931
-0.00441732 0.00365834 0.0227953
61
1
-3.17402 9.331 -0.133307
-0.00799725 0.00751837 0.0226636
62
1
-3.15718 9.31802 -0.177215
-0.0117601 0.0101531 0.0234356
63
1
-3.13486 9.30262 -0.220644
-0.0158155 0.0104339 0.0242706
64
1
-3.1072 9.28669 -0.262317
-0.0176983 0.00889625 0.0214741
65
1
-3.0754 9.27126 -0.3011
-0.0177443 0.00776919 0.0170374
66
1
-3.03946 9.25617 -0.33694
-0.0202011 0.00723817 0.015475
67
1
-3.00004 9.24101 -0.371081
-0.0238293 0.00786271 0.0179452
68
1
-2.95747 9.22485 -0.404416
-0.0249455 0.00845428 0.0180557
69
1
-2.91294 9.2065 -0.436326
-0.0233434 0.00953557 0.0146491
70
1
-2.86838 9.1861 -0.465033
-0.0216661 0.0117496 0.0140815
71
1
-2.82471 9.163 -0.489747
-0.021543 0.0125903 0.0149821
72
1
-2.7826 9.13782 -0.510394
-0.0208281 0.0125939 0.0105009
73
1
-2.74193 9.11133 -0.526459
-0.0190483 0.0130218 0.00523799
74
1
-2.70154 9.08391 -0.538767
-0.0193545 0.0149929 0.00430483
75
1
-2.66004 9.05597 -0.547074
-0.0209615 0.0164448 0.00333704
76
1
-2.61709 9.02803 -0.55046
-0.0208389 0.0145098 -0.00107753
77
1
-2.57273 9.00058 -0.549698
-0.0211616 0.0132158 -0.00351346
78
1
-2.52654 8.97401 -0.545932
-0.0228683 0.0130896 -0.00348024
79
1
-2.4789 8.94888 -0.540103
-0.0235706 0.0113313 -0.0046924
80
1
-2.42958 8.92624 -0.533316
-0.0240134 0.00996582 -0.00549628
81
1
-2.37771 8.90584 -0.526871
-0.0262732 0.00979316 -0.00460739
82
1
-2.32246 8.88718 -0.521339
-0.0291751 0.00844324 -0.00358468
83
1
-2.2642 8.87118 -0.51765
-0.0304873 0.00659546 -0.00224516
84
1
-2.20317 8.85757 -0.516632
-0.0313925 0.00583361 4.52955e-005
85
1
-2.13937 8.84558 -0.518884
-0.0325651 0.00538505 0.00209359
86
1
-2.07368 8.83469 -0.5247
-0.0333841 0.0045825 0.0038035
87
1
-2.00658 8.82456 -0.534444
-0.0345215 0.00412253 0.00599183
88
1
-1.93834 8.8145 -0.548271
-0.0344441 0.00430903 0.00759833
89
1
-1.86965 8.80401 -0.565209
-0.0329312 0.00475699 0.00885686
90
1
-1.79872 8.79248 -0.583995
-0.0348704 0.00503897 0.0101278
91
1
-1.72403 8.7804 -0.603406
-0.039237 0.00514346 0.0107481
92
1
-1.64618 8.76881 -0.622034
-0.0390783 0.00479995 0.0100064
93
1
-1.56499 8.75773 -0.639239
-0.0396327 0.00485794 0.00934803
94
1
-1.4805 8.74588 -0.653186
-0.0436805 0.00650265 0.00615225
95
1
-1.39259 8.73169 -0.661403
-0.0450394 0.00755523 0.00194553
96
1
-1.29792 8.71335 -0.663017
-0.0484767 0.0085437 -0.000374402
97
1
-1.19687 8.68995 -0.657117
-0.056131 0.0134166 -0.00419769
98
1
-1.08891 8.66154 -0.642918
-0.054648 0.015133 -0.0086264
99
1
-0.976096 8.62828 -0.618303
-0.0573325 0.0190502 -0.0163331
100
1
-0.860603 8.58946 -0.581969
-0.0574435 0.0214786 -0.0239644
101
1
-0.739909 8.54562 -0.530602
-0.0597516 0.0216931 -0.030017
102
1
-0.612504 8.49654 -0.462207
-0.0627143 0.0277746 -0.0369776
103
1
-0.475424 8.43236 -0.365884
-0.0594604 0.0260941 -0.040547
104
1
-0.316832 8.35927 -0.204897
-0.0389729 0.0207897 -0.0636812
105
1
-0.408836 6.68993 -0.0607914
0.0141995 0.0452222 0.00993792
106
1
-0.0483224 11.8411 -0.421171
-0.000793962 -0.0253807 0.0736626
107
1
0.0483224 11.8411 -0.421171
-0.000793962 0.0253807 -0.0736626
108
1
0.408835 6.68993 -0.060785
0.0141994 -0.045222 -0.00993878
109
1
0.316832 8.35927 -0.204897
-0.0389729 -0.0207897 0.0636812
110
1
0.475424 8.43236 -0.365884
-0.0594604 -0.0260941 0.040547
111
1
0.612504 8.49654 -0.462207
-0.0627143 -0.0277746 0.0369776
112
1
0.739909 8.54562 -0.530602
-0.0597516 -0.0216931 0.030017
113
1
0.860603 8.58946 -0.581969
-0.0574435 -0.0214786 0.0239644
114
1
0.976096 8.62828 -0.618303
-0.0573325 -0.0190502 0.0163331
115
1
1.08891 8.66154 -0.642918
-0.054648 -0.015133 0.0086264
116
1
1.19687 8.68995 -0.657117
-0.056131 -0.0134166 0.00419769
117
1
1.29792 8.71335 -0.663017
-0.0484767 -0.0085437 0.000374403
118
1
1.39259 8.73169 -0.661403
-0.0450394 -0.00755523 -0.00194553
119
1
1.4805 8.74588 -0.653186
-0.0436805 -0.00650265 -0.00615224
120
1
1.56499 8.75773 -0.639239
-0.0396327 -0.00485794 -0.00934803
121
1
1.64618 8.76881 -0.622034
-0.0390783 -0.00479995 -0.0100064
122
1
1.72403 8.7804 -0.603406
-0.039237 -0.00514346 -0.0107481
123
1
1.79872 8.79248 -0.583995
-0.0348704 -0.00503897 -0.0101278
124
1
1.86965 8.80401 -0.565209
-0.0329312 -0.00475699 -0.00885686
125
1
1.93834 8.8145 -0.548271
-0.0344441 -0.00430903 -0.00759833
126
1
2.00658 8.82456 -0.534444
-0.0345215 -0.00412253 -0.00599183
127
1
2.07368 8.83469 -0.5247
-0.0333841 -0.0045825 -0.0038035
128
1
2.13937 8.84558 -0.518884
-0.0325651 -0.00538505 -0.00209359
129
1
2.20317 8.85757 -0.516632
-0.0313925 -0.00583361 -4.52954e-005
130
1
2.2642 8.87118 -0.51765
-0.0304873 -0.00659546 0.00224516
131
1
2.32246 8.88718 -0.521339
-0.0291751 -0.00844324 0.00358468
132
1
2.37771 8.90584 -0.526871
-0.0262732 -0.00979316 0.00460739
133
1
2.42958 8.92624 -0.533316
-0.0240134 -0.00996582 0.00549628
134
1
2.4789 8.94888 -0.540103
-0.0235706 -0.0113313 0.0046924
135
1
2.52654 8.97401 -0.545932
-0.0228683 -0.0130896 0.00348024
136
1
2.57273 9.00058 -0.549698
-0.0211616 -0.0132158 0.00351346
137
1
2.61709 9.02803 -0.55046
-0.0208389 -0.0145098 0.00107753
138
1
2.66004 9.05597 -0.547074
-0.0209615 -0.0164448 -0.00333704
139
1
2.70154 9.08391 -0.538767
-0.0193545 -0.0149929 -0.00430483
140
1
2.74193 9.11133 -0.526459
-0.0190483 -0.0130218 -0.00523799
141
1
2.7826 9.13782 -0.510394
-0.0208281 -0.0125939 -0.0105009
142
1
2.82471 9.163 -0.489747
-0.021543 -0.0125903 -0.0149821
143
1
2.86838 9.1861 -0.465033
-0.0216661 -0.0117496 -0.0140815
144
1
2.91294 9.2065 -0.436326
-0.0233434 -0.00953557 -0.0146491
145
1
2.95747 9.22485 -0.404416
-0.0249455 -0.00845428 -0.0180557
146
1
3.00004 9.24101 -0.371081
-0.0238293 -0.00786271 -0.0179452
147
1
3.03946 9.25617 -0.33694
-0.0202011 -0.00723817 -0.015475
148
1
3.0754 9.27126 -0.3011
-0.0177443 -0.00776919 -0.0170374
149
1
3.1072 9.28669 -0.262317
-0.0176983 -0.00889625 -0.0214741
150
1
3.13486 9.30262 -0.220644
-0.0158155 -0.0104339 -0.0242706
151
1
3.15718 9.31802 -0.177215
-0.0117601 -0.0101531 -0.0234356
152
1
3.17402 9.331 -0.133307
-0.00799725 -0.00751837 -0.0226636
153
1
3.18581 9.34004 -0.0892931
-0.00441732 -0.00365834 -0.0227953
154
1
3.19215 9.34573 -0.0446191
-0.0010304 -0.0011821 -0.0227235
155
1
3.19405 9.34807 1.73078e-009
-3.59555e-011 6.95768e-011 -0.0226455
156
1
3.19215 9.34573 0.0446191
0.0010304 0.0011821 -0.0227235
157
1
3.18581 9.34004 0.0892931
0.00441732 0.00365834 -0.0227953
158
1
3.17402 9.331 0.133307
0.00799725 0.00751837 -0.0226636
159
1
3.15718 9.31802 0.177215
0.0117601 0.0101531 -0.0234356
160
1
3.13486 9.30262 0.220644
0.0158155 0.0104339 -0.0242706
161
1
3.1072 9.28669 0.262317
0.0176983 0.00889625 -0.0214741
162
1
3.0754 9.27126 0.3011
0.0177443 0.00776919 -0.0170374
163
1
3.03946 9.25617 0.33694
0.0202011 0.00723817 -0.015475
164
1
3.00004 9.24101 0.371081
0.0238293 0.00786271 -0.0179452
165
1
2.95747 9.22485 0.404416
0.0249455 0.00845428 -0.0180557
166
1
2.91294 9.2065 0.436326
0.0233434 0.00953557 -0.0146491
167
1
2.86838 9.1861 0.465033
0.0216661 0.0117496 -0.0140815
168
1
2.82471 9.163 0.489747
0.021543 0.0125903 -0.0149821
169
1
2.7826 9.13782 0.510394
0.0208281 0.0125939 -0.0105009
170
1
2.74193 9.11133 0.526459
0.0190483 0.0130218 -0.00523799
171
1
2.70154 9.08391 0.538767
0.0193545 0.0149929 -0.00430483
172
1
2.66004 9.05597 0.547074
0.0209615 0.0164448 -0.00333704
173
1
2.61709 9.02803 0.55046
0.0208389 0.0145098 0.00107753
174
1
2.57273 9.00058 0.549698
0.0211616 0.0132158 0.00351346
175
1
2.52654 8.97401 0.545932
0.0228683 0.0130896 0.00348024
176
1
2.4789 8.94888 0.540103
0.0235706 0.0113313 0.0046924
177
1
2.42958 8.92624 0.533316
0.0240134 0.00996582 0.00549628
178
1
2.37771 8.90584 0.526871
0.0262732 0.00979316 0.00460739
179
1
2.32246 8.88718 0.521339
0.0291751 0.00844324 0.00358468
180
1
2.2642 8.87118 0.51765
0.0304873 0.00659546 0.00224516
181
1
2.20317 8.85757 0.516632
0.0313925 0.00583361 -4.52955e-005
182
1
2.13937 8.84558 0.518884
0.0325651 0.00538505 -0.00209359
183
1
2.07368 8.83469 0.5247
0.0333841 0.0045825 -0.0038035
184
1
2.00658 8.82456 0.534444
0.0345215 0.00412253 -0.00599183
185
1
1.93834 8.8145 0.548271
0.0344441 0.00430903 -0.00759833
186
1
1.86965 8.80401 0.565209
0.0329312 0.00475699 -0.00885686
187
1
1.79872 8.79248 0.583995
0.0348704 0.00503897 -0.0101278
188
1
1.72403 8.7804 0.603406
0.039237 0.00514346 -0.0107481
189
1
1.64618 8.76881 0.622034
0.0390783 0.00479995 -0.0100064
190
1
1.56499 8.75773 0.639239
0.0396327 0.00485794 -0.00934803
191
1
1.4805 8.74588 0.653186
0.0436805 0.00650265 -0.00615225
192
1
1.39259 8.73169 0.661403
0.0450394 0.00755523 -0.00194553
193
1
1.29792 8.71335 0.663017
0.0484767 0.0085437 0.000374402
