194
0
1
1.18644 6.09614 1.08587
0.0224004 -0.0102876 0.0383714
1
1
1.14024 6.11648 1.00932
0.0232775 -0.00943875 0.041311
2
1
1.09331 6.13378 0.920442
0.0235683 -0.0076177 0.0471927
3
1
1.04716 6.14345 0.821003
0.0245224 -0.00290587 0.0528052
4
1
1.00315 6.14167 0.707237
0.0206355 0.00553633 0.0589784
5
1
0.966404 6.12658 0.576927
0.015653 0.0130808 0.0724151
6
1
0.930874 6.09783 0.420245
0.00844283 0.0198057 0.0748886
7
1
0.90504 6.03779 0.213938
0.0087354 0.0288987 0.0706602
8
1
0.718581 5.90064 0.0737325
0.0364403 0.0240647 -0.014558
9
1
0.0511267 7.74071 0.591996
0.00103265 0.0167388 -0.076096
10
1
-0.0511267 7.74071 0.591996
0.00103265 -0.0167388 0.076096
11
1
-0.718581 5.90064 0.0737325
0.0364403 -0.0240647 0.014558
12
1
-0.90504 6.03779 0.213938
0.0087354 -0.0288987 -0.0706602
13
1
-0.930874 6.09783 0.420245
0.00844283 -0.0198057 -0.0748886
14
1
-0.966404 6.12658 0.576927
0.015653 -0.0130808 -0.0724151
15
1
-1.00315 6.14167 0.707237
0.0206355 -0.00553633 -0.0589784
16
1
-1.04716 6.14345 0.821003
0.0245224 0.00290587 -0.0528052
17
1
-1.09331 6.13378 0.920442
0.0235683 0.0076177 -0.0471927
18
1
-1.14024 6.11648 1.00932
0.0232775 0.00943875 -0.041311
19
1
-1.18644 6.09614 1.08587
0.0224004 0.0102876 -0.0383714
20
1
-1.23191 6.075 1.15049
0.0209685 0.0102962 -0.0314397
21
1
-1.27766 6.05464 1.20284
0.0207585 0.00920665 -0.0244968
22
1
-1.3237 6.03563 1.24357
0.0223533 0.00944438 -0.0195972
23
1
-1.37142 6.01796 1.27546
0.0227364 0.00879811 -0.0145577
24
1
-1.41998 6.00145 1.29954
0.0238046 0.00841119 -0.0101533
25
1
-1.4688 5.98527 1.31657
0.024864 0.00881555 -0.0054151
26
1
-1.51797 5.9686 1.32646
0.0241314 0.00798898 -0.000771438
27
1
-1.56708 5.95214 1.32918
0.0243481 0.00699152 0.00238264
28
1
-1.61645 5.93659 1.32553
0.0251307 0.00662368 0.00399276
29
1
-1.66608 5.92227 1.31692
0.0248696 0.00618379 0.00591041
30
1
-1.71564 5.9098 1.30443
0.0246484 0.00572228 0.00800047
31
1
-1.76492 5.89946 1.2884
0.0246143 0.00469925 0.00928372
32
1
-1.81387 5.8911 1.26949
0.0241833 0.00327552 0.0106272
33
1
-1.86248 5.88476 1.24825
0.0239323 0.00235503 0.0123223
34
1
-1.91052 5.88042 1.22481
0.023811 0.00113049 0.0129741
35
1
-1.95771 5.87813 1.19933
0.0231919 -0.000610377 0.0131158
36
1
-2.00408 5.87788 1.17225
0.0223787 -0.00151503 0.0134827
37
1
-2.0501 5.87989 1.14343
0.0221718 -0.0017708 0.0141679
38
1
-2.09623 5.88404 1.11213
0.0226853 -0.00252507 0.015616
39
1
-2.1425 5.88951 1.07806
0.023124 -0.00323233 0.0175198
40
1
-2.18852 5.89547 1.04177
0.0231874 -0.00285184 0.0191501
41
1
-2.23387 5.90167 1.0036
0.0228914 -0.0024091 0.020367
42
1
-2.27828 5.9078 0.963298
0.0221113 -0.00293016 0.0214247
43
1
-2.32135 5.91443 0.920298
0.0215139 -0.00347372 0.022524
44
1
-2.36322 5.92159 0.874326
0.0213229 -0.00353793 0.0239383
45
1
-2.40422 5.92932 0.824941
0.0206059 -0.00397701 0.0260544
46
1
-2.44329 5.93738 0.771485
0.0191222 -0.00451101 0.0285828
47
1
-2.47935 5.94526 0.714131
0.0176099 -0.00426575 0.0308066
48
1
-2.5121 5.95231 0.653415
0.0159143 -0.00355408 0.0328656
49
1
-2.54135 5.95845 0.590006
0.0143085 -0.00294876 0.0344934
50
1
-2.56785 5.96421 0.525243
0.0133322 -0.00262012 0.034647
51
1
-2.59219 5.96973 0.459999
0.0126258 -0.00251484 0.0341629
52
1
-2.61449 5.975 0.394457
0.0115325 -0.00254884 0.0337581
53
1
-2.6344 5.9795 0.328731
0.0101462 -0.00225346 0.0335594
54
1
-2.65149 5.98303 0.262923
0.00879012 -0.001552 0.0336158
55
1
-2.66582 5.98593 0.197132
0.00744094 -0.00139084 0.0338946
56
1
-2.67683 5.98865 0.131428
0.00567125 -0.00176659 0.0339072
57
1
-2.68398 5.99111 0.0657024
0.00312277 -0.00150423 0.0334315
58
1
-2.68649 5.99201 -4.23585e-013
-6.06024e-015 -3.38466e-016 0.0330833
59
1
-2.68398 5.99111 -0.0657024
-0.00312277 0.00150423 0.0334315
60
1
-2.67683 5.98865 -0.131428
-0.00567125 0.00176659 0.0339072
61
1
-2.66582 5.98593 -0.197132
-0.00744094 0.00139084 0.0338946
62
1
-2.65149 5.98303 -0.262923
-0.00879012 0.001552 0.0336158
63
1
-2.6344 5.9795 -0.328731
-0.0101462 0.00225346 0.0335594
64
1
-2.61449 5.975 -0.394457
-0.0115325 0.00254884 0.0337581
65
1
-2.59219 5.96973 -0.459999
-0.0126258 0.00251484 0.0341629
66
1
-2.56785 5.96421 -0.525243
-0.0133322 0.00262012 0.034647
67
1
-2.54135 5.95845 -0.590006
-0.0143085 0.00294876 0.0344934
68
1
-2.5121 5.95231 -0.653415
-0.0159143 0.00355408 0.0328656
69
1
-2.47935 5.94526 -0.714131
-0.0176099 0.00426575 0.0308066
70
1
-2.44329 5.93738 -0.771485
-0.0191222 0.00451101 0.0285828
71
1
-2.40422 5.92932 -0.824941
-0.0206059 0.00397701 0.0260544
72
1
-2.36322 5.92159 -0.874326
-0.0213229 0.00353793 0.0239383
73
1
-2.32135 5.91443 -0.920298
-0.0215139 0.00347372 0.022524
74
1
-2.27828 5.9078 -0.963298
-0.0221113 0.00293016 0.0214247
75
1
-2.23387 5.90167 -1.0036
-0.0228914 0.0024091 0.020367
76
1
-2.18852 5.89547 -1.04177
-0.0231874 0.00285184 0.0191501
77
1
-2.1425 5.88951 -1.07806
-0.023124 0.00323233 0.0175198
78
1
-2.09623 5.88404 -1.11213
-0.0226853 0.00252507 0.015616
79
1
-2.0501 5.87989 -1.14343
-0.0221718 0.0017708 0.0141679
80
1
-2.00408 5.87788 -1.17225
-0.0223787 0.00151503 0.0134827
81
1
-1.95771 5.87813 -1.19933
-0.0231919 0.000610377 0.0131158
82
1
-1.91052 5.88042 -1.22481
-0.023811 -0.00113049 0.0129741
83
1
-1.86248 5.88476 -1.24825
-0.0239323 -0.00235503 0.0123223
84
1
-1.81387 5.8911 -1.26949
-0.0241833 -0.00327552 0.0106272
85
1
-1.76492 5.89946 -1.2884
-0.0246143 -0.00469925 0.00928372
86
1
-1.71564 5.9098 -1.30443
-0.0246484 -0.00572228 0.00800047
87
1
-1.66608 5.92227 -1.31692
-0.0248696 -0.00618379 0.00591041
88
1
-1.61645 5.93659 -1.32553
-0.0251307 -0.00662368 0.00399276
89
1
-1.56708 5.95214 -1.32918
-0.0243481 -0.00699152 0.00238264
90
1
-1.51797 5.9686 -1.32646
-0.0241314 -0.00798898 -0.000771438
91
1
-1.4688 5.98527 -1.31657
-0.024864 -0.00881555 -0.0054151
92
1
-1.41998 6.00145 -1.29954
-0.0238046 -0.00841119 -0.0101533
93
1
-1.37142 6.01796 -1.27546
-0.0227364 -0.00879811 -0.0145577
94
1
-1.3237 6.03563 -1.24357
-0.0223533 -0.00944438 -0.0195972
95
1
-1.27766 6.05464 -1.20284
-0.0207585 -0.00920665 -0.0244968
96
1
-1.23191 6.075 -1.15049
-0.0209685 -0.0102962 -0.0314397
97
1
-1.18644 6.09614 -1.08587
-0.0224004 -0.0102876 -0.0383714
98
1
-1.14024 6.11648 -1.00932
-0.0232775 -0.00943875 -0.041311
99
1
-1.09331 6.13378 -0.920442
-0.0235683 -0.0076177 -0.0471927
100
1
-1.04716 6.14345 -0.821003
-0.0245224 -0.00290587 -0.0528052
101
1
-1.00315 6.14167 -0.707237
-0.0206355 0.00553633 -0.0589784
102
1
-0.966404 6.12658 -0.576927
-0.015653 0.0130808 -0.0724151
103
1
-0.930874 6.09783 -0.420245
-0.00844283 0.0198057 -0.0748886
104
1
-0.90504 6.03779 -0.213938
-0.0087354 0.0288987 -0.0706602
105
1
-0.718581 5.90064 -0.0737325
-0.0364403 0.0240647 0.014558
106
1
-0.0511267 7.74071 -0.591996
-0.00103265 0.0167388 0.076096
107
1
0.0511267 7.74071 -0.591996
-0.00103265 -0.0167388 -0.076096
108
1
0.718581 5.90064 -0.0737325
-0.0364403 -0.0240647 -0.014558
109
1
0.90504 6.03779 -0.213938
-0.0087354 -0.0288987 0.0706602
110
1
0.930874 6.09783 -0.420245
-0.00844283 -0.0198057 0.0748886
111
1
0.966404 6.12658 -0.576927
-0.015653 -0.0130808 0.0724151
112
1
1.00315 6.14167 -0.707237
-0.0206355 -0.00553633 0.0589784
113
1
1.04716 6.14345 -0.821003
-0.0245224 0.00290587 0.0528052
114
1
1.09331 6.13378 -0.920442
-0.0235683 0.0076177 0.0471927
115
1
1.14024 6.11648 -1.00932
-0.0232775 0.00943875 0.041311
116
1
1.18644 6.09614 -1.08587
-0.0224004 0.0102876 0.0383714
117
1
1.23191 6.075 -1.15049
-0.0209685 0.0102962 0.0314397
118
1
1.27766 6.05464 -1.20284
-0.0207585 0.00920665 0.0244968
119
1
1.3237 6.03563 -1.24357
-0.0223533 0.00944438 0.0195972
120
1
1.37142 6.01796 -1.27546
-0.0227364 0.00879811 0.0145577
121
1
1.41998 6.00145 -1.29954
-0.0238046 0.00841119 0.0101533
122
1
1.4688 5.98527 -1.31657
-0.024864 0.00881555 0.0054151
123
1
1.51797 5.9686 -1.32646
-0.0241314 0.00798898 0.000771438
124
1
1.56708 5.95214 -1.32918
-0.0243481 0.00699152 -0.00238264
125
1
1.61645 5.93659 -1.32553
-0.0251307 0.00662368 -0.00399276
126
1
1.66608 5.92227 -1.31692
-0.0248696 0.00618379 -0.00591041
127
1
1.71564 5.9098 -1.30443
-0.0246484 0.00572228 -0.00800047
128
1
1.76492 5.89946 -1.2884
-0.0246143 0.00469925 -0.00928372
129
1
1.81387 5.8911 -1.26949
-0.0241833 0.00327552 -0.0106272
130
1
1.86248 5.88476 -1.24825
-0.0239323 0.00235503 -0.0123223
131
1
1.91052 5.88042 -1.22481
-0.023811 0.00113049 -0.0129741
132
1
1.95771 5.87813 -1.19933
-0.0231919 -0.000610377 -0.0131158
133
1
2.00408 5.87788 -1.17225
-0.0223787 -0.00151503 -0.0134827
134
1
2.0501 5.87989 -1.14343
-0.0221718 -0.0017708 -0.0141679
135
1
2.09623 5.88404 -1.11213
-0.0226853 -0.00252507 -0.015616
136
1
2.1425 5.88951 -1.07806
-0.023124 -0.00323233 -0.0175198
137
1
2.18852 5.89547 -1.04177
-0.0231874 -0.00285184 -0.0191501
138
1
2.23387 5.90167 -1.0036
-0.0228914 -0.0024091 -0.020367
139
1
2.27828 5.9078 -0.963298
-0.0221113 -0.00293016 -0.0214247
140
1
2.32135 5.91443 -0.920298
-0.0215139 -0.00347372 -0.022524
141
1
2.36322 5.92159 -0.874326
-0.0213229 -0.00353793 -0.0239383
142
1
2.40422 5.92932 -0.824941
-0.0206059 -0.00397701 -0.0260544
143
1
2.44329 5.93738 -0.771485
-0.0191222 -0.00451101 -0.0285828
144
1
2.47935 5.94526 -0.714131
-0.0176099 -0.00426575 -0.0308066
145
1
2.5121 5.95231 -0.653415
-0.0159143 -0.00355408 -0.0328656
146
1
2.54135 5.95845 -0.590006
-0.0143085 -0.00294876 -0.0344934
147
1
2.56785 5.96421 -0.525243
-0.0133322 -0.00262012 -0.034647
148
1
2.59219 5.96973 -0.459999
-0.0126258 -0.00251484 -0.0341629
149
1
2.61449 5.975 -0.394457
-0.0115325 -0.00254884 -0.0337581
150
1
2.6344 5.9795 -0.328731
-0.0101462 -0.00225346 -0.0335594
151
1
2.65149 5.98303 -0.262923
-0.00879012 -0.001552 -0.0336158
152
1
2.66582 5.98593 -0.197132
-0.00744094 -0.00139084 -0.0338946
153
1
2.67683 5.98865 -0.131428
-0.00567125 -0.00176659 -0.0339072
154
1
2.68398 5.99111 -0.0657024
-0.00312277 -0.00150423 -0.0334315
155
1
2.68649 5.99201 4.33836e-013
5.92254e-015 -8.66665e-016 -0.0330833
156
1
2.68398 5.99111 0.0657024
0.00312277 0.00150423 -0.0334315
157
1
2.67683 5.98865 0.131428
0.00567125 0.00176659 -0.0339072
158
1
2.66582 5.98593 0.197132
0.00744094 0.00139084 -0.0338946
159
1
2.65149 5.98303 0.262923
0.00879012 0.001552 -0.0336158
160
1
2.6344 5.9795 0.328731
0.0101462 0.00225346 -0.0335594
161
1
2.61449 5.975 0.394457
0.0115325 0.00254884 -0.0337581
162
1
2.59219 5.96973 0.459999
0.0126258 0.00251484 -0.0341629
163
1
2.56785 5.96421 0.525243
0.0133322 0.00262012 -0.034647
164
1
2.54135 5.95845 0.590006
0.0143085 0.00294876 -0.0344934
165
1
2.5121 5.95231 0.653415
0.0159143 0.00355408 -0.0328656
166
1
2.47935 5.94526 0.714131
0.0176099 0.00426575 -0.0308066
167
1
2.44329 5.93738 0.771485
0.0191222 0.00451101 -0.0285828
168
1
2.40422 5.92932 0.824941
0.0206059 0.00397701 -0.0260544
169
1
2.36322 5.92159 0.874326
0.0213229 0.00353793 -0.0239383
170
1
2.32135 5.91443 0.920298
0.0215139 0.00347372 -0.022524
171
1
2.27828 5.9078 0.963298
0.0221113 0.00293016 -0.0214247
172
1
2.23387 5.90167 1.0036
0.0228914 0.0024091 -0.020367
173
1
2.18852 5.89547 1.04177
0.0231874 0.00285184 -0.0191501
174
1
2.1425 5.88951 1.07806
0.023124 0.00323233 -0.0175198
175
1
2.09623 5.88404 1.11213
0.0226853 0.00252507 -0.015616
176
1
2.0501 5.87989 1.14343
0.0221718 0.0017708 -0.0141679
177
1
2.00408 5.87788 1.17225
0.0223787 0.00151503 -0.0134827
178
1
1.95771 5.87813 1.19933
0.0231919 0.000610377 -0.0131158
179
1
1.91052 5.88042 1.22481
0.023811 -0.00113049 -0.0129741
180
1
1.86248 5.88476 1.24825
0.0239323 -0.00235503 -0.0123223
181
1
1.81387 5.8911 1.26949
0.0241833 -0.00327552 -0.0106272
182
1
1.76492 5.89946 1.2884
0.0246143 -0.00469925 -0.00928372
183
1
1.71564 5.9098 1.30443
0.0246484 -0.00572228 -0.00800047
184
1
1.66608 5.92227 1.31692
0.0248696 -0.00618379 -0.00591041
185
1
1.61645 5.93659 1.32553
0.0251307 -0.00662368 -0.00399276
186
1
1.56708 5.95214 1.32918
0.0243481 -0.00699152 -0.00238264
187
1
1.51797 5.9686 1.32646
0.0241314 -0.00798898 0.000771438
188
1
1.4688 5.98527 1.31657
0.024864 -0.00881555 0.0054151
189
1
1.41998 6.00145 1.29954
0.0238046 -0.00841119 0.0101533
190
1
1.37142 6.01796 1.27546
0.0227364 -0.00879811 0.0145577
191
1
1.3237 6.03563 1.24357
0.0223533 -0.00944438 0.0195972
192
1
1.27766 6.05464 1.20284
0.0207585 -0.00920665 0.0244968
193
1
1.23191 6.075 1.15049
0.0209685 -0.0102962 0.0314397
