194
0
1
0.782283 1.90398 2.11188
0.0272577 -0.0238489 -0.0209432
1
1
0.726168 1.9495 2.15162
0.0307426 -0.0231668 -0.0195015
2
1
0.662227 1.99382 2.18877
0.0340709 -0.0222063 -0.0171876
3
1
0.590788 2.03532 2.22257
0.0379179 -0.0204404 -0.0155999
4
1
0.51236 2.07291 2.25286
0.040685 -0.0176909 -0.0138223
5
1
0.427808 2.10479 2.28038
0.0432606 -0.0143359 -0.0128982
6
1
0.338449 2.1307 2.3055
0.0455714 -0.0115502 -0.0117008
7
1
0.245169 2.15102 2.3267
0.0474599 -0.00871984 -0.00881204
8
1
0.148531 2.16476 2.34168
0.0489561 -0.00511224 -0.00531955
9
1
0.0497454 2.17133 2.34935
0.0497754 -0.00160353 -0.00180662
10
1
-0.0497454 2.17133 2.34935
0.0497754 0.00160353 0.00180662
11
1
-0.148531 2.16476 2.34168
0.0489561 0.00511224 0.00531955
12
1
-0.245169 2.15102 2.3267
0.0474599 0.00871984 0.00881204
13
1
-0.338449 2.1307 2.3055
0.0455714 0.0115502 0.0117008
14
1
-0.427808 2.10479 2.28038
0.0432606 0.0143359 0.0128982
15
1
-0.51236 2.07291 2.25286
0.040685 0.0176909 0.0138223
16
1
-0.590788 2.03532 2.22257
0.0379179 0.0204404 0.0155999
17
1
-0.662227 1.99382 2.18877
0.0340709 0.0222063 0.0171876
18
1
-0.726168 1.9495 2.15162
0.0307426 0.0231668 0.0195015
19
1
-0.782283 1.90398 2.11188
0.0272577 0.0238489 0.0209432
20
1
-0.83046 1.85794 2.07108
0.0225043 0.0239743 0.0206104
21
1
-0.870719 1.81125 2.0301
0.0186428 0.0240286 0.0202344
22
1
-0.903607 1.76417 1.98937
0.014725 0.0242608 0.0195327
23
1
-0.929159 1.71707 1.94824
0.0112333 0.0242993 0.0192811
24
1
-0.947584 1.6704 1.90665
0.00804239 0.0235703 0.0197821
25
1
-0.960234 1.625 1.86435
0.00549826 0.0223179 0.0209392
26
1
-0.967785 1.58179 1.82039
0.00271683 0.0206625 0.0223977
27
1
-0.970535 1.54053 1.77496
-8.43862e-005 0.0192345 0.0236395
28
1
-0.969797 1.50093 1.7282
-0.00191833 0.0183357 0.0244655
29
1
-0.966638 1.46318 1.67991
-0.00284694 0.0175262 0.025151
30
1
-0.961192 1.42747 1.63015
-0.00364108 0.0165813 0.0257873
31
1
-0.95325 1.39351 1.57952
-0.00473965 0.0157195 0.0261517
32
1
-0.943093 1.36078 1.52857
-0.00610496 0.0151532 0.0261332
33
1
-0.93106 1.32945 1.47725
-0.00757934 0.0147627 0.0258974
34
1
-0.916893 1.30027 1.42536
-0.00909792 0.0142532 0.0256293
35
1
-0.899728 1.2742 1.37296
-0.0106582 0.013393 0.025374
36
1
-0.878694 1.2516 1.3207
-0.0121959 0.012106 0.0251209
37
1
-0.853676 1.23228 1.26925
-0.0135848 0.0104011 0.0249221
38
1
-0.825457 1.21579 1.21877
-0.0147215 0.00833962 0.0248638
39
1
-0.795356 1.20201 1.16869
-0.0155392 0.00605773 0.0249975
40
1
-0.764643 1.19135 1.11813
-0.0159761 0.00373854 0.025314
41
1
-0.734191 1.18441 1.06647
-0.0159766 0.00154183 0.0257725
42
1
-0.704543 1.18153 1.0135
-0.015534 -0.000427132 0.0263303
43
1
-0.676059 1.18253 0.959313
-0.0146943 -0.00210832 0.0269667
44
1
-0.649106 1.18681 0.903942
-0.0135423 -0.00346999 0.0276735
45
1
-0.62408 1.19359 0.847319
-0.0121814 -0.00450047 0.028436
46
1
-0.60135 1.2021 0.789313
-0.0107129 -0.00520246 0.029228
47
1
-0.581191 1.2117 0.729827
-0.00922409 -0.00559212 0.0300195
48
1
-0.563726 1.22185 0.668839
-0.00778287 -0.00569907 0.030785
49
1
-0.548927 1.23211 0.6064
-0.00643836 -0.00556463 0.0315061
50
1
-0.536633 1.24209 0.542607
-0.00522217 -0.00523588 0.0321707
51
1
-0.526619 1.25147 0.47758
-0.00415145 -0.00476092 0.0327695
52
1
-0.518622 1.25996 0.41145
-0.00322955 -0.00418292 0.0332961
53
1
-0.51238 1.26738 0.344362
-0.00245021 -0.0035382 0.0337457
54
1
-0.507643 1.27358 0.276466
-0.00179771 -0.00285371 0.0341151
55
1
-0.504198 1.27846 0.207921
-0.00125212 -0.00214881 0.0344028
56
1
-0.501867 1.28197 0.138886
-0.000787843 -0.00143458 0.0346082
57
1
-0.500525 1.28409 0.0695246
-0.000379736 -0.000717557 0.0347313
58
1
-0.500084 1.2848 -1.62547e-016
4.47534e-018 -2.70839e-017 0.0347724
59
1
-0.500525 1.28409 -0.0695246
0.000379736 0.000717557 0.0347313
60
1
-0.501867 1.28197 -0.138886
0.000787843 0.00143458 0.0346082
61
1
-0.504198 1.27846 -0.207921
0.00125212 0.00214881 0.0344028
62
1
-0.507643 1.27358 -0.276466
0.00179771 0.00285371 0.0341151
63
1
-0.51238 1.26738 -0.344362
0.00245021 0.0035382 0.0337457
64
1
-0.518622 1.25996 -0.41145
0.00322955 0.00418292 0.0332961
65
1
-0.526619 1.25147 -0.47758
0.00415145 0.00476092 0.0327695
66
1
-0.536633 1.24209 -0.542607
0.00522217 0.00523588 0.0321707
67
1
-0.548927 1.23211 -0.6064
0.00643836 0.00556463 0.0315061
68
1
-0.563726 1.22185 -0.668839
0.00778287 0.00569907 0.030785
69
1
-0.581191 1.2117 -0.729827
0.00922409 0.00559212 0.0300195
70
1
-0.60135 1.2021 -0.789313
0.0107129 0.00520246 0.029228
71
1
-0.62408 1.19359 -0.847319
0.0121814 0.00450047 0.028436
72
1
-0.649106 1.18681 -0.903942
0.0135423 0.00346999 0.0276735
73
1
-0.676059 1.18253 -0.959313
0.0146943 0.00210832 0.0269667
74
1
-0.704543 1.18153 -1.0135
0.015534 0.000427132 0.0263303
75
1
-0.734191 1.18441 -1.06647
0.0159766 -0.00154183 0.0257725
76
1
-0.764643 1.19135 -1.11813
0.0159761 -0.00373854 0.025314
77
1
-0.795356 1.20201 -1.16869
0.0155392 -0.00605773 0.0249975
78
1
-0.825457 1.21579 -1.21877
0.0147215 -0.00833962 0.0248638
79
1
-0.853676 1.23228 -1.26925
0.0135848 -0.0104011 0.0249221
80
1
-0.878694 1.2516 -1.3207
0.0121959 -0.012106 0.0251209
81
1
-0.899728 1.2742 -1.37296
0.0106582 -0.013393 0.025374
82
1
-0.916893 1.30027 -1.42536
0.00909792 -0.0142532 0.0256293
83
1
-0.93106 1.32945 -1.47725
0.00757934 -0.0147627 0.0258974
84
1
-0.943093 1.36078 -1.52857
0.00610496 -0.0151532 0.0261332
85
1
-0.95325 1.39351 -1.57952
0.00473965 -0.0157195 0.0261517
86
1
-0.961192 1.42747 -1.63015
0.00364108 -0.0165813 0.0257873
87
1
-0.966638 1.46318 -1.67991
0.00284694 -0.0175262 0.025151
88
1
-0.969797 1.50093 -1.7282
0.00191833 -0.0183357 0.0244655
89
1
-0.970535 1.54053 -1.77496
8.43862e-005 -0.0192345 0.0236395
90
1
-0.967785 1.58179 -1.82039
-0.00271683 -0.0206625 0.0223977
91
1
-0.960234 1.625 -1.86435
-0.00549826 -0.0223179 0.0209392
92
1
-0.947584 1.6704 -1.90665
-0.00804239 -0.0235703 0.0197821
93
1
-0.929159 1.71707 -1.94824
-0.0112333 -0.0242993 0.0192811
94
1
-0.903607 1.76417 -1.98937
-0.014725 -0.0242608 0.0195327
95
1
-0.870719 1.81125 -2.0301
-0.0186428 -0.0240286 0.0202344
96
1
-0.83046 1.85794 -2.07108
-0.0225043 -0.0239743 0.0206104
97
1
-0.782283 1.90398 -2.11188
-0.0272577 -0.0238489 0.0209432
98
1
-0.726168 1.9495 -2.15162
-0.0307426 -0.0231668 0.0195015
99
1
-0.662227 1.99382 -2.18877
-0.0340709 -0.0222063 0.0171876
100
1
-0.590788 2.03532 -2.22257
-0.0379179 -0.0204404 0.0155999
101
1
-0.51236 2.07291 -2.25286
-0.040685 -0.0176909 0.0138223
102
1
-0.427808 2.10479 -2.28038
-0.0432606 -0.0143359 0.0128982
103
1
-0.338449 2.1307 -2.3055
-0.0455714 -0.0115502 0.0117008
104
1
-0.245169 2.15102 -2.3267
-0.0474599 -0.00871984 0.00881204
105
1
-0.148531 2.16476 -2.34168
-0.0489561 -0.00511224 0.00531955
106
1
-0.0497454 2.17133 -2.34935
-0.0497754 -0.00160353 0.00180662
107
1
0.0497454 2.17133 -2.34935
-0.0497754 0.00160353 -0.00180662
108
1
0.148531 2.16476 -2.34168
-0.0489561 0.00511224 -0.00531955
109
1
0.245169 2.15102 -2.3267
-0.0474599 0.00871984 -0.00881204
110
1
0.338449 2.1307 -2.3055
-0.0455714 0.0115502 -0.0117008
111
1
0.427808 2.10479 -2.28038
-0.0432606 0.0143359 -0.0128982
112
1
0.51236 2.07291 -2.25286
-0.040685 0.0176909 -0.0138223
113
1
0.590788 2.03532 -2.22257
-0.0379179 0.0204404 -0.0155999
114
1
0.662227 1.99382 -2.18877
-0.0340709 0.0222063 -0.0171876
115
1
0.726168 1.9495 -2.15162
-0.0307426 0.0231668 -0.0195015
116
1
0.782283 1.90398 -2.11188
-0.0272577 0.0238489 -0.0209432
117
1
0.83046 1.85794 -2.07108
-0.0225043 0.0239743 -0.0206104
118
1
0.870719 1.81125 -2.0301
-0.0186428 0.0240286 -0.0202344
119
1
0.903607 1.76417 -1.98937
-0.014725 0.0242608 -0.0195327
120
1
0.929159 1.71707 -1.94824
-0.0112333 0.0242993 -0.0192811
121
1
0.947584 1.6704 -1.90665
-0.00804239 0.0235703 -0.0197821
122
1
0.960234 1.625 -1.86435
-0.00549826 0.0223179 -0.0209392
123
1
0.967785 1.58179 -1.82039
-0.00271683 0.0206625 -0.0223977
124
1
0.970535 1.54053 -1.77496
8.43862e-005 0.0192345 -0.0236395
125
1
0.969797 1.50093 -1.7282
0.00191833 0.0183357 -0.0244655
126
1
0.966638 1.46318 -1.67991
0.00284694 0.0175262 -0.025151
127
1
0.961192 1.42747 -1.63015
0.00364108 0.0165813 -0.0257873
128
1
0.95325 1.39351 -1.57952
0.00473965 0.0157195 -0.0261517
129
1
0.943093 1.36078 -1.52857
0.00610496 0.0151532 -0.0261332
130
1
0.93106 1.32945 -1.47725
0.00757934 0.0147627 -0.0258974
131
1
0.916893 1.30027 -1.42536
0.00909792 0.0142532 -0.0256293
132
1
0.899728 1.2742 -1.37296
0.0106582 0.013393 -0.025374
133
1
0.878694 1.2516 -1.3207
0.0121959 0.012106 -0.0251209
134
1
0.853676 1.23228 -1.26925
0.0135848 0.0104011 -0.0249221
135
1
0.825457 1.21579 -1.21877
0.0147215 0.00833962 -0.0248638
136
1
0.795356 1.20201 -1.16869
0.0155392 0.00605773 -0.0249975
137
1
0.764643 1.19135 -1.11813
0.0159761 0.00373854 -0.025314
138
1
0.734191 1.18441 -1.06647
0.0159766 0.00154183 -0.0257725
139
1
0.704543 1.18153 -1.0135
0.015534 -0.000427132 -0.0263303
140
1
0.676059 1.18253 -0.959313
0.0146943 -0.00210832 -0.0269667
141
1
0.649106 1.18681 -0.903942
0.0135423 -0.00346999 -0.0276735
142
1
0.62408 1.19359 -0.847319
0.0121814 -0.00450047 -0.028436
143
1
0.60135 1.2021 -0.789313
0.0107129 -0.00520246 -0.029228
144
1
0.581191 1.2117 -0.729827
0.00922409 -0.00559212 -0.0300195
145
1
0.563726 1.22185 -0.668839
0.00778287 -0.00569907 -0.030785
146
1
0.548927 1.23211 -0.6064
0.00643836 -0.00556463 -0.0315061
147
1
0.536633 1.24209 -0.542607
0.00522217 -0.00523588 -0.0321707
148
1
0.526619 1.25147 -0.47758
0.00415145 -0.00476092 -0.0327695
149
1
0.518622 1.25996 -0.41145
0.00322955 -0.00418292 -0.0332961
150
1
0.51238 1.26738 -0.344362
0.00245021 -0.0035382 -0.0337457
151
1
0.507643 1.27358 -0.276466
0.00179771 -0.00285371 -0.0341151
152
1
0.504198 1.27846 -0.207921
0.00125212 -0.00214881 -0.0344028
153
1
0.501867 1.28197 -0.138886
0.000787843 -0.00143458 -0.0346082
154
1
0.500525 1.28409 -0.0695246
0.000379736 -0.000717557 -0.0347313
155
1
0.500084 1.2848 -7.04586e-017
-5.54111e-017 -4.92227e-017 -0.0347724
156
1
0.500525 1.28409 0.0695246
-0.000379736 0.000717557 -0.0347313
157
1
0.501867 1.28197 0.138886
-0.000787843 0.00143458 -0.0346082
158
1
0.504198 1.27846 0.207921
-0.00125212 0.00214881 -0.0344028
159
1
0.507643 1.27358 0.276466
-0.00179771 0.00285371 -0.0341151
160
1
0.51238 1.26738 0.344362
-0.00245021 0.0035382 -0.0337457
161
1
0.518622 1.25996 0.41145
-0.00322955 0.00418292 -0.0332961
162
1
0.526619 1.25147 0.47758
-0.00415145 0.00476092 -0.0327695
163
1
0.536633 1.24209 0.542607
-0.00522217 0.00523588 -0.0321707
164
1
0.548927 1.23211 0.6064
-0.00643836 0.00556463 -0.0315061
165
1
0.563726 1.22185 0.668839
-0.00778287 0.00569907 -0.030785
166
1
0.581191 1.2117 0.729827
-0.00922409 0.00559212 -0.0300195
167
1
0.60135 1.2021 0.789313
-0.0107129 0.00520246 -0.029228
168
1
0.62408 1.19359 0.847319
-0.0121814 0.00450047 -0.028436
169
1
0.649106 1.18681 0.903942
-0.0135423 0.00346999 -0.0276735
170
1
0.676059 1.18253 0.959313
-0.0146943 0.00210832 -0.0269667
171
1
0.704543 1.18153 1.0135
-0.015534 0.000427132 -0.0263303
172
1
0.734191 1.18441 1.06647
-0.0159766 -0.00154183 -0.0257725
173
1
0.764643 1.19135 1.11813
-0.0159761 -0.00373854 -0.025314
174
1
0.795356 1.20201 1.16869
-0.0155392 -0.00605773 -0.0249975
175
1
0.825457 1.21579 1.21877
-0.0147215 -0.00833962 -0.0248638
176
1
0.853676 1.23228 1.26925
-0.0135848 -0.0104011 -0.0249221
177
1
0.878694 1.2516 1.3207
-0.0121959 -0.012106 -0.0251209
178
1
0.899728 1.2742 1.37296
-0.0106582 -0.013393 -0.025374
179
1
0.916893 1.30027 1.42536
-0.00909792 -0.0142532 -0.0256293
180
1
0.93106 1.32945 1.47725
-0.00757934 -0.0147627 -0.0258974
181
1
0.943093 1.36078 1.52857
-0.00610496 -0.0151532 -0.0261332
182
1
0.95325 1.39351 1.57952
-0.00473965 -0.0157195 -0.0261517
183
1
0.961192 1.42747 1.63015
-0.00364108 -0.0165813 -0.0257873
184
1
0.966638 1.46318 1.67991
-0.00284694 -0.0175262 -0.025151
185
1
0.969797 1.50093 1.7282
-0.00191833 -0.0183357 -0.0244655
186
1
0.970535 1.54053 1.77496
-8.43862e-005 -0.0192345 -0.0236395
187
1
0.967785 1.58179 1.82039
0.00271683 -0.0206625 -0.0223977
188
1
0.960234 1.625 1.86435
0.00549826 -0.0223179 -0.0209392
189
1
0.947584 1.6704 1.90665
0.00804239 -0.0235703 -0.0197821
190
1
0.929159 1.71707 1.94824
0.0112333 -0.0242993 -0.0192811
191
1
0.903607 1.76417 1.98937
0.014725 -0.0242608 -0.0195327
192
1
0.870719 1.81125 2.0301
0.0186428 -0.0240286 -0.0202344
193
1
0.83046 1.85794 2.07108
0.0225043 -0.0239743 -0.0206104
