194
0
1
0.999437 9.37506 0.574746
0.0501334 0.00199402 0.0140922
1
1
0.899697 9.368 0.544903
0.0516802 0.00559947 0.0124442
2
1
0.790132 9.35388 0.516522
0.0571258 0.0091777 0.0148471
3
1
0.675286 9.33081 0.485008
0.058671 0.0118838 0.0180103
4
1
0.557235 9.29348 0.447384
0.0572257 0.0205458 0.0197954
5
1
0.439695 9.23605 0.399904
0.0546086 0.0320549 0.0279909
6
1
0.31852 9.14795 0.344182
0.0467898 0.0484012 0.0189653
7
1
0.161919 9.00023 0.313193
0.0509449 0.0551818 -0.00150819
8
1
0.493485 6.04123 0.0576087
-0.00286466 -0.0481517 -0.00948413
9
1
0.232277 13.143 0.0558498
0.0450352 -0.0515801 0.00733864
10
1
-0.232278 13.143 0.0558497
0.0450352 0.0515801 -0.00733856
11
1
-0.493508 6.04124 0.0576069
-0.0028679 0.0481456 0.00946757
12
1
-0.161919 9.00023 0.313193
0.0509449 -0.0551818 0.00150821
13
1
-0.31852 9.14795 0.344181
0.0467898 -0.0484011 -0.0189653
14
1
-0.439695 9.23605 0.399904
0.0546086 -0.0320549 -0.0279909
15
1
-0.557235 9.29348 0.447384
0.0572257 -0.0205458 -0.0197954
16
1
-0.675286 9.33081 0.485008
0.058671 -0.0118838 -0.0180103
17
1
-0.790132 9.35388 0.516522
0.0571258 -0.0091777 -0.0148471
18
1
-0.899697 9.368 0.544903
0.0516802 -0.00559947 -0.0124442
19
1
-0.999437 9.37506 0.574746
0.0501334 -0.00199401 -0.0140922
20
1
-1.08695 9.37762 0.607877
0.0402517 0.000754837 -0.0172289
21
1
-1.16391 9.37814 0.643905
0.0343657 0.000887096 -0.0178009
22
1
-1.2317 9.38017 0.681283
0.0318676 -0.000223556 -0.0208726
23
1
-1.29435 9.38693 0.720555
0.0283694 -0.00352234 -0.0209101
24
1
-1.35187 9.40054 0.759734
0.0271244 -0.00834699 -0.0198523
25
1
-1.40485 9.42019 0.796102
0.0251974 -0.0109577 -0.0194815
26
1
-1.45423 9.44431 0.82777
0.0206646 -0.0112501 -0.0163087
27
1
-1.50053 9.4718 0.85363
0.0198132 -0.0134848 -0.0130148
28
1
-1.54623 9.5012 0.874891
0.0224653 -0.0166316 -0.0104247
29
1
-1.59372 9.53147 0.891692
0.0242787 -0.0169479 -0.0069421
30
1
-1.64267 9.56106 0.903603
0.0251408 -0.0149031 -0.0037393
31
1
-1.69238 9.58934 0.910567
0.0256882 -0.0135408 -0.00052886
32
1
-1.74166 9.61675 0.912995
0.024689 -0.0132068 0.00117443
33
1
-1.78953 9.64414 0.91124
0.0240447 -0.0129967 0.00199637
34
1
-1.83609 9.67192 0.905945
0.0249801 -0.0130286 0.00426731
35
1
-1.88089 9.70027 0.897817
0.0235824 -0.0128045 0.00507124
36
1
-1.92306 9.7284 0.888366
0.0207016 -0.0122079 0.00379921
37
1
-1.96265 9.75666 0.877344
0.020137 -0.013131 0.00563459
38
1
-2.00022 9.78553 0.863445
0.018172 -0.0150498 0.00821123
39
1
-2.03498 9.81543 0.846578
0.0146537 -0.0152223 0.00685233
40
1
-2.06508 9.84713 0.827747
0.0145653 -0.0161248 0.00709362
41
1
-2.09094 9.88063 0.807446
0.0135704 -0.0178892 0.010815
42
1
-2.11318 9.91449 0.784601
0.008605 -0.0174069 0.0125166
43
1
-2.13168 9.94806 0.758738
0.00610172 -0.0164247 0.0119209
44
1
-2.14691 9.98153 0.729126
0.00599829 -0.0164602 0.0148691
45
1
-2.15986 10.0155 0.694538
0.00498611 -0.0171305 0.0216032
46
1
-2.17237 10.05 0.655251
0.00396473 -0.0171408 0.0223696
47
1
-2.18528 10.0838 0.61143
0.00533298 -0.0165948 0.0215351
48
1
-2.19905 10.1174 0.563277
0.00837052 -0.018202 0.0275872
49
1
-2.21328 10.1491 0.513048
0.00950668 -0.0174137 0.0290025
50
1
-2.22629 10.1791 0.461683
0.00652497 -0.0147347 0.0255791
51
1
-2.23716 10.2082 0.40822
0.00416042 -0.0147693 0.0271066
52
1
-2.24549 10.2357 0.353125
0.00455984 -0.0161718 0.0302007
53
1
-2.25143 10.2609 0.295666
0.00286805 -0.0151869 0.0333029
54
1
-2.25489 10.2825 0.236521
1.73068e-005 -0.0105989 0.033859
55
1
-2.25628 10.2991 0.176831
-0.000728076 -0.00728159 0.0325791
56
1
-2.25633 10.3108 0.117556
-0.000110239 -0.00497712 0.0309303
57
1
-2.2561 10.3186 0.0580265
-0.000665439 -0.00277876 0.0296746
58
1
-2.25609 10.3215 -2.42652e-008
-3.01635e-010 3.30899e-010 0.0292315
59
1
-2.2561 10.3186 -0.0580265
0.000665438 0.00277876 0.0296746
60
1
-2.25633 10.3108 -0.117556
0.000110238 0.00497712 0.0309303
61
1
-2.25628 10.2991 -0.176831
0.000728075 0.0072816 0.0325791
62
1
-2.25489 10.2825 -0.236521
-1.73074e-005 0.0105989 0.033859
63
1
-2.25143 10.2609 -0.295666
-0.00286805 0.0151869 0.0333029
64
1
-2.24549 10.2357 -0.353125
-0.00455984 0.0161718 0.0302007
65
1
-2.23716 10.2082 -0.40822
-0.00416042 0.0147693 0.0271066
66
1
-2.22629 10.1791 -0.461684
-0.00652497 0.0147347 0.0255791
67
1
-2.21328 10.1491 -0.513048
-0.00950668 0.0174137 0.0290025
68
1
-2.19905 10.1174 -0.563277
-0.00837052 0.018202 0.0275872
69
1
-2.18528 10.0838 -0.61143
-0.00533298 0.0165948 0.0215351
70
1
-2.17237 10.05 -0.655251
-0.00396473 0.0171408 0.0223696
71
1
-2.15986 10.0155 -0.694538
-0.00498611 0.0171305 0.0216032
72
1
-2.14691 9.98153 -0.729126
-0.00599829 0.0164602 0.0148691
73
1
-2.13168 9.94806 -0.758738
-0.00610172 0.0164247 0.0119209
74
1
-2.11318 9.91449 -0.784602
-0.008605 0.0174069 0.0125166
75
1
-2.09094 9.88063 -0.807446
-0.0135704 0.0178892 0.010815
76
1
-2.06508 9.84713 -0.827747
-0.0145653 0.0161248 0.00709362
77
1
-2.03498 9.81543 -0.846579
-0.0146537 0.0152223 0.00685233
78
1
-2.00022 9.78553 -0.863445
-0.018172 0.0150498 0.00821123
79
1
-1.96265 9.75666 -0.877344
-0.020137 0.013131 0.00563459
80
1
-1.92306 9.7284 -0.888366
-0.0207016 0.0122079 0.00379921
81
1
-1.88089 9.70027 -0.897817
-0.0235824 0.0128045 0.00507124
82
1
-1.83609 9.67192 -0.905945
-0.0249801 0.0130286 0.00426731
83
1
-1.78953 9.64414 -0.91124
-0.0240447 0.0129967 0.00199637
84
1
-1.74166 9.61675 -0.912995
-0.024689 0.0132068 0.00117443
85
1
-1.69238 9.58934 -0.910567
-0.0256882 0.0135408 -0.00052886
86
1
-1.64267 9.56106 -0.903603
-0.0251408 0.0149031 -0.0037393
87
1
-1.59372 9.53147 -0.891692
-0.0242787 0.0169479 -0.00694209
88
1
-1.54623 9.5012 -0.874891
-0.0224653 0.0166316 -0.0104247
89
1
-1.50053 9.4718 -0.85363
-0.0198132 0.0134848 -0.0130148
90
1
-1.45423 9.44431 -0.82777
-0.0206646 0.0112501 -0.0163087
91
1
-1.40485 9.42019 -0.796102
-0.0251974 0.0109577 -0.0194815
92
1
-1.35187 9.40054 -0.759734
-0.0271244 0.00834699 -0.0198523
93
1
-1.29435 9.38693 -0.720555
-0.0283694 0.00352234 -0.0209101
94
1
-1.2317 9.38017 -0.681283
-0.0318676 0.000223556 -0.0208726
95
1
-1.16391 9.37814 -0.643905
-0.0343657 -0.000887095 -0.0178009
96
1
-1.08695 9.37762 -0.607877
-0.0402517 -0.000754836 -0.0172289
97
1
-0.999437 9.37506 -0.574746
-0.0501334 0.00199402 -0.0140922
98
1
-0.899697 9.368 -0.544903
-0.0516802 0.00559947 -0.0124442
99
1
-0.790132 9.35388 -0.516522
-0.0571258 0.0091777 -0.0148471
100
1
-0.675286 9.33081 -0.485008
-0.058671 0.0118838 -0.0180103
101
1
-0.557235 9.29348 -0.447384
-0.0572257 0.0205458 -0.0197954
102
1
-0.439695 9.23605 -0.399904
-0.0546086 0.0320549 -0.0279909
103
1
-0.31852 9.14795 -0.344182
-0.0467898 0.0484012 -0.0189653
104
1
-0.161919 9.00023 -0.313193
-0.0509449 0.0551818 0.00150819
105
1
-0.493485 6.04123 -0.0576058
0.00286468 -0.0481516 0.00948439
106
1
-0.232277 13.143 -0.0558498
-0.0450352 -0.0515801 -0.00733864
107
1
0.232278 13.143 -0.0558497
-0.0450352 0.0515801 0.00733856
108
1
0.493508 6.04124 -0.057604
0.00286792 0.0481454 -0.00946784
109
1
0.161919 9.00023 -0.313193
-0.0509449 -0.0551818 -0.00150821
110
1
0.31852 9.14795 -0.344181
-0.0467898 -0.0484011 0.0189653
111
1
0.439695 9.23605 -0.399904
-0.0546085 -0.0320549 0.0279908
112
1
0.557235 9.29348 -0.447384
-0.0572257 -0.0205458 0.0197954
113
1
0.675286 9.33081 -0.485008
-0.058671 -0.0118838 0.0180103
114
1
0.790132 9.35388 -0.516522
-0.0571258 -0.0091777 0.0148471
115
1
0.899697 9.368 -0.544903
-0.0516802 -0.00559947 0.0124442
116
1
0.999437 9.37506 -0.574746
-0.0501334 -0.00199401 0.0140922
117
1
1.08695 9.37762 -0.607877
-0.0402517 0.000754837 0.0172289
118
1
1.16391 9.37814 -0.643905
-0.0343657 0.000887096 0.0178009
119
1
1.2317 9.38017 -0.681283
-0.0318676 -0.000223556 0.0208726
120
1
1.29435 9.38693 -0.720555
-0.0283694 -0.00352234 0.0209101
121
1
1.35187 9.40054 -0.759734
-0.0271244 -0.00834699 0.0198523
122
1
1.40485 9.42019 -0.796102
-0.0251974 -0.0109577 0.0194815
123
1
1.45423 9.44431 -0.82777
-0.0206646 -0.0112501 0.0163087
124
1
1.50053 9.4718 -0.85363
-0.0198132 -0.0134848 0.0130148
125
1
1.54623 9.5012 -0.874891
-0.0224653 -0.0166316 0.0104247
126
1
1.59372 9.53147 -0.891692
-0.0242787 -0.0169479 0.00694209
127
1
1.64267 9.56106 -0.903603
-0.0251408 -0.0149031 0.0037393
128
1
1.69238 9.58934 -0.910567
-0.0256882 -0.0135408 0.00052886
129
1
1.74166 9.61675 -0.912995
-0.024689 -0.0132068 -0.00117443
130
1
1.78953 9.64414 -0.91124
-0.0240447 -0.0129967 -0.00199637
131
1
1.83609 9.67192 -0.905945
-0.0249801 -0.0130286 -0.00426731
132
1
1.88089 9.70027 -0.897817
-0.0235824 -0.0128045 -0.00507124
133
1
1.92306 9.7284 -0.888366
-0.0207016 -0.0122079 -0.00379921
134
1
1.96265 9.75666 -0.877344
-0.020137 -0.013131 -0.00563459
135
1
2.00022 9.78553 -0.863445
-0.018172 -0.0150498 -0.00821123
136
1
2.03498 9.81543 -0.846578
-0.0146537 -0.0152223 -0.00685233
137
1
2.06508 9.84713 -0.827747
-0.0145653 -0.0161248 -0.00709362
138
1
2.09094 9.88063 -0.807446
-0.0135704 -0.0178892 -0.010815
139
1
2.11318 9.91449 -0.784601
-0.008605 -0.0174069 -0.0125166
140
1
2.13168 9.94806 -0.758738
-0.00610172 -0.0164247 -0.0119209
141
1
2.14691 9.98153 -0.729126
-0.00599829 -0.0164602 -0.0148691
142
1
2.15986 10.0155 -0.694538
-0.00498611 -0.0171305 -0.0216032
143
1
2.17237 10.05 -0.655251
-0.00396473 -0.0171408 -0.0223696
144
1
2.18528 10.0838 -0.61143
-0.00533298 -0.0165948 -0.0215351
145
1
2.19905 10.1174 -0.563277
-0.00837052 -0.018202 -0.0275872
146
1
2.21328 10.1491 -0.513048
-0.00950668 -0.0174137 -0.0290025
147
1
2.22629 10.1791 -0.461683
-0.00652497 -0.0147347 -0.0255791
148
1
2.23716 10.2082 -0.40822
-0.00416042 -0.0147693 -0.0271066
149
1
2.24549 10.2357 -0.353125
-0.00455984 -0.0161718 -0.0302007
150
1
2.25143 10.2609 -0.295666
-0.00286805 -0.0151869 -0.0333029
151
1
2.25489 10.2825 -0.236521
-1.73067e-005 -0.0105989 -0.033859
152
1
2.25628 10.2991 -0.176831
0.000728076 -0.0072816 -0.0325791
153
1
2.25633 10.3108 -0.117556
0.000110239 -0.00497712 -0.0309303
154
1
2.2561 10.3186 -0.0580265
0.000665439 -0.00277876 -0.0296746
155
1
2.25609 10.3215 1.93893e-008
3.91105e-010 2.78406e-010 -0.0292315
156
1
2.2561 10.3186 0.0580265
-0.000665438 0.00277876 -0.0296746
157
1
2.25633 10.3108 0.117556
-0.000110238 0.00497712 -0.0309303
158
1
2.25628 10.2991 0.176831
-0.000728075 0.0072816 -0.0325791
159
1
2.25489 10.2825 0.236521
1.73075e-005 0.0105989 -0.033859
160
1
2.25143 10.2609 0.295666
0.00286805 0.0151869 -0.0333029
161
1
2.24549 10.2357 0.353125
0.00455984 0.0161718 -0.0302007
162
1
2.23716 10.2082 0.40822
0.00416042 0.0147693 -0.0271066
163
1
2.22629 10.1791 0.461684
0.00652497 0.0147347 -0.0255791
164
1
2.21328 10.1491 0.513048
0.00950668 0.0174137 -0.0290025
165
1
2.19905 10.1174 0.563277
0.00837052 0.018202 -0.0275872
166
1
2.18528 10.0838 0.61143
0.00533298 0.0165948 -0.0215351
167
1
2.17237 10.05 0.655251
0.00396473 0.0171408 -0.0223696
168
1
2.15986 10.0155 0.694538
0.00498611 0.0171305 -0.0216032
169
1
2.14691 9.98153 0.729126
0.00599829 0.0164602 -0.0148691
170
1
2.13168 9.94806 0.758738
0.00610172 0.0164247 -0.0119209
171
1
2.11318 9.91449 0.784602
0.008605 0.0174069 -0.0125166
172
1
2.09094 9.88063 0.807446
0.0135704 0.0178892 -0.010815
173
1
2.06508 9.84713 0.827747
0.0145653 0.0161248 -0.00709362
174
1
2.03498 9.81543 0.846579
0.0146537 0.0152223 -0.00685233
175
1
2.00022 9.78553 0.863445
0.018172 0.0150498 -0.00821123
176
1
1.96265 9.75666 0.877344
0.020137 0.013131 -0.00563459
177
1
1.92306 9.7284 0.888366
0.0207016 0.0122079 -0.00379921
178
1
1.88089 9.70027 0.897817
0.0235824 0.0128045 -0.00507124
179
1
1.83609 9.67192 0.905945
0.0249801 0.0130286 -0.00426731
180
1
1.78953 9.64414 0.91124
0.0240447 0.0129967 -0.00199637
181
1
1.74166 9.61675 0.912995
0.024689 0.0132068 -0.00117443
182
1
1.69238 9.58934 0.910567
0.0256882 0.0135408 0.00052886
183
1
1.64267 9.56106 0.903603
0.0251408 0.0149031 0.0037393
184
1
1.59372 9.53147 0.891692
0.0242787 0.0169479 0.00694209
185
1
1.54623 9.5012 0.874891
0.0224653 0.0166316 0.0104247
186
1
1.50053 9.4718 0.85363
0.0198132 0.0134848 0.0130148
187
1
1.45423 9.44431 0.82777
0.0206646 0.0112501 0.0163087
188
1
1.40485 9.42019 0.796102
0.0251974 0.0109577 0.0194815
189
1
1.35187 9.40054 0.759734
0.0271244 0.00834699 0.0198523
190
1
1.29435 9.38693 0.720555
0.0283694 0.00352234 0.0209101
191
1
1.2317 9.38017 0.681283
0.0318676 0.000223556 0.0208726
192
1
1.16391 9.37814 0.643905
0.0343657 -0.000887095 0.0178009
193
1
1.08695 9.37762 0.607877
0.0402517 -0.000754836 0.0172289
