194
0
1
0.932009 3.15826 1.08103
0.0365563 -0.0227164 -0.020987
1
1
0.858201 3.20185 1.1211
0.0397622 -0.0213204 -0.0204776
2
1
0.777488 3.24354 1.16052
0.0422135 -0.0198143 -0.0201611
3
1
0.690524 3.28257 1.19831
0.0455526 -0.0185071 -0.0185343
4
1
0.597224 3.31807 1.23265
0.048091 -0.016068 -0.0161402
5
1
0.497808 3.34855 1.26189
0.0507228 -0.0135844 -0.013001
6
1
0.392948 3.37355 1.28495
0.0535886 -0.0104076 -0.00980919
7
1
0.283702 3.39282 1.30214
0.0556139 -0.00790827 -0.0067251
8
1
0.171354 3.4065 1.31402
0.0567369 -0.00528632 -0.00418616
9
1
0.0572978 3.41386 1.32013
0.0572986 -0.00180837 -0.00171751
10
1
-0.0572978 3.41386 1.32013
0.0572986 0.00180837 0.00171751
11
1
-0.171354 3.4065 1.31402
0.0567369 0.00528632 0.00418616
12
1
-0.283702 3.39282 1.30214
0.0556139 0.00790827 0.0067251
13
1
-0.392948 3.37355 1.28495
0.0535886 0.0104076 0.00980919
14
1
-0.497808 3.34855 1.26189
0.0507228 0.0135844 0.013001
15
1
-0.597224 3.31807 1.23265
0.048091 0.016068 0.0161402
16
1
-0.690524 3.28257 1.19831
0.0455526 0.0185071 0.0185343
17
1
-0.777488 3.24354 1.16052
0.0422135 0.0198143 0.0201611
18
1
-0.858201 3.20185 1.1211
0.0397622 0.0213204 0.0204776
19
1
-0.932009 3.15826 1.08103
0.0365563 0.0227164 0.020987
20
1
-0.997642 3.11306 1.04074
0.0315928 0.0230007 0.0207386
21
1
-1.05526 3.06639 1.00019
0.0272174 0.0237215 0.0206572
22
1
-1.10515 3.01862 0.959537
0.022924 0.0242618 0.0206889
23
1
-1.14834 2.97007 0.918383
0.0195562 0.0243417 0.0210924
24
1
-1.18552 2.92101 0.87738
0.016819 0.0246694 0.0206299
25
1
-1.21783 2.87144 0.837143
0.0146668 0.0249496 0.0203218
26
1
-1.24594 2.82155 0.797673
0.0127507 0.0247732 0.019976
27
1
-1.26986 2.77107 0.759764
0.0111626 0.0247624 0.0189794
28
1
-1.29033 2.72 0.724235
0.00948228 0.0251941 0.017895
29
1
-1.3075 2.66857 0.691042
0.00748846 0.0254727 0.0168185
30
1
-1.32119 2.61675 0.660502
0.00560945 0.0255329 0.0153006
31
1
-1.33187 2.56445 0.633232
0.0038753 0.0257501 0.0133478
32
1
-1.34046 2.5118 0.609443
0.00235318 0.0261616 0.0113597
33
1
-1.3477 2.45896 0.588637
0.0015703 0.0264786 0.00961346
34
1
-1.3541 2.40592 0.570506
0.00161432 0.0265787 0.0081839
35
1
-1.36045 2.3528 0.555229
0.00181465 0.0262891 0.00694376
36
1
-1.36769 2.30024 0.542896
0.00188009 0.0256459 0.00554402
37
1
-1.37668 2.24886 0.533083
0.00256564 0.0249956 0.00392297
38
1
-1.38797 2.19875 0.525413
0.00445632 0.0245062 0.00254744
39
1
-1.40222 2.14982 0.519722
0.00711677 0.0240028 0.00180316
40
1
-1.4201 2.10241 0.515576
0.0096687 0.0231844 0.00152405
41
1
-1.44152 2.05695 0.511895
0.0117103 0.0220197 0.00133572
42
1
-1.46605 2.01354 0.507665
0.0133522 0.0207612 0.00120068
43
1
-1.49265 1.97165 0.501707
0.0149404 0.0197566 0.00145776
44
1
-1.52095 1.93068 0.493451
0.0164981 0.0191501 0.00253887
45
1
-1.55071 1.89041 0.482086
0.0176121 0.018909 0.0045537
46
1
-1.58143 1.85106 0.466849
0.0177372 0.0189191 0.00721947
47
1
-1.61199 1.81302 0.44684
0.0168133 0.019044 0.0101489
48
1
-1.64089 1.77635 0.4219
0.0151497 0.0190049 0.0131164
49
1
-1.66693 1.74115 0.392188
0.0131354 0.0185058 0.0159826
50
1
-1.68944 1.70769 0.358332
0.0110555 0.0173502 0.018535
51
1
-1.70826 1.67641 0.320751
0.00934527 0.0156209 0.0206813
52
1
-1.72398 1.64785 0.279789
0.00813336 0.0135615 0.0222323
53
1
-1.73742 1.62228 0.236411
0.0070798 0.011639 0.0232879
54
1
-1.74884 1.6003 0.191228
0.00588193 0.00980785 0.0240347
55
1
-1.75837 1.5827 0.144673
0.00448764 0.00762957 0.0245934
56
1
-1.76572 1.57011 0.0970701
0.00297083 0.00498051 0.0248179
57
1
-1.77058 1.56259 0.0487444
0.00144526 0.0023169 0.0246911
58
1
-1.77219 1.56005 -2.68032e-015
-2.13389e-016 2.65207e-017 0.0245627
59
1
-1.77058 1.56259 -0.0487444
-0.00144526 -0.0023169 0.0246911
60
1
-1.76572 1.57011 -0.0970701
-0.00297083 -0.00498051 0.0248179
61
1
-1.75837 1.5827 -0.144673
-0.00448764 -0.00762957 0.0245934
62
1
-1.74884 1.6003 -0.191228
-0.00588193 -0.00980785 0.0240347
63
1
-1.73742 1.62228 -0.236411
-0.0070798 -0.011639 0.0232879
64
1
-1.72398 1.64785 -0.279789
-0.00813336 -0.0135615 0.0222323
65
1
-1.70826 1.67641 -0.320751
-0.00934527 -0.0156209 0.0206813
66
1
-1.68944 1.70769 -0.358332
-0.0110555 -0.0173502 0.018535
67
1
-1.66693 1.74115 -0.392188
-0.0131354 -0.0185058 0.0159826
68
1
-1.64089 1.77635 -0.4219
-0.0151497 -0.0190049 0.0131164
69
1
-1.61199 1.81302 -0.44684
-0.0168133 -0.019044 0.0101489
70
1
-1.58143 1.85106 -0.466849
-0.0177372 -0.0189191 0.00721947
71
1
-1.55071 1.89041 -0.482086
-0.0176121 -0.018909 0.0045537
72
1
-1.52095 1.93068 -0.493451
-0.0164981 -0.0191501 0.00253887
73
1
-1.49265 1.97165 -0.501707
-0.0149404 -0.0197566 0.00145776
74
1
-1.46605 2.01354 -0.507665
-0.0133522 -0.0207612 0.00120068
75
1
-1.44152 2.05695 -0.511895
-0.0117103 -0.0220197 0.00133572
76
1
-1.4201 2.10241 -0.515576
-0.0096687 -0.0231844 0.00152405
77
1
-1.40222 2.14982 -0.519722
-0.00711677 -0.0240028 0.00180316
78
1
-1.38797 2.19875 -0.525413
-0.00445632 -0.0245062 0.00254744
79
1
-1.37668 2.24886 -0.533083
-0.00256564 -0.0249956 0.00392297
80
1
-1.36769 2.30024 -0.542896
-0.00188009 -0.0256459 0.00554402
81
1
-1.36045 2.3528 -0.555229
-0.00181465 -0.0262891 0.00694376
82
1
-1.3541 2.40592 -0.570506
-0.00161432 -0.0265787 0.0081839
83
1
-1.3477 2.45896 -0.588637
-0.0015703 -0.0264786 0.00961346
84
1
-1.34046 2.5118 -0.609443
-0.00235318 -0.0261616 0.0113597
85
1
-1.33187 2.56445 -0.633232
-0.0038753 -0.0257501 0.0133478
86
1
-1.32119 2.61675 -0.660502
-0.00560945 -0.0255329 0.0153006
87
1
-1.3075 2.66857 -0.691042
-0.00748846 -0.0254727 0.0168185
88
1
-1.29033 2.72 -0.724235
-0.00948228 -0.0251941 0.017895
89
1
-1.26986 2.77107 -0.759764
-0.0111626 -0.0247624 0.0189794
90
1
-1.24594 2.82155 -0.797673
-0.0127507 -0.0247732 0.019976
91
1
-1.21783 2.87144 -0.837143
-0.0146668 -0.0249496 0.0203218
92
1
-1.18552 2.92101 -0.87738
-0.016819 -0.0246694 0.0206299
93
1
-1.14834 2.97007 -0.918383
-0.0195562 -0.0243417 0.0210924
94
1
-1.10515 3.01862 -0.959537
-0.022924 -0.0242618 0.0206889
95
1
-1.05526 3.06639 -1.00019
-0.0272174 -0.0237215 0.0206572
96
1
-0.997642 3.11306 -1.04074
-0.0315928 -0.0230007 0.0207386
97
1
-0.932009 3.15826 -1.08103
-0.0365563 -0.0227164 0.020987
98
1
-0.858201 3.20185 -1.1211
-0.0397622 -0.0213204 0.0204776
99
1
-0.777488 3.24354 -1.16052
-0.0422135 -0.0198143 0.0201611
100
1
-0.690524 3.28257 -1.19831
-0.0455526 -0.0185071 0.0185343
101
1
-0.597224 3.31807 -1.23265
-0.048091 -0.016068 0.0161402
102
1
-0.497808 3.34855 -1.26189
-0.0507228 -0.0135844 0.013001
103
1
-0.392948 3.37355 -1.28495
-0.0535886 -0.0104076 0.00980919
104
1
-0.283702 3.39282 -1.30214
-0.0556139 -0.00790827 0.0067251
105
1
-0.171354 3.4065 -1.31402
-0.0567369 -0.00528632 0.00418616
106
1
-0.0572978 3.41386 -1.32013
-0.0572986 -0.00180837 0.00171751
107
1
0.0572978 3.41386 -1.32013
-0.0572986 0.00180837 -0.00171751
108
1
0.171354 3.4065 -1.31402
-0.0567369 0.00528632 -0.00418616
109
1
0.283702 3.39282 -1.30214
-0.0556139 0.00790827 -0.0067251
110
1
0.392948 3.37355 -1.28495
-0.0535886 0.0104076 -0.00980919
111
1
0.497808 3.34855 -1.26189
-0.0507228 0.0135844 -0.013001
112
1
0.597224 3.31807 -1.23265
-0.048091 0.016068 -0.0161402
113
1
0.690524 3.28257 -1.19831
-0.0455526 0.0185071 -0.0185343
114
1
0.777488 3.24354 -1.16052
-0.0422135 0.0198143 -0.0201611
115
1
0.858201 3.20185 -1.1211
-0.0397622 0.0213204 -0.0204776
116
1
0.932009 3.15826 -1.08103
-0.0365563 0.0227164 -0.020987
117
1
0.997642 3.11306 -1.04074
-0.0315928 0.0230007 -0.0207386
118
1
1.05526 3.06639 -1.00019
-0.0272174 0.0237215 -0.0206572
119
1
1.10515 3.01862 -0.959537
-0.022924 0.0242618 -0.0206889
120
1
1.14834 2.97007 -0.918383
-0.0195562 0.0243417 -0.0210924
121
1
1.18552 2.92101 -0.87738
-0.016819 0.0246694 -0.0206299
122
1
1.21783 2.87144 -0.837143
-0.0146668 0.0249496 -0.0203218
123
1
1.24594 2.82155 -0.797673
-0.0127507 0.0247732 -0.019976
124
1
1.26986 2.77107 -0.759764
-0.0111626 0.0247624 -0.0189794
125
1
1.29033 2.72 -0.724235
-0.00948228 0.0251941 -0.017895
126
1
1.3075 2.66857 -0.691042
-0.00748846 0.0254727 -0.0168185
127
1
1.32119 2.61675 -0.660502
-0.00560945 0.0255329 -0.0153006
128
1
1.33187 2.56445 -0.633232
-0.0038753 0.0257501 -0.0133478
129
1
1.34046 2.5118 -0.609443
-0.00235318 0.0261616 -0.0113597
130
1
1.3477 2.45896 -0.588637
-0.0015703 0.0264786 -0.00961346
131
1
1.3541 2.40592 -0.570506
-0.00161432 0.0265787 -0.0081839
132
1
1.36045 2.3528 -0.555229
-0.00181465 0.0262891 -0.00694376
133
1
1.36769 2.30024 -0.542896
-0.00188009 0.0256459 -0.00554402
134
1
1.37668 2.24886 -0.533083
-0.00256564 0.0249956 -0.00392297
135
1
1.38797 2.19875 -0.525413
-0.00445632 0.0245062 -0.00254744
136
1
1.40222 2.14982 -0.519722
-0.00711677 0.0240028 -0.00180316
137
1
1.4201 2.10241 -0.515576
-0.0096687 0.0231844 -0.00152405
138
1
1.44152 2.05695 -0.511895
-0.0117103 0.0220197 -0.00133572
139
1
1.46605 2.01354 -0.507665
-0.0133522 0.0207612 -0.00120068
140
1
1.49265 1.97165 -0.501707
-0.0149404 0.0197566 -0.00145776
141
1
1.52095 1.93068 -0.493451
-0.0164981 0.0191501 -0.00253887
142
1
1.55071 1.89041 -0.482086
-0.0176121 0.018909 -0.0045537
143
1
1.58143 1.85106 -0.466849
-0.0177372 0.0189191 -0.00721947
144
1
1.61199 1.81302 -0.44684
-0.0168133 0.019044 -0.0101489
145
1
1.64089 1.77635 -0.4219
-0.0151497 0.0190049 -0.0131164
146
1
1.66693 1.74115 -0.392188
-0.0131354 0.0185058 -0.0159826
147
1
1.68944 1.70769 -0.358332
-0.0110555 0.0173502 -0.018535
148
1
1.70826 1.67641 -0.320751
-0.00934527 0.0156209 -0.0206813
149
1
1.72398 1.64785 -0.279789
-0.00813336 0.0135615 -0.0222323
150
1
1.73742 1.62228 -0.236411
-0.0070798 0.011639 -0.0232879
151
1
1.74884 1.6003 -0.191228
-0.00588193 0.00980785 -0.0240347
152
1
1.75837 1.5827 -0.144673
-0.00448764 0.00762957 -0.0245934
153
1
1.76572 1.57011 -0.0970701
-0.00297083 0.00498051 -0.0248179
154
1
1.77058 1.56259 -0.0487444
-0.00144526 0.0023169 -0.0246911
155
1
1.77219 1.56005 -1.87317e-015
-4.2689e-017 2.63921e-016 -0.0245627
156
1
1.77058 1.56259 0.0487444
0.00144526 -0.0023169 -0.0246911
157
1
1.76572 1.57011 0.0970701
0.00297083 -0.00498051 -0.0248179
158
1
1.75837 1.5827 0.144673
0.00448764 -0.00762957 -0.0245934
159
1
1.74884 1.6003 0.191228
0.00588193 -0.00980785 -0.0240347
160
1
1.73742 1.62228 0.236411
0.0070798 -0.011639 -0.0232879
161
1
1.72398 1.64785 0.279789
0.00813336 -0.0135615 -0.0222323
162
1
1.70826 1.67641 0.320751
0.00934527 -0.0156209 -0.0206813
163
1
1.68944 1.70769 0.358332
0.0110555 -0.0173502 -0.018535
164
1
1.66693 1.74115 0.392188
0.0131354 -0.0185058 -0.0159826
165
1
1.64089 1.77635 0.4219
0.0151497 -0.0190049 -0.0131164
166
1
1.61199 1.81302 0.44684
0.0168133 -0.019044 -0.0101489
167
1
1.58143 1.85106 0.466849
0.0177372 -0.0189191 -0.00721947
168
1
1.55071 1.89041 0.482086
0.0176121 -0.018909 -0.0045537
169
1
1.52095 1.93068 0.493451
0.0164981 -0.0191501 -0.00253887
170
1
1.49265 1.97165 0.501707
0.0149404 -0.0197566 -0.00145776
171
1
1.46605 2.01354 0.507665
0.0133522 -0.0207612 -0.00120068
172
1
1.44152 2.05695 0.511895
0.0117103 -0.0220197 -0.00133572
173
1
1.4201 2.10241 0.515576
0.0096687 -0.0231844 -0.00152405
174
1
1.40222 2.14982 0.519722
0.00711677 -0.0240028 -0.00180316
175
1
1.38797 2.19875 0.525413
0.00445632 -0.0245062 -0.00254744
176
1
1.37668 2.24886 0.533083
0.00256564 -0.0249956 -0.00392297
177
1
1.36769 2.30024 0.542896
0.00188009 -0.0256459 -0.00554402
178
1
1.36045 2.3528 0.555229
0.00181465 -0.0262891 -0.00694376
179
1
1.3541 2.40592 0.570506
0.00161432 -0.0265787 -0.0081839
180
1
1.3477 2.45896 0.588637
0.0015703 -0.0264786 -0.00961346
181
1
1.34046 2.5118 0.609443
0.00235318 -0.0261616 -0.0113597
182
1
1.33187 2.56445 0.633232
0.0038753 -0.0257501 -0.0133478
183
1
1.32119 2.61675 0.660502
0.00560945 -0.0255329 -0.0153006
184
1
1.3075 2.66857 0.691042
0.00748846 -0.0254727 -0.0168185
185
1
1.29033 2.72 0.724235
0.00948228 -0.0251941 -0.017895
186
1
1.26986 2.77107 0.759764
0.0111626 -0.0247624 -0.0189794
187
1
1.24594 2.82155 0.797673
0.0127507 -0.0247732 -0.019976
188
1
1.21783 2.87144 0.837143
0.0146668 -0.0249496 -0.0203218
189
1
1.18552 2.92101 0.87738
0.016819 -0.0246694 -0.0206299
190
1
1.14834 2.97007 0.918383
0.0195562 -0.0243417 -0.0210924
191
1
1.10515 3.01862 0.959537
0.022924 -0.0242618 -0.0206889
192
1
1.05526 3.06639 1.00019
0.0272174 -0.0237215 -0.0206572
193
1
0.997642 3.11306 1.04074
0.0315928 -0.0230007 -0.0207386
