194
0
1
0.88566 2.72125 1.42144
0.0328629 -0.0231662 -0.0229534
1
1
0.818024 2.76547 1.46316
0.0361842 -0.0224296 -0.0207267
2
1
0.742629 2.80811 1.50118
0.0396914 -0.0207826 -0.0181112
3
1
0.660137 2.84806 1.53516
0.0434859 -0.0192554 -0.0158607
4
1
0.570772 2.88389 1.56544
0.0462524 -0.0161519 -0.0138944
5
1
0.475657 2.91486 1.59238
0.0486587 -0.0132569 -0.0126555
6
1
0.375555 2.94048 1.61561
0.0510555 -0.0104828 -0.0109316
7
1
0.271404 2.95984 1.63459
0.0529348 -0.007492 -0.00851414
8
1
0.164102 2.97244 1.64776
0.0542049 -0.00442797 -0.00480867
9
1
0.0548892 2.97831 1.65391
0.0549485 -0.00132865 -0.00127006
10
1
-0.0548892 2.97831 1.65391
0.0549485 0.00132865 0.00127006
11
1
-0.164102 2.97244 1.64776
0.0542049 0.00442797 0.00480867
12
1
-0.271404 2.95984 1.63459
0.0529348 0.007492 0.00851414
13
1
-0.375555 2.94048 1.61561
0.0510555 0.0104828 0.0109316
14
1
-0.475657 2.91486 1.59238
0.0486587 0.0132569 0.0126555
15
1
-0.570772 2.88389 1.56544
0.0462524 0.0161519 0.0138944
16
1
-0.660137 2.84806 1.53516
0.0434859 0.0192554 0.0158607
17
1
-0.742629 2.80811 1.50118
0.0396914 0.0207826 0.0181112
18
1
-0.818024 2.76547 1.46316
0.0361842 0.0224296 0.0207267
19
1
-0.88566 2.72125 1.42144
0.0328629 0.0231662 0.0229534
20
1
-0.945664 2.6766 1.37776
0.0287255 0.0227366 0.0228254
21
1
-0.998844 2.63153 1.33341
0.0253462 0.0228286 0.0224975
22
1
-1.04581 2.58626 1.28929
0.022368 0.0228278 0.0218585
23
1
-1.08721 2.54046 1.24565
0.0198692 0.0227114 0.0215226
24
1
-1.12338 2.49448 1.20262
0.0168597 0.0228607 0.0213687
25
1
-1.15441 2.44873 1.15937
0.0141769 0.0228022 0.021949
26
1
-1.18026 2.40311 1.11556
0.0116766 0.0223678 0.0224268
27
1
-1.20173 2.35787 1.0715
0.00917781 0.0221087 0.0225185
28
1
-1.21909 2.31327 1.0269
0.00695282 0.0220975 0.0228979
29
1
-1.23256 2.26896 0.982041
0.0053448 0.0220557 0.0230375
30
1
-1.24294 2.22457 0.937687
0.00435022 0.0220063 0.02243
31
1
-1.25085 2.18018 0.894217
0.00336723 0.0218355 0.0219046
32
1
-1.25603 2.13613 0.851594
0.00187064 0.0216093 0.021707
33
1
-1.25775 2.09225 0.810124
-0.000101728 0.0216849 0.0209793
34
1
-1.25584 2.0481 0.770301
-0.00218453 0.0221754 0.0195351
35
1
-1.25041 2.00371 0.732132
-0.00410324 0.0226477 0.018144
36
1
-1.2413 1.95964 0.695279
-0.0059652 0.0226144 0.0172473
37
1
-1.22782 1.9165 0.659624
-0.00799588 0.0220511 0.016585
38
1
-1.20978 1.87445 0.625495
-0.0101309 0.0212372 0.0159205
39
1
-1.18779 1.83328 0.593171
-0.0120547 0.0204194 0.0153551
40
1
-1.1629 1.79284 0.562315
-0.0135535 0.019671 0.0150435
41
1
-1.13589 1.7532 0.532275
-0.0146178 0.0190316 0.0149503
42
1
-1.10724 1.71427 0.502715
-0.0153146 0.0185984 0.0149089
43
1
-1.0774 1.67557 0.473885
-0.0156712 0.0184829 0.0147684
44
1
-1.04739 1.63622 0.446081
-0.0156751 0.0187298 0.0144514
45
1
-1.01855 1.59564 0.419213
-0.0153126 0.0192913 0.0139266
46
1
-0.992017 1.55397 0.392697
-0.0145828 0.0200244 0.0132237
47
1
-0.968156 1.51195 0.366003
-0.0134853 0.0207608 0.0124559
48
1
-0.946811 1.47057 0.338773
-0.0120525 0.0212812 0.0118275
49
1
-0.927573 1.43053 0.311033
-0.0103605 0.0214061 0.0115753
50
1
-0.910386 1.39233 0.282686
-0.00852814 0.0209717 0.0118765
51
1
-0.895561 1.35642 0.253374
-0.00664966 0.0199564 0.012827
52
1
-0.883456 1.32342 0.22255
-0.00483026 0.0182434 0.014314
53
1
-0.87417 1.29407 0.189738
-0.00313795 0.0158343 0.016094
54
1
-0.867593 1.26908 0.15474
-0.00163108 0.0128979 0.0178368
55
1
-0.863313 1.24908 0.117728
-0.000412093 0.0096834 0.0192149
56
1
-0.86083 1.23443 0.0792198
0.000316548 0.00639999 0.0200097
57
1
-0.859455 1.22552 0.0398113
0.000389055 0.00315279 0.0202629
58
1
-0.859102 1.22262 -3.6289e-015
-1.12757e-016 -3.65335e-017 0.0202709
59
1
-0.859455 1.22552 -0.0398113
-0.000389055 -0.00315279 0.0202629
60
1
-0.86083 1.23443 -0.0792198
-0.000316548 -0.00639999 0.0200097
61
1
-0.863313 1.24908 -0.117728
0.000412093 -0.0096834 0.0192149
62
1
-0.867593 1.26908 -0.15474
0.00163108 -0.0128979 0.0178368
63
1
-0.87417 1.29407 -0.189738
0.00313795 -0.0158343 0.016094
64
1
-0.883456 1.32342 -0.22255
0.00483026 -0.0182434 0.014314
65
1
-0.895561 1.35642 -0.253374
0.00664966 -0.0199564 0.012827
66
1
-0.910386 1.39233 -0.282686
0.00852814 -0.0209717 0.0118765
67
1
-0.927573 1.43053 -0.311033
0.0103605 -0.0214061 0.0115753
68
1
-0.946811 1.47057 -0.338773
0.0120525 -0.0212812 0.0118275
69
1
-0.968156 1.51195 -0.366003
0.0134853 -0.0207608 0.0124559
70
1
-0.992017 1.55397 -0.392697
0.0145828 -0.0200244 0.0132237
71
1
-1.01855 1.59564 -0.419213
0.0153126 -0.0192913 0.0139266
72
1
-1.04739 1.63622 -0.446081
0.0156751 -0.0187298 0.0144514
73
1
-1.0774 1.67557 -0.473885
0.0156712 -0.0184829 0.0147684
74
1
-1.10724 1.71427 -0.502715
0.0153146 -0.0185984 0.0149089
75
1
-1.13589 1.7532 -0.532275
0.0146178 -0.0190316 0.0149503
76
1
-1.1629 1.79284 -0.562315
0.0135535 -0.019671 0.0150435
77
1
-1.18779 1.83328 -0.593171
0.0120547 -0.0204194 0.0153551
78
1
-1.20978 1.87445 -0.625495
0.0101309 -0.0212372 0.0159205
79
1
-1.22782 1.9165 -0.659624
0.00799588 -0.0220511 0.016585
80
1
-1.2413 1.95964 -0.695279
0.0059652 -0.0226144 0.0172473
81
1
-1.25041 2.00371 -0.732132
0.00410324 -0.0226477 0.018144
82
1
-1.25584 2.0481 -0.770301
0.00218453 -0.0221754 0.0195351
83
1
-1.25775 2.09225 -0.810124
0.000101728 -0.0216849 0.0209793
84
1
-1.25603 2.13613 -0.851594
-0.00187064 -0.0216093 0.021707
85
1
-1.25085 2.18018 -0.894217
-0.00336723 -0.0218355 0.0219046
86
1
-1.24294 2.22457 -0.937687
-0.00435022 -0.0220063 0.02243
87
1
-1.23256 2.26896 -0.982041
-0.0053448 -0.0220557 0.0230375
88
1
-1.21909 2.31327 -1.0269
-0.00695282 -0.0220975 0.0228979
89
1
-1.20173 2.35787 -1.0715
-0.00917781 -0.0221087 0.0225185
90
1
-1.18026 2.40311 -1.11556
-0.0116766 -0.0223678 0.0224268
91
1
-1.15441 2.44873 -1.15937
-0.0141769 -0.0228022 0.021949
92
1
-1.12338 2.49448 -1.20262
-0.0168597 -0.0228607 0.0213687
93
1
-1.08721 2.54046 -1.24565
-0.0198692 -0.0227114 0.0215226
94
1
-1.04581 2.58626 -1.28929
-0.022368 -0.0228278 0.0218585
95
1
-0.998844 2.63153 -1.33341
-0.0253462 -0.0228286 0.0224975
96
1
-0.945664 2.6766 -1.37776
-0.0287255 -0.0227366 0.0228254
97
1
-0.88566 2.72125 -1.42144
-0.0328629 -0.0231662 0.0229534
98
1
-0.818024 2.76547 -1.46316
-0.0361842 -0.0224296 0.0207267
99
1
-0.742629 2.80811 -1.50118
-0.0396914 -0.0207826 0.0181112
100
1
-0.660137 2.84806 -1.53516
-0.0434859 -0.0192554 0.0158607
101
1
-0.570772 2.88389 -1.56544
-0.0462524 -0.0161519 0.0138944
102
1
-0.475657 2.91486 -1.59238
-0.0486587 -0.0132569 0.0126555
103
1
-0.375555 2.94048 -1.61561
-0.0510555 -0.0104828 0.0109316
104
1
-0.271404 2.95984 -1.63459
-0.0529348 -0.007492 0.00851414
105
1
-0.164102 2.97244 -1.64776
-0.0542049 -0.00442797 0.00480867
106
1
-0.0548892 2.97831 -1.65391
-0.0549485 -0.00132865 0.00127006
107
1
0.0548892 2.97831 -1.65391
-0.0549485 0.00132865 -0.00127006
108
1
0.164102 2.97244 -1.64776
-0.0542049 0.00442797 -0.00480867
109
1
0.271404 2.95984 -1.63459
-0.0529348 0.007492 -0.00851414
110
1
0.375555 2.94048 -1.61561
-0.0510555 0.0104828 -0.0109316
111
1
0.475657 2.91486 -1.59238
-0.0486587 0.0132569 -0.0126555
112
1
0.570772 2.88389 -1.56544
-0.0462524 0.0161519 -0.0138944
113
1
0.660137 2.84806 -1.53516
-0.0434859 0.0192554 -0.0158607
114
1
0.742629 2.80811 -1.50118
-0.0396914 0.0207826 -0.0181112
115
1
0.818024 2.76547 -1.46316
-0.0361842 0.0224296 -0.0207267
116
1
0.88566 2.72125 -1.42144
-0.0328629 0.0231662 -0.0229534
117
1
0.945664 2.6766 -1.37776
-0.0287255 0.0227366 -0.0228254
118
1
0.998844 2.63153 -1.33341
-0.0253462 0.0228286 -0.0224975
119
1
1.04581 2.58626 -1.28929
-0.022368 0.0228278 -0.0218585
120
1
1.08721 2.54046 -1.24565
-0.0198692 0.0227114 -0.0215226
121
1
1.12338 2.49448 -1.20262
-0.0168597 0.0228607 -0.0213687
122
1
1.15441 2.44873 -1.15937
-0.0141769 0.0228022 -0.021949
123
1
1.18026 2.40311 -1.11556
-0.0116766 0.0223678 -0.0224268
124
1
1.20173 2.35787 -1.0715
-0.00917781 0.0221087 -0.0225185
125
1
1.21909 2.31327 -1.0269
-0.00695282 0.0220975 -0.0228979
126
1
1.23256 2.26896 -0.982041
-0.0053448 0.0220557 -0.0230375
127
1
1.24294 2.22457 -0.937687
-0.00435022 0.0220063 -0.02243
128
1
1.25085 2.18018 -0.894217
-0.00336723 0.0218355 -0.0219046
129
1
1.25603 2.13613 -0.851594
-0.00187064 0.0216093 -0.021707
130
1
1.25775 2.09225 -0.810124
0.000101728 0.0216849 -0.0209793
131
1
1.25584 2.0481 -0.770301
0.00218453 0.0221754 -0.0195351
132
1
1.25041 2.00371 -0.732132
0.00410324 0.0226477 -0.018144
133
1
1.2413 1.95964 -0.695279
0.0059652 0.0226144 -0.0172473
134
1
1.22782 1.9165 -0.659624
0.00799588 0.0220511 -0.016585
135
1
1.20978 1.87445 -0.625495
0.0101309 0.0212372 -0.0159205
136
1
1.18779 1.83328 -0.593171
0.0120547 0.0204194 -0.0153551
137
1
1.1629 1.79284 -0.562315
0.0135535 0.019671 -0.0150435
138
1
1.13589 1.7532 -0.532275
0.0146178 0.0190316 -0.0149503
139
1
1.10724 1.71427 -0.502715
0.0153146 0.0185984 -0.0149089
140
1
1.0774 1.67557 -0.473885
0.0156712 0.0184829 -0.0147684
141
1
1.04739 1.63622 -0.446081
0.0156751 0.0187298 -0.0144514
142
1
1.01855 1.59564 -0.419213
0.0153126 0.0192913 -0.0139266
143
1
0.992017 1.55397 -0.392697
0.0145828 0.0200244 -0.0132237
144
1
0.968156 1.51195 -0.366003
0.0134853 0.0207608 -0.0124559
145
1
0.946811 1.47057 -0.338773
0.0120525 0.0212812 -0.0118275
146
1
0.927573 1.43053 -0.311033
0.0103605 0.0214061 -0.0115753
147
1
0.910386 1.39233 -0.282686
0.00852814 0.0209717 -0.0118765
148
1
0.895561 1.35642 -0.253374
0.00664966 0.0199564 -0.012827
149
1
0.883456 1.32342 -0.22255
0.00483026 0.0182434 -0.014314
150
1
0.87417 1.29407 -0.189738
0.00313795 0.0158343 -0.016094
151
1
0.867593 1.26908 -0.15474
0.00163108 0.0128979 -0.0178368
152
1
0.863313 1.24908 -0.117728
0.000412093 0.0096834 -0.0192149
153
1
0.86083 1.23443 -0.0792198
-0.000316548 0.00639999 -0.0200097
154
1
0.859455 1.22552 -0.0398113
-0.000389055 0.00315279 -0.0202629
155
1
0.859102 1.22262 -2.63681e-015
2.23433e-017 4.64451e-017 -0.0202709
156
1
0.859455 1.22552 0.0398113
0.000389055 -0.00315279 -0.0202629
157
1
0.86083 1.23443 0.0792198
0.000316548 -0.00639999 -0.0200097
158
1
0.863313 1.24908 0.117728
-0.000412093 -0.0096834 -0.0192149
159
1
0.867593 1.26908 0.15474
-0.00163108 -0.0128979 -0.0178368
160
1
0.87417 1.29407 0.189738
-0.00313795 -0.0158343 -0.016094
161
1
0.883456 1.32342 0.22255
-0.00483026 -0.0182434 -0.014314
162
1
0.895561 1.35642 0.253374
-0.00664966 -0.0199564 -0.012827
163
1
0.910386 1.39233 0.282686
-0.00852814 -0.0209717 -0.0118765
164
1
0.927573 1.43053 0.311033
-0.0103605 -0.0214061 -0.0115753
165
1
0.946811 1.47057 0.338773
-0.0120525 -0.0212812 -0.0118275
166
1
0.968156 1.51195 0.366003
-0.0134853 -0.0207608 -0.0124559
167
1
0.992017 1.55397 0.392697
-0.0145828 -0.0200244 -0.0132237
168
1
1.01855 1.59564 0.419213
-0.0153126 -0.0192913 -0.0139266
169
1
1.04739 1.63622 0.446081
-0.0156751 -0.0187298 -0.0144514
170
1
1.0774 1.67557 0.473885
-0.0156712 -0.0184829 -0.0147684
171
1
1.10724 1.71427 0.502715
-0.0153146 -0.0185984 -0.0149089
172
1
1.13589 1.7532 0.532275
-0.0146178 -0.0190316 -0.0149503
173
1
1.1629 1.79284 0.562315
-0.0135535 -0.019671 -0.0150435
174
1
1.18779 1.83328 0.593171
-0.0120547 -0.0204194 -0.0153551
175
1
1.20978 1.87445 0.625495
-0.0101309 -0.0212372 -0.0159205
176
1
1.22782 1.9165 0.659624
-0.00799588 -0.0220511 -0.016585
177
1
1.2413 1.95964 0.695279
-0.0059652 -0.0226144 -0.0172473
178
1
1.25041 2.00371 0.732132
-0.00410324 -0.0226477 -0.018144
179
1
1.25584 2.0481 0.770301
-0.00218453 -0.0221754 -0.0195351
180
1
1.25775 2.09225 0.810124
-0.000101728 -0.0216849 -0.0209793
181
1
1.25603 2.13613 0.851594
0.00187064 -0.0216093 -0.021707
182
1
1.25085 2.18018 0.894217
0.00336723 -0.0218355 -0.0219046
183
1
1.24294 2.22457 0.937687
0.00435022 -0.0220063 -0.02243
184
1
1.23256 2.26896 0.982041
0.0053448 -0.0220557 -0.0230375
185
1
1.21909 2.31327 1.0269
0.00695282 -0.0220975 -0.0228979
186
1
1.20173 2.35787 1.0715
0.00917781 -0.0221087 -0.0225185
187
1
1.18026 2.40311 1.11556
0.0116766 -0.0223678 -0.0224268
188
1
1.15441 2.44873 1.15937
0.0141769 -0.0228022 -0.021949
189
1
1.12338 2.49448 1.20262
0.0168597 -0.0228607 -0.0213687
190
1
1.08721 2.54046 1.24565
0.0198692 -0.0227114 -0.0215226
191
1
1.04581 2.58626 1.28929
0.022368 -0.0228278 -0.0218585
192
1
0.998844 2.63153 1.33341
0.0253462 -0.0228286 -0.0224975
193
1
0.945664 2.6766 1.37776
0.0287255 -0.0227366 -0.0228254
