194
0
1
0.627833 1.25718 2.61873
0.01514 -0.0232213 -0.0280953
1
1
0.592743 1.30344 2.67016
0.0195047 -0.0233394 -0.0255384
2
1
0.549214 1.34989 2.7175
0.0242751 -0.0226523 -0.0224052
3
1
0.496326 1.39487 2.75944
0.0294219 -0.0213638 -0.0195893
4
1
0.43507 1.43707 2.79585
0.0326723 -0.0200287 -0.0165273
5
1
0.366613 1.47576 2.82557
0.0354354 -0.0183622 -0.0128109
6
1
0.292083 1.50956 2.84797
0.0382953 -0.0155909 -0.00922685
7
1
0.212413 1.53619 2.86373
0.0406371 -0.0118042 -0.00623733
8
1
0.128947 1.55447 2.87391
0.0423236 -0.007393 -0.00354881
9
1
0.0432307 1.56379 2.87903
0.043229 -0.00251478 -0.00112573
10
1
-0.0432307 1.56379 2.87903
0.043229 0.00251478 0.00112573
11
1
-0.128947 1.55447 2.87391
0.0423236 0.007393 0.00354881
12
1
-0.212413 1.53619 2.86373
0.0406371 0.0118042 0.00623733
13
1
-0.292083 1.50956 2.84797
0.0382953 0.0155909 0.00922685
14
1
-0.366613 1.47576 2.82557
0.0354354 0.0183622 0.0128109
15
1
-0.43507 1.43707 2.79585
0.0326723 0.0200287 0.0165273
16
1
-0.496326 1.39487 2.75944
0.0294219 0.0213638 0.0195893
17
1
-0.549214 1.34989 2.7175
0.0242751 0.0226523 0.0224052
18
1
-0.592743 1.30344 2.67016
0.0195047 0.0233394 0.0255384
19
1
-0.627833 1.25718 2.61873
0.01514 0.0232213 0.0280953
20
1
-0.656075 1.21229 2.56463
0.0112756 0.0219771 0.0291749
21
1
-0.67899 1.16956 2.50853
0.00945549 0.0205701 0.0295108
22
1
-0.697835 1.12874 2.45144
0.00811739 0.0193211 0.0293487
23
1
-0.713462 1.08992 2.39384
0.00670673 0.0181142 0.0295628
24
1
-0.725234 1.05315 2.33578
0.00431922 0.0172991 0.0295616
25
1
-0.732554 1.01764 2.27773
0.00163157 0.0172152 0.029105
26
1
-0.73618 0.983399 2.21969
-0.000645331 0.0170977 0.0287655
27
1
-0.736018 0.951726 2.16098
-0.00266899 0.0163129 0.0287481
28
1
-0.731213 0.923528 2.10147
-0.00467725 0.014923 0.0288792
29
1
-0.721284 0.898716 2.04164
-0.00649467 0.0131543 0.0290857
30
1
-0.707115 0.876669 1.98191
-0.0078858 0.0111345 0.0294329
31
1
-0.69034 0.857134 1.92206
-0.00880049 0.00897858 0.0299482
32
1
-0.672565 0.840358 1.86149
-0.00927969 0.00687115 0.0305747
33
1
-0.65485 0.82679 1.79965
-0.00935694 0.00497534 0.0312329
34
1
-0.637684 0.816663 1.73641
-0.00908194 0.00337126 0.0318697
35
1
-0.621293 0.809747 1.67187
-0.00852814 0.0020686 0.0324711
36
1
-0.605867 0.805505 1.60618
-0.0077871 0.00104645 0.0330403
37
1
-0.591623 0.803295 1.53944
-0.00694854 0.000271633 0.0335802
38
1
-0.578735 0.802565 1.4717
-0.00608591 -0.000291577 0.0340882
39
1
-0.567303 0.80287 1.40302
-0.00525253 -0.000677917 0.03456
40
1
-0.557347 0.803879 1.33346
-0.00448103 -0.000921113 0.0349924
41
1
-0.548793 0.805351 1.26307
-0.00378756 -0.00105291 0.0353852
42
1
-0.541526 0.80709 1.19195
-0.00317769 -0.00110197 0.0357395
43
1
-0.535406 0.808956 1.12014
-0.0026498 -0.0010925 0.0360575
44
1
-0.530284 0.810839 1.04774
-0.00219842 -0.00104385 0.0363415
45
1
-0.52602 0.812665 0.974804
-0.00181628 -0.000970952 0.036594
46
1
-0.522485 0.814384 0.90139
-0.00149506 -0.000884465 0.0368171
47
1
-0.519568 0.815964 0.827557
-0.0012266 -0.000792169 0.0370131
48
1
-0.517171 0.81739 0.753356
-0.00100294 -0.000699266 0.0371842
49
1
-0.515208 0.818654 0.678837
-0.000816718 -0.000609099 0.0373323
50
1
-0.51361 0.819757 0.604042
-0.000661381 -0.000523251 0.0374595
51
1
-0.512318 0.820703 0.529013
-0.000531568 -0.000442641 0.0375675
52
1
-0.511281 0.821503 0.453785
-0.000422342 -0.000367209 0.0376578
53
1
-0.510463 0.822161 0.378393
-0.000329803 -0.000297112 0.0377318
54
1
-0.509833 0.822686 0.302868
-0.00024995 -0.000231608 0.0377907
55
1
-0.509365 0.823085 0.227239
-0.000180143 -0.000170299 0.0378356
56
1
-0.509042 0.823368 0.151535
-0.000116871 -0.000111662 0.037867
57
1
-0.508855 0.823533 0.0757797
-5.76552e-005 -5.52688e-005 0.0378857
58
1
-0.508793 0.823591 -2.42669e-017
6.43888e-019 -7.08706e-018 0.0378919
59
1
-0.508855 0.823533 -0.0757797
5.76552e-005 5.52688e-005 0.0378857
60
1
-0.509042 0.823368 -0.151535
0.000116871 0.000111662 0.037867
61
1
-0.509365 0.823085 -0.227239
0.000180143 0.000170299 0.0378356
62
1
-0.509833 0.822686 -0.302868
0.00024995 0.000231608 0.0377907
63
1
-0.510463 0.822161 -0.378393
0.000329803 0.000297112 0.0377318
64
1
-0.511281 0.821503 -0.453785
0.000422342 0.000367209 0.0376578
65
1
-0.512318 0.820703 -0.529013
0.000531568 0.000442641 0.0375675
66
1
-0.51361 0.819757 -0.604042
0.000661381 0.000523251 0.0374595
67
1
-0.515208 0.818654 -0.678837
0.000816718 0.000609099 0.0373323
68
1
-0.517171 0.81739 -0.753356
0.00100294 0.000699266 0.0371842
69
1
-0.519568 0.815964 -0.827557
0.0012266 0.000792169 0.0370131
70
1
-0.522485 0.814384 -0.90139
0.00149506 0.000884465 0.0368171
71
1
-0.52602 0.812665 -0.974804
0.00181628 0.000970952 0.036594
72
1
-0.530284 0.810839 -1.04774
0.00219842 0.00104385 0.0363415
73
1
-0.535406 0.808956 -1.12014
0.0026498 0.0010925 0.0360575
74
1
-0.541526 0.80709 -1.19195
0.00317769 0.00110197 0.0357395
75
1
-0.548793 0.805351 -1.26307
0.00378756 0.00105291 0.0353852
76
1
-0.557347 0.803879 -1.33346
0.00448103 0.000921113 0.0349924
77
1
-0.567303 0.80287 -1.40302
0.00525253 0.000677917 0.03456
78
1
-0.578735 0.802565 -1.4717
0.00608591 0.000291577 0.0340882
79
1
-0.591623 0.803295 -1.53944
0.00694854 -0.000271633 0.0335802
80
1
-0.605867 0.805505 -1.60618
0.0077871 -0.00104645 0.0330403
81
1
-0.621293 0.809747 -1.67187
0.00852814 -0.0020686 0.0324711
82
1
-0.637684 0.816663 -1.73641
0.00908194 -0.00337126 0.0318697
83
1
-0.65485 0.82679 -1.79965
0.00935694 -0.00497534 0.0312329
84
1
-0.672565 0.840358 -1.86149
0.00927969 -0.00687115 0.0305747
85
1
-0.69034 0.857134 -1.92206
0.00880049 -0.00897858 0.0299482
86
1
-0.707115 0.876669 -1.98191
0.0078858 -0.0111345 0.0294329
87
1
-0.721284 0.898716 -2.04164
0.00649467 -0.0131543 0.0290857
88
1
-0.731213 0.923528 -2.10147
0.00467725 -0.014923 0.0288792
89
1
-0.736018 0.951726 -2.16098
0.00266899 -0.0163129 0.0287481
90
1
-0.73618 0.983399 -2.21969
0.000645331 -0.0170977 0.0287655
91
1
-0.732554 1.01764 -2.27773
-0.00163157 -0.0172152 0.029105
92
1
-0.725234 1.05315 -2.33578
-0.00431922 -0.0172991 0.0295616
93
1
-0.713462 1.08992 -2.39384
-0.00670673 -0.0181142 0.0295628
94
1
-0.697835 1.12874 -2.45144
-0.00811739 -0.0193211 0.0293487
95
1
-0.67899 1.16956 -2.50853
-0.00945549 -0.0205701 0.0295108
96
1
-0.656075 1.21229 -2.56463
-0.0112756 -0.0219771 0.0291749
97
1
-0.627833 1.25718 -2.61873
-0.01514 -0.0232213 0.0280953
98
1
-0.592743 1.30344 -2.67016
-0.0195047 -0.0233394 0.0255384
99
1
-0.549214 1.34989 -2.7175
-0.0242751 -0.0226523 0.0224052
100
1
-0.496326 1.39487 -2.75944
-0.0294219 -0.0213638 0.0195893
101
1
-0.43507 1.43707 -2.79585
-0.0326723 -0.0200287 0.0165273
102
1
-0.366613 1.47576 -2.82557
-0.0354354 -0.0183622 0.0128109
103
1
-0.292083 1.50956 -2.84797
-0.0382953 -0.0155909 0.00922685
104
1
-0.212413 1.53619 -2.86373
-0.0406371 -0.0118042 0.00623733
105
1
-0.128947 1.55447 -2.87391
-0.0423236 -0.007393 0.00354881
106
1
-0.0432307 1.56379 -2.87903
-0.043229 -0.00251478 0.00112573
107
1
0.0432307 1.56379 -2.87903
-0.043229 0.00251478 -0.00112573
108
1
0.128947 1.55447 -2.87391
-0.0423236 0.007393 -0.00354881
109
1
0.212413 1.53619 -2.86373
-0.0406371 0.0118042 -0.00623733
110
1
0.292083 1.50956 -2.84797
-0.0382953 0.0155909 -0.00922685
111
1
0.366613 1.47576 -2.82557
-0.0354354 0.0183622 -0.0128109
112
1
0.43507 1.43707 -2.79585
-0.0326723 0.0200287 -0.0165273
113
1
0.496326 1.39487 -2.75944
-0.0294219 0.0213638 -0.0195893
114
1
0.549214 1.34989 -2.7175
-0.0242751 0.0226523 -0.0224052
115
1
0.592743 1.30344 -2.67016
-0.0195047 0.0233394 -0.0255384
116
1
0.627833 1.25718 -2.61873
-0.01514 0.0232213 -0.0280953
117
1
0.656075 1.21229 -2.56463
-0.0112756 0.0219771 -0.0291749
118
1
0.67899 1.16956 -2.50853
-0.00945549 0.0205701 -0.0295108
119
1
0.697835 1.12874 -2.45144
-0.00811739 0.0193211 -0.0293487
120
1
0.713462 1.08992 -2.39384
-0.00670673 0.0181142 -0.0295628
121
1
0.725234 1.05315 -2.33578
-0.00431922 0.0172991 -0.0295616
122
1
0.732554 1.01764 -2.27773
-0.00163157 0.0172152 -0.029105
123
1
0.73618 0.983399 -2.21969
0.000645331 0.0170977 -0.0287655
124
1
0.736018 0.951726 -2.16098
0.00266899 0.0163129 -0.0287481
125
1
0.731213 0.923528 -2.10147
0.00467725 0.014923 -0.0288792
126
1
0.721284 0.898716 -2.04164
0.00649467 0.0131543 -0.0290857
127
1
0.707115 0.876669 -1.98191
0.0078858 0.0111345 -0.0294329
128
1
0.69034 0.857134 -1.92206
0.00880049 0.00897858 -0.0299482
129
1
0.672565 0.840358 -1.86149
0.00927969 0.00687115 -0.0305747
130
1
0.65485 0.82679 -1.79965
0.00935694 0.00497534 -0.0312329
131
1
0.637684 0.816663 -1.73641
0.00908194 0.00337126 -0.0318697
132
1
0.621293 0.809747 -1.67187
0.00852814 0.0020686 -0.0324711
133
1
0.605867 0.805505 -1.60618
0.0077871 0.00104645 -0.0330403
134
1
0.591623 0.803295 -1.53944
0.00694854 0.000271633 -0.0335802
135
1
0.578735 0.802565 -1.4717
0.00608591 -0.000291577 -0.0340882
136
1
0.567303 0.80287 -1.40302
0.00525253 -0.000677917 -0.03456
137
1
0.557347 0.803879 -1.33346
0.00448103 -0.000921113 -0.0349924
138
1
0.548793 0.805351 -1.26307
0.00378756 -0.00105291 -0.0353852
139
1
0.541526 0.80709 -1.19195
0.00317769 -0.00110197 -0.0357395
140
1
0.535406 0.808956 -1.12014
0.0026498 -0.0010925 -0.0360575
141
1
0.530284 0.810839 -1.04774
0.00219842 -0.00104385 -0.0363415
142
1
0.52602 0.812665 -0.974804
0.00181628 -0.000970952 -0.036594
143
1
0.522485 0.814384 -0.90139
0.00149506 -0.000884465 -0.0368171
144
1
0.519568 0.815964 -0.827557
0.0012266 -0.000792169 -0.0370131
145
1
0.517171 0.81739 -0.753356
0.00100294 -0.000699266 -0.0371842
146
1
0.515208 0.818654 -0.678837
0.000816718 -0.000609099 -0.0373323
147
1
0.51361 0.819757 -0.604042
0.000661381 -0.000523251 -0.0374595
148
1
0.512318 0.820703 -0.529013
0.000531568 -0.000442641 -0.0375675
149
1
0.511281 0.821503 -0.453785
0.000422342 -0.000367209 -0.0376578
150
1
0.510463 0.822161 -0.378393
0.000329803 -0.000297112 -0.0377318
151
1
0.509833 0.822686 -0.302868
0.00024995 -0.000231608 -0.0377907
152
1
0.509365 0.823085 -0.227239
0.000180143 -0.000170299 -0.0378356
153
1
0.509042 0.823368 -0.151535
0.000116871 -0.000111662 -0.037867
154
1
0.508855 0.823533 -0.0757797
5.76552e-005 -5.52688e-005 -0.0378857
155
1
0.508793 0.823591 -1.25593e-017
7.00104e-018 1.82687e-017 -0.0378919
156
1
0.508855 0.823533 0.0757797
-5.76552e-005 5.52688e-005 -0.0378857
157
1
0.509042 0.823368 0.151535
-0.000116871 0.000111662 -0.037867
158
1
0.509365 0.823085 0.227239
-0.000180143 0.000170299 -0.0378356
159
1
0.509833 0.822686 0.302868
-0.00024995 0.000231608 -0.0377907
160
1
0.510463 0.822161 0.378393
-0.000329803 0.000297112 -0.0377318
161
1
0.511281 0.821503 0.453785
-0.000422342 0.000367209 -0.0376578
162
1
0.512318 0.820703 0.529013
-0.000531568 0.000442641 -0.0375675
163
1
0.51361 0.819757 0.604042
-0.000661381 0.000523251 -0.0374595
164
1
0.515208 0.818654 0.678837
-0.000816718 0.000609099 -0.0373323
165
1
0.517171 0.81739 0.753356
-0.00100294 0.000699266 -0.0371842
166
1
0.519568 0.815964 0.827557
-0.0012266 0.000792169 -0.0370131
167
1
0.522485 0.814384 0.90139
-0.00149506 0.000884465 -0.0368171
168
1
0.52602 0.812665 0.974804
-0.00181628 0.000970952 -0.036594
169
1
0.530284 0.810839 1.04774
-0.00219842 0.00104385 -0.0363415
170
1
0.535406 0.808956 1.12014
-0.0026498 0.0010925 -0.0360575
171
1
0.541526 0.80709 1.19195
-0.00317769 0.00110197 -0.0357395
172
1
0.548793 0.805351 1.26307
-0.00378756 0.00105291 -0.0353852
173
1
0.557347 0.803879 1.33346
-0.00448103 0.000921113 -0.0349924
174
1
0.567303 0.80287 1.40302
-0.00525253 0.000677917 -0.03456
175
1
0.578735 0.802565 1.4717
-0.00608591 0.000291577 -0.0340882
176
1
0.591623 0.803295 1.53944
-0.00694854 -0.000271633 -0.0335802
177
1
0.605867 0.805505 1.60618
-0.0077871 -0.00104645 -0.0330403
178
1
0.621293 0.809747 1.67187
-0.00852814 -0.0020686 -0.0324711
179
1
0.637684 0.816663 1.73641
-0.00908194 -0.00337126 -0.0318697
180
1
0.65485 0.82679 1.79965
-0.00935694 -0.00497534 -0.0312329
181
1
0.672565 0.840358 1.86149
-0.00927969 -0.00687115 -0.0305747
182
1
0.69034 0.857134 1.92206
-0.00880049 -0.00897858 -0.0299482
183
1
0.707115 0.876669 1.98191
-0.0078858 -0.0111345 -0.0294329
184
1
0.721284 0.898716 2.04164
-0.00649467 -0.0131543 -0.0290857
185
1
0.731213 0.923528 2.10147
-0.00467725 -0.014923 -0.0288792
186
1
0.736018 0.951726 2.16098
-0.00266899 -0.0163129 -0.0287481
187
1
0.73618 0.983399 2.21969
-0.000645331 -0.0170977 -0.0287655
188
1
0.732554 1.01764 2.27773
0.00163157 -0.0172152 -0.029105
189
1
0.725234 1.05315 2.33578
0.00431922 -0.0172991 -0.0295616
190
1
0.713462 1.08992 2.39384
0.00670673 -0.0181142 -0.0295628
191
1
0.697835 1.12874 2.45144
0.00811739 -0.0193211 -0.0293487
192
1
0.67899 1.16956 2.50853
0.00945549 -0.0205701 -0.0295108
193
1
0.656075 1.21229 2.56463
0.0112756 -0.0219771 -0.0291749
