194
0
1
1.48325 7.2284 0.837393
0.0357494 0.0181521 0.0319874
1
1
1.41044 7.18793 0.775783
0.036317 0.020002 0.0336381
2
1
1.32992 7.1404 0.7105
0.0429983 0.024213 0.0344377
3
1
1.24391 7.08665 0.643318
0.0432175 0.0298667 0.0338733
4
1
1.15432 7.02167 0.570869
0.044574 0.0352235 0.0347769
5
1
1.05789 6.94916 0.487862
0.0518279 0.0372756 0.044585
6
1
0.941605 6.88312 0.375615
0.0489659 0.0249724 0.05521
7
1
0.800947 6.82205 0.19356
0.0440381 0.0121847 0.0631192
8
1
0.288421 6.39802 0.0766273
-0.018658 0.0358619 -0.0128331
9
1
0.0481707 9.37329 0.787685
0.000830274 -0.00217107 -0.0778874
10
1
-0.0481707 9.37329 0.787685
0.000830274 0.00217107 0.0778874
11
1
-0.288421 6.39802 0.0766272
-0.018658 -0.0358619 0.0128331
12
1
-0.800947 6.82205 0.19356
0.0440381 -0.0121847 -0.0631192
13
1
-0.941605 6.88312 0.375615
0.0489659 -0.0249724 -0.05521
14
1
-1.05789 6.94916 0.487862
0.0518279 -0.0372756 -0.044585
15
1
-1.15432 7.02167 0.570869
0.044574 -0.0352235 -0.0347769
16
1
-1.24391 7.08665 0.643318
0.0432175 -0.0298667 -0.0338733
17
1
-1.32992 7.1404 0.7105
0.0429983 -0.024213 -0.0344377
18
1
-1.41044 7.18793 0.775783
0.036317 -0.020002 -0.0336381
19
1
-1.48325 7.2284 0.837393
0.0357494 -0.0181521 -0.0319874
20
1
-1.55133 7.26029 0.89311
0.0329575 -0.0136225 -0.0271795
21
1
-1.61689 7.28501 0.941324
0.0308163 -0.0117661 -0.0222337
22
1
-1.67904 7.30462 0.981607
0.0301646 -0.0102091 -0.0194871
23
1
-1.74042 7.31971 1.01629
0.0292846 -0.00664953 -0.0159147
24
1
-1.8015 7.32958 1.0456
0.0306118 -0.00362401 -0.0128195
25
1
-1.86204 7.33476 1.06929
0.0309786 -0.00202966 -0.0103518
26
1
-1.92191 7.3362 1.08754
0.0285282 -0.000574504 -0.00722949
27
1
-1.9801 7.33464 1.10024
0.0278767 0.000846225 -0.00461861
28
1
-2.03707 7.33078 1.10809
0.0287414 0.00205643 -0.00340557
29
1
-2.09333 7.32501 1.1122
0.0281435 0.0030844 -0.00212285
30
1
-2.14833 7.31764 1.113
0.0272755 0.00424108 -0.00044687
31
1
-2.20205 7.30853 1.11009
0.0268858 0.00501269 0.00151536
32
1
-2.2543 7.29764 1.10352
0.025977 0.00565907 0.00384881
33
1
-2.30463 7.28527 1.09365
0.0252415 0.00689014 0.0058349
34
1
-2.35302 7.27167 1.08046
0.0243556 0.00769887 0.00728492
35
1
-2.39911 7.25687 1.06406
0.0221706 0.00759543 0.00888457
36
1
-2.4426 7.24112 1.04528
0.0205628 0.00791092 0.0099994
37
1
-2.48422 7.22439 1.02415
0.0204956 0.00877425 0.0106422
38
1
-2.52417 7.20592 1.00061
0.0198207 0.00960181 0.0118178
39
1
-2.56193 7.18534 0.975009
0.0180049 0.0103859 0.0133536
40
1
-2.59657 7.16357 0.947032
0.0171023 0.011271 0.0144899
41
1
-2.62765 7.14165 0.916336
0.0158757 0.0117672 0.0154474
42
1
-2.65484 7.11952 0.88305
0.0128161 0.0118979 0.0169524
43
1
-2.678 7.09756 0.846803
0.010465 0.0120346 0.0188044
44
1
-2.69752 7.07598 0.80729
0.00909027 0.0114756 0.020632
45
1
-2.71333 7.05515 0.763953
0.00616028 0.0103842 0.0230255
46
1
-2.72386 7.03519 0.716385
0.00228906 0.00997213 0.0255894
47
1
-2.72883 7.01629 0.665174
-0.000692128 0.00955098 0.027307
48
1
-2.72947 6.99883 0.611196
-0.00274548 0.0084456 0.02881
49
1
-2.72708 6.98374 0.554939
-0.00373445 0.00705414 0.0304541
50
1
-2.72379 6.97133 0.496958
-0.00319541 0.00500623 0.0311309
51
1
-2.72095 6.96164 0.437666
-0.00173048 0.00307629 0.0313749
52
1
-2.71929 6.95449 0.37707
-0.000588285 0.00190042 0.0317
53
1
-2.71868 6.94962 0.315402
-0.000339741 0.000876256 0.031908
54
1
-2.71867 6.94698 0.253072
-0.000170273 -0.000141219 0.0320818
55
1
-2.71961 6.94591 0.190305
0.000758186 -0.000631138 0.032512
56
1
-2.72131 6.94544 0.127242
0.00169918 -0.000311655 0.0328097
57
1
-2.72321 6.94519 0.0637418
0.00126694 -3.32423e-005 0.0325559
58
1
-2.72403 6.94495 2.59974e-010
2.551e-012 -1.66534e-012 0.0322951
59
1
-2.72321 6.94519 -0.0637418
-0.00126694 3.32423e-005 0.0325559
60
1
-2.72131 6.94544 -0.127242
-0.00169918 0.000311655 0.0328097
61
1
-2.71961 6.94591 -0.190305
-0.000758186 0.000631138 0.032512
62
1
-2.71867 6.94698 -0.253072
0.000170273 0.000141219 0.0320818
63
1
-2.71868 6.94962 -0.315402
0.000339741 -0.000876256 0.031908
64
1
-2.71929 6.95449 -0.37707
0.000588285 -0.00190042 0.0317
65
1
-2.72095 6.96164 -0.437666
0.00173048 -0.00307629 0.0313749
66
1
-2.72379 6.97133 -0.496958
0.00319541 -0.00500623 0.0311309
67
1
-2.72708 6.98374 -0.554939
0.00373445 -0.00705414 0.0304541
68
1
-2.72947 6.99883 -0.611196
0.00274548 -0.0084456 0.02881
69
1
-2.72883 7.01629 -0.665174
0.000692128 -0.00955098 0.027307
70
1
-2.72386 7.03519 -0.716385
-0.00228906 -0.00997213 0.0255894
71
1
-2.71333 7.05515 -0.763953
-0.00616028 -0.0103842 0.0230255
72
1
-2.69752 7.07598 -0.80729
-0.00909027 -0.0114756 0.020632
73
1
-2.678 7.09756 -0.846803
-0.010465 -0.0120346 0.0188044
74
1
-2.65484 7.11952 -0.88305
-0.0128161 -0.0118979 0.0169524
75
1
-2.62765 7.14165 -0.916336
-0.0158757 -0.0117672 0.0154474
76
1
-2.59657 7.16357 -0.947032
-0.0171023 -0.011271 0.0144899
77
1
-2.56193 7.18534 -0.975009
-0.0180049 -0.0103859 0.0133536
78
1
-2.52417 7.20592 -1.00061
-0.0198207 -0.00960181 0.0118178
79
1
-2.48422 7.22439 -1.02415
-0.0204956 -0.00877425 0.0106422
80
1
-2.4426 7.24112 -1.04528
-0.0205628 -0.00791092 0.0099994
81
1
-2.39911 7.25687 -1.06406
-0.0221706 -0.00759543 0.00888457
82
1
-2.35302 7.27167 -1.08046
-0.0243556 -0.00769887 0.00728492
83
1
-2.30463 7.28527 -1.09365
-0.0252415 -0.00689014 0.0058349
84
1
-2.2543 7.29764 -1.10352
-0.025977 -0.00565907 0.00384881
85
1
-2.20205 7.30853 -1.11009
-0.0268858 -0.00501269 0.00151536
86
1
-2.14833 7.31764 -1.113
-0.0272755 -0.00424108 -0.00044687
87
1
-2.09333 7.32501 -1.1122
-0.0281435 -0.0030844 -0.00212285
88
1
-2.03707 7.33078 -1.10809
-0.0287414 -0.00205643 -0.00340557
89
1
-1.9801 7.33464 -1.10024
-0.0278767 -0.000846225 -0.00461861
90
1
-1.92191 7.3362 -1.08754
-0.0285282 0.000574504 -0.00722949
91
1
-1.86204 7.33476 -1.06929
-0.0309786 0.00202966 -0.0103518
92
1
-1.8015 7.32958 -1.0456
-0.0306118 0.00362401 -0.0128195
93
1
-1.74042 7.31971 -1.01629
-0.0292846 0.00664953 -0.0159147
94
1
-1.67904 7.30462 -0.981607
-0.0301646 0.0102091 -0.0194871
95
1
-1.61689 7.28501 -0.941324
-0.0308163 0.0117661 -0.0222337
96
1
-1.55133 7.26029 -0.89311
-0.0329575 0.0136225 -0.0271795
97
1
-1.48325 7.2284 -0.837393
-0.0357494 0.0181521 -0.0319874
98
1
-1.41044 7.18793 -0.775783
-0.036317 0.020002 -0.0336381
99
1
-1.32992 7.1404 -0.7105
-0.0429983 0.024213 -0.0344377
100
1
-1.24391 7.08665 -0.643318
-0.0432175 0.0298667 -0.0338733
101
1
-1.15432 7.02167 -0.570869
-0.044574 0.0352235 -0.0347769
102
1
-1.05789 6.94916 -0.487862
-0.0518279 0.0372756 -0.044585
103
1
-0.941605 6.88312 -0.375615
-0.0489659 0.0249724 -0.05521
104
1
-0.800947 6.82205 -0.19356
-0.0440381 0.0121847 -0.0631192
105
1
-0.288421 6.39802 -0.0766272
0.018658 0.0358619 0.0128331
106
1
-0.0481707 9.37329 -0.787685
-0.000830274 -0.00217107 0.0778874
107
1
0.0481707 9.37329 -0.787685
-0.000830274 0.00217107 -0.0778874
108
1
0.288421 6.39802 -0.0766272
0.018658 -0.0358619 -0.0128331
109
1
0.800947 6.82205 -0.19356
-0.0440381 -0.0121847 0.0631192
110
1
0.941605 6.88312 -0.375615
-0.0489659 -0.0249724 0.05521
111
1
1.05789 6.94916 -0.487862
-0.0518279 -0.0372756 0.044585
112
1
1.15432 7.02167 -0.570869
-0.044574 -0.0352235 0.0347769
113
1
1.24391 7.08665 -0.643318
-0.0432175 -0.0298667 0.0338733
114
1
1.32992 7.1404 -0.7105
-0.0429983 -0.024213 0.0344377
115
1
1.41044 7.18793 -0.775783
-0.036317 -0.020002 0.0336381
116
1
1.48325 7.2284 -0.837393
-0.0357494 -0.0181521 0.0319874
117
1
1.55133 7.26029 -0.89311
-0.0329575 -0.0136225 0.0271795
118
1
1.61689 7.28501 -0.941324
-0.0308163 -0.0117661 0.0222337
119
1
1.67904 7.30462 -0.981607
-0.0301646 -0.0102091 0.0194871
120
1
1.74042 7.31971 -1.01629
-0.0292846 -0.00664953 0.0159147
121
1
1.8015 7.32958 -1.0456
-0.0306118 -0.00362401 0.0128195
122
1
1.86204 7.33476 -1.06929
-0.0309786 -0.00202966 0.0103518
123
1
1.92191 7.3362 -1.08754
-0.0285282 -0.000574504 0.00722949
124
1
1.9801 7.33464 -1.10024
-0.0278767 0.000846225 0.00461861
125
1
2.03707 7.33078 -1.10809
-0.0287414 0.00205643 0.00340557
126
1
2.09333 7.32501 -1.1122
-0.0281435 0.0030844 0.00212285
127
1
2.14833 7.31764 -1.113
-0.0272755 0.00424108 0.00044687
128
1
2.20205 7.30853 -1.11009
-0.0268858 0.00501269 -0.00151536
129
1
2.2543 7.29764 -1.10352
-0.025977 0.00565907 -0.00384881
130
1
2.30463 7.28527 -1.09365
-0.0252415 0.00689014 -0.0058349
131
1
2.35302 7.27167 -1.08046
-0.0243556 0.00769887 -0.00728492
132
1
2.39911 7.25687 -1.06406
-0.0221706 0.00759543 -0.00888457
133
1
2.4426 7.24112 -1.04528
-0.0205628 0.00791092 -0.0099994
134
1
2.48422 7.22439 -1.02415
-0.0204956 0.00877425 -0.0106422
135
1
2.52417 7.20592 -1.00061
-0.0198207 0.00960181 -0.0118178
136
1
2.56193 7.18534 -0.975009
-0.0180049 0.0103859 -0.0133536
137
1
2.59657 7.16357 -0.947032
-0.0171023 0.011271 -0.0144899
138
1
2.62765 7.14165 -0.916336
-0.0158757 0.0117672 -0.0154474
139
1
2.65484 7.11952 -0.88305
-0.0128161 0.0118979 -0.0169524
140
1
2.678 7.09756 -0.846803
-0.010465 0.0120346 -0.0188044
141
1
2.69752 7.07598 -0.80729
-0.00909027 0.0114756 -0.020632
142
1
2.71333 7.05515 -0.763953
-0.00616028 0.0103842 -0.0230255
143
1
2.72386 7.03519 -0.716385
-0.00228906 0.00997213 -0.0255894
144
1
2.72883 7.01629 -0.665174
0.000692128 0.00955098 -0.027307
145
1
2.72947 6.99883 -0.611196
0.00274548 0.0084456 -0.02881
146
1
2.72708 6.98374 -0.554939
0.00373445 0.00705414 -0.0304541
147
1
2.72379 6.97133 -0.496958
0.00319541 0.00500623 -0.0311309
148
1
2.72095 6.96164 -0.437666
0.00173048 0.00307629 -0.0313749
149
1
2.71929 6.95449 -0.37707
0.000588285 0.00190042 -0.0317
150
1
2.71868 6.94962 -0.315402
0.000339741 0.000876256 -0.031908
151
1
2.71867 6.94698 -0.253072
0.000170273 -0.000141219 -0.0320818
152
1
2.71961 6.94591 -0.190305
-0.000758186 -0.000631138 -0.032512
153
1
2.72131 6.94544 -0.127242
-0.00169918 -0.000311655 -0.0328097
154
1
2.72321 6.94519 -0.0637418
-0.00126694 -3.32423e-005 -0.0325559
155
1
2.72403 6.94495 -2.88578e-010
-2.49623e-012 -2.32909e-012 -0.0322951
156
1
2.72321 6.94519 0.0637418
0.00126694 3.32423e-005 -0.0325559
157
1
2.72131 6.94544 0.127242
0.00169918 0.000311655 -0.0328097
158
1
2.71961 6.94591 0.190305
0.000758186 0.000631138 -0.032512
159
1
2.71867 6.94698 0.253072
-0.000170273 0.000141219 -0.0320818
160
1
2.71868 6.94962 0.315402
-0.000339741 -0.000876256 -0.031908
161
1
2.71929 6.95449 0.37707
-0.000588285 -0.00190042 -0.0317
162
1
2.72095 6.96164 0.437666
-0.00173048 -0.00307629 -0.0313749
163
1
2.72379 6.97133 0.496958
-0.00319541 -0.00500623 -0.0311309
164
1
2.72708 6.98374 0.554939
-0.00373445 -0.00705414 -0.0304541
165
1
2.72947 6.99883 0.611196
-0.00274548 -0.0084456 -0.02881
166
1
2.72883 7.01629 0.665174
-0.000692128 -0.00955098 -0.027307
167
1
2.72386 7.03519 0.716385
0.00228906 -0.00997213 -0.0255894
168
1
2.71333 7.05515 0.763953
0.00616028 -0.0103842 -0.0230255
169
1
2.69752 7.07598 0.80729
0.00909027 -0.0114756 -0.020632
170
1
2.678 7.09756 0.846803
0.010465 -0.0120346 -0.0188044
171
1
2.65484 7.11952 0.88305
0.0128161 -0.0118979 -0.0169524
172
1
2.62765 7.14165 0.916336
0.0158757 -0.0117672 -0.0154474
173
1
2.59657 7.16357 0.947032
0.0171023 -0.011271 -0.0144899
174
1
2.56193 7.18534 0.975009
0.0180049 -0.0103859 -0.0133536
175
1
2.52417 7.20592 1.00061
0.0198207 -0.00960181 -0.0118178
176
1
2.48422 7.22439 1.02415
0.0204956 -0.00877425 -0.0106422
177
1
2.4426 7.24112 1.04528
0.0205628 -0.00791092 -0.0099994
178
1
2.39911 7.25687 1.06406
0.0221706 -0.00759543 -0.00888457
179
1
2.35302 7.27167 1.08046
0.0243556 -0.00769887 -0.00728492
180
1
2.30463 7.28527 1.09365
0.0252415 -0.00689014 -0.0058349
181
1
2.2543 7.29764 1.10352
0.025977 -0.00565907 -0.00384881
182
1
2.20205 7.30853 1.11009
0.0268858 -0.00501269 -0.00151536
183
1
2.14833 7.31764 1.113
0.0272755 -0.00424108 0.00044687
184
1
2.09333 7.32501 1.1122
0.0281435 -0.0030844 0.00212285
185
1
2.03707 7.33078 1.10809
0.0287414 -0.00205643 0.00340557
186
1
1.9801 7.33464 1.10024
0.0278767 -0.000846225 0.00461861
187
1
1.92191 7.3362 1.08754
0.0285282 0.000574504 0.00722949
188
1
1.86204 7.33476 1.06929
0.0309786 0.00202966 0.0103518
189
1
1.8015 7.32958 1.0456
0.0306118 0.00362401 0.0128195
190
1
1.74042 7.31971 1.01629
0.0292846 0.00664953 0.0159147
191
1
1.67904 7.30462 0.981607
0.0301646 0.0102091 0.0194871
192
1
1.61689 7.28501 0.941324
0.0308163 0.0117661 0.0222337
193
1
1.55133 7.26029 0.89311
0.0329575 0.0136225 0.0271795
