194
0
1
0.832436 9.58266 0.622768
0.0219181 0.00272116 0.0389714
1
1
0.784989 9.56874 0.547494
0.023534 0.00110495 0.0372567
2
1
0.728376 9.55245 0.472896
0.0296767 0.00839469 0.0366154
3
1
0.661094 9.52375 0.405185
0.0336855 0.0191224 0.035449
4
1
0.582278 9.47771 0.35559
0.038294 0.0271315 0.018287
5
1
0.492425 9.41209 0.337954
0.0433996 0.0381657 -0.00379054
6
1
0.380174 9.32719 0.364409
0.0581366 0.0390235 -0.0339537
7
1
0.195079 9.22702 0.455393
0.0632512 0.0233494 -0.0390633
8
1
0.865509 6.32994 0.0571085
0.0466906 -0.0139345 -0.00932042
9
1
0.826901 13.2947 0.0555211
-0.0218124 -0.0634497 0.00755354
10
1
-0.826901 13.2947 0.05552
-0.0218124 0.0634497 -0.00755376
11
1
-0.865553 6.32993 0.0568325
0.046683 0.0139366 0.00935666
12
1
-0.195079 9.22702 0.455393
0.0632512 -0.0233494 0.0390633
13
1
-0.380174 9.32719 0.364409
0.0581366 -0.0390235 0.0339537
14
1
-0.492425 9.41209 0.337954
0.0433996 -0.0381657 0.00379056
15
1
-0.582278 9.47771 0.35559
0.038294 -0.0271315 -0.018287
16
1
-0.661094 9.52375 0.405185
0.0336855 -0.0191224 -0.0354489
17
1
-0.728376 9.55245 0.472896
0.0296767 -0.00839469 -0.0366154
18
1
-0.784989 9.56874 0.547493
0.023534 -0.00110495 -0.0372567
19
1
-0.832436 9.58266 0.622768
0.0219181 -0.00272116 -0.0389714
20
1
-0.875223 9.60117 0.692835
0.0205792 -0.00884073 -0.0343549
21
1
-0.917933 9.62673 0.753748
0.0209288 -0.0133852 -0.0267264
22
1
-0.961343 9.65743 0.805322
0.0216566 -0.0177808 -0.0249457
23
1
-1.00696 9.69154 0.850817
0.0221438 -0.0185702 -0.020842
24
1
-1.05558 9.72625 0.889114
0.0259021 -0.0187033 -0.0161199
25
1
-1.10584 9.76105 0.919479
0.0262379 -0.0183584 -0.0132873
26
1
-1.15555 9.79566 0.94328
0.0224145 -0.0161319 -0.00980926
27
1
-1.20406 9.82964 0.96236
0.0231028 -0.0157134 -0.00738017
28
1
-1.25274 9.86336 0.979035
0.0261713 -0.016878 -0.00709365
29
1
-1.30121 9.89794 0.995565
0.0251278 -0.0179056 -0.00785617
30
1
-1.34723 9.93303 1.01207
0.02231 -0.0179003 -0.00910069
31
1
-1.38966 9.96885 1.02694
0.0199966 -0.0181723 -0.00834718
32
1
-1.42828 10.0058 1.03776
0.0178143 -0.0188418 -0.00606147
33
1
-1.46296 10.044 1.04397
0.0166689 -0.0189764 -0.00397435
34
1
-1.49476 10.0829 1.04577
0.0162566 -0.0196583 -0.000665981
35
1
-1.52496 10.1218 1.04395
0.014385 -0.0203639 0.00176969
36
1
-1.55405 10.1592 1.03775
0.0125858 -0.0188792 0.00179911
37
1
-1.58291 10.1941 1.02692
0.0134695 -0.0174433 0.00546296
38
1
-1.61175 10.2276 1.01086
0.0138613 -0.0165725 0.0109124
39
1
-1.64 10.2599 0.990365
0.0118844 -0.0147119 0.0106461
40
1
-1.66812 10.29 0.967201
0.0127676 -0.0141992 0.0114599
41
1
-1.69665 10.3177 0.940522
0.0152206 -0.0138575 0.0162426
42
1
-1.72431 10.3442 0.910136
0.0135135 -0.0118391 0.0175881
43
1
-1.75076 10.3695 0.876701
0.0119581 -0.0107236 0.0158296
44
1
-1.77676 10.394 0.840256
0.0145916 -0.0115469 0.0178885
45
1
-1.80282 10.4181 0.799885
0.0165122 -0.0127167 0.0234666
46
1
-1.82688 10.4414 0.754691
0.0116569 -0.0116946 0.0240252
47
1
-1.84651 10.4645 0.705878
0.0074645 -0.0107344 0.0239619
48
1
-1.8616 10.4872 0.652533
0.00515127 -0.0124274 0.0307011
49
1
-1.87204 10.5089 0.596758
0.00306066 -0.0123412 0.0318764
50
1
-1.87901 10.5281 0.538953
0.0011571 -0.00869865 0.02916
51
1
-1.88343 10.5444 0.477397
0.000307773 -0.00600067 0.0326102
52
1
-1.88625 10.5574 0.412775
0.000651979 -0.00590839 0.0363715
53
1
-1.88837 10.5682 0.344748
0.00036565 -0.00558258 0.0399072
54
1
-1.89033 10.5767 0.274726
0.00153802 -0.00382247 0.0404368
55
1
-1.89232 10.5836 0.204623
0.00195708 -0.00323506 0.0383196
56
1
-1.89423 10.589 0.135797
0.00126294 -0.00227126 0.035936
57
1
-1.89523 10.5921 0.0668793
-0.000579481 -0.000872025 0.0342993
58
1
-1.89543 10.5929 -6.31858e-008
-1.90561e-010 5.2099e-010 0.0337887
59
1
-1.89523 10.5921 -0.0668794
0.00057948 0.000872026 0.0342993
60
1
-1.89423 10.589 -0.135797
-0.00126294 0.00227126 0.035936
61
1
-1.89232 10.5836 -0.204624
-0.00195708 0.00323506 0.0383196
62
1
-1.89033 10.5767 -0.274726
-0.00153802 0.00382247 0.0404368
63
1
-1.88837 10.5682 -0.344748
-0.00036565 0.00558258 0.0399072
64
1
-1.88625 10.5574 -0.412775
-0.000651979 0.00590839 0.0363715
65
1
-1.88343 10.5444 -0.477397
-0.000307774 0.00600068 0.0326102
66
1
-1.87901 10.5281 -0.538953
-0.0011571 0.00869865 0.02916
67
1
-1.87204 10.5089 -0.596759
-0.00306066 0.0123412 0.0318764
68
1
-1.8616 10.4872 -0.652533
-0.00515127 0.0124274 0.0307011
69
1
-1.84651 10.4645 -0.705878
-0.0074645 0.0107344 0.0239619
70
1
-1.82688 10.4414 -0.754691
-0.0116569 0.0116946 0.0240252
71
1
-1.80282 10.4181 -0.799885
-0.0165122 0.0127167 0.0234666
72
1
-1.77676 10.394 -0.840256
-0.0145916 0.0115469 0.0178885
73
1
-1.75076 10.3695 -0.876701
-0.0119581 0.0107236 0.0158296
74
1
-1.72431 10.3442 -0.910136
-0.0135135 0.0118391 0.0175881
75
1
-1.69665 10.3177 -0.940523
-0.0152206 0.0138575 0.0162426
76
1
-1.66812 10.29 -0.967201
-0.0127676 0.0141992 0.0114599
77
1
-1.64 10.2599 -0.990365
-0.0118844 0.0147119 0.0106461
78
1
-1.61175 10.2276 -1.01086
-0.0138613 0.0165725 0.0109124
79
1
-1.58291 10.1941 -1.02692
-0.0134695 0.0174433 0.00546296
80
1
-1.55405 10.1592 -1.03775
-0.0125858 0.0188792 0.00179911
81
1
-1.52496 10.1218 -1.04395
-0.014385 0.0203639 0.00176969
82
1
-1.49476 10.0829 -1.04577
-0.0162566 0.0196583 -0.000665981
83
1
-1.46296 10.044 -1.04397
-0.0166689 0.0189764 -0.00397435
84
1
-1.42828 10.0058 -1.03776
-0.0178143 0.0188418 -0.00606147
85
1
-1.38966 9.96885 -1.02694
-0.0199966 0.0181723 -0.00834718
86
1
-1.34723 9.93303 -1.01207
-0.02231 0.0179003 -0.00910069
87
1
-1.30121 9.89794 -0.995565
-0.0251278 0.0179056 -0.00785617
88
1
-1.25274 9.86336 -0.979035
-0.0261713 0.016878 -0.00709366
89
1
-1.20406 9.82964 -0.96236
-0.0231028 0.0157134 -0.00738017
90
1
-1.15555 9.79566 -0.94328
-0.0224145 0.0161319 -0.00980926
91
1
-1.10584 9.76105 -0.919479
-0.0262379 0.0183584 -0.0132873
92
1
-1.05558 9.72625 -0.889114
-0.0259021 0.0187033 -0.0161199
93
1
-1.00696 9.69154 -0.850817
-0.0221438 0.0185702 -0.020842
94
1
-0.961343 9.65743 -0.805322
-0.0216566 0.0177808 -0.0249457
95
1
-0.917933 9.62673 -0.753749
-0.0209288 0.0133852 -0.0267264
96
1
-0.875223 9.60117 -0.692835
-0.0205792 0.00884073 -0.0343549
97
1
-0.832436 9.58266 -0.622768
-0.0219181 0.00272116 -0.0389714
98
1
-0.784989 9.56874 -0.547494
-0.023534 0.00110495 -0.0372567
99
1
-0.728376 9.55245 -0.472896
-0.0296767 0.00839469 -0.0366154
100
1
-0.661094 9.52375 -0.405185
-0.0336855 0.0191224 -0.035449
101
1
-0.582278 9.47771 -0.35559
-0.038294 0.0271315 -0.018287
102
1
-0.492425 9.41209 -0.337954
-0.0433996 0.0381657 0.00379054
103
1
-0.380174 9.32719 -0.364409
-0.0581366 0.0390235 0.0339537
104
1
-0.195079 9.22702 -0.455393
-0.0632512 0.0233494 0.0390633
105
1
-0.86551 6.32994 -0.0571044
-0.0466904 -0.0139344 0.00932082
106
1
-0.826901 13.2947 -0.0555211
0.0218124 -0.0634497 -0.00755354
107
1
0.826901 13.2947 -0.05552
0.0218124 0.0634497 0.00755376
108
1
0.865554 6.32993 -0.0568285
-0.0466828 0.0139365 -0.00935706
109
1
0.195079 9.22702 -0.455393
-0.0632512 -0.0233494 -0.0390633
110
1
0.380174 9.32719 -0.364409
-0.0581366 -0.0390235 -0.0339537
111
1
0.492425 9.41209 -0.337954
-0.0433996 -0.0381657 -0.00379056
112
1
0.582278 9.47771 -0.35559
-0.038294 -0.0271315 0.018287
113
1
0.661094 9.52375 -0.405185
-0.0336855 -0.0191224 0.0354489
114
1
0.728376 9.55245 -0.472896
-0.0296767 -0.00839469 0.0366154
115
1
0.784989 9.56874 -0.547493
-0.023534 -0.00110495 0.0372567
116
1
0.832436 9.58266 -0.622768
-0.0219181 -0.00272116 0.0389714
117
1
0.875223 9.60117 -0.692835
-0.0205792 -0.00884073 0.0343549
118
1
0.917933 9.62673 -0.753748
-0.0209288 -0.0133852 0.0267264
119
1
0.961343 9.65743 -0.805322
-0.0216566 -0.0177808 0.0249457
120
1
1.00696 9.69154 -0.850817
-0.0221438 -0.0185702 0.020842
121
1
1.05558 9.72625 -0.889114
-0.0259021 -0.0187033 0.0161199
122
1
1.10584 9.76105 -0.919479
-0.0262379 -0.0183584 0.0132873
123
1
1.15555 9.79566 -0.94328
-0.0224145 -0.0161319 0.00980926
124
1
1.20406 9.82964 -0.96236
-0.0231028 -0.0157134 0.00738017
125
1
1.25274 9.86336 -0.979035
-0.0261713 -0.016878 0.00709365
126
1
1.30121 9.89794 -0.995565
-0.0251278 -0.0179056 0.00785616
127
1
1.34723 9.93303 -1.01207
-0.02231 -0.0179003 0.00910069
128
1
1.38966 9.96885 -1.02694
-0.0199966 -0.0181723 0.00834718
129
1
1.42828 10.0058 -1.03776
-0.0178143 -0.0188418 0.00606147
130
1
1.46296 10.044 -1.04397
-0.0166689 -0.0189764 0.00397435
131
1
1.49476 10.0829 -1.04577
-0.0162566 -0.0196583 0.000665981
132
1
1.52496 10.1218 -1.04395
-0.014385 -0.0203639 -0.00176969
133
1
1.55405 10.1592 -1.03775
-0.0125858 -0.0188792 -0.00179911
134
1
1.58291 10.1941 -1.02692
-0.0134695 -0.0174433 -0.00546296
135
1
1.61175 10.2276 -1.01086
-0.0138613 -0.0165725 -0.0109124
136
1
1.64 10.2599 -0.990365
-0.0118844 -0.0147119 -0.0106461
137
1
1.66812 10.29 -0.967201
-0.0127676 -0.0141992 -0.0114599
138
1
1.69665 10.3177 -0.940522
-0.0152206 -0.0138575 -0.0162426
139
1
1.72431 10.3442 -0.910136
-0.0135135 -0.0118391 -0.0175881
140
1
1.75076 10.3695 -0.876701
-0.0119581 -0.0107236 -0.0158296
141
1
1.77676 10.394 -0.840256
-0.0145916 -0.0115469 -0.0178885
142
1
1.80282 10.4181 -0.799885
-0.0165122 -0.0127167 -0.0234666
143
1
1.82688 10.4414 -0.754691
-0.0116569 -0.0116946 -0.0240252
144
1
1.84651 10.4645 -0.705878
-0.0074645 -0.0107344 -0.0239619
145
1
1.8616 10.4872 -0.652533
-0.00515127 -0.0124274 -0.0307011
146
1
1.87204 10.5089 -0.596758
-0.00306066 -0.0123412 -0.0318764
147
1
1.87901 10.5281 -0.538953
-0.0011571 -0.00869865 -0.02916
148
1
1.88343 10.5444 -0.477397
-0.000307773 -0.00600067 -0.0326102
149
1
1.88625 10.5574 -0.412775
-0.000651979 -0.00590839 -0.0363715
150
1
1.88837 10.5682 -0.344748
-0.000365649 -0.00558258 -0.0399072
151
1
1.89033 10.5767 -0.274726
-0.00153802 -0.00382247 -0.0404368
152
1
1.89232 10.5836 -0.204623
-0.00195708 -0.00323506 -0.0383196
153
1
1.89423 10.589 -0.135797
-0.00126294 -0.00227126 -0.035936
154
1
1.89523 10.5921 -0.0668793
0.000579481 -0.000872025 -0.0342993
155
1
1.89543 10.5929 6.2324e-008
3.46675e-010 4.94367e-010 -0.0337887
156
1
1.89523 10.5921 0.0668794
-0.00057948 0.000872026 -0.0342993
157
1
1.89423 10.589 0.135797
0.00126294 0.00227126 -0.035936
158
1
1.89232 10.5836 0.204624
0.00195708 0.00323506 -0.0383196
159
1
1.89033 10.5767 0.274726
0.00153802 0.00382247 -0.0404368
160
1
1.88837 10.5682 0.344748
0.00036565 0.00558258 -0.0399072
161
1
1.88625 10.5574 0.412775
0.000651979 0.00590839 -0.0363715
162
1
1.88343 10.5444 0.477397
0.000307774 0.00600068 -0.0326102
163
1
1.87901 10.5281 0.538953
0.0011571 0.00869865 -0.02916
164
1
1.87204 10.5089 0.596759
0.00306066 0.0123412 -0.0318764
165
1
1.8616 10.4872 0.652533
0.00515127 0.0124274 -0.0307011
166
1
1.84651 10.4645 0.705878
0.0074645 0.0107344 -0.0239619
167
1
1.82688 10.4414 0.754691
0.0116569 0.0116946 -0.0240252
168
1
1.80282 10.4181 0.799885
0.0165122 0.0127167 -0.0234666
169
1
1.77676 10.394 0.840256
0.0145916 0.0115469 -0.0178885
170
1
1.75076 10.3695 0.876701
0.0119581 0.0107236 -0.0158296
171
1
1.72431 10.3442 0.910136
0.0135135 0.0118391 -0.0175881
172
1
1.69665 10.3177 0.940523
0.0152206 0.0138575 -0.0162426
173
1
1.66812 10.29 0.967201
0.0127676 0.0141992 -0.0114599
174
1
1.64 10.2599 0.990365
0.0118844 0.0147119 -0.0106461
175
1
1.61175 10.2276 1.01086
0.0138613 0.0165725 -0.0109124
176
1
1.58291 10.1941 1.02692
0.0134695 0.0174433 -0.00546296
177
1
1.55405 10.1592 1.03775
0.0125858 0.0188792 -0.00179911
178
1
1.52496 10.1218 1.04395
0.014385 0.0203639 -0.00176969
179
1
1.49476 10.0829 1.04577
0.0162566 0.0196583 0.000665981
180
1
1.46296 10.044 1.04397
0.0166689 0.0189764 0.00397435
181
1
1.42828 10.0058 1.03776
0.0178143 0.0188418 0.00606147
182
1
1.38966 9.96885 1.02694
0.0199966 0.0181723 0.00834718
183
1
1.34723 9.93303 1.01207
0.02231 0.0179003 0.0091007
184
1
1.30121 9.89794 0.995565
0.0251278 0.0179056 0.00785617
185
1
1.25274 9.86336 0.979035
0.0261713 0.016878 0.00709366
186
1
1.20406 9.82964 0.96236
0.0231028 0.0157134 0.00738018
187
1
1.15555 9.79566 0.94328
0.0224145 0.0161319 0.00980926
188
1
1.10584 9.76105 0.919479
0.0262379 0.0183584 0.0132873
189
1
1.05558 9.72625 0.889114
0.0259021 0.0187033 0.0161199
190
1
1.00696 9.69154 0.850817
0.0221438 0.0185702 0.020842
191
1
0.961343 9.65743 0.805322
0.0216566 0.0177808 0.0249457
192
1
0.917933 9.62673 0.753749
0.0209288 0.0133852 0.0267264
193
1
0.875223 9.60117 0.692835
0.0205792 0.00884073 0.0343549
