194
0
1
0.691262 11.4627 2.22688
0.0186315 0.020674 -0.036369
1
1
0.665657 11.4238 2.30232
0.00822337 0.0146251 -0.027719
2
1
0.635883 11.3774 2.3979
0.015783 0.0382087 -0.0635025
3
1
0.594034 11.3432 2.49545
0.0286506 0.00571139 -0.0421652
4
1
0.539037 11.3352 2.58149
0.0328823 -0.00693937 -0.0361025
5
1
0.479033 11.3316 2.65134
0.0185509 -0.00396041 -0.0182555
6
1
0.367587 11.3102 2.75239
0.0588175 0.0268077 -0.0435166
7
1
0.170603 11.2514 2.88611
0.0644595 0.0128555 -0.0418516
8
1
0.291412 6.81457 0.0568996
-0.0267489 0.0421086 -0.00922797
9
1
1.825 13.2606 0.0579737
-0.0609554 -0.0120916 0.00570961
10
1
-1.82549 13.2762 0.0931852
-0.0626608 0.0104362 -0.00941477
11
1
-0.292514 6.81512 0.0534178
-0.026714 -0.0417627 0.00900118
12
1
-0.170439 11.2514 2.88612
0.0644609 -0.0128591 0.0418484
13
1
-0.367418 11.3102 2.75243
0.0588172 -0.0268129 0.0435138
14
1
-0.478862 11.3317 2.6514
0.01855 0.00395888 0.0182522
15
1
-0.53886 11.3352 2.58156
0.0328812 0.00693816 0.0360953
16
1
-0.593847 11.3432 2.49553
0.0286464 -0.00571246 0.0421564
17
1
-0.635682 11.3775 2.398
0.0157741 -0.0382165 0.063495
18
1
-0.665441 11.4238 2.30245
0.00821677 -0.0146284 0.0277125
19
1
-0.691033 11.4628 2.22702
0.0186245 -0.0206758 0.036358
20
1
-0.713857 11.507 2.1494
0.0118806 -0.0295537 0.0405434
21
1
-0.720219 11.5498 2.07062
-0.00614578 -0.0101731 0.038028
22
1
-0.712674 11.587 1.99341
-0.005592 -0.0136566 0.0472061
23
1
-0.698886 11.6292 1.92443
-0.0101406 -0.0257303 0.0290613
24
1
-0.683009 11.6767 1.87253
-0.00887599 -0.0203159 0.0129771
25
1
-0.666966 11.7264 1.83422
-0.011684 -0.0244899 0.0142015
26
1
-0.653276 11.7761 1.79873
-0.0108989 -0.0270155 0.0168154
27
1
-0.645084 11.8243 1.7637
-0.00256534 -0.0221444 0.0153323
28
1
-0.643904 11.8729 1.7301
0.00205273 -0.0217391 0.0134595
29
1
-0.65033 11.9238 1.69701
0.00910392 -0.0267664 0.0152963
30
1
-0.661725 11.9725 1.66316
0.00903247 -0.021081 0.0146661
31
1
-0.673042 12.0199 1.62866
0.00638256 -0.0196455 0.0163042
32
1
-0.682918 12.0671 1.59089
0.00458543 -0.0251796 0.0220504
33
1
-0.690107 12.1123 1.55195
0.00275977 -0.0237038 0.0245043
34
1
-0.695937 12.1551 1.51305
0.00362022 -0.020937 0.0214321
35
1
-0.700791 12.1989 1.47541
0.00612363 -0.0232135 0.0188032
36
1
-0.70418 12.2423 1.44091
0.00455936 -0.022163 0.0166907
37
1
-0.70465 12.2849 1.41128
0.000623872 -0.0210463 0.0140923
38
1
-0.702793 12.3276 1.38601
-0.00113896 -0.0216895 0.00982854
39
1
-0.698242 12.3688 1.36492
-0.000189021 -0.0180007 0.00731966
40
1
-0.690594 12.406 1.34719
-0.00196957 -0.0157019 0.00653888
41
1
-0.678901 12.44 1.33203
-0.00636419 -0.0156421 0.00512167
42
1
-0.66222 12.4721 1.31822
-0.00811498 -0.0150751 0.00498406
43
1
-0.640422 12.5026 1.30457
-0.0113039 -0.015083 0.00584751
44
1
-0.613294 12.5314 1.28981
-0.0203601 -0.0151313 0.0065909
45
1
-0.577613 12.558 1.27389
-0.0236652 -0.0112628 0.00675486
46
1
-0.536388 12.5834 1.25561
-0.0207955 -0.007285 0.00617794
47
1
-0.492751 12.6077 1.23499
-0.0240241 -0.00711753 0.00485951
48
1
-0.449589 12.6359 1.20809
-0.0238846 -0.0136456 0.011049
49
1
-0.411932 12.6691 1.17053
-0.0221281 -0.0296106 0.0315651
50
1
-0.374759 12.7001 1.11603
-0.0206266 -0.0342642 0.0668757
51
1
-0.337151 12.7335 1.05786
-0.0330133 0.000716644 0.0403957
52
1
-0.28281 12.7675 1.02019
-0.0280731 -0.0187512 -0.00144917
53
1
-0.225337 12.8124 0.95166
-0.0073869 -0.0645782 0.0429761
54
1
-0.182957 12.9002 0.93222
-0.0491157 -0.017913 0.0163069
55
1
-0.179373 12.9955 0.899079
0.028745 -0.0138083 -0.000391643
56
1
-0.0621781 13.3154 1.20301
0.0010425 -0.00596993 0.0321035
57
1
-0.0259975 13.5881 0.162716
0.00487743 0.0287007 0.0538685
58
1
-0.0681709 14.1623 0.000540619
0.000712348 0.000143363 0.0778384
59
1
-0.0257775 13.5881 -0.16281
-0.00506503 -0.0287409 0.0538714
60
1
-0.0697358 13.3145 -1.20455
-0.0046475 0.00447506 0.0328775
61
1
-0.178421 13.0085 -0.89753
-0.0258798 0.0119883 6.69158e-005
62
1
-0.176835 12.9092 -0.931093
0.0450592 0.0200244 0.0165883
63
1
-0.221973 12.8212 -0.947855
0.00862289 0.0655775 0.0411958
64
1
-0.281732 12.7755 -1.0157
0.029333 0.0174307 -0.00188596
65
1
-0.336767 12.7412 -1.05303
0.0341034 0.00116071 0.0418391
66
1
-0.374919 12.7066 -1.11208
0.0212135 0.0359567 0.0657948
67
1
-0.41255 12.674 -1.16648
0.0223576 0.0302267 0.031277
68
1
-0.450401 12.6397 -1.20394
0.0238748 0.0140814 0.0112967
69
1
-0.49363 12.6108 -1.23079
0.0238735 0.0075073 0.00510648
70
1
-0.537186 12.586 -1.25151
0.0206365 0.00761956 0.00635743
71
1
-0.578269 12.5601 -1.26991
0.0235104 0.0115668 0.00692292
72
1
-0.613872 12.533 -1.28624
0.0203092 0.0153187 0.00678535
73
1
-0.640982 12.5039 -1.3013
0.0113235 0.0151941 0.00601881
74
1
-0.662742 12.4732 -1.31523
0.0081355 0.0151462 0.00514058
75
1
-0.679378 12.4409 -1.3293
0.00638228 0.0156905 0.00527506
76
1
-0.691036 12.4067 -1.34471
0.00200747 0.0157482 0.00667768
77
1
-0.69868 12.3694 -1.36271
0.000224414 0.0180359 0.00746088
78
1
-0.703248 12.3281 -1.38407
0.00116306 0.0217164 0.00999278
79
1
-0.705133 12.2853 -1.40963
-0.000602136 0.0210873 0.0142398
80
1
-0.704673 12.2426 -1.43951
-0.00453809 0.0222076 0.0168122
81
1
-0.701286 12.1992 -1.47423
-0.00610622 0.0232521 0.0189084
82
1
-0.696432 12.1553 -1.51206
-0.00361569 0.0209684 0.0215223
83
1
-0.690604 12.1124 -1.55112
-0.00276464 0.023729 0.0245873
84
1
-0.683409 12.0672 -1.59019
-0.0045932 0.0251965 0.022116
85
1
-0.673523 12.02 -1.62806
-0.00639031 0.0196578 0.0163477
86
1
-0.66219 11.9726 -1.66265
-0.00904108 0.0210924 0.0147051
87
1
-0.650775 11.9239 -1.69657
-0.00911592 0.0267766 0.0153356
88
1
-0.644325 11.8729 -1.72971
-0.00206659 0.0217451 0.0134848
89
1
-0.645483 11.8243 -1.76337
0.00254959 0.0221494 0.015353
90
1
-0.653651 11.7761 -1.79843
0.01088 0.0270188 0.0168337
91
1
-0.667317 11.7264 -1.83396
0.0116699 0.0244933 0.0142158
92
1
-0.68334 11.6767 -1.87229
0.00886664 0.020319 0.0129883
93
1
-0.699195 11.6292 -1.92421
0.0101284 0.0257324 0.0290753
94
1
-0.712959 11.5869 -1.99322
0.00558227 0.0136563 0.0472129
95
1
-0.720481 11.5498 -2.07045
0.00613934 0.010171 0.0380332
96
1
-0.714102 11.507 -2.14924
-0.0118884 0.0295509 0.0405554
97
1
-0.691262 11.4627 -2.22688
-0.0186315 0.020674 0.036369
98
1
-0.665657 11.4238 -2.30232
-0.00822338 0.0146251 0.027719
99
1
-0.635883 11.3774 -2.3979
-0.015783 0.0382087 0.0635025
100
1
-0.594034 11.3432 -2.49545
-0.0286506 0.00571139 0.0421652
101
1
-0.539037 11.3352 -2.58149
-0.0328823 -0.00693936 0.0361025
102
1
-0.479033 11.3316 -2.65134
-0.0185509 -0.0039604 0.0182555
103
1
-0.367587 11.3102 -2.75239
-0.0588175 0.0268077 0.0435166
104
1
-0.170603 11.2514 -2.88611
-0.0644595 0.0128555 0.0418516
105
1
-0.291409 6.81457 -0.056919
0.0267488 0.0421096 0.00922665
106
1
-1.82498 13.2606 -0.0581165
0.0609573 -0.0120908 -0.00569987
107
1
1.82548 13.2762 -0.0933263
0.0626632 0.010436 0.00940459
108
1
0.292512 6.81511 -0.0534373
0.0267138 -0.0417638 -0.00899987
109
1
0.170439 11.2514 -2.88612
-0.0644609 -0.0128591 -0.0418484
110
1
0.367418 11.3102 -2.75244
-0.0588172 -0.026813 -0.0435138
111
1
0.478862 11.3317 -2.6514
-0.01855 0.00395888 -0.0182522
112
1
0.53886 11.3352 -2.58156
-0.0328812 0.00693816 -0.0360953
113
1
0.593847 11.3432 -2.49553
-0.0286464 -0.00571246 -0.0421564
114
1
0.635682 11.3775 -2.398
-0.0157741 -0.0382165 -0.063495
115
1
0.665441 11.4238 -2.30245
-0.00821677 -0.0146284 -0.0277125
116
1
0.691033 11.4628 -2.22702
-0.0186246 -0.0206758 -0.036358
117
1
0.713857 11.507 -2.1494
-0.0118806 -0.0295537 -0.0405434
118
1
0.720219 11.5498 -2.07062
0.00614578 -0.0101731 -0.038028
119
1
0.712674 11.587 -1.99341
0.00559201 -0.0136566 -0.0472061
120
1
0.698886 11.6292 -1.92443
0.0101406 -0.0257303 -0.0290613
121
1
0.683009 11.6767 -1.87253
0.00887599 -0.0203159 -0.0129771
122
1
0.666966 11.7264 -1.83422
0.011684 -0.0244899 -0.0142015
123
1
0.653276 11.7761 -1.79873
0.0108988 -0.0270155 -0.0168155
124
1
0.645084 11.8243 -1.7637
0.00256534 -0.0221444 -0.0153323
125
1
0.643904 11.8729 -1.7301
-0.00205273 -0.0217391 -0.0134595
126
1
0.65033 11.9238 -1.69701
-0.00910392 -0.0267664 -0.0152963
127
1
0.661725 11.9725 -1.66316
-0.00903247 -0.021081 -0.0146661
128
1
0.673042 12.0199 -1.62866
-0.00638256 -0.0196455 -0.0163042
129
1
0.682918 12.0671 -1.59089
-0.00458543 -0.0251796 -0.0220504
130
1
0.690107 12.1123 -1.55195
-0.00275977 -0.0237038 -0.0245043
131
1
0.695936 12.1551 -1.51305
-0.00362021 -0.020937 -0.0214321
132
1
0.700791 12.1989 -1.47541
-0.00612362 -0.0232135 -0.0188032
133
1
0.70418 12.2423 -1.44091
-0.00455935 -0.022163 -0.0166907
134
1
0.70465 12.2849 -1.41128
-0.000623863 -0.0210463 -0.0140923
135
1
0.702793 12.3276 -1.38601
0.00113897 -0.0216895 -0.00982856
136
1
0.698242 12.3688 -1.36492
0.000189029 -0.0180007 -0.00731968
137
1
0.690594 12.406 -1.34719
0.00196958 -0.0157019 -0.0065389
138
1
0.678901 12.44 -1.33203
0.00636419 -0.0156421 -0.0051217
139
1
0.66222 12.4721 -1.31822
0.00811498 -0.0150751 -0.00498409
140
1
0.640422 12.5026 -1.30457
0.0113039 -0.015083 -0.00584754
141
1
0.613294 12.5314 -1.28981
0.0203601 -0.0151312 -0.00659094
142
1
0.577613 12.558 -1.27389
0.0236651 -0.0112628 -0.00675492
143
1
0.536388 12.5834 -1.25561
0.0207955 -0.00728498 -0.006178
144
1
0.492752 12.6077 -1.23499
0.0240241 -0.00711751 -0.00485957
145
1
0.44959 12.6359 -1.20808
0.0238845 -0.0136455 -0.0110491
146
1
0.411933 12.6691 -1.17053
0.0221278 -0.0296106 -0.0315652
147
1
0.37476 12.7001 -1.11603
0.0206261 -0.0342645 -0.0668757
148
1
0.337153 12.7335 -1.05786
0.033013 0.000716307 -0.040396
149
1
0.282812 12.7675 -1.02019
0.0280729 -0.018751 0.00144919
150
1
0.225339 12.8124 -0.951658
0.00738684 -0.0645786 -0.0429755
151
1
0.18296 12.9002 -0.93222
0.0491148 -0.0179134 -0.0163071
152
1
0.179377 12.9955 -0.89908
-0.0287443 -0.013808 0.000392162
153
1
0.0621788 13.3154 -1.20301
-0.00104216 -0.0059706 -0.0321031
154
1
0.0259974 13.5881 -0.162717
-0.00487743 0.0287006 -0.0538685
155
1
0.0681709 14.1623 -0.000539824
-0.000712409 0.000143725 -0.0778384
156
1
0.0257774 13.5881 0.16281
0.00506503 -0.0287409 -0.0538714
157
1
0.0697357 13.3145 1.20455
0.00464792 0.00447435 -0.032878
158
1
0.178418 13.0085 0.897528
0.0258804 0.011988 -6.76646e-005
159
1
0.17683 12.9092 0.931093
-0.0450598 0.0200245 -0.0165883
160
1
0.22197 12.8212 0.947855
-0.00862325 0.0655771 -0.0411963
161
1
0.281729 12.7755 1.0157
-0.0293334 0.0174308 0.0018859
162
1
0.336765 12.7412 1.05303
-0.0341039 0.00116054 -0.0418389
163
1
0.374918 12.7066 1.11208
-0.0212141 0.0359565 -0.0657947
164
1
0.412549 12.674 1.16648
-0.0223578 0.0302267 -0.0312769
165
1
0.4504 12.6397 1.20394
-0.0238749 0.0140815 -0.0112966
166
1
0.49363 12.6108 1.23079
-0.0238736 0.00750735 -0.00510643
167
1
0.537186 12.586 1.25151
-0.0206365 0.0076196 -0.00635739
168
1
0.578269 12.5601 1.26991
-0.0235104 0.0115668 -0.00692288
169
1
0.613872 12.533 1.28624
-0.0203092 0.0153187 -0.00678532
170
1
0.640982 12.5039 1.3013
-0.0113235 0.0151942 -0.00601879
171
1
0.662742 12.4732 1.31523
-0.0081355 0.0151462 -0.00514056
172
1
0.679378 12.4409 1.3293
-0.00638228 0.0156905 -0.00527505
173
1
0.691037 12.4067 1.34471
-0.00200747 0.0157482 -0.00667767
174
1
0.69868 12.3694 1.36271
-0.00022441 0.018036 -0.00746087
175
1
0.703248 12.3281 1.38407
-0.00116306 0.0217164 -0.00999277
176
1
0.705133 12.2853 1.40963
0.000602142 0.0210873 -0.0142397
177
1
0.704673 12.2426 1.43951
0.0045381 0.0222076 -0.0168121
178
1
0.701286 12.1992 1.47423
0.00610622 0.0232521 -0.0189084
179
1
0.696432 12.1553 1.51206
0.00361569 0.0209684 -0.0215223
180
1
0.690604 12.1124 1.55112
0.00276464 0.023729 -0.0245873
181
1
0.683409 12.0672 1.59019
0.0045932 0.0251965 -0.022116
182
1
0.673523 12.02 1.62806
0.00639031 0.0196578 -0.0163477
183
1
0.66219 11.9726 1.66265
0.00904108 0.0210924 -0.0147051
184
1
0.650775 11.9239 1.69657
0.00911592 0.0267766 -0.0153356
185
1
0.644325 11.8729 1.72971
0.00206659 0.0217451 -0.0134848
186
1
0.645483 11.8243 1.76337
-0.00254959 0.0221494 -0.015353
187
1
0.653651 11.7761 1.79843
-0.01088 0.0270188 -0.0168337
188
1
0.667317 11.7264 1.83396
-0.0116699 0.0244933 -0.0142158
189
1
0.68334 11.6767 1.87229
-0.00886664 0.020319 -0.0129883
190
1
0.699195 11.6292 1.92421
-0.0101284 0.0257324 -0.0290753
191
1
0.712959 11.5869 1.99322
-0.00558226 0.0136563 -0.0472129
192
1
0.720481 11.5498 2.07045
-0.00613933 0.010171 -0.0380332
193
1
0.714102 11.507 2.14924
0.0118884 0.0295509 -0.0405554
