194
0
1
0.892504 2.7815 1.37349
0.033026 -0.0236249 -0.022384
1
1
0.824572 2.82628 1.41458
0.0366637 -0.022452 -0.0200605
2
1
0.748834 2.86912 1.45252
0.0404508 -0.0203109 -0.0175933
3
1
0.665364 2.90839 1.4866
0.0443459 -0.0186148 -0.0154627
4
1
0.574883 2.94352 1.5171
0.0469688 -0.0158382 -0.0136774
5
1
0.478627 2.9735 1.54464
0.049138 -0.0135789 -0.0123973
6
1
0.377674 2.99825 1.56908
0.0513947 -0.0112457 -0.0105828
7
1
0.2728 3.01732 1.58857
0.0531913 -0.00824762 -0.00827179
8
1
0.164914 3.03017 1.60173
0.0544532 -0.0046673 -0.00480951
9
1
0.0551842 3.03671 1.60817
0.0552401 -0.00126146 -0.00135991
10
1
-0.0551842 3.03671 1.60817
0.0552401 0.00126146 0.00135991
11
1
-0.164914 3.03017 1.60173
0.0544532 0.0046673 0.00480951
12
1
-0.2728 3.01732 1.58857
0.0531913 0.00824762 0.00827179
13
1
-0.377674 2.99825 1.56908
0.0513947 0.0112457 0.0105828
14
1
-0.478627 2.9735 1.54464
0.049138 0.0135789 0.0123973
15
1
-0.574883 2.94352 1.5171
0.0469688 0.0158382 0.0136774
16
1
-0.665364 2.90839 1.4866
0.0443459 0.0186148 0.0154627
17
1
-0.748834 2.86912 1.45252
0.0404508 0.0203109 0.0175933
18
1
-0.824572 2.82628 1.41458
0.0366637 0.022452 0.0200605
19
1
-0.892504 2.7815 1.37349
0.033026 0.0236249 0.022384
20
1
-0.952898 2.73616 1.33058
0.028784 0.0232308 0.0225289
21
1
-1.0068 2.69066 1.28687
0.0255342 0.0231392 0.0223821
22
1
-1.05474 2.64512 1.24323
0.0227695 0.0228769 0.0218794
23
1
-1.09735 2.59962 1.19953
0.020498 0.022579 0.0215931
24
1
-1.13427 2.55406 1.15587
0.0176288 0.0227516 0.0212796
25
1
-1.16572 2.50826 1.11236
0.0149115 0.0228687 0.0216523
26
1
-1.1923 2.46264 1.06856
0.012294 0.0226651 0.0219759
27
1
-1.21379 2.41709 1.02447
0.00968944 0.0225985 0.0219281
28
1
-1.2309 2.37139 0.980603
0.00736588 0.0227046 0.0222411
29
1
-1.24453 2.3258 0.936775
0.00568449 0.0226111 0.0225308
30
1
-1.25504 2.28058 0.892875
0.00465486 0.0223348 0.0222652
31
1
-1.2624 2.23569 0.849292
0.00359779 0.021928 0.0220671
32
1
-1.26671 2.19096 0.806647
0.00205497 0.0215979 0.0220564
33
1
-1.26808 2.14623 0.765347
0.000295405 0.0217272 0.0213524
34
1
-1.26639 2.10112 0.725819
-0.00131718 0.022344 0.019827
35
1
-1.26167 2.05527 0.68862
-0.00280317 0.0229275 0.0182915
36
1
-1.25407 2.00887 0.653989
-0.00447335 0.0230344 0.0171081
37
1
-1.24387 1.96252 0.621517
-0.00649068 0.0227763 0.0159355
38
1
-1.23078 1.91683 0.590588
-0.00863041 0.0224479 0.0145992
39
1
-1.21421 1.87218 0.560918
-0.0105007 0.0221437 0.01335
40
1
-1.19406 1.82855 0.53275
-0.0118885 0.0217661 0.0124458
41
1
-1.17112 1.78565 0.506241
-0.0128034 0.0213119 0.0118932
42
1
-1.14658 1.74316 0.481103
-0.0132916 0.0209401 0.0115432
43
1
-1.12149 1.70097 0.456696
-0.0133148 0.0208304 0.0112764
44
1
-1.09643 1.6589 0.432726
-0.0128112 0.0210464 0.0110703
45
1
-1.07197 1.61654 0.4093
-0.0118044 0.0215269 0.0109367
46
1
-1.04906 1.5732 0.386771
-0.0103907 0.022107 0.0108773
47
1
-1.02913 1.52865 0.364857
-0.00868652 0.0226037 0.0108971
48
1
-1.01337 1.48334 0.342844
-0.00682265 0.0228155 0.0110496
49
1
-1.00228 1.43855 0.319499
-0.00492275 0.0226133 0.0114519
50
1
-0.995543 1.39589 0.293772
-0.00313064 0.0218457 0.0122418
51
1
-0.992116 1.35679 0.265071
-0.00154473 0.0204663 0.0135479
52
1
-0.990877 1.32224 0.233349
-0.000293324 0.0183262 0.0152749
53
1
-0.990966 1.29276 0.198856
0.000607901 0.0154492 0.017207
54
1
-0.991738 1.26855 0.16198
0.00121564 0.0120932 0.0190349
55
1
-0.992826 1.24962 0.12318
0.0015767 0.00863809 0.0204267
56
1
-0.993884 1.23602 0.0829365
0.00157084 0.00539413 0.0211453
57
1
-0.994875 1.2278 0.0417148
0.000999835 0.00252739 0.0212751
58
1
-0.995246 1.22496 -3.54801e-015
1.80937e-016 -9.85784e-017 0.021242
59
1
-0.994875 1.2278 -0.0417148
-0.000999835 -0.00252739 0.0212751
60
1
-0.993884 1.23602 -0.0829365
-0.00157084 -0.00539413 0.0211453
61
1
-0.992826 1.24962 -0.12318
-0.0015767 -0.00863809 0.0204267
62
1
-0.991738 1.26855 -0.16198
-0.00121564 -0.0120932 0.0190349
63
1
-0.990966 1.29276 -0.198856
-0.000607901 -0.0154492 0.017207
64
1
-0.990877 1.32224 -0.233349
0.000293324 -0.0183262 0.0152749
65
1
-0.992116 1.35679 -0.265071
0.00154473 -0.0204663 0.0135479
66
1
-0.995543 1.39589 -0.293772
0.00313064 -0.0218457 0.0122418
67
1
-1.00228 1.43855 -0.319499
0.00492275 -0.0226133 0.0114519
68
1
-1.01337 1.48334 -0.342844
0.00682265 -0.0228155 0.0110496
69
1
-1.02913 1.52865 -0.364857
0.00868652 -0.0226037 0.0108971
70
1
-1.04906 1.5732 -0.386771
0.0103907 -0.022107 0.0108773
71
1
-1.07197 1.61654 -0.4093
0.0118044 -0.0215269 0.0109367
72
1
-1.09643 1.6589 -0.432726
0.0128112 -0.0210464 0.0110703
73
1
-1.12149 1.70097 -0.456696
0.0133148 -0.0208304 0.0112764
74
1
-1.14658 1.74316 -0.481103
0.0132916 -0.0209401 0.0115432
75
1
-1.17112 1.78565 -0.506241
0.0128034 -0.0213119 0.0118932
76
1
-1.19406 1.82855 -0.53275
0.0118885 -0.0217661 0.0124458
77
1
-1.21421 1.87218 -0.560918
0.0105007 -0.0221437 0.01335
78
1
-1.23078 1.91683 -0.590588
0.00863041 -0.0224479 0.0145992
79
1
-1.24387 1.96252 -0.621517
0.00649068 -0.0227763 0.0159355
80
1
-1.25407 2.00887 -0.653989
0.00447335 -0.0230344 0.0171081
81
1
-1.26167 2.05527 -0.68862
0.00280317 -0.0229275 0.0182915
82
1
-1.26639 2.10112 -0.725819
0.00131718 -0.022344 0.019827
83
1
-1.26808 2.14623 -0.765347
-0.000295405 -0.0217272 0.0213524
84
1
-1.26671 2.19096 -0.806647
-0.00205497 -0.0215979 0.0220564
85
1
-1.2624 2.23569 -0.849292
-0.00359779 -0.021928 0.0220671
86
1
-1.25504 2.28058 -0.892875
-0.00465486 -0.0223348 0.0222652
87
1
-1.24453 2.3258 -0.936775
-0.00568449 -0.0226111 0.0225308
88
1
-1.2309 2.37139 -0.980603
-0.00736588 -0.0227046 0.0222411
89
1
-1.21379 2.41709 -1.02447
-0.00968944 -0.0225985 0.0219281
90
1
-1.1923 2.46264 -1.06856
-0.012294 -0.0226651 0.0219759
91
1
-1.16572 2.50826 -1.11236
-0.0149115 -0.0228687 0.0216523
92
1
-1.13427 2.55406 -1.15587
-0.0176288 -0.0227516 0.0212796
93
1
-1.09735 2.59962 -1.19953
-0.020498 -0.022579 0.0215931
94
1
-1.05474 2.64512 -1.24323
-0.0227695 -0.0228769 0.0218794
95
1
-1.0068 2.69066 -1.28687
-0.0255342 -0.0231392 0.0223821
96
1
-0.952898 2.73616 -1.33058
-0.028784 -0.0232308 0.0225289
97
1
-0.892504 2.7815 -1.37349
-0.033026 -0.0236249 0.022384
98
1
-0.824572 2.82628 -1.41458
-0.0366637 -0.022452 0.0200605
99
1
-0.748834 2.86912 -1.45252
-0.0404508 -0.0203109 0.0175933
100
1
-0.665364 2.90839 -1.4866
-0.0443459 -0.0186148 0.0154627
101
1
-0.574883 2.94352 -1.5171
-0.0469688 -0.0158382 0.0136774
102
1
-0.478627 2.9735 -1.54464
-0.049138 -0.0135789 0.0123973
103
1
-0.377674 2.99825 -1.56908
-0.0513947 -0.0112457 0.0105828
104
1
-0.2728 3.01732 -1.58857
-0.0531913 -0.00824762 0.00827179
105
1
-0.164914 3.03017 -1.60173
-0.0544532 -0.0046673 0.00480951
106
1
-0.0551842 3.03671 -1.60817
-0.0552401 -0.00126146 0.00135991
107
1
0.0551842 3.03671 -1.60817
-0.0552401 0.00126146 -0.00135991
108
1
0.164914 3.03017 -1.60173
-0.0544532 0.0046673 -0.00480951
109
1
0.2728 3.01732 -1.58857
-0.0531913 0.00824762 -0.00827179
110
1
0.377674 2.99825 -1.56908
-0.0513947 0.0112457 -0.0105828
111
1
0.478627 2.9735 -1.54464
-0.049138 0.0135789 -0.0123973
112
1
0.574883 2.94352 -1.5171
-0.0469688 0.0158382 -0.0136774
113
1
0.665364 2.90839 -1.4866
-0.0443459 0.0186148 -0.0154627
114
1
0.748834 2.86912 -1.45252
-0.0404508 0.0203109 -0.0175933
115
1
0.824572 2.82628 -1.41458
-0.0366637 0.022452 -0.0200605
116
1
0.892504 2.7815 -1.37349
-0.033026 0.0236249 -0.022384
117
1
0.952898 2.73616 -1.33058
-0.028784 0.0232308 -0.0225289
118
1
1.0068 2.69066 -1.28687
-0.0255342 0.0231392 -0.0223821
119
1
1.05474 2.64512 -1.24323
-0.0227695 0.0228769 -0.0218794
120
1
1.09735 2.59962 -1.19953
-0.020498 0.022579 -0.0215931
121
1
1.13427 2.55406 -1.15587
-0.0176288 0.0227516 -0.0212796
122
1
1.16572 2.50826 -1.11236
-0.0149115 0.0228687 -0.0216523
123
1
1.1923 2.46264 -1.06856
-0.012294 0.0226651 -0.0219759
124
1
1.21379 2.41709 -1.02447
-0.00968944 0.0225985 -0.0219281
125
1
1.2309 2.37139 -0.980603
-0.00736588 0.0227046 -0.0222411
126
1
1.24453 2.3258 -0.936775
-0.00568449 0.0226111 -0.0225308
127
1
1.25504 2.28058 -0.892875
-0.00465486 0.0223348 -0.0222652
128
1
1.2624 2.23569 -0.849292
-0.00359779 0.021928 -0.0220671
129
1
1.26671 2.19096 -0.806647
-0.00205497 0.0215979 -0.0220564
130
1
1.26808 2.14623 -0.765347
-0.000295405 0.0217272 -0.0213524
131
1
1.26639 2.10112 -0.725819
0.00131718 0.022344 -0.019827
132
1
1.26167 2.05527 -0.68862
0.00280317 0.0229275 -0.0182915
133
1
1.25407 2.00887 -0.653989
0.00447335 0.0230344 -0.0171081
134
1
1.24387 1.96252 -0.621517
0.00649068 0.0227763 -0.0159355
135
1
1.23078 1.91683 -0.590588
0.00863041 0.0224479 -0.0145992
136
1
1.21421 1.87218 -0.560918
0.0105007 0.0221437 -0.01335
137
1
1.19406 1.82855 -0.53275
0.0118885 0.0217661 -0.0124458
138
1
1.17112 1.78565 -0.506241
0.0128034 0.0213119 -0.0118932
139
1
1.14658 1.74316 -0.481103
0.0132916 0.0209401 -0.0115432
140
1
1.12149 1.70097 -0.456696
0.0133148 0.0208304 -0.0112764
141
1
1.09643 1.6589 -0.432726
0.0128112 0.0210464 -0.0110703
142
1
1.07197 1.61654 -0.4093
0.0118044 0.0215269 -0.0109367
143
1
1.04906 1.5732 -0.386771
0.0103907 0.022107 -0.0108773
144
1
1.02913 1.52865 -0.364857
0.00868652 0.0226037 -0.0108971
145
1
1.01337 1.48334 -0.342844
0.00682265 0.0228155 -0.0110496
146
1
1.00228 1.43855 -0.319499
0.00492275 0.0226133 -0.0114519
147
1
0.995543 1.39589 -0.293772
0.00313064 0.0218457 -0.0122418
148
1
0.992116 1.35679 -0.265071
0.00154473 0.0204663 -0.0135479
149
1
0.990877 1.32224 -0.233349
0.000293324 0.0183262 -0.0152749
150
1
0.990966 1.29276 -0.198856
-0.000607901 0.0154492 -0.017207
151
1
0.991738 1.26855 -0.16198
-0.00121564 0.0120932 -0.0190349
152
1
0.992826 1.24962 -0.12318
-0.0015767 0.00863809 -0.0204267
153
1
0.993884 1.23602 -0.0829365
-0.00157084 0.00539413 -0.0211453
154
1
0.994875 1.2278 -0.0417148
-0.000999835 0.00252739 -0.0212751
155
1
0.995246 1.22496 -2.79315e-015
1.69549e-017 3.05307e-017 -0.021242
156
1
0.994875 1.2278 0.0417148
0.000999835 -0.00252739 -0.0212751
157
1
0.993884 1.23602 0.0829365
0.00157084 -0.00539413 -0.0211453
158
1
0.992826 1.24962 0.12318
0.0015767 -0.00863809 -0.0204267
159
1
0.991738 1.26855 0.16198
0.00121564 -0.0120932 -0.0190349
160
1
0.990966 1.29276 0.198856
0.000607901 -0.0154492 -0.017207
161
1
0.990877 1.32224 0.233349
-0.000293324 -0.0183262 -0.0152749
162
1
0.992116 1.35679 0.265071
-0.00154473 -0.0204663 -0.0135479
163
1
0.995543 1.39589 0.293772
-0.00313064 -0.0218457 -0.0122418
164
1
1.00228 1.43855 0.319499
-0.00492275 -0.0226133 -0.0114519
165
1
1.01337 1.48334 0.342844
-0.00682265 -0.0228155 -0.0110496
166
1
1.02913 1.52865 0.364857
-0.00868652 -0.0226037 -0.0108971
167
1
1.04906 1.5732 0.386771
-0.0103907 -0.022107 -0.0108773
168
1
1.07197 1.61654 0.4093
-0.0118044 -0.0215269 -0.0109367
169
1
1.09643 1.6589 0.432726
-0.0128112 -0.0210464 -0.0110703
170
1
1.12149 1.70097 0.456696
-0.0133148 -0.0208304 -0.0112764
171
1
1.14658 1.74316 0.481103
-0.0132916 -0.0209401 -0.0115432
172
1
1.17112 1.78565 0.506241
-0.0128034 -0.0213119 -0.0118932
173
1
1.19406 1.82855 0.53275
-0.0118885 -0.0217661 -0.0124458
174
1
1.21421 1.87218 0.560918
-0.0105007 -0.0221437 -0.01335
175
1
1.23078 1.91683 0.590588
-0.00863041 -0.0224479 -0.0145992
176
1
1.24387 1.96252 0.621517
-0.00649068 -0.0227763 -0.0159355
177
1
1.25407 2.00887 0.653989
-0.00447335 -0.0230344 -0.0171081
178
1
1.26167 2.05527 0.68862
-0.00280317 -0.0229275 -0.0182915
179
1
1.26639 2.10112 0.725819
-0.00131718 -0.022344 -0.019827
180
1
1.26808 2.14623 0.765347
0.000295405 -0.0217272 -0.0213524
181
1
1.26671 2.19096 0.806647
0.00205497 -0.0215979 -0.0220564
182
1
1.2624 2.23569 0.849292
0.00359779 -0.021928 -0.0220671
183
1
1.25504 2.28058 0.892875
0.00465486 -0.0223348 -0.0222652
184
1
1.24453 2.3258 0.936775
0.00568449 -0.0226111 -0.0225308
185
1
1.2309 2.37139 0.980603
0.00736588 -0.0227046 -0.0222411
186
1
1.21379 2.41709 1.02447
0.00968944 -0.0225985 -0.0219281
187
1
1.1923 2.46264 1.06856
0.012294 -0.0226651 -0.0219759
188
1
1.16572 2.50826 1.11236
0.0149115 -0.0228687 -0.0216523
189
1
1.13427 2.55406 1.15587
0.0176288 -0.0227516 -0.0212796
190
1
1.09735 2.59962 1.19953
0.020498 -0.022579 -0.0215931
191
1
1.05474 2.64512 1.24323
0.0227695 -0.0228769 -0.0218794
192
1
1.0068 2.69066 1.28687
0.0255342 -0.0231392 -0.0223821
193
1
0.952898 2.73616 1.33058
0.028784 -0.0232308 -0.0225289
