194
0
1
0.785212 1.92162 2.09655
0.0272756 -0.0238581 -0.0211658
1
1
0.728673 1.96702 2.13632
0.0307995 -0.0231266 -0.0196697
2
1
0.664339 2.01112 2.17354
0.0342215 -0.022083 -0.0172939
3
1
0.592441 2.0524 2.20729
0.0381171 -0.0202826 -0.015702
4
1
0.513675 2.08993 2.23771
0.0408719 -0.0176083 -0.0139704
5
1
0.428776 2.12197 2.26525
0.0433766 -0.0144526 -0.0130982
6
1
0.339049 2.14792 2.29034
0.045621 -0.0118616 -0.0118493
7
1
0.24548 2.16803 2.31165
0.0474885 -0.0090458 -0.00888695
8
1
0.148663 2.18162 2.32664
0.0489786 -0.00532201 -0.0053909
9
1
0.0497764 2.18816 2.33417
0.0497927 -0.00167422 -0.00184676
10
1
-0.0497764 2.18816 2.33417
0.0497927 0.00167422 0.00184676
11
1
-0.148663 2.18162 2.32664
0.0489786 0.00532201 0.0053909
12
1
-0.24548 2.16803 2.31165
0.0474885 0.0090458 0.00888695
13
1
-0.339049 2.14792 2.29034
0.045621 0.0118616 0.0118493
14
1
-0.428776 2.12197 2.26525
0.0433766 0.0144526 0.0130982
15
1
-0.513675 2.08993 2.23771
0.0408719 0.0176083 0.0139704
16
1
-0.592441 2.0524 2.20729
0.0381171 0.0202826 0.015702
17
1
-0.664339 2.01112 2.17354
0.0342215 0.022083 0.0172939
18
1
-0.728673 1.96702 2.13632
0.0307995 0.0231266 0.0196697
19
1
-0.785212 1.92162 2.09655
0.0272756 0.0238581 0.0211658
20
1
-0.833886 1.87554 2.05585
0.0225809 0.02399 0.0208007
21
1
-0.874776 1.82882 2.01495
0.0188375 0.0240427 0.0203447
22
1
-0.908388 1.7816 1.97446
0.0150665 0.0242988 0.0195121
23
1
-0.935062 1.73451 1.93362
0.0116974 0.0243981 0.0191472
24
1
-0.954678 1.68807 1.89202
0.00852979 0.0237414 0.0195673
25
1
-0.968106 1.6428 1.84968
0.005915 0.0225652 0.020647
26
1
-0.976305 1.59958 1.80585
0.00301429 0.0209939 0.0220265
27
1
-0.979317 1.55834 1.76051
0.00012525 0.0196017 0.0232133
28
1
-0.978316 1.51863 1.71406
-0.00172767 0.0186514 0.0240649
29
1
-0.974728 1.48052 1.66633
-0.00265689 0.0177303 0.0248505
30
1
-0.969036 1.44443 1.61713
-0.0034635 0.016666 0.0256084
31
1
-0.9609 1.41035 1.56686
-0.00455639 0.0157047 0.0260779
32
1
-0.950286 1.37761 1.51622
-0.00589025 0.0150606 0.0261329
33
1
-0.937662 1.34594 1.46546
-0.00734444 0.0146221 0.0259325
34
1
-0.923228 1.31587 1.41433
-0.00888249 0.0141321 0.0256601
35
1
-0.906516 1.2885 1.36258
-0.0104926 0.0133726 0.0253873
36
1
-0.886542 1.26467 1.31051
-0.0120967 0.0122351 0.025121
37
1
-0.862722 1.24457 1.25877
-0.0135499 0.0106968 0.0248914
38
1
-0.8353 1.22784 1.2079
-0.0147356 0.00877584 0.0247682
39
1
-0.805328 1.21407 1.15776
-0.015594 0.00656418 0.0248188
40
1
-0.774164 1.20325 1.10763
-0.01609 0.00423541 0.0250627
41
1
-0.742953 1.19577 1.0567
-0.0161808 0.00197338 0.0254739
42
1
-0.712482 1.19206 1.00453
-0.0158422 -8.62473e-005 0.0260069
43
1
-0.683228 1.19223 0.951035
-0.0150993 -0.00186405 0.0266256
44
1
-0.65554 1.19587 0.89629
-0.0140198 -0.00331856 0.0273144
45
1
-0.629761 1.2023 0.840288
-0.0126981 -0.00443436 0.0280621
46
1
-0.606218 1.21073 0.782946
-0.0112354 -0.00521365 0.0288492
47
1
-0.585187 1.22043 0.724158
-0.00972503 -0.0056717 0.0296476
48
1
-0.566833 1.23081 0.663873
-0.00824328 -0.00583547 0.0304296
49
1
-0.55118 1.24135 0.602109
-0.00684704 -0.00574312 0.0311726
50
1
-0.538114 1.25167 0.538949
-0.005574 -0.00543992 0.0318611
51
1
-0.527433 1.2614 0.474506
-0.0044456 -0.00497383 0.0324842
52
1
-0.518878 1.27025 0.408915
-0.0034683 -0.00438958 0.033034
53
1
-0.512186 1.27802 0.342323
-0.00263777 -0.0037261 0.0335049
54
1
-0.5071 1.28452 0.274885
-0.00193919 -0.00301333 0.0338929
55
1
-0.503396 1.28967 0.206765
-0.00135269 -0.00227342 0.0341959
56
1
-0.500887 1.29338 0.13813
-0.000852045 -0.00151978 0.0344125
57
1
-0.49944 1.29562 0.0691512
-0.00041094 -0.000760748 0.0345425
58
1
-0.498964 1.29636 -1.614e-016
3.71178e-018 2.51172e-018 0.0345859
59
1
-0.49944 1.29562 -0.0691512
0.00041094 0.000760748 0.0345425
60
1
-0.500887 1.29338 -0.13813
0.000852045 0.00151978 0.0344125
61
1
-0.503396 1.28967 -0.206765
0.00135269 0.00227342 0.0341959
62
1
-0.5071 1.28452 -0.274885
0.00193919 0.00301333 0.0338929
63
1
-0.512186 1.27802 -0.342323
0.00263777 0.0037261 0.0335049
64
1
-0.518878 1.27025 -0.408915
0.0034683 0.00438958 0.033034
65
1
-0.527433 1.2614 -0.474506
0.0044456 0.00497383 0.0324842
66
1
-0.538114 1.25167 -0.538949
0.005574 0.00543992 0.0318611
67
1
-0.55118 1.24135 -0.602109
0.00684704 0.00574312 0.0311726
68
1
-0.566833 1.23081 -0.663873
0.00824328 0.00583547 0.0304296
69
1
-0.585187 1.22043 -0.724158
0.00972503 0.0056717 0.0296476
70
1
-0.606218 1.21073 -0.782946
0.0112354 0.00521365 0.0288492
71
1
-0.629761 1.2023 -0.840288
0.0126981 0.00443436 0.0280621
72
1
-0.65554 1.19587 -0.89629
0.0140198 0.00331856 0.0273144
73
1
-0.683228 1.19223 -0.951035
0.0150993 0.00186405 0.0266256
74
1
-0.712482 1.19206 -1.00453
0.0158422 8.62473e-005 0.0260069
75
1
-0.742953 1.19577 -1.0567
0.0161808 -0.00197338 0.0254739
76
1
-0.774164 1.20325 -1.10763
0.01609 -0.00423541 0.0250627
77
1
-0.805328 1.21407 -1.15776
0.015594 -0.00656418 0.0248188
78
1
-0.8353 1.22784 -1.2079
0.0147356 -0.00877584 0.0247682
79
1
-0.862722 1.24457 -1.25877
0.0135499 -0.0106968 0.0248914
80
1
-0.886542 1.26467 -1.31051
0.0120967 -0.0122351 0.025121
81
1
-0.906516 1.2885 -1.36258
0.0104926 -0.0133726 0.0253873
82
1
-0.923228 1.31587 -1.41433
0.00888249 -0.0141321 0.0256601
83
1
-0.937662 1.34594 -1.46546
0.00734444 -0.0146221 0.0259325
84
1
-0.950286 1.37761 -1.51622
0.00589025 -0.0150606 0.0261329
85
1
-0.9609 1.41035 -1.56686
0.00455639 -0.0157047 0.0260779
86
1
-0.969036 1.44443 -1.61713
0.0034635 -0.016666 0.0256084
87
1
-0.974728 1.48052 -1.66633
0.00265689 -0.0177303 0.0248505
88
1
-0.978316 1.51863 -1.71406
0.00172767 -0.0186514 0.0240649
89
1
-0.979317 1.55834 -1.76051
-0.00012525 -0.0196017 0.0232133
90
1
-0.976305 1.59958 -1.80585
-0.00301429 -0.0209939 0.0220265
91
1
-0.968106 1.6428 -1.84968
-0.005915 -0.0225652 0.020647
92
1
-0.954678 1.68807 -1.89202
-0.00852979 -0.0237414 0.0195673
93
1
-0.935062 1.73451 -1.93362
-0.0116974 -0.0243981 0.0191472
94
1
-0.908388 1.7816 -1.97446
-0.0150665 -0.0242988 0.0195121
95
1
-0.874776 1.82882 -2.01495
-0.0188375 -0.0240427 0.0203447
96
1
-0.833886 1.87554 -2.05585
-0.0225809 -0.02399 0.0208007
97
1
-0.785212 1.92162 -2.09655
-0.0272756 -0.0238581 0.0211658
98
1
-0.728673 1.96702 -2.13632
-0.0307995 -0.0231266 0.0196697
99
1
-0.664339 2.01112 -2.17354
-0.0342215 -0.022083 0.0172939
100
1
-0.592441 2.0524 -2.20729
-0.0381171 -0.0202826 0.015702
101
1
-0.513675 2.08993 -2.23771
-0.0408719 -0.0176083 0.0139704
102
1
-0.428776 2.12197 -2.26525
-0.0433766 -0.0144526 0.0130982
103
1
-0.339049 2.14792 -2.29034
-0.045621 -0.0118616 0.0118493
104
1
-0.24548 2.16803 -2.31165
-0.0474885 -0.0090458 0.00888695
105
1
-0.148663 2.18162 -2.32664
-0.0489786 -0.00532201 0.0053909
106
1
-0.0497764 2.18816 -2.33417
-0.0497927 -0.00167422 0.00184676
107
1
0.0497764 2.18816 -2.33417
-0.0497927 0.00167422 -0.00184676
108
1
0.148663 2.18162 -2.32664
-0.0489786 0.00532201 -0.0053909
109
1
0.24548 2.16803 -2.31165
-0.0474885 0.0090458 -0.00888695
110
1
0.339049 2.14792 -2.29034
-0.045621 0.0118616 -0.0118493
111
1
0.428776 2.12197 -2.26525
-0.0433766 0.0144526 -0.0130982
112
1
0.513675 2.08993 -2.23771
-0.0408719 0.0176083 -0.0139704
113
1
0.592441 2.0524 -2.20729
-0.0381171 0.0202826 -0.015702
114
1
0.664339 2.01112 -2.17354
-0.0342215 0.022083 -0.0172939
115
1
0.728673 1.96702 -2.13632
-0.0307995 0.0231266 -0.0196697
116
1
0.785212 1.92162 -2.09655
-0.0272756 0.0238581 -0.0211658
117
1
0.833886 1.87554 -2.05585
-0.0225809 0.02399 -0.0208007
118
1
0.874776 1.82882 -2.01495
-0.0188375 0.0240427 -0.0203447
119
1
0.908388 1.7816 -1.97446
-0.0150665 0.0242988 -0.0195121
120
1
0.935062 1.73451 -1.93362
-0.0116974 0.0243981 -0.0191472
121
1
0.954678 1.68807 -1.89202
-0.00852979 0.0237414 -0.0195673
122
1
0.968106 1.6428 -1.84968
-0.005915 0.0225652 -0.020647
123
1
0.976305 1.59958 -1.80585
-0.00301429 0.0209939 -0.0220265
124
1
0.979317 1.55834 -1.76051
-0.00012525 0.0196017 -0.0232133
125
1
0.978316 1.51863 -1.71406
0.00172767 0.0186514 -0.0240649
126
1
0.974728 1.48052 -1.66633
0.00265689 0.0177303 -0.0248505
127
1
0.969036 1.44443 -1.61713
0.0034635 0.016666 -0.0256084
128
1
0.9609 1.41035 -1.56686
0.00455639 0.0157047 -0.0260779
129
1
0.950286 1.37761 -1.51622
0.00589025 0.0150606 -0.0261329
130
1
0.937662 1.34594 -1.46546
0.00734444 0.0146221 -0.0259325
131
1
0.923228 1.31587 -1.41433
0.00888249 0.0141321 -0.0256601
132
1
0.906516 1.2885 -1.36258
0.0104926 0.0133726 -0.0253873
133
1
0.886542 1.26467 -1.31051
0.0120967 0.0122351 -0.025121
134
1
0.862722 1.24457 -1.25877
0.0135499 0.0106968 -0.0248914
135
1
0.8353 1.22784 -1.2079
0.0147356 0.00877584 -0.0247682
136
1
0.805328 1.21407 -1.15776
0.015594 0.00656418 -0.0248188
137
1
0.774164 1.20325 -1.10763
0.01609 0.00423541 -0.0250627
138
1
0.742953 1.19577 -1.0567
0.0161808 0.00197338 -0.0254739
139
1
0.712482 1.19206 -1.00453
0.0158422 -8.62473e-005 -0.0260069
140
1
0.683228 1.19223 -0.951035
0.0150993 -0.00186405 -0.0266256
141
1
0.65554 1.19587 -0.89629
0.0140198 -0.00331856 -0.0273144
142
1
0.629761 1.2023 -0.840288
0.0126981 -0.00443436 -0.0280621
143
1
0.606218 1.21073 -0.782946
0.0112354 -0.00521365 -0.0288492
144
1
0.585187 1.22043 -0.724158
0.00972503 -0.0056717 -0.0296476
145
1
0.566833 1.23081 -0.663873
0.00824328 -0.00583547 -0.0304296
146
1
0.55118 1.24135 -0.602109
0.00684704 -0.00574312 -0.0311726
147
1
0.538114 1.25167 -0.538949
0.005574 -0.00543992 -0.0318611
148
1
0.527433 1.2614 -0.474506
0.0044456 -0.00497383 -0.0324842
149
1
0.518878 1.27025 -0.408915
0.0034683 -0.00438958 -0.033034
150
1
0.512186 1.27802 -0.342323
0.00263777 -0.0037261 -0.0335049
151
1
0.5071 1.28452 -0.274885
0.00193919 -0.00301333 -0.0338929
152
1
0.503396 1.28967 -0.206765
0.00135269 -0.00227342 -0.0341959
153
1
0.500887 1.29338 -0.13813
0.000852045 -0.00151978 -0.0344125
154
1
0.49944 1.29562 -0.0691512
0.00041094 -0.000760748 -0.0345425
155
1
0.498964 1.29636 -6.78001e-017
-2.66722e-017 -5.98675e-017 -0.0345859
156
1
0.49944 1.29562 0.0691512
-0.00041094 0.000760748 -0.0345425
157
1
0.500887 1.29338 0.13813
-0.000852045 0.00151978 -0.0344125
158
1
0.503396 1.28967 0.206765
-0.00135269 0.00227342 -0.0341959
159
1
0.5071 1.28452 0.274885
-0.00193919 0.00301333 -0.0338929
160
1
0.512186 1.27802 0.342323
-0.00263777 0.0037261 -0.0335049
161
1
0.518878 1.27025 0.408915
-0.0034683 0.00438958 -0.033034
162
1
0.527433 1.2614 0.474506
-0.0044456 0.00497383 -0.0324842
163
1
0.538114 1.25167 0.538949
-0.005574 0.00543992 -0.0318611
164
1
0.55118 1.24135 0.602109
-0.00684704 0.00574312 -0.0311726
165
1
0.566833 1.23081 0.663873
-0.00824328 0.00583547 -0.0304296
166
1
0.585187 1.22043 0.724158
-0.00972503 0.0056717 -0.0296476
167
1
0.606218 1.21073 0.782946
-0.0112354 0.00521365 -0.0288492
168
1
0.629761 1.2023 0.840288
-0.0126981 0.00443436 -0.0280621
169
1
0.65554 1.19587 0.89629
-0.0140198 0.00331856 -0.0273144
170
1
0.683228 1.19223 0.951035
-0.0150993 0.00186405 -0.0266256
171
1
0.712482 1.19206 1.00453
-0.0158422 8.62473e-005 -0.0260069
172
1
0.742953 1.19577 1.0567
-0.0161808 -0.00197338 -0.0254739
173
1
0.774164 1.20325 1.10763
-0.01609 -0.00423541 -0.0250627
174
1
0.805328 1.21407 1.15776
-0.015594 -0.00656418 -0.0248188
175
1
0.8353 1.22784 1.2079
-0.0147356 -0.00877584 -0.0247682
176
1
0.862722 1.24457 1.25877
-0.0135499 -0.0106968 -0.0248914
177
1
0.886542 1.26467 1.31051
-0.0120967 -0.0122351 -0.025121
178
1
0.906516 1.2885 1.36258
-0.0104926 -0.0133726 -0.0253873
179
1
0.923228 1.31587 1.41433
-0.00888249 -0.0141321 -0.0256601
180
1
0.937662 1.34594 1.46546
-0.00734444 -0.0146221 -0.0259325
181
1
0.950286 1.37761 1.51622
-0.00589025 -0.0150606 -0.0261329
182
1
0.9609 1.41035 1.56686
-0.00455639 -0.0157047 -0.0260779
183
1
0.969036 1.44443 1.61713
-0.0034635 -0.016666 -0.0256084
184
1
0.974728 1.48052 1.66633
-0.00265689 -0.0177303 -0.0248505
185
1
0.978316 1.51863 1.71406
-0.00172767 -0.0186514 -0.0240649
186
1
0.979317 1.55834 1.76051
0.00012525 -0.0196017 -0.0232133
187
1
0.976305 1.59958 1.80585
0.00301429 -0.0209939 -0.0220265
188
1
0.968106 1.6428 1.84968
0.005915 -0.0225652 -0.020647
189
1
0.954678 1.68807 1.89202
0.00852979 -0.0237414 -0.0195673
190
1
0.935062 1.73451 1.93362
0.0116974 -0.0243981 -0.0191472
191
1
0.908388 1.7816 1.97446
0.0150665 -0.0242988 -0.0195121
192
1
0.874776 1.82882 2.01495
0.0188375 -0.0240427 -0.0203447
193
1
0.833886 1.87554 2.05585
0.0225809 -0.02399 -0.0208007
