194
0
1
0.898071 2.82691 1.33837
0.033185 -0.0241133 -0.021908
1
1
0.829663 2.87187 1.37918
0.0369319 -0.022704 -0.0197317
2
1
0.753104 2.914 1.41726
0.040752 -0.0202526 -0.0175984
3
1
0.66887 2.95253 1.45172
0.0446511 -0.0184361 -0.0157124
4
1
0.57764 2.98681 1.48291
0.0471818 -0.0158531 -0.0140982
5
1
0.480609 3.01634 1.51052
0.0492524 -0.0139553 -0.0127723
6
1
0.37881 3.04073 1.53405
0.0514611 -0.0118288 -0.0107764
7
1
0.273454 3.06002 1.55283
0.0532564 -0.00881611 -0.00837034
8
1
0.165309 3.0733 1.56604
0.0545495 -0.00495046 -0.00499048
9
1
0.055316 3.07961 1.57295
0.0553549 -0.00129698 -0.001509
10
1
-0.055316 3.07961 1.57295
0.0553549 0.00129698 0.001509
11
1
-0.165309 3.0733 1.56604
0.0545495 0.00495046 0.00499048
12
1
-0.273454 3.06002 1.55283
0.0532564 0.00881611 0.00837034
13
1
-0.37881 3.04073 1.53405
0.0514611 0.0118288 0.0107764
14
1
-0.480609 3.01634 1.51052
0.0492524 0.0139553 0.0127723
15
1
-0.57764 2.98681 1.48291
0.0471818 0.0158531 0.0140982
16
1
-0.66887 2.95253 1.45172
0.0446511 0.0184361 0.0157124
17
1
-0.753104 2.914 1.41726
0.040752 0.0202526 0.0175984
18
1
-0.829663 2.87187 1.37918
0.0369319 0.022704 0.0197317
19
1
-0.898071 2.82691 1.33837
0.033185 0.0241133 0.021908
20
1
-0.958683 2.78088 1.29597
0.0288661 0.0236843 0.0221793
21
1
-1.01266 2.73452 1.25279
0.0256045 0.0234291 0.0222123
22
1
-1.0606 2.68844 1.20932
0.0228255 0.0229756 0.0219053
23
1
-1.10344 2.64262 1.16581
0.0205503 0.0225653 0.021737
24
1
-1.14117 2.59723 1.12232
0.0177265 0.0228024 0.0213378
25
1
-1.17343 2.55178 1.07869
0.0150242 0.0230926 0.021523
26
1
-1.20058 2.50586 1.03522
0.0124091 0.0230816 0.0216353
27
1
-1.22304 2.45989 0.991762
0.00985015 0.0232139 0.0213787
28
1
-1.24065 2.41376 0.948257
0.00754975 0.0234559 0.0215183
29
1
-1.25412 2.36742 0.904942
0.00581148 0.0233477 0.0217906
30
1
-1.26448 2.32128 0.861824
0.00466041 0.0229556 0.0216623
31
1
-1.27203 2.27577 0.818775
0.00344885 0.0224679 0.0215905
32
1
-1.2764 2.2308 0.776134
0.00184642 0.0221375 0.0216327
33
1
-1.27762 2.18571 0.734786
0.000289058 0.0223029 0.0209679
34
1
-1.27616 2.13993 0.695411
-0.000882008 0.0229554 0.0195129
35
1
-1.27215 2.09333 0.658338
-0.0019106 0.0235512 0.0180571
36
1
-1.26536 2.04619 0.623884
-0.00324903 0.0236723 0.0168552
37
1
-1.25567 1.99867 0.59257
-0.00503557 0.0234626 0.0154603
38
1
-1.24348 1.95099 0.564484
-0.00700974 0.0232486 0.0137072
39
1
-1.22931 1.90348 0.539042
-0.00877965 0.0231341 0.0119528
40
1
-1.21325 1.85656 0.515364
-0.0101367 0.0229687 0.0105596
41
1
-1.19518 1.81045 0.493016
-0.0110604 0.0226743 0.00957339
42
1
-1.17551 1.76501 0.471903
-0.0115452 0.0223892 0.00886408
43
1
-1.15538 1.71985 0.451895
-0.0115005 0.022316 0.00834571
44
1
-1.13613 1.67473 0.432331
-0.0108143 0.0225282 0.00803794
45
1
-1.1187 1.62968 0.412466
-0.00945526 0.0229471 0.00798624
46
1
-1.10338 1.58489 0.39179
-0.00751755 0.0233717 0.00823192
47
1
-1.09047 1.54035 0.370373
-0.00519893 0.0236022 0.00878594
48
1
-1.08039 1.49612 0.348201
-0.00277162 0.0234364 0.00964201
49
1
-1.0738 1.45258 0.324937
-0.000508538 0.022774 0.0107965
50
1
-1.07096 1.41063 0.299824
0.00132723 0.021529 0.0122581
51
1
-1.07152 1.37156 0.271979
0.00260494 0.0197446 0.0140846
52
1
-1.0745 1.33659 0.240864
0.00320839 0.017332 0.0161674
53
1
-1.07879 1.3066 0.206428
0.00322903 0.0143322 0.0183297
54
1
-1.08343 1.28218 0.168871
0.0029101 0.0109767 0.0202821
55
1
-1.08773 1.26346 0.128772
0.00250027 0.00762002 0.021708
56
1
-1.09125 1.25032 0.0868526
0.00198632 0.0045826 0.0223832
57
1
-1.09348 1.24238 0.0437426
0.00114571 0.00206438 0.0224463
58
1
-1.0942 1.23982 -3.86329e-015
1.70882e-016 -4.88354e-018 0.0223627
59
1
-1.09348 1.24238 -0.0437426
-0.00114571 -0.00206438 0.0224463
60
1
-1.09125 1.25032 -0.0868526
-0.00198632 -0.0045826 0.0223832
61
1
-1.08773 1.26346 -0.128772
-0.00250027 -0.00762002 0.021708
62
1
-1.08343 1.28218 -0.168871
-0.0029101 -0.0109767 0.0202821
63
1
-1.07879 1.3066 -0.206428
-0.00322903 -0.0143322 0.0183297
64
1
-1.0745 1.33659 -0.240864
-0.00320839 -0.017332 0.0161674
65
1
-1.07152 1.37156 -0.271979
-0.00260494 -0.0197446 0.0140846
66
1
-1.07096 1.41063 -0.299824
-0.00132723 -0.021529 0.0122581
67
1
-1.0738 1.45258 -0.324937
0.000508538 -0.022774 0.0107965
68
1
-1.08039 1.49612 -0.348201
0.00277162 -0.0234364 0.00964201
69
1
-1.09047 1.54035 -0.370373
0.00519893 -0.0236022 0.00878594
70
1
-1.10338 1.58489 -0.39179
0.00751755 -0.0233717 0.00823192
71
1
-1.1187 1.62968 -0.412466
0.00945526 -0.0229471 0.00798624
72
1
-1.13613 1.67473 -0.432331
0.0108143 -0.0225282 0.00803794
73
1
-1.15538 1.71985 -0.451895
0.0115005 -0.022316 0.00834571
74
1
-1.17551 1.76501 -0.471903
0.0115452 -0.0223892 0.00886408
75
1
-1.19518 1.81045 -0.493016
0.0110604 -0.0226743 0.00957339
76
1
-1.21325 1.85656 -0.515364
0.0101367 -0.0229687 0.0105596
77
1
-1.22931 1.90348 -0.539042
0.00877965 -0.0231341 0.0119528
78
1
-1.24348 1.95099 -0.564484
0.00700974 -0.0232486 0.0137072
79
1
-1.25567 1.99867 -0.59257
0.00503557 -0.0234626 0.0154603
80
1
-1.26536 2.04619 -0.623884
0.00324903 -0.0236723 0.0168552
81
1
-1.27215 2.09333 -0.658338
0.0019106 -0.0235512 0.0180571
82
1
-1.27616 2.13993 -0.695411
0.000882008 -0.0229554 0.0195129
83
1
-1.27762 2.18571 -0.734786
-0.000289058 -0.0223029 0.0209679
84
1
-1.2764 2.2308 -0.776134
-0.00184642 -0.0221375 0.0216327
85
1
-1.27203 2.27577 -0.818775
-0.00344885 -0.0224679 0.0215905
86
1
-1.26448 2.32128 -0.861824
-0.00466041 -0.0229556 0.0216623
87
1
-1.25412 2.36742 -0.904942
-0.00581148 -0.0233477 0.0217906
88
1
-1.24065 2.41376 -0.948257
-0.00754975 -0.0234559 0.0215183
89
1
-1.22304 2.45989 -0.991762
-0.00985015 -0.0232139 0.0213787
90
1
-1.20058 2.50586 -1.03522
-0.0124091 -0.0230816 0.0216353
91
1
-1.17343 2.55178 -1.07869
-0.0150242 -0.0230926 0.021523
92
1
-1.14117 2.59723 -1.12232
-0.0177265 -0.0228024 0.0213378
93
1
-1.10344 2.64262 -1.16581
-0.0205503 -0.0225653 0.021737
94
1
-1.0606 2.68844 -1.20932
-0.0228255 -0.0229756 0.0219053
95
1
-1.01266 2.73452 -1.25279
-0.0256045 -0.0234291 0.0222123
96
1
-0.958683 2.78088 -1.29597
-0.0288661 -0.0236843 0.0221793
97
1
-0.898071 2.82691 -1.33837
-0.033185 -0.0241133 0.021908
98
1
-0.829663 2.87187 -1.37918
-0.0369319 -0.022704 0.0197317
99
1
-0.753104 2.914 -1.41726
-0.040752 -0.0202526 0.0175984
100
1
-0.66887 2.95253 -1.45172
-0.0446511 -0.0184361 0.0157124
101
1
-0.57764 2.98681 -1.48291
-0.0471818 -0.0158531 0.0140982
102
1
-0.480609 3.01634 -1.51052
-0.0492524 -0.0139553 0.0127723
103
1
-0.37881 3.04073 -1.53405
-0.0514611 -0.0118288 0.0107764
104
1
-0.273454 3.06002 -1.55283
-0.0532564 -0.00881611 0.00837034
105
1
-0.165309 3.0733 -1.56604
-0.0545495 -0.00495046 0.00499048
106
1
-0.055316 3.07961 -1.57295
-0.0553549 -0.00129698 0.001509
107
1
0.055316 3.07961 -1.57295
-0.0553549 0.00129698 -0.001509
108
1
0.165309 3.0733 -1.56604
-0.0545495 0.00495046 -0.00499048
109
1
0.273454 3.06002 -1.55283
-0.0532564 0.00881611 -0.00837034
110
1
0.37881 3.04073 -1.53405
-0.0514611 0.0118288 -0.0107764
111
1
0.480609 3.01634 -1.51052
-0.0492524 0.0139553 -0.0127723
112
1
0.57764 2.98681 -1.48291
-0.0471818 0.0158531 -0.0140982
113
1
0.66887 2.95253 -1.45172
-0.0446511 0.0184361 -0.0157124
114
1
0.753104 2.914 -1.41726
-0.040752 0.0202526 -0.0175984
115
1
0.829663 2.87187 -1.37918
-0.0369319 0.022704 -0.0197317
116
1
0.898071 2.82691 -1.33837
-0.033185 0.0241133 -0.021908
117
1
0.958683 2.78088 -1.29597
-0.0288661 0.0236843 -0.0221793
118
1
1.01266 2.73452 -1.25279
-0.0256045 0.0234291 -0.0222123
119
1
1.0606 2.68844 -1.20932
-0.0228255 0.0229756 -0.0219053
120
1
1.10344 2.64262 -1.16581
-0.0205503 0.0225653 -0.021737
121
1
1.14117 2.59723 -1.12232
-0.0177265 0.0228024 -0.0213378
122
1
1.17343 2.55178 -1.07869
-0.0150242 0.0230926 -0.021523
123
1
1.20058 2.50586 -1.03522
-0.0124091 0.0230816 -0.0216353
124
1
1.22304 2.45989 -0.991762
-0.00985015 0.0232139 -0.0213787
125
1
1.24065 2.41376 -0.948257
-0.00754975 0.0234559 -0.0215183
126
1
1.25412 2.36742 -0.904942
-0.00581148 0.0233477 -0.0217906
127
1
1.26448 2.32128 -0.861824
-0.00466041 0.0229556 -0.0216623
128
1
1.27203 2.27577 -0.818775
-0.00344885 0.0224679 -0.0215905
129
1
1.2764 2.2308 -0.776134
-0.00184642 0.0221375 -0.0216327
130
1
1.27762 2.18571 -0.734786
-0.000289058 0.0223029 -0.0209679
131
1
1.27616 2.13993 -0.695411
0.000882008 0.0229554 -0.0195129
132
1
1.27215 2.09333 -0.658338
0.0019106 0.0235512 -0.0180571
133
1
1.26536 2.04619 -0.623884
0.00324903 0.0236723 -0.0168552
134
1
1.25567 1.99867 -0.59257
0.00503557 0.0234626 -0.0154603
135
1
1.24348 1.95099 -0.564484
0.00700974 0.0232486 -0.0137072
136
1
1.22931 1.90348 -0.539042
0.00877965 0.0231341 -0.0119528
137
1
1.21325 1.85656 -0.515364
0.0101367 0.0229687 -0.0105596
138
1
1.19518 1.81045 -0.493016
0.0110604 0.0226743 -0.00957339
139
1
1.17551 1.76501 -0.471903
0.0115452 0.0223892 -0.00886408
140
1
1.15538 1.71985 -0.451895
0.0115005 0.022316 -0.00834571
141
1
1.13613 1.67473 -0.432331
0.0108143 0.0225282 -0.00803794
142
1
1.1187 1.62968 -0.412466
0.00945526 0.0229471 -0.00798624
143
1
1.10338 1.58489 -0.39179
0.00751755 0.0233717 -0.00823192
144
1
1.09047 1.54035 -0.370373
0.00519893 0.0236022 -0.00878594
145
1
1.08039 1.49612 -0.348201
0.00277162 0.0234364 -0.00964201
146
1
1.0738 1.45258 -0.324937
0.000508538 0.022774 -0.0107965
147
1
1.07096 1.41063 -0.299824
-0.00132723 0.021529 -0.0122581
148
1
1.07152 1.37156 -0.271979
-0.00260494 0.0197446 -0.0140846
149
1
1.0745 1.33659 -0.240864
-0.00320839 0.017332 -0.0161674
150
1
1.07879 1.3066 -0.206428
-0.00322903 0.0143322 -0.0183297
151
1
1.08343 1.28218 -0.168871
-0.0029101 0.0109767 -0.0202821
152
1
1.08773 1.26346 -0.128772
-0.00250027 0.00762002 -0.021708
153
1
1.09125 1.25032 -0.0868526
-0.00198632 0.0045826 -0.0223832
154
1
1.09348 1.24238 -0.0437426
-0.00114571 0.00206438 -0.0224463
155
1
1.0942 1.23982 -2.73559e-015
2.34406e-017 7.88837e-017 -0.0223627
156
1
1.09348 1.24238 0.0437426
0.00114571 -0.00206438 -0.0224463
157
1
1.09125 1.25032 0.0868526
0.00198632 -0.0045826 -0.0223832
158
1
1.08773 1.26346 0.128772
0.00250027 -0.00762002 -0.021708
159
1
1.08343 1.28218 0.168871
0.0029101 -0.0109767 -0.0202821
160
1
1.07879 1.3066 0.206428
0.00322903 -0.0143322 -0.0183297
161
1
1.0745 1.33659 0.240864
0.00320839 -0.017332 -0.0161674
162
1
1.07152 1.37156 0.271979
0.00260494 -0.0197446 -0.0140846
163
1
1.07096 1.41063 0.299824
0.00132723 -0.021529 -0.0122581
164
1
1.0738 1.45258 0.324937
-0.000508538 -0.022774 -0.0107965
165
1
1.08039 1.49612 0.348201
-0.00277162 -0.0234364 -0.00964201
166
1
1.09047 1.54035 0.370373
-0.00519893 -0.0236022 -0.00878594
167
1
1.10338 1.58489 0.39179
-0.00751755 -0.0233717 -0.00823192
168
1
1.1187 1.62968 0.412466
-0.00945526 -0.0229471 -0.00798624
169
1
1.13613 1.67473 0.432331
-0.0108143 -0.0225282 -0.00803794
170
1
1.15538 1.71985 0.451895
-0.0115005 -0.022316 -0.00834571
171
1
1.17551 1.76501 0.471903
-0.0115452 -0.0223892 -0.00886408
172
1
1.19518 1.81045 0.493016
-0.0110604 -0.0226743 -0.00957339
173
1
1.21325 1.85656 0.515364
-0.0101367 -0.0229687 -0.0105596
174
1
1.22931 1.90348 0.539042
-0.00877965 -0.0231341 -0.0119528
175
1
1.24348 1.95099 0.564484
-0.00700974 -0.0232486 -0.0137072
176
1
1.25567 1.99867 0.59257
-0.00503557 -0.0234626 -0.0154603
177
1
1.26536 2.04619 0.623884
-0.00324903 -0.0236723 -0.0168552
178
1
1.27215 2.09333 0.658338
-0.0019106 -0.0235512 -0.0180571
179
1
1.27616 2.13993 0.695411
-0.000882008 -0.0229554 -0.0195129
180
1
1.27762 2.18571 0.734786
0.000289058 -0.0223029 -0.0209679
181
1
1.2764 2.2308 0.776134
0.00184642 -0.0221375 -0.0216327
182
1
1.27203 2.27577 0.818775
0.00344885 -0.0224679 -0.0215905
183
1
1.26448 2.32128 0.861824
0.00466041 -0.0229556 -0.0216623
184
1
1.25412 2.36742 0.904942
0.00581148 -0.0233477 -0.0217906
185
1
1.24065 2.41376 0.948257
0.00754975 -0.0234559 -0.0215183
186
1
1.22304 2.45989 0.991762
0.00985015 -0.0232139 -0.0213787
187
1
1.20058 2.50586 1.03522
0.0124091 -0.0230816 -0.0216353
188
1
1.17343 2.55178 1.07869
0.0150242 -0.0230926 -0.021523
189
1
1.14117 2.59723 1.12232
0.0177265 -0.0228024 -0.0213378
190
1
1.10344 2.64262 1.16581
0.0205503 -0.0225653 -0.021737
191
1
1.0606 2.68844 1.20932
0.0228255 -0.0229756 -0.0219053
192
1
1.01266 2.73452 1.25279
0.0256045 -0.0234291 -0.0222123
193
1
0.958683 2.78088 1.29597
0.0288661 -0.0236843 -0.0221793
