194
0
1
0.530656 0.760843 2.87221
0.0166465 -0.0185677 -0.0338414
1
1
0.497694 0.795615 2.93905
0.0183023 -0.018767 -0.0333007
2
1
0.459814 0.831219 3.00418
0.019434 -0.0190372 -0.031731
3
1
0.417027 0.866351 3.06634
0.0222087 -0.018703 -0.02963
4
1
0.368148 0.900031 3.1237
0.0253377 -0.0169299 -0.0273269
5
1
0.312624 0.930643 3.17479
0.0284846 -0.014508 -0.0244048
6
1
0.250665 0.956147 3.21806
0.0315789 -0.0117686 -0.0204476
7
1
0.183355 0.97586 3.25218
0.0343181 -0.0086838 -0.0155131
8
1
0.111833 0.989304 3.27584
0.0363992 -0.0053512 -0.00971372
9
1
0.0375832 0.996104 3.2879
0.0375241 -0.00181192 -0.00330994
10
1
-0.0375832 0.996104 3.2879
0.0375241 0.00181192 0.00330994
11
1
-0.111833 0.989304 3.27584
0.0363992 0.0053512 0.00971372
12
1
-0.183355 0.97586 3.25218
0.0343181 0.0086838 0.0155131
13
1
-0.250665 0.956147 3.21806
0.0315789 0.0117686 0.0204476
14
1
-0.312624 0.930643 3.17479
0.0284846 0.014508 0.0244048
15
1
-0.368148 0.900031 3.1237
0.0253377 0.0169299 0.0273269
16
1
-0.417027 0.866351 3.06634
0.0222087 0.018703 0.02963
17
1
-0.459814 0.831219 3.00418
0.019434 0.0190372 0.031731
18
1
-0.497694 0.795615 2.93905
0.0183023 0.018767 0.0333007
19
1
-0.530656 0.760843 2.87221
0.0166465 0.0185677 0.0338414
20
1
-0.557545 0.727822 2.80478
0.0131258 0.01763 0.0334385
21
1
-0.577534 0.696119 2.73757
0.00911371 0.0167625 0.0330652
22
1
-0.59013 0.665738 2.67056
0.00473713 0.0160946 0.0325291
23
1
-0.595382 0.63652 2.60391
0.00177084 0.0149885 0.032445
24
1
-0.595308 0.608387 2.53784
-0.000447854 0.0129881 0.0328125
25
1
-0.592529 0.582413 2.4717
-0.00240025 0.0107758 0.0334037
26
1
-0.588162 0.560149 2.40451
-0.00382292 0.00880929 0.0340182
27
1
-0.582474 0.542165 2.33598
-0.00456592 0.00712346 0.0345629
28
1
-0.575623 0.528119 2.26628
-0.00476629 0.00567709 0.0350251
29
1
-0.568047 0.51724 2.19568
-0.00461659 0.00445657 0.0354288
30
1
-0.560255 0.50878 2.12436
-0.00426877 0.00345227 0.035794
31
1
-0.552746 0.502132 2.05239
-0.00382978 0.00264863 0.0361271
32
1
-0.545827 0.496899 1.97981
-0.00336887 0.00202249 0.0364281
33
1
-0.539645 0.492787 1.90668
-0.00292413 0.0015446 0.0366973
34
1
-0.534235 0.489566 1.83304
-0.00251584 0.00118567 0.0369368
35
1
-0.52955 0.487041 1.75896
-0.00215145 0.0009186 0.0371495
36
1
-0.525528 0.485054 1.68447
-0.00183233 0.000720661 0.0373386
37
1
-0.522086 0.483478 1.60962
-0.00155651 0.000573815 0.0375067
38
1
-0.519152 0.482216 1.53446
-0.00132013 0.000464314 0.0376562
39
1
-0.516656 0.48119 1.45901
-0.00111889 0.000381964 0.037789
40
1
-0.514535 0.480348 1.38332
-0.000948215 0.000319358 0.0379067
41
1
-0.512733 0.479644 1.3074
-0.000803856 0.000271065 0.038011
42
1
-0.511203 0.479051 1.23128
-0.000681849 0.000233173 0.0381032
43
1
-0.509903 0.478543 1.15499
-0.000578699 0.000202871 0.0381845
44
1
-0.5088 0.478105 1.07855
-0.000491319 0.00017816 0.0382561
45
1
-0.507862 0.477723 1.00197
-0.000417198 0.00015742 0.0383188
46
1
-0.507066 0.477389 0.92528
-0.00035418 0.000139664 0.0383737
47
1
-0.506391 0.477096 0.848484
-0.000300488 0.000124 0.0384216
48
1
-0.505819 0.476839 0.771598
-0.00025444 0.000109872 0.0384631
49
1
-0.505338 0.476613 0.694635
-0.000214608 9.69238e-005 0.0384989
50
1
-0.504934 0.476415 0.617606
-0.000179938 8.50118e-005 0.0385296
51
1
-0.504596 0.476245 0.54052
-0.000149581 7.3533e-005 0.0385556
52
1
-0.504316 0.476099 0.463386
-0.000122653 6.24662e-005 0.0385774
53
1
-0.504088 0.475979 0.386213
-9.84796e-005 5.15651e-005 0.0385953
54
1
-0.503909 0.475882 0.309008
-7.61924e-005 4.09642e-005 0.0386095
55
1
-0.503774 0.475807 0.231777
-5.56762e-005 3.05174e-005 0.0386204
56
1
-0.50368 0.475753 0.154528
-3.64568e-005 2.02603e-005 0.038628
57
1
-0.503624 0.475721 0.0772671
-1.80365e-005 1.0115e-005 0.0386326
58
1
-0.503606 0.475711 2.5592e-018
8.01533e-019 2.68357e-018 0.0386341
59
1
-0.503624 0.475721 -0.0772671
1.80365e-005 -1.0115e-005 0.0386326
60
1
-0.50368 0.475753 -0.154528
3.64568e-005 -2.02603e-005 0.038628
61
1
-0.503774 0.475807 -0.231777
5.56762e-005 -3.05174e-005 0.0386204
62
1
-0.503909 0.475882 -0.309008
7.61924e-005 -4.09642e-005 0.0386095
63
1
-0.504088 0.475979 -0.386213
9.84796e-005 -5.15651e-005 0.0385953
64
1
-0.504316 0.476099 -0.463386
0.000122653 -6.24662e-005 0.0385774
65
1
-0.504596 0.476245 -0.54052
0.000149581 -7.3533e-005 0.0385556
66
1
-0.504934 0.476415 -0.617606
0.000179938 -8.50118e-005 0.0385296
67
1
-0.505338 0.476613 -0.694635
0.000214608 -9.69238e-005 0.0384989
68
1
-0.505819 0.476839 -0.771598
0.00025444 -0.000109872 0.0384631
69
1
-0.506391 0.477096 -0.848484
0.000300488 -0.000124 0.0384216
70
1
-0.507066 0.477389 -0.92528
0.00035418 -0.000139664 0.0383737
71
1
-0.507862 0.477723 -1.00197
0.000417198 -0.00015742 0.0383188
72
1
-0.5088 0.478105 -1.07855
0.000491319 -0.00017816 0.0382561
73
1
-0.509903 0.478543 -1.15499
0.000578699 -0.000202871 0.0381845
74
1
-0.511203 0.479051 -1.23128
0.000681849 -0.000233173 0.0381032
75
1
-0.512733 0.479644 -1.3074
0.000803856 -0.000271065 0.038011
76
1
-0.514535 0.480348 -1.38332
0.000948215 -0.000319358 0.0379067
77
1
-0.516656 0.48119 -1.45901
0.00111889 -0.000381964 0.037789
78
1
-0.519152 0.482216 -1.53446
0.00132013 -0.000464314 0.0376562
79
1
-0.522086 0.483478 -1.60962
0.00155651 -0.000573815 0.0375067
80
1
-0.525528 0.485054 -1.68447
0.00183233 -0.000720661 0.0373386
81
1
-0.52955 0.487041 -1.75896
0.00215145 -0.0009186 0.0371495
82
1
-0.534235 0.489566 -1.83304
0.00251584 -0.00118567 0.0369368
83
1
-0.539645 0.492787 -1.90668
0.00292413 -0.0015446 0.0366973
84
1
-0.545827 0.496899 -1.97981
0.00336887 -0.00202249 0.0364281
85
1
-0.552746 0.502132 -2.05239
0.00382978 -0.00264863 0.0361271
86
1
-0.560255 0.50878 -2.12436
0.00426877 -0.00345227 0.035794
87
1
-0.568047 0.51724 -2.19568
0.00461659 -0.00445657 0.0354288
88
1
-0.575623 0.528119 -2.26628
0.00476629 -0.00567709 0.0350251
89
1
-0.582474 0.542165 -2.33598
0.00456592 -0.00712346 0.0345629
90
1
-0.588162 0.560149 -2.40451
0.00382292 -0.00880929 0.0340182
91
1
-0.592529 0.582413 -2.4717
0.00240025 -0.0107758 0.0334037
92
1
-0.595308 0.608387 -2.53784
0.000447854 -0.0129881 0.0328125
93
1
-0.595382 0.63652 -2.60391
-0.00177084 -0.0149885 0.032445
94
1
-0.59013 0.665738 -2.67056
-0.00473713 -0.0160946 0.0325291
95
1
-0.577534 0.696119 -2.73757
-0.00911371 -0.0167625 0.0330652
96
1
-0.557545 0.727822 -2.80478
-0.0131258 -0.01763 0.0334385
97
1
-0.530656 0.760843 -2.87221
-0.0166465 -0.0185677 0.0338414
98
1
-0.497694 0.795615 -2.93905
-0.0183023 -0.018767 0.0333007
99
1
-0.459814 0.831219 -3.00418
-0.019434 -0.0190372 0.031731
100
1
-0.417027 0.866351 -3.06634
-0.0222087 -0.018703 0.02963
101
1
-0.368148 0.900031 -3.1237
-0.0253377 -0.0169299 0.0273269
102
1
-0.312624 0.930643 -3.17479
-0.0284846 -0.014508 0.0244048
103
1
-0.250665 0.956147 -3.21806
-0.0315789 -0.0117686 0.0204476
104
1
-0.183355 0.97586 -3.25218
-0.0343181 -0.0086838 0.0155131
105
1
-0.111833 0.989304 -3.27584
-0.0363992 -0.0053512 0.00971372
106
1
-0.0375832 0.996104 -3.2879
-0.0375241 -0.00181192 0.00330994
107
1
0.0375832 0.996104 -3.2879
-0.0375241 0.00181192 -0.00330994
108
1
0.111833 0.989304 -3.27584
-0.0363992 0.0053512 -0.00971372
109
1
0.183355 0.97586 -3.25218
-0.0343181 0.0086838 -0.0155131
110
1
0.250665 0.956147 -3.21806
-0.0315789 0.0117686 -0.0204476
111
1
0.312624 0.930643 -3.17479
-0.0284846 0.014508 -0.0244048
112
1
0.368148 0.900031 -3.1237
-0.0253377 0.0169299 -0.0273269
113
1
0.417027 0.866351 -3.06634
-0.0222087 0.018703 -0.02963
114
1
0.459814 0.831219 -3.00418
-0.019434 0.0190372 -0.031731
115
1
0.497694 0.795615 -2.93905
-0.0183023 0.018767 -0.0333007
116
1
0.530656 0.760843 -2.87221
-0.0166465 0.0185677 -0.0338414
117
1
0.557545 0.727822 -2.80478
-0.0131258 0.01763 -0.0334385
118
1
0.577534 0.696119 -2.73757
-0.00911371 0.0167625 -0.0330652
119
1
0.59013 0.665738 -2.67056
-0.00473713 0.0160946 -0.0325291
120
1
0.595382 0.63652 -2.60391
-0.00177084 0.0149885 -0.032445
121
1
0.595308 0.608387 -2.53784
0.000447854 0.0129881 -0.0328125
122
1
0.592529 0.582413 -2.4717
0.00240025 0.0107758 -0.0334037
123
1
0.588162 0.560149 -2.40451
0.00382292 0.00880929 -0.0340182
124
1
0.582474 0.542165 -2.33598
0.00456592 0.00712346 -0.0345629
125
1
0.575623 0.528119 -2.26628
0.00476629 0.00567709 -0.0350251
126
1
0.568047 0.51724 -2.19568
0.00461659 0.00445657 -0.0354288
127
1
0.560255 0.50878 -2.12436
0.00426877 0.00345227 -0.035794
128
1
0.552746 0.502132 -2.05239
0.00382978 0.00264863 -0.0361271
129
1
0.545827 0.496899 -1.97981
0.00336887 0.00202249 -0.0364281
130
1
0.539645 0.492787 -1.90668
0.00292413 0.0015446 -0.0366973
131
1
0.534235 0.489566 -1.83304
0.00251584 0.00118567 -0.0369368
132
1
0.52955 0.487041 -1.75896
0.00215145 0.0009186 -0.0371495
133
1
0.525528 0.485054 -1.68447
0.00183233 0.000720661 -0.0373386
134
1
0.522086 0.483478 -1.60962
0.00155651 0.000573815 -0.0375067
135
1
0.519152 0.482216 -1.53446
0.00132013 0.000464314 -0.0376562
136
1
0.516656 0.48119 -1.45901
0.00111889 0.000381964 -0.037789
137
1
0.514535 0.480348 -1.38332
0.000948215 0.000319358 -0.0379067
138
1
0.512733 0.479644 -1.3074
0.000803856 0.000271065 -0.038011
139
1
0.511203 0.479051 -1.23128
0.000681849 0.000233173 -0.0381032
140
1
0.509903 0.478543 -1.15499
0.000578699 0.000202871 -0.0381845
141
1
0.5088 0.478105 -1.07855
0.000491319 0.00017816 -0.0382561
142
1
0.507862 0.477723 -1.00197
0.000417198 0.00015742 -0.0383188
143
1
0.507066 0.477389 -0.92528
0.00035418 0.000139664 -0.0383737
144
1
0.506391 0.477096 -0.848484
0.000300488 0.000124 -0.0384216
145
1
0.505819 0.476839 -0.771598
0.00025444 0.000109872 -0.0384631
146
1
0.505338 0.476613 -0.694635
0.000214608 9.69238e-005 -0.0384989
147
1
0.504934 0.476415 -0.617606
0.000179938 8.50118e-005 -0.0385296
148
1
0.504596 0.476245 -0.54052
0.000149581 7.3533e-005 -0.0385556
149
1
0.504316 0.476099 -0.463386
0.000122653 6.24662e-005 -0.0385774
150
1
0.504088 0.475979 -0.386213
9.84796e-005 5.15651e-005 -0.0385953
151
1
0.503909 0.475882 -0.309008
7.61924e-005 4.09642e-005 -0.0386095
152
1
0.503774 0.475807 -0.231777
5.56762e-005 3.05174e-005 -0.0386204
153
1
0.50368 0.475753 -0.154528
3.64568e-005 2.02603e-005 -0.038628
154
1
0.503624 0.475721 -0.0772671
1.80365e-005 1.0115e-005 -0.0386326
155
1
0.503606 0.475711 4.74142e-019
-5.6964e-018 -3.07885e-017 -0.0386341
156
1
0.503624 0.475721 0.0772671
-1.80365e-005 -1.0115e-005 -0.0386326
157
1
0.50368 0.475753 0.154528
-3.64568e-005 -2.02603e-005 -0.038628
158
1
0.503774 0.475807 0.231777
-5.56762e-005 -3.05174e-005 -0.0386204
159
1
0.503909 0.475882 0.309008
-7.61924e-005 -4.09642e-005 -0.0386095
160
1
0.504088 0.475979 0.386213
-9.84796e-005 -5.15651e-005 -0.0385953
161
1
0.504316 0.476099 0.463386
-0.000122653 -6.24662e-005 -0.0385774
162
1
0.504596 0.476245 0.54052
-0.000149581 -7.3533e-005 -0.0385556
163
1
0.504934 0.476415 0.617606
-0.000179938 -8.50118e-005 -0.0385296
164
1
0.505338 0.476613 0.694635
-0.000214608 -9.69238e-005 -0.0384989
165
1
0.505819 0.476839 0.771598
-0.00025444 -0.000109872 -0.0384631
166
1
0.506391 0.477096 0.848484
-0.000300488 -0.000124 -0.0384216
167
1
0.507066 0.477389 0.92528
-0.00035418 -0.000139664 -0.0383737
168
1
0.507862 0.477723 1.00197
-0.000417198 -0.00015742 -0.0383188
169
1
0.5088 0.478105 1.07855
-0.000491319 -0.00017816 -0.0382561
170
1
0.509903 0.478543 1.15499
-0.000578699 -0.000202871 -0.0381845
171
1
0.511203 0.479051 1.23128
-0.000681849 -0.000233173 -0.0381032
172
1
0.512733 0.479644 1.3074
-0.000803856 -0.000271065 -0.038011
173
1
0.514535 0.480348 1.38332
-0.000948215 -0.000319358 -0.0379067
174
1
0.516656 0.48119 1.45901
-0.00111889 -0.000381964 -0.037789
175
1
0.519152 0.482216 1.53446
-0.00132013 -0.000464314 -0.0376562
176
1
0.522086 0.483478 1.60962
-0.00155651 -0.000573815 -0.0375067
177
1
0.525528 0.485054 1.68447
-0.00183233 -0.000720661 -0.0373386
178
1
0.52955 0.487041 1.75896
-0.00215145 -0.0009186 -0.0371495
179
1
0.534235 0.489566 1.83304
-0.00251584 -0.00118567 -0.0369368
180
1
0.539645 0.492787 1.90668
-0.00292413 -0.0015446 -0.0366973
181
1
0.545827 0.496899 1.97981
-0.00336887 -0.00202249 -0.0364281
182
1
0.552746 0.502132 2.05239
-0.00382978 -0.00264863 -0.0361271
183
1
0.560255 0.50878 2.12436
-0.00426877 -0.00345227 -0.035794
184
1
0.568047 0.51724 2.19568
-0.00461659 -0.00445657 -0.0354288
185
1
0.575623 0.528119 2.26628
-0.00476629 -0.00567709 -0.0350251
186
1
0.582474 0.542165 2.33598
-0.00456592 -0.00712346 -0.0345629
187
1
0.588162 0.560149 2.40451
-0.00382292 -0.00880929 -0.0340182
188
1
0.592529 0.582413 2.4717
-0.00240025 -0.0107758 -0.0334037
189
1
0.595308 0.608387 2.53784
-0.000447854 -0.0129881 -0.0328125
190
1
0.595382 0.63652 2.60391
0.00177084 -0.0149885 -0.032445
191
1
0.59013 0.665738 2.67056
0.00473713 -0.0160946 -0.0325291
192
1
0.577534 0.696119 2.73757
0.00911371 -0.0167625 -0.0330652
193
1
0.557545 0.727822 2.80478
0.0131258 -0.01763 -0.0334385
