194
0
1
1.48511 7.447 0.761849
0.0397388 0.0263186 0.0221944
1
1
1.40432 7.39562 0.716918
0.0398698 0.0272128 0.0249049
2
1
1.31492 7.34019 0.666506
0.0469619 0.0277335 0.0290646
3
1
1.21596 7.28474 0.61368
0.0506748 0.0280547 0.0280884
4
1
1.10671 7.22893 0.555543
0.056261 0.0278496 0.0276022
5
1
0.989444 7.17189 0.483654
0.0617119 0.0284379 0.0381232
6
1
0.858704 7.11519 0.381713
0.0517938 0.0253889 0.0516053
7
1
0.719022 7.05873 0.200739
0.0376088 0.00831961 0.0677087
8
1
0.165449 6.1795 0.0772794
-0.0410651 0.00347887 -0.0116551
9
1
0.0479596 9.77176 0.78066
0.000798855 -0.0061126 -0.0776778
10
1
-0.0479596 9.77176 0.78066
0.000798855 0.0061126 0.0776778
11
1
-0.165449 6.1795 0.0772791
-0.041065 -0.00347887 0.0116552
12
1
-0.719022 7.05873 0.200739
0.0376088 -0.00831961 -0.0677087
13
1
-0.858704 7.11519 0.381713
0.0517938 -0.0253889 -0.0516053
14
1
-0.989444 7.17189 0.483654
0.0617119 -0.0284379 -0.0381232
15
1
-1.10671 7.22893 0.555543
0.056261 -0.0278496 -0.0276022
16
1
-1.21596 7.28474 0.61368
0.0506748 -0.0280547 -0.0280884
17
1
-1.31492 7.34019 0.666506
0.0469619 -0.0277335 -0.0290646
18
1
-1.40432 7.39562 0.716918
0.0398698 -0.0272128 -0.0249049
19
1
-1.48511 7.447 0.761849
0.0397388 -0.0263186 -0.0221944
20
1
-1.5608 7.49098 0.800444
0.0357827 -0.0204032 -0.0194269
21
1
-1.63289 7.52784 0.833698
0.0342345 -0.0168579 -0.0152746
22
1
-1.70105 7.55784 0.862207
0.033993 -0.0149037 -0.0129339
23
1
-1.76789 7.58206 0.88847
0.031937 -0.0112072 -0.0118273
24
1
-1.83347 7.60007 0.912337
0.0320418 -0.00820707 -0.0111901
25
1
-1.89737 7.61258 0.932771
0.0319435 -0.00630588 -0.00980858
26
1
-1.9598 7.62075 0.949023
0.0292716 -0.00370357 -0.00730412
27
1
-2.02007 7.62528 0.960778
0.0285533 -0.001457 -0.00511853
28
1
-2.07891 7.62703 0.968761
0.0295898 -0.000243104 -0.00374909
29
1
-2.13716 7.62638 0.973229
0.0291667 0.000583186 -0.0020087
30
1
-2.19421 7.6233 0.974032
0.0283471 0.0018814 -9.35288e-005
31
1
-2.2501 7.618 0.971413
0.02801 0.0031825 0.00178898
32
1
-2.30472 7.61051 0.965276
0.0271759 0.0044668 0.00365534
33
1
-2.35739 7.60073 0.955798
0.0265215 0.00604878 0.00504531
34
1
-2.40805 7.58887 0.943453
0.0256169 0.00710611 0.00626283
35
1
-2.45663 7.57564 0.928445
0.0232264 0.00735753 0.00813045
36
1
-2.50258 7.56136 0.910563
0.0215194 0.0076975 0.00978891
37
1
-2.54661 7.54559 0.889792
0.0215678 0.0080739 0.0110765
38
1
-2.58916 7.52846 0.865713
0.0210146 0.00843515 0.0128298
39
1
-2.62962 7.5105 0.837957
0.0193397 0.00887536 0.014755
40
1
-2.66744 7.49163 0.80754
0.0187269 0.0093423 0.0162533
41
1
-2.70256 7.47135 0.775398
0.0179294 0.00982641 0.0172058
42
1
-2.73473 7.44991 0.741598
0.0153713 0.0108389 0.0178434
43
1
-2.76378 7.42683 0.706244
0.0134626 0.0122864 0.0187522
44
1
-2.7897 7.40169 0.668876
0.0124786 0.013279 0.0198116
45
1
-2.81219 7.3741 0.629183
0.0103631 0.0144884 0.0206589
46
1
-2.83146 7.34408 0.587697
0.00820351 0.0170514 0.021213
47
1
-2.84714 7.31231 0.544661
0.00698407 0.0188088 0.0217387
48
1
-2.85842 7.28061 0.500115
0.00519781 0.0184347 0.0226617
49
1
-2.86502 7.25048 0.454643
0.00232013 0.0169484 0.0238749
50
1
-2.86697 7.22323 0.408297
-0.000866451 0.0138234 0.0243301
51
1
-2.86523 7.19973 0.361071
-0.0030378 0.0104359 0.024611
52
1
-2.86073 7.18012 0.312587
-0.0041673 0.0081113 0.0252161
53
1
-2.8546 7.16446 0.262689
-0.00514136 0.00619582 0.0258015
54
1
-2.84805 7.15259 0.211645
-0.00567264 0.00407411 0.0262904
55
1
-2.84175 7.14455 0.159698
-0.00482655 0.0018555 0.0268497
56
1
-2.83678 7.13995 0.107074
-0.00288343 0.000363584 0.0272875
57
1
-2.83345 7.13769 0.0537627
-0.00127027 -0.000222459 0.0273381
58
1
-2.83231 7.13719 1.7315e-010
3.0164e-012 -4.45449e-012 0.0272335
59
1
-2.83345 7.13769 -0.0537627
0.00127027 0.000222459 0.0273381
60
1
-2.83678 7.13995 -0.107074
0.00288343 -0.000363584 0.0272875
61
1
-2.84175 7.14455 -0.159698
0.00482655 -0.0018555 0.0268497
62
1
-2.84805 7.15259 -0.211645
0.00567264 -0.00407411 0.0262904
63
1
-2.8546 7.16446 -0.262689
0.00514136 -0.00619582 0.0258015
64
1
-2.86073 7.18012 -0.312587
0.0041673 -0.0081113 0.0252161
65
1
-2.86523 7.19973 -0.361071
0.0030378 -0.0104359 0.024611
66
1
-2.86697 7.22323 -0.408297
0.000866451 -0.0138234 0.0243301
67
1
-2.86502 7.25048 -0.454643
-0.00232013 -0.0169484 0.0238749
68
1
-2.85842 7.28061 -0.500115
-0.00519781 -0.0184347 0.0226617
69
1
-2.84714 7.31231 -0.544661
-0.00698407 -0.0188088 0.0217387
70
1
-2.83146 7.34408 -0.587697
-0.00820351 -0.0170514 0.021213
71
1
-2.81219 7.3741 -0.629183
-0.0103631 -0.0144884 0.0206589
72
1
-2.7897 7.40169 -0.668876
-0.0124786 -0.013279 0.0198116
73
1
-2.76378 7.42683 -0.706244
-0.0134626 -0.0122864 0.0187522
74
1
-2.73473 7.44991 -0.741598
-0.0153713 -0.0108389 0.0178434
75
1
-2.70256 7.47135 -0.775398
-0.0179294 -0.00982641 0.0172058
76
1
-2.66744 7.49163 -0.80754
-0.0187269 -0.0093423 0.0162533
77
1
-2.62962 7.5105 -0.837957
-0.0193397 -0.00887536 0.014755
78
1
-2.58916 7.52846 -0.865713
-0.0210146 -0.00843515 0.0128298
79
1
-2.54661 7.54559 -0.889792
-0.0215678 -0.0080739 0.0110765
80
1
-2.50258 7.56136 -0.910563
-0.0215194 -0.0076975 0.00978891
81
1
-2.45663 7.57564 -0.928445
-0.0232264 -0.00735753 0.00813045
82
1
-2.40805 7.58887 -0.943453
-0.0256169 -0.00710611 0.00626283
83
1
-2.35739 7.60073 -0.955798
-0.0265215 -0.00604878 0.00504531
84
1
-2.30472 7.61051 -0.965276
-0.0271759 -0.0044668 0.00365534
85
1
-2.2501 7.618 -0.971413
-0.02801 -0.0031825 0.00178898
86
1
-2.19421 7.6233 -0.974032
-0.0283471 -0.0018814 -9.35288e-005
87
1
-2.13716 7.62638 -0.973229
-0.0291667 -0.000583186 -0.0020087
88
1
-2.07891 7.62703 -0.968761
-0.0295898 0.000243104 -0.00374909
89
1
-2.02007 7.62528 -0.960778
-0.0285533 0.001457 -0.00511853
90
1
-1.9598 7.62075 -0.949023
-0.0292716 0.00370357 -0.00730412
91
1
-1.89737 7.61258 -0.932771
-0.0319435 0.00630588 -0.00980858
92
1
-1.83347 7.60007 -0.912337
-0.0320418 0.00820707 -0.0111901
93
1
-1.76789 7.58206 -0.88847
-0.031937 0.0112072 -0.0118273
94
1
-1.70105 7.55784 -0.862207
-0.033993 0.0149037 -0.0129339
95
1
-1.63289 7.52784 -0.833698
-0.0342345 0.0168579 -0.0152746
96
1
-1.5608 7.49098 -0.800444
-0.0357827 0.0204032 -0.0194269
97
1
-1.48511 7.447 -0.761849
-0.0397388 0.0263186 -0.0221944
98
1
-1.40432 7.39562 -0.716918
-0.0398698 0.0272128 -0.0249049
99
1
-1.31492 7.34019 -0.666506
-0.0469619 0.0277335 -0.0290646
100
1
-1.21596 7.28474 -0.61368
-0.0506748 0.0280547 -0.0280884
101
1
-1.10671 7.22893 -0.555543
-0.056261 0.0278496 -0.0276022
102
1
-0.989444 7.17189 -0.483654
-0.0617119 0.0284379 -0.0381232
103
1
-0.858704 7.11519 -0.381713
-0.0517938 0.0253889 -0.0516053
104
1
-0.719022 7.05873 -0.200739
-0.0376088 0.00831961 -0.0677087
105
1
-0.165449 6.1795 -0.0772794
0.0410651 0.00347888 0.0116551
106
1
-0.0479596 9.77176 -0.78066
-0.000798855 -0.0061126 0.0776778
107
1
0.0479596 9.77176 -0.78066
-0.000798855 0.0061126 -0.0776778
108
1
0.165449 6.1795 -0.0772791
0.041065 -0.00347887 -0.0116552
109
1
0.719022 7.05873 -0.200739
-0.0376088 -0.00831961 0.0677087
110
1
0.858704 7.11519 -0.381713
-0.0517938 -0.0253889 0.0516053
111
1
0.989444 7.17189 -0.483654
-0.0617119 -0.0284379 0.0381232
112
1
1.10671 7.22893 -0.555543
-0.056261 -0.0278496 0.0276022
113
1
1.21596 7.28474 -0.61368
-0.0506748 -0.0280547 0.0280884
114
1
1.31492 7.34019 -0.666506
-0.0469619 -0.0277335 0.0290646
115
1
1.40432 7.39562 -0.716918
-0.0398698 -0.0272128 0.0249049
116
1
1.48511 7.447 -0.761849
-0.0397388 -0.0263186 0.0221944
117
1
1.5608 7.49098 -0.800444
-0.0357827 -0.0204032 0.0194269
118
1
1.63289 7.52784 -0.833698
-0.0342345 -0.0168579 0.0152746
119
1
1.70105 7.55784 -0.862207
-0.033993 -0.0149037 0.0129339
120
1
1.76789 7.58206 -0.88847
-0.031937 -0.0112072 0.0118273
121
1
1.83347 7.60007 -0.912337
-0.0320418 -0.00820707 0.0111901
122
1
1.89737 7.61258 -0.932771
-0.0319435 -0.00630588 0.00980858
123
1
1.9598 7.62075 -0.949023
-0.0292716 -0.00370357 0.00730412
124
1
2.02007 7.62528 -0.960778
-0.0285533 -0.001457 0.00511853
125
1
2.07891 7.62703 -0.968761
-0.0295898 -0.000243104 0.00374909
126
1
2.13716 7.62638 -0.973229
-0.0291667 0.000583186 0.0020087
127
1
2.19421 7.6233 -0.974032
-0.0283471 0.0018814 9.35288e-005
128
1
2.2501 7.618 -0.971413
-0.02801 0.0031825 -0.00178898
129
1
2.30472 7.61051 -0.965276
-0.0271759 0.0044668 -0.00365534
130
1
2.35739 7.60073 -0.955798
-0.0265215 0.00604878 -0.00504531
131
1
2.40805 7.58887 -0.943453
-0.0256169 0.00710611 -0.00626283
132
1
2.45663 7.57564 -0.928445
-0.0232264 0.00735753 -0.00813045
133
1
2.50258 7.56136 -0.910563
-0.0215194 0.0076975 -0.00978891
134
1
2.54661 7.54559 -0.889792
-0.0215678 0.0080739 -0.0110765
135
1
2.58916 7.52846 -0.865713
-0.0210146 0.00843515 -0.0128298
136
1
2.62962 7.5105 -0.837957
-0.0193397 0.00887536 -0.014755
137
1
2.66744 7.49163 -0.80754
-0.0187269 0.0093423 -0.0162533
138
1
2.70256 7.47135 -0.775398
-0.0179294 0.00982641 -0.0172058
139
1
2.73473 7.44991 -0.741598
-0.0153713 0.0108389 -0.0178434
140
1
2.76378 7.42683 -0.706244
-0.0134626 0.0122864 -0.0187522
141
1
2.7897 7.40169 -0.668876
-0.0124786 0.013279 -0.0198116
142
1
2.81219 7.3741 -0.629183
-0.0103631 0.0144884 -0.0206589
143
1
2.83146 7.34408 -0.587697
-0.00820351 0.0170514 -0.021213
144
1
2.84714 7.31231 -0.544661
-0.00698407 0.0188088 -0.0217387
145
1
2.85842 7.28061 -0.500115
-0.00519781 0.0184347 -0.0226617
146
1
2.86502 7.25048 -0.454643
-0.00232013 0.0169484 -0.0238749
147
1
2.86697 7.22323 -0.408297
0.000866451 0.0138234 -0.0243301
148
1
2.86523 7.19973 -0.361071
0.0030378 0.0104359 -0.024611
149
1
2.86073 7.18012 -0.312587
0.0041673 0.0081113 -0.0252161
150
1
2.8546 7.16446 -0.262689
0.00514136 0.00619582 -0.0258015
151
1
2.84805 7.15259 -0.211645
0.00567264 0.00407411 -0.0262904
152
1
2.84175 7.14455 -0.159698
0.00482655 0.0018555 -0.0268497
153
1
2.83678 7.13995 -0.107074
0.00288343 0.000363584 -0.0272875
154
1
2.83345 7.13769 -0.0537627
0.00127027 -0.000222459 -0.0273381
155
1
2.83231 7.13719 -2.37981e-010
-3.26093e-012 -6.72025e-012 -0.0272335
156
1
2.83345 7.13769 0.0537627
-0.00127027 0.000222459 -0.0273381
157
1
2.83678 7.13995 0.107074
-0.00288343 -0.000363584 -0.0272875
158
1
2.84175 7.14455 0.159698
-0.00482655 -0.0018555 -0.0268497
159
1
2.84805 7.15259 0.211645
-0.00567264 -0.00407411 -0.0262904
160
1
2.8546 7.16446 0.262689
-0.00514136 -0.00619582 -0.0258015
161
1
2.86073 7.18012 0.312587
-0.0041673 -0.0081113 -0.0252161
162
1
2.86523 7.19973 0.361071
-0.0030378 -0.0104359 -0.024611
163
1
2.86697 7.22323 0.408297
-0.000866451 -0.0138234 -0.0243301
164
1
2.86502 7.25048 0.454643
0.00232013 -0.0169484 -0.0238749
165
1
2.85842 7.28061 0.500115
0.00519781 -0.0184347 -0.0226617
166
1
2.84714 7.31231 0.544661
0.00698407 -0.0188088 -0.0217387
167
1
2.83146 7.34408 0.587697
0.00820351 -0.0170514 -0.021213
168
1
2.81219 7.3741 0.629183
0.0103631 -0.0144884 -0.0206589
169
1
2.7897 7.40169 0.668876
0.0124786 -0.013279 -0.0198116
170
1
2.76378 7.42683 0.706244
0.0134626 -0.0122864 -0.0187522
171
1
2.73473 7.44991 0.741598
0.0153713 -0.0108389 -0.0178434
172
1
2.70256 7.47135 0.775398
0.0179294 -0.00982641 -0.0172058
173
1
2.66744 7.49163 0.80754
0.0187269 -0.0093423 -0.0162533
174
1
2.62962 7.5105 0.837957
0.0193397 -0.00887536 -0.014755
175
1
2.58916 7.52846 0.865713
0.0210146 -0.00843515 -0.0128298
176
1
2.54661 7.54559 0.889792
0.0215678 -0.0080739 -0.0110765
177
1
2.50258 7.56136 0.910563
0.0215194 -0.0076975 -0.00978891
178
1
2.45663 7.57564 0.928445
0.0232264 -0.00735753 -0.00813045
179
1
2.40805 7.58887 0.943453
0.0256169 -0.00710611 -0.00626283
180
1
2.35739 7.60073 0.955798
0.0265215 -0.00604878 -0.00504531
181
1
2.30472 7.61051 0.965276
0.0271759 -0.0044668 -0.00365534
182
1
2.2501 7.618 0.971413
0.02801 -0.0031825 -0.00178898
183
1
2.19421 7.6233 0.974032
0.0283471 -0.0018814 9.35288e-005
184
1
2.13716 7.62638 0.973229
0.0291667 -0.000583186 0.0020087
185
1
2.07891 7.62703 0.968761
0.0295898 0.000243104 0.00374909
186
1
2.02007 7.62528 0.960778
0.0285533 0.001457 0.00511853
187
1
1.9598 7.62075 0.949023
0.0292716 0.00370357 0.00730412
188
1
1.89737 7.61258 0.932771
0.0319435 0.00630588 0.00980858
189
1
1.83347 7.60007 0.912337
0.0320418 0.00820707 0.0111901
190
1
1.76789 7.58206 0.88847
0.031937 0.0112072 0.0118273
191
1
1.70105 7.55784 0.862207
0.033993 0.0149037 0.0129339
192
1
1.63289 7.52784 0.833698
0.0342345 0.0168579 0.0152746
193
1
1.5608 7.49098 0.800444
0.0357827 0.0204032 0.0194269
