194
0
1
0.90167 2.85659 1.31557
0.0333192 -0.0243481 -0.0216833
1
1
0.832769 2.90154 1.35612
0.0370834 -0.0227687 -0.0197172
2
1
0.75556 2.94336 1.39391
0.0408595 -0.0201279 -0.0178886
3
1
0.670822 2.98133 1.42863
0.0447378 -0.018226 -0.0161747
4
1
0.579095 3.01497 1.46006
0.0472354 -0.015703 -0.0146003
5
1
0.481723 3.04438 1.4877
0.0493136 -0.0139222 -0.013129
6
1
0.379666 3.06943 1.51065
0.0515607 -0.0118764 -0.0109428
7
1
0.274046 3.08927 1.52902
0.0533708 -0.00895282 -0.00846014
8
1
0.165632 3.10263 1.54221
0.0546514 -0.00505218 -0.0051699
9
1
0.0554034 3.10877 1.54897
0.0554308 -0.00131294 -0.00165123
10
1
-0.0554034 3.10877 1.54897
0.0554308 0.00131294 0.00165123
11
1
-0.165632 3.10263 1.54221
0.0546514 0.00505218 0.0051699
12
1
-0.274046 3.08927 1.52902
0.0533708 0.00895282 0.00846014
13
1
-0.379666 3.06943 1.51065
0.0515607 0.0118764 0.0109428
14
1
-0.481723 3.04438 1.4877
0.0493136 0.0139222 0.013129
15
1
-0.579095 3.01497 1.46006
0.0472354 0.015703 0.0146003
16
1
-0.670822 2.98133 1.42863
0.0447378 0.018226 0.0161747
17
1
-0.75556 2.94336 1.39391
0.0408595 0.0201279 0.0178886
18
1
-0.832769 2.90154 1.35612
0.0370834 0.0227687 0.0197172
19
1
-0.90167 2.85659 1.31557
0.0333192 0.0243481 0.0216833
20
1
-0.96251 2.81031 1.27339
0.0289487 0.0239336 0.0219593
21
1
-1.01645 2.76364 1.23023
0.0256354 0.0235975 0.0221002
22
1
-1.06438 2.71744 1.18669
0.0227952 0.0230267 0.0219616
23
1
-1.10713 2.67153 1.14302
0.0204756 0.0225157 0.0219276
24
1
-1.14494 2.62589 1.09972
0.0176554 0.0227576 0.0215065
25
1
-1.17771 2.5803 1.05648
0.014969 0.0231422 0.0215829
26
1
-1.20516 2.53419 1.01325
0.0123695 0.0232464 0.0215463
27
1
-1.2279 2.48767 0.970438
0.00983909 0.0235006 0.0211199
28
1
-1.24612 2.4411 0.927602
0.00753995 0.0238563 0.0211193
29
1
-1.26 2.39451 0.884667
0.0057319 0.0237831 0.021341
30
1
-1.27035 2.34801 0.841963
0.00445506 0.0233491 0.0212434
31
1
-1.27787 2.30192 0.799596
0.00309282 0.0228378 0.0211896
32
1
-1.28252 2.25641 0.757615
0.001408 0.0225433 0.0212049
33
1
-1.28407 2.21091 0.71666
-4.44602e-005 0.0227472 0.0205277
34
1
-1.28291 2.16464 0.677642
-0.000941316 0.0234067 0.0191035
35
1
-1.27955 2.11745 0.640967
-0.00167543 0.0239951 0.0176872
36
1
-1.27393 2.06972 0.606819
-0.00275872 0.0241417 0.0164693
37
1
-1.26543 2.02178 0.575597
-0.0042766 0.0240209 0.0149588
38
1
-1.25407 1.97358 0.54795
-0.00595307 0.0239173 0.0130089
39
1
-1.24059 1.9251 0.524093
-0.00747351 0.0238725 0.0110271
40
1
-1.22595 1.87662 0.503291
-0.00869718 0.0237339 0.00940167
41
1
-1.21045 1.82854 0.48442
-0.00959292 0.0234556 0.00818589
42
1
-1.19426 1.78106 0.466698
-0.0100934 0.0231849 0.00727821
43
1
-1.17783 1.73399 0.449899
-0.0100673 0.023112 0.00663857
44
1
-1.16239 1.68699 0.433678
-0.00938423 0.0232985 0.0063311
45
1
-1.14926 1.63998 0.417279
-0.00800219 0.0236571 0.00641561
46
1
-1.13932 1.59333 0.39957
-0.00599127 0.0239691 0.00690218
47
1
-1.13258 1.54762 0.379894
-0.00352269 0.0240297 0.00777002
48
1
-1.12873 1.50339 0.357905
-0.000875472 0.0236367 0.00898332
49
1
-1.12743 1.46098 0.333658
0.00160842 0.0227114 0.0105111
50
1
-1.12841 1.42088 0.307019
0.00355737 0.0211943 0.0122993
51
1
-1.13138 1.38374 0.277735
0.00475392 0.0191785 0.0143522
52
1
-1.13584 1.35038 0.245559
0.00503971 0.0166289 0.0165453
53
1
-1.14107 1.32159 0.210313
0.00456584 0.0136182 0.0187346
54
1
-1.14653 1.29794 0.172103
0.00370614 0.0103558 0.0206998
55
1
-1.15153 1.27968 0.131349
0.00284813 0.00712861 0.0221523
56
1
-1.15557 1.26677 0.0886804
0.00206883 0.00422665 0.0228518
57
1
-1.15805 1.25918 0.0446658
0.00114206 0.0018635 0.0228987
58
1
-1.15899 1.25675 -3.67132e-015
5.68279e-017 -6.09451e-017 0.022808
59
1
-1.15805 1.25918 -0.0446658
-0.00114206 -0.0018635 0.0228987
60
1
-1.15557 1.26677 -0.0886804
-0.00206883 -0.00422665 0.0228518
61
1
-1.15153 1.27968 -0.131349
-0.00284813 -0.00712861 0.0221523
62
1
-1.14653 1.29794 -0.172103
-0.00370614 -0.0103558 0.0206998
63
1
-1.14107 1.32159 -0.210313
-0.00456584 -0.0136182 0.0187346
64
1
-1.13584 1.35038 -0.245559
-0.00503971 -0.0166289 0.0165453
65
1
-1.13138 1.38374 -0.277735
-0.00475392 -0.0191785 0.0143522
66
1
-1.12841 1.42088 -0.307019
-0.00355737 -0.0211943 0.0122993
67
1
-1.12743 1.46098 -0.333658
-0.00160842 -0.0227114 0.0105111
68
1
-1.12873 1.50339 -0.357905
0.000875472 -0.0236367 0.00898332
69
1
-1.13258 1.54762 -0.379894
0.00352269 -0.0240297 0.00777002
70
1
-1.13932 1.59333 -0.39957
0.00599127 -0.0239691 0.00690218
71
1
-1.14926 1.63998 -0.417279
0.00800219 -0.0236571 0.00641561
72
1
-1.16239 1.68699 -0.433678
0.00938423 -0.0232985 0.0063311
73
1
-1.17783 1.73399 -0.449899
0.0100673 -0.023112 0.00663857
74
1
-1.19426 1.78106 -0.466698
0.0100934 -0.0231849 0.00727821
75
1
-1.21045 1.82854 -0.48442
0.00959292 -0.0234556 0.00818589
76
1
-1.22595 1.87662 -0.503291
0.00869718 -0.0237339 0.00940167
77
1
-1.24059 1.9251 -0.524093
0.00747351 -0.0238725 0.0110271
78
1
-1.25407 1.97358 -0.54795
0.00595307 -0.0239173 0.0130089
79
1
-1.26543 2.02178 -0.575597
0.0042766 -0.0240209 0.0149588
80
1
-1.27393 2.06972 -0.606819
0.00275872 -0.0241417 0.0164693
81
1
-1.27955 2.11745 -0.640967
0.00167543 -0.0239951 0.0176872
82
1
-1.28291 2.16464 -0.677642
0.000941316 -0.0234067 0.0191035
83
1
-1.28407 2.21091 -0.71666
4.44602e-005 -0.0227472 0.0205277
84
1
-1.28252 2.25641 -0.757615
-0.001408 -0.0225433 0.0212049
85
1
-1.27787 2.30192 -0.799596
-0.00309282 -0.0228378 0.0211896
86
1
-1.27035 2.34801 -0.841963
-0.00445506 -0.0233491 0.0212434
87
1
-1.26 2.39451 -0.884667
-0.0057319 -0.0237831 0.021341
88
1
-1.24612 2.4411 -0.927602
-0.00753995 -0.0238563 0.0211193
89
1
-1.2279 2.48767 -0.970438
-0.00983909 -0.0235006 0.0211199
90
1
-1.20516 2.53419 -1.01325
-0.0123695 -0.0232464 0.0215463
91
1
-1.17771 2.5803 -1.05648
-0.014969 -0.0231422 0.0215829
92
1
-1.14494 2.62589 -1.09972
-0.0176554 -0.0227576 0.0215065
93
1
-1.10713 2.67153 -1.14302
-0.0204756 -0.0225157 0.0219276
94
1
-1.06438 2.71744 -1.18669
-0.0227952 -0.0230267 0.0219616
95
1
-1.01645 2.76364 -1.23023
-0.0256354 -0.0235975 0.0221002
96
1
-0.96251 2.81031 -1.27339
-0.0289487 -0.0239336 0.0219593
97
1
-0.90167 2.85659 -1.31557
-0.0333192 -0.0243481 0.0216833
98
1
-0.832769 2.90154 -1.35612
-0.0370834 -0.0227687 0.0197172
99
1
-0.75556 2.94336 -1.39391
-0.0408595 -0.0201279 0.0178886
100
1
-0.670822 2.98133 -1.42863
-0.0447378 -0.018226 0.0161747
101
1
-0.579095 3.01497 -1.46006
-0.0472354 -0.015703 0.0146003
102
1
-0.481723 3.04438 -1.4877
-0.0493136 -0.0139222 0.013129
103
1
-0.379666 3.06943 -1.51065
-0.0515607 -0.0118764 0.0109428
104
1
-0.274046 3.08927 -1.52902
-0.0533708 -0.00895282 0.00846014
105
1
-0.165632 3.10263 -1.54221
-0.0546514 -0.00505218 0.0051699
106
1
-0.0554034 3.10877 -1.54897
-0.0554308 -0.00131294 0.00165123
107
1
0.0554034 3.10877 -1.54897
-0.0554308 0.00131294 -0.00165123
108
1
0.165632 3.10263 -1.54221
-0.0546514 0.00505218 -0.0051699
109
1
0.274046 3.08927 -1.52902
-0.0533708 0.00895282 -0.00846014
110
1
0.379666 3.06943 -1.51065
-0.0515607 0.0118764 -0.0109428
111
1
0.481723 3.04438 -1.4877
-0.0493136 0.0139222 -0.013129
112
1
0.579095 3.01497 -1.46006
-0.0472354 0.015703 -0.0146003
113
1
0.670822 2.98133 -1.42863
-0.0447378 0.018226 -0.0161747
114
1
0.75556 2.94336 -1.39391
-0.0408595 0.0201279 -0.0178886
115
1
0.832769 2.90154 -1.35612
-0.0370834 0.0227687 -0.0197172
116
1
0.90167 2.85659 -1.31557
-0.0333192 0.0243481 -0.0216833
117
1
0.96251 2.81031 -1.27339
-0.0289487 0.0239336 -0.0219593
118
1
1.01645 2.76364 -1.23023
-0.0256354 0.0235975 -0.0221002
119
1
1.06438 2.71744 -1.18669
-0.0227952 0.0230267 -0.0219616
120
1
1.10713 2.67153 -1.14302
-0.0204756 0.0225157 -0.0219276
121
1
1.14494 2.62589 -1.09972
-0.0176554 0.0227576 -0.0215065
122
1
1.17771 2.5803 -1.05648
-0.014969 0.0231422 -0.0215829
123
1
1.20516 2.53419 -1.01325
-0.0123695 0.0232464 -0.0215463
124
1
1.2279 2.48767 -0.970438
-0.00983909 0.0235006 -0.0211199
125
1
1.24612 2.4411 -0.927602
-0.00753995 0.0238563 -0.0211193
126
1
1.26 2.39451 -0.884667
-0.0057319 0.0237831 -0.021341
127
1
1.27035 2.34801 -0.841963
-0.00445506 0.0233491 -0.0212434
128
1
1.27787 2.30192 -0.799596
-0.00309282 0.0228378 -0.0211896
129
1
1.28252 2.25641 -0.757615
-0.001408 0.0225433 -0.0212049
130
1
1.28407 2.21091 -0.71666
4.44602e-005 0.0227472 -0.0205277
131
1
1.28291 2.16464 -0.677642
0.000941316 0.0234067 -0.0191035
132
1
1.27955 2.11745 -0.640967
0.00167543 0.0239951 -0.0176872
133
1
1.27393 2.06972 -0.606819
0.00275872 0.0241417 -0.0164693
134
1
1.26543 2.02178 -0.575597
0.0042766 0.0240209 -0.0149588
135
1
1.25407 1.97358 -0.54795
0.00595307 0.0239173 -0.0130089
136
1
1.24059 1.9251 -0.524093
0.00747351 0.0238725 -0.0110271
137
1
1.22595 1.87662 -0.503291
0.00869718 0.0237339 -0.00940167
138
1
1.21045 1.82854 -0.48442
0.00959292 0.0234556 -0.00818589
139
1
1.19426 1.78106 -0.466698
0.0100934 0.0231849 -0.00727821
140
1
1.17783 1.73399 -0.449899
0.0100673 0.023112 -0.00663857
141
1
1.16239 1.68699 -0.433678
0.00938423 0.0232985 -0.0063311
142
1
1.14926 1.63998 -0.417279
0.00800219 0.0236571 -0.00641561
143
1
1.13932 1.59333 -0.39957
0.00599127 0.0239691 -0.00690218
144
1
1.13258 1.54762 -0.379894
0.00352269 0.0240297 -0.00777002
145
1
1.12873 1.50339 -0.357905
0.000875472 0.0236367 -0.00898332
146
1
1.12743 1.46098 -0.333658
-0.00160842 0.0227114 -0.0105111
147
1
1.12841 1.42088 -0.307019
-0.00355737 0.0211943 -0.0122993
148
1
1.13138 1.38374 -0.277735
-0.00475392 0.0191785 -0.0143522
149
1
1.13584 1.35038 -0.245559
-0.00503971 0.0166289 -0.0165453
150
1
1.14107 1.32159 -0.210313
-0.00456584 0.0136182 -0.0187346
151
1
1.14653 1.29794 -0.172103
-0.00370614 0.0103558 -0.0206998
152
1
1.15153 1.27968 -0.131349
-0.00284813 0.00712861 -0.0221523
153
1
1.15557 1.26677 -0.0886804
-0.00206883 0.00422665 -0.0228518
154
1
1.15805 1.25918 -0.0446658
-0.00114206 0.0018635 -0.0228987
155
1
1.15899 1.25675 -2.65047e-015
2.09537e-017 1.01196e-016 -0.022808
156
1
1.15805 1.25918 0.0446658
0.00114206 -0.0018635 -0.0228987
157
1
1.15557 1.26677 0.0886804
0.00206883 -0.00422665 -0.0228518
158
1
1.15153 1.27968 0.131349
0.00284813 -0.00712861 -0.0221523
159
1
1.14653 1.29794 0.172103
0.00370614 -0.0103558 -0.0206998
160
1
1.14107 1.32159 0.210313
0.00456584 -0.0136182 -0.0187346
161
1
1.13584 1.35038 0.245559
0.00503971 -0.0166289 -0.0165453
162
1
1.13138 1.38374 0.277735
0.00475392 -0.0191785 -0.0143522
163
1
1.12841 1.42088 0.307019
0.00355737 -0.0211943 -0.0122993
164
1
1.12743 1.46098 0.333658
0.00160842 -0.0227114 -0.0105111
165
1
1.12873 1.50339 0.357905
-0.000875472 -0.0236367 -0.00898332
166
1
1.13258 1.54762 0.379894
-0.00352269 -0.0240297 -0.00777002
167
1
1.13932 1.59333 0.39957
-0.00599127 -0.0239691 -0.00690218
168
1
1.14926 1.63998 0.417279
-0.00800219 -0.0236571 -0.00641561
169
1
1.16239 1.68699 0.433678
-0.00938423 -0.0232985 -0.0063311
170
1
1.17783 1.73399 0.449899
-0.0100673 -0.023112 -0.00663857
171
1
1.19426 1.78106 0.466698
-0.0100934 -0.0231849 -0.00727821
172
1
1.21045 1.82854 0.48442
-0.00959292 -0.0234556 -0.00818589
173
1
1.22595 1.87662 0.503291
-0.00869718 -0.0237339 -0.00940167
174
1
1.24059 1.9251 0.524093
-0.00747351 -0.0238725 -0.0110271
175
1
1.25407 1.97358 0.54795
-0.00595307 -0.0239173 -0.0130089
176
1
1.26543 2.02178 0.575597
-0.0042766 -0.0240209 -0.0149588
177
1
1.27393 2.06972 0.606819
-0.00275872 -0.0241417 -0.0164693
178
1
1.27955 2.11745 0.640967
-0.00167543 -0.0239951 -0.0176872
179
1
1.28291 2.16464 0.677642
-0.000941316 -0.0234067 -0.0191035
180
1
1.28407 2.21091 0.71666
-4.44602e-005 -0.0227472 -0.0205277
181
1
1.28252 2.25641 0.757615
0.001408 -0.0225433 -0.0212049
182
1
1.27787 2.30192 0.799596
0.00309282 -0.0228378 -0.0211896
183
1
1.27035 2.34801 0.841963
0.00445506 -0.0233491 -0.0212434
184
1
1.26 2.39451 0.884667
0.0057319 -0.0237831 -0.021341
185
1
1.24612 2.4411 0.927602
0.00753995 -0.0238563 -0.0211193
186
1
1.2279 2.48767 0.970438
0.00983909 -0.0235006 -0.0211199
187
1
1.20516 2.53419 1.01325
0.0123695 -0.0232464 -0.0215463
188
1
1.17771 2.5803 1.05648
0.014969 -0.0231422 -0.0215829
189
1
1.14494 2.62589 1.09972
0.0176554 -0.0227576 -0.0215065
190
1
1.10713 2.67153 1.14302
0.0204756 -0.0225157 -0.0219276
191
1
1.06438 2.71744 1.18669
0.0227952 -0.0230267 -0.0219616
192
1
1.01645 2.76364 1.23023
0.0256354 -0.0235975 -0.0221002
193
1
0.96251 2.81031 1.27339
0.0289487 -0.0239336 -0.0219593
