194
0
1
0.630804 10.1623 1.30087
0.00701591 0.0455697 -0.0279067
1
1
0.609502 10.0815 1.34972
0.00988269 0.0360181 -0.0227273
2
1
0.577276 9.99792 1.3899
0.0175421 0.0435306 -0.0163644
3
1
0.526163 9.90836 1.4199
0.032217 0.0509487 -0.0122111
4
1
0.455942 9.83135 1.43618
0.0413586 0.0302966 -0.0024376
5
1
0.36526 9.77336 1.43697
0.0468191 0.0183231 0.00375274
6
1
0.254593 9.71077 1.41352
0.0508917 0.025414 0.0248111
7
1
0.114179 9.58979 1.3599
0.0345508 0.0548558 0.0138562
8
1
0.129081 6.39223 0.0601763
-0.0466243 -0.0074861 -0.00746658
9
1
0.569289 12.5 0.0687485
0.0181635 0.0538191 0.00810388
10
1
-0.569287 12.5 0.0687562
0.0181607 -0.0538188 -0.00809667
11
1
-0.128963 6.39215 0.0599193
-0.0466255 0.00751328 0.00755596
12
1
-0.114178 9.58979 1.3599
0.0345507 -0.0548557 -0.0138562
13
1
-0.254592 9.71076 1.41352
0.0508917 -0.025414 -0.024811
14
1
-0.36526 9.77336 1.43697
0.0468191 -0.0183231 -0.00375271
15
1
-0.455941 9.83135 1.43618
0.0413586 -0.0302966 0.00243763
16
1
-0.526162 9.90836 1.4199
0.032217 -0.0509487 0.0122111
17
1
-0.577275 9.99792 1.3899
0.0175421 -0.0435306 0.0163644
18
1
-0.609502 10.0815 1.34972
0.00988269 -0.0360182 0.0227273
19
1
-0.630804 10.1623 1.30087
0.00701591 -0.0455697 0.0279067
20
1
-0.647442 10.2405 1.24701
0.00440625 -0.0399674 0.0322019
21
1
-0.663975 10.3167 1.1892
0.00664437 -0.0312664 0.0272419
22
1
-0.677093 10.3918 1.13427
0.00996798 -0.0417727 0.0297826
23
1
-0.683643 10.4664 1.0833
0.00330466 -0.0380741 0.0268502
24
1
-0.682671 10.5324 1.03895
-0.00420514 -0.0238855 0.0167522
25
1
-0.678742 10.5901 1.00077
-0.00455168 -0.0261991 0.0177386
26
1
-0.673324 10.645 0.965264
-0.00289736 -0.0285762 0.0176626
27
1
-0.665527 10.6986 0.933403
-0.00452057 -0.0257879 0.0135669
28
1
-0.654354 10.7517 0.906369
-0.00766749 -0.0235138 0.0104807
29
1
-0.641491 10.8047 0.881945
-0.00952673 -0.0248337 0.0120545
30
1
-0.629545 10.8552 0.859022
-0.00708629 -0.0224196 0.00944971
31
1
-0.619789 10.9043 0.837438
-0.00382134 -0.0220471 0.0092732
32
1
-0.614557 10.9544 0.816858
-0.00251391 -0.0255576 0.0124453
33
1
-0.614659 11.0035 0.797719
-0.000667844 -0.0270089 0.0114987
34
1
-0.619843 11.0506 0.780226
0.00351852 -0.0254821 0.00856965
35
1
-0.629315 11.0972 0.765211
0.00595368 -0.0232678 0.00717796
36
1
-0.642611 11.1415 0.752961
0.0063371 -0.0214102 0.00390974
37
1
-0.659224 11.1836 0.744548
0.00900918 -0.0213625 0.000938831
38
1
-0.679739 11.2239 0.738084
0.0119591 -0.0189844 0.000912262
39
1
-0.70391 11.261 0.73125
0.0115973 -0.0142832 0.00203911
40
1
-0.72995 11.2944 0.72309
0.0132059 -0.013509 0.00274695
41
1
-0.758114 11.3258 0.713309
0.017598 -0.0146557 0.00391462
42
1
-0.789408 11.3556 0.701093
0.0174282 -0.0135593 0.00516511
43
1
-0.822474 11.3839 0.686704
0.0155756 -0.0129661 0.00608012
44
1
-0.856723 11.4114 0.669228
0.0181521 -0.014665 0.0084885
45
1
-0.892392 11.4391 0.647264
0.021478 -0.0143798 0.0138173
46
1
-0.929295 11.4658 0.619514
0.0190633 -0.0113622 0.0162757
47
1
-0.964913 11.491 0.585923
0.0177455 -0.0108058 0.0175498
48
1
-0.999735 11.5144 0.546086
0.0195334 -0.0109407 0.0242239
49
1
-1.03242 11.5354 0.502168
0.0179611 -0.00927803 0.0258352
50
1
-1.06244 11.5541 0.455587
0.0152358 -0.00831377 0.0229787
51
1
-1.08932 11.5724 0.405198
0.0139231 -0.0104966 0.0260176
52
1
-1.11195 11.5916 0.351698
0.0107144 -0.0127413 0.0305042
53
1
-1.13037 11.6106 0.295416
0.00846644 -0.0116295 0.0325525
54
1
-1.14434 11.6281 0.237119
0.00670399 -0.0103846 0.0330014
55
1
-1.15385 11.6434 0.177473
0.00242522 -0.00825033 0.032872
56
1
-1.15968 11.6553 0.11832
0.00152244 -0.00548999 0.03151
57
1
-1.16296 11.663 0.0584361
0.00121214 -0.00210297 0.0298577
58
1
-1.16421 11.6654 1.29045e-007
9.13302e-009 4.26727e-009 0.0292871
59
1
-1.16296 11.663 -0.0584359
-0.00121212 0.00210298 0.0298577
60
1
-1.15968 11.6553 -0.118319
-0.00152242 0.00549 0.03151
61
1
-1.15385 11.6434 -0.177473
-0.00242521 0.00825034 0.032872
62
1
-1.14434 11.6281 -0.237118
-0.00670398 0.0103846 0.0330014
63
1
-1.13037 11.6106 -0.295416
-0.00846643 0.0116295 0.0325525
64
1
-1.11195 11.5916 -0.351698
-0.0107144 0.0127413 0.0305042
65
1
-1.08932 11.5724 -0.405198
-0.0139231 0.0104966 0.0260176
66
1
-1.06244 11.5541 -0.455587
-0.0152358 0.00831378 0.0229787
67
1
-1.03242 11.5354 -0.502168
-0.0179611 0.00927804 0.0258352
68
1
-0.999735 11.5144 -0.546086
-0.0195334 0.0109407 0.024224
69
1
-0.964914 11.491 -0.585923
-0.0177455 0.0108058 0.0175498
70
1
-0.929295 11.4657 -0.619514
-0.0190633 0.0113622 0.0162757
71
1
-0.892392 11.4391 -0.647264
-0.021478 0.0143798 0.0138173
72
1
-0.856724 11.4114 -0.669228
-0.0181521 0.014665 0.00848851
73
1
-0.822474 11.3839 -0.686705
-0.0155756 0.0129661 0.00608013
74
1
-0.789408 11.3556 -0.701093
-0.0174282 0.0135593 0.00516511
75
1
-0.758114 11.3258 -0.713309
-0.017598 0.0146557 0.00391462
76
1
-0.72995 11.2944 -0.72309
-0.0132059 0.013509 0.00274696
77
1
-0.70391 11.261 -0.731251
-0.0115973 0.0142832 0.00203912
78
1
-0.679739 11.2239 -0.738084
-0.0119591 0.0189844 0.000912268
79
1
-0.659225 11.1836 -0.744548
-0.00900919 0.0213624 0.000938836
80
1
-0.642612 11.1415 -0.752961
-0.0063371 0.0214102 0.00390974
81
1
-0.629315 11.0972 -0.765211
-0.00595368 0.0232677 0.00717796
82
1
-0.619843 11.0506 -0.780226
-0.00351851 0.0254821 0.00856965
83
1
-0.614659 11.0035 -0.797719
0.000667847 0.0270089 0.0114987
84
1
-0.614557 10.9544 -0.816858
0.00251391 0.0255576 0.0124453
85
1
-0.619789 10.9043 -0.837438
0.00382134 0.0220471 0.0092732
86
1
-0.629545 10.8552 -0.859022
0.0070863 0.0224196 0.0094497
87
1
-0.641491 10.8047 -0.881945
0.00952674 0.0248337 0.0120545
88
1
-0.654355 10.7517 -0.906369
0.00766749 0.0235138 0.0104807
89
1
-0.665527 10.6986 -0.933403
0.00452057 0.0257879 0.0135669
90
1
-0.673324 10.645 -0.965264
0.00289737 0.0285761 0.0176626
91
1
-0.678742 10.5901 -1.00077
0.0045517 0.0261991 0.0177386
92
1
-0.682671 10.5324 -1.03895
0.00420515 0.0238855 0.0167522
93
1
-0.683643 10.4664 -1.0833
-0.00330465 0.0380741 0.0268502
94
1
-0.677093 10.3918 -1.13427
-0.00996796 0.0417727 0.0297826
95
1
-0.663976 10.3167 -1.1892
-0.00664436 0.0312664 0.0272419
96
1
-0.647442 10.2405 -1.24701
-0.00440624 0.0399674 0.0322019
97
1
-0.630804 10.1623 -1.30087
-0.00701591 0.0455697 0.0279067
98
1
-0.609502 10.0815 -1.34972
-0.00988269 0.0360181 0.0227273
99
1
-0.577276 9.99792 -1.3899
-0.0175421 0.0435306 0.0163644
100
1
-0.526163 9.90836 -1.4199
-0.032217 0.0509487 0.0122111
101
1
-0.455942 9.83135 -1.43618
-0.0413586 0.0302966 0.0024376
102
1
-0.36526 9.77336 -1.43697
-0.0468191 0.0183231 -0.00375274
103
1
-0.254593 9.71077 -1.41352
-0.0508917 0.025414 -0.0248111
104
1
-0.114179 9.58979 -1.3599
-0.0345508 0.0548558 -0.0138562
105
1
-0.12908 6.39223 -0.0601705
0.0466241 -0.00748616 0.00746739
106
1
-0.569289 12.5 -0.0687485
-0.0181635 0.0538191 -0.00810388
107
1
0.569287 12.5 -0.0687562
-0.0181607 -0.0538188 0.00809668
108
1
0.128962 6.39214 -0.0599135
0.0466254 0.00751333 -0.00755677
109
1
0.114178 9.58979 -1.3599
-0.0345507 -0.0548557 0.0138562
110
1
0.254592 9.71076 -1.41352
-0.0508917 -0.025414 0.024811
111
1
0.36526 9.77336 -1.43697
-0.0468191 -0.0183231 0.00375272
112
1
0.455941 9.83135 -1.43618
-0.0413586 -0.0302966 -0.00243763
113
1
0.526162 9.90836 -1.4199
-0.032217 -0.0509487 -0.0122111
114
1
0.577275 9.99792 -1.3899
-0.0175421 -0.0435306 -0.0163644
115
1
0.609502 10.0815 -1.34972
-0.00988269 -0.0360182 -0.0227273
116
1
0.630804 10.1623 -1.30087
-0.00701591 -0.0455697 -0.0279067
117
1
0.647442 10.2405 -1.24701
-0.00440625 -0.0399674 -0.0322019
118
1
0.663975 10.3167 -1.1892
-0.00664437 -0.0312664 -0.0272419
119
1
0.677093 10.3918 -1.13427
-0.00996798 -0.0417727 -0.0297826
120
1
0.683643 10.4664 -1.0833
-0.00330466 -0.0380741 -0.0268502
121
1
0.682671 10.5324 -1.03895
0.00420514 -0.0238855 -0.0167522
122
1
0.678742 10.5901 -1.00077
0.00455168 -0.0261991 -0.0177386
123
1
0.673324 10.645 -0.965264
0.00289736 -0.0285762 -0.0176626
124
1
0.665527 10.6986 -0.933403
0.00452057 -0.0257879 -0.0135669
125
1
0.654354 10.7517 -0.906369
0.00766749 -0.0235138 -0.0104807
126
1
0.641491 10.8047 -0.881945
0.00952673 -0.0248337 -0.0120545
127
1
0.629545 10.8552 -0.859022
0.00708629 -0.0224196 -0.00944971
128
1
0.619789 10.9043 -0.837438
0.00382134 -0.0220471 -0.0092732
129
1
0.614557 10.9544 -0.816858
0.00251391 -0.0255576 -0.0124453
130
1
0.614659 11.0035 -0.797719
0.000667844 -0.0270089 -0.0114987
131
1
0.619843 11.0506 -0.780226
-0.00351852 -0.0254821 -0.00856965
132
1
0.629315 11.0972 -0.765211
-0.00595368 -0.0232678 -0.00717796
133
1
0.642611 11.1415 -0.752961
-0.0063371 -0.0214102 -0.00390974
134
1
0.659224 11.1836 -0.744548
-0.00900918 -0.0213625 -0.000938832
135
1
0.679739 11.2239 -0.738084
-0.0119591 -0.0189844 -0.000912262
136
1
0.70391 11.261 -0.73125
-0.0115973 -0.0142832 -0.00203912
137
1
0.72995 11.2944 -0.72309
-0.0132059 -0.013509 -0.00274695
138
1
0.758114 11.3258 -0.713309
-0.017598 -0.0146557 -0.00391462
139
1
0.789408 11.3556 -0.701093
-0.0174282 -0.0135593 -0.00516511
140
1
0.822474 11.3839 -0.686704
-0.0155756 -0.0129661 -0.00608012
141
1
0.856723 11.4114 -0.669228
-0.0181521 -0.014665 -0.0084885
142
1
0.892392 11.4391 -0.647264
-0.021478 -0.0143798 -0.0138173
143
1
0.929295 11.4658 -0.619514
-0.0190633 -0.0113622 -0.0162757
144
1
0.964913 11.491 -0.585923
-0.0177455 -0.0108058 -0.0175498
145
1
0.999735 11.5144 -0.546086
-0.0195334 -0.0109407 -0.0242239
146
1
1.03242 11.5354 -0.502168
-0.0179611 -0.00927803 -0.0258352
147
1
1.06244 11.5541 -0.455587
-0.0152358 -0.00831377 -0.0229787
148
1
1.08932 11.5724 -0.405198
-0.0139231 -0.0104966 -0.0260176
149
1
1.11195 11.5916 -0.351698
-0.0107144 -0.0127413 -0.0305042
150
1
1.13037 11.6106 -0.295416
-0.00846644 -0.0116295 -0.0325525
151
1
1.14434 11.6281 -0.237119
-0.00670399 -0.0103846 -0.0330014
152
1
1.15385 11.6434 -0.177473
-0.00242522 -0.00825033 -0.032872
153
1
1.15968 11.6553 -0.11832
-0.00152244 -0.00548999 -0.03151
154
1
1.16296 11.663 -0.0584361
-0.00121214 -0.00210297 -0.0298577
155
1
1.16421 11.6654 -1.27192e-007
-9.23719e-009 4.19954e-009 -0.0292871
156
1
1.16296 11.663 0.0584359
0.00121212 0.00210298 -0.0298577
157
1
1.15968 11.6553 0.118319
0.00152242 0.00549 -0.03151
158
1
1.15385 11.6434 0.177473
0.00242521 0.00825034 -0.032872
159
1
1.14434 11.6281 0.237118
0.00670398 0.0103846 -0.0330014
160
1
1.13037 11.6106 0.295416
0.00846643 0.0116295 -0.0325525
161
1
1.11195 11.5916 0.351698
0.0107144 0.0127413 -0.0305042
162
1
1.08932 11.5724 0.405198
0.0139231 0.0104966 -0.0260176
163
1
1.06244 11.5541 0.455587
0.0152358 0.00831378 -0.0229787
164
1
1.03242 11.5354 0.502168
0.0179611 0.00927804 -0.0258352
165
1
0.999735 11.5144 0.546086
0.0195334 0.0109407 -0.024224
166
1
0.964914 11.491 0.585923
0.0177455 0.0108058 -0.0175498
167
1
0.929295 11.4657 0.619514
0.0190633 0.0113622 -0.0162757
168
1
0.892392 11.4391 0.647264
0.021478 0.0143798 -0.0138173
169
1
0.856724 11.4114 0.669228
0.0181521 0.014665 -0.00848851
170
1
0.822474 11.3839 0.686704
0.0155756 0.0129661 -0.00608013
171
1
0.789408 11.3556 0.701093
0.0174282 0.0135593 -0.00516511
172
1
0.758114 11.3258 0.713309
0.017598 0.0146557 -0.00391462
173
1
0.72995 11.2944 0.72309
0.0132059 0.013509 -0.00274696
174
1
0.70391 11.261 0.731251
0.0115973 0.0142832 -0.00203912
175
1
0.679739 11.2239 0.738084
0.0119591 0.0189844 -0.000912267
176
1
0.659225 11.1836 0.744548
0.00900919 0.0213624 -0.000938836
177
1
0.642612 11.1415 0.752961
0.0063371 0.0214102 -0.00390974
178
1
0.629315 11.0972 0.765211
0.00595368 0.0232677 -0.00717796
179
1
0.619843 11.0506 0.780226
0.00351851 0.0254821 -0.00856965
180
1
0.614659 11.0035 0.797719
-0.000667847 0.0270089 -0.0114987
181
1
0.614557 10.9544 0.816858
-0.00251391 0.0255576 -0.0124453
182
1
0.619789 10.9043 0.837438
-0.00382134 0.0220471 -0.0092732
183
1
0.629545 10.8552 0.859022
-0.0070863 0.0224196 -0.0094497
184
1
0.641491 10.8047 0.881945
-0.00952674 0.0248337 -0.0120545
185
1
0.654355 10.7517 0.906369
-0.00766749 0.0235138 -0.0104807
186
1
0.665527 10.6986 0.933403
-0.00452057 0.0257879 -0.0135669
187
1
0.673324 10.645 0.965264
-0.00289737 0.0285761 -0.0176626
188
1
0.678742 10.5901 1.00077
-0.0045517 0.0261991 -0.0177386
189
1
0.682671 10.5324 1.03895
-0.00420515 0.0238855 -0.0167522
190
1
0.683643 10.4664 1.0833
0.00330465 0.0380741 -0.0268502
191
1
0.677093 10.3918 1.13427
0.00996796 0.0417727 -0.0297826
192
1
0.663976 10.3167 1.1892
0.00664436 0.0312664 -0.0272419
193
1
0.647442 10.2405 1.24701
0.00440624 0.0399674 -0.0322019
