194
0
1
0.872334 12.5873 2.9657
-0.00652808 0.0182125 -0.0211849
1
1
0.870547 12.5479 3.01591
0.0034154 0.0164444 -0.0190535
2
1
0.833957 12.4923 3.07893
0.0414642 0.030887 -0.0346316
3
1
0.767754 12.4434 3.13469
0.042823 0.0230391 -0.0261196
4
1
0.681422 12.4002 3.1841
0.0571064 0.0204608 -0.0203114
5
1
0.59929 12.3634 3.22577
0.0220382 0.00760182 -0.0110611
6
1
0.456162 12.3163 3.28629
0.0686964 0.0156358 -0.0295769
7
1
0.211321 12.2748 3.36675
0.0748794 0.00777595 -0.016161
8
1
0.785773 6.18007 0.0936897
0.0399359 -0.0304666 -0.00400668
9
1
0.784345 11.6805 0.554995
0.02257 0.0681953 0.0290185
10
1
-0.672368 11.7241 -0.544662
-0.00276742 -0.0100087 0.0772271
11
1
-0.796977 6.17534 0.015378
0.0380576 0.0302961 0.0138851
12
1
-0.209932 12.2746 3.36626
0.0747881 -0.00764962 0.0161824
13
1
-0.453697 12.3159 3.28611
0.0685546 -0.015352 0.0292269
14
1
-0.595758 12.3629 3.22711
0.0218215 -0.0075318 0.0107113
15
1
-0.676841 12.4003 3.18743
0.0565769 -0.0205627 0.0188569
16
1
-0.76175 12.445 3.14067
0.0421991 -0.0244986 0.0242364
17
1
-0.82568 12.495 3.0873
0.0404755 -0.0322464 0.0325219
18
1
-0.859015 12.5503 3.02638
0.00261433 -0.0157901 0.0186998
19
1
-0.858371 12.5882 2.97777
-0.00782155 -0.0166403 0.0206494
20
1
-0.84572 12.6321 2.92449
-0.026321 -0.0271838 0.0317167
21
1
-0.822963 12.678 2.86477
-0.00648096 -0.0180228 0.0231162
22
1
-0.792209 12.7241 2.78798
-0.0297961 -0.0280692 0.055506
23
1
-0.763495 12.7659 2.71391
-0.0168535 -0.02236 0.0286943
24
1
-0.745608 12.8014 2.65516
0.00146429 -0.0087116 0.00887756
25
1
-0.731545 12.8195 2.60285
-0.00400716 -0.0111811 0.0161724
26
1
-0.718835 12.84 2.5457
-0.00868701 -0.00352022 0.0335156
27
1
-0.715775 12.855 2.48804
0.00593976 -0.0121101 0.0517184
28
1
-0.710281 12.8671 2.42268
-0.000315956 -0.0111788 0.0384396
29
1
-0.700751 12.8733 2.3618
-0.00837965 -0.000518585 0.0266137
30
1
-0.688475 12.871 2.31033
-0.00724982 0.00728597 0.0172763
31
1
-0.675704 12.8642 2.26533
-0.0054393 0.00814468 0.0137245
32
1
-0.663521 12.8576 2.22036
-0.00510931 0.00450174 0.0115701
33
1
-0.65315 12.852 2.17425
-0.00265811 0.000913681 0.0272547
34
1
-0.642788 12.8485 2.12426
-0.0047802 -0.00129308 0.0299475
35
1
-0.629222 12.8459 2.06845
-0.00864067 0.00193322 0.0220505
36
1
-0.614077 12.8433 2.00816
-0.0113792 -0.000914979 0.0373153
37
1
-0.598454 12.839 1.94416
-0.00973113 0.0020178 0.0448044
38
1
-0.583559 12.8326 1.88079
-0.00419807 0.00760716 0.0283954
39
1
-0.569162 12.8277 1.82039
-0.00368532 0.00403447 0.0157965
40
1
-0.556184 12.8294 1.75892
-0.00987688 -0.00571415 0.0322192
41
1
-0.546629 12.8313 1.69524
-0.0128351 -0.0132125 0.0545384
42
1
-0.536483 12.8317 1.634
-0.000427839 -0.00420564 0.0519053
43
1
-0.53419 12.8311 1.57184
0.00758566 0.0142901 0.0485302
44
1
-0.533927 12.8212 1.51268
-0.00985096 0.00579543 0.0114992
45
1
-0.51504 12.8156 1.45113
0.0118708 -0.00746056 0.0392701
46
1
-0.489592 12.8175 1.39542
-0.0275278 0.0191007 0.0703508
47
1
-0.47379 12.8241 1.35526
-0.0462976 -0.0130378 0.0127209
48
1
-0.445654 12.84 1.30609
-0.0129832 -0.0261981 0.0176491
49
1
-0.424935 12.8572 1.25213
-0.0021928 0.00713628 0.0117631
50
1
-0.408581 12.8847 1.18889
-0.0070569 -0.0236375 0.0726731
51
1
-0.364477 12.8807 1.13167
0.0104033 -0.0163521 0.0240753
52
1
-0.341828 12.7973 1.09174
-0.0592063 -0.0146257 -0.0485031
53
1
-0.445787 12.7566 0.975399
0.0686875 -0.000452546 0.0367923
54
1
-0.486266 12.7462 0.920019
0.0421772 -0.0311895 0.0576207
55
1
-0.599496 12.6751 0.894355
-0.0126081 0.0139727 -0.00789507
56
1
0.327262 15.1724 1.39714
0.0169761 -0.0540824 0.0534114
57
1
-0.19759 13.5312 0.0132225
-0.042973 -0.0142512 -0.0144875
58
1
0.0180514 16.522 0.058013
0.0587183 0.0305274 -0.0119918
59
1
-0.197651 13.5378 -0.0437715
0.0457695 0.011855 -0.00971141
60
1
-0.435746 15.1532 -1.34358
0.0359861 -0.0260151 0.0640318
61
1
-0.502019 12.7148 -1.02012
0.00291163 -0.00939127 -0.0118588
62
1
-0.336179 12.6999 -1.01907
-0.0398896 0.0124077 0.0472334
63
1
-0.250362 12.7235 -1.07584
-0.071593 -0.0063495 0.0300993
64
1
-0.118128 12.8311 -1.15245
0.0640604 0.0175701 -0.0407358
65
1
-0.14966 12.9082 -1.14687
-0.0428934 0.0232226 0.0554107
66
1
-0.182675 12.9145 -1.21364
0.00309426 0.00651585 0.057443
67
1
-0.199316 12.8973 -1.27254
0.0214405 -0.00553748 0.0276381
68
1
-0.218249 12.8807 -1.34191
0.00328777 0.0251838 0.00530842
69
1
-0.262992 12.8696 -1.38416
0.0658675 0.0136094 0.024715
70
1
-0.299625 12.8558 -1.42725
0.0355409 -0.00771035 0.0507741
71
1
-0.340483 12.8526 -1.4883
0.00342423 0.0143581 0.0366291
72
1
-0.372805 12.8592 -1.56018
0.0221945 -0.0132864 0.0381518
73
1
-0.389837 12.8675 -1.62126
0.0086479 -0.016754 0.0548209
74
1
-0.41232 12.8697 -1.68548
0.0140153 0.0024266 0.0463165
75
1
-0.434702 12.8766 -1.7474
0.0196306 0.00460569 0.0405431
76
1
-0.456127 12.877 -1.80756
0.0120161 -0.00193426 0.0249809
77
1
-0.482591 12.8845 -1.86158
0.00745182 -0.00696045 0.0165413
78
1
-0.507928 12.8973 -1.91556
0.0110003 -0.00979179 0.025312
79
1
-0.534025 12.9069 -1.97213
0.0175342 -0.00305195 0.0346957
80
1
-0.561663 12.9114 -2.0282
0.0184043 0.00193116 0.0303003
81
1
-0.589052 12.9112 -2.08186
0.0147638 0.000923494 0.021939
82
1
-0.614172 12.9097 -2.13265
0.00994152 0.00368115 0.0265529
83
1
-0.634638 12.9099 -2.17958
0.00675267 0.000902295 0.0245052
84
1
-0.653611 12.9123 -2.22429
0.00780446 -0.00334129 0.0125518
85
1
-0.673429 12.9158 -2.26887
0.00822335 -0.00659711 0.0150564
86
1
-0.693163 12.9191 -2.31407
0.01055 -0.00528338 0.0184565
87
1
-0.712026 12.9176 -2.36517
0.0121001 0.00272487 0.0262347
88
1
-0.727446 12.9068 -2.42383
0.00302401 0.0124423 0.0347521
89
1
-0.737152 12.8901 -2.48719
-0.00404523 0.0152985 0.0483485
90
1
-0.743289 12.8705 -2.54495
0.00883431 0.00777592 0.0359659
91
1
-0.757232 12.8463 -2.60147
0.00475119 0.012526 0.0168204
92
1
-0.770865 12.8241 -2.65409
-0.000913373 0.0092625 0.00919612
93
1
-0.788198 12.7843 -2.71051
0.0153356 0.0239435 0.0268638
94
1
-0.814022 12.7362 -2.78057
0.0259269 0.030567 0.0495488
95
1
-0.841173 12.6847 -2.85247
0.00586836 0.0202657 0.0232511
96
1
-0.8616 12.6342 -2.91161
0.0243896 0.0302174 0.0326202
97
1
-0.87233 12.5873 -2.9657
0.00652823 0.0182124 0.021185
98
1
-0.870543 12.5479 -3.0159
-0.00341518 0.0164444 0.0190537
99
1
-0.833954 12.4923 -3.07892
-0.0414637 0.030887 0.0346324
100
1
-0.767751 12.4434 -3.13469
-0.0428227 0.0230392 0.0261203
101
1
-0.68142 12.4002 -3.1841
-0.0571062 0.0204611 0.0203119
102
1
-0.599288 12.3634 -3.22577
-0.0220381 0.00760192 0.0110613
103
1
-0.45616 12.3163 -3.28629
-0.0686963 0.015636 0.0295771
104
1
-0.211319 12.2748 -3.36675
-0.0748794 0.00777604 0.016161
105
1
-0.785917 6.18006 -0.0930571
-0.0399238 -0.0304622 0.00407878
106
1
-0.783873 11.6808 -0.555028
-0.0225153 0.0682187 -0.0290136
107
1
0.672846 11.7239 0.544778
0.00268035 -0.00997482 -0.0772345
108
1
0.797031 6.17533 -0.014724
-0.0380289 0.0302904 -0.0139528
109
1
0.209933 12.2746 -3.36626
-0.0747882 -0.00764974 -0.0161825
110
1
0.453698 12.3159 -3.28611
-0.0685546 -0.0153522 -0.0292272
111
1
0.595759 12.3629 -3.22711
-0.0218215 -0.0075319 -0.0107115
112
1
0.676842 12.4003 -3.18742
-0.0565768 -0.020563 -0.0188576
113
1
0.761751 12.445 -3.14066
-0.042199 -0.0244984 -0.0242372
114
1
0.825681 12.495 -3.08729
-0.0404752 -0.0322462 -0.0325229
115
1
0.859016 12.5503 -3.02637
-0.00261429 -0.0157902 -0.0187
116
1
0.858372 12.5882 -2.97776
0.00782146 -0.0166405 -0.0206495
117
1
0.84572 12.6321 -2.92448
0.0263209 -0.0271842 -0.0317169
118
1
0.822964 12.678 -2.86476
0.00648102 -0.0180231 -0.0231164
119
1
0.79221 12.7241 -2.78798
0.0297955 -0.0280694 -0.0555051
120
1
0.763496 12.7659 -2.7139
0.0168533 -0.0223602 -0.0286942
121
1
0.74561 12.8014 -2.65516
-0.00146417 -0.00871167 -0.00887781
122
1
0.731547 12.8195 -2.60284
0.00400719 -0.0111811 -0.0161726
123
1
0.718837 12.84 -2.5457
0.00868671 -0.00352043 -0.0335158
124
1
0.715777 12.855 -2.48803
-0.00593983 -0.0121102 -0.0517181
125
1
0.710284 12.8671 -2.42267
0.000316067 -0.011179 -0.0384396
126
1
0.700754 12.8733 -2.36179
0.00837989 -0.00051889 -0.026614
127
1
0.688478 12.871 -2.31032
0.00725003 0.00728569 -0.0172765
128
1
0.675706 12.8642 -2.26532
0.00543943 0.00814435 -0.0137246
129
1
0.663523 12.8576 -2.22035
0.00510939 0.00450137 -0.0115703
130
1
0.653151 12.852 -2.17424
0.00265828 0.000912963 -0.0272546
131
1
0.642789 12.8485 -2.12426
0.00478027 -0.00129381 -0.0299473
132
1
0.629223 12.8459 -2.06844
0.00864056 0.0019326 -0.02205
133
1
0.614078 12.8433 -2.00815
0.011379 -0.000916219 -0.0373149
134
1
0.598455 12.8391 -1.94415
0.00973099 0.00201599 -0.044804
135
1
0.583561 12.8326 -1.88078
0.004198 0.00760575 -0.0283951
136
1
0.569163 12.8277 -1.82039
0.00368512 0.00403348 -0.0157965
137
1
0.556184 12.8294 -1.75892
0.00987651 -0.00571721 -0.0322193
138
1
0.546628 12.8314 -1.69524
0.0128353 -0.0132186 -0.0545384
139
1
0.53648 12.8318 -1.634
0.00043007 -0.00421111 -0.0519029
140
1
0.534181 12.8311 -1.57183
-0.00757863 0.0142857 -0.0485218
141
1
0.533909 12.8212 -1.51269
0.00985583 0.00579423 -0.0114992
142
1
0.515022 12.8157 -1.45114
-0.0118615 -0.00746721 -0.0392575
143
1
0.489569 12.8176 -1.39542
0.027543 0.0190834 -0.0703495
144
1
0.473758 12.8242 -1.35526
0.0463118 -0.0130411 -0.0127319
145
1
0.445609 12.84 -1.30608
0.0129862 -0.0261917 -0.0176788
146
1
0.42489 12.8573 -1.25208
0.00218757 0.00712035 -0.0117658
147
1
0.408569 12.8847 -1.18875
0.00708391 -0.0236007 -0.0727599
148
1
0.364358 12.8809 -1.13158
-0.0104057 -0.0163704 -0.0240254
149
1
0.34164 12.7974 -1.09174
0.0591945 -0.0146837 0.0485
150
1
0.445731 12.7566 -0.975358
-0.0686885 -0.000455508 -0.0367903
151
1
0.486279 12.7462 -0.919876
-0.0422189 -0.0311857 -0.0575922
152
1
0.599459 12.675 -0.894224
0.0126822 0.0139799 0.00785833
153
1
-0.327216 15.1724 -1.3972
-0.0169969 -0.0540861 -0.0534015
154
1
0.197581 13.5312 -0.0132182
0.0429746 -0.0142517 0.0144869
155
1
-0.0180446 16.522 -0.0579761
-0.0587182 0.0305274 0.0119925
156
1
0.197644 13.5378 0.0437761
-0.0457688 0.0118544 0.00971173
157
1
0.435809 15.1532 1.34356
-0.0359678 -0.026018 -0.0640409
158
1
0.502025 12.7149 1.02007
-0.00289506 -0.00937315 0.0118561
159
1
0.336227 12.7 1.01903
0.0398486 0.0124017 -0.0471764
160
1
0.250424 12.7235 1.07578
0.0715901 -0.00634154 -0.030108
161
1
0.118157 12.8311 1.15239
-0.0640539 0.0175564 0.040752
162
1
0.149671 12.9082 1.14688
0.0428841 0.0231982 -0.0554256
163
1
0.182702 12.9145 1.21364
-0.00311334 0.00654545 -0.0574325
164
1
0.199339 12.8973 1.27254
-0.0214424 -0.00554116 -0.0276323
165
1
0.218266 12.8807 1.34191
-0.00328301 0.0251841 -0.00531423
166
1
0.263014 12.8696 1.38416
-0.0658478 0.0136048 -0.0247114
167
1
0.299644 12.8558 1.42724
-0.0355379 -0.00771462 -0.0507786
168
1
0.340497 12.8526 1.4883
-0.00342207 0.0143534 -0.0366324
169
1
0.372813 12.8592 1.56017
-0.0221912 -0.0132895 -0.0381497
170
1
0.389842 12.8675 1.62126
-0.00864702 -0.0167562 -0.054823
171
1
0.412324 12.8697 1.68549
-0.0140155 0.00242475 -0.0463182
172
1
0.434705 12.8766 1.74741
-0.019631 0.00460373 -0.0405445
173
1
0.45613 12.877 1.80757
-0.012016 -0.00193539 -0.0249814
174
1
0.482594 12.8845 1.86159
-0.00745147 -0.00696102 -0.0165414
175
1
0.50793 12.8973 1.91557
-0.0109997 -0.0097928 -0.0253119
176
1
0.534026 12.9069 1.97214
-0.0175337 -0.00305324 -0.0346952
177
1
0.561664 12.9114 2.02821
-0.0184044 0.0019302 -0.0303001
178
1
0.589054 12.9112 2.08187
-0.0147644 0.000923099 -0.0219396
179
1
0.614174 12.9097 2.13266
-0.0099418 0.00368054 -0.0265529
180
1
0.634641 12.9099 2.17959
-0.00675281 0.000901714 -0.0245052
181
1
0.653614 12.9123 2.2243
-0.00780461 -0.00334162 -0.0125519
182
1
0.673432 12.9158 2.26888
-0.00822346 -0.00659732 -0.0150564
183
1
0.693167 12.9191 2.31408
-0.01055 -0.00528347 -0.0184562
184
1
0.71203 12.9176 2.36518
-0.0121002 0.00272486 -0.0262342
185
1
0.72745 12.9068 2.42383
-0.00302414 0.0124424 -0.0347516
186
1
0.737156 12.8901 2.4872
0.00404493 0.0152991 -0.0483483
187
1
0.743294 12.8705 2.54496
-0.00883466 0.00777649 -0.0359661
188
1
0.757237 12.8463 2.60148
-0.0047512 0.0125263 -0.0168203
189
1
0.77087 12.8241 2.6541
0.000913469 0.00926253 -0.00919593
190
1
0.788204 12.7843 2.71052
-0.0153356 0.0239437 -0.0268636
191
1
0.814027 12.7362 2.78058
-0.025927 0.0305674 -0.0495489
192
1
0.841178 12.6847 2.85247
-0.00586818 0.0202658 -0.0232509
193
1
0.861605 12.6342 2.91161
-0.0243893 0.0302175 -0.03262
