194
0
1
1.03822 9.29012 0.577678
0.0537262 0.00586502 0.00930638
1
1
0.932729 9.27459 0.557143
0.0541432 0.00987986 0.00944093
2
1
0.819574 9.25069 0.533968
0.0593965 0.0132979 0.0109962
3
1
0.70156 9.22145 0.505956
0.0608562 0.0159437 0.0128346
4
1
0.57903 9.18374 0.469487
0.0594889 0.0230043 0.0179662
5
1
0.454165 9.13228 0.418731
0.0591065 0.0287572 0.0304104
6
1
0.324153 9.0522 0.352436
0.0476329 0.0426829 0.03294
7
1
0.165805 8.9186 0.266866
0.0477553 0.0534577 0.0213641
8
1
0.337868 6.07742 0.0580537
-0.023869 -0.0418163 -0.00956224
9
1
0.104681 12.9567 0.0643711
0.0466501 -0.0360523 -4.40691e-005
10
1
-0.104681 12.9567 0.0643711
0.0466501 0.0360522 4.40886e-005
11
1
-0.337866 6.07743 0.0580703
-0.0238708 0.0418126 0.00955174
12
1
-0.165805 8.9186 0.266866
0.0477553 -0.0534577 -0.0213641
13
1
-0.324153 9.0522 0.352436
0.0476329 -0.0426829 -0.03294
14
1
-0.454165 9.13228 0.418731
0.0591065 -0.0287572 -0.0304104
15
1
-0.57903 9.18374 0.469487
0.0594889 -0.0230043 -0.0179662
16
1
-0.70156 9.22145 0.505956
0.0608562 -0.0159437 -0.0128346
17
1
-0.819573 9.25069 0.533968
0.0593965 -0.0132979 -0.0109962
18
1
-0.932729 9.27459 0.557143
0.0541432 -0.00987986 -0.00944093
19
1
-1.03822 9.29012 0.577678
0.0537262 -0.00586502 -0.00930638
20
1
-1.13332 9.29802 0.598668
0.0444897 -0.00072274 -0.0106086
21
1
-1.21883 9.30168 0.62159
0.039355 0.000964019 -0.0106468
22
1
-1.29502 9.304 0.647023
0.0369411 0.00151332 -0.0138209
23
1
-1.36567 9.30684 0.676285
0.0324853 -0.00025345 -0.0158872
24
1
-1.4307 9.31161 0.708601
0.0305145 -0.0035019 -0.0169821
25
1
-1.49008 9.31961 0.742056
0.0283677 -0.0049404 -0.0180648
26
1
-1.54423 9.33166 0.77479
0.0233127 -0.005479 -0.0161888
27
1
-1.59371 9.34805 0.804657
0.0216232 -0.0081169 -0.0142886
28
1
-1.64182 9.36838 0.829473
0.0233025 -0.0119457 -0.0129216
29
1
-1.69054 9.39249 0.848115
0.0240641 -0.014041 -0.00934598
30
1
-1.73935 9.41874 0.859781
0.0240086 -0.0141838 -0.00497989
31
1
-1.78768 9.446 0.864772
0.0239081 -0.014481 -0.000480192
32
1
-1.83501 9.4737 0.864322
0.0228564 -0.0147834 0.00197405
33
1
-1.88103 9.50166 0.85983
0.0223044 -0.0147325 0.00346482
34
1
-1.92637 9.52994 0.851734
0.0233695 -0.0148711 0.006886
35
1
-1.97105 9.55848 0.840615
0.0225467 -0.0142415 0.00843931
36
1
-2.01418 9.58634 0.826957
0.0202101 -0.0129791 0.00709195
37
1
-2.05535 9.61455 0.810976
0.0203803 -0.0136506 0.00886115
38
1
-2.09412 9.64466 0.792245
0.0195124 -0.0151965 0.0107049
39
1
-2.12995 9.67663 0.772053
0.016478 -0.0149714 0.00830073
40
1
-2.16281 9.71015 0.75264
0.0169729 -0.0157331 0.00822647
41
1
-2.19359 9.74455 0.733536
0.0168067 -0.017881 0.0107316
42
1
-2.22099 9.7797 0.713159
0.0117586 -0.0182306 0.0103633
43
1
-2.2443 9.81562 0.691463
0.00888654 -0.0181025 0.00883006
44
1
-2.26407 9.85259 0.667902
0.00836177 -0.0189835 0.0108081
45
1
-2.28123 9.89075 0.640819
0.0063925 -0.0202899 0.016081
46
1
-2.29685 9.92911 0.60896
0.00491962 -0.0203341 0.0171904
47
1
-2.31085 9.96676 0.572067
0.00590822 -0.0188312 0.0176384
48
1
-2.32494 10.0032 0.530111
0.00785298 -0.0187429 0.0249695
49
1
-2.33891 10.0368 0.484475
0.00858321 -0.0167962 0.0278419
50
1
-2.35254 10.0678 0.436553
0.006703 -0.0142239 0.0248137
51
1
-2.36568 10.0975 0.38588
0.00589053 -0.0144799 0.0260716
52
1
-2.37801 10.1255 0.333337
0.00798632 -0.0158789 0.0291308
53
1
-2.38903 10.1514 0.278547
0.00694835 -0.0156804 0.0318627
54
1
-2.39776 10.1741 0.222377
0.00311421 -0.0123564 0.0317499
55
1
-2.4036 10.1921 0.165993
0.00159048 -0.00935759 0.0303006
56
1
-2.4071 10.2053 0.110249
0.00179257 -0.00654981 0.0288362
57
1
-2.40979 10.2135 0.0544206
0.00054521 -0.00356409 0.0276756
58
1
-2.41109 10.2163 -4.39351e-010
-7.37856e-011 2.14586e-010 0.0272559
59
1
-2.40979 10.2135 -0.0544206
-0.00054521 0.00356409 0.0276756
60
1
-2.4071 10.2053 -0.110249
-0.00179257 0.00654981 0.0288362
61
1
-2.4036 10.1921 -0.165993
-0.00159048 0.00935759 0.0303006
62
1
-2.39776 10.1741 -0.222377
-0.00311421 0.0123564 0.0317499
63
1
-2.38903 10.1514 -0.278547
-0.00694835 0.0156804 0.0318627
64
1
-2.37801 10.1255 -0.333337
-0.00798632 0.0158789 0.0291308
65
1
-2.36568 10.0975 -0.38588
-0.00589053 0.0144799 0.0260716
66
1
-2.35254 10.0678 -0.436553
-0.006703 0.0142239 0.0248137
67
1
-2.33891 10.0368 -0.484475
-0.00858321 0.0167962 0.0278419
68
1
-2.32494 10.0032 -0.530111
-0.00785298 0.0187429 0.0249695
69
1
-2.31085 9.96676 -0.572067
-0.00590822 0.0188312 0.0176384
70
1
-2.29685 9.92911 -0.60896
-0.00491962 0.0203341 0.0171904
71
1
-2.28123 9.89075 -0.640819
-0.0063925 0.0202899 0.016081
72
1
-2.26407 9.85259 -0.667902
-0.00836177 0.0189835 0.0108081
73
1
-2.2443 9.81562 -0.691463
-0.00888654 0.0181025 0.00883006
74
1
-2.22099 9.7797 -0.713159
-0.0117586 0.0182306 0.0103633
75
1
-2.19359 9.74455 -0.733536
-0.0168067 0.017881 0.0107316
76
1
-2.16281 9.71015 -0.75264
-0.0169729 0.0157331 0.00822647
77
1
-2.12995 9.67663 -0.772053
-0.016478 0.0149714 0.00830073
78
1
-2.09412 9.64466 -0.792245
-0.0195124 0.0151965 0.0107049
79
1
-2.05535 9.61455 -0.810976
-0.0203803 0.0136506 0.00886115
80
1
-2.01418 9.58634 -0.826957
-0.0202101 0.0129791 0.00709195
81
1
-1.97105 9.55848 -0.840615
-0.0225467 0.0142415 0.00843931
82
1
-1.92637 9.52994 -0.851734
-0.0233695 0.0148711 0.006886
83
1
-1.88103 9.50166 -0.85983
-0.0223044 0.0147325 0.00346482
84
1
-1.83501 9.4737 -0.864322
-0.0228564 0.0147834 0.00197405
85
1
-1.78768 9.446 -0.864772
-0.0239081 0.014481 -0.000480192
86
1
-1.73935 9.41874 -0.859781
-0.0240086 0.0141838 -0.00497989
87
1
-1.69054 9.39249 -0.848115
-0.0240641 0.014041 -0.00934598
88
1
-1.64182 9.36838 -0.829473
-0.0233025 0.0119457 -0.0129216
89
1
-1.59371 9.34805 -0.804657
-0.0216232 0.00811691 -0.0142886
90
1
-1.54423 9.33166 -0.77479
-0.0233127 0.005479 -0.0161888
91
1
-1.49008 9.31961 -0.742056
-0.0283677 0.0049404 -0.0180648
92
1
-1.4307 9.31161 -0.708601
-0.0305145 0.0035019 -0.0169821
93
1
-1.36567 9.30684 -0.676285
-0.0324853 0.00025345 -0.0158872
94
1
-1.29502 9.304 -0.647023
-0.0369411 -0.00151332 -0.0138209
95
1
-1.21883 9.30168 -0.62159
-0.039355 -0.000964018 -0.0106468
96
1
-1.13332 9.29802 -0.598668
-0.0444897 0.00072274 -0.0106086
97
1
-1.03822 9.29012 -0.577678
-0.0537262 0.00586502 -0.00930638
98
1
-0.932729 9.27459 -0.557143
-0.0541432 0.00987986 -0.00944093
99
1
-0.819574 9.25069 -0.533968
-0.0593965 0.0132979 -0.0109962
100
1
-0.70156 9.22145 -0.505956
-0.0608562 0.0159437 -0.0128346
101
1
-0.57903 9.18374 -0.469487
-0.0594889 0.0230043 -0.0179662
102
1
-0.454165 9.13228 -0.418731
-0.0591065 0.0287572 -0.0304104
103
1
-0.324153 9.0522 -0.352436
-0.0476329 0.0426829 -0.03294
104
1
-0.165805 8.9186 -0.266866
-0.0477553 0.0534577 -0.0213641
105
1
-0.337868 6.07742 -0.0580513
0.0238689 -0.0418162 0.00956243
106
1
-0.104681 12.9567 -0.0643711
-0.0466501 -0.0360523 4.4069e-005
107
1
0.104681 12.9567 -0.0643711
-0.0466501 0.0360522 -4.40885e-005
108
1
0.337866 6.07743 -0.0580678
0.0238708 0.0418125 -0.00955193
109
1
0.165805 8.9186 -0.266866
-0.0477553 -0.0534577 0.0213641
110
1
0.324153 9.0522 -0.352436
-0.0476329 -0.0426829 0.03294
111
1
0.454165 9.13228 -0.418731
-0.0591065 -0.0287572 0.0304104
112
1
0.57903 9.18374 -0.469487
-0.0594889 -0.0230043 0.0179662
113
1
0.70156 9.22145 -0.505956
-0.0608562 -0.0159437 0.0128346
114
1
0.819573 9.25069 -0.533968
-0.0593965 -0.0132979 0.0109962
115
1
0.932729 9.27459 -0.557143
-0.0541432 -0.00987986 0.00944093
116
1
1.03822 9.29012 -0.577678
-0.0537262 -0.00586502 0.00930638
117
1
1.13332 9.29802 -0.598668
-0.0444897 -0.00072274 0.0106086
118
1
1.21883 9.30168 -0.62159
-0.039355 0.000964018 0.0106468
119
1
1.29502 9.304 -0.647023
-0.0369411 0.00151332 0.0138209
120
1
1.36567 9.30684 -0.676285
-0.0324853 -0.00025345 0.0158872
121
1
1.4307 9.31161 -0.708601
-0.0305145 -0.0035019 0.0169821
122
1
1.49008 9.31961 -0.742056
-0.0283677 -0.0049404 0.0180648
123
1
1.54423 9.33166 -0.77479
-0.0233127 -0.005479 0.0161888
124
1
1.59371 9.34805 -0.804657
-0.0216232 -0.00811691 0.0142886
125
1
1.64182 9.36838 -0.829473
-0.0233025 -0.0119457 0.0129216
126
1
1.69054 9.39249 -0.848115
-0.0240641 -0.014041 0.00934598
127
1
1.73935 9.41874 -0.859781
-0.0240086 -0.0141838 0.00497989
128
1
1.78768 9.446 -0.864772
-0.0239081 -0.014481 0.000480192
129
1
1.83501 9.4737 -0.864322
-0.0228564 -0.0147834 -0.00197405
130
1
1.88103 9.50166 -0.85983
-0.0223044 -0.0147325 -0.00346482
131
1
1.92637 9.52994 -0.851734
-0.0233695 -0.0148711 -0.006886
132
1
1.97105 9.55848 -0.840615
-0.0225467 -0.0142415 -0.00843931
133
1
2.01418 9.58634 -0.826957
-0.0202101 -0.0129791 -0.00709195
134
1
2.05535 9.61455 -0.810976
-0.0203803 -0.0136506 -0.00886115
135
1
2.09412 9.64466 -0.792245
-0.0195124 -0.0151965 -0.0107049
136
1
2.12995 9.67663 -0.772053
-0.016478 -0.0149714 -0.00830073
137
1
2.16281 9.71015 -0.75264
-0.0169729 -0.0157331 -0.00822647
138
1
2.19359 9.74455 -0.733536
-0.0168067 -0.017881 -0.0107316
139
1
2.22099 9.7797 -0.713159
-0.0117586 -0.0182306 -0.0103633
140
1
2.2443 9.81562 -0.691463
-0.00888654 -0.0181025 -0.00883006
141
1
2.26407 9.85259 -0.667902
-0.00836177 -0.0189835 -0.0108081
142
1
2.28123 9.89075 -0.640819
-0.0063925 -0.0202899 -0.016081
143
1
2.29685 9.92911 -0.60896
-0.00491962 -0.0203341 -0.0171904
144
1
2.31085 9.96676 -0.572067
-0.00590822 -0.0188312 -0.0176384
145
1
2.32494 10.0032 -0.530111
-0.00785298 -0.0187429 -0.0249695
146
1
2.33891 10.0368 -0.484475
-0.00858321 -0.0167962 -0.0278419
147
1
2.35254 10.0678 -0.436553
-0.006703 -0.0142239 -0.0248137
148
1
2.36568 10.0975 -0.38588
-0.00589053 -0.0144799 -0.0260716
149
1
2.37801 10.1255 -0.333337
-0.00798632 -0.0158789 -0.0291308
150
1
2.38903 10.1514 -0.278547
-0.00694835 -0.0156804 -0.0318627
151
1
2.39776 10.1741 -0.222377
-0.00311421 -0.0123564 -0.0317499
152
1
2.4036 10.1921 -0.165993
-0.00159048 -0.00935759 -0.0303006
153
1
2.4071 10.2053 -0.110249
-0.00179257 -0.00654981 -0.0288362
154
1
2.40979 10.2135 -0.0544206
-0.00054521 -0.00356409 -0.0276756
155
1
2.41109 10.2163 -3.90549e-009
1.32446e-010 1.67655e-010 -0.0272559
156
1
2.40979 10.2135 0.0544206
0.00054521 0.00356409 -0.0276756
157
1
2.4071 10.2053 0.110249
0.00179257 0.00654981 -0.0288362
158
1
2.4036 10.1921 0.165993
0.00159048 0.00935759 -0.0303006
159
1
2.39776 10.1741 0.222377
0.00311421 0.0123564 -0.0317499
160
1
2.38903 10.1514 0.278547
0.00694835 0.0156804 -0.0318627
161
1
2.37801 10.1255 0.333337
0.00798632 0.0158789 -0.0291308
162
1
2.36568 10.0975 0.38588
0.00589053 0.0144799 -0.0260716
163
1
2.35254 10.0678 0.436553
0.006703 0.0142239 -0.0248137
164
1
2.33891 10.0368 0.484475
0.00858321 0.0167962 -0.0278419
165
1
2.32494 10.0032 0.530111
0.00785298 0.0187429 -0.0249695
166
1
2.31085 9.96676 0.572067
0.00590822 0.0188312 -0.0176384
167
1
2.29685 9.92911 0.60896
0.00491962 0.0203341 -0.0171904
168
1
2.28123 9.89075 0.640819
0.0063925 0.0202899 -0.016081
169
1
2.26407 9.85259 0.667902
0.00836177 0.0189835 -0.0108081
170
1
2.2443 9.81562 0.691463
0.00888654 0.0181025 -0.00883006
171
1
2.22099 9.7797 0.713159
0.0117586 0.0182306 -0.0103633
172
1
2.19359 9.74455 0.733536
0.0168067 0.017881 -0.0107316
173
1
2.16281 9.71015 0.75264
0.0169729 0.0157331 -0.00822647
174
1
2.12995 9.67663 0.772053
0.016478 0.0149714 -0.00830073
175
1
2.09412 9.64466 0.792245
0.0195124 0.0151965 -0.0107049
176
1
2.05535 9.61455 0.810976
0.0203803 0.0136506 -0.00886115
177
1
2.01418 9.58634 0.826957
0.0202101 0.0129791 -0.00709195
178
1
1.97105 9.55848 0.840615
0.0225467 0.0142415 -0.00843931
179
1
1.92637 9.52994 0.851734
0.0233695 0.0148711 -0.006886
180
1
1.88103 9.50166 0.85983
0.0223044 0.0147325 -0.00346482
181
1
1.83501 9.4737 0.864322
0.0228564 0.0147834 -0.00197405
182
1
1.78768 9.446 0.864772
0.0239081 0.014481 0.000480192
183
1
1.73935 9.41874 0.859781
0.0240086 0.0141838 0.00497989
184
1
1.69054 9.39249 0.848115
0.0240641 0.014041 0.00934598
185
1
1.64182 9.36838 0.829473
0.0233025 0.0119457 0.0129216
186
1
1.59371 9.34805 0.804657
0.0216232 0.00811691 0.0142886
187
1
1.54423 9.33166 0.77479
0.0233127 0.005479 0.0161888
188
1
1.49008 9.31961 0.742056
0.0283677 0.0049404 0.0180648
189
1
1.4307 9.31161 0.708601
0.0305145 0.0035019 0.0169821
190
1
1.36567 9.30684 0.676285
0.0324853 0.000253449 0.0158872
191
1
1.29502 9.304 0.647023
0.0369411 -0.00151332 0.0138209
192
1
1.21883 9.30168 0.62159
0.039355 -0.000964019 0.0106468
193
1
1.13332 9.29802 0.598668
0.0444897 0.00072274 0.0106086
