194
0
1
0.935759 9.46679 0.589622
0.0419844 -0.00308842 0.0236656
1
1
0.851417 9.46539 0.541119
0.0447448 -0.00123873 0.0203776
2
1
0.756543 9.4602 0.493959
0.0502633 0.00457989 0.0220692
3
1
0.655121 9.44437 0.446139
0.0513558 0.0111195 0.0255117
4
1
0.549188 9.40989 0.400596
0.0501659 0.0225328 0.0211994
5
1
0.442629 9.34795 0.363059
0.0471691 0.039247 0.0185887
6
1
0.332 9.24826 0.345235
0.0462218 0.0519224 -0.00513783
7
1
0.170169 9.10848 0.374962
0.0566425 0.0453971 -0.0283297
8
1
0.695846 6.1003 0.0573637
0.0241414 -0.0421109 -0.00939714
9
1
0.467877 13.2847 0.0552127
0.0185982 -0.0654872 0.00748868
10
1
-0.467877 13.2847 0.0552122
0.0185982 0.0654872 -0.00748866
11
1
-0.695897 6.1003 0.0572178
0.0241365 0.042108 0.00941205
12
1
-0.170169 9.10848 0.374962
0.0566425 -0.0453971 0.0283298
13
1
-0.332 9.24826 0.345235
0.0462218 -0.0519224 0.00513785
14
1
-0.442629 9.34795 0.363059
0.0471691 -0.039247 -0.0185887
15
1
-0.549188 9.40989 0.400596
0.0501659 -0.0225328 -0.0211994
16
1
-0.655121 9.44437 0.446139
0.0513558 -0.0111195 -0.0255117
17
1
-0.756543 9.4602 0.493959
0.0502633 -0.00457989 -0.0220692
18
1
-0.851417 9.46539 0.541119
0.0447448 0.00123873 -0.0203776
19
1
-0.935759 9.46679 0.589621
0.0419844 0.00308843 -0.0236656
20
1
-1.00804 9.47016 0.63985
0.0329238 0.000258735 -0.0259476
21
1
-1.0704 9.47738 0.690697
0.0273255 -0.00324359 -0.0247048
22
1
-1.12533 9.48954 0.73951
0.0252188 -0.00678061 -0.0262992
23
1
-1.1775 9.50809 0.785886
0.023582 -0.0102711 -0.0233143
24
1
-1.22789 9.53306 0.826935
0.0247434 -0.0149125 -0.0187453
25
1
-1.27721 9.56244 0.860937
0.0241012 -0.0173995 -0.0159964
26
1
-1.32554 9.59429 0.887773
0.0203851 -0.0165392 -0.0120404
27
1
-1.37278 9.6276 0.908076
0.0208673 -0.017523 -0.00838385
28
1
-1.42056 9.66195 0.924346
0.0246485 -0.0193416 -0.00621219
29
1
-1.47028 9.69674 0.938095
0.0262974 -0.0184789 -0.00521211
30
1
-1.52064 9.73019 0.950155
0.0262757 -0.0157 -0.00533997
31
1
-1.5705 9.76166 0.96031
0.0258295 -0.0141227 -0.00455936
32
1
-1.6187 9.7918 0.967715
0.024044 -0.0140632 -0.00353225
33
1
-1.66461 9.82152 0.971665
0.0228417 -0.014272 -0.00290308
34
1
-1.70815 9.85168 0.972321
0.0228204 -0.0148008 -0.00118597
35
1
-1.74876 9.88276 0.970069
0.0206185 -0.0152822 -0.000148738
36
1
-1.78588 9.91375 0.965847
0.0177643 -0.0147752 -0.000455968
37
1
-1.81998 9.94461 0.959194
0.0168468 -0.0150798 0.00264681
38
1
-1.85234 9.97551 0.948399
0.014608 -0.0162095 0.00749203
39
1
-1.88258 10.0065 0.93294
0.01148 -0.0156601 0.00757629
40
1
-1.90883 10.0379 0.913647
0.0113648 -0.0159012 0.00860753
41
1
-1.93202 10.0694 0.890851
0.0111583 -0.016372 0.014071
42
1
-1.95299 10.0996 0.86339
0.0080167 -0.014525 0.0168089
43
1
-1.97183 10.1278 0.831493
0.00662827 -0.0127953 0.0159037
44
1
-1.98898 10.1547 0.794956
0.00812213 -0.0122761 0.0190228
45
1
-2.00545 10.1814 0.753237
0.00925604 -0.0124996 0.0260115
46
1
-2.02208 10.2089 0.70721
0.00737491 -0.0129165 0.0258349
47
1
-2.03786 10.2369 0.657841
0.00669726 -0.0138314 0.0240463
48
1
-2.05249 10.2668 0.60545
0.0078761 -0.0173934 0.0292436
49
1
-2.0652 10.2965 0.552138
0.00747359 -0.017808 0.0297494
50
1
-2.075 10.325 0.49814
0.00396329 -0.0142081 0.0266022
51
1
-2.08129 10.3514 0.441563
0.000917265 -0.0126821 0.0291337
52
1
-2.08443 10.375 0.382613
0.000403156 -0.0130586 0.0326902
53
1
-2.08551 10.3955 0.320596
-0.00058747 -0.0115221 0.0362561
54
1
-2.08564 10.4119 0.256387
-0.000875517 -0.00699473 0.03713
55
1
-2.0853 10.4235 0.191496
-0.000371658 -0.0043639 0.0356291
56
1
-2.08443 10.4312 0.127223
3.6172e-005 -0.00293118 0.0336374
57
1
-2.08374 10.4362 0.0627206
-0.000920582 -0.00161139 0.0321679
58
1
-2.08358 10.4382 -5.27336e-008
-4.8121e-010 3.94142e-010 0.031675
59
1
-2.08374 10.4362 -0.0627207
0.000920581 0.00161139 0.0321679
60
1
-2.08443 10.4312 -0.127223
-3.6173e-005 0.00293118 0.0336374
61
1
-2.0853 10.4235 -0.191496
0.000371657 0.0043639 0.0356291
62
1
-2.08564 10.4119 -0.256387
0.000875516 0.00699473 0.03713
63
1
-2.08551 10.3955 -0.320596
0.000587469 0.0115221 0.0362561
64
1
-2.08443 10.375 -0.382613
-0.000403158 0.0130586 0.0326902
65
1
-2.08129 10.3514 -0.441563
-0.000917266 0.0126821 0.0291337
66
1
-2.075 10.325 -0.49814
-0.00396329 0.0142081 0.0266022
67
1
-2.0652 10.2965 -0.552138
-0.00747359 0.017808 0.0297494
68
1
-2.05249 10.2668 -0.60545
-0.0078761 0.0173934 0.0292436
69
1
-2.03786 10.2369 -0.657842
-0.00669726 0.0138314 0.0240463
70
1
-2.02208 10.2089 -0.70721
-0.00737491 0.0129165 0.0258349
71
1
-2.00545 10.1814 -0.753237
-0.00925604 0.0124996 0.0260115
72
1
-1.98898 10.1547 -0.794956
-0.00812213 0.0122761 0.0190228
73
1
-1.97183 10.1278 -0.831493
-0.00662827 0.0127953 0.0159037
74
1
-1.95299 10.0996 -0.863391
-0.0080167 0.014525 0.0168089
75
1
-1.93202 10.0694 -0.890852
-0.0111584 0.016372 0.014071
76
1
-1.90883 10.0379 -0.913647
-0.0113648 0.0159012 0.00860753
77
1
-1.88258 10.0065 -0.93294
-0.01148 0.0156601 0.00757629
78
1
-1.85234 9.97551 -0.948399
-0.014608 0.0162095 0.00749203
79
1
-1.81998 9.94461 -0.959194
-0.0168468 0.0150798 0.00264681
80
1
-1.78588 9.91375 -0.965848
-0.0177643 0.0147752 -0.000455967
81
1
-1.74876 9.88276 -0.970069
-0.0206185 0.0152822 -0.000148737
82
1
-1.70815 9.85168 -0.972321
-0.0228204 0.0148008 -0.00118597
83
1
-1.66461 9.82152 -0.971665
-0.0228417 0.014272 -0.00290308
84
1
-1.6187 9.7918 -0.967715
-0.024044 0.0140632 -0.00353225
85
1
-1.5705 9.76166 -0.96031
-0.0258295 0.0141227 -0.00455936
86
1
-1.52064 9.73019 -0.950155
-0.0262757 0.0157 -0.00533997
87
1
-1.47028 9.69674 -0.938095
-0.0262974 0.0184789 -0.00521211
88
1
-1.42056 9.66195 -0.924346
-0.0246485 0.0193416 -0.00621219
89
1
-1.37278 9.6276 -0.908076
-0.0208673 0.017523 -0.00838385
90
1
-1.32554 9.59429 -0.887773
-0.0203851 0.0165392 -0.0120404
91
1
-1.27721 9.56244 -0.860938
-0.0241012 0.0173995 -0.0159964
92
1
-1.22789 9.53306 -0.826935
-0.0247434 0.0149125 -0.0187453
93
1
-1.1775 9.50809 -0.785887
-0.023582 0.0102711 -0.0233143
94
1
-1.12533 9.48954 -0.73951
-0.0252188 0.00678061 -0.0262992
95
1
-1.0704 9.47738 -0.690697
-0.0273255 0.00324359 -0.0247048
96
1
-1.00804 9.47016 -0.63985
-0.0329238 -0.000258733 -0.0259476
97
1
-0.935759 9.46679 -0.589622
-0.0419844 -0.00308842 -0.0236656
98
1
-0.851417 9.46539 -0.541119
-0.0447448 -0.00123873 -0.0203776
99
1
-0.756543 9.4602 -0.493959
-0.0502633 0.00457989 -0.0220692
100
1
-0.655121 9.44437 -0.446139
-0.0513558 0.0111195 -0.0255117
101
1
-0.549188 9.40989 -0.400596
-0.0501659 0.0225328 -0.0211994
102
1
-0.442629 9.34795 -0.363059
-0.0471691 0.039247 -0.0185887
103
1
-0.332 9.24826 -0.345235
-0.0462218 0.0519224 0.00513783
104
1
-0.170169 9.10848 -0.374962
-0.0566425 0.0453971 0.0283297
105
1
-0.695847 6.1003 -0.0573602
-0.0241413 -0.0421108 0.00939752
106
1
-0.467877 13.2847 -0.0552127
-0.0185982 -0.0654872 -0.00748868
107
1
0.467877 13.2847 -0.0552122
-0.0185982 0.0654872 0.00748866
108
1
0.695897 6.1003 -0.0572142
-0.0241364 0.0421079 -0.00941242
109
1
0.170169 9.10848 -0.374962
-0.0566425 -0.0453971 -0.0283298
110
1
0.332 9.24826 -0.345235
-0.0462218 -0.0519224 -0.00513785
111
1
0.442629 9.34795 -0.363059
-0.0471691 -0.039247 0.0185887
112
1
0.549188 9.40989 -0.400596
-0.0501659 -0.0225328 0.0211994
113
1
0.655121 9.44437 -0.446139
-0.0513558 -0.0111195 0.0255117
114
1
0.756543 9.4602 -0.493959
-0.0502633 -0.00457989 0.0220692
115
1
0.851417 9.46539 -0.541119
-0.0447448 0.00123873 0.0203776
116
1
0.935759 9.46679 -0.589621
-0.0419844 0.00308843 0.0236656
117
1
1.00804 9.47016 -0.63985
-0.0329238 0.000258735 0.0259476
118
1
1.0704 9.47738 -0.690697
-0.0273255 -0.00324359 0.0247048
119
1
1.12533 9.48954 -0.73951
-0.0252188 -0.00678061 0.0262992
120
1
1.1775 9.50809 -0.785886
-0.023582 -0.0102711 0.0233143
121
1
1.22789 9.53306 -0.826935
-0.0247434 -0.0149125 0.0187453
122
1
1.27721 9.56244 -0.860937
-0.0241012 -0.0173995 0.0159964
123
1
1.32554 9.59429 -0.887773
-0.0203851 -0.0165392 0.0120404
124
1
1.37278 9.6276 -0.908076
-0.0208673 -0.017523 0.00838385
125
1
1.42056 9.66195 -0.924346
-0.0246485 -0.0193416 0.00621219
126
1
1.47028 9.69674 -0.938095
-0.0262974 -0.0184789 0.00521211
127
1
1.52064 9.73019 -0.950155
-0.0262757 -0.0157 0.00533997
128
1
1.5705 9.76166 -0.96031
-0.0258295 -0.0141227 0.00455936
129
1
1.6187 9.7918 -0.967715
-0.024044 -0.0140632 0.00353225
130
1
1.66461 9.82152 -0.971665
-0.0228417 -0.014272 0.00290308
131
1
1.70815 9.85168 -0.972321
-0.0228204 -0.0148008 0.00118597
132
1
1.74876 9.88276 -0.970069
-0.0206185 -0.0152822 0.000148738
133
1
1.78588 9.91375 -0.965847
-0.0177643 -0.0147752 0.000455968
134
1
1.81998 9.94461 -0.959194
-0.0168468 -0.0150798 -0.00264681
135
1
1.85234 9.97551 -0.948399
-0.014608 -0.0162095 -0.00749203
136
1
1.88258 10.0065 -0.93294
-0.01148 -0.0156601 -0.00757629
137
1
1.90883 10.0379 -0.913647
-0.0113648 -0.0159012 -0.00860753
138
1
1.93202 10.0694 -0.890851
-0.0111583 -0.016372 -0.014071
139
1
1.95299 10.0996 -0.86339
-0.0080167 -0.014525 -0.0168089
140
1
1.97183 10.1278 -0.831493
-0.00662827 -0.0127953 -0.0159037
141
1
1.98898 10.1547 -0.794956
-0.00812213 -0.0122761 -0.0190228
142
1
2.00545 10.1814 -0.753237
-0.00925604 -0.0124996 -0.0260115
143
1
2.02208 10.2089 -0.70721
-0.00737491 -0.0129165 -0.0258349
144
1
2.03786 10.2369 -0.657841
-0.00669726 -0.0138314 -0.0240463
145
1
2.05249 10.2668 -0.60545
-0.0078761 -0.0173934 -0.0292436
146
1
2.0652 10.2965 -0.552138
-0.00747359 -0.017808 -0.0297494
147
1
2.075 10.325 -0.49814
-0.00396329 -0.0142081 -0.0266022
148
1
2.08129 10.3514 -0.441563
-0.000917265 -0.0126821 -0.0291337
149
1
2.08443 10.375 -0.382613
-0.000403156 -0.0130586 -0.0326902
150
1
2.08551 10.3955 -0.320596
0.000587471 -0.0115221 -0.0362561
151
1
2.08564 10.4119 -0.256387
0.000875518 -0.00699473 -0.03713
152
1
2.0853 10.4235 -0.191496
0.000371658 -0.0043639 -0.0356291
153
1
2.08443 10.4312 -0.127223
-3.61719e-005 -0.00293118 -0.0336374
154
1
2.08374 10.4362 -0.0627206
0.000920582 -0.00161139 -0.0321679
155
1
2.08358 10.4382 4.8534e-008
6.06953e-010 3.46634e-010 -0.031675
156
1
2.08374 10.4362 0.0627207
-0.00092058 0.00161139 -0.0321679
157
1
2.08443 10.4312 0.127223
3.61731e-005 0.00293118 -0.0336374
158
1
2.0853 10.4235 0.191496
-0.000371657 0.0043639 -0.0356291
159
1
2.08564 10.4119 0.256387
-0.000875516 0.00699473 -0.03713
160
1
2.08551 10.3955 0.320596
-0.000587469 0.0115221 -0.0362561
161
1
2.08443 10.375 0.382613
0.000403158 0.0130586 -0.0326902
162
1
2.08129 10.3514 0.441563
0.000917267 0.0126821 -0.0291337
163
1
2.075 10.325 0.49814
0.00396329 0.0142081 -0.0266022
164
1
2.0652 10.2965 0.552138
0.00747359 0.017808 -0.0297494
165
1
2.05249 10.2668 0.60545
0.0078761 0.0173934 -0.0292436
166
1
2.03786 10.2369 0.657842
0.00669726 0.0138314 -0.0240463
167
1
2.02208 10.2089 0.70721
0.00737491 0.0129165 -0.0258349
168
1
2.00545 10.1814 0.753237
0.00925604 0.0124996 -0.0260115
169
1
1.98898 10.1547 0.794956
0.00812213 0.0122761 -0.0190228
170
1
1.97183 10.1278 0.831493
0.00662827 0.0127953 -0.0159037
171
1
1.95299 10.0996 0.863391
0.0080167 0.014525 -0.0168089
172
1
1.93202 10.0694 0.890852
0.0111584 0.016372 -0.014071
173
1
1.90883 10.0379 0.913647
0.0113648 0.0159012 -0.00860753
174
1
1.88258 10.0065 0.93294
0.01148 0.0156601 -0.00757629
175
1
1.85234 9.97551 0.948399
0.014608 0.0162095 -0.00749203
176
1
1.81998 9.94461 0.959194
0.0168468 0.0150798 -0.00264681
177
1
1.78588 9.91375 0.965848
0.0177643 0.0147752 0.000455967
178
1
1.74876 9.88276 0.970069
0.0206185 0.0152822 0.000148737
179
1
1.70815 9.85168 0.972321
0.0228204 0.0148008 0.00118597
180
1
1.66461 9.82152 0.971665
0.0228417 0.014272 0.00290308
181
1
1.6187 9.7918 0.967715
0.024044 0.0140632 0.00353225
182
1
1.5705 9.76166 0.96031
0.0258295 0.0141227 0.00455936
183
1
1.52064 9.73019 0.950155
0.0262757 0.0157 0.00533997
184
1
1.47028 9.69674 0.938095
0.0262974 0.0184789 0.00521211
185
1
1.42056 9.66195 0.924346
0.0246485 0.0193416 0.00621219
186
1
1.37278 9.6276 0.908076
0.0208673 0.017523 0.00838385
187
1
1.32554 9.59429 0.887773
0.0203851 0.0165392 0.0120404
188
1
1.27721 9.56244 0.860938
0.0241012 0.0173995 0.0159964
189
1
1.22789 9.53306 0.826935
0.0247434 0.0149125 0.0187453
190
1
1.1775 9.50809 0.785887
0.023582 0.0102711 0.0233143
191
1
1.12533 9.48954 0.73951
0.0252188 0.00678061 0.0262992
192
1
1.0704 9.47738 0.690697
0.0273255 0.00324359 0.0247048
193
1
1.00804 9.47016 0.63985
0.0329238 -0.000258733 0.0259476
