194
0
1
1.44544 7.68994 0.701729
0.0475287 0.0263652 0.00848581
1
1
1.35162 7.63819 0.682761
0.0469225 0.0271174 0.0109368
2
1
1.25125 7.58337 0.65547
0.0516351 0.028364 0.0177018
3
1
1.14563 7.52977 0.616555
0.0545386 0.0248095 0.0225649
4
1
1.03017 7.4827 0.563421
0.0584868 0.0198372 0.0304441
5
1
0.904739 7.44505 0.489335
0.0624501 0.0198537 0.0421623
6
1
0.767948 7.40198 0.384657
0.0571136 0.0188942 0.0495267
7
1
0.626101 7.34919 0.203823
0.0327565 0.0152201 0.069045
8
1
0.321875 5.91036 0.0709381
-0.0241568 -0.0366455 -0.0114916
9
1
0.0478634 10.2282 0.748046
0.000773425 -0.010448 -0.0772146
10
1
-0.0478634 10.2282 0.748046
0.000773424 0.010448 0.0772146
11
1
-0.321875 5.91036 0.0709384
-0.0241568 0.0366454 0.0114914
12
1
-0.626101 7.34919 0.203823
0.0327566 -0.0152201 -0.069045
13
1
-0.767948 7.40198 0.384657
0.0571136 -0.0188942 -0.0495267
14
1
-0.904739 7.44505 0.489335
0.0624501 -0.0198537 -0.0421623
15
1
-1.03017 7.4827 0.563421
0.0584868 -0.0198372 -0.0304441
16
1
-1.14563 7.52977 0.616555
0.0545386 -0.0248095 -0.0225649
17
1
-1.25125 7.58337 0.65547
0.0516351 -0.028364 -0.0177018
18
1
-1.35162 7.63819 0.682761
0.0469225 -0.0271174 -0.0109368
19
1
-1.44544 7.68994 0.701729
0.0475287 -0.0263652 -0.00848581
20
1
-1.53171 7.73666 0.719204
0.0406063 -0.0224811 -0.00903154
21
1
-1.61238 7.77744 0.736427
0.0381992 -0.0190028 -0.00781503
22
1
-1.68839 7.81154 0.751778
0.0379015 -0.0171458 -0.00662517
23
1
-1.76256 7.84112 0.765396
0.0348214 -0.0148088 -0.00644548
24
1
-1.83421 7.86682 0.777419
0.0341458 -0.0133318 -0.00613642
25
1
-1.90276 7.88911 0.787557
0.0338773 -0.0120666 -0.00494051
26
1
-1.96887 7.9077 0.795896
0.0307961 -0.00889351 -0.00403547
27
1
-2.03225 7.92191 0.802317
0.029741 -0.00615316 -0.00338128
28
1
-2.09388 7.93233 0.806353
0.0307911 -0.00465127 -0.00236579
29
1
-2.15484 7.93956 0.807783
0.0305022 -0.00306446 -0.000618936
30
1
-2.21471 7.94357 0.80663
0.0297957 -0.000872442 0.000952418
31
1
-2.27372 7.94457 0.802733
0.0296249 0.000886196 0.00239063
32
1
-2.33179 7.94252 0.796189
0.0289789 0.00209187 0.00389992
33
1
-2.38814 7.93749 0.787373
0.0285149 0.0032119 0.00506242
34
1
-2.44255 7.92983 0.776162
0.0276735 0.00421841 0.00608603
35
1
-2.49453 7.91969 0.762
0.0250313 0.00545077 0.00749933
36
1
-2.54338 7.90702 0.745146
0.0230353 0.00691032 0.00881649
37
1
-2.59031 7.89212 0.725893
0.0229417 0.00806917 0.0100754
38
1
-2.63589 7.87466 0.703991
0.0221855 0.00950212 0.0116554
39
1
-2.6795 7.85419 0.679389
0.0203196 0.0112666 0.0132294
40
1
-2.72079 7.83147 0.652461
0.019738 0.0124283 0.0147005
41
1
-2.76013 7.80731 0.623588
0.0193701 0.0128963 0.0157603
42
1
-2.79733 7.78163 0.592966
0.0178922 0.0136508 0.0160134
43
1
-2.83284 7.75463 0.560929
0.0173169 0.0147319 0.0164781
44
1
-2.86761 7.72624 0.527352
0.0175425 0.0150076 0.0177178
45
1
-2.90218 7.69636 0.49186
0.0171106 0.0151026 0.0189273
46
1
-2.93639 7.6657 0.453995
0.0173997 0.0162502 0.0199243
47
1
-2.96975 7.6346 0.413922
0.0180769 0.0165847 0.0217149
48
1
-3.00101 7.60331 0.372442
0.0172709 0.0161488 0.0232765
49
1
-3.02938 7.5723 0.33125
0.0150014 0.0169843 0.0226874
50
1
-3.05403 7.54142 0.291337
0.0117454 0.0172893 0.0200542
51
1
-3.07471 7.51119 0.252947
0.00946319 0.0165451 0.0180228
52
1
-3.09155 7.48222 0.215592
0.00868807 0.0161286 0.0174822
53
1
-3.10457 7.45548 0.178748
0.00756015 0.0156076 0.0172328
54
1
-3.11401 7.43273 0.142308
0.00531755 0.0139088 0.0168165
55
1
-3.1201 7.415 0.106433
0.00312337 0.0106253 0.0167315
56
1
-3.12343 7.403 0.0709514
0.00169365 0.00668776 0.0170245
57
1
-3.12482 7.39587 0.0355036
0.000563986 0.00286118 0.0172373
58
1
-3.12503 7.39352 3.27706e-010
-8.94595e-013 -7.95924e-013 0.0172818
59
1
-3.12482 7.39587 -0.0355036
-0.000563986 -0.00286118 0.0172373
60
1
-3.12343 7.403 -0.0709514
-0.00169365 -0.00668776 0.0170245
61
1
-3.1201 7.415 -0.106433
-0.00312337 -0.0106253 0.0167315
62
1
-3.11401 7.43273 -0.142308
-0.00531755 -0.0139088 0.0168165
63
1
-3.10457 7.45548 -0.178748
-0.00756015 -0.0156076 0.0172328
64
1
-3.09155 7.48222 -0.215592
-0.00868807 -0.0161286 0.0174822
65
1
-3.07471 7.51119 -0.252947
-0.00946319 -0.0165451 0.0180228
66
1
-3.05403 7.54142 -0.291337
-0.0117454 -0.0172893 0.0200542
67
1
-3.02938 7.5723 -0.33125
-0.0150014 -0.0169843 0.0226874
68
1
-3.00101 7.60331 -0.372442
-0.0172709 -0.0161488 0.0232765
69
1
-2.96975 7.6346 -0.413922
-0.0180769 -0.0165847 0.0217149
70
1
-2.93639 7.6657 -0.453995
-0.0173997 -0.0162502 0.0199243
71
1
-2.90218 7.69636 -0.49186
-0.0171106 -0.0151026 0.0189273
72
1
-2.86761 7.72624 -0.527352
-0.0175425 -0.0150076 0.0177178
73
1
-2.83284 7.75463 -0.560929
-0.0173169 -0.0147319 0.0164781
74
1
-2.79733 7.78163 -0.592966
-0.0178922 -0.0136508 0.0160134
75
1
-2.76013 7.80731 -0.623588
-0.0193701 -0.0128963 0.0157603
76
1
-2.72079 7.83147 -0.652461
-0.019738 -0.0124283 0.0147005
77
1
-2.6795 7.85419 -0.679389
-0.0203196 -0.0112666 0.0132294
78
1
-2.63589 7.87466 -0.703991
-0.0221855 -0.00950212 0.0116554
79
1
-2.59031 7.89212 -0.725893
-0.0229417 -0.00806917 0.0100754
80
1
-2.54338 7.90702 -0.745146
-0.0230353 -0.00691032 0.00881649
81
1
-2.49453 7.91969 -0.762
-0.0250313 -0.00545077 0.00749933
82
1
-2.44255 7.92983 -0.776162
-0.0276735 -0.00421841 0.00608603
83
1
-2.38814 7.93749 -0.787373
-0.0285149 -0.0032119 0.00506242
84
1
-2.33179 7.94252 -0.796189
-0.0289789 -0.00209187 0.00389992
85
1
-2.27372 7.94457 -0.802733
-0.0296249 -0.000886196 0.00239063
86
1
-2.21471 7.94357 -0.80663
-0.0297957 0.000872442 0.000952418
87
1
-2.15484 7.93956 -0.807783
-0.0305022 0.00306446 -0.000618936
88
1
-2.09388 7.93233 -0.806353
-0.0307911 0.00465127 -0.00236579
89
1
-2.03225 7.92191 -0.802317
-0.029741 0.00615316 -0.00338128
90
1
-1.96887 7.9077 -0.795896
-0.0307961 0.00889351 -0.00403547
91
1
-1.90276 7.88911 -0.787557
-0.0338773 0.0120666 -0.00494051
92
1
-1.83421 7.86682 -0.777419
-0.0341458 0.0133318 -0.00613642
93
1
-1.76256 7.84112 -0.765396
-0.0348214 0.0148088 -0.00644548
94
1
-1.68839 7.81154 -0.751778
-0.0379015 0.0171458 -0.00662517
95
1
-1.61238 7.77744 -0.736427
-0.0381992 0.0190028 -0.00781503
96
1
-1.53171 7.73666 -0.719204
-0.0406063 0.0224811 -0.00903154
97
1
-1.44544 7.68994 -0.701729
-0.0475287 0.0263652 -0.00848581
98
1
-1.35162 7.63819 -0.682761
-0.0469225 0.0271174 -0.0109368
99
1
-1.25125 7.58337 -0.65547
-0.0516351 0.028364 -0.0177018
100
1
-1.14563 7.52977 -0.616555
-0.0545386 0.0248095 -0.0225649
101
1
-1.03017 7.4827 -0.563421
-0.0584868 0.0198372 -0.0304441
102
1
-0.904739 7.44505 -0.489335
-0.0624501 0.0198537 -0.0421623
103
1
-0.767948 7.40198 -0.384657
-0.0571136 0.0188942 -0.0495267
104
1
-0.626101 7.34919 -0.203823
-0.0327565 0.0152201 -0.069045
105
1
-0.321875 5.91036 -0.0709381
0.0241568 -0.0366455 0.0114916
106
1
-0.0478634 10.2282 -0.748046
-0.000773425 -0.010448 0.0772146
107
1
0.0478634 10.2282 -0.748046
-0.000773424 0.010448 -0.0772146
108
1
0.321875 5.91036 -0.0709383
0.0241568 0.0366454 -0.0114914
109
1
0.626101 7.34919 -0.203823
-0.0327566 -0.0152201 0.069045
110
1
0.767948 7.40198 -0.384657
-0.0571136 -0.0188942 0.0495267
111
1
0.904739 7.44505 -0.489335
-0.0624501 -0.0198537 0.0421623
112
1
1.03017 7.4827 -0.563421
-0.0584868 -0.0198372 0.0304441
113
1
1.14563 7.52977 -0.616555
-0.0545386 -0.0248095 0.0225649
114
1
1.25125 7.58337 -0.65547
-0.0516351 -0.028364 0.0177018
115
1
1.35162 7.63819 -0.682761
-0.0469225 -0.0271174 0.0109368
116
1
1.44544 7.68994 -0.701729
-0.0475287 -0.0263652 0.00848581
117
1
1.53171 7.73666 -0.719204
-0.0406063 -0.0224811 0.00903154
118
1
1.61238 7.77744 -0.736427
-0.0381992 -0.0190028 0.00781503
119
1
1.68839 7.81154 -0.751778
-0.0379015 -0.0171458 0.00662517
120
1
1.76256 7.84112 -0.765396
-0.0348214 -0.0148088 0.00644548
121
1
1.83421 7.86682 -0.777419
-0.0341458 -0.0133318 0.00613642
122
1
1.90276 7.88911 -0.787557
-0.0338773 -0.0120666 0.00494051
123
1
1.96887 7.9077 -0.795896
-0.0307961 -0.00889351 0.00403547
124
1
2.03225 7.92191 -0.802317
-0.029741 -0.00615316 0.00338128
125
1
2.09388 7.93233 -0.806353
-0.0307911 -0.00465127 0.00236579
126
1
2.15484 7.93956 -0.807783
-0.0305022 -0.00306446 0.000618936
127
1
2.21471 7.94357 -0.80663
-0.0297957 -0.000872442 -0.000952418
128
1
2.27372 7.94457 -0.802733
-0.0296249 0.000886196 -0.00239063
129
1
2.33179 7.94252 -0.796189
-0.0289789 0.00209187 -0.00389992
130
1
2.38814 7.93749 -0.787373
-0.0285149 0.0032119 -0.00506242
131
1
2.44255 7.92983 -0.776162
-0.0276735 0.00421841 -0.00608603
132
1
2.49453 7.91969 -0.762
-0.0250313 0.00545077 -0.00749933
133
1
2.54338 7.90702 -0.745146
-0.0230353 0.00691032 -0.00881649
134
1
2.59031 7.89212 -0.725893
-0.0229417 0.00806917 -0.0100754
135
1
2.63589 7.87466 -0.703991
-0.0221855 0.00950212 -0.0116554
136
1
2.6795 7.85419 -0.679389
-0.0203196 0.0112666 -0.0132294
137
1
2.72079 7.83147 -0.652461
-0.019738 0.0124283 -0.0147005
138
1
2.76013 7.80731 -0.623588
-0.0193701 0.0128963 -0.0157603
139
1
2.79733 7.78163 -0.592966
-0.0178922 0.0136508 -0.0160134
140
1
2.83284 7.75463 -0.560929
-0.0173169 0.0147319 -0.0164781
141
1
2.86761 7.72624 -0.527352
-0.0175425 0.0150076 -0.0177178
142
1
2.90218 7.69636 -0.49186
-0.0171106 0.0151026 -0.0189273
143
1
2.93639 7.6657 -0.453995
-0.0173997 0.0162502 -0.0199243
144
1
2.96975 7.6346 -0.413922
-0.0180769 0.0165847 -0.0217149
145
1
3.00101 7.60331 -0.372442
-0.0172709 0.0161488 -0.0232765
146
1
3.02938 7.5723 -0.33125
-0.0150014 0.0169843 -0.0226874
147
1
3.05403 7.54142 -0.291337
-0.0117454 0.0172893 -0.0200542
148
1
3.07471 7.51119 -0.252947
-0.00946319 0.0165451 -0.0180228
149
1
3.09155 7.48222 -0.215592
-0.00868807 0.0161286 -0.0174822
150
1
3.10457 7.45548 -0.178748
-0.00756015 0.0156076 -0.0172328
151
1
3.11401 7.43273 -0.142308
-0.00531755 0.0139088 -0.0168165
152
1
3.1201 7.415 -0.106433
-0.00312337 0.0106253 -0.0167315
153
1
3.12343 7.403 -0.0709514
-0.00169365 0.00668776 -0.0170245
154
1
3.12482 7.39587 -0.0355036
-0.000563986 0.00286118 -0.0172373
155
1
3.12503 7.39352 -4.28169e-010
7.12076e-013 -2.10463e-012 -0.0172818
156
1
3.12482 7.39587 0.0355036
0.000563986 -0.00286118 -0.0172373
157
1
3.12343 7.403 0.0709514
0.00169365 -0.00668776 -0.0170245
158
1
3.1201 7.415 0.106433
0.00312337 -0.0106253 -0.0167315
159
1
3.11401 7.43273 0.142308
0.00531755 -0.0139088 -0.0168165
160
1
3.10457 7.45548 0.178748
0.00756015 -0.0156076 -0.0172328
161
1
3.09155 7.48222 0.215592
0.00868807 -0.0161286 -0.0174822
162
1
3.07471 7.51119 0.252947
0.00946319 -0.0165451 -0.0180228
163
1
3.05403 7.54142 0.291337
0.0117454 -0.0172893 -0.0200542
164
1
3.02938 7.5723 0.33125
0.0150014 -0.0169843 -0.0226874
165
1
3.00101 7.60331 0.372442
0.0172709 -0.0161488 -0.0232765
166
1
2.96975 7.6346 0.413922
0.0180769 -0.0165847 -0.0217149
167
1
2.93639 7.6657 0.453995
0.0173997 -0.0162502 -0.0199243
168
1
2.90218 7.69636 0.49186
0.0171106 -0.0151026 -0.0189273
169
1
2.86761 7.72624 0.527352
0.0175425 -0.0150076 -0.0177178
170
1
2.83284 7.75463 0.560929
0.0173169 -0.0147319 -0.0164781
171
1
2.79733 7.78163 0.592966
0.0178922 -0.0136508 -0.0160134
172
1
2.76013 7.80731 0.623588
0.0193701 -0.0128963 -0.0157603
173
1
2.72079 7.83147 0.652461
0.019738 -0.0124283 -0.0147005
174
1
2.6795 7.85419 0.679389
0.0203196 -0.0112666 -0.0132294
175
1
2.63589 7.87466 0.703991
0.0221855 -0.00950212 -0.0116554
176
1
2.59031 7.89212 0.725893
0.0229417 -0.00806917 -0.0100754
177
1
2.54338 7.90702 0.745146
0.0230353 -0.00691032 -0.00881649
178
1
2.49453 7.91969 0.762
0.0250313 -0.00545077 -0.00749933
179
1
2.44255 7.92983 0.776162
0.0276735 -0.00421841 -0.00608603
180
1
2.38814 7.93749 0.787373
0.0285149 -0.0032119 -0.00506242
181
1
2.33179 7.94252 0.796189
0.0289789 -0.00209187 -0.00389992
182
1
2.27372 7.94457 0.802733
0.0296249 -0.000886196 -0.00239063
183
1
2.21471 7.94357 0.80663
0.0297957 0.000872442 -0.000952418
184
1
2.15484 7.93956 0.807783
0.0305022 0.00306446 0.000618936
185
1
2.09388 7.93233 0.806353
0.0307911 0.00465127 0.00236579
186
1
2.03225 7.92191 0.802317
0.029741 0.00615316 0.00338128
187
1
1.96887 7.9077 0.795896
0.0307961 0.00889351 0.00403547
188
1
1.90276 7.88911 0.787557
0.0338773 0.0120666 0.00494051
189
1
1.83421 7.86682 0.777419
0.0341458 0.0133318 0.00613642
190
1
1.76256 7.84112 0.765396
0.0348214 0.0148088 0.00644548
191
1
1.68839 7.81154 0.751778
0.0379015 0.0171458 0.00662517
192
1
1.61238 7.77744 0.736427
0.0381992 0.0190028 0.00781503
193
1
1.53171 7.73666 0.719204
0.0406063 0.0224811 0.00903154
