194
0
1
0.514683 0.640981 2.91717
0.0146341 -0.0166458 -0.0352021
1
1
0.485638 0.674095 2.98627
0.0167267 -0.0159958 -0.0352349
2
1
0.45115 0.706474 3.0546
0.0179679 -0.0153425 -0.034349
3
1
0.410493 0.737406 3.11978
0.020645 -0.0145891 -0.0325282
4
1
0.363165 0.765099 3.1804
0.0240331 -0.0128591 -0.0299465
5
1
0.308956 0.78821 3.235
0.0276179 -0.010637 -0.0264574
6
1
0.248359 0.80691 3.2816
0.0310919 -0.0082857 -0.0219313
7
1
0.182025 0.820921 3.31839
0.0340488 -0.00588321 -0.0164925
8
1
0.111155 0.830267 3.34383
0.0362076 -0.00352113 -0.0102658
9
1
0.0373834 0.834957 3.35684
0.0373531 -0.00117245 -0.00348789
10
1
-0.0373834 0.834957 3.35684
0.0373531 0.00117245 0.00348789
11
1
-0.111155 0.830267 3.34383
0.0362076 0.00352113 0.0102658
12
1
-0.182025 0.820921 3.31839
0.0340488 0.00588321 0.0164925
13
1
-0.248359 0.80691 3.2816
0.0310919 0.0082857 0.0219313
14
1
-0.308956 0.78821 3.235
0.0276179 0.010637 0.0264574
15
1
-0.363165 0.765099 3.1804
0.0240331 0.0128591 0.0299465
16
1
-0.410493 0.737406 3.11978
0.020645 0.0145891 0.0325282
17
1
-0.45115 0.706474 3.0546
0.0179679 0.0153425 0.034349
18
1
-0.485638 0.674095 2.98627
0.0167267 0.0159958 0.0352349
19
1
-0.514683 0.640981 2.91717
0.0146341 0.0166458 0.0352021
20
1
-0.537778 0.607866 2.84874
0.0108524 0.0158334 0.0346393
21
1
-0.554022 0.576108 2.78072
0.00663176 0.0143861 0.0344827
22
1
-0.564066 0.546074 2.71287
0.00207415 0.0131677 0.0343304
23
1
-0.569696 0.5188 2.6446
-0.000822843 0.0121128 0.0344836
24
1
-0.57175 0.495771 2.57515
-0.00240495 0.0105835 0.0348246
25
1
-0.570231 0.477226 2.50457
-0.00333662 0.00882183 0.035187
26
1
-0.565841 0.462233 2.4333
-0.00378083 0.0071666 0.0355334
27
1
-0.559701 0.449933 2.36153
-0.00382748 0.00571502 0.0358773
28
1
-0.552963 0.439768 2.28927
-0.00362682 0.00448846 0.036214
29
1
-0.546381 0.43142 2.21646
-0.00330692 0.00349231 0.0365267
30
1
-0.540348 0.424668 2.14311
-0.00294471 0.00271446 0.0368044
31
1
-0.534969 0.419276 2.06925
-0.00257952 0.00212156 0.0370464
32
1
-0.530248 0.414993 1.99495
-0.00223457 0.00167569 0.0372571
33
1
-0.526143 0.411584 1.92024
-0.00191951 0.00134008 0.0374415
34
1
-0.522594 0.408847 1.8452
-0.00163963 0.00108611 0.037604
35
1
-0.519544 0.406629 1.76984
-0.0013955 0.00089208 0.0377477
36
1
-0.516933 0.404809 1.69422
-0.00118529 0.000742177 0.037875
37
1
-0.514703 0.403299 1.61835
-0.00100589 0.000624911 0.037988
38
1
-0.512803 0.402031 1.54227
-0.000853606 0.000531984 0.0380882
39
1
-0.511184 0.400957 1.46601
-0.000724759 0.000457345 0.0381769
40
1
-0.509805 0.400037 1.38957
-0.000615931 0.000396543 0.0382554
41
1
-0.508631 0.399243 1.31299
-0.000524031 0.000346299 0.0383248
42
1
-0.507631 0.398553 1.23628
-0.00044634 0.000304155 0.0383859
43
1
-0.506778 0.39795 1.15945
-0.000380539 0.000268346 0.0384398
44
1
-0.50605 0.397421 1.08252
-0.000324639 0.000237572 0.0384872
45
1
-0.50543 0.396954 1.00551
-0.000277007 0.000210614 0.0385287
46
1
-0.5049 0.396544 0.928412
-0.000236254 0.000186695 0.038565
47
1
-0.504449 0.396181 0.85125
-0.000201225 0.000165166 0.0385966
48
1
-0.504065 0.395862 0.774029
-0.000170937 0.000145633 0.0386241
49
1
-0.503738 0.395582 0.696756
-0.000144659 0.000127724 0.0386478
50
1
-0.503463 0.395341 0.61944
-0.000121829 0.000111076 0.0386681
51
1
-0.503232 0.395131 0.542086
-0.000101698 9.5236e-005 0.0386853
52
1
-0.503041 0.394953 0.4647
-8.36724e-005 8.01547e-005 0.0386997
53
1
-0.502888 0.394804 0.387289
-6.72065e-005 6.57751e-005 0.0387116
54
1
-0.502764 0.394685 0.309856
-5.19139e-005 5.20172e-005 0.0387211
55
1
-0.50267 0.394593 0.232406
-3.78926e-005 3.86451e-005 0.0387283
56
1
-0.502605 0.394528 0.154944
-2.48147e-005 2.55969e-005 0.0387333
57
1
-0.502567 0.394489 0.077474
-1.22865e-005 1.27544e-005 0.0387363
58
1
-0.502554 0.394476 3.26826e-018
-1.48341e-017 9.97703e-019 0.0387373
59
1
-0.502567 0.394489 -0.077474
1.22865e-005 -1.27544e-005 0.0387363
60
1
-0.502605 0.394528 -0.154944
2.48147e-005 -2.55969e-005 0.0387333
61
1
-0.50267 0.394593 -0.232406
3.78926e-005 -3.86451e-005 0.0387283
62
1
-0.502764 0.394685 -0.309856
5.19139e-005 -5.20172e-005 0.0387211
63
1
-0.502888 0.394804 -0.387289
6.72065e-005 -6.57751e-005 0.0387116
64
1
-0.503041 0.394953 -0.4647
8.36724e-005 -8.01547e-005 0.0386997
65
1
-0.503232 0.395131 -0.542086
0.000101698 -9.5236e-005 0.0386853
66
1
-0.503463 0.395341 -0.61944
0.000121829 -0.000111076 0.0386681
67
1
-0.503738 0.395582 -0.696756
0.000144659 -0.000127724 0.0386478
68
1
-0.504065 0.395862 -0.774029
0.000170937 -0.000145633 0.0386241
69
1
-0.504449 0.396181 -0.85125
0.000201225 -0.000165166 0.0385966
70
1
-0.5049 0.396544 -0.928412
0.000236254 -0.000186695 0.038565
71
1
-0.50543 0.396954 -1.00551
0.000277007 -0.000210614 0.0385287
72
1
-0.50605 0.397421 -1.08252
0.000324639 -0.000237572 0.0384872
73
1
-0.506778 0.39795 -1.15945
0.000380539 -0.000268346 0.0384398
74
1
-0.507631 0.398553 -1.23628
0.00044634 -0.000304155 0.0383859
75
1
-0.508631 0.399243 -1.31299
0.000524031 -0.000346299 0.0383248
76
1
-0.509805 0.400037 -1.38957
0.000615931 -0.000396543 0.0382554
77
1
-0.511184 0.400957 -1.46601
0.000724759 -0.000457345 0.0381769
78
1
-0.512803 0.402031 -1.54227
0.000853606 -0.000531984 0.0380882
79
1
-0.514703 0.403299 -1.61835
0.00100589 -0.000624911 0.037988
80
1
-0.516933 0.404809 -1.69422
0.00118529 -0.000742177 0.037875
81
1
-0.519544 0.406629 -1.76984
0.0013955 -0.00089208 0.0377477
82
1
-0.522594 0.408847 -1.8452
0.00163963 -0.00108611 0.037604
83
1
-0.526143 0.411584 -1.92024
0.00191951 -0.00134008 0.0374415
84
1
-0.530248 0.414993 -1.99495
0.00223457 -0.00167569 0.0372571
85
1
-0.534969 0.419276 -2.06925
0.00257952 -0.00212156 0.0370464
86
1
-0.540348 0.424668 -2.14311
0.00294471 -0.00271446 0.0368044
87
1
-0.546381 0.43142 -2.21646
0.00330692 -0.00349231 0.0365267
88
1
-0.552963 0.439768 -2.28927
0.00362682 -0.00448846 0.036214
89
1
-0.559701 0.449933 -2.36153
0.00382748 -0.00571502 0.0358773
90
1
-0.565841 0.462233 -2.4333
0.00378083 -0.0071666 0.0355334
91
1
-0.570231 0.477226 -2.50457
0.00333662 -0.00882183 0.035187
92
1
-0.57175 0.495771 -2.57515
0.00240495 -0.0105835 0.0348246
93
1
-0.569696 0.5188 -2.6446
0.000822843 -0.0121128 0.0344836
94
1
-0.564066 0.546074 -2.71287
-0.00207415 -0.0131677 0.0343304
95
1
-0.554022 0.576108 -2.78072
-0.00663176 -0.0143861 0.0344827
96
1
-0.537778 0.607866 -2.84874
-0.0108524 -0.0158334 0.0346393
97
1
-0.514683 0.640981 -2.91717
-0.0146341 -0.0166458 0.0352021
98
1
-0.485638 0.674095 -2.98627
-0.0167267 -0.0159958 0.0352349
99
1
-0.45115 0.706474 -3.0546
-0.0179679 -0.0153425 0.034349
100
1
-0.410493 0.737406 -3.11978
-0.020645 -0.0145891 0.0325282
101
1
-0.363165 0.765099 -3.1804
-0.0240331 -0.0128591 0.0299465
102
1
-0.308956 0.78821 -3.235
-0.0276179 -0.010637 0.0264574
103
1
-0.248359 0.80691 -3.2816
-0.0310919 -0.0082857 0.0219313
104
1
-0.182025 0.820921 -3.31839
-0.0340488 -0.00588321 0.0164925
105
1
-0.111155 0.830267 -3.34383
-0.0362076 -0.00352113 0.0102658
106
1
-0.0373834 0.834957 -3.35684
-0.0373531 -0.00117245 0.00348789
107
1
0.0373834 0.834957 -3.35684
-0.0373531 0.00117245 -0.00348789
108
1
0.111155 0.830267 -3.34383
-0.0362076 0.00352113 -0.0102658
109
1
0.182025 0.820921 -3.31839
-0.0340488 0.00588321 -0.0164925
110
1
0.248359 0.80691 -3.2816
-0.0310919 0.0082857 -0.0219313
111
1
0.308956 0.78821 -3.235
-0.0276179 0.010637 -0.0264574
112
1
0.363165 0.765099 -3.1804
-0.0240331 0.0128591 -0.0299465
113
1
0.410493 0.737406 -3.11978
-0.020645 0.0145891 -0.0325282
114
1
0.45115 0.706474 -3.0546
-0.0179679 0.0153425 -0.034349
115
1
0.485638 0.674095 -2.98627
-0.0167267 0.0159958 -0.0352349
116
1
0.514683 0.640981 -2.91717
-0.0146341 0.0166458 -0.0352021
117
1
0.537778 0.607866 -2.84874
-0.0108524 0.0158334 -0.0346393
118
1
0.554022 0.576108 -2.78072
-0.00663176 0.0143861 -0.0344827
119
1
0.564066 0.546074 -2.71287
-0.00207415 0.0131677 -0.0343304
120
1
0.569696 0.5188 -2.6446
0.000822843 0.0121128 -0.0344836
121
1
0.57175 0.495771 -2.57515
0.00240495 0.0105835 -0.0348246
122
1
0.570231 0.477226 -2.50457
0.00333662 0.00882183 -0.035187
123
1
0.565841 0.462233 -2.4333
0.00378083 0.0071666 -0.0355334
124
1
0.559701 0.449933 -2.36153
0.00382748 0.00571502 -0.0358773
125
1
0.552963 0.439768 -2.28927
0.00362682 0.00448846 -0.036214
126
1
0.546381 0.43142 -2.21646
0.00330692 0.00349231 -0.0365267
127
1
0.540348 0.424668 -2.14311
0.00294471 0.00271446 -0.0368044
128
1
0.534969 0.419276 -2.06925
0.00257952 0.00212156 -0.0370464
129
1
0.530248 0.414993 -1.99495
0.00223457 0.00167569 -0.0372571
130
1
0.526143 0.411584 -1.92024
0.00191951 0.00134008 -0.0374415
131
1
0.522594 0.408847 -1.8452
0.00163963 0.00108611 -0.037604
132
1
0.519544 0.406629 -1.76984
0.0013955 0.00089208 -0.0377477
133
1
0.516933 0.404809 -1.69422
0.00118529 0.000742177 -0.037875
134
1
0.514703 0.403299 -1.61835
0.00100589 0.000624911 -0.037988
135
1
0.512803 0.402031 -1.54227
0.000853606 0.000531984 -0.0380882
136
1
0.511184 0.400957 -1.46601
0.000724759 0.000457345 -0.0381769
137
1
0.509805 0.400037 -1.38957
0.000615931 0.000396543 -0.0382554
138
1
0.508631 0.399243 -1.31299
0.000524031 0.000346299 -0.0383248
139
1
0.507631 0.398553 -1.23628
0.00044634 0.000304155 -0.0383859
140
1
0.506778 0.39795 -1.15945
0.000380539 0.000268346 -0.0384398
141
1
0.50605 0.397421 -1.08252
0.000324639 0.000237572 -0.0384872
142
1
0.50543 0.396954 -1.00551
0.000277007 0.000210614 -0.0385287
143
1
0.5049 0.396544 -0.928412
0.000236254 0.000186695 -0.038565
144
1
0.504449 0.396181 -0.85125
0.000201225 0.000165166 -0.0385966
145
1
0.504065 0.395862 -0.774029
0.000170937 0.000145633 -0.0386241
146
1
0.503738 0.395582 -0.696756
0.000144659 0.000127724 -0.0386478
147
1
0.503463 0.395341 -0.61944
0.000121829 0.000111076 -0.0386681
148
1
0.503232 0.395131 -0.542086
0.000101698 9.5236e-005 -0.0386853
149
1
0.503041 0.394953 -0.4647
8.36724e-005 8.01547e-005 -0.0386997
150
1
0.502888 0.394804 -0.387289
6.72065e-005 6.57751e-005 -0.0387116
151
1
0.502764 0.394685 -0.309856
5.19139e-005 5.20172e-005 -0.0387211
152
1
0.50267 0.394593 -0.232406
3.78926e-005 3.86451e-005 -0.0387283
153
1
0.502605 0.394528 -0.154944
2.48147e-005 2.55969e-005 -0.0387333
154
1
0.502567 0.394489 -0.077474
1.22865e-005 1.27544e-005 -0.0387363
155
1
0.502554 0.394476 1.96414e-018
1.51963e-017 1.52335e-017 -0.0387373
156
1
0.502567 0.394489 0.077474
-1.22865e-005 -1.27544e-005 -0.0387363
157
1
0.502605 0.394528 0.154944
-2.48147e-005 -2.55969e-005 -0.0387333
158
1
0.50267 0.394593 0.232406
-3.78926e-005 -3.86451e-005 -0.0387283
159
1
0.502764 0.394685 0.309856
-5.19139e-005 -5.20172e-005 -0.0387211
160
1
0.502888 0.394804 0.387289
-6.72065e-005 -6.57751e-005 -0.0387116
161
1
0.503041 0.394953 0.4647
-8.36724e-005 -8.01547e-005 -0.0386997
162
1
0.503232 0.395131 0.542086
-0.000101698 -9.5236e-005 -0.0386853
163
1
0.503463 0.395341 0.61944
-0.000121829 -0.000111076 -0.0386681
164
1
0.503738 0.395582 0.696756
-0.000144659 -0.000127724 -0.0386478
165
1
0.504065 0.395862 0.774029
-0.000170937 -0.000145633 -0.0386241
166
1
0.504449 0.396181 0.85125
-0.000201225 -0.000165166 -0.0385966
167
1
0.5049 0.396544 0.928412
-0.000236254 -0.000186695 -0.038565
168
1
0.50543 0.396954 1.00551
-0.000277007 -0.000210614 -0.0385287
169
1
0.50605 0.397421 1.08252
-0.000324639 -0.000237572 -0.0384872
170
1
0.506778 0.39795 1.15945
-0.000380539 -0.000268346 -0.0384398
171
1
0.507631 0.398553 1.23628
-0.00044634 -0.000304155 -0.0383859
172
1
0.508631 0.399243 1.31299
-0.000524031 -0.000346299 -0.0383248
173
1
0.509805 0.400037 1.38957
-0.000615931 -0.000396543 -0.0382554
174
1
0.511184 0.400957 1.46601
-0.000724759 -0.000457345 -0.0381769
175
1
0.512803 0.402031 1.54227
-0.000853606 -0.000531984 -0.0380882
176
1
0.514703 0.403299 1.61835
-0.00100589 -0.000624911 -0.037988
177
1
0.516933 0.404809 1.69422
-0.00118529 -0.000742177 -0.037875
178
1
0.519544 0.406629 1.76984
-0.0013955 -0.00089208 -0.0377477
179
1
0.522594 0.408847 1.8452
-0.00163963 -0.00108611 -0.037604
180
1
0.526143 0.411584 1.92024
-0.00191951 -0.00134008 -0.0374415
181
1
0.530248 0.414993 1.99495
-0.00223457 -0.00167569 -0.0372571
182
1
0.534969 0.419276 2.06925
-0.00257952 -0.00212156 -0.0370464
183
1
0.540348 0.424668 2.14311
-0.00294471 -0.00271446 -0.0368044
184
1
0.546381 0.43142 2.21646
-0.00330692 -0.00349231 -0.0365267
185
1
0.552963 0.439768 2.28927
-0.00362682 -0.00448846 -0.036214
186
1
0.559701 0.449933 2.36153
-0.00382748 -0.00571502 -0.0358773
187
1
0.565841 0.462233 2.4333
-0.00378083 -0.0071666 -0.0355334
188
1
0.570231 0.477226 2.50457
-0.00333662 -0.00882183 -0.035187
189
1
0.57175 0.495771 2.57515
-0.00240495 -0.0105835 -0.0348246
190
1
0.569696 0.5188 2.6446
-0.000822843 -0.0121128 -0.0344836
191
1
0.564066 0.546074 2.71287
0.00207415 -0.0131677 -0.0343304
192
1
0.554022 0.576108 2.78072
0.00663176 -0.0143861 -0.0344827
193
1
0.537778 0.607866 2.84874
0.0108524 -0.0158334 -0.0346393
