194
0
1
0.485944 11.0281 1.97934
-0.0112292 0.0280355 -0.0361958
1
1
0.494148 10.9798 2.0527
-0.0060135 0.0193135 -0.0284369
2
1
0.487072 10.9407 2.1466
0.0117748 0.0108915 -0.0640483
3
1
0.464996 10.9031 2.24819
0.00960569 0.0195663 -0.0474774
4
1
0.432145 10.8516 2.33836
0.0256477 0.0343182 -0.0381355
5
1
0.395479 10.8007 2.41689
0.011908 0.0123152 -0.0220129
6
1
0.326397 10.7551 2.52903
0.0331542 0.0142048 -0.0664664
7
1
0.169525 10.7191 2.65145
0.0762528 0.00677268 -0.0145429
8
1
0.803773 6.69682 0.0610346
0.0405381 0.0287789 -0.00846054
9
1
1.27217 13.8896 0.0892534
-0.0140318 -0.0586556 0.00725993
10
1
-1.27405 13.8917 0.0700436
-0.0140739 0.0584607 -0.00936609
11
1
-0.804579 6.69817 0.0484786
0.0401424 -0.0286049 0.00965041
12
1
-0.169546 10.7191 2.65145
0.0762527 -0.0067721 0.0145437
13
1
-0.326419 10.7551 2.52902
0.0331541 -0.014205 0.0664664
14
1
-0.395502 10.8007 2.41688
0.0119082 -0.0123152 0.0220132
15
1
-0.432167 10.8516 2.33835
0.0256479 -0.0343183 0.038136
16
1
-0.465019 10.9031 2.24818
0.00960564 -0.0195661 0.0474776
17
1
-0.487095 10.9407 2.14659
0.0117745 -0.0108916 0.064048
18
1
-0.494171 10.9798 2.05269
-0.00601355 -0.0193137 0.0284368
19
1
-0.485966 11.0281 1.97933
-0.0112289 -0.0280357 0.0361959
20
1
-0.481503 11.0862 1.90999
5.36478e-005 -0.0332452 0.0355579
21
1
-0.490774 11.1554 1.84607
0.00829961 -0.0339891 0.0220255
22
1
-0.513509 11.2295 1.79122
0.0183673 -0.0422352 0.0250456
23
1
-0.542011 11.304 1.73658
0.0177709 -0.0392466 0.0293506
24
1
-0.569967 11.3694 1.68248
0.0120782 -0.023119 0.0220782
25
1
-0.596086 11.4227 1.63098
0.0133705 -0.0238018 0.0239807
26
1
-0.619292 11.4711 1.58103
0.0127615 -0.0242798 0.0241603
27
1
-0.637446 11.5167 1.53279
0.00841131 -0.020247 0.0218195
28
1
-0.650903 11.5607 1.48415
0.00263647 -0.0195268 0.0212487
29
1
-0.657906 11.6052 1.43213
-0.000450604 -0.0230289 0.0272581
30
1
-0.656876 11.649 1.3801
-0.00378296 -0.0183046 0.0254295
31
1
-0.652657 11.6931 1.32851
-0.00271842 -0.0182361 0.0244548
32
1
-0.647475 11.7384 1.27586
-9.6526e-005 -0.0258041 0.0286244
33
1
-0.641134 11.7837 1.22485
-0.00278651 -0.0265818 0.0290993
34
1
-0.632122 11.827 1.17518
-0.00598869 -0.0226885 0.0263858
35
1
-0.619712 11.8703 1.12564
-0.00644641 -0.0218904 0.0257268
36
1
-0.604794 11.9125 1.07742
-0.00889865 -0.0212127 0.0243629
37
1
-0.587503 11.9547 1.03216
-0.0113512 -0.0215625 0.0228416
38
1
-0.568798 11.9967 0.98911
-0.00973124 -0.0207202 0.0199844
39
1
-0.549641 12.0377 0.94986
-0.00733906 -0.0165327 0.0167675
40
1
-0.530537 12.0755 0.915426
-0.0084324 -0.0151637 0.0157879
41
1
-0.512066 12.1118 0.884299
-0.00947885 -0.0160603 0.0142861
42
1
-0.493489 12.149 0.854729
-0.00839909 -0.017189 0.0137959
43
1
-0.47444 12.1876 0.8262
-0.00857417 -0.0197066 0.0147814
44
1
-0.454228 12.2279 0.798427
-0.0115496 -0.0232799 0.0150425
45
1
-0.431497 12.2708 0.771923
-0.0124922 -0.0227391 0.013162
46
1
-0.407526 12.3157 0.74825
-0.011084 -0.0198646 0.010581
47
1
-0.383113 12.361 0.728926
-0.0120621 -0.0223262 0.00843645
48
1
-0.358001 12.4087 0.713157
-0.0127463 -0.0270356 0.00726297
49
1
-0.332557 12.4581 0.702167
-0.0129229 -0.0275509 0.00371385
50
1
-0.306404 12.5081 0.696093
-0.0122583 -0.0257443 -1.64232e-005
51
1
-0.272407 12.5571 0.69668
-0.0124061 -0.0271725 -0.000261943
52
1
-0.22896 12.6026 0.700525
-0.016733 -0.0279988 0.000453871
53
1
-0.178574 12.6472 0.708316
-0.0416263 -0.0270969 -0.00391705
54
1
-0.128434 12.7091 0.742742
-0.0679351 -0.0146371 -0.0352482
55
1
-0.0760314 12.7776 0.790379
0.0174101 -0.0690637 -0.000596958
56
1
-0.0153883 12.8565 0.570325
0.00964893 -0.0473838 0.0611026
57
1
-0.0418474 13.1236 0.27456
0.00897272 -0.00184633 0.077381
58
1
-0.044333 13.2033 6.21188e-006
2.43064e-006 8.92157e-007 0.0779221
59
1
-0.041831 13.1236 -0.274555
-0.0089849 0.00183984 0.0773799
60
1
-0.0153631 12.8566 -0.57031
-0.00965376 0.0473811 0.0611039
61
1
-0.0759971 12.7776 -0.790378
-0.0174337 0.0690634 -0.000585115
62
1
-0.128391 12.7091 -0.742742
0.0679364 0.0146376 -0.0352454
63
1
-0.17852 12.6472 -0.708314
0.0416304 0.0270986 -0.00391257
64
1
-0.228911 12.6026 -0.700529
0.0167334 0.0279987 0.000455829
65
1
-0.272359 12.5571 -0.696687
0.012406 0.0271723 -0.000260615
66
1
-0.306356 12.5081 -0.696102
0.0122583 0.0257442 -1.53227e-005
67
1
-0.33251 12.4581 -0.702177
0.0129231 0.0275507 0.00371485
68
1
-0.357955 12.4087 -0.713168
0.0127467 0.0270355 0.00726382
69
1
-0.383067 12.361 -0.728939
0.0120626 0.0223261 0.00843713
70
1
-0.407482 12.3157 -0.748263
0.0110845 0.0198646 0.0105816
71
1
-0.431453 12.2708 -0.771937
0.0124927 0.0227391 0.0131626
72
1
-0.454186 12.2279 -0.798442
0.0115501 0.0232799 0.015043
73
1
-0.474399 12.1876 -0.826217
0.00857463 0.0197066 0.0147817
74
1
-0.493448 12.149 -0.854747
0.00839951 0.017189 0.0137961
75
1
-0.512027 12.1118 -0.884316
0.00947925 0.0160603 0.0142864
76
1
-0.530499 12.0755 -0.915444
0.00843278 0.0151637 0.015788
77
1
-0.549603 12.0377 -0.949878
0.00733942 0.0165327 0.0167676
78
1
-0.568761 11.9967 -0.989129
0.00973165 0.0207202 0.0199845
79
1
-0.587467 11.9547 -1.03218
0.0113516 0.0215625 0.0228417
80
1
-0.604759 11.9125 -1.07744
0.00889905 0.0212127 0.0243629
81
1
-0.619678 11.8703 -1.12566
0.00644679 0.0218904 0.0257267
82
1
-0.632088 11.827 -1.1752
0.00598908 0.0226885 0.0263857
83
1
-0.641101 11.7837 -1.22487
0.00278687 0.0265818 0.0290991
84
1
-0.647443 11.7384 -1.27588
9.6837e-005 0.0258041 0.0286242
85
1
-0.652626 11.6931 -1.32853
0.0027187 0.0182362 0.0244547
86
1
-0.656845 11.649 -1.38012
0.00378326 0.0183047 0.0254293
87
1
-0.657876 11.6052 -1.43215
0.000450872 0.0230289 0.0272578
88
1
-0.650873 11.5607 -1.48417
-0.00263626 0.0195268 0.0212484
89
1
-0.637417 11.5167 -1.5328
-0.00841107 0.020247 0.0218191
90
1
-0.619264 11.4711 -1.58105
-0.0127612 0.0242798 0.0241597
91
1
-0.596058 11.4227 -1.63099
-0.0133702 0.0238019 0.0239802
92
1
-0.569939 11.3694 -1.6825
-0.0120779 0.0231191 0.0220777
93
1
-0.541984 11.304 -1.73659
-0.0177703 0.0392467 0.0293497
94
1
-0.513484 11.2295 -1.79123
-0.0183667 0.0422351 0.0250448
95
1
-0.49075 11.1554 -1.84607
-0.00829913 0.0339889 0.022025
96
1
-0.48148 11.0862 -1.91
-5.31457e-005 0.033245 0.0355576
97
1
-0.485944 11.0281 -1.97934
0.0112292 0.0280355 0.0361958
98
1
-0.494148 10.9798 -2.0527
0.00601351 0.0193135 0.0284369
99
1
-0.487072 10.9407 -2.1466
-0.0117748 0.0108915 0.0640483
100
1
-0.464996 10.9031 -2.24819
-0.00960569 0.0195663 0.0474774
101
1
-0.432145 10.8516 -2.33836
-0.0256477 0.0343182 0.0381355
102
1
-0.395479 10.8007 -2.41689
-0.011908 0.0123152 0.0220129
103
1
-0.326397 10.7551 -2.52903
-0.0331542 0.0142048 0.0664664
104
1
-0.169525 10.7191 -2.65145
-0.0762528 0.00677268 0.0145429
105
1
-0.803767 6.69681 -0.0610855
-0.0405393 0.0287797 0.00845491
106
1
-1.27216 13.8896 -0.0892901
0.0140327 -0.0586563 -0.00725912
107
1
1.27404 13.8917 -0.0700805
0.0140749 0.0584614 0.00936531
108
1
0.804574 6.69816 -0.0485297
-0.0401438 -0.0286057 -0.00964483
109
1
0.169546 10.7191 -2.65145
-0.0762527 -0.00677211 -0.0145437
110
1
0.326419 10.7551 -2.52902
-0.0331541 -0.014205 -0.0664664
111
1
0.395502 10.8007 -2.41688
-0.0119082 -0.0123152 -0.0220132
112
1
0.432167 10.8516 -2.33835
-0.0256479 -0.0343183 -0.038136
113
1
0.465019 10.9031 -2.24818
-0.00960564 -0.0195661 -0.0474776
114
1
0.487095 10.9407 -2.14659
-0.0117745 -0.0108916 -0.064048
115
1
0.494171 10.9798 -2.05269
0.00601355 -0.0193137 -0.0284368
116
1
0.485966 11.0281 -1.97933
0.0112289 -0.0280357 -0.0361959
117
1
0.481503 11.0862 -1.90999
-5.36487e-005 -0.0332452 -0.0355579
118
1
0.490774 11.1554 -1.84607
-0.00829961 -0.0339891 -0.0220255
119
1
0.513509 11.2295 -1.79122
-0.0183673 -0.0422352 -0.0250456
120
1
0.542011 11.304 -1.73658
-0.0177709 -0.0392466 -0.0293506
121
1
0.569967 11.3694 -1.68248
-0.0120782 -0.023119 -0.0220782
122
1
0.596086 11.4227 -1.63098
-0.0133705 -0.0238018 -0.0239807
123
1
0.619292 11.4711 -1.58104
-0.0127615 -0.0242798 -0.0241603
124
1
0.637446 11.5167 -1.53279
-0.00841131 -0.020247 -0.0218195
125
1
0.650903 11.5607 -1.48415
-0.00263647 -0.0195268 -0.0212487
126
1
0.657906 11.6052 -1.43213
0.000450604 -0.0230289 -0.0272581
127
1
0.656876 11.649 -1.3801
0.00378296 -0.0183046 -0.0254295
128
1
0.652657 11.6931 -1.32851
0.00271842 -0.0182361 -0.0244548
129
1
0.647475 11.7384 -1.27586
9.65259e-005 -0.0258041 -0.0286244
130
1
0.641134 11.7837 -1.22485
0.00278651 -0.0265818 -0.0290993
131
1
0.632122 11.827 -1.17518
0.00598869 -0.0226885 -0.0263858
132
1
0.619712 11.8703 -1.12564
0.00644641 -0.0218904 -0.0257268
133
1
0.604794 11.9125 -1.07742
0.00889865 -0.0212127 -0.0243629
134
1
0.587503 11.9547 -1.03216
0.0113512 -0.0215625 -0.0228416
135
1
0.568798 11.9967 -0.98911
0.00973124 -0.0207202 -0.0199844
136
1
0.549641 12.0377 -0.94986
0.00733906 -0.0165327 -0.0167675
137
1
0.530537 12.0755 -0.915426
0.0084324 -0.0151637 -0.0157879
138
1
0.512066 12.1118 -0.884299
0.00947885 -0.0160603 -0.0142861
139
1
0.493489 12.149 -0.85473
0.00839909 -0.017189 -0.0137959
140
1
0.47444 12.1876 -0.8262
0.00857416 -0.0197066 -0.0147814
141
1
0.454228 12.2279 -0.798427
0.0115496 -0.0232799 -0.0150425
142
1
0.431497 12.2708 -0.771923
0.0124922 -0.0227391 -0.013162
143
1
0.407526 12.3157 -0.74825
0.011084 -0.0198646 -0.010581
144
1
0.383113 12.361 -0.728926
0.0120621 -0.0223262 -0.00843645
145
1
0.358001 12.4087 -0.713157
0.0127463 -0.0270356 -0.00726297
146
1
0.332557 12.4581 -0.702167
0.0129229 -0.0275509 -0.00371385
147
1
0.306404 12.5081 -0.696093
0.0122583 -0.0257443 1.64181e-005
148
1
0.272407 12.5571 -0.69668
0.0124061 -0.0271725 0.000261936
149
1
0.22896 12.6026 -0.700525
0.016733 -0.0279988 -0.000453879
150
1
0.178574 12.6472 -0.708316
0.0416262 -0.0270969 0.00391706
151
1
0.128434 12.7091 -0.742743
0.0679351 -0.014637 0.0352482
152
1
0.0760315 12.7776 -0.790379
-0.01741 -0.0690637 0.000597099
153
1
0.0153882 12.8565 -0.570325
-0.00964892 -0.0473839 -0.0611025
154
1
0.0418473 13.1236 -0.274561
-0.00897273 -0.00184634 -0.077381
155
1
0.044333 13.2033 -6.41464e-006
-2.44315e-006 8.96295e-007 -0.0779221
156
1
0.041831 13.1236 0.274554
0.0089849 0.00183984 -0.0773799
157
1
0.0153631 12.8566 0.57031
0.00965377 0.047381 -0.061104
158
1
0.075997 12.7776 0.790378
0.0174338 0.0690635 0.000584975
159
1
0.128391 12.7091 0.742742
-0.0679364 0.0146376 0.0352453
160
1
0.17852 12.6472 0.708314
-0.0416304 0.0270986 0.00391256
161
1
0.228911 12.6026 0.700529
-0.0167334 0.0279987 -0.00045582
162
1
0.272359 12.5571 0.696687
-0.012406 0.0271723 0.000260622
163
1
0.306356 12.5081 0.696102
-0.0122583 0.0257442 1.53279e-005
164
1
0.33251 12.4581 0.702176
-0.0129231 0.0275507 -0.00371484
165
1
0.357955 12.4087 0.713168
-0.0127467 0.0270355 -0.00726382
166
1
0.383067 12.361 0.728939
-0.0120626 0.0223261 -0.00843713
167
1
0.407482 12.3157 0.748263
-0.0110845 0.0198646 -0.0105816
168
1
0.431453 12.2708 0.771937
-0.0124927 0.0227391 -0.0131626
169
1
0.454186 12.2279 0.798442
-0.0115501 0.0232799 -0.015043
170
1
0.474399 12.1876 0.826216
-0.00857463 0.0197066 -0.0147817
171
1
0.493448 12.149 0.854746
-0.00839951 0.017189 -0.0137961
172
1
0.512027 12.1118 0.884316
-0.00947925 0.0160603 -0.0142864
173
1
0.530499 12.0755 0.915444
-0.00843278 0.0151637 -0.015788
174
1
0.549603 12.0377 0.949878
-0.00733942 0.0165327 -0.0167676
175
1
0.568761 11.9967 0.989128
-0.00973165 0.0207202 -0.0199845
176
1
0.587467 11.9547 1.03218
-0.0113516 0.0215625 -0.0228417
177
1
0.604759 11.9125 1.07744
-0.00889905 0.0212127 -0.0243629
178
1
0.619678 11.8703 1.12566
-0.00644679 0.0218904 -0.0257267
179
1
0.632088 11.827 1.17519
-0.00598908 0.0226885 -0.0263857
180
1
0.641101 11.7837 1.22487
-0.00278687 0.0265818 -0.0290991
181
1
0.647443 11.7384 1.27588
-9.68371e-005 0.0258041 -0.0286242
182
1
0.652626 11.6931 1.32853
-0.0027187 0.0182362 -0.0244547
183
1
0.656845 11.649 1.38012
-0.00378326 0.0183047 -0.0254293
184
1
0.657876 11.6052 1.43215
-0.000450872 0.0230289 -0.0272578
185
1
0.650873 11.5607 1.48417
0.00263626 0.0195268 -0.0212484
186
1
0.637417 11.5167 1.5328
0.00841107 0.020247 -0.0218191
187
1
0.619264 11.4711 1.58105
0.0127612 0.0242798 -0.0241597
188
1
0.596058 11.4227 1.63099
0.0133702 0.0238019 -0.0239802
189
1
0.569939 11.3694 1.6825
0.0120779 0.0231191 -0.0220777
190
1
0.541984 11.304 1.73659
0.0177703 0.0392467 -0.0293497
191
1
0.513484 11.2295 1.79123
0.0183667 0.0422351 -0.0250448
192
1
0.49075 11.1554 1.84607
0.00829913 0.0339889 -0.022025
193
1
0.48148 11.0862 1.91
5.31449e-005 0.033245 -0.0355576
