194
0
1
0.839365 2.32094 1.74877
0.0315366 -0.0237591 -0.0209443
1
1
0.775384 2.36534 1.78978
0.0346197 -0.0223133 -0.0204219
2
1
0.704195 2.40732 1.82983
0.037532 -0.0202619 -0.0197164
3
1
0.626716 2.44643 1.86798
0.0407141 -0.018651 -0.0189718
4
1
0.542966 2.48261 1.90222
0.0431655 -0.0167422 -0.0160174
5
1
0.453617 2.51523 1.93115
0.0457731 -0.014721 -0.0126452
6
1
0.358986 2.54308 1.95384
0.0485099 -0.0122359 -0.00894704
7
1
0.259707 2.56458 1.97036
0.0506993 -0.00877884 -0.00591119
8
1
0.157092 2.5794 1.98171
0.0519752 -0.00554114 -0.00386711
9
1
0.0525756 2.58741 1.98781
0.0525946 -0.00206777 -0.00141023
10
1
-0.0525756 2.58741 1.98781
0.0525946 0.00206777 0.00141023
11
1
-0.157092 2.5794 1.98171
0.0519752 0.00554114 0.00386711
12
1
-0.259707 2.56458 1.97036
0.0506993 0.00877884 0.00591119
13
1
-0.358986 2.54308 1.95384
0.0485099 0.0122359 0.00894704
14
1
-0.453617 2.51523 1.93115
0.0457731 0.014721 0.0126452
15
1
-0.542966 2.48261 1.90222
0.0431655 0.0167422 0.0160174
16
1
-0.626716 2.44643 1.86798
0.0407141 0.018651 0.0189718
17
1
-0.704195 2.40732 1.82983
0.037532 0.0202619 0.0197164
18
1
-0.775384 2.36534 1.78978
0.0346197 0.0223133 0.0204219
19
1
-0.839365 2.32094 1.74877
0.0315366 0.0237591 0.0209443
20
1
-0.895679 2.27526 1.70734
0.0270265 0.0237443 0.0206688
21
1
-0.944654 2.22915 1.66517
0.0232127 0.0231491 0.0215115
22
1
-0.987016 2.18368 1.62204
0.0198958 0.0224607 0.0219411
23
1
-1.02335 2.1387 1.57809
0.017234 0.0219779 0.0221091
24
1
-1.05441 2.0941 1.53421
0.0145206 0.0217626 0.0220946
25
1
-1.08084 2.0499 1.49069
0.0124928 0.0218859 0.0218402
26
1
-1.10242 2.00545 1.44788
0.010517 0.0221418 0.0208839
27
1
-1.11951 1.96045 1.40667
0.00833232 0.0223041 0.0198983
28
1
-1.13237 1.91566 1.36653
0.00612834 0.0220777 0.0198065
29
1
-1.14057 1.87165 1.32661
0.00334816 0.0215295 0.0200778
30
1
-1.14384 1.82856 1.28665
-8.13315e-005 0.0210392 0.0200735
31
1
-1.14258 1.78652 1.24633
-0.00316313 0.0206497 0.0200675
32
1
-1.13737 1.74615 1.20489
-0.00530717 0.0200108 0.020467
33
1
-1.12826 1.70816 1.16181
-0.0068918 0.0189037 0.0212225
34
1
-1.1153 1.67269 1.11729
-0.00833952 0.0175462 0.0220529
35
1
-1.09895 1.63953 1.07172
-0.00961599 0.0163086 0.022757
36
1
-1.08005 1.60842 1.0252
-0.0105917 0.0153419 0.0233041
37
1
-1.05896 1.57951 0.977692
-0.0113381 0.0145694 0.0237148
38
1
-1.03547 1.55292 0.929552
-0.0120539 0.0138544 0.0239625
39
1
-1.00907 1.52835 0.881641
-0.0129116 0.0131003 0.0239808
40
1
-0.979694 1.50517 0.834834
-0.0139905 0.0122289 0.0237465
41
1
-0.94782 1.48283 0.789486
-0.0152934 0.0111762 0.0232972
42
1
-0.914226 1.46146 0.745221
-0.0167567 0.00991611 0.0227111
43
1
-0.879403 1.44194 0.701313
-0.0182299 0.00845324 0.0220891
44
1
-0.843402 1.42555 0.65728
-0.0195101 0.00679352 0.0215319
45
1
-0.806049 1.41332 0.613209
-0.020424 0.0049627 0.0210975
46
1
-0.767376 1.40552 0.569501
-0.0208798 0.00303018 0.0208167
47
1
-0.727849 1.40177 0.526368
-0.0208605 0.00108852 0.0207289
48
1
-0.688302 1.40135 0.483561
-0.0203997 -0.000745586 0.0208633
49
1
-0.649752 1.40359 0.440477
-0.0195471 -0.00234527 0.0212128
50
1
-0.613205 1.40797 0.396495
-0.0183426 -0.00360339 0.0217386
51
1
-0.579507 1.41407 0.35122
-0.0168168 -0.00445219 0.0223895
52
1
-0.549298 1.42132 0.304513
-0.014999 -0.00486353 0.0231153
53
1
-0.523043 1.42911 0.256394
-0.0129238 -0.00484296 0.0238699
54
1
-0.501083 1.43668 0.206965
-0.0106254 -0.00442159 0.0246042
55
1
-0.483693 1.44336 0.156374
-0.00814168 -0.00365189 0.025264
56
1
-0.471093 1.44856 0.104825
-0.00550845 -0.00260023 0.0257914
57
1
-0.46345 1.45184 0.0525918
-0.00277879 -0.00134877 0.0261337
58
1
-0.460886 1.45296 -3.71356e-016
1.53187e-016 -1.27704e-017 0.0262525
59
1
-0.46345 1.45184 -0.0525918
0.00277879 0.00134877 0.0261337
60
1
-0.471093 1.44856 -0.104825
0.00550845 0.00260023 0.0257914
61
1
-0.483693 1.44336 -0.156374
0.00814168 0.00365189 0.025264
62
1
-0.501083 1.43668 -0.206965
0.0106254 0.00442159 0.0246042
63
1
-0.523043 1.42911 -0.256394
0.0129238 0.00484296 0.0238699
64
1
-0.549298 1.42132 -0.304513
0.014999 0.00486353 0.0231153
65
1
-0.579507 1.41407 -0.35122
0.0168168 0.00445219 0.0223895
66
1
-0.613205 1.40797 -0.396495
0.0183426 0.00360339 0.0217386
67
1
-0.649752 1.40359 -0.440477
0.0195471 0.00234527 0.0212128
68
1
-0.688302 1.40135 -0.483561
0.0203997 0.000745586 0.0208633
69
1
-0.727849 1.40177 -0.526368
0.0208605 -0.00108852 0.0207289
70
1
-0.767376 1.40552 -0.569501
0.0208798 -0.00303018 0.0208167
71
1
-0.806049 1.41332 -0.613209
0.020424 -0.0049627 0.0210975
72
1
-0.843402 1.42555 -0.65728
0.0195101 -0.00679352 0.0215319
73
1
-0.879403 1.44194 -0.701313
0.0182299 -0.00845324 0.0220891
74
1
-0.914226 1.46146 -0.745221
0.0167567 -0.00991611 0.0227111
75
1
-0.94782 1.48283 -0.789486
0.0152934 -0.0111762 0.0232972
76
1
-0.979694 1.50517 -0.834834
0.0139905 -0.0122289 0.0237465
77
1
-1.00907 1.52835 -0.881641
0.0129116 -0.0131003 0.0239808
78
1
-1.03547 1.55292 -0.929552
0.0120539 -0.0138544 0.0239625
79
1
-1.05896 1.57951 -0.977692
0.0113381 -0.0145694 0.0237148
80
1
-1.08005 1.60842 -1.0252
0.0105917 -0.0153419 0.0233041
81
1
-1.09895 1.63953 -1.07172
0.00961599 -0.0163086 0.022757
82
1
-1.1153 1.67269 -1.11729
0.00833952 -0.0175462 0.0220529
83
1
-1.12826 1.70816 -1.16181
0.0068918 -0.0189037 0.0212225
84
1
-1.13737 1.74615 -1.20489
0.00530717 -0.0200108 0.020467
85
1
-1.14258 1.78652 -1.24633
0.00316313 -0.0206497 0.0200675
86
1
-1.14384 1.82856 -1.28665
8.13315e-005 -0.0210392 0.0200735
87
1
-1.14057 1.87165 -1.32661
-0.00334816 -0.0215295 0.0200778
88
1
-1.13237 1.91566 -1.36653
-0.00612834 -0.0220777 0.0198065
89
1
-1.11951 1.96045 -1.40667
-0.00833232 -0.0223041 0.0198983
90
1
-1.10242 2.00545 -1.44788
-0.010517 -0.0221418 0.0208839
91
1
-1.08084 2.0499 -1.49069
-0.0124928 -0.0218859 0.0218402
92
1
-1.05441 2.0941 -1.53421
-0.0145206 -0.0217626 0.0220946
93
1
-1.02335 2.1387 -1.57809
-0.017234 -0.0219779 0.0221091
94
1
-0.987016 2.18368 -1.62204
-0.0198958 -0.0224607 0.0219411
95
1
-0.944654 2.22915 -1.66517
-0.0232127 -0.0231491 0.0215115
96
1
-0.895679 2.27526 -1.70734
-0.0270265 -0.0237443 0.0206688
97
1
-0.839365 2.32094 -1.74877
-0.0315366 -0.0237591 0.0209443
98
1
-0.775384 2.36534 -1.78978
-0.0346197 -0.0223133 0.0204219
99
1
-0.704195 2.40732 -1.82983
-0.037532 -0.0202619 0.0197164
100
1
-0.626716 2.44643 -1.86798
-0.0407141 -0.018651 0.0189718
101
1
-0.542966 2.48261 -1.90222
-0.0431655 -0.0167422 0.0160174
102
1
-0.453617 2.51523 -1.93115
-0.0457731 -0.014721 0.0126452
103
1
-0.358986 2.54308 -1.95384
-0.0485099 -0.0122359 0.00894704
104
1
-0.259707 2.56458 -1.97036
-0.0506993 -0.00877884 0.00591119
105
1
-0.157092 2.5794 -1.98171
-0.0519752 -0.00554114 0.00386711
106
1
-0.0525756 2.58741 -1.98781
-0.0525946 -0.00206777 0.00141023
107
1
0.0525756 2.58741 -1.98781
-0.0525946 0.00206777 -0.00141023
108
1
0.157092 2.5794 -1.98171
-0.0519752 0.00554114 -0.00386711
109
1
0.259707 2.56458 -1.97036
-0.0506993 0.00877884 -0.00591119
110
1
0.358986 2.54308 -1.95384
-0.0485099 0.0122359 -0.00894704
111
1
0.453617 2.51523 -1.93115
-0.0457731 0.014721 -0.0126452
112
1
0.542966 2.48261 -1.90222
-0.0431655 0.0167422 -0.0160174
113
1
0.626716 2.44643 -1.86798
-0.0407141 0.018651 -0.0189718
114
1
0.704195 2.40732 -1.82983
-0.037532 0.0202619 -0.0197164
115
1
0.775384 2.36534 -1.78978
-0.0346197 0.0223133 -0.0204219
116
1
0.839365 2.32094 -1.74877
-0.0315366 0.0237591 -0.0209443
117
1
0.895679 2.27526 -1.70734
-0.0270265 0.0237443 -0.0206688
118
1
0.944654 2.22915 -1.66517
-0.0232127 0.0231491 -0.0215115
119
1
0.987016 2.18368 -1.62204
-0.0198958 0.0224607 -0.0219411
120
1
1.02335 2.1387 -1.57809
-0.017234 0.0219779 -0.0221091
121
1
1.05441 2.0941 -1.53421
-0.0145206 0.0217626 -0.0220946
122
1
1.08084 2.0499 -1.49069
-0.0124928 0.0218859 -0.0218402
123
1
1.10242 2.00545 -1.44788
-0.010517 0.0221418 -0.0208839
124
1
1.11951 1.96045 -1.40667
-0.00833232 0.0223041 -0.0198983
125
1
1.13237 1.91566 -1.36653
-0.00612834 0.0220777 -0.0198065
126
1
1.14057 1.87165 -1.32661
-0.00334816 0.0215295 -0.0200778
127
1
1.14384 1.82856 -1.28665
8.13315e-005 0.0210392 -0.0200735
128
1
1.14258 1.78652 -1.24633
0.00316313 0.0206497 -0.0200675
129
1
1.13737 1.74615 -1.20489
0.00530717 0.0200108 -0.020467
130
1
1.12826 1.70816 -1.16181
0.0068918 0.0189037 -0.0212225
131
1
1.1153 1.67269 -1.11729
0.00833952 0.0175462 -0.0220529
132
1
1.09895 1.63953 -1.07172
0.00961599 0.0163086 -0.022757
133
1
1.08005 1.60842 -1.0252
0.0105917 0.0153419 -0.0233041
134
1
1.05896 1.57951 -0.977692
0.0113381 0.0145694 -0.0237148
135
1
1.03547 1.55292 -0.929552
0.0120539 0.0138544 -0.0239625
136
1
1.00907 1.52835 -0.881641
0.0129116 0.0131003 -0.0239808
137
1
0.979694 1.50517 -0.834834
0.0139905 0.0122289 -0.0237465
138
1
0.94782 1.48283 -0.789486
0.0152934 0.0111762 -0.0232972
139
1
0.914226 1.46146 -0.745221
0.0167567 0.00991611 -0.0227111
140
1
0.879403 1.44194 -0.701313
0.0182299 0.00845324 -0.0220891
141
1
0.843402 1.42555 -0.65728
0.0195101 0.00679352 -0.0215319
142
1
0.806049 1.41332 -0.613209
0.020424 0.0049627 -0.0210975
143
1
0.767376 1.40552 -0.569501
0.0208798 0.00303018 -0.0208167
144
1
0.727849 1.40177 -0.526368
0.0208605 0.00108852 -0.0207289
145
1
0.688302 1.40135 -0.483561
0.0203997 -0.000745586 -0.0208633
146
1
0.649752 1.40359 -0.440477
0.0195471 -0.00234527 -0.0212128
147
1
0.613205 1.40797 -0.396495
0.0183426 -0.00360339 -0.0217386
148
1
0.579507 1.41407 -0.35122
0.0168168 -0.00445219 -0.0223895
149
1
0.549298 1.42132 -0.304513
0.014999 -0.00486353 -0.0231153
150
1
0.523043 1.42911 -0.256394
0.0129238 -0.00484296 -0.0238699
151
1
0.501083 1.43668 -0.206965
0.0106254 -0.00442159 -0.0246042
152
1
0.483693 1.44336 -0.156374
0.00814168 -0.00365189 -0.025264
153
1
0.471093 1.44856 -0.104825
0.00550845 -0.00260023 -0.0257914
154
1
0.46345 1.45184 -0.0525918
0.00277879 -0.00134877 -0.0261337
155
1
0.460886 1.45296 -2.85945e-016
1.47464e-016 3.1793e-017 -0.0262525
156
1
0.46345 1.45184 0.0525918
-0.00277879 0.00134877 -0.0261337
157
1
0.471093 1.44856 0.104825
-0.00550845 0.00260023 -0.0257914
158
1
0.483693 1.44336 0.156374
-0.00814168 0.00365189 -0.025264
159
1
0.501083 1.43668 0.206965
-0.0106254 0.00442159 -0.0246042
160
1
0.523043 1.42911 0.256394
-0.0129238 0.00484296 -0.0238699
161
1
0.549298 1.42132 0.304513
-0.014999 0.00486353 -0.0231153
162
1
0.579507 1.41407 0.35122
-0.0168168 0.00445219 -0.0223895
163
1
0.613205 1.40797 0.396495
-0.0183426 0.00360339 -0.0217386
164
1
0.649752 1.40359 0.440477
-0.0195471 0.00234527 -0.0212128
165
1
0.688302 1.40135 0.483561
-0.0203997 0.000745586 -0.0208633
166
1
0.727849 1.40177 0.526368
-0.0208605 -0.00108852 -0.0207289
167
1
0.767376 1.40552 0.569501
-0.0208798 -0.00303018 -0.0208167
168
1
0.806049 1.41332 0.613209
-0.020424 -0.0049627 -0.0210975
169
1
0.843402 1.42555 0.65728
-0.0195101 -0.00679352 -0.0215319
170
1
0.879403 1.44194 0.701313
-0.0182299 -0.00845324 -0.0220891
171
1
0.914226 1.46146 0.745221
-0.0167567 -0.00991611 -0.0227111
172
1
0.94782 1.48283 0.789486
-0.0152934 -0.0111762 -0.0232972
173
1
0.979694 1.50517 0.834834
-0.0139905 -0.0122289 -0.0237465
174
1
1.00907 1.52835 0.881641
-0.0129116 -0.0131003 -0.0239808
175
1
1.03547 1.55292 0.929552
-0.0120539 -0.0138544 -0.0239625
176
1
1.05896 1.57951 0.977692
-0.0113381 -0.0145694 -0.0237148
177
1
1.08005 1.60842 1.0252
-0.0105917 -0.0153419 -0.0233041
178
1
1.09895 1.63953 1.07172
-0.00961599 -0.0163086 -0.022757
179
1
1.1153 1.67269 1.11729
-0.00833952 -0.0175462 -0.0220529
180
1
1.12826 1.70816 1.16181
-0.0068918 -0.0189037 -0.0212225
181
1
1.13737 1.74615 1.20489
-0.00530717 -0.0200108 -0.020467
182
1
1.14258 1.78652 1.24633
-0.00316313 -0.0206497 -0.0200675
183
1
1.14384 1.82856 1.28665
-8.13315e-005 -0.0210392 -0.0200735
184
1
1.14057 1.87165 1.32661
0.00334816 -0.0215295 -0.0200778
185
1
1.13237 1.91566 1.36653
0.00612834 -0.0220777 -0.0198065
186
1
1.11951 1.96045 1.40667
0.00833232 -0.0223041 -0.0198983
187
1
1.10242 2.00545 1.44788
0.010517 -0.0221418 -0.0208839
188
1
1.08084 2.0499 1.49069
0.0124928 -0.0218859 -0.0218402
189
1
1.05441 2.0941 1.53421
0.0145206 -0.0217626 -0.0220946
190
1
1.02335 2.1387 1.57809
0.017234 -0.0219779 -0.0221091
191
1
0.987016 2.18368 1.62204
0.0198958 -0.0224607 -0.0219411
192
1
0.944654 2.22915 1.66517
0.0232127 -0.0231491 -0.0215115
193
1
0.895679 2.27526 1.70734
0.0270265 -0.0237443 -0.0206688
