194
0
1
0.77742 9.89112 0.859878
0.0151139 0.0494671 -0.0040717
1
1
0.756249 9.80545 0.864745
0.011465 0.0389647 -0.00683812
2
1
0.716665 9.71823 0.878553
0.0224446 0.0436348 -0.0098421
3
1
0.65462 9.62534 0.896534
0.0406237 0.0518058 -0.0112438
4
1
0.58079 9.53748 0.906695
0.0389387 0.0430495 -0.00202986
5
1
0.495881 9.45439 0.90332
0.0414558 0.0372851 0.00731967
6
1
0.379992 9.39512 0.887082
0.0568481 0.0169555 0.0110891
7
1
0.195452 9.39447 0.859048
0.0576631 -0.0303934 0.00823612
8
1
0.424284 6.8403 0.0562397
-0.0108069 0.0478408 -0.00922957
9
1
1.18477 12.5672 0.0580077
-0.0578512 0.0354731 0.00797418
10
1
-1.18477 12.5672 0.0580118
-0.0578513 -0.0354733 -0.0079739
11
1
-0.42431 6.84035 0.0560031
-0.0108059 -0.0478335 0.00925686
12
1
-0.195452 9.39447 0.859048
0.0576631 0.0303934 -0.00823607
13
1
-0.379992 9.39512 0.887082
0.0568481 -0.0169555 -0.011089
14
1
-0.495881 9.45439 0.90332
0.0414558 -0.0372851 -0.00731967
15
1
-0.58079 9.53748 0.906694
0.0389387 -0.0430495 0.00202986
16
1
-0.65462 9.62534 0.896534
0.0406237 -0.0518058 0.0112438
17
1
-0.716665 9.71823 0.878553
0.0224446 -0.0436348 0.0098421
18
1
-0.756249 9.80545 0.864745
0.011465 -0.0389647 0.00683811
19
1
-0.77742 9.89112 0.859877
0.0151139 -0.0494671 0.0040717
20
1
-0.784132 9.97136 0.862854
-0.000147139 -0.03938 -0.00445731
21
1
-0.776793 10.0426 0.872304
-0.0101059 -0.0263191 -0.00807841
22
1
-0.762956 10.1056 0.886167
-0.0129385 -0.028933 -0.00843492
23
1
-0.749254 10.1657 0.902414
-0.0108047 -0.0277741 -0.00896463
24
1
-0.738092 10.221 0.919698
-0.00676248 -0.0223493 -0.0109853
25
1
-0.730461 10.2715 0.937325
-0.00499078 -0.0233607 -0.0103568
26
1
-0.726811 10.3197 0.95477
-0.00223117 -0.0227319 -0.00751191
27
1
-0.728349 10.3658 0.971141
0.00130918 -0.0212126 -0.00677663
28
1
-0.736828 10.4109 0.986027
0.00527454 -0.0213947 -0.00733235
29
1
-0.752231 10.4561 0.997942
0.00943084 -0.0223353 -0.00580783
30
1
-0.772921 10.5003 1.00694
0.0136024 -0.0210113 -0.00457206
31
1
-0.798206 10.5433 1.01457
0.0167922 -0.0198889 -0.00331359
32
1
-0.828138 10.585 1.02079
0.0177125 -0.0197908 -0.00269307
33
1
-0.860592 10.6248 1.0247
0.0182601 -0.0194731 -0.00352128
34
1
-0.8938 10.6628 1.02481
0.0194871 -0.0191169 -0.00123609
35
1
-0.926533 10.7003 1.02038
0.0175045 -0.0181134 0.00388957
36
1
-0.958144 10.7361 1.01101
0.0145995 -0.0164726 0.00529241
37
1
-0.989072 10.7703 0.998098
0.01594 -0.0164213 0.00669742
38
1
-1.02036 10.8037 0.980944
0.0161426 -0.0164659 0.0103587
39
1
-1.05108 10.8358 0.959303
0.0120713 -0.0149642 0.0115907
40
1
-1.0795 10.867 0.934451
0.0114031 -0.0155382 0.0129444
41
1
-1.10721 10.8973 0.906871
0.0140133 -0.0158287 0.0165374
42
1
-1.13502 10.9255 0.875288
0.0137745 -0.0122288 0.0177723
43
1
-1.16286 10.9508 0.840436
0.0124719 -0.00968848 0.0171832
44
1
-1.19105 10.9739 0.80162
0.0144899 -0.0098422 0.020511
45
1
-1.22071 10.996 0.757547
0.0174037 -0.0101809 0.0271274
46
1
-1.25264 11.0166 0.708985
0.0166961 -0.00930306 0.0261803
47
1
-1.28564 11.0365 0.658343
0.0177074 -0.00956376 0.0237079
48
1
-1.3203 11.0558 0.605782
0.0208752 -0.0114913 0.0285695
49
1
-1.35374 11.0737 0.552437
0.0181297 -0.0104169 0.029553
50
1
-1.38506 11.0889 0.498216
0.0147082 -0.00698535 0.0270104
51
1
-1.41469 11.1012 0.440884
0.0155729 -0.0056773 0.0301291
52
1
-1.44194 11.1109 0.381004
0.0153495 -0.00491291 0.0334575
53
1
-1.46662 11.1171 0.318538
0.0132597 -0.00122751 0.0361706
54
1
-1.48781 11.1195 0.254395
0.0117528 0.000710077 0.0368407
55
1
-1.50466 11.1196 0.189709
0.00795978 0.000242472 0.0350808
56
1
-1.5168 11.1189 0.126015
0.00556262 0.000666109 0.0332175
57
1
-1.52445 11.1177 0.0620968
0.0027531 0.0013963 0.0317494
58
1
-1.52718 11.117 -7.06744e-008
2.30175e-009 1.50411e-009 0.0312445
59
1
-1.52445 11.1177 -0.062097
-0.00275309 -0.00139629 0.0317494
60
1
-1.5168 11.1189 -0.126015
-0.00556262 -0.000666106 0.0332175
61
1
-1.50466 11.1196 -0.189709
-0.00795977 -0.000242469 0.0350808
62
1
-1.48781 11.1195 -0.254395
-0.0117528 -0.000710074 0.0368407
63
1
-1.46662 11.1171 -0.318539
-0.0132597 0.00122751 0.0361706
64
1
-1.44194 11.1109 -0.381004
-0.0153495 0.00491292 0.0334575
65
1
-1.41469 11.1012 -0.440884
-0.0155729 0.00567731 0.0301291
66
1
-1.38506 11.0889 -0.498216
-0.0147082 0.00698535 0.0270104
67
1
-1.35374 11.0737 -0.552437
-0.0181297 0.0104169 0.029553
68
1
-1.3203 11.0558 -0.605782
-0.0208752 0.0114913 0.0285695
69
1
-1.28564 11.0365 -0.658343
-0.0177074 0.00956376 0.0237079
70
1
-1.25264 11.0166 -0.708985
-0.0166961 0.00930306 0.0261803
71
1
-1.22071 10.996 -0.757548
-0.0174037 0.0101809 0.0271274
72
1
-1.19105 10.9739 -0.80162
-0.0144899 0.00984221 0.020511
73
1
-1.16286 10.9508 -0.840436
-0.0124719 0.00968849 0.0171832
74
1
-1.13502 10.9255 -0.875288
-0.0137745 0.0122288 0.0177723
75
1
-1.10721 10.8973 -0.906871
-0.0140133 0.0158287 0.0165374
76
1
-1.0795 10.867 -0.934451
-0.0114031 0.0155382 0.0129444
77
1
-1.05108 10.8358 -0.959303
-0.0120713 0.0149642 0.0115907
78
1
-1.02036 10.8037 -0.980945
-0.0161426 0.0164659 0.0103587
79
1
-0.989072 10.7703 -0.998098
-0.01594 0.0164213 0.00669742
80
1
-0.958144 10.7361 -1.01101
-0.0145995 0.0164726 0.00529241
81
1
-0.926534 10.7003 -1.02038
-0.0175045 0.0181134 0.00388957
82
1
-0.8938 10.6628 -1.02481
-0.0194871 0.0191169 -0.00123609
83
1
-0.860592 10.6248 -1.0247
-0.0182601 0.0194731 -0.00352128
84
1
-0.828138 10.585 -1.02079
-0.0177125 0.0197908 -0.00269307
85
1
-0.798206 10.5433 -1.01457
-0.0167922 0.0198889 -0.00331358
86
1
-0.772922 10.5003 -1.00694
-0.0136024 0.0210113 -0.00457206
87
1
-0.752231 10.4561 -0.997942
-0.00943084 0.0223353 -0.00580782
88
1
-0.736828 10.4109 -0.986027
-0.00527455 0.0213948 -0.00733235
89
1
-0.728349 10.3658 -0.971141
-0.00130919 0.0212126 -0.00677663
90
1
-0.726811 10.3197 -0.954771
0.00223117 0.0227319 -0.00751192
91
1
-0.730461 10.2715 -0.937325
0.00499077 0.0233607 -0.0103568
92
1
-0.738093 10.221 -0.919699
0.00676248 0.0223493 -0.0109853
93
1
-0.749254 10.1657 -0.902414
0.0108047 0.0277741 -0.00896464
94
1
-0.762956 10.1056 -0.886167
0.0129385 0.028933 -0.00843493
95
1
-0.776793 10.0426 -0.872305
0.0101059 0.0263191 -0.00807841
96
1
-0.784132 9.97136 -0.862854
0.000147136 0.03938 -0.00445731
97
1
-0.77742 9.89112 -0.859878
-0.0151139 0.0494671 0.0040717
98
1
-0.756249 9.80545 -0.864745
-0.011465 0.0389647 0.00683812
99
1
-0.716665 9.71823 -0.878553
-0.0224446 0.0436348 0.0098421
100
1
-0.65462 9.62534 -0.896534
-0.0406237 0.0518058 0.0112438
101
1
-0.58079 9.53748 -0.906695
-0.0389387 0.0430495 0.00202986
102
1
-0.495881 9.45439 -0.90332
-0.0414558 0.0372851 -0.00731967
103
1
-0.379992 9.39512 -0.887082
-0.0568481 0.0169555 -0.0110891
104
1
-0.195452 9.39447 -0.859048
-0.0576631 -0.0303934 -0.00823612
105
1
-0.424284 6.84031 -0.056236
0.0108069 0.0478406 0.00922987
106
1
-1.18477 12.5672 -0.0580078
0.0578512 0.0354731 -0.00797417
107
1
1.18477 12.5672 -0.0580118
0.0578513 -0.0354733 0.0079739
108
1
0.42431 6.84035 -0.0559994
0.0108059 -0.0478333 -0.00925716
109
1
0.195452 9.39447 -0.859048
-0.0576631 0.0303934 0.00823607
110
1
0.379992 9.39512 -0.887082
-0.0568481 -0.0169555 0.011089
111
1
0.495881 9.45439 -0.90332
-0.0414558 -0.0372851 0.00731967
112
1
0.58079 9.53748 -0.906694
-0.0389387 -0.0430495 -0.00202986
113
1
0.65462 9.62534 -0.896534
-0.0406237 -0.0518058 -0.0112438
114
1
0.716665 9.71823 -0.878553
-0.0224446 -0.0436348 -0.0098421
115
1
0.756249 9.80545 -0.864745
-0.011465 -0.0389647 -0.00683811
116
1
0.77742 9.89112 -0.859877
-0.0151139 -0.0494671 -0.0040717
117
1
0.784132 9.97136 -0.862854
0.000147138 -0.03938 0.00445731
118
1
0.776793 10.0426 -0.872304
0.0101059 -0.0263191 0.00807841
119
1
0.762956 10.1056 -0.886167
0.0129385 -0.028933 0.00843492
120
1
0.749254 10.1657 -0.902414
0.0108047 -0.0277741 0.00896463
121
1
0.738093 10.221 -0.919698
0.00676248 -0.0223493 0.0109853
122
1
0.730461 10.2715 -0.937325
0.00499078 -0.0233607 0.0103568
123
1
0.726811 10.3197 -0.95477
0.00223117 -0.0227319 0.00751191
124
1
0.728349 10.3658 -0.971141
-0.00130918 -0.0212126 0.00677663
125
1
0.736828 10.4109 -0.986027
-0.00527454 -0.0213947 0.00733235
126
1
0.752231 10.4561 -0.997942
-0.00943084 -0.0223353 0.00580783
127
1
0.772921 10.5003 -1.00694
-0.0136024 -0.0210113 0.00457206
128
1
0.798206 10.5433 -1.01457
-0.0167922 -0.0198889 0.00331359
129
1
0.828138 10.585 -1.02079
-0.0177125 -0.0197908 0.00269307
130
1
0.860592 10.6248 -1.0247
-0.0182601 -0.0194731 0.00352128
131
1
0.8938 10.6628 -1.02481
-0.0194871 -0.0191169 0.00123609
132
1
0.926533 10.7003 -1.02038
-0.0175045 -0.0181134 -0.00388957
133
1
0.958144 10.7361 -1.01101
-0.0145995 -0.0164726 -0.00529241
134
1
0.989072 10.7703 -0.998098
-0.01594 -0.0164213 -0.00669742
135
1
1.02036 10.8037 -0.980944
-0.0161426 -0.0164659 -0.0103587
136
1
1.05108 10.8358 -0.959303
-0.0120713 -0.0149642 -0.0115907
137
1
1.0795 10.867 -0.934451
-0.0114031 -0.0155382 -0.0129444
138
1
1.10721 10.8973 -0.906871
-0.0140133 -0.0158287 -0.0165374
139
1
1.13502 10.9255 -0.875288
-0.0137745 -0.0122288 -0.0177723
140
1
1.16286 10.9508 -0.840436
-0.0124719 -0.00968848 -0.0171832
141
1
1.19105 10.9739 -0.80162
-0.0144899 -0.0098422 -0.020511
142
1
1.22071 10.996 -0.757547
-0.0174037 -0.0101809 -0.0271274
143
1
1.25264 11.0166 -0.708985
-0.0166961 -0.00930306 -0.0261803
144
1
1.28564 11.0365 -0.658343
-0.0177074 -0.00956376 -0.0237079
145
1
1.3203 11.0558 -0.605782
-0.0208752 -0.0114913 -0.0285695
146
1
1.35374 11.0737 -0.552437
-0.0181297 -0.0104169 -0.029553
147
1
1.38506 11.0889 -0.498216
-0.0147082 -0.00698535 -0.0270104
148
1
1.41469 11.1012 -0.440884
-0.0155729 -0.0056773 -0.0301291
149
1
1.44194 11.1109 -0.381004
-0.0153495 -0.00491291 -0.0334575
150
1
1.46662 11.1171 -0.318538
-0.0132597 -0.00122751 -0.0361706
151
1
1.48781 11.1195 -0.254395
-0.0117528 0.000710077 -0.0368407
152
1
1.50466 11.1196 -0.189709
-0.00795978 0.000242472 -0.0350808
153
1
1.5168 11.1189 -0.126015
-0.00556262 0.000666109 -0.0332175
154
1
1.52445 11.1177 -0.0620968
-0.0027531 0.0013963 -0.0317494
155
1
1.52718 11.117 7.993e-008
-2.19239e-009 1.69008e-009 -0.0312445
156
1
1.52445 11.1177 0.062097
0.0027531 -0.00139629 -0.0317494
157
1
1.5168 11.1189 0.126015
0.00556262 -0.000666106 -0.0332175
158
1
1.50466 11.1196 0.189709
0.00795977 -0.000242469 -0.0350808
159
1
1.48781 11.1195 0.254395
0.0117528 -0.000710074 -0.0368407
160
1
1.46662 11.1171 0.318539
0.0132597 0.00122751 -0.0361706
161
1
1.44194 11.1109 0.381004
0.0153495 0.00491292 -0.0334575
162
1
1.41469 11.1012 0.440884
0.0155729 0.00567731 -0.0301291
163
1
1.38506 11.0889 0.498216
0.0147082 0.00698535 -0.0270104
164
1
1.35374 11.0737 0.552437
0.0181297 0.0104169 -0.029553
165
1
1.3203 11.0558 0.605782
0.0208752 0.0114913 -0.0285695
166
1
1.28564 11.0365 0.658343
0.0177074 0.00956376 -0.0237079
167
1
1.25264 11.0166 0.708985
0.0166961 0.00930306 -0.0261803
168
1
1.22071 10.996 0.757548
0.0174037 0.0101809 -0.0271274
169
1
1.19105 10.9739 0.80162
0.0144899 0.00984221 -0.020511
170
1
1.16286 10.9508 0.840436
0.0124719 0.00968849 -0.0171832
171
1
1.13502 10.9255 0.875288
0.0137745 0.0122288 -0.0177723
172
1
1.10721 10.8973 0.906871
0.0140133 0.0158287 -0.0165374
173
1
1.0795 10.867 0.934451
0.0114031 0.0155382 -0.0129444
174
1
1.05108 10.8358 0.959303
0.0120713 0.0149642 -0.0115907
175
1
1.02036 10.8037 0.980945
0.0161426 0.0164659 -0.0103587
176
1
0.989072 10.7703 0.998098
0.01594 0.0164213 -0.00669742
177
1
0.958144 10.7361 1.01101
0.0145995 0.0164726 -0.00529241
178
1
0.926534 10.7003 1.02038
0.0175045 0.0181134 -0.00388957
179
1
0.8938 10.6628 1.02481
0.0194871 0.0191169 0.00123609
180
1
0.860592 10.6248 1.0247
0.0182601 0.0194731 0.00352128
181
1
0.828138 10.585 1.02079
0.0177125 0.0197908 0.00269307
182
1
0.798206 10.5433 1.01457
0.0167922 0.0198889 0.00331358
183
1
0.772922 10.5003 1.00694
0.0136024 0.0210113 0.00457206
184
1
0.752231 10.4561 0.997942
0.00943084 0.0223353 0.00580782
185
1
0.736828 10.4109 0.986027
0.00527455 0.0213948 0.00733235
186
1
0.728349 10.3658 0.971141
0.00130919 0.0212126 0.00677663
187
1
0.726811 10.3197 0.954771
-0.00223117 0.0227319 0.00751192
188
1
0.730461 10.2715 0.937325
-0.00499077 0.0233607 0.0103568
189
1
0.738093 10.221 0.919699
-0.00676248 0.0223493 0.0109853
190
1
0.749254 10.1657 0.902414
-0.0108047 0.0277741 0.00896464
191
1
0.762956 10.1056 0.886167
-0.0129385 0.028933 0.00843493
192
1
0.776793 10.0426 0.872305
-0.0101059 0.0263191 0.00807841
193
1
0.784132 9.97136 0.862855
-0.000147136 0.03938 0.00445731
