194
0
1
0.744445 12.857 3.13201
0.00663059 0.00677575 -0.0326312
1
1
0.736757 12.8232 3.19306
0.00530971 0.0150466 -0.0239115
2
1
0.710644 12.7597 3.26188
0.0152303 0.0516143 -0.0344258
3
1
0.671371 12.6865 3.31792
0.0221905 0.0416521 -0.0226037
4
1
0.61444 12.6145 3.35528
0.0394839 0.037423 -0.00934736
5
1
0.554105 12.5592 3.38592
0.0175436 0.0106225 -0.00699852
6
1
0.431374 12.502 3.42835
0.0657091 0.0158662 -0.0143014
7
1
0.200865 12.4447 3.4774
0.0721048 0.00874856 -0.0108409
8
1
0.8677 6.41643 0.0943533
0.0511429 0.000184953 -0.00583182
9
1
0.532141 11.5233 0.778302
-0.00693033 -0.0135427 -0.0593094
10
1
-0.642642 11.471 -0.774806
-0.0234908 0.0578225 -0.0181111
11
1
-0.875273 6.41608 0.0152384
0.0481178 0.000281642 0.0119617
12
1
-0.20384 12.4449 3.47655
0.0716354 -0.00846169 0.0108709
13
1
-0.43095 12.5027 3.43015
0.0645779 -0.0156236 0.0127942
14
1
-0.54862 12.5608 3.39033
0.0165007 -0.0106909 0.00627643
15
1
-0.604189 12.6163 3.36132
0.0365968 -0.0364338 0.00702611
16
1
-0.655553 12.6876 3.32418
0.0182255 -0.0422242 0.0237111
17
1
-0.688774 12.7597 3.26657
0.0106806 -0.0503444 0.0360145
18
1
-0.711108 12.8202 3.19717
0.00499165 -0.0138517 0.0242934
19
1
-0.71829 12.8523 3.13622
0.00691687 -0.00553714 0.0323706
20
1
-0.726305 12.8735 3.06061
-0.00128481 -0.00290676 0.0480316
21
1
-0.730454 12.8901 2.97669
0.00349348 -0.00850497 0.0329439
22
1
-0.721878 12.9059 2.87682
-0.0145243 -0.00603249 0.0748744
23
1
-0.702492 12.9203 2.7846
-0.0192967 -0.00808943 0.0347607
24
1
-0.686189 12.9377 2.71442
-0.0017096 -0.00537848 0.00802748
25
1
-0.663781 12.9512 2.66077
-0.00832367 -0.00885209 0.0168488
26
1
-0.646929 12.9712 2.59878
-0.0116157 -0.00271953 0.0367719
27
1
-0.632721 12.9816 2.53869
-0.00945733 -0.0148892 0.0514247
28
1
-0.619694 12.9964 2.46981
-0.0136046 -0.0128729 0.0386465
29
1
-0.612096 13.0056 2.40583
-0.00381267 -0.00115808 0.0279036
30
1
-0.610642 13.007 2.35094
0.00717672 0.00532528 0.019803
31
1
-0.613899 13.0043 2.30176
0.00819453 0.00516384 0.0161786
32
1
-0.61981 13.0017 2.25282
0.00201745 0.00176063 0.0123136
33
1
-0.62366 12.9998 2.20315
0.00317967 -0.00228865 0.0301849
34
1
-0.62492 12.9982 2.15008
-0.00185877 -0.00176969 0.0314453
35
1
-0.623191 12.9954 2.09159
-0.00512866 0.00505793 0.0226602
36
1
-0.619188 12.99 2.0289
-0.00559221 0.00336178 0.0380576
37
1
-0.616523 12.986 1.96149
0.000362964 -0.000548464 0.0484499
38
1
-0.617378 12.9827 1.89305
0.00720309 0.00155447 0.0335409
39
1
-0.619435 12.977 1.82729
0.00227021 0.00346147 0.018417
40
1
-0.610834 12.9679 1.76419
-0.00561335 0.00516506 0.0335629
41
1
-0.593268 12.9749 1.70374
-0.0170443 0.000304741 0.0536912
42
1
-0.579974 12.9919 1.64381
-0.0132953 -0.0155032 0.0467338
43
1
-0.566249 13.0188 1.58995
-0.00519322 -0.010983 0.0336553
44
1
-0.558424 13.041 1.54072
-0.0149777 -0.0147134 0.0143881
45
1
-0.554907 13.107 1.46703
-0.0124046 -0.0527115 0.056031
46
1
-0.573845 13.1267 1.42006
0.0241596 0.0419934 -0.0165378
47
1
-0.564682 13.1052 1.40552
-0.0347979 -0.00809939 0.00689793
48
1
-0.561817 13.0743 1.38733
0.0321224 -0.0276815 0.0209598
49
1
-0.567589 13.0403 1.34447
-0.0302251 0.0437048 0.00728775
50
1
-0.581955 13.052 1.30882
-0.0577346 0.0247519 0.0266299
51
1
-0.49914 13.067 1.29823
0.0107726 0.00436266 0.0080163
52
1
-0.55066 12.978 1.3056
-0.0146196 -0.0491412 0.00788175
53
1
-0.27896 13.008 1.00325
0.0358855 0.0250115 0.0644865
54
1
-0.340608 12.9487 0.812652
0.00199384 0.019885 0.0753157
55
1
-0.239094 12.8282 0.724633
-0.0302308 -0.0512834 -0.0265024
56
1
0.531743 15.4984 1.4109
-0.0119851 -0.0236542 -0.0603762
57
1
-0.155536 13.4282 0.00679337
-0.027059 -0.0285182 -0.0194277
58
1
0.0246403 16.8379 -0.0566789
-0.0482605 0.0242783 -0.0191164
59
1
-0.141264 13.4279 -0.0523105
0.0275567 0.0265685 -0.00857789
60
1
-0.410309 15.5269 -1.42098
0.00382346 -0.0428204 -0.0502623
61
1
-0.285888 12.5362 -0.994006
0.0209718 -0.000642095 -0.0140123
62
1
-0.204697 12.7686 -0.996952
-0.0387276 -0.0325587 0.0592618
63
1
-0.145905 12.9932 -1.20186
-0.0468506 -0.0531101 0.0324991
64
1
-0.287694 12.7892 -1.44099
-0.0215123 0.000636863 0.074891
65
1
-0.185785 12.9276 -1.53064
-0.028004 -0.00456338 -0.0144815
66
1
-0.198103 12.9885 -1.55502
0.0284757 0.0356876 -0.00383298
67
1
-0.188157 13.0114 -1.58306
0.0238192 -0.0338407 -0.0258127
68
1
-0.24454 12.9884 -1.54639
-0.00710433 0.0591776 0.00293619
69
1
-0.255784 13.017 -1.54049
0.0194072 -0.0665044 0.0194739
70
1
-0.279911 12.9967 -1.55522
-0.0227048 -0.0357495 0.062777
71
1
-0.29145 12.9837 -1.57441
0.00438869 0.00755702 0.0575562
72
1
-0.330917 13.0062 -1.60926
0.035205 0.00578083 0.0416112
73
1
-0.353759 13.026 -1.67469
0.0196976 0.00754178 0.0414013
74
1
-0.385203 13.0394 -1.73451
0.0341713 0.0109843 0.037133
75
1
-0.407892 13.0418 -1.79493
0.0338519 -0.00162458 0.0340175
76
1
-0.436444 13.0461 -1.84922
0.0105105 -0.00287555 0.0240236
77
1
-0.454892 13.0484 -1.90503
0.000972846 -0.00219075 0.0194706
78
1
-0.471784 13.053 -1.9619
0.00087856 -0.0014348 0.0311423
79
1
-0.488354 13.0598 -2.02209
0.00982855 -0.0014557 0.037784
80
1
-0.506866 13.0664 -2.08053
0.0148359 -0.00496898 0.0296679
81
1
-0.525627 13.0721 -2.13575
0.0135411 -0.0051831 0.0211069
82
1
-0.542132 13.0737 -2.18773
0.00881362 0.00170297 0.0255708
83
1
-0.554473 13.0746 -2.23595
0.00296976 0.00242668 0.0256841
84
1
-0.562942 13.0759 -2.28315
0.00165396 -0.000963084 0.0137823
85
1
-0.568302 13.0775 -2.33224
-0.00363816 -0.00390293 0.019143
86
1
-0.574676 13.0782 -2.38284
-0.00206411 -0.0038458 0.0229466
87
1
-0.586054 13.0738 -2.43812
0.0086519 0.00297981 0.0284061
88
1
-0.60293 13.0593 -2.49897
0.0158479 0.0150663 0.0329165
89
1
-0.623821 13.0377 -2.5629
0.013673 0.020568 0.043618
90
1
-0.644329 13.0197 -2.62081
0.0162439 0.00868078 0.0371705
91
1
-0.667675 12.9937 -2.67911
0.0101338 0.0103469 0.0174598
92
1
-0.693983 12.9757 -2.73143
0.00241755 0.00599085 0.00854416
93
1
-0.71482 12.9503 -2.79734
0.0201734 0.0111983 0.032427
94
1
-0.737889 12.9268 -2.88368
0.0181276 0.0109998 0.0653074
95
1
-0.751044 12.903 -2.97546
-0.00141165 0.0102051 0.031533
96
1
-0.750595 12.8812 -3.05718
0.00256027 0.00561711 0.0491413
97
1
-0.744445 12.857 -3.132
-0.00663019 0.00677571 0.0326314
98
1
-0.736757 12.8232 -3.19305
-0.00530941 0.0150467 0.0239118
99
1
-0.710644 12.7598 -3.26188
-0.0152302 0.0516143 0.0344267
100
1
-0.671371 12.6865 -3.31791
-0.0221904 0.0416522 0.0226044
101
1
-0.614441 12.6145 -3.35527
-0.0394836 0.0374235 0.00934841
102
1
-0.554106 12.5592 -3.38591
-0.0175435 0.0106226 0.00699886
103
1
-0.431375 12.502 -3.42834
-0.0657089 0.0158668 0.0143021
104
1
-0.200867 12.4447 -3.4774
-0.0721048 0.00874887 0.0108412
105
1
-0.867851 6.41644 -0.0935673
-0.0511226 0.000179975 0.00591842
106
1
-0.53152 11.5236 -0.778215
0.00687386 -0.0135738 0.0593085
107
1
0.64324 11.4707 0.774771
0.0235217 0.0577928 0.0181145
108
1
0.875322 6.4161 -0.0144387
-0.048088 0.000285088 -0.0120417
109
1
0.203839 12.4449 -3.47655
-0.0716355 -0.00846186 -0.010871
110
1
0.430949 12.5027 -3.43014
-0.0645783 -0.0156239 -0.0127948
111
1
0.54862 12.5608 -3.39033
-0.0165009 -0.010691 -0.00627677
112
1
0.60419 12.6163 -3.36131
-0.0365972 -0.0364341 -0.00702726
113
1
0.655554 12.6876 -3.32417
-0.0182261 -0.0422239 -0.0237114
114
1
0.688776 12.7597 -3.26656
-0.0106812 -0.0503442 -0.0360148
115
1
0.711109 12.8202 -3.19716
-0.00499146 -0.0138517 -0.0242936
116
1
0.71829 12.8523 -3.13621
-0.00691647 -0.00553703 -0.0323709
117
1
0.726304 12.8735 -3.0606
0.00128555 -0.00290674 -0.0480322
118
1
0.730451 12.8901 -2.97668
-0.00349262 -0.008505 -0.0329439
119
1
0.721874 12.9059 -2.87681
0.0145256 -0.0060333 -0.0748734
120
1
0.702486 12.9203 -2.78459
0.019297 -0.00809003 -0.0347613
121
1
0.686182 12.9377 -2.71441
0.00170981 -0.0053786 -0.00802801
122
1
0.663773 12.9512 -2.66076
0.00832379 -0.00885238 -0.0168493
123
1
0.646919 12.9712 -2.59876
0.0116159 -0.00272077 -0.0367723
124
1
0.63271 12.9816 -2.53867
0.00945803 -0.0148908 -0.0514254
125
1
0.619681 12.9964 -2.46979
0.0136057 -0.0128738 -0.0386478
126
1
0.61208 13.0056 -2.40581
0.00381379 -0.00115884 -0.027905
127
1
0.610623 13.007 -2.35092
-0.00717566 0.00532458 -0.0198036
128
1
0.613877 13.0043 -2.30174
-0.00819338 0.00516322 -0.0161789
129
1
0.619785 13.0017 -2.25279
-0.00201639 0.00175998 -0.0123141
130
1
0.623628 12.9999 -2.20313
-0.00317609 -0.00228999 -0.0301856
131
1
0.62488 12.9982 -2.15006
0.0018634 -0.00177165 -0.0314473
132
1
0.623139 12.9954 -2.09156
0.00513254 0.00505532 -0.0226626
133
1
0.619118 12.99 -2.02887
0.00560145 0.00335663 -0.0380632
134
1
0.616429 12.986 -1.96144
-0.000346197 -0.000555725 -0.0484574
135
1
0.617253 12.9827 -1.89299
-0.00718836 0.00154952 -0.0335451
136
1
0.61927 12.9771 -1.82722
-0.00226092 0.00345876 -0.0184221
137
1
0.610613 12.9679 -1.76412
0.00563742 0.00516556 -0.0335816
138
1
0.592965 12.975 -1.70364
0.0171018 0.000325852 -0.0537444
139
1
0.579605 12.992 -1.64365
0.0134239 -0.0154701 -0.0467973
140
1
0.56594 13.0188 -1.58975
0.00524925 -0.0110089 -0.0336856
141
1
0.557974 13.0408 -1.54052
0.014936 -0.0146869 -0.0144173
142
1
0.554724 13.1067 -1.46695
0.0123032 -0.0527742 -0.0559943
143
1
0.573722 13.1261 -1.42015
-0.0243847 0.0424561 0.0168628
144
1
0.564464 13.1046 -1.40569
0.0349185 -0.00818412 -0.0070212
145
1
0.561487 13.0742 -1.3873
-0.0321808 -0.027648 -0.0206875
146
1
0.567392 13.0401 -1.34444
0.030376 0.0437921 -0.00765166
147
1
0.581741 13.0519 -1.30875
0.0578344 0.0248691 -0.027025
148
1
0.498667 13.0668 -1.29801
-0.0107753 0.00432199 -0.00795927
149
1
0.549855 12.9777 -1.30623
0.0146242 -0.0491036 -0.00768009
150
1
0.279331 13.0084 -1.00265
-0.035913 0.0248568 -0.064531
151
1
0.341506 12.9491 -0.811
-0.00168974 0.0199398 -0.0753087
152
1
0.238968 12.8295 -0.723971
0.0301547 -0.0521798 0.0267025
153
1
-0.53167 15.4984 -1.41092
0.0120008 -0.023651 0.0603757
154
1
0.155503 13.4281 -0.00678449
0.02706 -0.0285179 0.019426
155
1
-0.024628 16.8379 0.0567232
0.0482605 0.0242776 0.0191169
156
1
0.141234 13.4279 0.0523187
-0.0275568 0.0265651 0.00857884
157
1
0.410381 15.5269 1.42093
-0.0038408 -0.0428152 0.0502635
158
1
0.285901 12.5363 0.993965
-0.0208966 -0.000655023 0.0140203
159
1
0.204711 12.7686 0.997005
0.0386956 -0.0325494 -0.0592877
160
1
0.145921 12.9932 1.20191
0.0468443 -0.0530928 -0.0325364
161
1
0.287874 12.7894 1.44081
0.02151 0.000624905 -0.0748918
162
1
0.185709 12.928 1.5307
0.027869 -0.00431747 0.014829
163
1
0.198151 12.989 1.55499
-0.0282944 0.0353802 0.00367915
164
1
0.188293 13.0119 1.58298
-0.0240369 -0.0344163 0.0257166
165
1
0.244695 12.9888 1.5462
0.00703901 0.059497 -0.0027299
166
1
0.256019 13.0172 1.54036
-0.0194101 -0.0665561 -0.0196733
167
1
0.280137 12.9968 1.55519
0.0227089 -0.0356821 -0.0629627
168
1
0.291595 12.9838 1.57453
-0.00431169 0.00759861 -0.057736
169
1
0.331057 13.0061 1.60946
-0.0350734 0.00583373 -0.041589
170
1
0.353868 13.026 1.67482
-0.0196501 0.00758115 -0.0413688
171
1
0.385276 13.0394 1.7346
-0.0341373 0.0109833 -0.0371027
172
1
0.407938 13.0417 1.79499
-0.0338337 -0.00164303 -0.0340034
173
1
0.43648 13.046 1.84926
-0.0105028 -0.00288667 -0.024022
174
1
0.454919 13.0484 1.90507
-0.000969379 -0.00219646 -0.0194709
175
1
0.471804 13.0529 1.96193
-0.000874483 -0.00144148 -0.0311421
176
1
0.488369 13.0597 2.02212
-0.00982437 -0.00146268 -0.0377821
177
1
0.506874 13.0664 2.08056
-0.0148337 -0.00497419 -0.0296661
178
1
0.525632 13.0721 2.13578
-0.0135403 -0.00518636 -0.0211063
179
1
0.542134 13.0737 2.18775
-0.00881225 0.00170047 -0.02557
180
1
0.554474 13.0746 2.23598
-0.00296862 0.00242486 -0.0256839
181
1
0.562942 13.0759 2.28318
-0.0016536 -0.000964002 -0.0137823
182
1
0.568302 13.0775 2.33227
0.00363838 -0.00390383 -0.0191432
183
1
0.574676 13.0782 2.38286
0.00206413 -0.00384676 -0.0229464
184
1
0.586054 13.0738 2.43815
-0.00865189 0.00297863 -0.0284051
185
1
0.60293 13.0593 2.49899
-0.0158479 0.0150649 -0.032915
186
1
0.623821 13.0376 2.56292
-0.0136737 0.0205666 -0.0436167
187
1
0.64433 13.0197 2.62083
-0.0162449 0.00867992 -0.0371704
188
1
0.667676 12.9937 2.67912
-0.010134 0.0103465 -0.0174594
189
1
0.693985 12.9756 2.73144
-0.00241745 0.00599071 -0.00854373
190
1
0.714822 12.9503 2.79735
-0.0201735 0.011198 -0.0324263
191
1
0.737891 12.9268 2.88369
-0.0181274 0.0109993 -0.0653073
192
1
0.751046 12.903 2.97547
0.00141212 0.010205 -0.0315328
193
1
0.750596 12.8812 3.05719
-0.00255976 0.00561717 -0.0491409
