194
0
1
0.747604 9.73561 0.684415
-0.00203478 0.0375319 0.0226735
1
1
0.742186 9.66661 0.638611
-0.00472858 0.0326584 0.0205736
2
1
0.73242 9.59151 0.598834
0.00467954 0.0378687 0.0170557
3
1
0.705598 9.50977 0.566936
0.0178753 0.0462095 0.0127143
4
1
0.652984 9.43519 0.542396
0.0331252 0.0318914 0.00804013
5
1
0.568515 9.37701 0.527026
0.0511659 0.018185 0.00181373
6
1
0.438209 9.33683 0.530934
0.0733956 0.00395807 -0.0124829
7
1
0.218806 9.32292 0.585573
0.0690967 -0.00367596 -0.0324587
8
1
0.786213 6.69921 0.0566779
0.0365261 0.0320039 -0.00926089
9
1
1.18257 13.0105 0.0562624
-0.060845 -0.0252346 0.00770132
10
1
-1.18257 13.0105 0.0562635
-0.0608451 0.0252346 -0.00770119
11
1
-0.786225 6.69924 0.0564079
0.0365162 -0.0319972 0.00928226
12
1
-0.218806 9.32292 0.585573
0.0690967 0.00367595 0.0324587
13
1
-0.438209 9.33683 0.530934
0.0733956 -0.00395808 0.0124829
14
1
-0.568515 9.37701 0.527026
0.0511659 -0.018185 -0.00181373
15
1
-0.652984 9.43519 0.542396
0.0331252 -0.0318914 -0.00804013
16
1
-0.705598 9.50977 0.566936
0.0178753 -0.0462095 -0.0127143
17
1
-0.73242 9.59151 0.598833
0.00467954 -0.0378687 -0.0170557
18
1
-0.742187 9.66661 0.63861
-0.00472858 -0.0326584 -0.0205736
19
1
-0.747604 9.73561 0.684415
-0.00203479 -0.0375319 -0.0226735
20
1
-0.757981 9.79742 0.732833
0.00547231 -0.031052 -0.0240527
21
1
-0.77711 9.84999 0.781713
0.0121541 -0.021232 -0.0231017
22
1
-0.803281 9.89552 0.82875
0.0154851 -0.0210452 -0.0241191
23
1
-0.833953 9.93887 0.87407
0.0167776 -0.01942 -0.0226531
24
1
-0.867058 9.97901 0.917347
0.0189375 -0.0167488 -0.0220657
25
1
-0.901188 10.0158 0.957154
0.0180174 -0.0164103 -0.0208056
26
1
-0.934912 10.0506 0.992402
0.0146952 -0.0152711 -0.0164048
27
1
-0.967519 10.0847 1.02214
0.0145055 -0.0150389 -0.0142801
28
1
-0.999617 10.1203 1.04659
0.0157457 -0.0168093 -0.0138502
29
1
-1.03047 10.1593 1.06539
0.0147164 -0.0199625 -0.010249
30
1
-1.05929 10.2007 1.07839
0.0133725 -0.0215319 -0.00619883
31
1
-1.08739 10.243 1.0862
0.0132311 -0.0221589 -0.00164693
32
1
-1.11704 10.2847 1.08857
0.0138716 -0.0219918 0.00198086
33
1
-1.14821 10.3249 1.08531
0.0152775 -0.0202902 0.00360725
34
1
-1.18016 10.3637 1.07685
0.017411 -0.0196106 0.0067566
35
1
-1.21208 10.4026 1.06477
0.0164154 -0.019714 0.00916077
36
1
-1.2437 10.4404 1.05009
0.0142356 -0.0180228 0.00801317
37
1
-1.27553 10.4769 1.03358
0.0165971 -0.0171434 0.00902858
38
1
-1.30827 10.5129 1.01401
0.0182827 -0.0170501 0.0113268
39
1
-1.34063 10.548 0.991247
0.0150969 -0.0157179 0.0100497
40
1
-1.37132 10.582 0.967113
0.0152761 -0.0162426 0.0100426
41
1
-1.40158 10.6144 0.94153
0.0174339 -0.0170454 0.0132497
42
1
-1.43078 10.6448 0.912624
0.014369 -0.0147425 0.0149463
43
1
-1.45811 10.6731 0.88061
0.011168 -0.0134859 0.0146423
44
1
-1.48361 10.7007 0.845151
0.0118786 -0.0154127 0.0174105
45
1
-1.50842 10.7278 0.805282
0.0129383 -0.01659 0.0235953
46
1
-1.53327 10.7523 0.760393
0.0112808 -0.0120886 0.0244516
47
1
-1.55709 10.7723 0.711413
0.0112715 -0.00714334 0.0243404
48
1
-1.58094 10.787 0.657643
0.0132964 -0.00457642 0.0310829
49
1
-1.60317 10.7971 0.601072
0.0118675 -0.00353417 0.0320842
50
1
-1.62362 10.8038 0.54256
0.00943971 -0.00172854 0.029341
51
1
-1.64242 10.8079 0.480402
0.00978769 -0.000416644 0.0327846
52
1
-1.65898 10.811 0.415504
0.00893755 -0.00114034 0.0363905
53
1
-1.67278 10.8138 0.347434
0.00578886 -0.00102777 0.0399269
54
1
-1.68319 10.8162 0.277313
0.00432097 -0.00075153 0.0406972
55
1
-1.69021 10.8184 0.206778
0.00248691 -0.00144268 0.0386118
56
1
-1.69435 10.8203 0.13735
0.00127909 -0.000572464 0.0362967
57
1
-1.69644 10.8212 0.0676868
-0.000216561 0.00077932 0.0347357
58
1
-1.69716 10.8212 -7.15345e-008
1.03319e-009 1.18725e-009 0.0342333
59
1
-1.69644 10.8212 -0.067687
0.000216563 -0.000779318 0.0347357
60
1
-1.69435 10.8203 -0.13735
-0.00127909 0.000572467 0.0362967
61
1
-1.69021 10.8184 -0.206778
-0.0024869 0.00144269 0.0386118
62
1
-1.68319 10.8162 -0.277313
-0.00432097 0.000751533 0.0406972
63
1
-1.67278 10.8138 -0.347435
-0.00578885 0.00102777 0.0399269
64
1
-1.65898 10.811 -0.415504
-0.00893754 0.00114034 0.0363905
65
1
-1.64242 10.8079 -0.480403
-0.00978769 0.000416645 0.0327846
66
1
-1.62362 10.8038 -0.542561
-0.00943971 0.00172854 0.029341
67
1
-1.60317 10.7971 -0.601072
-0.0118675 0.00353417 0.0320842
68
1
-1.58094 10.787 -0.657644
-0.0132964 0.00457642 0.0310829
69
1
-1.55709 10.7723 -0.711413
-0.0112715 0.00714334 0.0243404
70
1
-1.53327 10.7523 -0.760393
-0.0112808 0.0120886 0.0244516
71
1
-1.50842 10.7278 -0.805282
-0.0129383 0.01659 0.0235953
72
1
-1.48361 10.7007 -0.845151
-0.0118786 0.0154127 0.0174105
73
1
-1.45811 10.6731 -0.88061
-0.011168 0.0134859 0.0146423
74
1
-1.43078 10.6448 -0.912624
-0.014369 0.0147425 0.0149463
75
1
-1.40158 10.6144 -0.941531
-0.0174339 0.0170454 0.0132497
76
1
-1.37132 10.582 -0.967113
-0.0152761 0.0162426 0.0100426
77
1
-1.34063 10.548 -0.991247
-0.0150969 0.0157179 0.0100497
78
1
-1.30827 10.5129 -1.01401
-0.0182827 0.0170501 0.0113268
79
1
-1.27553 10.4769 -1.03358
-0.0165971 0.0171434 0.00902859
80
1
-1.2437 10.4404 -1.05009
-0.0142356 0.0180228 0.00801318
81
1
-1.21208 10.4026 -1.06477
-0.0164154 0.019714 0.00916077
82
1
-1.18016 10.3637 -1.07685
-0.017411 0.0196106 0.0067566
83
1
-1.14821 10.3249 -1.08531
-0.0152775 0.0202902 0.00360725
84
1
-1.11704 10.2847 -1.08857
-0.0138716 0.0219918 0.00198086
85
1
-1.08739 10.243 -1.0862
-0.0132311 0.022159 -0.00164693
86
1
-1.05929 10.2007 -1.07839
-0.0133725 0.0215319 -0.00619883
87
1
-1.03047 10.1593 -1.06539
-0.0147164 0.0199625 -0.010249
88
1
-0.999617 10.1203 -1.04659
-0.0157457 0.0168093 -0.0138502
89
1
-0.967519 10.0847 -1.02214
-0.0145055 0.0150389 -0.0142801
90
1
-0.934912 10.0506 -0.992402
-0.0146952 0.0152711 -0.0164048
91
1
-0.901188 10.0158 -0.957154
-0.0180174 0.0164103 -0.0208056
92
1
-0.867058 9.97901 -0.917347
-0.0189375 0.0167488 -0.0220657
93
1
-0.833953 9.93887 -0.87407
-0.0167776 0.01942 -0.0226531
94
1
-0.803281 9.89552 -0.82875
-0.0154851 0.0210452 -0.0241191
95
1
-0.77711 9.84999 -0.781713
-0.0121541 0.021232 -0.0231017
96
1
-0.757981 9.79742 -0.732833
-0.00547232 0.031052 -0.0240527
97
1
-0.747604 9.73561 -0.684415
0.00203478 0.0375319 -0.0226735
98
1
-0.742186 9.66661 -0.638611
0.00472858 0.0326584 -0.0205736
99
1
-0.73242 9.59151 -0.598834
-0.00467954 0.0378687 -0.0170557
100
1
-0.705598 9.50977 -0.566936
-0.0178753 0.0462095 -0.0127143
101
1
-0.652984 9.43519 -0.542396
-0.0331252 0.0318914 -0.00804013
102
1
-0.568515 9.37701 -0.527026
-0.0511659 0.018185 -0.00181373
103
1
-0.438209 9.33683 -0.530934
-0.0733956 0.00395807 0.0124829
104
1
-0.218806 9.32292 -0.585573
-0.0690967 -0.00367596 0.0324587
105
1
-0.786213 6.69921 -0.0566737
-0.036526 0.0320038 0.00926133
106
1
-1.18257 13.0105 -0.0562624
0.060845 -0.0252346 -0.00770132
107
1
1.18257 13.0105 -0.0562635
0.0608451 0.0252346 0.00770119
108
1
0.786225 6.69924 -0.0564037
-0.0365161 -0.0319971 -0.0092827
109
1
0.218806 9.32292 -0.585573
-0.0690967 0.00367595 -0.0324587
110
1
0.438209 9.33683 -0.530934
-0.0733956 -0.00395808 -0.0124829
111
1
0.568515 9.37701 -0.527026
-0.0511659 -0.018185 0.00181373
112
1
0.652984 9.43519 -0.542396
-0.0331252 -0.0318914 0.00804013
113
1
0.705598 9.50977 -0.566936
-0.0178753 -0.0462095 0.0127143
114
1
0.73242 9.59151 -0.598833
-0.00467954 -0.0378687 0.0170557
115
1
0.742187 9.66661 -0.63861
0.00472858 -0.0326584 0.0205736
116
1
0.747604 9.73561 -0.684415
0.00203479 -0.0375319 0.0226735
117
1
0.757981 9.79742 -0.732833
-0.00547231 -0.031052 0.0240527
118
1
0.77711 9.84999 -0.781713
-0.0121541 -0.021232 0.0231017
119
1
0.803281 9.89552 -0.82875
-0.0154851 -0.0210452 0.0241191
120
1
0.833953 9.93887 -0.87407
-0.0167776 -0.01942 0.0226531
121
1
0.867058 9.97901 -0.917347
-0.0189375 -0.0167488 0.0220657
122
1
0.901188 10.0158 -0.957154
-0.0180174 -0.0164103 0.0208056
123
1
0.934912 10.0506 -0.992402
-0.0146952 -0.0152711 0.0164048
124
1
0.967519 10.0847 -1.02214
-0.0145055 -0.0150389 0.0142801
125
1
0.999617 10.1203 -1.04659
-0.0157457 -0.0168093 0.0138502
126
1
1.03047 10.1593 -1.06539
-0.0147164 -0.0199625 0.010249
127
1
1.05929 10.2007 -1.07839
-0.0133725 -0.0215319 0.00619883
128
1
1.08739 10.243 -1.0862
-0.0132311 -0.0221589 0.00164693
129
1
1.11704 10.2847 -1.08857
-0.0138716 -0.0219918 -0.00198086
130
1
1.14821 10.3249 -1.08531
-0.0152775 -0.0202902 -0.00360725
131
1
1.18016 10.3637 -1.07685
-0.017411 -0.0196106 -0.0067566
132
1
1.21208 10.4026 -1.06477
-0.0164154 -0.019714 -0.00916077
133
1
1.2437 10.4404 -1.05009
-0.0142356 -0.0180228 -0.00801317
134
1
1.27553 10.4769 -1.03358
-0.0165971 -0.0171434 -0.00902858
135
1
1.30827 10.5129 -1.01401
-0.0182827 -0.0170501 -0.0113268
136
1
1.34063 10.548 -0.991247
-0.0150969 -0.0157179 -0.0100497
137
1
1.37132 10.582 -0.967113
-0.0152761 -0.0162426 -0.0100426
138
1
1.40158 10.6144 -0.94153
-0.0174339 -0.0170454 -0.0132497
139
1
1.43078 10.6448 -0.912624
-0.014369 -0.0147425 -0.0149463
140
1
1.45811 10.6731 -0.88061
-0.011168 -0.0134859 -0.0146423
141
1
1.48361 10.7007 -0.845151
-0.0118786 -0.0154127 -0.0174105
142
1
1.50842 10.7278 -0.805282
-0.0129383 -0.01659 -0.0235953
143
1
1.53327 10.7523 -0.760393
-0.0112808 -0.0120886 -0.0244516
144
1
1.55709 10.7723 -0.711413
-0.0112715 -0.00714334 -0.0243404
145
1
1.58094 10.787 -0.657643
-0.0132964 -0.00457642 -0.0310829
146
1
1.60317 10.7971 -0.601072
-0.0118675 -0.00353417 -0.0320842
147
1
1.62362 10.8038 -0.54256
-0.00943971 -0.00172854 -0.029341
148
1
1.64242 10.8079 -0.480402
-0.00978769 -0.000416644 -0.0327846
149
1
1.65898 10.811 -0.415504
-0.00893755 -0.00114034 -0.0363905
150
1
1.67278 10.8138 -0.347434
-0.00578886 -0.00102777 -0.0399269
151
1
1.68319 10.8162 -0.277313
-0.00432097 -0.00075153 -0.0406972
152
1
1.69021 10.8184 -0.206778
-0.00248691 -0.00144268 -0.0386118
153
1
1.69435 10.8203 -0.13735
-0.00127909 -0.000572464 -0.0362967
154
1
1.69644 10.8212 -0.0676868
0.000216562 0.00077932 -0.0347357
155
1
1.69716 10.8212 7.72651e-008
-8.55509e-010 1.23171e-009 -0.0342333
156
1
1.69644 10.8212 0.067687
-0.000216563 -0.000779318 -0.0347357
157
1
1.69435 10.8203 0.13735
0.00127909 0.000572467 -0.0362967
158
1
1.69021 10.8184 0.206778
0.0024869 0.00144269 -0.0386118
159
1
1.68319 10.8162 0.277313
0.00432097 0.000751533 -0.0406972
160
1
1.67278 10.8138 0.347435
0.00578885 0.00102778 -0.0399269
161
1
1.65898 10.811 0.415504
0.00893754 0.00114034 -0.0363905
162
1
1.64242 10.8079 0.480403
0.00978769 0.000416646 -0.0327846
163
1
1.62362 10.8038 0.542561
0.00943971 0.00172854 -0.029341
164
1
1.60317 10.7971 0.601072
0.0118675 0.00353417 -0.0320842
165
1
1.58094 10.787 0.657644
0.0132964 0.00457642 -0.0310829
166
1
1.55709 10.7723 0.711413
0.0112715 0.00714334 -0.0243404
167
1
1.53327 10.7523 0.760393
0.0112808 0.0120886 -0.0244516
168
1
1.50842 10.7278 0.805282
0.0129383 0.01659 -0.0235953
169
1
1.48361 10.7007 0.845151
0.0118786 0.0154127 -0.0174105
170
1
1.45811 10.6731 0.88061
0.011168 0.0134859 -0.0146423
171
1
1.43078 10.6448 0.912624
0.014369 0.0147425 -0.0149463
172
1
1.40158 10.6144 0.941531
0.0174339 0.0170454 -0.0132497
173
1
1.37132 10.582 0.967113
0.0152761 0.0162426 -0.0100426
174
1
1.34063 10.548 0.991247
0.0150969 0.0157179 -0.0100497
175
1
1.30827 10.5129 1.01401
0.0182827 0.0170501 -0.0113268
176
1
1.27553 10.4769 1.03358
0.0165971 0.0171434 -0.00902859
177
1
1.2437 10.4404 1.05009
0.0142356 0.0180228 -0.00801318
178
1
1.21208 10.4026 1.06477
0.0164154 0.019714 -0.00916077
179
1
1.18016 10.3637 1.07685
0.017411 0.0196106 -0.0067566
180
1
1.14821 10.3249 1.08531
0.0152775 0.0202902 -0.00360725
181
1
1.11704 10.2847 1.08857
0.0138716 0.0219918 -0.00198086
182
1
1.08739 10.243 1.0862
0.0132311 0.022159 0.00164693
183
1
1.05929 10.2007 1.07839
0.0133725 0.0215319 0.00619883
184
1
1.03047 10.1593 1.06539
0.0147164 0.0199625 0.010249
185
1
0.999617 10.1203 1.04659
0.0157457 0.0168093 0.0138502
186
1
0.967519 10.0847 1.02214
0.0145055 0.0150389 0.0142801
187
1
0.934912 10.0506 0.992402
0.0146952 0.0152711 0.0164048
188
1
0.901188 10.0158 0.957154
0.0180174 0.0164103 0.0208056
189
1
0.867058 9.97901 0.917347
0.0189375 0.0167488 0.0220657
190
1
0.833953 9.93887 0.87407
0.0167776 0.01942 0.0226531
191
1
0.803281 9.89552 0.82875
0.0154851 0.0210452 0.0241191
192
1
0.77711 9.84999 0.781713
0.0121541 0.021232 0.0231017
193
1
0.757981 9.79742 0.732833
0.00547232 0.031052 0.0240527
