194
0
1
0.917415 4.8372 0.717928
0.0348594 -0.0194075 0.0275125
1
1
0.848829 4.87464 0.660472
0.0346404 -0.0215644 0.0300686
2
1
0.779645 4.91894 0.596756
0.0344833 -0.0251546 0.0329309
3
1
0.715175 4.97154 0.526147
0.0302208 -0.0279099 0.0381056
4
1
0.660234 5.03499 0.446741
0.0250603 -0.034121 0.0417811
5
1
0.620191 5.11073 0.359145
0.0151922 -0.0414328 0.0468079
6
1
0.5979 5.20136 0.262383
0.0035058 -0.0533886 0.0539055
7
1
0.589182 5.31916 0.159711
-0.0089635 -0.0592215 0.0498429
8
1
0.569012 5.50531 0.0857539
0.0285088 -0.0712266 -0.000112362
9
1
0.209361 5.78705 0.0651773
0.077325 -0.00159231 -0.00780229
10
1
-0.209361 5.78705 0.0651773
0.077325 0.00159231 0.00780229
11
1
-0.569012 5.50531 0.0857539
0.0285088 0.0712266 0.000112362
12
1
-0.589182 5.31916 0.159711
-0.0089635 0.0592215 -0.0498429
13
1
-0.5979 5.20136 0.262383
0.0035058 0.0533886 -0.0539055
14
1
-0.620191 5.11073 0.359145
0.0151922 0.0414328 -0.0468079
15
1
-0.660234 5.03499 0.446741
0.0250603 0.034121 -0.0417811
16
1
-0.715175 4.97154 0.526147
0.0302208 0.0279099 -0.0381056
17
1
-0.779645 4.91894 0.596756
0.0344833 0.0251546 -0.0329309
18
1
-0.848829 4.87464 0.660472
0.0346404 0.0215644 -0.0300686
19
1
-0.917415 4.8372 0.717928
0.0348594 0.0194075 -0.0275125
20
1
-0.983879 4.80572 0.76926
0.0336556 0.0152687 -0.02395
21
1
-1.04818 4.78021 0.81463
0.0311951 0.0110934 -0.0214297
22
1
-1.11091 4.7608 0.854472
0.031433 0.00831259 -0.0189835
23
1
-1.1735 4.74696 0.889258
0.030201 0.00481914 -0.0159396
24
1
-1.23576 4.73768 0.91878
0.030434 0.00238492 -0.0139521
25
1
-1.29799 4.73125 0.942773
0.0311673 0.00150967 -0.0110643
26
1
-1.36013 4.72635 0.961067
0.0300609 0.000991905 -0.0080305
27
1
-1.42177 4.72276 0.973937
0.0301108 0.000963201 -0.00531687
28
1
-1.48306 4.71965 0.982324
0.0309586 0.00141437 -0.00309077
29
1
-1.54414 4.7165 0.987492
0.0303098 0.00153763 -0.00152668
30
1
-1.60485 4.71298 0.989774
0.0298312 0.00200689 -0.000131562
31
1
-1.66518 4.70866 0.989131
0.0302378 0.00301057 0.00132699
32
1
-1.72519 4.70407 0.986186
0.0300835 0.00280302 0.00268948
33
1
-1.78477 4.70027 0.981508
0.0295472 0.00151103 0.00385941
34
1
-1.84373 4.69758 0.975384
0.029406 0.000746639 0.00420714
35
1
-1.90179 4.69558 0.967661
0.0288188 0.000201719 0.00405971
36
1
-1.95867 4.69431 0.958207
0.0274157 -0.000787301 0.0044104
37
1
-2.01461 4.69433 0.946413
0.0267098 -0.00155524 0.00536425
38
1
-2.07013 4.69613 0.931378
0.0274074 -0.00180686 0.00676043
39
1
-2.12529 4.69955 0.912915
0.0279353 -0.0021643 0.00869876
40
1
-2.17947 4.70433 0.891423
0.0273055 -0.00263383 0.0112176
41
1
-2.23225 4.70977 0.867012
0.026473 -0.00258028 0.0135242
42
1
-2.28378 4.7152 0.839596
0.0258567 -0.00203167 0.0151579
43
1
-2.33398 4.71969 0.80844
0.0251881 -0.00140379 0.0168771
44
1
-2.3829 4.72331 0.773212
0.0245628 -0.00115313 0.0190471
45
1
-2.4305 4.72686 0.733566
0.0241566 -0.00146511 0.0211449
46
1
-2.47631 4.73082 0.689548
0.0231885 -0.00195015 0.0234244
47
1
-2.51922 4.73564 0.641294
0.0211049 -0.00239962 0.0263816
48
1
-2.55866 4.74123 0.589248
0.0190483 -0.00278425 0.0288987
49
1
-2.59505 4.74667 0.534468
0.0177446 -0.00271545 0.0301907
50
1
-2.62838 4.7512 0.477909
0.0164208 -0.00249311 0.0304722
51
1
-2.65856 4.7548 0.42022
0.0146645 -0.00238116 0.0306247
52
1
-2.68544 4.75724 0.361315
0.012944 -0.00161186 0.0307757
53
1
-2.70874 4.75843 0.301355
0.0116619 -0.000315742 0.0308629
54
1
-2.72856 4.75844 0.240932
0.0104865 0.000504648 0.0309405
55
1
-2.74467 4.7578 0.180459
0.00876351 0.000424307 0.0310107
56
1
-2.75691 4.75691 0.12023
0.00612848 6.68847e-005 0.0308457
57
1
-2.76454 4.75608 0.0600885
0.0029765 -9.95664e-005 0.0304185
58
1
-2.7672 4.75587 -4.81559e-015
3.36648e-016 -1.09213e-016 0.0301763
59
1
-2.76454 4.75608 -0.0600885
-0.0029765 9.95664e-005 0.0304185
60
1
-2.75691 4.75691 -0.12023
-0.00612848 -6.68847e-005 0.0308457
61
1
-2.74467 4.7578 -0.180459
-0.00876351 -0.000424307 0.0310107
62
1
-2.72856 4.75844 -0.240932
-0.0104865 -0.000504648 0.0309405
63
1
-2.70874 4.75843 -0.301355
-0.0116619 0.000315742 0.0308629
64
1
-2.68544 4.75724 -0.361315
-0.012944 0.00161186 0.0307757
65
1
-2.65856 4.7548 -0.42022
-0.0146645 0.00238116 0.0306247
66
1
-2.62838 4.7512 -0.477909
-0.0164208 0.00249311 0.0304722
67
1
-2.59505 4.74667 -0.534468
-0.0177446 0.00271545 0.0301907
68
1
-2.55866 4.74123 -0.589248
-0.0190483 0.00278425 0.0288987
69
1
-2.51922 4.73564 -0.641294
-0.0211049 0.00239962 0.0263816
70
1
-2.47631 4.73082 -0.689548
-0.0231885 0.00195015 0.0234244
71
1
-2.4305 4.72686 -0.733566
-0.0241566 0.00146511 0.0211449
72
1
-2.3829 4.72331 -0.773212
-0.0245628 0.00115313 0.0190471
73
1
-2.33398 4.71969 -0.80844
-0.0251881 0.00140379 0.0168771
74
1
-2.28378 4.7152 -0.839596
-0.0258567 0.00203167 0.0151579
75
1
-2.23225 4.70977 -0.867012
-0.026473 0.00258028 0.0135242
76
1
-2.17947 4.70433 -0.891423
-0.0273055 0.00263383 0.0112176
77
1
-2.12529 4.69955 -0.912915
-0.0279353 0.0021643 0.00869876
78
1
-2.07013 4.69613 -0.931378
-0.0274074 0.00180686 0.00676043
79
1
-2.01461 4.69433 -0.946413
-0.0267098 0.00155524 0.00536425
80
1
-1.95867 4.69431 -0.958207
-0.0274157 0.000787301 0.0044104
81
1
-1.90179 4.69558 -0.967661
-0.0288188 -0.000201719 0.00405971
82
1
-1.84373 4.69758 -0.975384
-0.029406 -0.000746639 0.00420714
83
1
-1.78477 4.70027 -0.981508
-0.0295472 -0.00151103 0.00385941
84
1
-1.72519 4.70407 -0.986186
-0.0300835 -0.00280302 0.00268948
85
1
-1.66518 4.70866 -0.989131
-0.0302378 -0.00301057 0.00132699
86
1
-1.60485 4.71298 -0.989774
-0.0298312 -0.00200689 -0.000131562
87
1
-1.54414 4.7165 -0.987492
-0.0303098 -0.00153763 -0.00152668
88
1
-1.48306 4.71965 -0.982324
-0.0309586 -0.00141437 -0.00309077
89
1
-1.42177 4.72276 -0.973937
-0.0301108 -0.000963201 -0.00531687
90
1
-1.36013 4.72635 -0.961067
-0.0300609 -0.000991905 -0.0080305
91
1
-1.29799 4.73125 -0.942773
-0.0311673 -0.00150967 -0.0110643
92
1
-1.23576 4.73768 -0.91878
-0.030434 -0.00238492 -0.0139521
93
1
-1.1735 4.74696 -0.889258
-0.030201 -0.00481914 -0.0159396
94
1
-1.11091 4.7608 -0.854472
-0.031433 -0.00831259 -0.0189835
95
1
-1.04818 4.78021 -0.81463
-0.0311951 -0.0110934 -0.0214297
96
1
-0.983879 4.80572 -0.76926
-0.0336556 -0.0152687 -0.02395
97
1
-0.917415 4.8372 -0.717928
-0.0348594 -0.0194075 -0.0275125
98
1
-0.848829 4.87464 -0.660472
-0.0346404 -0.0215644 -0.0300686
99
1
-0.779645 4.91894 -0.596756
-0.0344833 -0.0251546 -0.0329309
100
1
-0.715175 4.97154 -0.526147
-0.0302208 -0.0279099 -0.0381056
101
1
-0.660234 5.03499 -0.446741
-0.0250603 -0.034121 -0.0417811
102
1
-0.620191 5.11073 -0.359145
-0.0151922 -0.0414328 -0.0468079
103
1
-0.5979 5.20136 -0.262383
-0.0035058 -0.0533886 -0.0539055
104
1
-0.589182 5.31916 -0.159711
0.0089635 -0.0592215 -0.0498429
105
1
-0.569012 5.50531 -0.0857539
-0.0285088 -0.0712266 0.000112362
106
1
-0.209361 5.78705 -0.0651773
-0.077325 -0.00159231 0.00780229
107
1
0.209361 5.78705 -0.0651773
-0.077325 0.00159231 -0.00780229
108
1
0.569012 5.50531 -0.0857539
-0.0285088 0.0712266 -0.000112362
109
1
0.589182 5.31916 -0.159711
0.0089635 0.0592215 0.0498429
110
1
0.5979 5.20136 -0.262383
-0.0035058 0.0533886 0.0539055
111
1
0.620191 5.11073 -0.359145
-0.0151922 0.0414328 0.0468079
112
1
0.660234 5.03499 -0.446741
-0.0250603 0.034121 0.0417811
113
1
0.715175 4.97154 -0.526147
-0.0302208 0.0279099 0.0381056
114
1
0.779645 4.91894 -0.596756
-0.0344833 0.0251546 0.0329309
115
1
0.848829 4.87464 -0.660472
-0.0346404 0.0215644 0.0300686
116
1
0.917415 4.8372 -0.717928
-0.0348594 0.0194075 0.0275125
117
1
0.983879 4.80572 -0.76926
-0.0336556 0.0152687 0.02395
118
1
1.04818 4.78021 -0.81463
-0.0311951 0.0110934 0.0214297
119
1
1.11091 4.7608 -0.854472
-0.031433 0.00831259 0.0189835
120
1
1.1735 4.74696 -0.889258
-0.030201 0.00481914 0.0159396
121
1
1.23576 4.73768 -0.91878
-0.030434 0.00238492 0.0139521
122
1
1.29799 4.73125 -0.942773
-0.0311673 0.00150967 0.0110643
123
1
1.36013 4.72635 -0.961067
-0.0300609 0.000991905 0.0080305
124
1
1.42177 4.72276 -0.973937
-0.0301108 0.000963201 0.00531687
125
1
1.48306 4.71965 -0.982324
-0.0309586 0.00141437 0.00309077
126
1
1.54414 4.7165 -0.987492
-0.0303098 0.00153763 0.00152668
127
1
1.60485 4.71298 -0.989774
-0.0298312 0.00200689 0.000131562
128
1
1.66518 4.70866 -0.989131
-0.0302378 0.00301057 -0.00132699
129
1
1.72519 4.70407 -0.986186
-0.0300835 0.00280302 -0.00268948
130
1
1.78477 4.70027 -0.981508
-0.0295472 0.00151103 -0.00385941
131
1
1.84373 4.69758 -0.975384
-0.029406 0.000746639 -0.00420714
132
1
1.90179 4.69558 -0.967661
-0.0288188 0.000201719 -0.00405971
133
1
1.95867 4.69431 -0.958207
-0.0274157 -0.000787301 -0.0044104
134
1
2.01461 4.69433 -0.946413
-0.0267098 -0.00155524 -0.00536425
135
1
2.07013 4.69613 -0.931378
-0.0274074 -0.00180686 -0.00676043
136
1
2.12529 4.69955 -0.912915
-0.0279353 -0.0021643 -0.00869876
137
1
2.17947 4.70433 -0.891423
-0.0273055 -0.00263383 -0.0112176
138
1
2.23225 4.70977 -0.867012
-0.026473 -0.00258028 -0.0135242
139
1
2.28378 4.7152 -0.839596
-0.0258567 -0.00203167 -0.0151579
140
1
2.33398 4.71969 -0.80844
-0.0251881 -0.00140379 -0.0168771
141
1
2.3829 4.72331 -0.773212
-0.0245628 -0.00115313 -0.0190471
142
1
2.4305 4.72686 -0.733566
-0.0241566 -0.00146511 -0.0211449
143
1
2.47631 4.73082 -0.689548
-0.0231885 -0.00195015 -0.0234244
144
1
2.51922 4.73564 -0.641294
-0.0211049 -0.00239962 -0.0263816
145
1
2.55866 4.74123 -0.589248
-0.0190483 -0.00278425 -0.0288987
146
1
2.59505 4.74667 -0.534468
-0.0177446 -0.00271545 -0.0301907
147
1
2.62838 4.7512 -0.477909
-0.0164208 -0.00249311 -0.0304722
148
1
2.65856 4.7548 -0.42022
-0.0146645 -0.00238116 -0.0306247
149
1
2.68544 4.75724 -0.361315
-0.012944 -0.00161186 -0.0307757
150
1
2.70874 4.75843 -0.301355
-0.0116619 -0.000315742 -0.0308629
151
1
2.72856 4.75844 -0.240932
-0.0104865 0.000504648 -0.0309405
152
1
2.74467 4.7578 -0.180459
-0.00876351 0.000424307 -0.0310107
153
1
2.75691 4.75691 -0.12023
-0.00612848 6.68847e-005 -0.0308457
154
1
2.76454 4.75608 -0.0600885
-0.0029765 -9.95664e-005 -0.0304185
155
1
2.7672 4.75587 -3.63197e-015
-2.22705e-016 7.94608e-016 -0.0301763
156
1
2.76454 4.75608 0.0600885
0.0029765 9.95664e-005 -0.0304185
157
1
2.75691 4.75691 0.12023
0.00612848 -6.68847e-005 -0.0308457
158
1
2.74467 4.7578 0.180459
0.00876351 -0.000424307 -0.0310107
159
1
2.72856 4.75844 0.240932
0.0104865 -0.000504648 -0.0309405
160
1
2.70874 4.75843 0.301355
0.0116619 0.000315742 -0.0308629
161
1
2.68544 4.75724 0.361315
0.012944 0.00161186 -0.0307757
162
1
2.65856 4.7548 0.42022
0.0146645 0.00238116 -0.0306247
163
1
2.62838 4.7512 0.477909
0.0164208 0.00249311 -0.0304722
164
1
2.59505 4.74667 0.534468
0.0177446 0.00271545 -0.0301907
165
1
2.55866 4.74123 0.589248
0.0190483 0.00278425 -0.0288987
166
1
2.51922 4.73564 0.641294
0.0211049 0.00239962 -0.0263816
167
1
2.47631 4.73082 0.689548
0.0231885 0.00195015 -0.0234244
168
1
2.4305 4.72686 0.733566
0.0241566 0.00146511 -0.0211449
169
1
2.3829 4.72331 0.773212
0.0245628 0.00115313 -0.0190471
170
1
2.33398 4.71969 0.80844
0.0251881 0.00140379 -0.0168771
171
1
2.28378 4.7152 0.839596
0.0258567 0.00203167 -0.0151579
172
1
2.23225 4.70977 0.867012
0.026473 0.00258028 -0.0135242
173
1
2.17947 4.70433 0.891423
0.0273055 0.00263383 -0.0112176
174
1
2.12529 4.69955 0.912915
0.0279353 0.0021643 -0.00869876
175
1
2.07013 4.69613 0.931378
0.0274074 0.00180686 -0.00676043
176
1
2.01461 4.69433 0.946413
0.0267098 0.00155524 -0.00536425
177
1
1.95867 4.69431 0.958207
0.0274157 0.000787301 -0.0044104
178
1
1.90179 4.69558 0.967661
0.0288188 -0.000201719 -0.00405971
179
1
1.84373 4.69758 0.975384
0.029406 -0.000746639 -0.00420714
180
1
1.78477 4.70027 0.981508
0.0295472 -0.00151103 -0.00385941
181
1
1.72519 4.70407 0.986186
0.0300835 -0.00280302 -0.00268948
182
1
1.66518 4.70866 0.989131
0.0302378 -0.00301057 -0.00132699
183
1
1.60485 4.71298 0.989774
0.0298312 -0.00200689 0.000131562
184
1
1.54414 4.7165 0.987492
0.0303098 -0.00153763 0.00152668
185
1
1.48306 4.71965 0.982324
0.0309586 -0.00141437 0.00309077
186
1
1.42177 4.72276 0.973937
0.0301108 -0.000963201 0.00531687
187
1
1.36013 4.72635 0.961067
0.0300609 -0.000991905 0.0080305
188
1
1.29799 4.73125 0.942773
0.0311673 -0.00150967 0.0110643
189
1
1.23576 4.73768 0.91878
0.030434 -0.00238492 0.0139521
190
1
1.1735 4.74696 0.889258
0.030201 -0.00481914 0.0159396
191
1
1.11091 4.7608 0.854472
0.031433 -0.00831259 0.0189835
192
1
1.04818 4.78021 0.81463
0.0311951 -0.0110934 0.0214297
193
1
0.983879 4.80572 0.76926
0.0336556 -0.0152687 0.02395
