194
0
1
0.992989 9.38658 0.575598
0.0493811 0.00127048 0.0151381
1
1
0.894221 9.38086 0.544649
0.0511634 0.00464988 0.0131646
2
1
0.78566 9.36721 0.515211
0.056711 0.0083017 0.0154259
3
1
0.671997 9.34435 0.482187
0.0582576 0.0112756 0.0185515
4
1
0.555415 9.30714 0.443005
0.0567453 0.0203565 0.0196391
5
1
0.439516 9.2493 0.395364
0.0536869 0.0328276 0.0270735
6
1
0.318407 9.16114 0.343605
0.0466337 0.0492398 0.0164992
7
1
0.162359 9.012 0.319852
0.0517497 0.0548635 -0.00500076
8
1
0.516889 6.04192 0.0575704
0.000271599 -0.0482667 -0.00947379
9
1
0.255113 13.1639 0.0556202
0.0425882 -0.0536698 0.00739954
10
1
-0.255113 13.1639 0.0556201
0.0425883 0.0536698 -0.00739946
11
1
-0.516915 6.04194 0.0575584
0.000268088 0.0482606 0.00945875
12
1
-0.162359 9.012 0.319852
0.0517497 -0.0548635 0.00500078
13
1
-0.318407 9.16114 0.343605
0.0466337 -0.0492398 -0.0164992
14
1
-0.439516 9.2493 0.395364
0.0536869 -0.0328276 -0.0270735
15
1
-0.555415 9.30714 0.443005
0.0567453 -0.0203565 -0.0196391
16
1
-0.671997 9.34435 0.482187
0.0582576 -0.0112756 -0.0185515
17
1
-0.78566 9.36721 0.515211
0.056711 -0.0083017 -0.0154259
18
1
-0.894221 9.38086 0.544649
0.0511634 -0.00464987 -0.0131646
19
1
-0.992989 9.38658 0.575598
0.0493811 -0.00127048 -0.0151381
20
1
-1.07932 9.38803 0.610249
0.0394736 0.00091978 -0.0184008
21
1
-1.15507 9.38864 0.647715
0.0335623 0.000739719 -0.0189041
22
1
-1.2217 9.39169 0.686299
0.0311002 -0.000629229 -0.0218276
23
1
-1.28326 9.39974 0.726447
0.0277835 -0.00407752 -0.0214199
24
1
-1.33989 9.41431 0.766149
0.02677 -0.00904993 -0.0198654
25
1
-1.3921 9.43507 0.802757
0.0249725 -0.011755 -0.0191394
26
1
-1.44053 9.46081 0.834602
0.0205316 -0.0119563 -0.0157984
27
1
-1.48584 9.48999 0.860784
0.0198615 -0.0140975 -0.0124073
28
1
-1.53125 9.52062 0.881905
0.0226883 -0.0171503 -0.00981777
29
1
-1.579 9.5517 0.898088
0.0245335 -0.0172911 -0.00659746
30
1
-1.62849 9.58156 0.909295
0.0253309 -0.0150448 -0.00375353
31
1
-1.67871 9.60968 0.915754
0.0258019 -0.0135273 -0.000811459
32
1
-1.72833 9.63677 0.918133
0.0247331 -0.0131502 0.000810192
33
1
-1.77633 9.66395 0.917027
0.0240552 -0.0129528 0.00161343
34
1
-1.82292 9.6917 0.91298
0.0249355 -0.0130359 0.00378214
35
1
-1.86772 9.72022 0.906598
0.0234753 -0.012912 0.0045514
36
1
-1.90994 9.74835 0.898508
0.0206039 -0.0123589 0.00332286
37
1
-1.9495 9.77648 0.888201
0.0199945 -0.0132776 0.00521176
38
1
-1.98648 9.8055 0.874215
0.0179169 -0.0151469 0.00795479
39
1
-2.02002 9.83578 0.856743
0.0143348 -0.0152421 0.00674408
40
1
-2.04904 9.86779 0.837875
0.0141529 -0.0160887 0.00707056
41
1
-2.07453 9.90105 0.817681
0.0131291 -0.0177328 0.0110521
42
1
-2.09647 9.93448 0.794509
0.00828783 -0.0171056 0.0130093
43
1
-2.11462 9.96757 0.768039
0.00589242 -0.0160071 0.0124695
44
1
-2.12965 10.0006 0.737802
0.00594367 -0.0159399 0.015521
45
1
-2.14272 10.034 0.702538
0.00518698 -0.0165385 0.0224106
46
1
-2.15566 10.0676 0.662145
0.00418248 -0.0165945 0.0230436
47
1
-2.16849 10.1006 0.617153
0.00547297 -0.0162428 0.0219957
48
1
-2.18217 10.1337 0.568137
0.00847989 -0.0181378 0.0278647
49
1
-2.1961 10.1652 0.517332
0.00952355 -0.0175339 0.0290971
50
1
-2.2088 10.1952 0.465605
0.00638322 -0.0147808 0.0256639
51
1
-2.21916 10.2241 0.411802
0.00382747 -0.0146961 0.0272737
52
1
-2.22682 10.2514 0.356338
0.00402219 -0.016018 0.0304083
53
1
-2.23205 10.2763 0.298451
0.00232357 -0.0149194 0.0335767
54
1
-2.23505 10.2974 0.238774
-0.000291964 -0.0102188 0.0342081
55
1
-2.23606 10.3135 0.178513
-0.00089984 -0.00690763 0.0329302
56
1
-2.23582 10.3249 0.118705
-0.000262529 -0.00470308 0.0312576
57
1
-2.23584 10.3324 0.0585852
-0.000787671 -0.00263436 0.0299805
58
1
-2.23614 10.335 -2.80951e-008
-3.35175e-010 3.46553e-010 0.029522
59
1
-2.23584 10.3324 -0.0585853
0.000787671 0.00263436 0.0299805
60
1
-2.23582 10.3249 -0.118705
0.000262529 0.00470309 0.0312576
61
1
-2.23606 10.3135 -0.178513
0.000899839 0.00690763 0.0329302
62
1
-2.23505 10.2974 -0.238774
0.000291963 0.0102188 0.0342081
63
1
-2.23205 10.2763 -0.298451
-0.00232357 0.0149194 0.0335767
64
1
-2.22682 10.2514 -0.356338
-0.00402219 0.016018 0.0304083
65
1
-2.21916 10.2241 -0.411802
-0.00382747 0.0146961 0.0272737
66
1
-2.2088 10.1952 -0.465605
-0.00638322 0.0147808 0.0256639
67
1
-2.1961 10.1652 -0.517332
-0.00952355 0.0175339 0.0290971
68
1
-2.18217 10.1337 -0.568137
-0.00847989 0.0181378 0.0278647
69
1
-2.16849 10.1006 -0.617153
-0.00547297 0.0162428 0.0219957
70
1
-2.15566 10.0676 -0.662145
-0.00418248 0.0165945 0.0230436
71
1
-2.14272 10.034 -0.702538
-0.00518698 0.0165385 0.0224106
72
1
-2.12965 10.0006 -0.737802
-0.00594367 0.0159399 0.015521
73
1
-2.11462 9.96757 -0.76804
-0.00589242 0.0160071 0.0124695
74
1
-2.09647 9.93448 -0.794509
-0.00828783 0.0171056 0.0130093
75
1
-2.07453 9.90105 -0.817681
-0.0131291 0.0177328 0.0110521
76
1
-2.04904 9.86779 -0.837875
-0.0141529 0.0160887 0.00707056
77
1
-2.02002 9.83578 -0.856743
-0.0143348 0.0152421 0.00674408
78
1
-1.98648 9.8055 -0.874215
-0.0179169 0.0151469 0.0079548
79
1
-1.9495 9.77648 -0.888201
-0.0199945 0.0132776 0.00521176
80
1
-1.90994 9.74835 -0.898508
-0.0206039 0.0123589 0.00332286
81
1
-1.86772 9.72022 -0.906598
-0.0234753 0.012912 0.0045514
82
1
-1.82292 9.6917 -0.91298
-0.0249355 0.0130359 0.00378214
83
1
-1.77633 9.66395 -0.917027
-0.0240552 0.0129528 0.00161343
84
1
-1.72833 9.63677 -0.918133
-0.0247331 0.0131502 0.000810192
85
1
-1.67871 9.60968 -0.915754
-0.0258019 0.0135273 -0.000811459
86
1
-1.62849 9.58156 -0.909295
-0.0253309 0.0150448 -0.00375353
87
1
-1.579 9.5517 -0.898088
-0.0245335 0.0172911 -0.00659745
88
1
-1.53125 9.52062 -0.881905
-0.0226883 0.0171503 -0.00981777
89
1
-1.48584 9.48999 -0.860784
-0.0198615 0.0140975 -0.0124073
90
1
-1.44053 9.46081 -0.834602
-0.0205316 0.0119563 -0.0157984
91
1
-1.3921 9.43507 -0.802757
-0.0249725 0.011755 -0.0191394
92
1
-1.33989 9.41431 -0.766149
-0.02677 0.00904993 -0.0198654
93
1
-1.28326 9.39974 -0.726447
-0.0277835 0.00407752 -0.0214199
94
1
-1.2217 9.39169 -0.686299
-0.0311002 0.000629229 -0.0218276
95
1
-1.15507 9.38864 -0.647715
-0.0335623 -0.000739718 -0.0189041
96
1
-1.07932 9.38803 -0.610249
-0.0394736 -0.000919778 -0.0184008
97
1
-0.992989 9.38658 -0.575598
-0.0493811 0.00127048 -0.0151381
98
1
-0.894221 9.38086 -0.544649
-0.0511634 0.00464988 -0.0131646
99
1
-0.78566 9.36721 -0.515211
-0.056711 0.0083017 -0.0154259
100
1
-0.671997 9.34435 -0.482187
-0.0582576 0.0112756 -0.0185515
101
1
-0.555415 9.30714 -0.443005
-0.0567453 0.0203565 -0.0196391
102
1
-0.439516 9.2493 -0.395364
-0.0536869 0.0328276 -0.0270735
103
1
-0.318407 9.16114 -0.343605
-0.0466337 0.0492398 -0.0164992
104
1
-0.162359 9.012 -0.319852
-0.0517497 0.0548635 0.00500076
105
1
-0.516889 6.04192 -0.0575674
-0.000271569 -0.0482666 0.00947406
106
1
-0.255113 13.1639 -0.0556202
-0.0425882 -0.0536698 -0.00739954
107
1
0.255113 13.1639 -0.0556201
-0.0425883 0.0536698 0.00739946
108
1
0.516916 6.04193 -0.0575554
-0.000268058 0.0482604 -0.00945903
109
1
0.162359 9.012 -0.319852
-0.0517497 -0.0548635 -0.00500078
110
1
0.318407 9.16114 -0.343605
-0.0466337 -0.0492398 0.0164992
111
1
0.439516 9.2493 -0.395364
-0.0536869 -0.0328276 0.0270735
112
1
0.555415 9.30714 -0.443005
-0.0567453 -0.0203565 0.0196391
113
1
0.671997 9.34435 -0.482187
-0.0582576 -0.0112756 0.0185515
114
1
0.78566 9.36721 -0.515211
-0.056711 -0.00830169 0.0154259
115
1
0.894221 9.38086 -0.544649
-0.0511634 -0.00464987 0.0131646
116
1
0.992989 9.38658 -0.575598
-0.0493811 -0.00127048 0.0151381
117
1
1.07932 9.38803 -0.610249
-0.0394736 0.00091978 0.0184008
118
1
1.15507 9.38864 -0.647715
-0.0335623 0.000739719 0.0189041
119
1
1.2217 9.39169 -0.686299
-0.0311002 -0.000629229 0.0218276
120
1
1.28326 9.39974 -0.726447
-0.0277835 -0.00407752 0.0214199
121
1
1.33989 9.41431 -0.766149
-0.02677 -0.00904993 0.0198654
122
1
1.3921 9.43507 -0.802757
-0.0249725 -0.011755 0.0191394
123
1
1.44053 9.46081 -0.834602
-0.0205316 -0.0119563 0.0157984
124
1
1.48584 9.48999 -0.860784
-0.0198615 -0.0140975 0.0124073
125
1
1.53125 9.52062 -0.881905
-0.0226883 -0.0171503 0.00981777
126
1
1.579 9.5517 -0.898088
-0.0245335 -0.0172911 0.00659746
127
1
1.62849 9.58156 -0.909295
-0.0253309 -0.0150448 0.00375353
128
1
1.67871 9.60968 -0.915754
-0.0258019 -0.0135273 0.000811459
129
1
1.72833 9.63677 -0.918133
-0.0247331 -0.0131502 -0.000810192
130
1
1.77633 9.66395 -0.917027
-0.0240552 -0.0129528 -0.00161343
131
1
1.82292 9.6917 -0.91298
-0.0249355 -0.0130359 -0.00378214
132
1
1.86772 9.72022 -0.906598
-0.0234753 -0.012912 -0.0045514
133
1
1.90994 9.74835 -0.898508
-0.0206039 -0.0123589 -0.00332286
134
1
1.9495 9.77648 -0.888201
-0.0199945 -0.0132776 -0.00521176
135
1
1.98648 9.8055 -0.874215
-0.0179169 -0.0151469 -0.0079548
136
1
2.02002 9.83578 -0.856743
-0.0143348 -0.0152421 -0.00674408
137
1
2.04904 9.86779 -0.837875
-0.0141529 -0.0160887 -0.00707056
138
1
2.07453 9.90105 -0.817681
-0.0131291 -0.0177328 -0.0110521
139
1
2.09647 9.93448 -0.794509
-0.00828783 -0.0171056 -0.0130093
140
1
2.11462 9.96757 -0.768039
-0.00589242 -0.0160071 -0.0124695
141
1
2.12965 10.0006 -0.737802
-0.00594367 -0.0159399 -0.015521
142
1
2.14272 10.034 -0.702538
-0.00518698 -0.0165385 -0.0224106
143
1
2.15566 10.0676 -0.662145
-0.00418248 -0.0165945 -0.0230436
144
1
2.16849 10.1006 -0.617153
-0.00547297 -0.0162428 -0.0219957
145
1
2.18217 10.1337 -0.568137
-0.00847989 -0.0181378 -0.0278647
146
1
2.1961 10.1652 -0.517332
-0.00952355 -0.0175339 -0.0290971
147
1
2.2088 10.1952 -0.465605
-0.00638322 -0.0147808 -0.0256639
148
1
2.21916 10.2241 -0.411802
-0.00382747 -0.0146961 -0.0272737
149
1
2.22682 10.2514 -0.356338
-0.00402218 -0.016018 -0.0304083
150
1
2.23205 10.2763 -0.298451
-0.00232357 -0.0149194 -0.0335767
151
1
2.23505 10.2974 -0.238774
0.000291964 -0.0102188 -0.0342081
152
1
2.23606 10.3135 -0.178513
0.00089984 -0.00690763 -0.0329302
153
1
2.23582 10.3249 -0.118705
0.000262529 -0.00470308 -0.0312576
154
1
2.23584 10.3324 -0.0585852
0.000787671 -0.00263436 -0.0299805
155
1
2.23614 10.335 2.32153e-008
4.28825e-010 2.94119e-010 -0.029522
156
1
2.23584 10.3324 0.0585853
-0.000787671 0.00263436 -0.0299805
157
1
2.23582 10.3249 0.118705
-0.000262528 0.00470308 -0.0312576
158
1
2.23606 10.3135 0.178513
-0.000899839 0.00690763 -0.0329302
159
1
2.23505 10.2974 0.238774
-0.000291963 0.0102188 -0.0342081
160
1
2.23205 10.2763 0.298451
0.00232357 0.0149194 -0.0335767
161
1
2.22682 10.2514 0.356338
0.00402219 0.016018 -0.0304083
162
1
2.21916 10.2241 0.411802
0.00382747 0.0146961 -0.0272737
163
1
2.2088 10.1952 0.465605
0.00638322 0.0147808 -0.0256639
164
1
2.1961 10.1652 0.517332
0.00952355 0.0175339 -0.0290971
165
1
2.18217 10.1337 0.568137
0.00847989 0.0181378 -0.0278647
166
1
2.16849 10.1006 0.617153
0.00547297 0.0162428 -0.0219957
167
1
2.15566 10.0676 0.662145
0.00418248 0.0165945 -0.0230436
168
1
2.14272 10.034 0.702538
0.00518698 0.0165385 -0.0224106
169
1
2.12965 10.0006 0.737802
0.00594367 0.0159399 -0.015521
170
1
2.11462 9.96757 0.76804
0.00589242 0.0160071 -0.0124695
171
1
2.09647 9.93448 0.794509
0.00828783 0.0171056 -0.0130093
172
1
2.07453 9.90105 0.817681
0.0131291 0.0177328 -0.0110521
173
1
2.04904 9.86779 0.837875
0.0141529 0.0160887 -0.00707056
174
1
2.02002 9.83578 0.856743
0.0143348 0.0152421 -0.00674408
175
1
1.98648 9.8055 0.874215
0.0179169 0.0151469 -0.0079548
176
1
1.9495 9.77648 0.888201
0.0199945 0.0132776 -0.00521176
177
1
1.90994 9.74835 0.898508
0.0206039 0.0123589 -0.00332286
178
1
1.86772 9.72022 0.906598
0.0234753 0.012912 -0.0045514
179
1
1.82292 9.6917 0.91298
0.0249355 0.0130359 -0.00378214
180
1
1.77633 9.66395 0.917027
0.0240552 0.0129528 -0.00161343
181
1
1.72833 9.63677 0.918133
0.0247331 0.0131502 -0.000810192
182
1
1.67871 9.60968 0.915754
0.0258019 0.0135273 0.000811459
183
1
1.62849 9.58156 0.909295
0.0253309 0.0150448 0.00375353
184
1
1.579 9.5517 0.898088
0.0245335 0.0172911 0.00659745
185
1
1.53125 9.52062 0.881905
0.0226883 0.0171503 0.00981777
186
1
1.48584 9.48999 0.860784
0.0198615 0.0140975 0.0124073
187
1
1.44053 9.46081 0.834602
0.0205316 0.0119563 0.0157984
188
1
1.3921 9.43507 0.802757
0.0249725 0.011755 0.0191394
189
1
1.33989 9.41431 0.766149
0.02677 0.00904993 0.0198654
190
1
1.28326 9.39974 0.726447
0.0277835 0.00407752 0.0214199
191
1
1.2217 9.39169 0.686299
0.0311002 0.000629229 0.0218276
192
1
1.15507 9.38864 0.647715
0.0335623 -0.000739718 0.0189041
193
1
1.07932 9.38803 0.610249
0.0394736 -0.000919779 0.0184008
