194
0
1
1.48076 7.19108 0.84982
0.0349385 0.0170249 0.0331381
1
1
1.40746 7.15433 0.787659
0.0353728 0.0194529 0.034654
2
1
1.32739 7.11006 0.7209
0.0416199 0.0245096 0.0352179
3
1
1.24446 7.05696 0.650751
0.041261 0.0303814 0.0352909
4
1
1.15845 6.99085 0.575921
0.0419473 0.0358105 0.0369771
5
1
1.06458 6.91738 0.491075
0.0497753 0.0381013 0.0462878
6
1
0.953826 6.85065 0.373776
0.0490813 0.0251239 0.054852
7
1
0.813017 6.78754 0.192737
0.044584 0.0133659 0.0624937
8
1
0.324156 6.41546 0.0768311
-0.0125916 0.0389395 -0.0128576
9
1
0.0482165 9.31175 0.786965
0.000835888 -0.00154427 -0.0779023
10
1
-0.0482165 9.31175 0.786965
0.000835888 0.00154427 0.0779023
11
1
-0.324156 6.41546 0.076831
-0.0125916 -0.0389395 0.0128576
12
1
-0.813017 6.78754 0.192737
0.0445841 -0.0133659 -0.0624937
13
1
-0.953826 6.85065 0.373776
0.0490813 -0.0251239 -0.054852
14
1
-1.06458 6.91738 0.491075
0.0497753 -0.0381013 -0.0462878
15
1
-1.15845 6.99085 0.575921
0.0419473 -0.0358105 -0.0369771
16
1
-1.24446 7.05696 0.650751
0.041261 -0.0303814 -0.0352909
17
1
-1.32739 7.11006 0.7209
0.0416199 -0.0245096 -0.0352179
18
1
-1.40746 7.15433 0.787659
0.0353728 -0.0194529 -0.034654
19
1
-1.48076 7.19108 0.84982
0.0349385 -0.0170249 -0.0331381
20
1
-1.54839 7.22055 0.906399
0.0324226 -0.0123717 -0.0280905
21
1
-1.61258 7.24328 0.956535
0.0303056 -0.0105364 -0.0230928
22
1
-1.6736 7.2609 0.998526
0.0296629 -0.00894025 -0.0202882
23
1
-1.73419 7.27437 1.03419
0.0289498 -0.00559138 -0.0163289
24
1
-1.79468 7.28356 1.06374
0.0304281 -0.00281943 -0.0128354
25
1
-1.8547 7.28874 1.08755
0.0308489 -0.0014177 -0.0101875
26
1
-1.91407 7.29047 1.10621
0.0284358 -0.00018912 -0.00701476
27
1
-1.97185 7.28898 1.11962
0.0278147 0.00107436 -0.004364
28
1
-2.02846 7.28452 1.12834
0.0286728 0.00225217 -0.00312854
29
1
-2.0844 7.2778 1.13305
0.0280527 0.0033096 -0.00186344
30
1
-2.1391 7.26938 1.13385
0.0271642 0.00446361 -0.000231267
31
1
-2.19246 7.25915 1.13101
0.0267721 0.00515659 0.00166025
32
1
-2.24438 7.24746 1.12462
0.0258764 0.00568205 0.00394333
33
1
-2.29438 7.23467 1.11468
0.0251349 0.00682275 0.00590382
34
1
-2.34231 7.22059 1.10132
0.0242317 0.00759215 0.00730073
35
1
-2.38787 7.20516 1.08505
0.0220288 0.0075083 0.00882797
36
1
-2.43073 7.18894 1.06629
0.0203498 0.00792055 0.00988733
37
1
-2.47137 7.17154 1.04498
0.020145 0.00894338 0.010496
38
1
-2.51028 7.15259 1.02132
0.0193118 0.00992622 0.011706
39
1
-2.54735 7.13235 0.995547
0.0173696 0.0108206 0.0133666
40
1
-2.58134 7.11099 0.967269
0.0163566 0.0117581 0.0146135
41
1
-2.61128 7.08886 0.936099
0.0150659 0.0121861 0.0156565
42
1
-2.63731 7.06671 0.902138
0.0120682 0.0121208 0.0172921
43
1
-2.65942 7.04489 0.865117
0.00986026 0.0120092 0.0192211
44
1
-2.67794 7.02403 0.824573
0.0086909 0.0111431 0.0210572
45
1
-2.69259 7.00473 0.779917
0.00604585 0.00956596 0.0234976
46
1
-2.70257 6.98646 0.731305
0.00242594 0.00852116 0.0262226
47
1
-2.70781 6.96948 0.679092
-0.000453691 0.00760096 0.028133
48
1
-2.70915 6.95475 0.623742
-0.0024678 0.00632824 0.0297637
49
1
-2.70771 6.94247 0.565917
-0.0033889 0.00511716 0.0314412
50
1
-2.70553 6.93294 0.506243
-0.00273818 0.00359311 0.0320515
51
1
-2.70418 6.92584 0.44531
-0.00117653 0.00227308 0.0321786
52
1
-2.70418 6.92084 0.383224
-1.04829e-005 0.00154705 0.0323825
53
1
-2.70526 6.91753 0.320262
0.000244053 0.000765988 0.0324967
54
1
-2.70673 6.91553 0.256816
0.000416794 -8.45125e-005 0.0326115
55
1
-2.70872 6.91472 0.193028
0.00126477 -0.000374226 0.0330112
56
1
-2.7113 6.91431 0.129017
0.00201848 8.02601e-005 0.0332897
57
1
-2.71361 6.91415 0.064614
0.00139758 0.000265338 0.0330077
58
1
-2.71469 6.91408 2.28237e-010
2.18964e-012 -8.72202e-013 0.0327328
59
1
-2.71361 6.91415 -0.064614
-0.00139758 -0.000265338 0.0330077
60
1
-2.7113 6.91431 -0.129017
-0.00201848 -8.02601e-005 0.0332897
61
1
-2.70872 6.91472 -0.193028
-0.00126477 0.000374226 0.0330112
62
1
-2.70673 6.91553 -0.256816
-0.000416794 8.45125e-005 0.0326115
63
1
-2.70526 6.91753 -0.320262
-0.000244053 -0.000765988 0.0324967
64
1
-2.70418 6.92084 -0.383224
1.04829e-005 -0.00154705 0.0323825
65
1
-2.70418 6.92584 -0.44531
0.00117653 -0.00227308 0.0321786
66
1
-2.70553 6.93294 -0.506243
0.00273818 -0.00359311 0.0320515
67
1
-2.70771 6.94247 -0.565917
0.0033889 -0.00511716 0.0314412
68
1
-2.70915 6.95475 -0.623742
0.0024678 -0.00632824 0.0297637
69
1
-2.70781 6.96948 -0.679092
0.000453691 -0.00760096 0.028133
70
1
-2.70257 6.98646 -0.731305
-0.00242594 -0.00852116 0.0262226
71
1
-2.69259 7.00473 -0.779917
-0.00604585 -0.00956596 0.0234976
72
1
-2.67794 7.02403 -0.824573
-0.0086909 -0.0111431 0.0210572
73
1
-2.65942 7.04489 -0.865117
-0.00986026 -0.0120092 0.0192211
74
1
-2.63731 7.06671 -0.902138
-0.0120682 -0.0121208 0.0172921
75
1
-2.61128 7.08886 -0.936099
-0.0150659 -0.0121861 0.0156565
76
1
-2.58134 7.11099 -0.967269
-0.0163566 -0.0117581 0.0146135
77
1
-2.54735 7.13235 -0.995547
-0.0173696 -0.0108206 0.0133666
78
1
-2.51028 7.15259 -1.02132
-0.0193118 -0.00992622 0.011706
79
1
-2.47137 7.17154 -1.04498
-0.020145 -0.00894338 0.010496
80
1
-2.43073 7.18894 -1.06629
-0.0203498 -0.00792055 0.00988733
81
1
-2.38787 7.20516 -1.08505
-0.0220288 -0.0075083 0.00882797
82
1
-2.34231 7.22059 -1.10132
-0.0242317 -0.00759215 0.00730073
83
1
-2.29438 7.23467 -1.11468
-0.0251349 -0.00682275 0.00590382
84
1
-2.24438 7.24746 -1.12462
-0.0258764 -0.00568205 0.00394333
85
1
-2.19246 7.25915 -1.13101
-0.0267721 -0.00515659 0.00166025
86
1
-2.1391 7.26938 -1.13385
-0.0271642 -0.00446361 -0.000231267
87
1
-2.0844 7.2778 -1.13305
-0.0280527 -0.0033096 -0.00186344
88
1
-2.02846 7.28452 -1.12834
-0.0286728 -0.00225217 -0.00312854
89
1
-1.97185 7.28898 -1.11962
-0.0278147 -0.00107436 -0.004364
90
1
-1.91407 7.29047 -1.10621
-0.0284358 0.00018912 -0.00701476
91
1
-1.8547 7.28874 -1.08755
-0.0308489 0.0014177 -0.0101875
92
1
-1.79468 7.28356 -1.06374
-0.0304281 0.00281943 -0.0128354
93
1
-1.73419 7.27437 -1.03419
-0.0289498 0.00559138 -0.0163289
94
1
-1.6736 7.2609 -0.998526
-0.0296629 0.00894025 -0.0202882
95
1
-1.61258 7.24328 -0.956535
-0.0303056 0.0105364 -0.0230928
96
1
-1.54839 7.22055 -0.906399
-0.0324226 0.0123717 -0.0280905
97
1
-1.48076 7.19108 -0.84982
-0.0349385 0.0170249 -0.0331381
98
1
-1.40746 7.15433 -0.787659
-0.0353728 0.0194529 -0.034654
99
1
-1.32739 7.11006 -0.7209
-0.0416199 0.0245096 -0.0352179
100
1
-1.24446 7.05696 -0.650751
-0.041261 0.0303814 -0.0352909
101
1
-1.15845 6.99085 -0.575921
-0.0419473 0.0358105 -0.0369771
102
1
-1.06458 6.91738 -0.491075
-0.0497753 0.0381013 -0.0462878
103
1
-0.953826 6.85065 -0.373776
-0.0490813 0.0251239 -0.054852
104
1
-0.813017 6.78754 -0.192737
-0.044584 0.0133659 -0.0624937
105
1
-0.324156 6.41546 -0.0768311
0.0125916 0.0389395 0.0128576
106
1
-0.0482165 9.31175 -0.786965
-0.000835888 -0.00154427 0.0779023
107
1
0.0482165 9.31175 -0.786965
-0.000835888 0.00154427 -0.0779023
108
1
0.324156 6.41546 -0.076831
0.0125916 -0.0389395 -0.0128576
109
1
0.813017 6.78754 -0.192737
-0.0445841 -0.0133659 0.0624937
110
1
0.953826 6.85065 -0.373776
-0.0490813 -0.0251239 0.054852
111
1
1.06458 6.91738 -0.491075
-0.0497753 -0.0381013 0.0462878
112
1
1.15845 6.99085 -0.575921
-0.0419473 -0.0358105 0.0369771
113
1
1.24446 7.05696 -0.650751
-0.041261 -0.0303814 0.0352909
114
1
1.32739 7.11006 -0.7209
-0.0416199 -0.0245096 0.0352179
115
1
1.40746 7.15433 -0.787659
-0.0353728 -0.0194529 0.034654
116
1
1.48076 7.19108 -0.84982
-0.0349385 -0.0170249 0.0331381
117
1
1.54839 7.22055 -0.906399
-0.0324226 -0.0123717 0.0280905
118
1
1.61258 7.24328 -0.956535
-0.0303056 -0.0105364 0.0230928
119
1
1.6736 7.2609 -0.998526
-0.0296629 -0.00894025 0.0202882
120
1
1.73419 7.27437 -1.03419
-0.0289498 -0.00559138 0.0163289
121
1
1.79468 7.28356 -1.06374
-0.0304281 -0.00281943 0.0128354
122
1
1.8547 7.28874 -1.08755
-0.0308489 -0.0014177 0.0101875
123
1
1.91407 7.29047 -1.10621
-0.0284358 -0.00018912 0.00701476
124
1
1.97185 7.28898 -1.11962
-0.0278147 0.00107436 0.004364
125
1
2.02846 7.28452 -1.12834
-0.0286728 0.00225217 0.00312854
126
1
2.0844 7.2778 -1.13305
-0.0280527 0.0033096 0.00186344
127
1
2.1391 7.26938 -1.13385
-0.0271642 0.00446361 0.000231267
128
1
2.19246 7.25915 -1.13101
-0.0267721 0.00515659 -0.00166025
129
1
2.24438 7.24746 -1.12462
-0.0258764 0.00568205 -0.00394333
130
1
2.29438 7.23467 -1.11468
-0.0251349 0.00682275 -0.00590382
131
1
2.34231 7.22059 -1.10132
-0.0242317 0.00759215 -0.00730073
132
1
2.38787 7.20516 -1.08505
-0.0220288 0.0075083 -0.00882797
133
1
2.43073 7.18894 -1.06629
-0.0203498 0.00792055 -0.00988733
134
1
2.47137 7.17154 -1.04498
-0.020145 0.00894338 -0.010496
135
1
2.51028 7.15259 -1.02132
-0.0193118 0.00992622 -0.011706
136
1
2.54735 7.13235 -0.995547
-0.0173696 0.0108206 -0.0133666
137
1
2.58134 7.11099 -0.967269
-0.0163566 0.0117581 -0.0146135
138
1
2.61128 7.08886 -0.936099
-0.0150659 0.0121861 -0.0156565
139
1
2.63731 7.06671 -0.902138
-0.0120682 0.0121208 -0.0172921
140
1
2.65942 7.04489 -0.865117
-0.00986026 0.0120092 -0.0192211
141
1
2.67794 7.02403 -0.824573
-0.0086909 0.0111431 -0.0210572
142
1
2.69259 7.00473 -0.779917
-0.00604585 0.00956596 -0.0234976
143
1
2.70257 6.98646 -0.731305
-0.00242594 0.00852116 -0.0262226
144
1
2.70781 6.96948 -0.679092
0.000453691 0.00760096 -0.028133
145
1
2.70915 6.95475 -0.623742
0.0024678 0.00632824 -0.0297637
146
1
2.70771 6.94247 -0.565917
0.0033889 0.00511716 -0.0314412
147
1
2.70553 6.93294 -0.506243
0.00273818 0.00359311 -0.0320515
148
1
2.70418 6.92584 -0.44531
0.00117653 0.00227308 -0.0321786
149
1
2.70418 6.92084 -0.383224
1.04829e-005 0.00154705 -0.0323825
150
1
2.70526 6.91753 -0.320262
-0.000244053 0.000765988 -0.0324967
151
1
2.70673 6.91553 -0.256816
-0.000416794 -8.45125e-005 -0.0326115
152
1
2.70872 6.91472 -0.193028
-0.00126477 -0.000374226 -0.0330112
153
1
2.7113 6.91431 -0.129017
-0.00201848 8.02601e-005 -0.0332897
154
1
2.71361 6.91415 -0.064614
-0.00139758 0.000265338 -0.0330077
155
1
2.71469 6.91408 -2.50551e-010
-2.10777e-012 -1.25763e-012 -0.0327328
156
1
2.71361 6.91415 0.064614
0.00139758 -0.000265338 -0.0330077
157
1
2.7113 6.91431 0.129017
0.00201848 -8.02601e-005 -0.0332897
158
1
2.70872 6.91472 0.193028
0.00126477 0.000374226 -0.0330112
159
1
2.70673 6.91553 0.256816
0.000416794 8.45125e-005 -0.0326115
160
1
2.70526 6.91753 0.320262
0.000244053 -0.000765988 -0.0324967
161
1
2.70418 6.92084 0.383224
-1.04829e-005 -0.00154705 -0.0323825
162
1
2.70418 6.92584 0.44531
-0.00117653 -0.00227308 -0.0321786
163
1
2.70553 6.93294 0.506243
-0.00273818 -0.00359311 -0.0320515
164
1
2.70771 6.94247 0.565917
-0.0033889 -0.00511716 -0.0314412
165
1
2.70915 6.95475 0.623742
-0.0024678 -0.00632824 -0.0297637
166
1
2.70781 6.96948 0.679092
-0.000453691 -0.00760096 -0.028133
167
1
2.70257 6.98646 0.731305
0.00242594 -0.00852116 -0.0262226
168
1
2.69259 7.00473 0.779917
0.00604585 -0.00956596 -0.0234976
169
1
2.67794 7.02403 0.824573
0.0086909 -0.0111431 -0.0210572
170
1
2.65942 7.04489 0.865117
0.00986026 -0.0120092 -0.0192211
171
1
2.63731 7.06671 0.902138
0.0120682 -0.0121208 -0.0172921
172
1
2.61128 7.08886 0.936099
0.0150659 -0.0121861 -0.0156565
173
1
2.58134 7.11099 0.967269
0.0163566 -0.0117581 -0.0146135
174
1
2.54735 7.13235 0.995547
0.0173696 -0.0108206 -0.0133666
175
1
2.51028 7.15259 1.02132
0.0193118 -0.00992622 -0.011706
176
1
2.47137 7.17154 1.04498
0.020145 -0.00894338 -0.010496
177
1
2.43073 7.18894 1.06629
0.0203498 -0.00792055 -0.00988733
178
1
2.38787 7.20516 1.08505
0.0220288 -0.0075083 -0.00882797
179
1
2.34231 7.22059 1.10132
0.0242317 -0.00759215 -0.00730073
180
1
2.29438 7.23467 1.11468
0.0251349 -0.00682275 -0.00590382
181
1
2.24438 7.24746 1.12462
0.0258764 -0.00568205 -0.00394333
182
1
2.19246 7.25915 1.13101
0.0267721 -0.00515659 -0.00166025
183
1
2.1391 7.26938 1.13385
0.0271642 -0.00446361 0.000231267
184
1
2.0844 7.2778 1.13305
0.0280527 -0.0033096 0.00186344
185
1
2.02846 7.28452 1.12834
0.0286728 -0.00225217 0.00312854
186
1
1.97185 7.28898 1.11962
0.0278147 -0.00107436 0.004364
187
1
1.91407 7.29047 1.10621
0.0284358 0.00018912 0.00701476
188
1
1.8547 7.28874 1.08755
0.0308489 0.0014177 0.0101875
189
1
1.79468 7.28356 1.06374
0.0304281 0.00281943 0.0128354
190
1
1.73419 7.27437 1.03419
0.0289498 0.00559138 0.0163289
191
1
1.6736 7.2609 0.998526
0.0296629 0.00894025 0.0202882
192
1
1.61258 7.24328 0.956535
0.0303056 0.0105364 0.0230928
193
1
1.54839 7.22055 0.906399
0.0324226 0.0123717 0.0280905
