194
0
1
0.496388 10.5665 1.6682
0.027464 0.0379624 -0.0305598
1
1
0.443175 10.4927 1.72284
0.0304357 0.0336762 -0.0213315
2
1
0.385229 10.411 1.7676
0.0292963 0.0432126 -0.0186553
3
1
0.331058 10.3169 1.81101
0.0298572 0.050241 -0.0211962
4
1
0.297822 10.2247 1.85517
-0.000219167 0.0446639 -0.0191294
5
1
0.281978 10.1404 1.90193
0.000267165 0.0286367 -0.0126973
6
1
0.237073 10.0575 1.98221
0.0296554 0.0367129 -0.058196
7
1
0.125461 9.94083 2.07572
0.0523243 0.0481784 -0.0105608
8
1
0.571035 6.08168 0.0569893
0.00965287 -0.0485381 -0.00905576
9
1
0.386019 13.4123 0.0814184
0.0517537 -0.0201498 0.00868364
10
1
-0.386274 13.4127 0.0800376
0.0517117 0.0200402 -0.00854754
11
1
-0.572806 6.08182 0.0530008
0.00950325 0.0483489 0.00914638
12
1
-0.125466 9.94083 2.07572
0.0523244 -0.0481781 0.0105609
13
1
-0.237078 10.0575 1.98221
0.0296553 -0.0367131 0.0581962
14
1
-0.281984 10.1404 1.90193
0.000267095 -0.0286368 0.0126973
15
1
-0.297827 10.2247 1.85517
-0.000219166 -0.0446639 0.0191294
16
1
-0.331063 10.3169 1.811
0.0298572 -0.050241 0.0211962
17
1
-0.385234 10.411 1.7676
0.0292963 -0.0432126 0.0186554
18
1
-0.44318 10.4927 1.72284
0.0304357 -0.0336761 0.0213316
19
1
-0.496393 10.5665 1.6682
0.0274639 -0.0379624 0.03056
20
1
-0.53953 10.6363 1.60796
0.0222568 -0.0365642 0.0329793
21
1
-0.574089 10.7056 1.54226
0.0112824 -0.0293894 0.0297336
22
1
-0.59587 10.7708 1.471
0.00329794 -0.0347912 0.0428443
23
1
-0.609898 10.8324 1.39519
0.00400178 -0.0316174 0.0422377
24
1
-0.620219 10.8876 1.32452
0.00359703 -0.0198484 0.0279489
25
1
-0.625551 10.9375 1.26307
0.00271567 -0.0222757 0.0292574
26
1
-0.627251 10.9842 1.20458
-0.000167525 -0.023939 0.0294147
27
1
-0.627208 11.0276 1.1473
-0.00142212 -0.0201694 0.0263264
28
1
-0.627358 11.0701 1.09082
0.000824684 -0.0182718 0.0248741
29
1
-0.630332 11.1146 1.03511
0.00481277 -0.0217275 0.0296754
30
1
-0.634126 11.1597 0.983515
0.00116696 -0.0204865 0.0226383
31
1
-0.633818 11.2057 0.935585
-0.00160249 -0.0213221 0.0201376
32
1
-0.628881 11.2551 0.88975
-0.00320711 -0.0263978 0.0249796
33
1
-0.621447 11.3055 0.846672
-0.00623212 -0.0289939 0.0240382
34
1
-0.612153 11.356 0.805926
-0.00628563 -0.0283211 0.0201845
35
1
-0.602201 11.4082 0.765836
-0.00476635 -0.0273725 0.0203466
36
1
-0.591499 11.4595 0.726359
-0.00559192 -0.0261363 0.0198918
37
1
-0.580341 11.5097 0.689008
-0.00659901 -0.026061 0.0189231
38
1
-0.568591 11.559 0.654083
-0.0058301 -0.0237571 0.0166002
39
1
-0.557733 11.6062 0.622614
-0.00508604 -0.0190653 0.012406
40
1
-0.548068 11.65 0.595842
-0.00542164 -0.0189067 0.00997527
41
1
-0.539093 11.6923 0.57249
-0.00466856 -0.0205571 0.00891371
42
1
-0.531514 11.7352 0.54995
-0.00357283 -0.0200833 0.00993701
43
1
-0.525757 11.7787 0.527425
-0.00349109 -0.0209098 0.0119011
44
1
-0.521633 11.823 0.504314
-0.00257384 -0.0246955 0.0126326
45
1
-0.519646 11.8691 0.480497
2.32257e-005 -0.025185 0.0111922
46
1
-0.520444 11.9152 0.455207
0.00105146 -0.0216358 0.00964312
47
1
-0.523668 11.9593 0.429045
0.00136388 -0.0220585 0.0109421
48
1
-0.529889 12.0021 0.399935
0.00347231 -0.0235911 0.016059
49
1
-0.540235 12.0422 0.368578
0.00556762 -0.0209428 0.018062
50
1
-0.554076 12.0785 0.335279
0.00745162 -0.0173045 0.0166469
51
1
-0.571937 12.1124 0.299552
0.0106312 -0.0162613 0.0189405
52
1
-0.593453 12.1428 0.261329
0.0138086 -0.0146912 0.0214347
53
1
-0.616161 12.1688 0.220835
0.0162072 -0.013349 0.022355
54
1
-0.637365 12.1904 0.178226
0.0157268 -0.0124817 0.023187
55
1
-0.654504 12.2071 0.133731
0.00928053 -0.00709113 0.0235621
56
1
-0.666427 12.2184 0.0893458
0.00672971 -0.00456693 0.0233536
57
1
-0.672935 12.2251 0.0440912
0.00438354 -0.00281573 0.0224345
58
1
-0.674615 12.227 -2.85443e-006
-3.42992e-008 3.46815e-008 0.0219167
59
1
-0.672935 12.2251 -0.0440969
-0.00438361 0.0028158 0.0224345
60
1
-0.666426 12.2184 -0.0893514
-0.00672979 0.004567 0.0233536
61
1
-0.654503 12.2071 -0.133736
-0.00928061 0.0070912 0.0235621
62
1
-0.637365 12.1904 -0.178231
-0.0157268 0.0124818 0.0231869
63
1
-0.61616 12.1688 -0.220841
-0.0162073 0.0133491 0.022355
64
1
-0.593452 12.1428 -0.261334
-0.0138087 0.0146913 0.0214346
65
1
-0.571936 12.1124 -0.299557
-0.0106313 0.0162614 0.0189404
66
1
-0.554075 12.0785 -0.335284
-0.00745168 0.0173046 0.0166468
67
1
-0.540233 12.0422 -0.368582
-0.00556768 0.0209429 0.0180619
68
1
-0.529887 12.0021 -0.399939
-0.00347237 0.0235912 0.0160589
69
1
-0.523666 11.9593 -0.429049
-0.00136392 0.0220586 0.010942
70
1
-0.520442 11.9152 -0.455211
-0.00105149 0.0216359 0.00964302
71
1
-0.519644 11.8691 -0.480501
-2.32477e-005 0.025185 0.0111921
72
1
-0.52163 11.823 -0.504317
0.00257383 0.0246955 0.0126325
73
1
-0.525754 11.7787 -0.527428
0.00349108 0.0209098 0.011901
74
1
-0.531512 11.7352 -0.549953
0.00357282 0.0200833 0.00993697
75
1
-0.53909 11.6923 -0.572493
0.00466855 0.0205571 0.00891368
76
1
-0.548065 11.65 -0.595844
0.00542163 0.0189067 0.00997524
77
1
-0.55773 11.6062 -0.622617
0.00508603 0.0190653 0.012406
78
1
-0.568588 11.559 -0.654085
0.00583009 0.0237571 0.0166002
79
1
-0.580338 11.5097 -0.689011
0.00659899 0.026061 0.018923
80
1
-0.591496 11.4595 -0.726362
0.0055919 0.0261363 0.0198917
81
1
-0.602198 11.4082 -0.765839
0.00476633 0.0273725 0.0203466
82
1
-0.61215 11.356 -0.805929
0.0062856 0.028321 0.0201845
83
1
-0.621444 11.3055 -0.846674
0.00623209 0.0289939 0.0240381
84
1
-0.628878 11.2551 -0.889752
0.00320708 0.0263978 0.0249796
85
1
-0.633815 11.2057 -0.935588
0.00160247 0.0213221 0.0201376
86
1
-0.634122 11.1597 -0.983517
-0.00116699 0.0204865 0.0226383
87
1
-0.630328 11.1146 -1.03511
-0.0048128 0.0217275 0.0296753
88
1
-0.627354 11.0701 -1.09082
-0.000824709 0.0182718 0.0248741
89
1
-0.627204 11.0276 -1.1473
0.00142209 0.0201693 0.0263264
90
1
-0.627248 10.9842 -1.20458
0.000167488 0.023939 0.0294147
91
1
-0.625547 10.9375 -1.26308
-0.00271571 0.0222757 0.0292574
92
1
-0.620215 10.8876 -1.32452
-0.00359707 0.0198484 0.0279489
93
1
-0.609894 10.8324 -1.39519
-0.00400185 0.0316173 0.0422376
94
1
-0.595866 10.7708 -1.471
-0.00329802 0.0347912 0.0428442
95
1
-0.574085 10.7056 -1.54226
-0.0112825 0.0293894 0.0297335
96
1
-0.539526 10.6363 -1.60797
-0.0222568 0.0365642 0.0329792
97
1
-0.496388 10.5665 -1.6682
-0.027464 0.0379624 0.0305598
98
1
-0.443175 10.4927 -1.72284
-0.0304357 0.0336762 0.0213315
99
1
-0.385229 10.411 -1.7676
-0.0292963 0.0432126 0.0186553
100
1
-0.331058 10.3169 -1.81101
-0.0298572 0.050241 0.0211962
101
1
-0.297822 10.2247 -1.85517
0.000219166 0.0446639 0.0191294
102
1
-0.281978 10.1404 -1.90193
-0.000267165 0.0286367 0.0126973
103
1
-0.237073 10.0575 -1.98221
-0.0296554 0.0367129 0.058196
104
1
-0.125461 9.94083 -2.07572
-0.0523243 0.0481784 0.0105608
105
1
-0.571031 6.08168 -0.0570019
-0.00965363 -0.0485386 0.00905516
106
1
-0.386019 13.4123 -0.0814198
-0.0517537 -0.0201499 -0.00868382
107
1
0.386273 13.4127 -0.0800391
-0.0517117 0.0200403 0.00854771
108
1
0.572801 6.08182 -0.0530135
-0.00950404 0.0483494 -0.0091458
109
1
0.125466 9.94083 -2.07572
-0.0523244 -0.0481781 -0.0105609
110
1
0.237078 10.0575 -1.98221
-0.0296553 -0.0367131 -0.0581962
111
1
0.281984 10.1404 -1.90193
-0.000267095 -0.0286368 -0.0126973
112
1
0.297827 10.2247 -1.85517
0.000219166 -0.0446639 -0.0191294
113
1
0.331063 10.3169 -1.811
-0.0298572 -0.050241 -0.0211962
114
1
0.385234 10.411 -1.7676
-0.0292963 -0.0432126 -0.0186554
115
1
0.44318 10.4927 -1.72284
-0.0304357 -0.0336761 -0.0213316
116
1
0.496393 10.5665 -1.6682
-0.0274639 -0.0379624 -0.03056
117
1
0.53953 10.6363 -1.60796
-0.0222568 -0.0365642 -0.0329793
118
1
0.574089 10.7056 -1.54226
-0.0112824 -0.0293894 -0.0297336
119
1
0.59587 10.7708 -1.471
-0.00329794 -0.0347912 -0.0428443
120
1
0.609898 10.8324 -1.39519
-0.00400178 -0.0316174 -0.0422377
121
1
0.620219 10.8876 -1.32452
-0.00359703 -0.0198484 -0.0279489
122
1
0.625551 10.9375 -1.26307
-0.00271567 -0.0222757 -0.0292574
123
1
0.627251 10.9842 -1.20458
0.000167525 -0.023939 -0.0294147
124
1
0.627208 11.0276 -1.1473
0.00142212 -0.0201694 -0.0263264
125
1
0.627358 11.0701 -1.09082
-0.000824684 -0.0182718 -0.0248741
126
1
0.630332 11.1146 -1.03511
-0.00481277 -0.0217275 -0.0296754
127
1
0.634126 11.1597 -0.983515
-0.00116696 -0.0204865 -0.0226383
128
1
0.633818 11.2057 -0.935585
0.00160249 -0.0213221 -0.0201376
129
1
0.628881 11.2551 -0.88975
0.00320711 -0.0263978 -0.0249796
130
1
0.621447 11.3055 -0.846672
0.00623212 -0.0289939 -0.0240382
131
1
0.612153 11.356 -0.805926
0.00628563 -0.0283211 -0.0201845
132
1
0.602201 11.4082 -0.765836
0.00476635 -0.0273725 -0.0203466
133
1
0.591499 11.4595 -0.726359
0.00559192 -0.0261363 -0.0198918
134
1
0.580341 11.5097 -0.689008
0.00659901 -0.026061 -0.0189231
135
1
0.568591 11.559 -0.654083
0.0058301 -0.0237571 -0.0166002
136
1
0.557733 11.6062 -0.622614
0.00508604 -0.0190653 -0.012406
137
1
0.548068 11.65 -0.595842
0.00542164 -0.0189067 -0.00997527
138
1
0.539093 11.6923 -0.57249
0.00466856 -0.0205571 -0.00891371
139
1
0.531514 11.7352 -0.54995
0.00357283 -0.0200833 -0.00993701
140
1
0.525757 11.7787 -0.527425
0.00349109 -0.0209098 -0.0119011
141
1
0.521633 11.823 -0.504314
0.00257384 -0.0246955 -0.0126326
142
1
0.519646 11.8691 -0.480497
-2.32262e-005 -0.025185 -0.0111922
143
1
0.520444 11.9152 -0.455207
-0.00105146 -0.0216358 -0.00964312
144
1
0.523668 11.9593 -0.429045
-0.00136388 -0.0220585 -0.0109421
145
1
0.529889 12.0021 -0.399935
-0.00347231 -0.0235911 -0.016059
146
1
0.540235 12.0422 -0.368578
-0.00556762 -0.0209428 -0.018062
147
1
0.554076 12.0785 -0.335279
-0.00745162 -0.0173045 -0.0166469
148
1
0.571937 12.1124 -0.299552
-0.0106312 -0.0162613 -0.0189405
149
1
0.593453 12.1428 -0.261329
-0.0138086 -0.0146912 -0.0214347
150
1
0.616161 12.1688 -0.220835
-0.0162072 -0.013349 -0.022355
151
1
0.637365 12.1904 -0.178226
-0.0157268 -0.0124817 -0.023187
152
1
0.654504 12.2071 -0.133731
-0.00928053 -0.00709113 -0.0235621
153
1
0.666427 12.2184 -0.0893458
-0.00672971 -0.00456693 -0.0233536
154
1
0.672935 12.2251 -0.0440912
-0.00438354 -0.00281573 -0.0224345
155
1
0.674615 12.227 2.84406e-006
3.49777e-008 3.3252e-008 -0.0219167
156
1
0.672935 12.2251 0.0440969
0.00438361 0.0028158 -0.0224345
157
1
0.666426 12.2184 0.0893514
0.00672979 0.004567 -0.0233536
158
1
0.654503 12.2071 0.133736
0.00928061 0.0070912 -0.0235621
159
1
0.637365 12.1904 0.178231
0.0157268 0.0124818 -0.0231869
160
1
0.61616 12.1688 0.220841
0.0162073 0.0133491 -0.022355
161
1
0.593452 12.1428 0.261334
0.0138087 0.0146913 -0.0214346
162
1
0.571936 12.1124 0.299557
0.0106313 0.0162614 -0.0189404
163
1
0.554075 12.0785 0.335284
0.00745168 0.0173046 -0.0166468
164
1
0.540233 12.0422 0.368582
0.00556768 0.0209429 -0.0180619
165
1
0.529887 12.0021 0.399939
0.00347237 0.0235912 -0.0160589
166
1
0.523666 11.9593 0.429049
0.00136392 0.0220586 -0.010942
167
1
0.520442 11.9152 0.455211
0.00105149 0.0216359 -0.00964302
168
1
0.519644 11.8691 0.480501
2.32472e-005 0.025185 -0.0111921
169
1
0.52163 11.823 0.504317
-0.00257383 0.0246955 -0.0126325
170
1
0.525754 11.7787 0.527428
-0.00349108 0.0209098 -0.011901
171
1
0.531512 11.7352 0.549953
-0.00357282 0.0200833 -0.00993697
172
1
0.53909 11.6923 0.572493
-0.00466855 0.0205571 -0.00891368
173
1
0.548065 11.65 0.595844
-0.00542163 0.0189067 -0.00997524
174
1
0.55773 11.6062 0.622617
-0.00508603 0.0190653 -0.012406
175
1
0.568588 11.559 0.654085
-0.00583009 0.0237571 -0.0166002
176
1
0.580338 11.5097 0.689011
-0.00659899 0.026061 -0.018923
177
1
0.591496 11.4595 0.726362
-0.0055919 0.0261363 -0.0198917
178
1
0.602198 11.4082 0.765839
-0.00476633 0.0273725 -0.0203466
179
1
0.61215 11.356 0.805929
-0.0062856 0.028321 -0.0201845
180
1
0.621444 11.3055 0.846674
-0.0062321 0.0289939 -0.0240381
181
1
0.628878 11.2551 0.889752
-0.00320708 0.0263978 -0.0249796
182
1
0.633815 11.2057 0.935588
-0.00160247 0.0213221 -0.0201376
183
1
0.634122 11.1597 0.983517
0.00116699 0.0204865 -0.0226383
184
1
0.630328 11.1146 1.03511
0.0048128 0.0217275 -0.0296753
185
1
0.627354 11.0701 1.09082
0.000824709 0.0182718 -0.0248741
186
1
0.627204 11.0276 1.1473
-0.00142209 0.0201693 -0.0263264
187
1
0.627248 10.9842 1.20458
-0.000167488 0.023939 -0.0294147
188
1
0.625547 10.9375 1.26308
0.00271571 0.0222757 -0.0292574
189
1
0.620215 10.8876 1.32452
0.00359707 0.0198484 -0.0279489
190
1
0.609894 10.8324 1.39519
0.00400185 0.0316173 -0.0422376
191
1
0.595866 10.7708 1.471
0.00329802 0.0347912 -0.0428442
192
1
0.574085 10.7056 1.54226
0.0112825 0.0293894 -0.0297335
193
1
0.539526 10.6363 1.60797
0.0222568 0.0365642 -0.0329792
