194
0
1
0.971601 5.51983 0.99455
0.0295397 -0.0167031 0.0235562
1
1
0.918455 5.55381 0.941158
0.0247067 -0.0166643 0.0306469
2
1
0.873208 5.58993 0.872312
0.0179697 -0.0179943 0.0396073
3
1
0.839865 5.62698 0.787535
0.0122645 -0.0174723 0.0477303
4
1
0.818792 5.6636 0.68361
0.00572137 -0.0188803 0.0558564
5
1
0.805347 5.69751 0.559422
0.00419014 -0.0185513 0.0696861
6
1
0.793495 5.72916 0.404949
0.00183957 -0.0134714 0.0767267
7
1
0.790657 5.75412 0.18851
0.00262811 -0.00315415 0.0778138
8
1
0.563492 5.88342 0.0603936
0.0138967 -0.00838704 -0.0217197
9
1
0.0554097 6.95025 0.348591
0.00119557 0.0279891 -0.072712
10
1
-0.0554097 6.95025 0.348591
0.00119557 -0.0279891 0.072712
11
1
-0.563492 5.88342 0.0603936
0.0138967 0.00838704 0.0217197
12
1
-0.790657 5.75412 0.18851
0.00262811 0.00315415 -0.0778138
13
1
-0.793495 5.72916 0.404949
0.00183957 0.0134714 -0.0767267
14
1
-0.805347 5.69751 0.559422
0.00419014 0.0185513 -0.0696861
15
1
-0.818792 5.6636 0.68361
0.00572137 0.0188803 -0.0558564
16
1
-0.839865 5.62698 0.787535
0.0122645 0.0174723 -0.0477303
17
1
-0.873208 5.58993 0.872312
0.0179697 0.0179943 -0.0396073
18
1
-0.918455 5.55381 0.941158
0.0247067 0.0166643 -0.0306469
19
1
-0.971601 5.51983 0.99455
0.0295397 0.0167031 -0.0235562
20
1
-1.02965 5.48801 1.03455
0.031414 0.0155122 -0.0158285
21
1
-1.09042 5.4595 1.06396
0.0306929 0.0127956 -0.0113061
22
1
-1.15206 5.43472 1.08553
0.0315911 0.0121499 -0.00861913
23
1
-1.21455 5.41301 1.10231
0.0303485 0.010876 -0.00660896
24
1
-1.27664 5.39433 1.11561
0.0303197 0.00940346 -0.00561119
25
1
-1.33802 5.37875 1.12633
0.0307513 0.00807649 -0.00475534
26
1
-1.39862 5.36657 1.1353
0.0292235 0.00545498 -0.00413391
27
1
-1.45793 5.35757 1.14285
0.0289829 0.00349537 -0.00348485
28
1
-1.51642 5.35134 1.14855
0.0295143 0.00232169 -0.00245025
29
1
-1.57455 5.34731 1.15088
0.0287631 0.000489733 -0.000321287
30
1
-1.63218 5.34564 1.14921
0.028327 -0.00136123 0.00161941
31
1
-1.68928 5.34696 1.14388
0.0285435 -0.00255869 0.00239925
32
1
-1.74573 5.35082 1.13534
0.0281837 -0.00325441 0.00350321
33
1
-1.80131 5.35616 1.12414
0.0275436 -0.00318283 0.00561805
34
1
-1.85588 5.36199 1.11063
0.0272307 -0.00274698 0.00719301
35
1
-1.90944 5.36779 1.09494
0.026477 -0.0024722 0.00831978
36
1
-1.96184 5.37284 1.07644
0.0251495 -0.00204084 0.00991778
37
1
-2.01343 5.37688 1.05468
0.0245908 -0.00160629 0.011572
38
1
-2.06505 5.38066 1.02966
0.0252893 -0.00181318 0.0130479
39
1
-2.11674 5.38532 1.00154
0.0259335 -0.00248137 0.0145866
40
1
-2.16772 5.39088 0.970642
0.0256809 -0.00278844 0.0163835
41
1
-2.2175 5.397 0.937432
0.0249663 -0.00309547 0.018017
42
1
-2.26594 5.40342 0.901654
0.0240642 -0.00383987 0.0192642
43
1
-2.31333 5.41021 0.86323
0.0232145 -0.00409078 0.0207721
44
1
-2.35962 5.41683 0.821332
0.0226242 -0.00364906 0.0229089
45
1
-2.40496 5.42294 0.775212
0.0223806 -0.00370619 0.0250163
46
1
-2.44929 5.42928 0.725327
0.0224219 -0.00404724 0.0264772
47
1
-2.49238 5.43617 0.672913
0.0224306 -0.00384531 0.027529
48
1
-2.53347 5.4434 0.618578
0.0215946 -0.00402376 0.0286037
49
1
-2.57117 5.45092 0.562392
0.0197094 -0.00433635 0.0297952
50
1
-2.60459 5.45785 0.504595
0.0170028 -0.00360976 0.0306073
51
1
-2.6331 5.46351 0.445234
0.0139824 -0.00231168 0.0312924
52
1
-2.65693 5.46808 0.384356
0.0111905 -0.0015378 0.0317863
53
1
-2.67627 5.47194 0.322226
0.00848947 -0.00141978 0.0321731
54
1
-2.69115 5.47528 0.259119
0.00563751 -0.00116642 0.0328054
55
1
-2.70177 5.47735 0.195126
0.00328072 -0.000375295 0.0335436
56
1
-2.70849 5.47801 0.130482
0.0018614 0.000557676 0.0337455
57
1
-2.71227 5.47771 0.0653458
0.000922235 0.00070641 0.0333383
58
1
-2.71336 5.47739 2.08351e-014
-4.44378e-016 -4.34193e-016 0.0330278
59
1
-2.71227 5.47771 -0.0653458
-0.000922235 -0.00070641 0.0333383
60
1
-2.70849 5.47801 -0.130482
-0.0018614 -0.000557676 0.0337455
61
1
-2.70177 5.47735 -0.195126
-0.00328072 0.000375295 0.0335436
62
1
-2.69115 5.47528 -0.259119
-0.00563751 0.00116642 0.0328054
63
1
-2.67627 5.47194 -0.322226
-0.00848947 0.00141978 0.0321731
64
1
-2.65693 5.46808 -0.384356
-0.0111905 0.0015378 0.0317863
65
1
-2.6331 5.46351 -0.445234
-0.0139824 0.00231168 0.0312924
66
1
-2.60459 5.45785 -0.504595
-0.0170028 0.00360976 0.0306073
67
1
-2.57117 5.45092 -0.562392
-0.0197094 0.00433635 0.0297952
68
1
-2.53347 5.4434 -0.618578
-0.0215946 0.00402376 0.0286037
69
1
-2.49238 5.43617 -0.672913
-0.0224306 0.00384531 0.027529
70
1
-2.44929 5.42928 -0.725327
-0.0224219 0.00404724 0.0264772
71
1
-2.40496 5.42294 -0.775212
-0.0223806 0.00370619 0.0250163
72
1
-2.35962 5.41683 -0.821332
-0.0226242 0.00364906 0.0229089
73
1
-2.31333 5.41021 -0.86323
-0.0232145 0.00409078 0.0207721
74
1
-2.26594 5.40342 -0.901654
-0.0240642 0.00383987 0.0192642
75
1
-2.2175 5.397 -0.937432
-0.0249663 0.00309547 0.018017
76
1
-2.16772 5.39088 -0.970642
-0.0256809 0.00278844 0.0163835
77
1
-2.11674 5.38532 -1.00154
-0.0259335 0.00248137 0.0145866
78
1
-2.06505 5.38066 -1.02966
-0.0252893 0.00181318 0.0130479
79
1
-2.01343 5.37688 -1.05468
-0.0245908 0.00160629 0.011572
80
1
-1.96184 5.37284 -1.07644
-0.0251495 0.00204084 0.00991778
81
1
-1.90944 5.36779 -1.09494
-0.026477 0.0024722 0.00831978
82
1
-1.85588 5.36199 -1.11063
-0.0272307 0.00274698 0.00719301
83
1
-1.80131 5.35616 -1.12414
-0.0275436 0.00318283 0.00561805
84
1
-1.74573 5.35082 -1.13534
-0.0281837 0.00325441 0.00350321
85
1
-1.68928 5.34696 -1.14388
-0.0285435 0.00255869 0.00239925
86
1
-1.63218 5.34564 -1.14921
-0.028327 0.00136123 0.00161941
87
1
-1.57455 5.34731 -1.15088
-0.0287631 -0.000489733 -0.000321287
88
1
-1.51642 5.35134 -1.14855
-0.0295143 -0.00232169 -0.00245025
89
1
-1.45793 5.35757 -1.14285
-0.0289829 -0.00349537 -0.00348485
90
1
-1.39862 5.36657 -1.1353
-0.0292235 -0.00545498 -0.00413391
91
1
-1.33802 5.37875 -1.12633
-0.0307513 -0.00807649 -0.00475534
92
1
-1.27664 5.39433 -1.11561
-0.0303197 -0.00940346 -0.00561119
93
1
-1.21455 5.41301 -1.10231
-0.0303485 -0.010876 -0.00660896
94
1
-1.15206 5.43472 -1.08553
-0.0315911 -0.0121499 -0.00861913
95
1
-1.09042 5.4595 -1.06396
-0.0306929 -0.0127956 -0.0113061
96
1
-1.02965 5.48801 -1.03455
-0.031414 -0.0155122 -0.0158285
97
1
-0.971601 5.51983 -0.99455
-0.0295397 -0.0167031 -0.0235562
98
1
-0.918455 5.55381 -0.941158
-0.0247067 -0.0166643 -0.0306469
99
1
-0.873208 5.58993 -0.872312
-0.0179697 -0.0179943 -0.0396073
100
1
-0.839865 5.62698 -0.787535
-0.0122645 -0.0174723 -0.0477303
101
1
-0.818792 5.6636 -0.68361
-0.00572137 -0.0188803 -0.0558564
102
1
-0.805347 5.69751 -0.559422
-0.00419014 -0.0185513 -0.0696861
103
1
-0.793495 5.72916 -0.404949
-0.00183957 -0.0134714 -0.0767267
104
1
-0.790657 5.75412 -0.18851
-0.00262811 -0.00315415 -0.0778138
105
1
-0.563492 5.88342 -0.0603936
-0.0138967 -0.00838704 0.0217197
106
1
-0.0554097 6.95025 -0.348591
-0.00119557 0.0279891 0.072712
107
1
0.0554097 6.95025 -0.348591
-0.00119557 -0.0279891 -0.072712
108
1
0.563492 5.88342 -0.0603936
-0.0138967 0.00838704 -0.0217197
109
1
0.790657 5.75412 -0.18851
-0.00262811 0.00315415 0.0778138
110
1
0.793495 5.72916 -0.404949
-0.00183957 0.0134714 0.0767267
111
1
0.805347 5.69751 -0.559422
-0.00419014 0.0185513 0.0696861
112
1
0.818792 5.6636 -0.68361
-0.00572137 0.0188803 0.0558564
113
1
0.839865 5.62698 -0.787535
-0.0122645 0.0174723 0.0477303
114
1
0.873208 5.58993 -0.872312
-0.0179697 0.0179943 0.0396073
115
1
0.918455 5.55381 -0.941158
-0.0247067 0.0166643 0.0306469
116
1
0.971601 5.51983 -0.99455
-0.0295397 0.0167031 0.0235562
117
1
1.02965 5.48801 -1.03455
-0.031414 0.0155122 0.0158285
118
1
1.09042 5.4595 -1.06396
-0.0306929 0.0127956 0.0113061
119
1
1.15206 5.43472 -1.08553
-0.0315911 0.0121499 0.00861913
120
1
1.21455 5.41301 -1.10231
-0.0303485 0.010876 0.00660896
121
1
1.27664 5.39433 -1.11561
-0.0303197 0.00940346 0.00561119
122
1
1.33802 5.37875 -1.12633
-0.0307513 0.00807649 0.00475534
123
1
1.39862 5.36657 -1.1353
-0.0292235 0.00545498 0.00413391
124
1
1.45793 5.35757 -1.14285
-0.0289829 0.00349537 0.00348485
125
1
1.51642 5.35134 -1.14855
-0.0295143 0.00232169 0.00245025
126
1
1.57455 5.34731 -1.15088
-0.0287631 0.000489733 0.000321287
127
1
1.63218 5.34564 -1.14921
-0.028327 -0.00136123 -0.00161941
128
1
1.68928 5.34696 -1.14388
-0.0285435 -0.00255869 -0.00239925
129
1
1.74573 5.35082 -1.13534
-0.0281837 -0.00325441 -0.00350321
130
1
1.80131 5.35616 -1.12414
-0.0275436 -0.00318283 -0.00561805
131
1
1.85588 5.36199 -1.11063
-0.0272307 -0.00274698 -0.00719301
132
1
1.90944 5.36779 -1.09494
-0.026477 -0.0024722 -0.00831978
133
1
1.96184 5.37284 -1.07644
-0.0251495 -0.00204084 -0.00991778
134
1
2.01343 5.37688 -1.05468
-0.0245908 -0.00160629 -0.011572
135
1
2.06505 5.38066 -1.02966
-0.0252893 -0.00181318 -0.0130479
136
1
2.11674 5.38532 -1.00154
-0.0259335 -0.00248137 -0.0145866
137
1
2.16772 5.39088 -0.970642
-0.0256809 -0.00278844 -0.0163835
138
1
2.2175 5.397 -0.937432
-0.0249663 -0.00309547 -0.018017
139
1
2.26594 5.40342 -0.901654
-0.0240642 -0.00383987 -0.0192642
140
1
2.31333 5.41021 -0.86323
-0.0232145 -0.00409078 -0.0207721
141
1
2.35962 5.41683 -0.821332
-0.0226242 -0.00364906 -0.0229089
142
1
2.40496 5.42294 -0.775212
-0.0223806 -0.00370619 -0.0250163
143
1
2.44929 5.42928 -0.725327
-0.0224219 -0.00404724 -0.0264772
144
1
2.49238 5.43617 -0.672913
-0.0224306 -0.00384531 -0.027529
145
1
2.53347 5.4434 -0.618578
-0.0215946 -0.00402376 -0.0286037
146
1
2.57117 5.45092 -0.562392
-0.0197094 -0.00433635 -0.0297952
147
1
2.60459 5.45785 -0.504595
-0.0170028 -0.00360976 -0.0306073
148
1
2.6331 5.46351 -0.445234
-0.0139824 -0.00231168 -0.0312924
149
1
2.65693 5.46808 -0.384356
-0.0111905 -0.0015378 -0.0317863
150
1
2.67627 5.47194 -0.322226
-0.00848947 -0.00141978 -0.0321731
151
1
2.69115 5.47528 -0.259119
-0.00563751 -0.00116642 -0.0328054
152
1
2.70177 5.47735 -0.195126
-0.00328072 -0.000375295 -0.0335436
153
1
2.70849 5.47801 -0.130482
-0.0018614 0.000557676 -0.0337455
154
1
2.71227 5.47771 -0.0653458
-0.000922235 0.00070641 -0.0333383
155
1
2.71336 5.47739 -2.74471e-014
-4.98731e-017 2.24537e-016 -0.0330278
156
1
2.71227 5.47771 0.0653458
0.000922235 -0.00070641 -0.0333383
157
1
2.70849 5.47801 0.130482
0.0018614 -0.000557676 -0.0337455
158
1
2.70177 5.47735 0.195126
0.00328072 0.000375295 -0.0335436
159
1
2.69115 5.47528 0.259119
0.00563751 0.00116642 -0.0328054
160
1
2.67627 5.47194 0.322226
0.00848947 0.00141978 -0.0321731
161
1
2.65693 5.46808 0.384356
0.0111905 0.0015378 -0.0317863
162
1
2.6331 5.46351 0.445234
0.0139824 0.00231168 -0.0312924
163
1
2.60459 5.45785 0.504595
0.0170028 0.00360976 -0.0306073
164
1
2.57117 5.45092 0.562392
0.0197094 0.00433635 -0.0297952
165
1
2.53347 5.4434 0.618578
0.0215946 0.00402376 -0.0286037
166
1
2.49238 5.43617 0.672913
0.0224306 0.00384531 -0.027529
167
1
2.44929 5.42928 0.725327
0.0224219 0.00404724 -0.0264772
168
1
2.40496 5.42294 0.775212
0.0223806 0.00370619 -0.0250163
169
1
2.35962 5.41683 0.821332
0.0226242 0.00364906 -0.0229089
170
1
2.31333 5.41021 0.86323
0.0232145 0.00409078 -0.0207721
171
1
2.26594 5.40342 0.901654
0.0240642 0.00383987 -0.0192642
172
1
2.2175 5.397 0.937432
0.0249663 0.00309547 -0.018017
173
1
2.16772 5.39088 0.970642
0.0256809 0.00278844 -0.0163835
174
1
2.11674 5.38532 1.00154
0.0259335 0.00248137 -0.0145866
175
1
2.06505 5.38066 1.02966
0.0252893 0.00181318 -0.0130479
176
1
2.01343 5.37688 1.05468
0.0245908 0.00160629 -0.011572
177
1
1.96184 5.37284 1.07644
0.0251495 0.00204084 -0.00991778
178
1
1.90944 5.36779 1.09494
0.026477 0.0024722 -0.00831978
179
1
1.85588 5.36199 1.11063
0.0272307 0.00274698 -0.00719301
180
1
1.80131 5.35616 1.12414
0.0275436 0.00318283 -0.00561805
181
1
1.74573 5.35082 1.13534
0.0281837 0.00325441 -0.00350321
182
1
1.68928 5.34696 1.14388
0.0285435 0.00255869 -0.00239925
183
1
1.63218 5.34564 1.14921
0.028327 0.00136123 -0.00161941
184
1
1.57455 5.34731 1.15088
0.0287631 -0.000489733 0.000321287
185
1
1.51642 5.35134 1.14855
0.0295143 -0.00232169 0.00245025
186
1
1.45793 5.35757 1.14285
0.0289829 -0.00349537 0.00348485
187
1
1.39862 5.36657 1.1353
0.0292235 -0.00545498 0.00413391
188
1
1.33802 5.37875 1.12633
0.0307513 -0.00807649 0.00475534
189
1
1.27664 5.39433 1.11561
0.0303197 -0.00940346 0.00561119
190
1
1.21455 5.41301 1.10231
0.0303485 -0.010876 0.00660896
191
1
1.15206 5.43472 1.08553
0.0315911 -0.0121499 0.00861913
192
1
1.09042 5.4595 1.06396
0.0306929 -0.0127956 0.0113061
193
1
1.02965 5.48801 1.03455
0.031414 -0.0155122 0.0158285
