194
0
1
0.901539 4.67464 0.665519
0.0378237 -0.0190576 0.0269637
1
1
0.830124 4.71492 0.60768
0.0369821 -0.0206722 0.0306343
2
1
0.759197 4.7604 0.541553
0.0362529 -0.0241757 0.0342737
3
1
0.691555 4.81322 0.468752
0.0319106 -0.0287153 0.0387183
4
1
0.627946 4.87775 0.390665
0.0297073 -0.0358201 0.040524
5
1
0.568661 4.95675 0.31123
0.0266201 -0.0441177 0.0405933
6
1
0.509767 5.05207 0.234015
0.0284312 -0.0548985 0.0387008
7
1
0.440727 5.16367 0.164144
0.0352052 -0.0626335 0.0301578
8
1
0.33271 5.28732 0.110088
0.053912 -0.0547533 0.0129393
9
1
0.134648 5.39194 0.0836855
0.0749758 -0.0212163 -0.0005851
10
1
-0.134648 5.39194 0.0836855
0.0749758 0.0212163 0.0005851
11
1
-0.33271 5.28732 0.110088
0.053912 0.0547533 -0.0129393
12
1
-0.440727 5.16367 0.164144
0.0352052 0.0626335 -0.0301578
13
1
-0.509767 5.05207 0.234015
0.0284312 0.0548985 -0.0387008
14
1
-0.568661 4.95675 0.31123
0.0266201 0.0441177 -0.0405933
15
1
-0.627946 4.87775 0.390665
0.0297073 0.0358201 -0.040524
16
1
-0.691555 4.81322 0.468752
0.0319106 0.0287153 -0.0387183
17
1
-0.759197 4.7604 0.541553
0.0362529 0.0241757 -0.0342737
18
1
-0.830124 4.71492 0.60768
0.0369821 0.0206722 -0.0306343
19
1
-0.901539 4.67464 0.665519
0.0378237 0.0190576 -0.0269637
20
1
-0.972068 4.6392 0.715209
0.0363143 0.015929 -0.0232833
21
1
-1.04046 4.60896 0.758421
0.0330198 0.013086 -0.0209735
22
1
-1.10628 4.58422 0.797107
0.0325011 0.0113753 -0.0192159
23
1
-1.17049 4.56471 0.832659
0.0302684 0.00841682 -0.0173836
24
1
-1.23294 4.55006 0.864943
0.0297771 0.00621454 -0.0163594
25
1
-1.29441 4.53926 0.893079
0.0301971 0.00479942 -0.0139441
26
1
-1.35527 4.5316 0.916386
0.0291139 0.00299045 -0.0109035
27
1
-1.41551 4.52697 0.934727
0.0292449 0.00166911 -0.00805745
28
1
-1.47551 4.524 0.948459
0.0302363 0.0011522 -0.00549366
29
1
-1.53551 4.52176 0.958171
0.0298148 0.000773576 -0.00324336
30
1
-1.59548 4.51968 0.963561
0.0295271 0.000836221 -0.000938604
31
1
-1.65545 4.51717 0.9644
0.0300977 0.00140005 0.00135071
32
1
-1.71538 4.51441 0.961601
0.0301356 0.0012478 0.00289943
33
1
-1.77508 4.51183 0.956271
0.0297552 0.000685752 0.00374075
34
1
-1.83426 4.50935 0.949051
0.0296558 0.00115229 0.00399597
35
1
-1.89254 4.5065 0.940002
0.0290829 0.00194822 0.00402004
36
1
-1.94962 4.50356 0.929353
0.027673 0.0018696 0.00433392
37
1
-2.00586 4.50137 0.917066
0.0269673 0.00156381 0.00514257
38
1
-2.062 4.5004 0.9027
0.0277364 0.0015483 0.00643886
39
1
-2.11818 4.50038 0.886131
0.0283897 0.00092313 0.00804764
40
1
-2.17373 4.50118 0.86737
0.02786 -0.000430603 0.0100586
41
1
-2.22798 4.50254 0.845918
0.0269871 -0.00130063 0.0122232
42
1
-2.28074 4.50431 0.821031
0.0261244 -0.00139538 0.0142562
43
1
-2.33177 4.50587 0.791628
0.0251074 -0.0012911 0.0166027
44
1
-2.38119 4.50749 0.757392
0.0243072 -0.00136257 0.0192022
45
1
-2.42936 4.50981 0.718409
0.0240961 -0.00163789 0.0212842
46
1
-2.47629 4.51319 0.675381
0.0237211 -0.00222908 0.0230826
47
1
-2.52114 4.51796 0.628837
0.0224348 -0.00332714 0.0252301
48
1
-2.56306 4.5238 0.579146
0.0209161 -0.00409273 0.0271046
49
1
-2.6019 4.52941 0.526987
0.0196068 -0.00347742 0.0282854
50
1
-2.6371 4.53359 0.472928
0.0179363 -0.00237283 0.0287748
51
1
-2.66815 4.53648 0.417412
0.0156321 -0.0017308 0.029167
52
1
-2.69477 4.53829 0.360315
0.0128873 -0.000827 0.0297221
53
1
-2.71662 4.53909 0.301661
0.0102265 0.000642781 0.0304073
54
1
-2.73402 4.53872 0.241929
0.00806434 0.00193467 0.0309961
55
1
-2.74733 4.53733 0.181577
0.00627095 0.00229521 0.031295
56
1
-2.75703 4.53545 0.121093
0.00431416 0.00178757 0.0311712
57
1
-2.76294 4.53372 0.060543
0.00210452 0.000870535 0.0307305
58
1
-2.76496 4.53317 -3.27821e-015
1.32564e-016 -4.4842e-017 0.0304748
59
1
-2.76294 4.53372 -0.060543
-0.00210452 -0.000870535 0.0307305
60
1
-2.75703 4.53545 -0.121093
-0.00431416 -0.00178757 0.0311712
61
1
-2.74733 4.53733 -0.181577
-0.00627095 -0.00229521 0.031295
62
1
-2.73402 4.53872 -0.241929
-0.00806434 -0.00193467 0.0309961
63
1
-2.71662 4.53909 -0.301661
-0.0102265 -0.000642781 0.0304073
64
1
-2.69477 4.53829 -0.360315
-0.0128873 0.000827 0.0297221
65
1
-2.66815 4.53648 -0.417412
-0.0156321 0.0017308 0.029167
66
1
-2.6371 4.53359 -0.472928
-0.0179363 0.00237283 0.0287748
67
1
-2.6019 4.52941 -0.526987
-0.0196068 0.00347742 0.0282854
68
1
-2.56306 4.5238 -0.579146
-0.0209161 0.00409273 0.0271046
69
1
-2.52114 4.51796 -0.628837
-0.0224348 0.00332714 0.0252301
70
1
-2.47629 4.51319 -0.675381
-0.0237211 0.00222908 0.0230826
71
1
-2.42936 4.50981 -0.718409
-0.0240961 0.00163789 0.0212842
72
1
-2.38119 4.50749 -0.757392
-0.0243072 0.00136257 0.0192022
73
1
-2.33177 4.50587 -0.791628
-0.0251074 0.0012911 0.0166027
74
1
-2.28074 4.50431 -0.821031
-0.0261244 0.00139538 0.0142562
75
1
-2.22798 4.50254 -0.845918
-0.0269871 0.00130063 0.0122232
76
1
-2.17373 4.50118 -0.86737
-0.02786 0.000430603 0.0100586
77
1
-2.11818 4.50038 -0.886131
-0.0283897 -0.00092313 0.00804764
78
1
-2.062 4.5004 -0.9027
-0.0277364 -0.0015483 0.00643886
79
1
-2.00586 4.50137 -0.917066
-0.0269673 -0.00156381 0.00514257
80
1
-1.94962 4.50356 -0.929353
-0.027673 -0.0018696 0.00433392
81
1
-1.89254 4.5065 -0.940002
-0.0290829 -0.00194822 0.00402004
82
1
-1.83426 4.50935 -0.949051
-0.0296558 -0.00115229 0.00399597
83
1
-1.77508 4.51183 -0.956271
-0.0297552 -0.000685752 0.00374075
84
1
-1.71538 4.51441 -0.961601
-0.0301356 -0.0012478 0.00289943
85
1
-1.65545 4.51717 -0.9644
-0.0300977 -0.00140005 0.00135071
86
1
-1.59548 4.51968 -0.963561
-0.0295271 -0.000836221 -0.000938604
87
1
-1.53551 4.52176 -0.958171
-0.0298148 -0.000773576 -0.00324336
88
1
-1.47551 4.524 -0.948459
-0.0302363 -0.0011522 -0.00549366
89
1
-1.41551 4.52697 -0.934727
-0.0292449 -0.00166911 -0.00805745
90
1
-1.35527 4.5316 -0.916386
-0.0291139 -0.00299045 -0.0109035
91
1
-1.29441 4.53926 -0.893079
-0.0301971 -0.00479942 -0.0139441
92
1
-1.23294 4.55006 -0.864943
-0.0297771 -0.00621454 -0.0163594
93
1
-1.17049 4.56471 -0.832659
-0.0302684 -0.00841682 -0.0173836
94
1
-1.10628 4.58422 -0.797107
-0.0325011 -0.0113753 -0.0192159
95
1
-1.04046 4.60896 -0.758421
-0.0330198 -0.013086 -0.0209735
96
1
-0.972068 4.6392 -0.715209
-0.0363143 -0.015929 -0.0232833
97
1
-0.901539 4.67464 -0.665519
-0.0378237 -0.0190576 -0.0269637
98
1
-0.830124 4.71492 -0.60768
-0.0369821 -0.0206722 -0.0306343
99
1
-0.759197 4.7604 -0.541553
-0.0362529 -0.0241757 -0.0342737
100
1
-0.691555 4.81322 -0.468752
-0.0319106 -0.0287153 -0.0387183
101
1
-0.627946 4.87775 -0.390665
-0.0297073 -0.0358201 -0.040524
102
1
-0.568661 4.95675 -0.31123
-0.0266201 -0.0441177 -0.0405933
103
1
-0.509767 5.05207 -0.234015
-0.0284312 -0.0548985 -0.0387008
104
1
-0.440727 5.16367 -0.164144
-0.0352052 -0.0626335 -0.0301578
105
1
-0.33271 5.28732 -0.110088
-0.053912 -0.0547533 -0.0129393
106
1
-0.134648 5.39194 -0.0836855
-0.0749758 -0.0212163 0.0005851
107
1
0.134648 5.39194 -0.0836855
-0.0749758 0.0212163 -0.0005851
108
1
0.33271 5.28732 -0.110088
-0.053912 0.0547533 0.0129393
109
1
0.440727 5.16367 -0.164144
-0.0352052 0.0626335 0.0301578
110
1
0.509767 5.05207 -0.234015
-0.0284312 0.0548985 0.0387008
111
1
0.568661 4.95675 -0.31123
-0.0266201 0.0441177 0.0405933
112
1
0.627946 4.87775 -0.390665
-0.0297073 0.0358201 0.040524
113
1
0.691555 4.81322 -0.468752
-0.0319106 0.0287153 0.0387183
114
1
0.759197 4.7604 -0.541553
-0.0362529 0.0241757 0.0342737
115
1
0.830124 4.71492 -0.60768
-0.0369821 0.0206722 0.0306343
116
1
0.901539 4.67464 -0.665519
-0.0378237 0.0190576 0.0269637
117
1
0.972068 4.6392 -0.715209
-0.0363143 0.015929 0.0232833
118
1
1.04046 4.60896 -0.758421
-0.0330198 0.013086 0.0209735
119
1
1.10628 4.58422 -0.797107
-0.0325011 0.0113753 0.0192159
120
1
1.17049 4.56471 -0.832659
-0.0302684 0.00841682 0.0173836
121
1
1.23294 4.55006 -0.864943
-0.0297771 0.00621454 0.0163594
122
1
1.29441 4.53926 -0.893079
-0.0301971 0.00479942 0.0139441
123
1
1.35527 4.5316 -0.916386
-0.0291139 0.00299045 0.0109035
124
1
1.41551 4.52697 -0.934727
-0.0292449 0.00166911 0.00805745
125
1
1.47551 4.524 -0.948459
-0.0302363 0.0011522 0.00549366
126
1
1.53551 4.52176 -0.958171
-0.0298148 0.000773576 0.00324336
127
1
1.59548 4.51968 -0.963561
-0.0295271 0.000836221 0.000938604
128
1
1.65545 4.51717 -0.9644
-0.0300977 0.00140005 -0.00135071
129
1
1.71538 4.51441 -0.961601
-0.0301356 0.0012478 -0.00289943
130
1
1.77508 4.51183 -0.956271
-0.0297552 0.000685752 -0.00374075
131
1
1.83426 4.50935 -0.949051
-0.0296558 0.00115229 -0.00399597
132
1
1.89254 4.5065 -0.940002
-0.0290829 0.00194822 -0.00402004
133
1
1.94962 4.50356 -0.929353
-0.027673 0.0018696 -0.00433392
134
1
2.00586 4.50137 -0.917066
-0.0269673 0.00156381 -0.00514257
135
1
2.062 4.5004 -0.9027
-0.0277364 0.0015483 -0.00643886
136
1
2.11818 4.50038 -0.886131
-0.0283897 0.00092313 -0.00804764
137
1
2.17373 4.50118 -0.86737
-0.02786 -0.000430603 -0.0100586
138
1
2.22798 4.50254 -0.845918
-0.0269871 -0.00130063 -0.0122232
139
1
2.28074 4.50431 -0.821031
-0.0261244 -0.00139538 -0.0142562
140
1
2.33177 4.50587 -0.791628
-0.0251074 -0.0012911 -0.0166027
141
1
2.38119 4.50749 -0.757392
-0.0243072 -0.00136257 -0.0192022
142
1
2.42936 4.50981 -0.718409
-0.0240961 -0.00163789 -0.0212842
143
1
2.47629 4.51319 -0.675381
-0.0237211 -0.00222908 -0.0230826
144
1
2.52114 4.51796 -0.628837
-0.0224348 -0.00332714 -0.0252301
145
1
2.56306 4.5238 -0.579146
-0.0209161 -0.00409273 -0.0271046
146
1
2.6019 4.52941 -0.526987
-0.0196068 -0.00347742 -0.0282854
147
1
2.6371 4.53359 -0.472928
-0.0179363 -0.00237283 -0.0287748
148
1
2.66815 4.53648 -0.417412
-0.0156321 -0.0017308 -0.029167
149
1
2.69477 4.53829 -0.360315
-0.0128873 -0.000827 -0.0297221
150
1
2.71662 4.53909 -0.301661
-0.0102265 0.000642781 -0.0304073
151
1
2.73402 4.53872 -0.241929
-0.00806434 0.00193467 -0.0309961
152
1
2.74733 4.53733 -0.181577
-0.00627095 0.00229521 -0.031295
153
1
2.75703 4.53545 -0.121093
-0.00431416 0.00178757 -0.0311712
154
1
2.76294 4.53372 -0.060543
-0.00210452 0.000870535 -0.0307305
155
1
2.76496 4.53317 -5.55134e-015
3.22959e-016 2.25278e-016 -0.0304748
156
1
2.76294 4.53372 0.060543
0.00210452 -0.000870535 -0.0307305
157
1
2.75703 4.53545 0.121093
0.00431416 -0.00178757 -0.0311712
158
1
2.74733 4.53733 0.181577
0.00627095 -0.00229521 -0.031295
159
1
2.73402 4.53872 0.241929
0.00806434 -0.00193467 -0.0309961
160
1
2.71662 4.53909 0.301661
0.0102265 -0.000642781 -0.0304073
161
1
2.69477 4.53829 0.360315
0.0128873 0.000827 -0.0297221
162
1
2.66815 4.53648 0.417412
0.0156321 0.0017308 -0.029167
163
1
2.6371 4.53359 0.472928
0.0179363 0.00237283 -0.0287748
164
1
2.6019 4.52941 0.526987
0.0196068 0.00347742 -0.0282854
165
1
2.56306 4.5238 0.579146
0.0209161 0.00409273 -0.0271046
166
1
2.52114 4.51796 0.628837
0.0224348 0.00332714 -0.0252301
167
1
2.47629 4.51319 0.675381
0.0237211 0.00222908 -0.0230826
168
1
2.42936 4.50981 0.718409
0.0240961 0.00163789 -0.0212842
169
1
2.38119 4.50749 0.757392
0.0243072 0.00136257 -0.0192022
170
1
2.33177 4.50587 0.791628
0.0251074 0.0012911 -0.0166027
171
1
2.28074 4.50431 0.821031
0.0261244 0.00139538 -0.0142562
172
1
2.22798 4.50254 0.845918
0.0269871 0.00130063 -0.0122232
173
1
2.17373 4.50118 0.86737
0.02786 0.000430603 -0.0100586
174
1
2.11818 4.50038 0.886131
0.0283897 -0.00092313 -0.00804764
175
1
2.062 4.5004 0.9027
0.0277364 -0.0015483 -0.00643886
176
1
2.00586 4.50137 0.917066
0.0269673 -0.00156381 -0.00514257
177
1
1.94962 4.50356 0.929353
0.027673 -0.0018696 -0.00433392
178
1
1.89254 4.5065 0.940002
0.0290829 -0.00194822 -0.00402004
179
1
1.83426 4.50935 0.949051
0.0296558 -0.00115229 -0.00399597
180
1
1.77508 4.51183 0.956271
0.0297552 -0.000685752 -0.00374075
181
1
1.71538 4.51441 0.961601
0.0301356 -0.0012478 -0.00289943
182
1
1.65545 4.51717 0.9644
0.0300977 -0.00140005 -0.00135071
183
1
1.59548 4.51968 0.963561
0.0295271 -0.000836221 0.000938604
184
1
1.53551 4.52176 0.958171
0.0298148 -0.000773576 0.00324336
185
1
1.47551 4.524 0.948459
0.0302363 -0.0011522 0.00549366
186
1
1.41551 4.52697 0.934727
0.0292449 -0.00166911 0.00805745
187
1
1.35527 4.5316 0.916386
0.0291139 -0.00299045 0.0109035
188
1
1.29441 4.53926 0.893079
0.0301971 -0.00479942 0.0139441
189
1
1.23294 4.55006 0.864943
0.0297771 -0.00621454 0.0163594
190
1
1.17049 4.56471 0.832659
0.0302684 -0.00841682 0.0173836
191
1
1.10628 4.58422 0.797107
0.0325011 -0.0113753 0.0192159
192
1
1.04046 4.60896 0.758421
0.0330198 -0.013086 0.0209735
193
1
0.972068 4.6392 0.715209
0.0363143 -0.015929 0.0232833
