194
0
1
1.38981 6.80056 0.99128
0.0329877 0.00735639 0.0340399
1
1
1.32895 6.78101 0.92009
0.0294232 0.0118466 0.0376387
2
1
1.27036 6.75184 0.838091
0.0272875 0.0200125 0.0434293
3
1
1.21605 6.71592 0.744204
0.0238361 0.0228195 0.0505039
4
1
1.16268 6.67329 0.635254
0.0241516 0.0243356 0.0566627
5
1
1.10435 6.61969 0.514055
0.0316828 0.0302507 0.0644432
6
1
1.02401 6.54879 0.379046
0.041044 0.0323967 0.0577728
7
1
0.907788 6.46822 0.199512
0.0412594 0.024308 0.0595805
8
1
0.670692 6.25602 0.0839798
0.0357128 0.033183 -0.0111285
9
1
0.0488841 8.69153 0.751785
0.000901967 0.00508385 -0.0777508
10
1
-0.0488841 8.69153 0.751785
0.000901967 -0.00508385 0.0777508
11
1
-0.670692 6.25602 0.0839798
0.0357128 -0.033183 0.0111285
12
1
-0.907788 6.46822 0.199512
0.0412594 -0.024308 -0.0595805
13
1
-1.02401 6.54879 0.379046
0.041044 -0.0323967 -0.0577728
14
1
-1.10435 6.61969 0.514055
0.0316828 -0.0302507 -0.0644432
15
1
-1.16268 6.67329 0.635254
0.0241516 -0.0243356 -0.0566627
16
1
-1.21605 6.71592 0.744204
0.0238361 -0.0228195 -0.0505039
17
1
-1.27036 6.75184 0.838091
0.0272875 -0.0200125 -0.0434293
18
1
-1.32895 6.78101 0.92009
0.0294232 -0.0118466 -0.0376387
19
1
-1.38981 6.80056 0.99128
0.0329877 -0.00735639 -0.0340399
20
1
-1.45179 6.811 1.05284
0.0324307 -0.00297781 -0.0279103
21
1
-1.51337 6.8136 1.10564
0.0300794 -0.000219889 -0.0235919
22
1
-1.57305 6.81096 1.1494
0.0291939 0.00213534 -0.0215181
23
1
-1.63246 6.80614 1.18679
0.0283081 0.00280257 -0.0178838
24
1
-1.69115 6.80064 1.21858
0.0289815 0.00262962 -0.0151716
25
1
-1.74825 6.7943 1.24539
0.0284839 0.00317933 -0.0136998
26
1
-1.80357 6.78669 1.26742
0.0257097 0.0037092 -0.0108581
27
1
-1.85648 6.77764 1.28388
0.0248337 0.00420245 -0.00774411
28
1
-1.90772 6.76732 1.29509
0.0255066 0.00518366 -0.00557105
29
1
-1.95806 6.75571 1.30123
0.0249228 0.00626561 -0.0027881
30
1
-2.0071 6.74273 1.30243
0.0241085 0.00747956 -2.25882e-005
31
1
-2.05486 6.72867 1.29967
0.0236635 0.00812587 0.00199682
32
1
-2.10115 6.71373 1.29304
0.0226424 0.00843316 0.00408983
33
1
-2.14519 6.69771 1.28225
0.0216234 0.00941636 0.00627062
34
1
-2.18663 6.68068 1.26747
0.0204218 0.00989197 0.00794922
35
1
-2.22523 6.66326 1.24898
0.0180385 0.0092518 0.00993223
36
1
-2.26061 6.6459 1.22659
0.0159589 0.00901588 0.0118575
37
1
-2.29339 6.62845 1.20053
0.0150745 0.00918 0.0134666
38
1
-2.32439 6.61157 1.17049
0.0140247 0.00857591 0.0160454
39
1
-2.35358 6.59625 1.13599
0.0125636 0.00728994 0.0192126
40
1
-2.38066 6.58257 1.09758
0.011942 0.00613458 0.0212604
41
1
-2.4058 6.57031 1.05599
0.011375 0.00479153 0.0226529
42
1
-2.42908 6.56028 1.01093
0.00998008 0.00334346 0.0245784
43
1
-2.45104 6.55265 0.962399
0.00926464 0.00258838 0.0263757
44
1
-2.4723 6.54728 0.910383
0.00989293 0.00208755 0.0276225
45
1
-2.49357 6.54382 0.854751
0.0106505 0.00122699 0.0292589
46
1
-2.51567 6.54255 0.796031
0.0111809 0.000135487 0.0310372
47
1
-2.5382 6.54356 0.735005
0.0118237 -0.0013206 0.0321022
48
1
-2.56016 6.54684 0.67211
0.0119694 -0.00282263 0.0330519
49
1
-2.5809 6.55183 0.607848
0.0110692 -0.00354687 0.0341892
50
1
-2.5994 6.55742 0.542592
0.00945695 -0.00336501 0.0345953
51
1
-2.61529 6.56268 0.476593
0.00763958 -0.00243872 0.0347073
52
1
-2.62834 6.56686 0.409692
0.00577731 -0.00145116 0.0348516
53
1
-2.63848 6.56995 0.342062
0.00434236 -0.00108636 0.0348305
54
1
-2.64612 6.57203 0.274128
0.00341268 -0.000833531 0.0348143
55
1
-2.65139 6.57315 0.206008
0.00232936 -4.82889e-005 0.0351985
56
1
-2.65473 6.57348 0.13773
0.000806345 0.00089397 0.0355501
57
1
-2.65633 6.57324 0.0690045
-0.000261652 0.000840749 0.0352937
58
1
-2.65672 6.57319 -2.01847e-011
-5.06042e-013 5.00198e-013 0.0349931
59
1
-2.65633 6.57324 -0.0690045
0.000261652 -0.000840749 0.0352937
60
1
-2.65473 6.57348 -0.13773
-0.000806345 -0.00089397 0.0355501
61
1
-2.65139 6.57315 -0.206008
-0.00232936 4.82889e-005 0.0351985
62
1
-2.64612 6.57203 -0.274128
-0.00341268 0.000833531 0.0348143
63
1
-2.63848 6.56995 -0.342062
-0.00434236 0.00108636 0.0348305
64
1
-2.62834 6.56686 -0.409692
-0.00577731 0.00145116 0.0348516
65
1
-2.61529 6.56268 -0.476593
-0.00763958 0.00243872 0.0347073
66
1
-2.5994 6.55742 -0.542592
-0.00945695 0.00336501 0.0345953
67
1
-2.5809 6.55183 -0.607848
-0.0110692 0.00354687 0.0341892
68
1
-2.56016 6.54684 -0.67211
-0.0119694 0.00282263 0.0330519
69
1
-2.5382 6.54356 -0.735005
-0.0118237 0.0013206 0.0321022
70
1
-2.51567 6.54255 -0.796031
-0.0111809 -0.000135487 0.0310372
71
1
-2.49357 6.54382 -0.854751
-0.0106505 -0.00122699 0.0292589
72
1
-2.4723 6.54728 -0.910383
-0.00989293 -0.00208755 0.0276225
73
1
-2.45104 6.55265 -0.962399
-0.00926464 -0.00258838 0.0263757
74
1
-2.42908 6.56028 -1.01093
-0.00998008 -0.00334346 0.0245784
75
1
-2.4058 6.57031 -1.05599
-0.011375 -0.00479153 0.0226529
76
1
-2.38066 6.58257 -1.09758
-0.011942 -0.00613458 0.0212604
77
1
-2.35358 6.59625 -1.13599
-0.0125636 -0.00728994 0.0192126
78
1
-2.32439 6.61157 -1.17049
-0.0140247 -0.00857591 0.0160454
79
1
-2.29339 6.62845 -1.20053
-0.0150745 -0.00918 0.0134666
80
1
-2.26061 6.6459 -1.22659
-0.0159589 -0.00901588 0.0118575
81
1
-2.22523 6.66326 -1.24898
-0.0180385 -0.0092518 0.00993223
82
1
-2.18663 6.68068 -1.26747
-0.0204218 -0.00989197 0.00794922
83
1
-2.14519 6.69771 -1.28225
-0.0216234 -0.00941636 0.00627062
84
1
-2.10115 6.71373 -1.29304
-0.0226424 -0.00843316 0.00408983
85
1
-2.05486 6.72867 -1.29967
-0.0236635 -0.00812587 0.00199682
86
1
-2.0071 6.74273 -1.30243
-0.0241085 -0.00747956 -2.25882e-005
87
1
-1.95806 6.75571 -1.30123
-0.0249228 -0.00626561 -0.0027881
88
1
-1.90772 6.76732 -1.29509
-0.0255066 -0.00518366 -0.00557105
89
1
-1.85648 6.77764 -1.28388
-0.0248337 -0.00420245 -0.00774411
90
1
-1.80357 6.78669 -1.26742
-0.0257097 -0.0037092 -0.0108581
91
1
-1.74825 6.7943 -1.24539
-0.0284839 -0.00317933 -0.0136998
92
1
-1.69115 6.80064 -1.21858
-0.0289815 -0.00262962 -0.0151716
93
1
-1.63246 6.80614 -1.18679
-0.0283081 -0.00280257 -0.0178838
94
1
-1.57305 6.81096 -1.1494
-0.0291939 -0.00213534 -0.0215181
95
1
-1.51337 6.8136 -1.10564
-0.0300794 0.000219889 -0.0235919
96
1
-1.45179 6.811 -1.05284
-0.0324307 0.00297781 -0.0279103
97
1
-1.38981 6.80056 -0.99128
-0.0329877 0.00735639 -0.0340399
98
1
-1.32895 6.78101 -0.92009
-0.0294232 0.0118466 -0.0376387
99
1
-1.27036 6.75184 -0.838091
-0.0272875 0.0200125 -0.0434293
100
1
-1.21605 6.71592 -0.744204
-0.0238361 0.0228195 -0.0505039
101
1
-1.16268 6.67329 -0.635254
-0.0241516 0.0243356 -0.0566627
102
1
-1.10435 6.61969 -0.514055
-0.0316828 0.0302507 -0.0644432
103
1
-1.02401 6.54879 -0.379046
-0.041044 0.0323967 -0.0577728
104
1
-0.907788 6.46822 -0.199512
-0.0412594 0.024308 -0.0595805
105
1
-0.670692 6.25602 -0.0839798
-0.0357128 0.033183 0.0111285
106
1
-0.0488841 8.69153 -0.751785
-0.000901967 0.00508385 0.0777508
107
1
0.0488841 8.69153 -0.751785
-0.000901967 -0.00508385 -0.0777508
108
1
0.670692 6.25602 -0.0839798
-0.0357128 -0.033183 -0.0111285
109
1
0.907788 6.46822 -0.199512
-0.0412594 -0.024308 0.0595805
110
1
1.02401 6.54879 -0.379046
-0.041044 -0.0323967 0.0577728
111
1
1.10435 6.61969 -0.514055
-0.0316828 -0.0302507 0.0644432
112
1
1.16268 6.67329 -0.635254
-0.0241516 -0.0243356 0.0566627
113
1
1.21605 6.71592 -0.744204
-0.0238361 -0.0228195 0.0505039
114
1
1.27036 6.75184 -0.838091
-0.0272875 -0.0200125 0.0434293
115
1
1.32895 6.78101 -0.92009
-0.0294232 -0.0118466 0.0376387
116
1
1.38981 6.80056 -0.99128
-0.0329877 -0.00735639 0.0340399
117
1
1.45179 6.811 -1.05284
-0.0324307 -0.00297781 0.0279103
118
1
1.51337 6.8136 -1.10564
-0.0300794 -0.000219889 0.0235919
119
1
1.57305 6.81096 -1.1494
-0.0291939 0.00213534 0.0215181
120
1
1.63246 6.80614 -1.18679
-0.0283081 0.00280257 0.0178838
121
1
1.69115 6.80064 -1.21858
-0.0289815 0.00262962 0.0151716
122
1
1.74825 6.7943 -1.24539
-0.0284839 0.00317933 0.0136998
123
1
1.80357 6.78669 -1.26742
-0.0257097 0.0037092 0.0108581
124
1
1.85648 6.77764 -1.28388
-0.0248337 0.00420245 0.00774411
125
1
1.90772 6.76732 -1.29509
-0.0255066 0.00518366 0.00557105
126
1
1.95806 6.75571 -1.30123
-0.0249228 0.00626561 0.0027881
127
1
2.0071 6.74273 -1.30243
-0.0241085 0.00747956 2.25882e-005
128
1
2.05486 6.72867 -1.29967
-0.0236635 0.00812587 -0.00199682
129
1
2.10115 6.71373 -1.29304
-0.0226424 0.00843316 -0.00408983
130
1
2.14519 6.69771 -1.28225
-0.0216234 0.00941636 -0.00627062
131
1
2.18663 6.68068 -1.26747
-0.0204218 0.00989197 -0.00794922
132
1
2.22523 6.66326 -1.24898
-0.0180385 0.0092518 -0.00993223
133
1
2.26061 6.6459 -1.22659
-0.0159589 0.00901588 -0.0118575
134
1
2.29339 6.62845 -1.20053
-0.0150745 0.00918 -0.0134666
135
1
2.32439 6.61157 -1.17049
-0.0140247 0.00857591 -0.0160454
136
1
2.35358 6.59625 -1.13599
-0.0125636 0.00728994 -0.0192126
137
1
2.38066 6.58257 -1.09758
-0.011942 0.00613458 -0.0212604
138
1
2.4058 6.57031 -1.05599
-0.011375 0.00479153 -0.0226529
139
1
2.42908 6.56028 -1.01093
-0.00998008 0.00334346 -0.0245784
140
1
2.45104 6.55265 -0.962399
-0.00926464 0.00258838 -0.0263757
141
1
2.4723 6.54728 -0.910383
-0.00989293 0.00208755 -0.0276225
142
1
2.49357 6.54382 -0.854751
-0.0106505 0.00122699 -0.0292589
143
1
2.51567 6.54255 -0.796031
-0.0111809 0.000135487 -0.0310372
144
1
2.5382 6.54356 -0.735005
-0.0118237 -0.0013206 -0.0321022
145
1
2.56016 6.54684 -0.67211
-0.0119694 -0.00282263 -0.0330519
146
1
2.5809 6.55183 -0.607848
-0.0110692 -0.00354687 -0.0341892
147
1
2.5994 6.55742 -0.542592
-0.00945695 -0.00336501 -0.0345953
148
1
2.61529 6.56268 -0.476593
-0.00763958 -0.00243872 -0.0347073
149
1
2.62834 6.56686 -0.409692
-0.00577731 -0.00145116 -0.0348516
150
1
2.63848 6.56995 -0.342062
-0.00434236 -0.00108636 -0.0348305
151
1
2.64612 6.57203 -0.274128
-0.00341268 -0.000833531 -0.0348143
152
1
2.65139 6.57315 -0.206008
-0.00232936 -4.82889e-005 -0.0351985
153
1
2.65473 6.57348 -0.13773
-0.000806345 0.00089397 -0.0355501
154
1
2.65633 6.57324 -0.0690045
0.000261652 0.000840749 -0.0352937
155
1
2.65672 6.57319 2.45877e-011
6.06123e-013 6.67217e-013 -0.0349931
156
1
2.65633 6.57324 0.0690045
-0.000261652 -0.000840749 -0.0352937
157
1
2.65473 6.57348 0.13773
0.000806345 -0.00089397 -0.0355501
158
1
2.65139 6.57315 0.206008
0.00232936 4.82889e-005 -0.0351985
159
1
2.64612 6.57203 0.274128
0.00341268 0.000833531 -0.0348143
160
1
2.63848 6.56995 0.342062
0.00434236 0.00108636 -0.0348305
161
1
2.62834 6.56686 0.409692
0.00577731 0.00145116 -0.0348516
162
1
2.61529 6.56268 0.476593
0.00763958 0.00243872 -0.0347073
163
1
2.5994 6.55742 0.542592
0.00945695 0.00336501 -0.0345953
164
1
2.5809 6.55183 0.607848
0.0110692 0.00354687 -0.0341892
165
1
2.56016 6.54684 0.67211
0.0119694 0.00282263 -0.0330519
166
1
2.5382 6.54356 0.735005
0.0118237 0.0013206 -0.0321022
167
1
2.51567 6.54255 0.796031
0.0111809 -0.000135487 -0.0310372
168
1
2.49357 6.54382 0.854751
0.0106505 -0.00122699 -0.0292589
169
1
2.4723 6.54728 0.910383
0.00989293 -0.00208755 -0.0276225
170
1
2.45104 6.55265 0.962399
0.00926464 -0.00258838 -0.0263757
171
1
2.42908 6.56028 1.01093
0.00998008 -0.00334346 -0.0245784
172
1
2.4058 6.57031 1.05599
0.011375 -0.00479153 -0.0226529
173
1
2.38066 6.58257 1.09758
0.011942 -0.00613458 -0.0212604
174
1
2.35358 6.59625 1.13599
0.0125636 -0.00728994 -0.0192126
175
1
2.32439 6.61157 1.17049
0.0140247 -0.00857591 -0.0160454
176
1
2.29339 6.62845 1.20053
0.0150745 -0.00918 -0.0134666
177
1
2.26061 6.6459 1.22659
0.0159589 -0.00901588 -0.0118575
178
1
2.22523 6.66326 1.24898
0.0180385 -0.0092518 -0.00993223
179
1
2.18663 6.68068 1.26747
0.0204218 -0.00989197 -0.00794922
180
1
2.14519 6.69771 1.28225
0.0216234 -0.00941636 -0.00627062
181
1
2.10115 6.71373 1.29304
0.0226424 -0.00843316 -0.00408983
182
1
2.05486 6.72867 1.29967
0.0236635 -0.00812587 -0.00199682
183
1
2.0071 6.74273 1.30243
0.0241085 -0.00747956 2.25882e-005
184
1
1.95806 6.75571 1.30123
0.0249228 -0.00626561 0.0027881
185
1
1.90772 6.76732 1.29509
0.0255066 -0.00518366 0.00557105
186
1
1.85648 6.77764 1.28388
0.0248337 -0.00420245 0.00774411
187
1
1.80357 6.78669 1.26742
0.0257097 -0.0037092 0.0108581
188
1
1.74825 6.7943 1.24539
0.0284839 -0.00317933 0.0136998
189
1
1.69115 6.80064 1.21858
0.0289815 -0.00262962 0.0151716
190
1
1.63246 6.80614 1.18679
0.0283081 -0.00280257 0.0178838
191
1
1.57305 6.81096 1.1494
0.0291939 -0.00213534 0.0215181
192
1
1.51337 6.8136 1.10564
0.0300794 0.000219889 0.0235919
193
1
1.45179 6.811 1.05284
0.0324307 0.00297781 0.0279103
