194
0
1
0.864726 2.53886 1.56728
0.0332146 -0.0224186 -0.0222564
1
1
0.79786 2.5825 1.60909
0.0358166 -0.0221045 -0.0210677
2
1
0.724336 2.62533 1.64869
0.0383505 -0.0213363 -0.0193199
3
1
0.64473 2.66636 1.68484
0.0414843 -0.0203967 -0.0174447
4
1
0.559028 2.70409 1.71728
0.0443326 -0.0174368 -0.0144494
5
1
0.467163 2.73649 1.74486
0.0472762 -0.01389 -0.0119116
6
1
0.369545 2.76222 1.76735
0.0501458 -0.0103 -0.00937456
7
1
0.267266 2.78124 1.78471
0.0522646 -0.00698915 -0.006935
8
1
0.161589 2.79369 1.79653
0.0534701 -0.00465955 -0.00397131
9
1
0.0540411 2.79972 1.80245
0.0540921 -0.00180431 -0.00104432
10
1
-0.0540411 2.79972 1.80245
0.0540921 0.00180431 0.00104432
11
1
-0.161589 2.79369 1.79653
0.0534701 0.00465955 0.00397131
12
1
-0.267266 2.78124 1.78471
0.0522646 0.00698915 0.006935
13
1
-0.369545 2.76222 1.76735
0.0501458 0.0103 0.00937456
14
1
-0.467163 2.73649 1.74486
0.0472762 0.01389 0.0119116
15
1
-0.559028 2.70409 1.71728
0.0443326 0.0174368 0.0144494
16
1
-0.64473 2.66636 1.68484
0.0414843 0.0203967 0.0174447
17
1
-0.724336 2.62533 1.64869
0.0383505 0.0213363 0.0193199
18
1
-0.79786 2.5825 1.60909
0.0358166 0.0221045 0.0210677
19
1
-0.864726 2.53886 1.56728
0.0332146 0.0224186 0.0222564
20
1
-0.924203 2.49491 1.52438
0.0289106 0.0222553 0.0217292
21
1
-0.976295 2.4504 1.48088
0.0247976 0.0226025 0.0218322
22
1
-1.02113 2.40521 1.43715
0.0210323 0.0228816 0.0217301
23
1
-1.05995 2.35952 1.39338
0.0180636 0.0229398 0.0217689
24
1
-1.09335 2.31394 1.34938
0.0151713 0.0228667 0.0219701
25
1
-1.1218 2.26856 1.3051
0.0132164 0.0224601 0.0225226
26
1
-1.1465 2.22366 1.26074
0.0116854 0.0217793 0.0226635
27
1
-1.1675 2.17983 1.21605
0.00997331 0.0212289 0.0224944
28
1
-1.18432 2.13659 1.17147
0.00811989 0.020928 0.0226954
29
1
-1.19718 2.09334 1.12769
0.00611668 0.0210056 0.0224469
30
1
-1.20645 2.04983 1.08514
0.00406487 0.021521 0.0212388
31
1
-1.21208 2.00617 1.04386
0.00217054 0.0219299 0.0201383
32
1
-1.21377 1.96263 1.0037
0.000184792 0.0217623 0.0197852
33
1
-1.21157 1.9197 0.9643
-0.00233912 0.0211772 0.0196686
34
1
-1.20537 1.87803 0.92487
-0.0052542 0.0205502 0.0194033
35
1
-1.19468 1.83813 0.884918
-0.00789959 0.0199327 0.0192007
36
1
-1.1792 1.80032 0.844464
-0.00992017 0.0191115 0.0193071
37
1
-1.15936 1.76449 0.80383
-0.0114761 0.0180078 0.0196998
38
1
-1.13601 1.73053 0.763035
-0.012794 0.0167914 0.0202043
39
1
-1.10999 1.69846 0.721788
-0.0139126 0.0157106 0.0206677
40
1
-1.08152 1.66842 0.680011
-0.0148215 0.0148709 0.0210155
41
1
-1.0505 1.64014 0.638204
-0.0155964 0.0142397 0.021203
42
1
-1.01694 1.61288 0.597175
-0.0163796 0.0137305 0.0211605
43
1
-0.981413 1.58571 0.557494
-0.0172757 0.0132825 0.0208121
44
1
-0.944718 1.5582 0.519133
-0.0182949 0.0128771 0.0201346
45
1
-0.90751 1.53066 0.481622
-0.0193542 0.0125041 0.019195
46
1
-0.869893 1.50405 0.444512
-0.0203031 0.0121127 0.0181391
47
1
-0.831571 1.47938 0.407811
-0.020976 0.0116244 0.0171374
48
1
-0.792434 1.45713 0.371874
-0.021251 0.0109852 0.0163348
49
1
-0.75288 1.43715 0.336943
-0.021055 0.0102601 0.0158434
50
1
-0.713934 1.41888 0.30278
-0.0203605 0.00953006 0.0157354
51
1
-0.676859 1.40187 0.268695
-0.019173 0.00887184 0.0160205
52
1
-0.64298 1.38606 0.233847
-0.0175056 0.00822388 0.0166285
53
1
-0.613337 1.37171 0.197702
-0.0153662 0.00748734 0.0174436
54
1
-0.588717 1.35931 0.160066
-0.0127935 0.00656022 0.0183219
55
1
-0.56957 1.34928 0.121107
-0.00985894 0.00536545 0.0191238
56
1
-0.556018 1.34199 0.0811869
-0.00667463 0.00385166 0.0197379
57
1
-0.548034 1.33755 0.0407011
-0.00335976 0.00202078 0.0201141
58
1
-0.545359 1.33607 -2.33601e-015
-1.31102e-016 -9.58572e-017 0.0202451
59
1
-0.548034 1.33755 -0.0407011
0.00335976 -0.00202078 0.0201141
60
1
-0.556018 1.34199 -0.0811869
0.00667463 -0.00385166 0.0197379
61
1
-0.56957 1.34928 -0.121107
0.00985894 -0.00536545 0.0191238
62
1
-0.588717 1.35931 -0.160066
0.0127935 -0.00656022 0.0183219
63
1
-0.613337 1.37171 -0.197702
0.0153662 -0.00748734 0.0174436
64
1
-0.64298 1.38606 -0.233847
0.0175056 -0.00822388 0.0166285
65
1
-0.676859 1.40187 -0.268695
0.019173 -0.00887184 0.0160205
66
1
-0.713934 1.41888 -0.30278
0.0203605 -0.00953006 0.0157354
67
1
-0.75288 1.43715 -0.336943
0.021055 -0.0102601 0.0158434
68
1
-0.792434 1.45713 -0.371874
0.021251 -0.0109852 0.0163348
69
1
-0.831571 1.47938 -0.407811
0.020976 -0.0116244 0.0171374
70
1
-0.869893 1.50405 -0.444512
0.0203031 -0.0121127 0.0181391
71
1
-0.90751 1.53066 -0.481622
0.0193542 -0.0125041 0.019195
72
1
-0.944718 1.5582 -0.519133
0.0182949 -0.0128771 0.0201346
73
1
-0.981413 1.58571 -0.557494
0.0172757 -0.0132825 0.0208121
74
1
-1.01694 1.61288 -0.597175
0.0163796 -0.0137305 0.0211605
75
1
-1.0505 1.64014 -0.638204
0.0155964 -0.0142397 0.021203
76
1
-1.08152 1.66842 -0.680011
0.0148215 -0.0148709 0.0210155
77
1
-1.10999 1.69846 -0.721788
0.0139126 -0.0157106 0.0206677
78
1
-1.13601 1.73053 -0.763035
0.012794 -0.0167914 0.0202043
79
1
-1.15936 1.76449 -0.80383
0.0114761 -0.0180078 0.0196998
80
1
-1.1792 1.80032 -0.844464
0.00992017 -0.0191115 0.0193071
81
1
-1.19468 1.83813 -0.884918
0.00789959 -0.0199327 0.0192007
82
1
-1.20537 1.87803 -0.92487
0.0052542 -0.0205502 0.0194033
83
1
-1.21157 1.9197 -0.9643
0.00233912 -0.0211772 0.0196686
84
1
-1.21377 1.96263 -1.0037
-0.000184792 -0.0217623 0.0197852
85
1
-1.21208 2.00617 -1.04386
-0.00217054 -0.0219299 0.0201383
86
1
-1.20645 2.04983 -1.08514
-0.00406487 -0.021521 0.0212388
87
1
-1.19718 2.09334 -1.12769
-0.00611668 -0.0210056 0.0224469
88
1
-1.18432 2.13659 -1.17147
-0.00811989 -0.020928 0.0226954
89
1
-1.1675 2.17983 -1.21605
-0.00997331 -0.0212289 0.0224944
90
1
-1.1465 2.22366 -1.26074
-0.0116854 -0.0217793 0.0226635
91
1
-1.1218 2.26856 -1.3051
-0.0132164 -0.0224601 0.0225226
92
1
-1.09335 2.31394 -1.34938
-0.0151713 -0.0228667 0.0219701
93
1
-1.05995 2.35952 -1.39338
-0.0180636 -0.0229398 0.0217689
94
1
-1.02113 2.40521 -1.43715
-0.0210323 -0.0228816 0.0217301
95
1
-0.976295 2.4504 -1.48088
-0.0247976 -0.0226025 0.0218322
96
1
-0.924203 2.49491 -1.52438
-0.0289106 -0.0222553 0.0217292
97
1
-0.864726 2.53886 -1.56728
-0.0332146 -0.0224186 0.0222564
98
1
-0.79786 2.5825 -1.60909
-0.0358166 -0.0221045 0.0210677
99
1
-0.724336 2.62533 -1.64869
-0.0383505 -0.0213363 0.0193199
100
1
-0.64473 2.66636 -1.68484
-0.0414843 -0.0203967 0.0174447
101
1
-0.559028 2.70409 -1.71728
-0.0443326 -0.0174368 0.0144494
102
1
-0.467163 2.73649 -1.74486
-0.0472762 -0.01389 0.0119116
103
1
-0.369545 2.76222 -1.76735
-0.0501458 -0.0103 0.00937456
104
1
-0.267266 2.78124 -1.78471
-0.0522646 -0.00698915 0.006935
105
1
-0.161589 2.79369 -1.79653
-0.0534701 -0.00465955 0.00397131
106
1
-0.0540411 2.79972 -1.80245
-0.0540921 -0.00180431 0.00104432
107
1
0.0540411 2.79972 -1.80245
-0.0540921 0.00180431 -0.00104432
108
1
0.161589 2.79369 -1.79653
-0.0534701 0.00465955 -0.00397131
109
1
0.267266 2.78124 -1.78471
-0.0522646 0.00698915 -0.006935
110
1
0.369545 2.76222 -1.76735
-0.0501458 0.0103 -0.00937456
111
1
0.467163 2.73649 -1.74486
-0.0472762 0.01389 -0.0119116
112
1
0.559028 2.70409 -1.71728
-0.0443326 0.0174368 -0.0144494
113
1
0.64473 2.66636 -1.68484
-0.0414843 0.0203967 -0.0174447
114
1
0.724336 2.62533 -1.64869
-0.0383505 0.0213363 -0.0193199
115
1
0.79786 2.5825 -1.60909
-0.0358166 0.0221045 -0.0210677
116
1
0.864726 2.53886 -1.56728
-0.0332146 0.0224186 -0.0222564
117
1
0.924203 2.49491 -1.52438
-0.0289106 0.0222553 -0.0217292
118
1
0.976295 2.4504 -1.48088
-0.0247976 0.0226025 -0.0218322
119
1
1.02113 2.40521 -1.43715
-0.0210323 0.0228816 -0.0217301
120
1
1.05995 2.35952 -1.39338
-0.0180636 0.0229398 -0.0217689
121
1
1.09335 2.31394 -1.34938
-0.0151713 0.0228667 -0.0219701
122
1
1.1218 2.26856 -1.3051
-0.0132164 0.0224601 -0.0225226
123
1
1.1465 2.22366 -1.26074
-0.0116854 0.0217793 -0.0226635
124
1
1.1675 2.17983 -1.21605
-0.00997331 0.0212289 -0.0224944
125
1
1.18432 2.13659 -1.17147
-0.00811989 0.020928 -0.0226954
126
1
1.19718 2.09334 -1.12769
-0.00611668 0.0210056 -0.0224469
127
1
1.20645 2.04983 -1.08514
-0.00406487 0.021521 -0.0212388
128
1
1.21208 2.00617 -1.04386
-0.00217054 0.0219299 -0.0201383
129
1
1.21377 1.96263 -1.0037
-0.000184792 0.0217623 -0.0197852
130
1
1.21157 1.9197 -0.9643
0.00233912 0.0211772 -0.0196686
131
1
1.20537 1.87803 -0.92487
0.0052542 0.0205502 -0.0194033
132
1
1.19468 1.83813 -0.884918
0.00789959 0.0199327 -0.0192007
133
1
1.1792 1.80032 -0.844464
0.00992017 0.0191115 -0.0193071
134
1
1.15936 1.76449 -0.80383
0.0114761 0.0180078 -0.0196998
135
1
1.13601 1.73053 -0.763035
0.012794 0.0167914 -0.0202043
136
1
1.10999 1.69846 -0.721788
0.0139126 0.0157106 -0.0206677
137
1
1.08152 1.66842 -0.680011
0.0148215 0.0148709 -0.0210155
138
1
1.0505 1.64014 -0.638204
0.0155964 0.0142397 -0.021203
139
1
1.01694 1.61288 -0.597175
0.0163796 0.0137305 -0.0211605
140
1
0.981413 1.58571 -0.557494
0.0172757 0.0132825 -0.0208121
141
1
0.944718 1.5582 -0.519133
0.0182949 0.0128771 -0.0201346
142
1
0.90751 1.53066 -0.481622
0.0193542 0.0125041 -0.019195
143
1
0.869893 1.50405 -0.444512
0.0203031 0.0121127 -0.0181391
144
1
0.831571 1.47938 -0.407811
0.020976 0.0116244 -0.0171374
145
1
0.792434 1.45713 -0.371874
0.021251 0.0109852 -0.0163348
146
1
0.75288 1.43715 -0.336943
0.021055 0.0102601 -0.0158434
147
1
0.713934 1.41888 -0.30278
0.0203605 0.00953006 -0.0157354
148
1
0.676859 1.40187 -0.268695
0.019173 0.00887184 -0.0160205
149
1
0.64298 1.38606 -0.233847
0.0175056 0.00822388 -0.0166285
150
1
0.613337 1.37171 -0.197702
0.0153662 0.00748734 -0.0174436
151
1
0.588717 1.35931 -0.160066
0.0127935 0.00656022 -0.0183219
152
1
0.56957 1.34928 -0.121107
0.00985894 0.00536545 -0.0191238
153
1
0.556018 1.34199 -0.0811869
0.00667463 0.00385166 -0.0197379
154
1
0.548034 1.33755 -0.0407011
0.00335976 0.00202078 -0.0201141
155
1
0.545359 1.33607 -1.52516e-015
-2.35285e-018 8.52891e-017 -0.0202451
156
1
0.548034 1.33755 0.0407011
-0.00335976 -0.00202078 -0.0201141
157
1
0.556018 1.34199 0.0811869
-0.00667463 -0.00385166 -0.0197379
158
1
0.56957 1.34928 0.121107
-0.00985894 -0.00536545 -0.0191238
159
1
0.588717 1.35931 0.160066
-0.0127935 -0.00656022 -0.0183219
160
1
0.613337 1.37171 0.197702
-0.0153662 -0.00748734 -0.0174436
161
1
0.64298 1.38606 0.233847
-0.0175056 -0.00822388 -0.0166285
162
1
0.676859 1.40187 0.268695
-0.019173 -0.00887184 -0.0160205
163
1
0.713934 1.41888 0.30278
-0.0203605 -0.00953006 -0.0157354
164
1
0.75288 1.43715 0.336943
-0.021055 -0.0102601 -0.0158434
165
1
0.792434 1.45713 0.371874
-0.021251 -0.0109852 -0.0163348
166
1
0.831571 1.47938 0.407811
-0.020976 -0.0116244 -0.0171374
167
1
0.869893 1.50405 0.444512
-0.0203031 -0.0121127 -0.0181391
168
1
0.90751 1.53066 0.481622
-0.0193542 -0.0125041 -0.019195
169
1
0.944718 1.5582 0.519133
-0.0182949 -0.0128771 -0.0201346
170
1
0.981413 1.58571 0.557494
-0.0172757 -0.0132825 -0.0208121
171
1
1.01694 1.61288 0.597175
-0.0163796 -0.0137305 -0.0211605
172
1
1.0505 1.64014 0.638204
-0.0155964 -0.0142397 -0.021203
173
1
1.08152 1.66842 0.680011
-0.0148215 -0.0148709 -0.0210155
174
1
1.10999 1.69846 0.721788
-0.0139126 -0.0157106 -0.0206677
175
1
1.13601 1.73053 0.763035
-0.012794 -0.0167914 -0.0202043
176
1
1.15936 1.76449 0.80383
-0.0114761 -0.0180078 -0.0196998
177
1
1.1792 1.80032 0.844464
-0.00992017 -0.0191115 -0.0193071
178
1
1.19468 1.83813 0.884918
-0.00789959 -0.0199327 -0.0192007
179
1
1.20537 1.87803 0.92487
-0.0052542 -0.0205502 -0.0194033
180
1
1.21157 1.9197 0.9643
-0.00233912 -0.0211772 -0.0196686
181
1
1.21377 1.96263 1.0037
0.000184792 -0.0217623 -0.0197852
182
1
1.21208 2.00617 1.04386
0.00217054 -0.0219299 -0.0201383
183
1
1.20645 2.04983 1.08514
0.00406487 -0.021521 -0.0212388
184
1
1.19718 2.09334 1.12769
0.00611668 -0.0210056 -0.0224469
185
1
1.18432 2.13659 1.17147
0.00811989 -0.020928 -0.0226954
186
1
1.1675 2.17983 1.21605
0.00997331 -0.0212289 -0.0224944
187
1
1.1465 2.22366 1.26074
0.0116854 -0.0217793 -0.0226635
188
1
1.1218 2.26856 1.3051
0.0132164 -0.0224601 -0.0225226
189
1
1.09335 2.31394 1.34938
0.0151713 -0.0228667 -0.0219701
190
1
1.05995 2.35952 1.39338
0.0180636 -0.0229398 -0.0217689
191
1
1.02113 2.40521 1.43715
0.0210323 -0.0228816 -0.0217301
192
1
0.976295 2.4504 1.48088
0.0247976 -0.0226025 -0.0218322
193
1
0.924203 2.49491 1.52438
0.0289106 -0.0222553 -0.0217292
