194
0
1
0.876746 12.4177 2.80574
0.00555817 0.0275795 -0.0135257
1
1
0.862754 12.3625 2.84846
0.00782084 0.0201632 -0.0187796
2
1
0.819861 12.306 2.92095
0.0326327 0.025557 -0.053161
3
1
0.758979 12.2671 2.9991
0.0362556 0.0156904 -0.0408072
4
1
0.680154 12.2391 3.07216
0.054139 0.00730239 -0.0329097
5
1
0.598527 12.2172 3.12713
0.0217723 0.00556414 -0.0134494
6
1
0.459071 12.1885 3.21097
0.069427 0.0148332 -0.0321204
7
1
0.212532 12.148 3.29873
0.0753594 0.00592694 -0.018752
8
1
0.643709 6.0629 0.0820901
0.0211867 -0.045468 -0.00590085
9
1
0.788491 11.9203 0.405667
-0.0367782 0.0135523 -0.0673465
10
1
-0.876426 11.845 -0.363903
-0.0615576 0.0434196 -0.019931
11
1
-0.655935 6.06013 0.0267829
0.0199172 0.0446032 0.012083
12
1
-0.21139 12.1478 3.29831
0.0753481 -0.00584225 0.0187947
13
1
-0.457494 12.1879 3.21049
0.0694651 -0.0146498 0.0321221
14
1
-0.596621 12.2162 3.12696
0.0217264 -0.00547412 0.0133498
15
1
-0.678097 12.2378 3.07252
0.0541659 -0.00711935 0.0325235
16
1
-0.756704 12.2657 3.00038
0.0364055 -0.0155115 0.0401279
17
1
-0.816833 12.3044 2.92365
0.0325407 -0.0252678 0.0521258
18
1
-0.858054 12.3607 2.85297
0.00712242 -0.0198959 0.018329
19
1
-0.870051 12.4154 2.81189
0.00428312 -0.0271513 0.0126696
20
1
-0.877456 12.4791 2.77438
-0.00277637 -0.0443873 0.0144453
21
1
-0.878909 12.5453 2.73376
0.00449423 -0.0276478 0.0160611
22
1
-0.870174 12.6094 2.68134
-0.0142618 -0.0384918 0.0361848
23
1
-0.857928 12.6613 2.62515
-0.00429115 -0.0260906 0.0220818
24
1
-0.849287 12.6991 2.57729
0.00516566 -0.0091441 0.0095979
25
1
-0.833819 12.7213 2.53437
-0.00307557 -0.00983466 0.0144479
26
1
-0.819657 12.7382 2.4836
-0.0159903 0.00184736 0.0322269
27
1
-0.809197 12.7456 2.42876
-0.00475652 0.00495959 0.0463077
28
1
-0.793859 12.7483 2.36863
-0.00596713 -0.00045368 0.0357668
29
1
-0.772811 12.7512 2.3116
-0.0145901 -0.00305997 0.0259112
30
1
-0.749325 12.7525 2.2628
-0.0136283 0.000410618 0.0162186
31
1
-0.726266 12.7522 2.22066
-0.0111805 0.00247831 0.0122954
32
1
-0.705255 12.7507 2.17852
-0.00950232 0.00185933 0.0107538
33
1
-0.686769 12.7476 2.13582
-0.00577968 0.00150059 0.0247593
34
1
-0.669588 12.7444 2.08934
-0.00613846 0.000913703 0.0280846
35
1
-0.650239 12.7415 2.03689
-0.0096241 0.00220613 0.021219
36
1
-0.629432 12.7385 1.97974
-0.0120007 -0.000816767 0.036298
37
1
-0.606734 12.7343 1.91937
-0.0140937 0.00245571 0.0424289
38
1
-0.583057 12.7279 1.86047
-0.0117851 0.00783103 0.025633
39
1
-0.5609 12.7215 1.80485
-0.00696824 0.00524904 0.0144574
40
1
-0.541775 12.7164 1.7499
-0.00477996 0.00141419 0.0288736
41
1
-0.521588 12.7117 1.69664
-0.00622455 0.000848401 0.04352
42
1
-0.498591 12.7057 1.64783
-0.0121204 0.00493198 0.0350264
43
1
-0.46667 12.7046 1.60294
-0.0267961 0.00997123 0.0279485
44
1
-0.438324 12.7106 1.56012
-0.0446127 -0.00436507 0.0149762
45
1
-0.407865 12.7222 1.51147
0.00546736 -0.0116672 0.0215863
46
1
-0.384713 12.7416 1.45785
-0.0201971 0.000555588 0.0374866
47
1
-0.367322 12.7621 1.41792
-0.0127698 -0.0345292 0.01957
48
1
-0.355047 12.7892 1.36327
0.021801 -0.04516 0.0509114
49
1
-0.354821 12.8138 1.3084
-0.00548567 0.0076568 0.0145517
50
1
-0.360002 12.8353 1.24037
0.0205578 -0.0284746 0.0673919
51
1
-0.387994 12.8643 1.09814
0.00749106 -0.0270014 0.0624579
52
1
-0.44525 12.8723 1.0289
-0.0113988 0.0280832 -0.0448901
53
1
-0.505762 12.8451 0.993538
0.0391358 0.000936689 0.00826538
54
1
-0.542802 12.8348 0.994536
0.00557668 -0.0329715 0.0259612
55
1
-0.602114 12.9015 0.986365
0.00660734 0.0098365 -0.00929335
56
1
0.375695 14.8814 1.33608
-0.00210674 -0.0332061 -0.0704611
57
1
-0.203698 13.629 0.0177714
-0.0447112 0.00134439 -0.0114969
58
1
-0.0547831 16.261 -0.0236097
-0.0268343 0.0370527 0.0630783
59
1
-0.207711 13.6247 -0.0391047
0.0488586 -0.00178174 -0.0122329
60
1
-0.254609 14.9099 -1.34217
0.0169555 -0.0471336 -0.0596891
61
1
-0.477328 12.925 -0.987361
-0.00749084 -0.00197633 -0.0113414
62
1
-0.400397 12.8653 -1.02611
-0.00289788 0.0100336 0.0212555
63
1
-0.356997 12.8801 -1.03159
-0.0656003 -0.011174 0.0203247
64
1
-0.281059 12.8996 -1.06563
0.0346009 -0.0135115 -0.0524477
65
1
-0.217973 12.9039 -1.12603
-0.0267119 0.00377331 0.0729998
66
1
-0.199332 12.8746 -1.27286
-0.00159733 0.0155154 0.0442122
67
1
-0.207376 12.8604 -1.3297
0.0158923 -0.0063727 0.0214596
68
1
-0.211093 12.8337 -1.3803
-0.0246282 0.0417495 0.0456703
69
1
-0.225291 12.8112 -1.43317
0.0204535 0.022126 0.014191
70
1
-0.244863 12.7887 -1.47854
0.0129121 0.00836972 0.0370132
71
1
-0.273631 12.7656 -1.53944
0.00450993 0.0159619 0.026526
72
1
-0.315113 12.757 -1.58988
0.0573971 -0.0014413 0.0272956
73
1
-0.356879 12.7537 -1.63547
0.0335531 -0.010525 0.0347613
74
1
-0.401139 12.7593 -1.68358
0.0193645 -0.00354756 0.0359815
75
1
-0.433044 12.7668 -1.73578
0.0163134 -0.00209563 0.0367016
76
1
-0.464597 12.7708 -1.78683
0.0129071 -0.00394067 0.0228377
77
1
-0.499811 12.7787 -1.83364
0.0129075 -0.00644696 0.0134708
78
1
-0.536645 12.7882 -1.88019
0.0189587 -0.0080781 0.0206834
79
1
-0.572272 12.795 -1.93072
0.0203621 -0.00123873 0.0327058
80
1
-0.605096 12.7975 -1.98335
0.0166753 0.00320952 0.0310477
81
1
-0.634142 12.7964 -2.03561
0.0132699 0.00100336 0.0224062
82
1
-0.660246 12.7941 -2.0854
0.00916424 0.00204893 0.0266981
83
1
-0.683132 12.7925 -2.13062
0.0081821 0.000583623 0.0232074
84
1
-0.706825 12.7912 -2.17262
0.0111601 -0.000695411 0.0112259
85
1
-0.732667 12.7884 -2.21412
0.0125872 -0.00109602 0.0126716
86
1
-0.75988 12.7842 -2.25564
0.0151949 0.00169149 0.0163906
87
1
-0.787129 12.7779 -2.30355
0.0164611 0.00601918 0.0252489
88
1
-0.8112 12.7699 -2.35902
0.00748536 0.00322291 0.0336608
89
1
-0.828748 12.7627 -2.41867
0.00581697 -0.001823 0.0451872
90
1
-0.840993 12.7518 -2.47437
0.01606 0.000319112 0.0348414
91
1
-0.855697 12.7324 -2.52545
0.0033144 0.0107624 0.0150796
92
1
-0.87063 12.7083 -2.56919
-0.00486707 0.00974005 0.00965104
93
1
-0.878104 12.6684 -2.61682
0.00263905 0.0264311 0.021577
94
1
-0.886669 12.6147 -2.67274
0.0103986 0.0380593 0.0345194
95
1
-0.891113 12.5501 -2.725
-0.00563006 0.0285068 0.0169711
96
1
-0.886581 12.4825 -2.76678
0.00102632 0.0449072 0.0158636
97
1
-0.876742 12.4177 -2.80574
-0.00555801 0.0275795 0.013526
98
1
-0.862751 12.3625 -2.84845
-0.00782064 0.0201632 0.0187798
99
1
-0.819859 12.306 -2.92095
-0.0326321 0.0255571 0.0531614
100
1
-0.758977 12.2671 -2.9991
-0.0362553 0.0156906 0.0408075
101
1
-0.680152 12.2391 -3.07215
-0.0541389 0.00730256 0.0329099
102
1
-0.598526 12.2172 -3.12713
-0.0217723 0.00556419 0.0134495
103
1
-0.45907 12.1885 -3.21096
-0.0694269 0.0148334 0.0321206
104
1
-0.212532 12.148 -3.29873
-0.0753593 0.00592699 0.0187521
105
1
-0.643819 6.06288 -0.0816632
-0.0211768 -0.0454576 0.00594101
106
1
-0.788083 11.9205 -0.405564
0.036713 0.0135096 0.0673906
107
1
0.876758 11.8448 0.363874
0.0615936 0.0433904 0.0198835
108
1
0.655991 6.06011 -0.0263364
-0.019897 0.0445925 -0.0121204
109
1
0.21139 12.1478 -3.29831
-0.075348 -0.00584229 -0.0187947
110
1
0.457494 12.1879 -3.21049
-0.069465 -0.0146499 -0.0321222
111
1
0.596621 12.2162 -3.12695
-0.0217264 -0.00547416 -0.0133499
112
1
0.678096 12.2378 -3.07252
-0.0541658 -0.00711951 -0.0325237
113
1
0.756703 12.2657 -3.00038
-0.0364053 -0.0155116 -0.0401282
114
1
0.816831 12.3044 -2.92365
-0.0325403 -0.0252679 -0.0521262
115
1
0.858052 12.3607 -2.85297
-0.00712234 -0.0198959 -0.0183292
116
1
0.870049 12.4154 -2.81189
-0.00428314 -0.0271513 -0.0126699
117
1
0.877454 12.4791 -2.77437
0.00277638 -0.0443873 -0.0144457
118
1
0.878907 12.5453 -2.73375
-0.00449422 -0.0276479 -0.0160614
119
1
0.870173 12.6094 -2.68133
0.0142613 -0.0384915 -0.0361848
120
1
0.857926 12.6613 -2.62515
0.00429101 -0.0260905 -0.022082
121
1
0.849286 12.6991 -2.57728
-0.00516555 -0.00914415 -0.00959804
122
1
0.833817 12.7214 -2.53436
0.00307567 -0.00983461 -0.014448
123
1
0.819655 12.7382 -2.48359
0.0159904 0.00184742 -0.032227
124
1
0.809195 12.7456 -2.42875
0.00475674 0.0049595 -0.0463074
125
1
0.793856 12.7483 -2.36862
0.00596739 -0.000453845 -0.0357668
126
1
0.772808 12.7512 -2.31159
0.0145905 -0.0030602 -0.0259115
127
1
0.749321 12.7525 -2.26279
0.0136285 0.000410444 -0.0162188
128
1
0.726262 12.7522 -2.22065
0.0111806 0.00247816 -0.0122955
129
1
0.705251 12.7507 -2.17851
0.00950239 0.00185916 -0.010754
130
1
0.686764 12.7476 -2.13582
0.00577985 0.0015003 -0.0247593
131
1
0.669583 12.7444 -2.08933
0.00613865 0.00091344 -0.0280844
132
1
0.650234 12.7415 -2.03688
0.00962425 0.00220593 -0.0212184
133
1
0.629426 12.7385 -1.97974
0.0120011 -0.000817084 -0.0362975
134
1
0.606727 12.7343 -1.91937
0.0140943 0.00245532 -0.0424284
135
1
0.583049 12.7279 -1.86046
0.0117857 0.00783077 -0.0256329
136
1
0.560892 12.7215 -1.80484
0.00696858 0.00524901 -0.0144576
137
1
0.541765 12.7164 -1.74989
0.00478042 0.0014146 -0.0288731
138
1
0.521577 12.7117 -1.69664
0.00622529 0.000848588 -0.0435186
139
1
0.49858 12.7057 -1.64783
0.0121213 0.00493106 -0.0350248
140
1
0.466657 12.7046 -1.60294
0.0267971 0.00996906 -0.0279468
141
1
0.438309 12.7106 -1.56012
0.0446136 -0.00436779 -0.0149766
142
1
0.407849 12.7222 -1.51147
-0.00546657 -0.0116685 -0.0215867
143
1
0.384696 12.7416 -1.45785
0.0201977 0.000553241 -0.0374868
144
1
0.367303 12.7621 -1.41792
0.0127717 -0.0345293 -0.0195708
145
1
0.355027 12.7892 -1.36327
-0.0217999 -0.0451619 -0.050913
146
1
0.354802 12.8138 -1.3084
0.00548549 0.00765644 -0.0145524
147
1
0.359983 12.8353 -1.24037
-0.0205557 -0.0284741 -0.0673915
148
1
0.387976 12.8643 -1.09813
-0.00747314 -0.0270218 -0.0624462
149
1
0.445239 12.8723 -1.0289
0.0114085 0.0281253 0.0449026
150
1
0.505736 12.8451 -0.993516
-0.0391513 0.000910739 -0.00827712
151
1
0.542783 12.8347 -0.994519
-0.0055988 -0.0329925 -0.0259759
152
1
0.602133 12.9016 -0.986428
-0.0066057 0.00985149 0.00929222
153
1
-0.375649 14.8814 -1.3361
0.00212626 -0.0332001 0.0704633
154
1
0.203696 13.629 -0.0177635
0.0447127 0.00134395 0.0114965
155
1
0.0547889 16.261 0.0236411
0.0268344 0.0370538 -0.0630776
156
1
0.207711 13.6247 0.0391125
-0.0488576 -0.00178171 0.0122331
157
1
0.254655 14.9099 1.34212
-0.0169777 -0.0471271 0.0596879
158
1
0.477343 12.925 0.98737
0.00749091 -0.00197198 0.0113405
159
1
0.400418 12.8653 1.02611
0.00289542 0.0100274 -0.0212526
160
1
0.357018 12.8801 1.0316
0.0656196 -0.0111569 -0.0203274
161
1
0.281079 12.8996 1.06566
-0.0346055 -0.0134975 0.0524339
162
1
0.218 12.9039 1.12606
0.0267187 0.00376559 -0.072996
163
1
0.199344 12.8746 1.27288
0.00160329 0.0155196 -0.0442094
164
1
0.207385 12.8604 1.32972
-0.0158895 -0.00637594 -0.0214589
165
1
0.211101 12.8337 1.38031
0.0246297 0.0417468 -0.045676
166
1
0.225297 12.8111 1.43319
-0.0204506 0.0221262 -0.0141905
167
1
0.244868 12.7887 1.47855
-0.0129117 0.00836661 -0.0370131
168
1
0.273634 12.7656 1.53946
-0.00450975 0.0159606 -0.0265248
169
1
0.315114 12.757 1.5899
-0.0573952 -0.00144202 -0.0272922
170
1
0.356881 12.7537 1.63549
-0.0335526 -0.0105258 -0.0347607
171
1
0.401141 12.7593 1.6836
-0.0193642 -0.00354825 -0.0359821
172
1
0.433046 12.7668 1.7358
-0.0163133 -0.00209636 -0.0367022
173
1
0.4646 12.7708 1.78684
-0.012907 -0.00394119 -0.0228377
174
1
0.499814 12.7787 1.83366
-0.0129073 -0.00644737 -0.0134706
175
1
0.536647 12.7882 1.88021
-0.0189586 -0.00807885 -0.0206829
176
1
0.572274 12.795 1.93073
-0.020362 -0.00123946 -0.032705
177
1
0.605098 12.7975 1.98337
-0.0166757 0.0032092 -0.0310474
178
1
0.634145 12.7964 2.03562
-0.0132705 0.00100344 -0.0224068
179
1
0.66025 12.7941 2.08541
-0.0091647 0.00204888 -0.0266979
180
1
0.683136 12.7925 2.13063
-0.00818244 0.000583505 -0.0232071
181
1
0.70683 12.7912 2.17263
-0.0111604 -0.000695497 -0.0112258
182
1
0.732672 12.7884 2.21413
-0.0125873 -0.00109604 -0.0126714
183
1
0.759886 12.7842 2.25565
-0.015195 0.00169154 -0.0163902
184
1
0.787135 12.7779 2.30356
-0.016461 0.00601931 -0.0252484
185
1
0.811205 12.7699 2.35902
-0.00748529 0.00322317 -0.0336605
186
1
0.828754 12.7627 2.41868
-0.00581688 -0.00182255 -0.0451874
187
1
0.840999 12.7518 2.47438
-0.01606 0.000319599 -0.0348416
188
1
0.855702 12.7324 2.52546
-0.00331431 0.0107626 -0.0150795
189
1
0.870635 12.7083 2.56919
0.00486717 0.00974008 -0.00965088
190
1
0.878109 12.6684 2.61683
-0.00263897 0.0264313 -0.0215766
191
1
0.886673 12.6147 2.67274
-0.0103986 0.0380598 -0.034519
192
1
0.891118 12.5501 2.72501
0.00563024 0.0285068 -0.0169708
193
1
0.886585 12.4825 2.76679
-0.00102604 0.0449073 -0.0158632
