194
0
1
1.46785 7.57508 0.728608
0.0441707 0.0277709 0.0133501
1
1
1.38045 7.52182 0.696452
0.0438442 0.0288821 0.0157724
2
1
1.28552 7.46635 0.656341
0.0497021 0.0294025 0.0216203
3
1
1.18273 7.41414 0.608388
0.0536597 0.0264259 0.0235527
4
1
1.06933 7.36444 0.55284
0.0594 0.0215224 0.0273358
5
1
0.944879 7.31498 0.485188
0.0640666 0.0212413 0.0389375
6
1
0.811021 7.26309 0.382483
0.0561078 0.0222251 0.048686
7
1
0.669589 7.2116 0.203034
0.0338581 0.0108799 0.0690076
8
1
0.206359 6.01539 0.0737239
-0.0385406 -0.0194099 -0.0116863
9
1
0.0478886 10.0155 0.766471
0.000783794 -0.0084482 -0.0774588
10
1
-0.0478886 10.0155 0.766471
0.000783794 0.0084482 0.0774588
11
1
-0.206358 6.01539 0.0737235
-0.0385406 0.01941 0.0116865
12
1
-0.669589 7.2116 0.203034
0.0338581 -0.0108799 -0.0690076
13
1
-0.811021 7.26309 0.382483
0.0561078 -0.0222251 -0.048686
14
1
-0.944879 7.31498 0.485188
0.0640666 -0.0212413 -0.0389375
15
1
-1.06933 7.36444 0.55284
0.0594 -0.0215224 -0.0273358
16
1
-1.18273 7.41414 0.608388
0.0536597 -0.0264259 -0.0235527
17
1
-1.28552 7.46635 0.656341
0.0497021 -0.0294025 -0.0216203
18
1
-1.38045 7.52182 0.696452
0.0438442 -0.0288821 -0.0157724
19
1
-1.46785 7.57508 0.728608
0.0441707 -0.0277709 -0.0133501
20
1
-1.54945 7.62107 0.756151
0.0385846 -0.022012 -0.0131609
21
1
-1.62665 7.66003 0.780072
0.0366904 -0.0177414 -0.0109556
22
1
-1.6993 7.69305 0.799991
0.0364776 -0.0154217 -0.00939428
23
1
-1.76994 7.72228 0.818035
0.033796 -0.012365 -0.0091187
24
1
-1.83842 7.74708 0.835008
0.0333754 -0.0102672 -0.00895779
25
1
-1.90449 7.76696 0.850452
0.0330903 -0.00882064 -0.00777811
26
1
-1.96871 7.78195 0.863523
0.0301758 -0.00597179 -0.00600273
27
1
-2.03062 7.79209 0.873536
0.0292791 -0.00346958 -0.00449297
28
1
-2.09099 7.79846 0.880515
0.0303109 -0.00218937 -0.00318343
29
1
-2.15079 7.80165 0.884388
0.0299413 -0.00113074 -0.00126955
30
1
-2.20947 7.80165 0.884999
0.0291722 0.000503879 0.000600472
31
1
-2.26714 7.79882 0.882447
0.0289264 0.00198842 0.00223252
32
1
-2.32365 7.79328 0.876618
0.0282045 0.00321185 0.00372722
33
1
-2.3782 7.78504 0.86773
0.027655 0.00453244 0.00475904
34
1
-2.43063 7.77457 0.856112
0.026756 0.0055581 0.00574885
35
1
-2.48071 7.76259 0.841631
0.0241483 0.00633776 0.00747402
36
1
-2.52785 7.74918 0.824201
0.0221906 0.00727391 0.00915667
37
1
-2.57299 7.73388 0.804055
0.0220617 0.00805628 0.0106423
38
1
-2.61663 7.7166 0.780684
0.0212733 0.00897061 0.0125833
39
1
-2.65807 7.69751 0.75361
0.0193779 0.0100876 0.0146355
40
1
-2.697 7.67693 0.723717
0.0187006 0.0109131 0.0163307
41
1
-2.73376 7.65494 0.691931
0.018131 0.0114443 0.0173913
42
1
-2.76815 7.63171 0.658305
0.0162541 0.012458 0.0177238
43
1
-2.80034 7.60687 0.623231
0.0152065 0.0138717 0.0182425
44
1
-2.83071 7.57991 0.586501
0.015102 0.014618 0.0191909
45
1
-2.85937 7.55048 0.547874
0.0143131 0.0153408 0.0198919
46
1
-2.88668 7.5191 0.507744
0.0140232 0.0172638 0.0202639
47
1
-2.91215 7.48633 0.466392
0.0142357 0.0183319 0.0211246
48
1
-2.93426 7.4533 0.424066
0.012784 0.0180022 0.022191
49
1
-2.95189 7.42072 0.381892
0.00921435 0.0179679 0.0225026
50
1
-2.96435 7.38925 0.340092
0.00454676 0.0169965 0.0215281
51
1
-2.97192 7.35968 0.298577
0.00108514 0.0153876 0.020668
52
1
-2.9753 7.33256 0.256828
-0.000793152 0.0143428 0.0206418
53
1
-2.9754 7.30873 0.214485
-0.00242328 0.0132066 0.0208213
54
1
-2.97348 7.28902 0.171754
-0.00391724 0.0110873 0.0209536
55
1
-2.97033 7.27411 0.128886
-0.00427172 0.00784587 0.0211948
56
1
-2.96709 7.26431 0.0860476
-0.00324461 0.00451349 0.0214873
57
1
-2.96441 7.25863 0.0431156
-0.00176321 0.00178325 0.0216111
58
1
-2.96335 7.25694 6.43431e-010
4.24575e-012 -3.93499e-012 0.0215891
59
1
-2.96441 7.25863 -0.0431156
0.00176321 -0.00178325 0.0216111
60
1
-2.96709 7.26431 -0.0860476
0.00324461 -0.00451349 0.0214873
61
1
-2.97033 7.27411 -0.128886
0.00427172 -0.00784587 0.0211948
62
1
-2.97348 7.28902 -0.171754
0.00391724 -0.0110873 0.0209536
63
1
-2.9754 7.30873 -0.214485
0.00242328 -0.0132066 0.0208213
64
1
-2.9753 7.33256 -0.256828
0.000793152 -0.0143428 0.0206418
65
1
-2.97192 7.35968 -0.298577
-0.00108514 -0.0153876 0.020668
66
1
-2.96435 7.38925 -0.340092
-0.00454676 -0.0169965 0.0215281
67
1
-2.95189 7.42072 -0.381892
-0.00921435 -0.0179679 0.0225026
68
1
-2.93426 7.4533 -0.424066
-0.012784 -0.0180022 0.022191
69
1
-2.91215 7.48633 -0.466392
-0.0142357 -0.0183319 0.0211246
70
1
-2.88668 7.5191 -0.507744
-0.0140232 -0.0172638 0.0202639
71
1
-2.85937 7.55048 -0.547874
-0.0143131 -0.0153408 0.0198919
72
1
-2.83071 7.57991 -0.586501
-0.015102 -0.014618 0.0191909
73
1
-2.80034 7.60687 -0.623231
-0.0152065 -0.0138717 0.0182425
74
1
-2.76815 7.63171 -0.658305
-0.0162541 -0.012458 0.0177238
75
1
-2.73376 7.65494 -0.691931
-0.018131 -0.0114443 0.0173913
76
1
-2.697 7.67693 -0.723717
-0.0187006 -0.0109131 0.0163307
77
1
-2.65807 7.69751 -0.75361
-0.0193779 -0.0100876 0.0146355
78
1
-2.61663 7.7166 -0.780684
-0.0212733 -0.00897061 0.0125833
79
1
-2.57299 7.73388 -0.804055
-0.0220617 -0.00805628 0.0106423
80
1
-2.52785 7.74918 -0.824201
-0.0221906 -0.00727391 0.00915667
81
1
-2.48071 7.76259 -0.841631
-0.0241483 -0.00633776 0.00747402
82
1
-2.43063 7.77457 -0.856112
-0.026756 -0.0055581 0.00574885
83
1
-2.3782 7.78504 -0.86773
-0.027655 -0.00453244 0.00475904
84
1
-2.32365 7.79328 -0.876618
-0.0282045 -0.00321185 0.00372722
85
1
-2.26714 7.79882 -0.882447
-0.0289264 -0.00198842 0.00223252
86
1
-2.20947 7.80165 -0.884999
-0.0291722 -0.000503879 0.000600472
87
1
-2.15079 7.80165 -0.884388
-0.0299413 0.00113074 -0.00126955
88
1
-2.09099 7.79846 -0.880515
-0.0303109 0.00218937 -0.00318343
89
1
-2.03062 7.79209 -0.873536
-0.0292791 0.00346958 -0.00449297
90
1
-1.96871 7.78195 -0.863523
-0.0301758 0.00597179 -0.00600273
91
1
-1.90449 7.76696 -0.850452
-0.0330903 0.00882064 -0.00777811
92
1
-1.83842 7.74708 -0.835008
-0.0333754 0.0102672 -0.00895779
93
1
-1.76994 7.72228 -0.818035
-0.033796 0.012365 -0.0091187
94
1
-1.6993 7.69305 -0.799991
-0.0364776 0.0154217 -0.00939428
95
1
-1.62665 7.66003 -0.780072
-0.0366904 0.0177414 -0.0109556
96
1
-1.54945 7.62107 -0.756151
-0.0385846 0.022012 -0.0131609
97
1
-1.46785 7.57508 -0.728608
-0.0441707 0.0277709 -0.0133501
98
1
-1.38045 7.52182 -0.696452
-0.0438442 0.0288821 -0.0157724
99
1
-1.28552 7.46635 -0.656341
-0.0497021 0.0294025 -0.0216203
100
1
-1.18273 7.41414 -0.608388
-0.0536597 0.0264259 -0.0235527
101
1
-1.06933 7.36444 -0.55284
-0.0594 0.0215224 -0.0273358
102
1
-0.944879 7.31498 -0.485188
-0.0640666 0.0212413 -0.0389375
103
1
-0.811021 7.26309 -0.382483
-0.0561078 0.0222251 -0.048686
104
1
-0.669589 7.2116 -0.203034
-0.0338581 0.0108799 -0.0690076
105
1
-0.206359 6.01539 -0.0737239
0.0385406 -0.0194099 0.0116863
106
1
-0.0478886 10.0155 -0.766471
-0.000783794 -0.0084482 0.0774588
107
1
0.0478886 10.0155 -0.766471
-0.000783794 0.0084482 -0.0774588
108
1
0.206358 6.01539 -0.0737235
0.0385406 0.01941 -0.0116865
109
1
0.669589 7.2116 -0.203034
-0.0338581 -0.0108799 0.0690076
110
1
0.811021 7.26309 -0.382483
-0.0561078 -0.0222251 0.048686
111
1
0.944879 7.31498 -0.485188
-0.0640666 -0.0212413 0.0389375
112
1
1.06933 7.36444 -0.55284
-0.0594 -0.0215224 0.0273358
113
1
1.18273 7.41414 -0.608388
-0.0536597 -0.0264259 0.0235527
114
1
1.28552 7.46635 -0.656341
-0.0497021 -0.0294025 0.0216203
115
1
1.38045 7.52182 -0.696452
-0.0438442 -0.0288821 0.0157724
116
1
1.46785 7.57508 -0.728608
-0.0441707 -0.0277709 0.0133501
117
1
1.54945 7.62107 -0.756151
-0.0385846 -0.022012 0.0131609
118
1
1.62665 7.66003 -0.780072
-0.0366904 -0.0177414 0.0109556
119
1
1.6993 7.69305 -0.799991
-0.0364776 -0.0154217 0.00939428
120
1
1.76994 7.72228 -0.818035
-0.033796 -0.012365 0.0091187
121
1
1.83842 7.74708 -0.835008
-0.0333754 -0.0102672 0.00895779
122
1
1.90449 7.76696 -0.850452
-0.0330903 -0.00882064 0.00777811
123
1
1.96871 7.78195 -0.863523
-0.0301758 -0.00597179 0.00600273
124
1
2.03062 7.79209 -0.873536
-0.0292791 -0.00346958 0.00449297
125
1
2.09099 7.79846 -0.880515
-0.0303109 -0.00218937 0.00318343
126
1
2.15079 7.80165 -0.884388
-0.0299413 -0.00113074 0.00126955
127
1
2.20947 7.80165 -0.884999
-0.0291722 0.000503879 -0.000600472
128
1
2.26714 7.79882 -0.882447
-0.0289264 0.00198842 -0.00223252
129
1
2.32365 7.79328 -0.876618
-0.0282045 0.00321185 -0.00372722
130
1
2.3782 7.78504 -0.86773
-0.027655 0.00453244 -0.00475904
131
1
2.43063 7.77457 -0.856112
-0.026756 0.0055581 -0.00574885
132
1
2.48071 7.76259 -0.841631
-0.0241483 0.00633776 -0.00747402
133
1
2.52785 7.74918 -0.824201
-0.0221906 0.00727391 -0.00915667
134
1
2.57299 7.73388 -0.804055
-0.0220617 0.00805628 -0.0106423
135
1
2.61663 7.7166 -0.780684
-0.0212733 0.00897061 -0.0125833
136
1
2.65807 7.69751 -0.75361
-0.0193779 0.0100876 -0.0146355
137
1
2.697 7.67693 -0.723717
-0.0187006 0.0109131 -0.0163307
138
1
2.73376 7.65494 -0.691931
-0.018131 0.0114443 -0.0173913
139
1
2.76815 7.63171 -0.658305
-0.0162541 0.012458 -0.0177238
140
1
2.80034 7.60687 -0.623231
-0.0152065 0.0138717 -0.0182425
141
1
2.83071 7.57991 -0.586501
-0.015102 0.014618 -0.0191909
142
1
2.85937 7.55048 -0.547874
-0.0143131 0.0153408 -0.0198919
143
1
2.88668 7.5191 -0.507744
-0.0140232 0.0172638 -0.0202639
144
1
2.91215 7.48633 -0.466392
-0.0142357 0.0183319 -0.0211246
145
1
2.93426 7.4533 -0.424066
-0.012784 0.0180022 -0.022191
146
1
2.95189 7.42072 -0.381892
-0.00921435 0.0179679 -0.0225026
147
1
2.96435 7.38925 -0.340092
-0.00454676 0.0169965 -0.0215281
148
1
2.97192 7.35968 -0.298577
-0.00108514 0.0153876 -0.020668
149
1
2.9753 7.33256 -0.256828
0.000793152 0.0143428 -0.0206418
150
1
2.9754 7.30873 -0.214485
0.00242328 0.0132066 -0.0208213
151
1
2.97348 7.28902 -0.171754
0.00391724 0.0110873 -0.0209536
152
1
2.97033 7.27411 -0.128886
0.00427172 0.00784587 -0.0211948
153
1
2.96709 7.26431 -0.0860476
0.00324461 0.00451349 -0.0214873
154
1
2.96441 7.25863 -0.0431156
0.00176321 0.00178325 -0.0216111
155
1
2.96335 7.25694 -7.36854e-010
-4.21709e-012 -6.09844e-012 -0.0215891
156
1
2.96441 7.25863 0.0431156
-0.00176321 -0.00178325 -0.0216111
157
1
2.96709 7.26431 0.0860476
-0.00324461 -0.00451349 -0.0214873
158
1
2.97033 7.27411 0.128886
-0.00427172 -0.00784587 -0.0211948
159
1
2.97348 7.28902 0.171754
-0.00391724 -0.0110873 -0.0209536
160
1
2.9754 7.30873 0.214485
-0.00242328 -0.0132066 -0.0208213
161
1
2.9753 7.33256 0.256828
-0.000793152 -0.0143428 -0.0206418
162
1
2.97192 7.35968 0.298577
0.00108514 -0.0153876 -0.020668
163
1
2.96435 7.38925 0.340092
0.00454676 -0.0169965 -0.0215281
164
1
2.95189 7.42072 0.381892
0.00921435 -0.0179679 -0.0225026
165
1
2.93426 7.4533 0.424066
0.012784 -0.0180022 -0.022191
166
1
2.91215 7.48633 0.466392
0.0142357 -0.0183319 -0.0211246
167
1
2.88668 7.5191 0.507744
0.0140232 -0.0172638 -0.0202639
168
1
2.85937 7.55048 0.547874
0.0143131 -0.0153408 -0.0198919
169
1
2.83071 7.57991 0.586501
0.015102 -0.014618 -0.0191909
170
1
2.80034 7.60687 0.623231
0.0152065 -0.0138717 -0.0182425
171
1
2.76815 7.63171 0.658305
0.0162541 -0.012458 -0.0177238
172
1
2.73376 7.65494 0.691931
0.018131 -0.0114443 -0.0173913
173
1
2.697 7.67693 0.723717
0.0187006 -0.0109131 -0.0163307
174
1
2.65807 7.69751 0.75361
0.0193779 -0.0100876 -0.0146355
175
1
2.61663 7.7166 0.780684
0.0212733 -0.00897061 -0.0125833
176
1
2.57299 7.73388 0.804055
0.0220617 -0.00805628 -0.0106423
177
1
2.52785 7.74918 0.824201
0.0221906 -0.00727391 -0.00915667
178
1
2.48071 7.76259 0.841631
0.0241483 -0.00633776 -0.00747402
179
1
2.43063 7.77457 0.856112
0.026756 -0.0055581 -0.00574885
180
1
2.3782 7.78504 0.86773
0.027655 -0.00453244 -0.00475904
181
1
2.32365 7.79328 0.876618
0.0282045 -0.00321185 -0.00372722
182
1
2.26714 7.79882 0.882447
0.0289264 -0.00198842 -0.00223252
183
1
2.20947 7.80165 0.884999
0.0291722 -0.000503879 -0.000600472
184
1
2.15079 7.80165 0.884388
0.0299413 0.00113074 0.00126955
185
1
2.09099 7.79846 0.880515
0.0303109 0.00218937 0.00318343
186
1
2.03062 7.79209 0.873536
0.0292791 0.00346958 0.00449297
187
1
1.96871 7.78195 0.863523
0.0301758 0.00597179 0.00600273
188
1
1.90449 7.76696 0.850452
0.0330903 0.00882064 0.00777811
189
1
1.83842 7.74708 0.835008
0.0333754 0.0102672 0.00895779
190
1
1.76994 7.72228 0.818035
0.033796 0.012365 0.0091187
191
1
1.6993 7.69305 0.799991
0.0364776 0.0154217 0.00939428
192
1
1.62665 7.66003 0.780072
0.0366904 0.0177414 0.0109556
193
1
1.54945 7.62107 0.756151
0.0385846 0.022012 0.0131609
