194
0
1
0.623929 10.1759 1.31636
0.00789638 0.0450166 -0.0289683
1
1
0.60152 10.0958 1.36751
0.0106951 0.0355685 -0.0238493
2
1
0.568518 10.0129 1.40951
0.0177702 0.0430607 -0.0177972
3
1
0.517376 9.92362 1.43997
0.0319334 0.0503378 -0.0134135
4
1
0.448081 9.84649 1.45607
0.0409291 0.030157 -0.00138188
5
1
0.358813 9.78742 1.45748
0.0461798 0.0188597 0.00562209
6
1
0.250892 9.72162 1.43186
0.0488618 0.0277807 0.0253408
7
1
0.113289 9.5958 1.38364
0.0348902 0.0567413 0.0087713
8
1
0.132982 6.36849 0.0599411
-0.0464074 -0.0101134 -0.00765887
9
1
0.543835 12.523 0.0693731
0.0213657 0.0515237 0.00810649
10
1
-0.543834 12.523 0.069379
0.0213622 -0.0515234 -0.00809803
11
1
-0.13284 6.36841 0.0596787
-0.0464139 0.0101438 0.00776092
12
1
-0.113288 9.5958 1.38364
0.0348902 -0.0567412 -0.00877134
13
1
-0.250892 9.72162 1.43186
0.0488618 -0.0277807 -0.0253407
14
1
-0.358813 9.78742 1.45748
0.0461799 -0.0188597 -0.00562206
15
1
-0.448081 9.84649 1.45607
0.0409292 -0.030157 0.00138191
16
1
-0.517376 9.92362 1.43997
0.0319334 -0.0503379 0.0134136
17
1
-0.568517 10.0129 1.40951
0.0177702 -0.0430608 0.0177972
18
1
-0.601519 10.0958 1.36751
0.0106951 -0.0355685 0.0238493
19
1
-0.623929 10.1759 1.31636
0.00789638 -0.0450167 0.0289683
20
1
-0.641586 10.2528 1.25997
0.00545984 -0.0396968 0.03282
21
1
-0.659096 10.3279 1.1998
0.00731444 -0.0313987 0.0273054
22
1
-0.67373 10.4032 1.1446
0.0101421 -0.0421795 0.0297058
23
1
-0.681947 10.4786 1.09406
0.00332202 -0.0382558 0.0272239
24
1
-0.681889 10.545 1.04922
-0.0041069 -0.0237907 0.0173604
25
1
-0.677965 10.6022 1.00912
-0.00435973 -0.0261226 0.0184012
26
1
-0.671812 10.6566 0.971711
-0.00276969 -0.0285874 0.0182832
27
1
-0.663257 10.7098 0.938294
-0.00457712 -0.0256887 0.0142835
28
1
-0.652247 10.7627 0.909513
-0.00781632 -0.0232467 0.01148
29
1
-0.639665 10.8153 0.882736
-0.00969472 -0.024525 0.0134123
30
1
-0.627499 10.8654 0.857695
-0.00717216 -0.0221343 0.0106214
31
1
-0.61771 10.9145 0.834768
-0.00382002 -0.0218678 0.010265
32
1
-0.61285 10.9647 0.812675
-0.00239589 -0.0254988 0.0135142
33
1
-0.613098 11.0137 0.791779
-0.00055177 -0.0270449 0.0124284
34
1
-0.617612 11.061 0.772658
0.00341439 -0.0256766 0.00923845
35
1
-0.62627 11.1081 0.756433
0.00559511 -0.0236223 0.00769034
36
1
-0.638226 11.1532 0.743306
0.00577758 -0.0218985 0.00429347
37
1
-0.653962 11.1961 0.734236
0.00820357 -0.0219368 0.00116082
38
1
-0.673711 11.237 0.727388
0.0110631 -0.0195229 0.000889274
39
1
-0.696734 11.2749 0.720451
0.0108966 -0.0147127 0.00183171
40
1
-0.721478 11.3093 0.712913
0.0125781 -0.01395 0.00238782
41
1
-0.748518 11.3417 0.704319
0.0169167 -0.0151853 0.00338971
42
1
-0.778477 11.3727 0.692968
0.0168264 -0.0140831 0.00469316
43
1
-0.810336 11.402 0.679009
0.0150843 -0.013454 0.00572136
44
1
-0.843626 11.4302 0.661934
0.0176738 -0.0151566 0.00812388
45
1
-0.878938 11.4582 0.640835
0.0211068 -0.0147135 0.0133583
46
1
-0.915669 11.485 0.61404
0.0189251 -0.0114738 0.0158042
47
1
-0.951612 11.5105 0.581919
0.0177872 -0.0108286 0.0171191
48
1
-0.986859 11.5344 0.543484
0.0197628 -0.0109121 0.0236892
49
1
-1.01998 11.5559 0.500747
0.0182584 -0.00930334 0.0252809
50
1
-1.04984 11.5749 0.454869
0.0154294 -0.00838176 0.0225225
51
1
-1.07597 11.5937 0.404991
0.0138954 -0.010442 0.0256611
52
1
-1.09783 11.613 0.351889
0.0104264 -0.0124499 0.0303317
53
1
-1.11533 11.6317 0.295766
0.00803243 -0.0112606 0.0325025
54
1
-1.12837 11.6488 0.237523
0.0062223 -0.00999441 0.0330028
55
1
-1.13731 11.6636 0.177882
0.00197583 -0.00785555 0.0329708
56
1
-1.14306 11.675 0.118646
0.00118907 -0.00519655 0.031632
57
1
-1.14649 11.6822 0.0586172
0.00106405 -0.00197952 0.0299668
58
1
-1.14768 11.6844 1.74232e-007
1.08039e-008 5.47304e-009 0.0293807
59
1
-1.14649 11.6822 -0.0586168
-0.00106403 0.00197953 0.0299668
60
1
-1.14306 11.675 -0.118646
-0.00118905 0.00519656 0.031632
61
1
-1.13731 11.6636 -0.177882
-0.00197581 0.00785556 0.0329708
62
1
-1.12837 11.6488 -0.237523
-0.00622228 0.00999442 0.0330028
63
1
-1.11533 11.6317 -0.295766
-0.00803242 0.0112607 0.0325025
64
1
-1.09783 11.613 -0.351889
-0.0104263 0.0124499 0.0303317
65
1
-1.07597 11.5937 -0.404991
-0.0138953 0.010442 0.0256611
66
1
-1.04984 11.5749 -0.454868
-0.0154294 0.00838177 0.0225225
67
1
-1.01998 11.5559 -0.500747
-0.0182584 0.00930335 0.0252809
68
1
-0.986859 11.5344 -0.543484
-0.0197628 0.0109121 0.0236893
69
1
-0.951612 11.5105 -0.581919
-0.0177872 0.0108286 0.0171191
70
1
-0.915669 11.485 -0.614039
-0.0189251 0.0114738 0.0158042
71
1
-0.878938 11.4582 -0.640835
-0.0211068 0.0147135 0.0133583
72
1
-0.843626 11.4302 -0.661934
-0.0176739 0.0151566 0.00812389
73
1
-0.810336 11.402 -0.679009
-0.0150843 0.013454 0.00572137
74
1
-0.778477 11.3727 -0.692968
-0.0168264 0.0140831 0.00469317
75
1
-0.748518 11.3417 -0.704319
-0.0169167 0.0151853 0.00338972
76
1
-0.721478 11.3093 -0.712913
-0.0125781 0.01395 0.00238783
77
1
-0.696734 11.2749 -0.720451
-0.0108966 0.0147127 0.00183172
78
1
-0.673711 11.237 -0.727388
-0.0110631 0.0195229 0.000889279
79
1
-0.653963 11.1961 -0.734236
-0.00820357 0.0219368 0.00116082
80
1
-0.638226 11.1532 -0.743307
-0.00577758 0.0218985 0.00429347
81
1
-0.62627 11.1081 -0.756433
-0.00559511 0.0236223 0.00769034
82
1
-0.617612 11.061 -0.772658
-0.00341439 0.0256766 0.00923845
83
1
-0.613098 11.0137 -0.791779
0.000551774 0.0270449 0.0124284
84
1
-0.61285 10.9647 -0.812675
0.00239589 0.0254988 0.0135142
85
1
-0.61771 10.9145 -0.834768
0.00382002 0.0218678 0.010265
86
1
-0.627499 10.8654 -0.857695
0.00717216 0.0221343 0.0106213
87
1
-0.639665 10.8153 -0.882736
0.00969472 0.024525 0.0134123
88
1
-0.652247 10.7627 -0.909513
0.00781633 0.0232467 0.01148
89
1
-0.663257 10.7098 -0.938294
0.00457712 0.0256887 0.0142835
90
1
-0.671812 10.6566 -0.971711
0.0027697 0.0285874 0.0182832
91
1
-0.677965 10.6022 -1.00912
0.00435974 0.0261226 0.0184012
92
1
-0.68189 10.545 -1.04922
0.00410691 0.0237907 0.0173604
93
1
-0.681948 10.4786 -1.09406
-0.003322 0.0382558 0.0272239
94
1
-0.67373 10.4032 -1.1446
-0.0101421 0.0421795 0.0297058
95
1
-0.659097 10.3279 -1.1998
-0.00731443 0.0313987 0.0273054
96
1
-0.641587 10.2528 -1.25997
-0.00545983 0.0396968 0.03282
97
1
-0.623929 10.1759 -1.31636
-0.00789638 0.0450166 0.0289683
98
1
-0.60152 10.0958 -1.36751
-0.0106951 0.0355685 0.0238493
99
1
-0.568518 10.0129 -1.40951
-0.0177702 0.0430607 0.0177972
100
1
-0.517376 9.92362 -1.43997
-0.0319334 0.0503378 0.0134135
101
1
-0.448081 9.84649 -1.45607
-0.0409291 0.030157 0.00138188
102
1
-0.358813 9.78742 -1.45748
-0.0461798 0.0188597 -0.00562209
103
1
-0.250892 9.72162 -1.43186
-0.0488618 0.0277807 -0.0253408
104
1
-0.113289 9.5958 -1.38364
-0.0348902 0.0567413 -0.0087713
105
1
-0.132981 6.36849 -0.059935
0.0464072 -0.0101134 0.00765977
106
1
-0.543835 12.523 -0.0693731
-0.0213657 0.0515237 -0.0081065
107
1
0.543834 12.523 -0.069379
-0.0213622 -0.0515234 0.00809804
108
1
0.132839 6.36841 -0.0596726
0.0464137 0.0101439 -0.00776183
109
1
0.113288 9.5958 -1.38364
-0.0348902 -0.0567412 0.00877134
110
1
0.250892 9.72162 -1.43186
-0.0488618 -0.0277807 0.0253407
111
1
0.358813 9.78742 -1.45748
-0.0461799 -0.0188597 0.00562206
112
1
0.448081 9.84649 -1.45607
-0.0409292 -0.030157 -0.00138191
113
1
0.517376 9.92362 -1.43997
-0.0319334 -0.0503379 -0.0134136
114
1
0.568517 10.0129 -1.40951
-0.0177702 -0.0430608 -0.0177972
115
1
0.601519 10.0958 -1.36751
-0.0106951 -0.0355685 -0.0238493
116
1
0.623929 10.1759 -1.31636
-0.00789638 -0.0450167 -0.0289683
117
1
0.641586 10.2528 -1.25997
-0.00545984 -0.0396968 -0.03282
118
1
0.659096 10.3279 -1.1998
-0.00731444 -0.0313987 -0.0273054
119
1
0.67373 10.4032 -1.1446
-0.0101421 -0.0421795 -0.0297058
120
1
0.681947 10.4786 -1.09406
-0.00332202 -0.0382558 -0.0272239
121
1
0.681889 10.545 -1.04922
0.0041069 -0.0237907 -0.0173604
122
1
0.677965 10.6022 -1.00912
0.00435973 -0.0261226 -0.0184012
123
1
0.671812 10.6566 -0.971711
0.00276969 -0.0285874 -0.0182832
124
1
0.663257 10.7098 -0.938294
0.00457712 -0.0256887 -0.0142835
125
1
0.652247 10.7627 -0.909513
0.00781632 -0.0232467 -0.01148
126
1
0.639665 10.8153 -0.882736
0.00969472 -0.024525 -0.0134123
127
1
0.627499 10.8654 -0.857695
0.00717216 -0.0221343 -0.0106214
128
1
0.61771 10.9145 -0.834768
0.00382002 -0.0218678 -0.010265
129
1
0.61285 10.9647 -0.812675
0.00239589 -0.0254988 -0.0135142
130
1
0.613098 11.0137 -0.791779
0.00055177 -0.0270449 -0.0124284
131
1
0.617612 11.061 -0.772658
-0.00341439 -0.0256766 -0.00923845
132
1
0.62627 11.1081 -0.756433
-0.00559511 -0.0236223 -0.00769034
133
1
0.638226 11.1532 -0.743306
-0.00577758 -0.0218985 -0.00429347
134
1
0.653962 11.1961 -0.734236
-0.00820357 -0.0219368 -0.00116082
135
1
0.673711 11.237 -0.727388
-0.0110631 -0.0195229 -0.000889274
136
1
0.696734 11.2749 -0.720451
-0.0108966 -0.0147127 -0.00183171
137
1
0.721478 11.3093 -0.712913
-0.0125781 -0.01395 -0.00238782
138
1
0.748518 11.3417 -0.704319
-0.0169167 -0.0151853 -0.00338971
139
1
0.778477 11.3727 -0.692968
-0.0168264 -0.0140831 -0.00469316
140
1
0.810336 11.402 -0.679009
-0.0150843 -0.013454 -0.00572136
141
1
0.843626 11.4302 -0.661934
-0.0176738 -0.0151566 -0.00812388
142
1
0.878938 11.4582 -0.640835
-0.0211068 -0.0147135 -0.0133583
143
1
0.915669 11.485 -0.61404
-0.0189251 -0.0114738 -0.0158042
144
1
0.951612 11.5105 -0.581919
-0.0177872 -0.0108286 -0.0171191
145
1
0.986859 11.5344 -0.543484
-0.0197628 -0.0109121 -0.0236892
146
1
1.01998 11.5559 -0.500747
-0.0182584 -0.00930334 -0.0252809
147
1
1.04984 11.5749 -0.454869
-0.0154294 -0.00838176 -0.0225225
148
1
1.07597 11.5937 -0.404991
-0.0138954 -0.010442 -0.0256611
149
1
1.09783 11.613 -0.351889
-0.0104264 -0.0124499 -0.0303317
150
1
1.11533 11.6317 -0.295766
-0.00803243 -0.0112606 -0.0325025
151
1
1.12837 11.6488 -0.237523
-0.0062223 -0.00999441 -0.0330028
152
1
1.13731 11.6636 -0.177882
-0.00197583 -0.00785555 -0.0329708
153
1
1.14306 11.675 -0.118646
-0.00118907 -0.00519655 -0.031632
154
1
1.14649 11.6822 -0.0586172
-0.00106405 -0.00197952 -0.0299668
155
1
1.14768 11.6844 -1.7268e-007
-1.09017e-008 5.37955e-009 -0.0293807
156
1
1.14649 11.6822 0.0586168
0.00106403 0.00197953 -0.0299668
157
1
1.14306 11.675 0.118646
0.00118905 0.00519656 -0.031632
158
1
1.13731 11.6636 0.177882
0.00197581 0.00785556 -0.0329708
159
1
1.12837 11.6488 0.237523
0.00622228 0.00999442 -0.0330028
160
1
1.11533 11.6317 0.295766
0.00803242 0.0112607 -0.0325025
161
1
1.09783 11.613 0.351889
0.0104263 0.0124499 -0.0303317
162
1
1.07597 11.5937 0.404991
0.0138953 0.010442 -0.0256611
163
1
1.04984 11.5749 0.454868
0.0154294 0.00838177 -0.0225225
164
1
1.01998 11.5559 0.500747
0.0182584 0.00930335 -0.0252809
165
1
0.986859 11.5344 0.543484
0.0197628 0.0109121 -0.0236893
166
1
0.951612 11.5105 0.581919
0.0177872 0.0108286 -0.0171191
167
1
0.915669 11.485 0.614039
0.0189251 0.0114738 -0.0158042
168
1
0.878938 11.4582 0.640835
0.0211068 0.0147135 -0.0133583
169
1
0.843626 11.4302 0.661934
0.0176739 0.0151566 -0.00812389
170
1
0.810336 11.402 0.679009
0.0150843 0.013454 -0.00572137
171
1
0.778477 11.3727 0.692968
0.0168264 0.0140831 -0.00469317
172
1
0.748518 11.3417 0.704319
0.0169167 0.0151853 -0.00338972
173
1
0.721478 11.3093 0.712913
0.0125781 0.01395 -0.00238783
174
1
0.696734 11.2749 0.720451
0.0108966 0.0147127 -0.00183172
175
1
0.673711 11.237 0.727388
0.0110631 0.0195229 -0.000889279
176
1
0.653963 11.1961 0.734236
0.00820357 0.0219368 -0.00116082
177
1
0.638226 11.1532 0.743307
0.00577758 0.0218985 -0.00429347
178
1
0.62627 11.1081 0.756433
0.00559511 0.0236223 -0.00769034
179
1
0.617612 11.061 0.772658
0.00341439 0.0256766 -0.00923845
180
1
0.613098 11.0137 0.791779
-0.000551774 0.0270449 -0.0124284
181
1
0.61285 10.9647 0.812675
-0.00239589 0.0254988 -0.0135142
182
1
0.61771 10.9145 0.834768
-0.00382002 0.0218678 -0.010265
183
1
0.627499 10.8654 0.857695
-0.00717216 0.0221343 -0.0106213
184
1
0.639665 10.8153 0.882736
-0.00969472 0.024525 -0.0134123
185
1
0.652247 10.7627 0.909513
-0.00781633 0.0232467 -0.01148
186
1
0.663257 10.7098 0.938294
-0.00457712 0.0256887 -0.0142835
187
1
0.671812 10.6566 0.971711
-0.0027697 0.0285874 -0.0182832
188
1
0.677965 10.6022 1.00912
-0.00435974 0.0261226 -0.0184012
189
1
0.68189 10.545 1.04922
-0.00410691 0.0237907 -0.0173604
190
1
0.681948 10.4786 1.09406
0.003322 0.0382558 -0.0272239
191
1
0.67373 10.4032 1.1446
0.0101421 0.0421795 -0.0297058
192
1
0.659097 10.3279 1.1998
0.00731443 0.0313987 -0.0273054
193
1
0.641587 10.2528 1.25997
0.00545983 0.0396968 -0.03282
