194
0
1
0.638321 10.149 1.28541
0.00631569 0.0460859 -0.0268008
1
1
0.617959 10.0673 1.33188
0.00920471 0.0364481 -0.0216368
2
1
0.586089 9.98318 1.3702
0.0174525 0.0439285 -0.0150726
3
1
0.534263 9.89366 1.39946
0.0325688 0.0513848 -0.0111272
4
1
0.46308 9.8169 1.41566
0.041676 0.0303916 -0.00355713
5
1
0.371867 9.75883 1.41615
0.0473712 0.0179933 0.00177115
6
1
0.258591 9.69953 1.39501
0.0526769 0.0231461 0.0239919
7
1
0.115382 9.58413 1.33683
0.0344249 0.0523559 0.0186673
8
1
0.126352 6.41632 0.0603437
-0.0467656 -0.00487759 -0.00732004
9
1
0.59548 12.479 0.0681253
0.0148858 0.0559496 0.00810361
10
1
-0.595479 12.479 0.0681342
0.0148835 -0.0559492 -0.00809747
11
1
-0.126255 6.41624 0.060098
-0.046763 0.00490136 0.00739592
12
1
-0.115382 9.58413 1.33683
0.0344249 -0.0523558 -0.0186673
13
1
-0.258591 9.69953 1.39501
0.0526769 -0.0231461 -0.0239919
14
1
-0.371866 9.75883 1.41615
0.0473712 -0.0179933 -0.00177112
15
1
-0.463079 9.8169 1.41566
0.041676 -0.0303916 0.00355715
16
1
-0.534263 9.89366 1.39946
0.0325688 -0.0513848 0.0111272
17
1
-0.586088 9.98318 1.3702
0.0174525 -0.0439285 0.0150726
18
1
-0.617959 10.0673 1.33188
0.00920471 -0.0364481 0.0216368
19
1
-0.63832 10.149 1.28541
0.00631569 -0.0460859 0.0268008
20
1
-0.653543 10.2285 1.23428
0.00349376 -0.0402071 0.0314804
21
1
-0.668198 10.306 1.17895
0.00597387 -0.0311335 0.0270909
22
1
-0.679922 10.3807 1.12422
0.00961514 -0.0413596 0.0297813
23
1
-0.685497 10.4542 1.07259
0.00314485 -0.0379271 0.0264354
24
1
-0.683982 10.5196 1.02857
-0.00431592 -0.0240222 0.0161261
25
1
-0.67957 10.5778 0.992329
-0.00470242 -0.026282 0.0170732
26
1
-0.67444 10.6335 0.95914
-0.0029919 -0.0285404 0.0170441
27
1
-0.667323 10.6876 0.929304
-0.00443458 -0.0258514 0.0128315
28
1
-0.656212 10.7408 0.9039
-0.00746827 -0.0237584 0.00946076
29
1
-0.64312 10.794 0.881549
-0.00929919 -0.0251312 0.0106721
30
1
-0.631469 10.8449 0.860826
-0.00696193 -0.0227139 0.00823165
31
1
-0.622275 10.8941 0.840734
-0.0038019 -0.0222305 0.0082065
32
1
-0.617085 10.9441 0.82155
-0.00260612 -0.0255989 0.0112888
33
1
-0.617084 10.9931 0.804024
-0.000756285 -0.0269656 0.010488
34
1
-0.622719 11.0401 0.788347
0.00364518 -0.0252892 0.00786928
35
1
-0.632918 11.0862 0.774661
0.00633228 -0.0229062 0.00668643
36
1
-0.647406 11.1297 0.763573
0.00689309 -0.0209129 0.00357735
37
1
-0.664788 11.1711 0.755579
0.00979439 -0.0207869 0.000795961
38
1
-0.685953 11.2107 0.74902
0.0128256 -0.0184533 0.00102375
39
1
-0.711069 11.2472 0.742014
0.0122558 -0.0138723 0.00232467
40
1
-0.738417 11.2796 0.733233
0.0137686 -0.0130903 0.00318225
41
1
-0.767922 11.3097 0.722312
0.0181882 -0.0141431 0.00451142
42
1
-0.800521 11.3384 0.709381
0.017954 -0.0130616 0.00570523
43
1
-0.834561 11.3659 0.694516
0.0160194 -0.0125136 0.00649083
44
1
-0.869519 11.3929 0.676477
0.0185914 -0.0142283 0.00888741
45
1
-0.905465 11.4202 0.653343
0.0218082 -0.0141042 0.014267
46
1
-0.942403 11.4466 0.624413
0.0191572 -0.01131 0.0166978
47
1
-0.977855 11.4712 0.589375
0.0176526 -0.0108547 0.0179248
48
1
-1.01242 11.494 0.548278
0.0192393 -0.0110605 0.0246997
49
1
-1.0448 11.5145 0.503287
0.0175978 -0.00931474 0.0263632
50
1
-1.07495 11.533 0.456116
0.0149901 -0.00824822 0.0234433
51
1
-1.10258 11.5512 0.405421
0.0139217 -0.0104903 0.0264059
52
1
-1.12604 11.5705 0.351623
0.0110126 -0.0129128 0.0307187
53
1
-1.14531 11.59 0.295184
0.0089396 -0.0118644 0.0326408
54
1
-1.16021 11.608 0.236838
0.00724324 -0.0106644 0.0330334
55
1
-1.17038 11.6236 0.177155
0.00293709 -0.00857245 0.0327982
56
1
-1.17635 11.6358 0.118007
0.00190271 -0.00575046 0.0313939
57
1
-1.17953 11.6435 0.0582373
0.00138229 -0.00221808 0.0297357
58
1
-1.18074 11.6461 9.01397e-008
7.68891e-009 3.27712e-009 0.0291737
59
1
-1.17953 11.6435 -0.0582372
-0.00138228 0.00221809 0.0297357
60
1
-1.17635 11.6358 -0.118007
-0.00190269 0.00575047 0.0313939
61
1
-1.17038 11.6236 -0.177155
-0.00293708 0.00857246 0.0327982
62
1
-1.16021 11.608 -0.236838
-0.00724323 0.0106645 0.0330334
63
1
-1.14531 11.59 -0.295184
-0.00893959 0.0118644 0.0326408
64
1
-1.12604 11.5705 -0.351623
-0.0110126 0.0129128 0.0307187
65
1
-1.10258 11.5512 -0.405421
-0.0139217 0.0104903 0.0264059
66
1
-1.07495 11.533 -0.456116
-0.0149901 0.00824822 0.0234433
67
1
-1.0448 11.5145 -0.503287
-0.0175978 0.00931475 0.0263632
68
1
-1.01242 11.494 -0.548278
-0.0192393 0.0110605 0.0246997
69
1
-0.977855 11.4712 -0.589375
-0.0176526 0.0108547 0.0179248
70
1
-0.942403 11.4466 -0.624413
-0.0191572 0.01131 0.0166978
71
1
-0.905465 11.4202 -0.653343
-0.0218082 0.0141042 0.014267
72
1
-0.869519 11.3929 -0.676477
-0.0185914 0.0142283 0.00888742
73
1
-0.834561 11.3659 -0.694516
-0.0160194 0.0125136 0.00649083
74
1
-0.800521 11.3384 -0.709381
-0.017954 0.0130617 0.00570523
75
1
-0.767922 11.3097 -0.722312
-0.0181882 0.0141431 0.00451143
76
1
-0.738417 11.2796 -0.733233
-0.0137686 0.0130903 0.00318226
77
1
-0.711069 11.2472 -0.742014
-0.0122558 0.0138723 0.00232468
78
1
-0.685953 11.2107 -0.74902
-0.0128256 0.0184533 0.00102375
79
1
-0.664788 11.1711 -0.755579
-0.00979439 0.0207869 0.000795966
80
1
-0.647407 11.1297 -0.763573
-0.00689309 0.0209129 0.00357736
81
1
-0.632919 11.0862 -0.774661
-0.00633228 0.0229061 0.00668643
82
1
-0.622719 11.0401 -0.788347
-0.00364518 0.0252892 0.00786928
83
1
-0.617084 10.9931 -0.804024
0.000756288 0.0269656 0.010488
84
1
-0.617085 10.9441 -0.82155
0.00260613 0.0255989 0.0112888
85
1
-0.622275 10.8941 -0.840734
0.0038019 0.0222305 0.0082065
86
1
-0.631469 10.8449 -0.860826
0.00696193 0.0227139 0.00823165
87
1
-0.643121 10.794 -0.881549
0.00929919 0.0251312 0.0106721
88
1
-0.656212 10.7408 -0.9039
0.00746828 0.0237584 0.00946076
89
1
-0.667323 10.6876 -0.929304
0.00443458 0.0258514 0.0128315
90
1
-0.674441 10.6335 -0.95914
0.00299191 0.0285404 0.0170441
91
1
-0.679571 10.5778 -0.99233
0.00470243 0.026282 0.0170732
92
1
-0.683983 10.5196 -1.02857
0.00431593 0.0240222 0.0161261
93
1
-0.685497 10.4542 -1.07259
-0.00314484 0.0379271 0.0264354
94
1
-0.679922 10.3807 -1.12422
-0.00961513 0.0413596 0.0297813
95
1
-0.668199 10.306 -1.17895
-0.00597386 0.0311335 0.0270909
96
1
-0.653543 10.2285 -1.23428
-0.00349375 0.040207 0.0314804
97
1
-0.638321 10.149 -1.28541
-0.00631569 0.0460859 0.0268008
98
1
-0.617959 10.0673 -1.33188
-0.00920471 0.0364481 0.0216368
99
1
-0.586089 9.98318 -1.3702
-0.0174525 0.0439285 0.0150726
100
1
-0.534263 9.89366 -1.39946
-0.0325688 0.0513847 0.0111272
101
1
-0.46308 9.8169 -1.41566
-0.041676 0.0303916 0.00355713
102
1
-0.371867 9.75883 -1.41615
-0.0473712 0.0179933 -0.00177115
103
1
-0.258591 9.69953 -1.39501
-0.0526769 0.0231461 -0.0239919
104
1
-0.115382 9.58413 -1.33683
-0.0344249 0.0523559 -0.0186673
105
1
-0.126352 6.41632 -0.0603381
0.0467654 -0.00487764 0.00732076
106
1
-0.59548 12.479 -0.0681253
-0.0148858 0.0559496 -0.00810362
107
1
0.595479 12.479 -0.0681342
-0.0148835 -0.0559492 0.00809747
108
1
0.126254 6.41624 -0.0600924
0.0467628 0.00490142 -0.00739664
109
1
0.115382 9.58413 -1.33683
-0.0344249 -0.0523558 0.0186673
110
1
0.258591 9.69953 -1.39501
-0.0526769 -0.0231461 0.0239919
111
1
0.371866 9.75883 -1.41615
-0.0473712 -0.0179933 0.00177112
112
1
0.463079 9.8169 -1.41566
-0.041676 -0.0303916 -0.00355715
113
1
0.534263 9.89366 -1.39946
-0.0325688 -0.0513848 -0.0111272
114
1
0.586088 9.98318 -1.3702
-0.0174525 -0.0439285 -0.0150726
115
1
0.617959 10.0673 -1.33188
-0.00920471 -0.0364481 -0.0216368
116
1
0.63832 10.149 -1.28541
-0.00631569 -0.0460859 -0.0268008
117
1
0.653543 10.2285 -1.23428
-0.00349376 -0.0402071 -0.0314804
118
1
0.668198 10.306 -1.17895
-0.00597387 -0.0311335 -0.0270909
119
1
0.679922 10.3807 -1.12422
-0.00961514 -0.0413596 -0.0297813
120
1
0.685497 10.4542 -1.07259
-0.00314485 -0.0379271 -0.0264354
121
1
0.683982 10.5196 -1.02857
0.00431592 -0.0240222 -0.0161261
122
1
0.67957 10.5778 -0.992329
0.00470242 -0.026282 -0.0170732
123
1
0.67444 10.6335 -0.95914
0.0029919 -0.0285404 -0.0170441
124
1
0.667323 10.6876 -0.929304
0.00443458 -0.0258514 -0.0128315
125
1
0.656212 10.7408 -0.9039
0.00746827 -0.0237584 -0.00946076
126
1
0.64312 10.794 -0.881549
0.00929919 -0.0251312 -0.0106721
127
1
0.631469 10.8449 -0.860826
0.00696193 -0.0227139 -0.00823165
128
1
0.622275 10.8941 -0.840734
0.0038019 -0.0222305 -0.0082065
129
1
0.617085 10.9441 -0.82155
0.00260612 -0.0255989 -0.0112888
130
1
0.617084 10.9931 -0.804024
0.000756285 -0.0269656 -0.010488
131
1
0.622719 11.0401 -0.788347
-0.00364518 -0.0252892 -0.00786928
132
1
0.632918 11.0862 -0.774661
-0.00633228 -0.0229062 -0.00668643
133
1
0.647406 11.1297 -0.763573
-0.00689309 -0.0209129 -0.00357735
134
1
0.664788 11.1711 -0.755579
-0.00979439 -0.0207869 -0.000795962
135
1
0.685953 11.2107 -0.74902
-0.0128256 -0.0184533 -0.00102375
136
1
0.711069 11.2472 -0.742014
-0.0122558 -0.0138723 -0.00232467
137
1
0.738417 11.2796 -0.733233
-0.0137686 -0.0130903 -0.00318225
138
1
0.767922 11.3097 -0.722312
-0.0181882 -0.0141431 -0.00451142
139
1
0.800521 11.3384 -0.709381
-0.017954 -0.0130616 -0.00570523
140
1
0.834561 11.3659 -0.694516
-0.0160194 -0.0125136 -0.00649083
141
1
0.869519 11.3929 -0.676477
-0.0185914 -0.0142283 -0.00888741
142
1
0.905465 11.4202 -0.653343
-0.0218082 -0.0141042 -0.014267
143
1
0.942403 11.4466 -0.624413
-0.0191572 -0.01131 -0.0166978
144
1
0.977855 11.4712 -0.589375
-0.0176526 -0.0108547 -0.0179248
145
1
1.01242 11.494 -0.548278
-0.0192393 -0.0110605 -0.0246997
146
1
1.0448 11.5145 -0.503287
-0.0175978 -0.00931474 -0.0263632
147
1
1.07495 11.533 -0.456116
-0.0149901 -0.00824822 -0.0234433
148
1
1.10258 11.5512 -0.405421
-0.0139217 -0.0104903 -0.0264059
149
1
1.12604 11.5705 -0.351623
-0.0110126 -0.0129128 -0.0307187
150
1
1.14531 11.59 -0.295184
-0.0089396 -0.0118644 -0.0326408
151
1
1.16021 11.608 -0.236838
-0.00724324 -0.0106644 -0.0330334
152
1
1.17038 11.6236 -0.177155
-0.00293709 -0.00857245 -0.0327982
153
1
1.17635 11.6358 -0.118007
-0.00190271 -0.00575046 -0.0313939
154
1
1.17953 11.6435 -0.0582373
-0.00138229 -0.00221808 -0.0297357
155
1
1.18074 11.6461 -8.79538e-008
-7.79793e-009 3.23428e-009 -0.0291737
156
1
1.17953 11.6435 0.0582372
0.00138228 0.00221809 -0.0297357
157
1
1.17635 11.6358 0.118007
0.00190269 0.00575047 -0.0313939
158
1
1.17038 11.6236 0.177155
0.00293708 0.00857246 -0.0327982
159
1
1.16021 11.608 0.236838
0.00724323 0.0106645 -0.0330334
160
1
1.14531 11.59 0.295184
0.00893959 0.0118644 -0.0326408
161
1
1.12604 11.5705 0.351623
0.0110126 0.0129128 -0.0307187
162
1
1.10258 11.5512 0.405421
0.0139217 0.0104903 -0.0264059
163
1
1.07495 11.533 0.456116
0.0149901 0.00824822 -0.0234433
164
1
1.0448 11.5145 0.503287
0.0175978 0.00931475 -0.0263632
165
1
1.01242 11.494 0.548278
0.0192393 0.0110605 -0.0246997
166
1
0.977855 11.4712 0.589375
0.0176526 0.0108547 -0.0179248
167
1
0.942403 11.4466 0.624413
0.0191572 0.01131 -0.0166978
168
1
0.905465 11.4202 0.653343
0.0218082 0.0141042 -0.014267
169
1
0.869519 11.3929 0.676477
0.0185914 0.0142283 -0.00888742
170
1
0.834561 11.3659 0.694516
0.0160194 0.0125136 -0.00649083
171
1
0.800521 11.3384 0.709381
0.017954 0.0130617 -0.00570523
172
1
0.767922 11.3097 0.722312
0.0181882 0.0141431 -0.00451143
173
1
0.738417 11.2796 0.733233
0.0137686 0.0130903 -0.00318226
174
1
0.711069 11.2472 0.742014
0.0122558 0.0138723 -0.00232468
175
1
0.685953 11.2107 0.74902
0.0128256 0.0184533 -0.00102375
176
1
0.664788 11.1711 0.755579
0.00979439 0.0207869 -0.000795966
177
1
0.647407 11.1297 0.763573
0.00689309 0.0209129 -0.00357736
178
1
0.632919 11.0862 0.774661
0.00633228 0.0229061 -0.00668642
179
1
0.622719 11.0401 0.788347
0.00364518 0.0252892 -0.00786928
180
1
0.617084 10.9931 0.804024
-0.000756288 0.0269656 -0.010488
181
1
0.617085 10.9441 0.82155
-0.00260613 0.0255989 -0.0112888
182
1
0.622275 10.8941 0.840734
-0.0038019 0.0222305 -0.0082065
183
1
0.631469 10.8449 0.860826
-0.00696193 0.0227139 -0.00823165
184
1
0.643121 10.794 0.881549
-0.00929919 0.0251312 -0.010672
185
1
0.656212 10.7408 0.9039
-0.00746828 0.0237584 -0.00946076
186
1
0.667323 10.6876 0.929304
-0.00443458 0.0258514 -0.0128315
187
1
0.674441 10.6335 0.95914
-0.00299191 0.0285404 -0.0170441
188
1
0.679571 10.5778 0.99233
-0.00470243 0.026282 -0.0170732
189
1
0.683983 10.5196 1.02857
-0.00431593 0.0240222 -0.0161261
190
1
0.685497 10.4542 1.07259
0.00314484 0.0379271 -0.0264354
191
1
0.679922 10.3807 1.12422
0.00961513 0.0413596 -0.0297813
192
1
0.668199 10.306 1.17895
0.00597386 0.0311335 -0.0270909
193
1
0.653543 10.2285 1.23428
0.00349375 0.040207 -0.0314804
