194
0
1
0.85532 12.6678 3.02677
-0.00572772 0.0133948 -0.0258773
1
1
0.850819 12.6264 3.07534
0.00325663 0.0151023 -0.0199823
2
1
0.815812 12.57 3.13691
0.0382682 0.0382474 -0.0285645
3
1
0.756252 12.5132 3.19024
0.0403831 0.0299603 -0.0214398
4
1
0.674171 12.4583 3.23182
0.0546464 0.0263399 -0.016472
5
1
0.593019 12.4133 3.26339
0.0211464 0.00879408 -0.0103744
6
1
0.451583 12.3666 3.31875
0.0677256 0.015828 -0.0271814
7
1
0.210018 12.3214 3.39517
0.0744864 0.00829552 -0.0149233
8
1
0.823286 6.23897 0.0949395
0.0449794 -0.0229032 -0.00428458
9
1
0.710752 11.5952 0.573303
0.0634401 0.031025 0.0131816
10
1
-0.662654 11.681 -0.645205
0.0404084 0.0238141 0.0607379
11
1
-0.833451 6.23448 0.0142842
0.0427572 0.0228958 0.013572
12
1
-0.208787 12.3214 3.39467
0.0743246 -0.00812586 0.0149376
13
1
-0.448755 12.3667 3.31899
0.0673767 -0.015492 0.02657
14
1
-0.588273 12.4136 3.26561
0.0207475 -0.00877708 0.00987647
15
1
-0.667588 12.4592 3.23649
0.053405 -0.0263937 0.0146836
16
1
-0.746747 12.5156 3.19755
0.03851 -0.0318628 0.019747
17
1
-0.802251 12.574 3.14644
0.0356801 -0.0397841 0.0266131
18
1
-0.833777 12.6297 3.08671
0.0024183 -0.0142723 0.019742
19
1
-0.837336 12.6692 3.0393
-0.00656018 -0.0116919 0.0256681
20
1
-0.826247 12.7034 2.97681
-0.0235195 -0.0167079 0.0402495
21
1
-0.804065 12.734 2.90467
-0.00476326 -0.0142311 0.026998
22
1
-0.771766 12.7677 2.81791
-0.0265116 -0.0213799 0.0627805
23
1
-0.73833 12.8001 2.7377
-0.0175436 -0.0185106 0.0311085
24
1
-0.716334 12.8275 2.67397
0.00076621 -0.0079478 0.0087711
25
1
-0.69811 12.855 2.62468
-0.00481405 -0.0109308 0.0168738
26
1
-0.690498 12.8786 2.56509
-0.00847693 -0.00481326 0.0343971
27
1
-0.683653 12.8916 2.50603
0.00320366 -0.0170241 0.051709
28
1
-0.67814 12.9072 2.43972
-0.00265542 -0.0143204 0.0383399
29
1
-0.671742 12.915 2.37789
-0.00663095 -0.000275179 0.0268872
30
1
-0.664038 12.9139 2.32545
-0.00347055 0.00864476 0.0180788
31
1
-0.657194 12.9079 2.27902
-0.00181392 0.00912853 0.014572
32
1
-0.651853 12.8998 2.23254
-0.00281797 0.00461294 0.011874
33
1
-0.645535 12.8935 2.18533
-0.000882888 0.000773984 0.0281432
34
1
-0.637746 12.889 2.13449
-0.00390677 -0.0013932 0.0304481
35
1
-0.627161 12.8856 2.07784
-0.00778165 0.00257268 0.0222339
36
1
-0.61366 12.8812 2.01714
-0.00993009 0.000408096 0.0374765
37
1
-0.600648 12.8768 1.95238
-0.0064147 0.00280514 0.0457737
38
1
-0.590145 12.872 1.88756
-0.000319488 0.00765931 0.0298974
39
1
-0.58111 12.8677 1.82546
-0.00211869 0.00439835 0.0165324
40
1
-0.569103 12.8662 1.76303
-0.0110275 -0.00281621 0.0325213
41
1
-0.555405 12.8737 1.69994
-0.0163718 -0.0110886 0.0554091
42
1
-0.552041 12.8832 1.6374
0.00185138 -0.0102581 0.0538904
43
1
-0.552155 12.8863 1.57303
0.0163569 0.00233278 0.0509734
44
1
-0.555422 12.8949 1.5122
-0.00589052 0.000520995 0.00922606
45
1
-0.547275 12.9071 1.44798
0.0188072 -0.0230985 0.0549372
46
1
-0.532936 12.9142 1.39011
-0.00511079 0.0120681 0.076812
47
1
-0.517279 12.9174 1.34774
-0.0375241 -0.00385242 0.00539372
48
1
-0.492329 12.9152 1.28757
-0.0137281 -0.0217607 0.0171007
49
1
-0.465369 12.9141 1.2137
-0.000354921 0.00255777 0.0165583
50
1
-0.434275 12.9223 1.16057
-0.0375043 -0.0333889 0.0595858
51
1
-0.389342 12.9748 1.1432
0.0146463 -0.00639926 0.0105631
52
1
-0.314173 12.9606 1.1928
-0.020409 -0.0380543 -0.0454343
53
1
-0.361707 12.7777 0.996219
0.0524917 0.0182659 0.0546153
54
1
-0.417359 12.7739 0.901812
0.0420438 -0.00773382 0.0651487
55
1
-0.481568 12.6512 0.820076
-0.0206028 0.00601625 -0.0102359
56
1
0.356995 15.2792 1.34953
-0.0417925 -0.0377779 0.0500857
57
1
-0.189903 13.5001 0.00870663
-0.0406391 -0.0190547 -0.0172036
58
1
0.0525351 16.6119 0.0316216
0.0328185 0.0271648 -0.0448457
59
1
-0.185829 13.5078 -0.0485045
0.042236 0.0162233 -0.00760297
60
1
-0.456368 15.2461 -1.41445
-0.0233437 -0.0399807 0.0609318
61
1
-0.452777 12.6091 -1.0156
0.00933398 -0.00957356 -0.0129558
62
1
-0.267903 12.678 -1.01748
-0.0524351 -0.00162236 0.0576175
63
1
-0.136652 12.749 -1.1267
-0.0572393 -0.0352847 0.0393764
64
1
-0.130926 12.997 -1.2484
0.0722199 0.00559171 -0.0285073
65
1
-0.183943 12.9682 -1.20089
-0.0525276 0.0267017 0.0403309
66
1
-0.204812 12.9115 -1.24388
0.00475094 0.0228662 0.0679007
67
1
-0.216008 12.8866 -1.28876
0.0125564 -0.00274747 0.0429613
68
1
-0.276516 12.8939 -1.33289
-0.00126224 0.0257027 -0.0058899
69
1
-0.30789 12.8938 -1.37849
0.0473884 -0.0127052 0.0276739
70
1
-0.336352 12.896 -1.4238
0.0215603 -0.0248072 0.0706513
71
1
-0.366958 12.8955 -1.48494
-0.000320605 0.0184156 0.0450041
72
1
-0.391438 12.8991 -1.5631
0.0118493 -0.00788014 0.0394649
73
1
-0.407326 12.9041 -1.62461
-0.00185709 -0.0104314 0.0596118
74
1
-0.418131 12.9115 -1.69309
0.0121898 0.00548185 0.0478488
75
1
-0.437755 12.9084 -1.75626
0.0206315 0.00354251 0.0403613
76
1
-0.460276 12.9159 -1.81592
0.0108645 -0.00260573 0.0253516
77
1
-0.479538 12.9223 -1.87296
0.00477266 -0.00689129 0.0179076
78
1
-0.501193 12.932 -1.92897
0.00674366 -0.00969232 0.0275784
79
1
-0.525222 12.9424 -1.98639
0.0146309 -0.00420857 0.0357547
80
1
-0.551436 12.9492 -2.0426
0.0176909 -0.000118814 0.0300279
81
1
-0.577191 12.9531 -2.0965
0.01477 -0.000457913 0.0216852
82
1
-0.599192 12.9539 -2.14818
0.0097497 0.00301477 0.0263317
83
1
-0.617525 12.9552 -2.19568
0.00557221 0.000428281 0.0250144
84
1
-0.633579 12.9582 -2.24137
0.00576887 -0.00375725 0.0131684
85
1
-0.648422 12.9631 -2.28784
0.00503878 -0.00785206 0.0165617
86
1
-0.663587 12.966 -2.33489
0.00725476 -0.00701382 0.0199406
87
1
-0.679177 12.9633 -2.38712
0.010651 0.00189737 0.0267587
88
1
-0.691773 12.951 -2.44658
0.00507524 0.0150437 0.0339373
89
1
-0.701734 12.9307 -2.51007
-0.00126238 0.0204666 0.046974
90
1
-0.711496 12.9122 -2.56862
0.00934614 0.00986961 0.0362105
91
1
-0.721896 12.8839 -2.62648
0.0056919 0.0125025 0.0174103
92
1
-0.741906 12.8532 -2.67489
-0.000234514 0.00863663 0.00915228
93
1
-0.763364 12.8205 -2.73598
0.016561 0.0210254 0.0288639
94
1
-0.794784 12.7821 -2.8124
0.0245494 0.0255145 0.0550722
95
1
-0.824356 12.742 -2.89346
0.00495956 0.0168261 0.0265161
96
1
-0.845145 12.7056 -2.96424
0.0227614 0.0203945 0.0408132
97
1
-0.855315 12.6678 -3.02677
0.00572791 0.0133947 0.0258772
98
1
-0.850815 12.6264 -3.07534
-0.00325643 0.0151023 0.0199825
99
1
-0.815809 12.57 -3.13691
-0.0382679 0.0382472 0.0285654
100
1
-0.75625 12.5132 -3.19024
-0.040383 0.0299602 0.0214405
101
1
-0.674169 12.4583 -3.23182
-0.0546463 0.0263402 0.0164726
102
1
-0.593017 12.4133 -3.26338
-0.0211464 0.00879416 0.0103745
103
1
-0.451581 12.3666 -3.31875
-0.0677256 0.0158282 0.0271817
104
1
-0.210016 12.3214 -3.39517
-0.0744864 0.00829561 0.0149233
105
1
-0.823434 6.23896 -0.0942475
-0.0449649 -0.0229012 0.00436405
106
1
-0.710296 11.5955 -0.573305
-0.0634197 0.0310579 -0.0132387
107
1
0.663224 11.6807 0.645297
-0.0404623 0.0238536 -0.0606802
108
1
0.833506 6.23447 -0.0135728
-0.0427275 0.0228924 -0.0136464
109
1
0.208788 12.3214 -3.39466
-0.0743247 -0.00812601 -0.0149377
110
1
0.448757 12.3667 -3.31899
-0.0673768 -0.0154923 -0.0265704
111
1
0.588276 12.4136 -3.26561
-0.0207476 -0.00877718 -0.00987671
112
1
0.667591 12.4592 -3.23648
-0.0534051 -0.026394 -0.0146845
113
1
0.746749 12.5156 -3.19755
-0.0385102 -0.0318625 -0.0197479
114
1
0.802254 12.574 -3.14643
-0.0356803 -0.0397839 -0.0266142
115
1
0.83378 12.6297 -3.0867
-0.0024183 -0.0142724 -0.0197422
116
1
0.837339 12.6692 -3.03929
0.00656017 -0.011692 -0.0256681
117
1
0.82625 12.7035 -2.9768
0.0235196 -0.0167084 -0.0402496
118
1
0.804068 12.734 -2.90466
0.00476344 -0.0142314 -0.0269981
119
1
0.771769 12.7677 -2.8179
0.0265111 -0.0213804 -0.0627792
120
1
0.738334 12.8001 -2.73769
0.0175434 -0.018511 -0.0311084
121
1
0.716339 12.8275 -2.67397
-0.000766142 -0.00794791 -0.0087714
122
1
0.698114 12.855 -2.62467
0.00481397 -0.0109309 -0.016874
123
1
0.690502 12.8786 -2.56508
0.00847643 -0.00481364 -0.0343972
124
1
0.683659 12.8916 -2.50602
-0.00320412 -0.0170244 -0.0517088
125
1
0.678145 12.9072 -2.43971
0.00265525 -0.0143207 -0.0383401
126
1
0.671748 12.915 -2.37788
0.006631 -0.000275526 -0.0268876
127
1
0.664044 12.9139 -2.32544
0.00347065 0.00864443 -0.0180791
128
1
0.6572 12.9079 -2.27901
0.00181401 0.00912816 -0.0145722
129
1
0.651859 12.8998 -2.23253
0.00281801 0.00461252 -0.0118742
130
1
0.645541 12.8935 -2.18532
0.000882983 0.000773099 -0.0281432
131
1
0.637752 12.889 -2.13448
0.00390669 -0.00139417 -0.0304481
132
1
0.627167 12.8856 -2.07783
0.00778138 0.00257177 -0.0222335
133
1
0.613667 12.8812 -2.01712
0.00992952 0.000406175 -0.0374765
134
1
0.600655 12.8768 -1.95237
0.00641402 0.00280213 -0.0457738
135
1
0.590153 12.872 -1.88755
0.0003191 0.00765676 -0.0298972
136
1
0.581118 12.8677 -1.82545
0.00211841 0.00439648 -0.0165324
137
1
0.569111 12.8663 -1.76302
0.0110278 -0.00282173 -0.0325222
138
1
0.55541 12.8737 -1.69993
0.0163736 -0.0110997 -0.0554108
139
1
0.552043 12.8833 -1.63739
-0.00184878 -0.0102673 -0.0538901
140
1
0.552153 12.8863 -1.57302
-0.0163518 0.00232818 -0.0509672
141
1
0.555411 12.895 -1.5122
0.00589357 0.000520563 -0.00922601
142
1
0.547243 12.9072 -1.44799
-0.0187952 -0.023088 -0.0549099
143
1
0.532902 12.9143 -1.39012
0.00512016 0.012067 -0.0768116
144
1
0.517252 12.9175 -1.34774
0.0375309 -0.00385738 -0.0053953
145
1
0.492308 12.9152 -1.28756
0.0137175 -0.0217607 -0.0171455
146
1
0.465317 12.914 -1.21367
0.000347547 0.00253972 -0.0165911
147
1
0.434218 12.9222 -1.16051
0.0374442 -0.0334112 -0.059611
148
1
0.389335 12.975 -1.14298
-0.0147543 -0.00639722 -0.0105117
149
1
0.314161 12.9608 -1.19273
0.0204708 -0.0379516 0.0454034
150
1
0.361681 12.7778 -0.996118
-0.0524878 0.018259 -0.0546214
151
1
0.417475 12.7741 -0.901518
-0.0421063 -0.00769722 -0.0651127
152
1
0.48146 12.6513 -0.819803
0.0207482 0.00594191 0.0101999
153
1
-0.356926 15.2792 -1.34958
0.0417749 -0.0377865 -0.0500968
154
1
0.189891 13.5001 -0.00870652
0.0406407 -0.0190553 0.0172027
155
1
-0.0525282 16.6119 -0.0315832
-0.0328184 0.0271641 0.0448462
156
1
0.185818 13.5078 0.0485053
-0.0422355 0.0162225 0.00760367
157
1
0.456414 15.2461 1.41443
0.0233592 -0.0399869 -0.0609199
158
1
0.452819 12.6092 1.01558
-0.0092978 -0.00955431 0.0129548
159
1
0.267955 12.678 1.01749
0.0524326 -0.0016136 -0.0576201
160
1
0.136744 12.749 1.12665
0.0572485 -0.0352533 -0.0393912
161
1
0.130875 12.997 1.24833
-0.0721547 0.00557591 0.0285306
162
1
0.183918 12.9682 1.20085
0.0525114 0.0266562 -0.0403389
163
1
0.204818 12.9116 1.24382
-0.00481021 0.0229103 -0.0679055
164
1
0.216054 12.8866 1.28871
-0.0125743 -0.00272364 -0.0429466
165
1
0.27653 12.8939 1.33287
0.00125193 0.025696 0.0058781
166
1
0.307899 12.8938 1.37848
-0.0473888 -0.0126747 -0.0276759
167
1
0.33636 12.896 1.4238
-0.0215654 -0.0247937 -0.0706545
168
1
0.366967 12.8955 1.48494
0.000320626 0.0184168 -0.0450086
169
1
0.391444 12.8991 1.5631
-0.0118461 -0.00788191 -0.0394621
170
1
0.407331 12.9041 1.62461
0.00185842 -0.0104316 -0.0596139
171
1
0.418135 12.9115 1.69309
-0.01219 0.00548096 -0.0478508
172
1
0.437759 12.9084 1.75626
-0.0206319 0.00354115 -0.0403628
173
1
0.460279 12.9159 1.81593
-0.0108643 -0.0026065 -0.0253523
174
1
0.479541 12.9223 1.87297
-0.00477228 -0.00689154 -0.0179077
175
1
0.501195 12.932 1.92898
-0.00674302 -0.00969286 -0.0275784
176
1
0.525224 12.9424 1.9864
-0.0146303 -0.00420946 -0.0357544
177
1
0.551437 12.9492 2.04261
-0.017691 -0.000119644 -0.0300277
178
1
0.577192 12.9531 2.0965
-0.0147706 -0.000458353 -0.0216858
179
1
0.599194 12.9539 2.14819
-0.00974989 0.00301417 -0.0263318
180
1
0.617527 12.9552 2.19569
-0.00557225 0.000427722 -0.0250145
181
1
0.633581 12.9582 2.24138
-0.00576896 -0.00375756 -0.0131685
182
1
0.648425 12.9631 2.28785
-0.00503888 -0.00785224 -0.0165617
183
1
0.66359 12.966 2.3349
-0.00725489 -0.00701387 -0.0199404
184
1
0.67918 12.9633 2.38713
-0.0106511 0.00189738 -0.0267582
185
1
0.691777 12.951 2.44659
-0.00507555 0.0150438 -0.0339367
186
1
0.701738 12.9307 2.51008
0.00126174 0.0204671 -0.0469737
187
1
0.711501 12.9122 2.56863
-0.00934677 0.00987017 -0.0362107
188
1
0.721901 12.8839 2.62649
-0.00569202 0.0125028 -0.0174103
189
1
0.741911 12.8532 2.6749
0.000234566 0.00863666 -0.00915208
190
1
0.763369 12.8205 2.73598
-0.016561 0.0210256 -0.0288637
191
1
0.794789 12.7821 2.81241
-0.0245494 0.0255148 -0.0550724
192
1
0.824361 12.742 2.89347
-0.00495933 0.0168261 -0.0265161
193
1
0.84515 12.7056 2.96425
-0.022761 0.0203947 -0.0408131
