194
0
1
1.22815 6.21353 1.08673
0.0227949 -0.00565328 0.03964
1
1
1.1808 6.22423 1.00794
0.0223447 -0.0061081 0.0430475
2
1
1.13326 6.23447 0.916776
0.0217432 -0.00524666 0.0494011
3
1
1.08661 6.24113 0.815031
0.0232211 -0.00178183 0.05481
4
1
1.03971 6.2378 0.699533
0.0220509 0.00650473 0.0599163
5
1
0.995829 6.21801 0.569119
0.0193261 0.015352 0.0724574
6
1
0.9623 6.17369 0.413349
0.0117248 0.0243625 0.0730811
7
1
0.919777 6.10261 0.209378
0.0157038 0.0343571 0.068153
8
1
0.703847 5.95215 0.0845066
0.0297955 0.0235689 -0.0131067
9
1
0.0505947 7.90137 0.628736
0.00100892 0.0146243 -0.0765308
10
1
-0.0505947 7.90137 0.628736
0.00100892 -0.0146243 0.0765308
11
1
-0.703847 5.95215 0.0845066
0.0297955 -0.0235689 0.0131067
12
1
-0.919777 6.10261 0.209378
0.0157038 -0.0343571 -0.068153
13
1
-0.9623 6.17369 0.413349
0.0117248 -0.0243625 -0.0730811
14
1
-0.995829 6.21801 0.569119
0.0193261 -0.015352 -0.0724574
15
1
-1.03971 6.2378 0.699533
0.0220509 -0.00650473 -0.0599163
16
1
-1.08661 6.24113 0.815031
0.0232211 0.00178183 -0.05481
17
1
-1.13326 6.23447 0.916776
0.0217432 0.00524666 -0.0494011
18
1
-1.1808 6.22423 1.00794
0.0223447 0.0061081 -0.0430475
19
1
-1.22815 6.21353 1.08673
0.0227949 0.00565328 -0.03964
20
1
-1.27506 6.20298 1.15374
0.022127 0.00552824 -0.0321654
21
1
-1.3219 6.19152 1.20896
0.0221875 0.00537502 -0.0250135
22
1
-1.36888 6.1787 1.25268
0.0237319 0.00661445 -0.0201928
23
1
-1.41719 6.16338 1.28746
0.0238475 0.00714308 -0.0154364
24
1
-1.46633 6.14599 1.31321
0.0243922 0.00798274 -0.0115234
25
1
-1.51563 6.12755 1.33023
0.024598 0.00981209 -0.00732059
26
1
-1.5648 6.10914 1.33976
0.0231218 0.0101616 -0.00282561
27
1
-1.61321 6.09148 1.34314
0.0229569 0.00979766 0.00043251
28
1
-1.66132 6.07436 1.34186
0.0237705 0.00967488 0.00216793
29
1
-1.70952 6.05796 1.33622
0.0236857 0.00908488 0.00421958
30
1
-1.75731 6.0425 1.32604
0.0235643 0.00842137 0.00646759
31
1
-1.8045 6.02822 1.31191
0.0235488 0.00722821 0.00801521
32
1
-1.85108 6.01596 1.294
0.0230262 0.00564643 0.00974863
33
1
-1.89682 6.00625 1.27248
0.0226286 0.0045872 0.0118491
34
1
-1.9417 5.99941 1.24814
0.0222826 0.00310703 0.0129724
35
1
-1.9858 5.99551 1.22192
0.021405 0.000937863 0.0136799
36
1
-2.02913 5.99436 1.19404
0.0205205 -0.000418276 0.0144278
37
1
-2.07205 5.99495 1.16403
0.0203508 -0.00105635 0.0152815
38
1
-2.1154 5.99665 1.13154
0.0208962 -0.00210674 0.0168618
39
1
-2.15934 5.9996 1.09632
0.0214976 -0.00306573 0.0187503
40
1
-2.20301 6.00354 1.05845
0.0219063 -0.00295695 0.0200501
41
1
-2.24568 6.00793 1.01818
0.0219016 -0.00277737 0.0208934
42
1
-2.28735 6.01321 0.975832
0.021168 -0.00349654 0.0218545
43
1
-2.32821 6.01918 0.931393
0.0204938 -0.0041926 0.0230242
44
1
-2.36813 6.02582 0.884213
0.0202388 -0.00432501 0.0244897
45
1
-2.4066 6.03305 0.83312
0.019483 -0.00450821 0.0266749
46
1
-2.44321 6.04045 0.777983
0.0180685 -0.0044389 0.0292662
47
1
-2.47744 6.04742 0.719336
0.0168413 -0.00356566 0.0314199
48
1
-2.50915 6.05364 0.657754
0.015581 -0.00239827 0.0333097
49
1
-2.53858 6.05881 0.594059
0.0142226 -0.00174236 0.0348112
50
1
-2.56544 6.0633 0.52909
0.0130962 -0.00189411 0.0349248
51
1
-2.58988 6.06783 0.463613
0.0120241 -0.00243135 0.0344699
52
1
-2.61189 6.07277 0.397759
0.0106274 -0.00290518 0.0341156
53
1
-2.63129 6.0782 0.33169
0.00920395 -0.00286222 0.0339145
54
1
-2.64792 6.08357 0.265551
0.00792372 -0.00238415 0.0339269
55
1
-2.66124 6.08859 0.199279
0.00643061 -0.00239795 0.0342082
56
1
-2.67104 6.09294 0.13298
0.00444669 -0.00275603 0.0342989
57
1
-2.67689 6.09604 0.0665052
0.00218874 -0.00215666 0.0338809
58
1
-2.67887 6.09732 -1.18428e-012
-1.7278e-014 2.0895e-015 0.0335454
59
1
-2.67689 6.09604 -0.0665052
-0.00218874 0.00215666 0.0338809
60
1
-2.67104 6.09294 -0.13298
-0.00444669 0.00275603 0.0342989
61
1
-2.66124 6.08859 -0.199279
-0.00643061 0.00239795 0.0342082
62
1
-2.64792 6.08357 -0.265551
-0.00792372 0.00238415 0.0339269
63
1
-2.63129 6.0782 -0.33169
-0.00920395 0.00286222 0.0339145
64
1
-2.61189 6.07277 -0.397759
-0.0106274 0.00290518 0.0341156
65
1
-2.58988 6.06783 -0.463613
-0.0120241 0.00243135 0.0344699
66
1
-2.56544 6.0633 -0.52909
-0.0130962 0.00189411 0.0349248
67
1
-2.53858 6.05881 -0.594059
-0.0142226 0.00174236 0.0348112
68
1
-2.50915 6.05364 -0.657754
-0.015581 0.00239827 0.0333097
69
1
-2.47744 6.04742 -0.719336
-0.0168413 0.00356566 0.0314199
70
1
-2.44321 6.04045 -0.777983
-0.0180685 0.0044389 0.0292662
71
1
-2.4066 6.03305 -0.83312
-0.019483 0.00450821 0.0266749
72
1
-2.36813 6.02582 -0.884213
-0.0202388 0.00432501 0.0244897
73
1
-2.32821 6.01918 -0.931393
-0.0204938 0.0041926 0.0230242
74
1
-2.28735 6.01321 -0.975832
-0.021168 0.00349654 0.0218545
75
1
-2.24568 6.00793 -1.01818
-0.0219016 0.00277737 0.0208934
76
1
-2.20301 6.00354 -1.05845
-0.0219063 0.00295695 0.0200501
77
1
-2.15934 5.9996 -1.09632
-0.0214976 0.00306573 0.0187503
78
1
-2.1154 5.99665 -1.13154
-0.0208962 0.00210674 0.0168618
79
1
-2.07205 5.99495 -1.16403
-0.0203508 0.00105635 0.0152815
80
1
-2.02913 5.99436 -1.19404
-0.0205205 0.000418276 0.0144278
81
1
-1.9858 5.99551 -1.22192
-0.021405 -0.000937863 0.0136799
82
1
-1.9417 5.99941 -1.24814
-0.0222826 -0.00310703 0.0129724
83
1
-1.89682 6.00625 -1.27248
-0.0226286 -0.0045872 0.0118491
84
1
-1.85108 6.01596 -1.294
-0.0230262 -0.00564643 0.00974863
85
1
-1.8045 6.02822 -1.31191
-0.0235488 -0.00722821 0.00801521
86
1
-1.75731 6.0425 -1.32604
-0.0235643 -0.00842137 0.00646759
87
1
-1.70952 6.05796 -1.33622
-0.0236857 -0.00908488 0.00421958
88
1
-1.66132 6.07436 -1.34186
-0.0237705 -0.00967488 0.00216793
89
1
-1.61321 6.09148 -1.34314
-0.0229569 -0.00979766 0.00043251
90
1
-1.5648 6.10914 -1.33976
-0.0231218 -0.0101616 -0.00282561
91
1
-1.51563 6.12755 -1.33023
-0.024598 -0.00981209 -0.00732059
92
1
-1.46633 6.14599 -1.31321
-0.0243922 -0.00798274 -0.0115234
93
1
-1.41719 6.16338 -1.28746
-0.0238475 -0.00714308 -0.0154364
94
1
-1.36888 6.1787 -1.25268
-0.0237319 -0.00661445 -0.0201928
95
1
-1.3219 6.19152 -1.20896
-0.0221875 -0.00537502 -0.0250135
96
1
-1.27506 6.20298 -1.15374
-0.022127 -0.00552824 -0.0321654
97
1
-1.22815 6.21353 -1.08673
-0.0227949 -0.00565328 -0.03964
98
1
-1.1808 6.22423 -1.00794
-0.0223447 -0.0061081 -0.0430475
99
1
-1.13326 6.23447 -0.916776
-0.0217432 -0.00524666 -0.0494011
100
1
-1.08661 6.24113 -0.815031
-0.0232211 -0.00178183 -0.05481
101
1
-1.03971 6.2378 -0.699533
-0.0220509 0.00650473 -0.0599163
102
1
-0.995829 6.21801 -0.569119
-0.0193261 0.015352 -0.0724574
103
1
-0.9623 6.17369 -0.413349
-0.0117248 0.0243625 -0.0730811
104
1
-0.919777 6.10261 -0.209378
-0.0157038 0.0343571 -0.068153
105
1
-0.703847 5.95215 -0.0845066
-0.0297955 0.0235689 0.0131067
106
1
-0.0505947 7.90137 -0.628736
-0.00100892 0.0146243 0.0765308
107
1
0.0505947 7.90137 -0.628736
-0.00100892 -0.0146243 -0.0765308
108
1
0.703847 5.95215 -0.0845066
-0.0297955 -0.0235689 -0.0131067
109
1
0.919777 6.10261 -0.209378
-0.0157038 -0.0343571 0.068153
110
1
0.9623 6.17369 -0.413349
-0.0117248 -0.0243625 0.0730811
111
1
0.995829 6.21801 -0.569119
-0.0193261 -0.015352 0.0724574
112
1
1.03971 6.2378 -0.699533
-0.0220509 -0.00650473 0.0599163
113
1
1.08661 6.24113 -0.815031
-0.0232211 0.00178183 0.05481
114
1
1.13326 6.23447 -0.916776
-0.0217432 0.00524666 0.0494011
115
1
1.1808 6.22423 -1.00794
-0.0223447 0.0061081 0.0430475
116
1
1.22815 6.21353 -1.08673
-0.0227949 0.00565328 0.03964
117
1
1.27506 6.20298 -1.15374
-0.022127 0.00552824 0.0321654
118
1
1.3219 6.19152 -1.20896
-0.0221875 0.00537502 0.0250135
119
1
1.36888 6.1787 -1.25268
-0.0237319 0.00661445 0.0201928
120
1
1.41719 6.16338 -1.28746
-0.0238475 0.00714308 0.0154364
121
1
1.46633 6.14599 -1.31321
-0.0243922 0.00798274 0.0115234
122
1
1.51563 6.12755 -1.33023
-0.024598 0.00981209 0.00732059
123
1
1.5648 6.10914 -1.33976
-0.0231218 0.0101616 0.00282561
124
1
1.61321 6.09148 -1.34314
-0.0229569 0.00979766 -0.00043251
125
1
1.66132 6.07436 -1.34186
-0.0237705 0.00967488 -0.00216793
126
1
1.70952 6.05796 -1.33622
-0.0236857 0.00908488 -0.00421958
127
1
1.75731 6.0425 -1.32604
-0.0235643 0.00842137 -0.00646759
128
1
1.8045 6.02822 -1.31191
-0.0235488 0.00722821 -0.00801521
129
1
1.85108 6.01596 -1.294
-0.0230262 0.00564643 -0.00974863
130
1
1.89682 6.00625 -1.27248
-0.0226286 0.0045872 -0.0118491
131
1
1.9417 5.99941 -1.24814
-0.0222826 0.00310703 -0.0129724
132
1
1.9858 5.99551 -1.22192
-0.021405 0.000937863 -0.0136799
133
1
2.02913 5.99436 -1.19404
-0.0205205 -0.000418276 -0.0144278
134
1
2.07205 5.99495 -1.16403
-0.0203508 -0.00105635 -0.0152815
135
1
2.1154 5.99665 -1.13154
-0.0208962 -0.00210674 -0.0168618
136
1
2.15934 5.9996 -1.09632
-0.0214976 -0.00306573 -0.0187503
137
1
2.20301 6.00354 -1.05845
-0.0219063 -0.00295695 -0.0200501
138
1
2.24568 6.00793 -1.01818
-0.0219016 -0.00277737 -0.0208934
139
1
2.28735 6.01321 -0.975832
-0.021168 -0.00349654 -0.0218545
140
1
2.32821 6.01918 -0.931393
-0.0204938 -0.0041926 -0.0230242
141
1
2.36813 6.02582 -0.884213
-0.0202388 -0.00432501 -0.0244897
142
1
2.4066 6.03305 -0.83312
-0.019483 -0.00450821 -0.0266749
143
1
2.44321 6.04045 -0.777983
-0.0180685 -0.0044389 -0.0292662
144
1
2.47744 6.04742 -0.719336
-0.0168413 -0.00356566 -0.0314199
145
1
2.50915 6.05364 -0.657754
-0.015581 -0.00239827 -0.0333097
146
1
2.53858 6.05881 -0.594059
-0.0142226 -0.00174236 -0.0348112
147
1
2.56544 6.0633 -0.52909
-0.0130962 -0.00189411 -0.0349248
148
1
2.58988 6.06783 -0.463613
-0.0120241 -0.00243135 -0.0344699
149
1
2.61189 6.07277 -0.397759
-0.0106274 -0.00290518 -0.0341156
150
1
2.63129 6.0782 -0.33169
-0.00920395 -0.00286222 -0.0339145
151
1
2.64792 6.08357 -0.265551
-0.00792372 -0.00238415 -0.0339269
152
1
2.66124 6.08859 -0.199279
-0.00643061 -0.00239795 -0.0342082
153
1
2.67104 6.09294 -0.13298
-0.00444669 -0.00275603 -0.0342989
154
1
2.67689 6.09604 -0.0665052
-0.00218874 -0.00215666 -0.0338809
155
1
2.67887 6.09732 1.27127e-012
1.77832e-014 2.60946e-015 -0.0335454
156
1
2.67689 6.09604 0.0665052
0.00218874 0.00215666 -0.0338809
157
1
2.67104 6.09294 0.13298
0.00444669 0.00275603 -0.0342989
158
1
2.66124 6.08859 0.199279
0.00643061 0.00239795 -0.0342082
159
1
2.64792 6.08357 0.265551
0.00792372 0.00238415 -0.0339269
160
1
2.63129 6.0782 0.33169
0.00920395 0.00286222 -0.0339145
161
1
2.61189 6.07277 0.397759
0.0106274 0.00290518 -0.0341156
162
1
2.58988 6.06783 0.463613
0.0120241 0.00243135 -0.0344699
163
1
2.56544 6.0633 0.52909
0.0130962 0.00189411 -0.0349248
164
1
2.53858 6.05881 0.594059
0.0142226 0.00174236 -0.0348112
165
1
2.50915 6.05364 0.657754
0.015581 0.00239827 -0.0333097
166
1
2.47744 6.04742 0.719336
0.0168413 0.00356566 -0.0314199
167
1
2.44321 6.04045 0.777983
0.0180685 0.0044389 -0.0292662
168
1
2.4066 6.03305 0.83312
0.019483 0.00450821 -0.0266749
169
1
2.36813 6.02582 0.884213
0.0202388 0.00432501 -0.0244897
170
1
2.32821 6.01918 0.931393
0.0204938 0.0041926 -0.0230242
171
1
2.28735 6.01321 0.975832
0.021168 0.00349654 -0.0218545
172
1
2.24568 6.00793 1.01818
0.0219016 0.00277737 -0.0208934
173
1
2.20301 6.00354 1.05845
0.0219063 0.00295695 -0.0200501
174
1
2.15934 5.9996 1.09632
0.0214976 0.00306573 -0.0187503
175
1
2.1154 5.99665 1.13154
0.0208962 0.00210674 -0.0168618
176
1
2.07205 5.99495 1.16403
0.0203508 0.00105635 -0.0152815
177
1
2.02913 5.99436 1.19404
0.0205205 0.000418276 -0.0144278
178
1
1.9858 5.99551 1.22192
0.021405 -0.000937863 -0.0136799
179
1
1.9417 5.99941 1.24814
0.0222826 -0.00310703 -0.0129724
180
1
1.89682 6.00625 1.27248
0.0226286 -0.0045872 -0.0118491
181
1
1.85108 6.01596 1.294
0.0230262 -0.00564643 -0.00974863
182
1
1.8045 6.02822 1.31191
0.0235488 -0.00722821 -0.00801521
183
1
1.75731 6.0425 1.32604
0.0235643 -0.00842137 -0.00646759
184
1
1.70952 6.05796 1.33622
0.0236857 -0.00908488 -0.00421958
185
1
1.66132 6.07436 1.34186
0.0237705 -0.00967488 -0.00216793
186
1
1.61321 6.09148 1.34314
0.0229569 -0.00979766 -0.00043251
187
1
1.5648 6.10914 1.33976
0.0231218 -0.0101616 0.00282561
188
1
1.51563 6.12755 1.33023
0.024598 -0.00981209 0.00732059
189
1
1.46633 6.14599 1.31321
0.0243922 -0.00798274 0.0115234
190
1
1.41719 6.16338 1.28746
0.0238475 -0.00714308 0.0154364
191
1
1.36888 6.1787 1.25268
0.0237319 -0.00661445 0.0201928
192
1
1.3219 6.19152 1.20896
0.0221875 -0.00537502 0.0250135
193
1
1.27506 6.20298 1.15374
0.022127 -0.00552824 0.0321654
