194
0
1
1.35974 6.68944 1.0223
0.0312625 0.00598588 0.0347545
1
1
1.30026 6.67583 0.950389
0.0272825 0.00910324 0.0395522
2
1
1.24597 6.6533 0.864104
0.0241045 0.0147255 0.0468212
3
1
1.19831 6.62219 0.764892
0.0219922 0.0157813 0.0539174
4
1
1.15172 6.58497 0.650683
0.0235037 0.0179157 0.059211
5
1
1.09741 6.54078 0.524618
0.029434 0.0268309 0.0669746
6
1
1.02445 6.48021 0.382507
0.0356956 0.0343395 0.0601538
7
1
0.920287 6.39169 0.199602
0.0394923 0.027368 0.0601386
8
1
0.701872 6.16537 0.0895447
0.0342832 0.0272589 -0.0105504
9
1
0.0491293 8.53494 0.734585
0.000921431 0.00686142 -0.0776139
10
1
-0.0491293 8.53494 0.734585
0.000921431 -0.00686142 0.0776139
11
1
-0.701872 6.16537 0.0895447
0.0342832 -0.0272589 0.0105504
12
1
-0.920287 6.39169 0.199602
0.0394923 -0.027368 -0.0601386
13
1
-1.02445 6.48021 0.382507
0.0356956 -0.0343395 -0.0601538
14
1
-1.09741 6.54078 0.524618
0.029434 -0.0268309 -0.0669746
15
1
-1.15172 6.58497 0.650683
0.0235037 -0.0179157 -0.059211
16
1
-1.19831 6.62219 0.764892
0.0219922 -0.0157813 -0.0539174
17
1
-1.24597 6.6533 0.864104
0.0241045 -0.0147255 -0.0468212
18
1
-1.30026 6.67583 0.950389
0.0272825 -0.00910324 -0.0395522
19
1
-1.35974 6.68944 1.0223
0.0312625 -0.00598588 -0.0347545
20
1
-1.42108 6.69707 1.08212
0.0313147 -0.00214714 -0.0275212
21
1
-1.48184 6.69971 1.1326
0.0297089 0.000877546 -0.022377
22
1
-1.53982 6.69768 1.17596
0.0293943 0.00361228 -0.0198541
23
1
-1.5973 6.69126 1.21423
0.0284881 0.00424879 -0.0165924
24
1
-1.65429 6.6819 1.24682
0.0287249 0.00421006 -0.0145007
25
1
-1.70992 6.67099 1.27374
0.0278614 0.00519222 -0.0133572
26
1
-1.76373 6.65893 1.29561
0.0249927 0.00575887 -0.0106624
27
1
-1.81507 6.64626 1.31219
0.0241249 0.00595832 -0.00760194
28
1
-1.86478 6.63272 1.3237
0.0248404 0.00652726 -0.00540698
29
1
-1.91357 6.61809 1.33042
0.0244089 0.00706393 -0.00246119
30
1
-1.96125 6.60255 1.33217
0.0237527 0.00781347 0.000536598
31
1
-2.00748 6.58575 1.32859
0.0232951 0.00816219 0.00271015
32
1
-2.05189 6.56811 1.32008
0.0221602 0.00827278 0.00500539
33
1
-2.09414 6.55042 1.30702
0.0210269 0.00902276 0.00752257
34
1
-2.13407 6.53309 1.28962
0.0197745 0.00920754 0.00944847
35
1
-2.17141 6.51648 1.26818
0.0175213 0.00823504 0.0115465
36
1
-2.20637 6.50103 1.24321
0.0156527 0.0076445 0.013533
37
1
-2.23945 6.48701 1.21433
0.0149575 0.00745218 0.0151203
38
1
-2.27105 6.47421 1.18121
0.0143933 0.00647767 0.0175273
39
1
-2.30157 6.46301 1.14411
0.0137313 0.00486463 0.0203365
40
1
-2.33083 6.45441 1.10338
0.0137331 0.00356444 0.0219842
41
1
-2.35854 6.4489 1.0595
0.0135709 0.00221665 0.0230085
42
1
-2.38515 6.44574 1.01297
0.0124847 0.00072333 0.0246184
43
1
-2.41075 6.44412 0.963587
0.0117999 -6.60756e-005 0.0262996
44
1
-2.436 6.44347 0.911161
0.0122271 -0.000353341 0.0276515
45
1
-2.46158 6.44389 0.855304
0.012822 -0.000712237 0.0293869
46
1
-2.48733 6.44508 0.79607
0.0133477 -0.00111384 0.0311814
47
1
-2.51324 6.44734 0.734459
0.0141975 -0.00178249 0.0321965
48
1
-2.53936 6.45089 0.671379
0.0145934 -0.00265878 0.0330422
49
1
-2.56439 6.45535 0.607136
0.0137105 -0.00324471 0.0340639
50
1
-2.58695 6.46033 0.542061
0.0117328 -0.00341129 0.0344189
51
1
-2.60601 6.46513 0.476216
0.00929872 -0.00306365 0.0345359
52
1
-2.62134 6.46954 0.409459
0.00685782 -0.00255274 0.0347027
53
1
-2.63336 6.47347 0.342014
0.00508101 -0.00230514 0.0347275
54
1
-2.6424 6.47681 0.274225
0.00388741 -0.0019594 0.034758
55
1
-2.64874 6.47929 0.206197
0.00239704 -0.00123624 0.0351817
56
1
-2.6522 6.48047 0.1379
0.000482725 -0.000425 0.0355603
57
1
-2.65337 6.48083 0.0691015
-0.00060056 -0.00012358 0.0353362
58
1
-2.6536 6.48077 -1.64158e-011
-3.37037e-013 3.02982e-013 0.035047
59
1
-2.65337 6.48083 -0.0691015
0.00060056 0.00012358 0.0353362
60
1
-2.6522 6.48047 -0.1379
-0.000482725 0.000425 0.0355603
61
1
-2.64874 6.47929 -0.206197
-0.00239704 0.00123624 0.0351817
62
1
-2.6424 6.47681 -0.274225
-0.00388741 0.0019594 0.034758
63
1
-2.63336 6.47347 -0.342014
-0.00508101 0.00230514 0.0347275
64
1
-2.62134 6.46954 -0.409459
-0.00685782 0.00255274 0.0347027
65
1
-2.60601 6.46513 -0.476216
-0.00929872 0.00306365 0.0345359
66
1
-2.58695 6.46033 -0.542061
-0.0117328 0.00341129 0.0344189
67
1
-2.56439 6.45535 -0.607136
-0.0137105 0.00324471 0.0340639
68
1
-2.53936 6.45089 -0.671379
-0.0145934 0.00265878 0.0330422
69
1
-2.51324 6.44734 -0.734459
-0.0141975 0.00178249 0.0321965
70
1
-2.48733 6.44508 -0.79607
-0.0133477 0.00111384 0.0311814
71
1
-2.46158 6.44389 -0.855304
-0.012822 0.000712237 0.0293869
72
1
-2.436 6.44347 -0.911161
-0.0122271 0.000353341 0.0276515
73
1
-2.41075 6.44412 -0.963587
-0.0117999 6.60756e-005 0.0262996
74
1
-2.38515 6.44574 -1.01297
-0.0124847 -0.00072333 0.0246184
75
1
-2.35854 6.4489 -1.0595
-0.0135709 -0.00221665 0.0230085
76
1
-2.33083 6.45441 -1.10338
-0.0137331 -0.00356444 0.0219842
77
1
-2.30157 6.46301 -1.14411
-0.0137313 -0.00486463 0.0203365
78
1
-2.27105 6.47421 -1.18121
-0.0143933 -0.00647767 0.0175273
79
1
-2.23945 6.48701 -1.21433
-0.0149575 -0.00745218 0.0151203
80
1
-2.20637 6.50103 -1.24321
-0.0156527 -0.0076445 0.013533
81
1
-2.17141 6.51648 -1.26818
-0.0175213 -0.00823504 0.0115465
82
1
-2.13407 6.53309 -1.28962
-0.0197745 -0.00920754 0.00944847
83
1
-2.09414 6.55042 -1.30702
-0.0210269 -0.00902276 0.00752257
84
1
-2.05189 6.56811 -1.32008
-0.0221602 -0.00827278 0.00500539
85
1
-2.00748 6.58575 -1.32859
-0.0232951 -0.00816219 0.00271015
86
1
-1.96125 6.60255 -1.33217
-0.0237527 -0.00781347 0.000536598
87
1
-1.91357 6.61809 -1.33042
-0.0244089 -0.00706393 -0.00246119
88
1
-1.86478 6.63272 -1.3237
-0.0248404 -0.00652726 -0.00540698
89
1
-1.81507 6.64626 -1.31219
-0.0241249 -0.00595832 -0.00760194
90
1
-1.76373 6.65893 -1.29561
-0.0249927 -0.00575887 -0.0106624
91
1
-1.70992 6.67099 -1.27374
-0.0278614 -0.00519222 -0.0133572
92
1
-1.65429 6.6819 -1.24682
-0.0287249 -0.00421006 -0.0145007
93
1
-1.5973 6.69126 -1.21423
-0.0284881 -0.00424879 -0.0165924
94
1
-1.53982 6.69768 -1.17596
-0.0293943 -0.00361228 -0.0198541
95
1
-1.48184 6.69971 -1.1326
-0.0297089 -0.000877546 -0.022377
96
1
-1.42108 6.69707 -1.08212
-0.0313147 0.00214714 -0.0275212
97
1
-1.35974 6.68944 -1.0223
-0.0312625 0.00598588 -0.0347545
98
1
-1.30026 6.67583 -0.950389
-0.0272825 0.00910324 -0.0395522
99
1
-1.24597 6.6533 -0.864104
-0.0241045 0.0147255 -0.0468212
100
1
-1.19831 6.62219 -0.764892
-0.0219922 0.0157813 -0.0539174
101
1
-1.15172 6.58497 -0.650683
-0.0235037 0.0179157 -0.059211
102
1
-1.09741 6.54078 -0.524618
-0.029434 0.0268309 -0.0669746
103
1
-1.02445 6.48021 -0.382507
-0.0356956 0.0343395 -0.0601538
104
1
-0.920287 6.39169 -0.199602
-0.0394923 0.027368 -0.0601386
105
1
-0.701872 6.16537 -0.0895447
-0.0342832 0.0272589 0.0105504
106
1
-0.0491293 8.53494 -0.734585
-0.000921431 0.00686142 0.0776139
107
1
0.0491293 8.53494 -0.734585
-0.000921431 -0.00686142 -0.0776139
108
1
0.701872 6.16537 -0.0895447
-0.0342832 -0.0272589 -0.0105504
109
1
0.920287 6.39169 -0.199602
-0.0394923 -0.027368 0.0601386
110
1
1.02445 6.48021 -0.382507
-0.0356956 -0.0343395 0.0601538
111
1
1.09741 6.54078 -0.524618
-0.029434 -0.0268309 0.0669746
112
1
1.15172 6.58497 -0.650683
-0.0235037 -0.0179157 0.059211
113
1
1.19831 6.62219 -0.764892
-0.0219922 -0.0157813 0.0539174
114
1
1.24597 6.6533 -0.864104
-0.0241045 -0.0147255 0.0468212
115
1
1.30026 6.67583 -0.950389
-0.0272825 -0.00910324 0.0395522
116
1
1.35974 6.68944 -1.0223
-0.0312625 -0.00598588 0.0347545
117
1
1.42108 6.69707 -1.08212
-0.0313147 -0.00214714 0.0275212
118
1
1.48184 6.69971 -1.1326
-0.0297089 0.000877546 0.022377
119
1
1.53982 6.69768 -1.17596
-0.0293943 0.00361228 0.0198541
120
1
1.5973 6.69126 -1.21423
-0.0284881 0.00424879 0.0165924
121
1
1.65429 6.6819 -1.24682
-0.0287249 0.00421006 0.0145007
122
1
1.70992 6.67099 -1.27374
-0.0278614 0.00519222 0.0133572
123
1
1.76373 6.65893 -1.29561
-0.0249927 0.00575887 0.0106624
124
1
1.81507 6.64626 -1.31219
-0.0241249 0.00595832 0.00760194
125
1
1.86478 6.63272 -1.3237
-0.0248404 0.00652726 0.00540698
126
1
1.91357 6.61809 -1.33042
-0.0244089 0.00706393 0.00246119
127
1
1.96125 6.60255 -1.33217
-0.0237527 0.00781347 -0.000536598
128
1
2.00748 6.58575 -1.32859
-0.0232951 0.00816219 -0.00271015
129
1
2.05189 6.56811 -1.32008
-0.0221602 0.00827278 -0.00500539
130
1
2.09414 6.55042 -1.30702
-0.0210269 0.00902276 -0.00752257
131
1
2.13407 6.53309 -1.28962
-0.0197745 0.00920754 -0.00944847
132
1
2.17141 6.51648 -1.26818
-0.0175213 0.00823504 -0.0115465
133
1
2.20637 6.50103 -1.24321
-0.0156527 0.0076445 -0.013533
134
1
2.23945 6.48701 -1.21433
-0.0149575 0.00745218 -0.0151203
135
1
2.27105 6.47421 -1.18121
-0.0143933 0.00647767 -0.0175273
136
1
2.30157 6.46301 -1.14411
-0.0137313 0.00486463 -0.0203365
137
1
2.33083 6.45441 -1.10338
-0.0137331 0.00356444 -0.0219842
138
1
2.35854 6.4489 -1.0595
-0.0135709 0.00221665 -0.0230085
139
1
2.38515 6.44574 -1.01297
-0.0124847 0.00072333 -0.0246184
140
1
2.41075 6.44412 -0.963587
-0.0117999 -6.60756e-005 -0.0262996
141
1
2.436 6.44347 -0.911161
-0.0122271 -0.000353341 -0.0276515
142
1
2.46158 6.44389 -0.855304
-0.012822 -0.000712237 -0.0293869
143
1
2.48733 6.44508 -0.79607
-0.0133477 -0.00111384 -0.0311814
144
1
2.51324 6.44734 -0.734459
-0.0141975 -0.00178249 -0.0321965
145
1
2.53936 6.45089 -0.671379
-0.0145934 -0.00265878 -0.0330422
146
1
2.56439 6.45535 -0.607136
-0.0137105 -0.00324471 -0.0340639
147
1
2.58695 6.46033 -0.542061
-0.0117328 -0.00341129 -0.0344189
148
1
2.60601 6.46513 -0.476216
-0.00929872 -0.00306365 -0.0345359
149
1
2.62134 6.46954 -0.409459
-0.00685782 -0.00255274 -0.0347027
150
1
2.63336 6.47347 -0.342014
-0.00508101 -0.00230514 -0.0347275
151
1
2.6424 6.47681 -0.274225
-0.00388741 -0.0019594 -0.034758
152
1
2.64874 6.47929 -0.206197
-0.00239704 -0.00123624 -0.0351817
153
1
2.6522 6.48047 -0.1379
-0.000482725 -0.000425 -0.0355603
154
1
2.65337 6.48083 -0.0691015
0.00060056 -0.00012358 -0.0353362
155
1
2.6536 6.48077 1.93448e-011
3.92451e-013 4.01636e-013 -0.035047
156
1
2.65337 6.48083 0.0691015
-0.00060056 0.00012358 -0.0353362
157
1
2.6522 6.48047 0.1379
0.000482725 0.000425 -0.0355603
158
1
2.64874 6.47929 0.206197
0.00239704 0.00123624 -0.0351817
159
1
2.6424 6.47681 0.274225
0.00388741 0.0019594 -0.034758
160
1
2.63336 6.47347 0.342014
0.00508101 0.00230514 -0.0347275
161
1
2.62134 6.46954 0.409459
0.00685782 0.00255274 -0.0347027
162
1
2.60601 6.46513 0.476216
0.00929872 0.00306365 -0.0345359
163
1
2.58695 6.46033 0.542061
0.0117328 0.00341129 -0.0344189
164
1
2.56439 6.45535 0.607136
0.0137105 0.00324471 -0.0340639
165
1
2.53936 6.45089 0.671379
0.0145934 0.00265878 -0.0330422
166
1
2.51324 6.44734 0.734459
0.0141975 0.00178249 -0.0321965
167
1
2.48733 6.44508 0.79607
0.0133477 0.00111384 -0.0311814
168
1
2.46158 6.44389 0.855304
0.012822 0.000712237 -0.0293869
169
1
2.436 6.44347 0.911161
0.0122271 0.000353341 -0.0276515
170
1
2.41075 6.44412 0.963587
0.0117999 6.60756e-005 -0.0262996
171
1
2.38515 6.44574 1.01297
0.0124847 -0.00072333 -0.0246184
172
1
2.35854 6.4489 1.0595
0.0135709 -0.00221665 -0.0230085
173
1
2.33083 6.45441 1.10338
0.0137331 -0.00356444 -0.0219842
174
1
2.30157 6.46301 1.14411
0.0137313 -0.00486463 -0.0203365
175
1
2.27105 6.47421 1.18121
0.0143933 -0.00647767 -0.0175273
176
1
2.23945 6.48701 1.21433
0.0149575 -0.00745218 -0.0151203
177
1
2.20637 6.50103 1.24321
0.0156527 -0.0076445 -0.013533
178
1
2.17141 6.51648 1.26818
0.0175213 -0.00823504 -0.0115465
179
1
2.13407 6.53309 1.28962
0.0197745 -0.00920754 -0.00944847
180
1
2.09414 6.55042 1.30702
0.0210269 -0.00902276 -0.00752257
181
1
2.05189 6.56811 1.32008
0.0221602 -0.00827278 -0.00500539
182
1
2.00748 6.58575 1.32859
0.0232951 -0.00816219 -0.00271015
183
1
1.96125 6.60255 1.33217
0.0237527 -0.00781347 -0.000536598
184
1
1.91357 6.61809 1.33042
0.0244089 -0.00706393 0.00246119
185
1
1.86478 6.63272 1.3237
0.0248404 -0.00652726 0.00540698
186
1
1.81507 6.64626 1.31219
0.0241249 -0.00595832 0.00760194
187
1
1.76373 6.65893 1.29561
0.0249927 -0.00575887 0.0106624
188
1
1.70992 6.67099 1.27374
0.0278614 -0.00519222 0.0133572
189
1
1.65429 6.6819 1.24682
0.0287249 -0.00421006 0.0145007
190
1
1.5973 6.69126 1.21423
0.0284881 -0.00424879 0.0165924
191
1
1.53982 6.69768 1.17596
0.0293943 -0.00361228 0.0198541
192
1
1.48184 6.69971 1.1326
0.0297089 -0.000877546 0.022377
193
1
1.42108 6.69707 1.08212
0.0313147 0.00214714 0.0275212
