194
0
1
1.01152 9.35137 0.574282
0.0514553 0.00323404 0.012215
1
1
0.910012 9.34114 0.547058
0.0525685 0.00723357 0.0111002
2
1
0.799151 9.32518 0.519765
0.0578349 0.0108582 0.013535
3
1
0.68267 9.30166 0.490083
0.059266 0.0133393 0.0167049
4
1
0.562105 9.26505 0.454665
0.0579298 0.02136 0.0198408
5
1
0.441209 9.20937 0.40719
0.0563284 0.0308971 0.029532
6
1
0.319315 9.12096 0.346322
0.0469547 0.0466471 0.0236867
7
1
0.1616 8.97712 0.29978
0.0495568 0.0554176 0.00541266
8
1
0.447064 6.04433 0.0576995
-0.00910034 -0.0473185 -0.00950544
9
1
0.189838 13.0977 0.0566971
0.0491453 -0.04711 0.00703008
10
1
-0.189838 13.0977 0.0566971
0.0491453 0.04711 -0.00703002
11
1
-0.447079 6.04434 0.0577119
-0.00910307 0.0473126 0.00948785
12
1
-0.1616 8.97712 0.29978
0.0495568 -0.0554176 -0.00541265
13
1
-0.319315 9.12096 0.346322
0.0469547 -0.0466471 -0.0236867
14
1
-0.441209 9.20937 0.40719
0.0563284 -0.0308971 -0.029532
15
1
-0.562105 9.26505 0.454665
0.0579298 -0.02136 -0.0198408
16
1
-0.68267 9.30166 0.490083
0.059266 -0.0133393 -0.0167049
17
1
-0.79915 9.32518 0.519765
0.0578349 -0.0108582 -0.013535
18
1
-0.910012 9.34114 0.547058
0.0525685 -0.00723357 -0.0111002
19
1
-1.01152 9.35137 0.574282
0.0514553 -0.00323404 -0.012215
20
1
-1.1015 9.35619 0.603641
0.0417338 0.000463113 -0.0149921
21
1
-1.1809 9.3573 0.636545
0.035975 0.00113655 -0.015543
22
1
-1.25075 9.35841 0.671625
0.033377 0.000507777 -0.0187994
23
1
-1.31529 9.3634 0.708988
0.0294734 -0.0024722 -0.0196606
24
1
-1.37486 9.37492 0.746284
0.0278345 -0.00699889 -0.0195008
25
1
-1.42972 9.3917 0.78155
0.0257152 -0.00942657 -0.0197456
26
1
-1.4809 9.41173 0.813355
0.0210599 -0.00987402 -0.0169355
27
1
-1.52908 9.4346 0.839975
0.0199966 -0.0122689 -0.0139326
28
1
-1.57577 9.46094 0.862134
0.0223619 -0.0155738 -0.0115144
29
1
-1.62306 9.48982 0.879985
0.0239999 -0.0162352 -0.00773126
30
1
-1.67106 9.51948 0.892562
0.0248117 -0.0146479 -0.00396657
31
1
-1.71955 9.54872 0.899633
0.0253552 -0.0136623 -0.000259146
32
1
-1.7678 9.57727 0.901509
0.024409 -0.0134661 0.00164342
33
1
-1.81517 9.6051 0.898481
0.0237909 -0.0132859 0.00257634
34
1
-1.86175 9.63254 0.891207
0.0247909 -0.0132813 0.0051088
35
1
-1.90707 9.65977 0.880521
0.0235495 -0.012901 0.0060486
36
1
-1.94955 9.68724 0.868373
0.020751 -0.0121454 0.00475427
37
1
-1.98926 9.71547 0.855194
0.0203459 -0.0129878 0.00655376
38
1
-2.02726 9.7449 0.840987
0.0186363 -0.0148771 0.0088689
39
1
-2.06297 9.77571 0.825446
0.0152121 -0.0151015 0.00717403
40
1
-2.09488 9.80745 0.807449
0.0153027 -0.0160926 0.00726595
41
1
-2.12215 9.84078 0.786858
0.0144368 -0.0180845 0.0105303
42
1
-2.1454 9.87505 0.764376
0.00930424 -0.017899 0.0116665
43
1
-2.16485 9.90948 0.739702
0.00662276 -0.0171704 0.0108877
44
1
-2.18114 9.94384 0.71161
0.00627919 -0.0174448 0.0136006
45
1
-2.19501 9.97857 0.678683
0.00484085 -0.0182853 0.0199774
46
1
-2.20713 10.0144 0.641231
0.00373835 -0.0182051 0.020931
47
1
-2.21983 10.05 0.599817
0.00518201 -0.0172755 0.0205261
48
1
-2.23364 10.0847 0.55358
0.0081432 -0.018298 0.0269848
49
1
-2.24816 10.1171 0.504741
0.00935127 -0.0171352 0.0288154
50
1
-2.26175 10.1474 0.454221
0.00670496 -0.0145776 0.0254353
51
1
-2.27354 10.1766 0.401445
0.0047674 -0.0148006 0.026822
52
1
-2.28317 10.2044 0.347049
0.00562791 -0.0163298 0.0298521
53
1
-2.29064 10.2302 0.2904
0.0040286 -0.0156094 0.0328254
54
1
-2.29512 10.2524 0.232133
0.00076794 -0.0113242 0.0331896
55
1
-2.2973 10.2699 0.173496
-0.000241688 -0.00804913 0.0318789
56
1
-2.29833 10.2822 0.11531
0.000297941 -0.0055655 0.0302893
57
1
-2.29801 10.2898 0.0568712
-0.000376173 -0.00309323 0.029035
58
1
-2.29746 10.2925 -1.66386e-008
-2.34794e-010 2.97058e-010 0.0285785
59
1
-2.29801 10.2898 -0.0568712
0.000376172 0.00309324 0.029035
60
1
-2.29833 10.2822 -0.11531
-0.000297941 0.0055655 0.0302893
61
1
-2.2973 10.2699 -0.173496
0.000241687 0.00804913 0.0318789
62
1
-2.29512 10.2524 -0.232133
-0.000767941 0.0113242 0.0331896
63
1
-2.29064 10.2302 -0.2904
-0.0040286 0.0156094 0.0328254
64
1
-2.28317 10.2044 -0.347049
-0.00562791 0.0163298 0.0298521
65
1
-2.27354 10.1766 -0.401445
-0.0047674 0.0148006 0.026822
66
1
-2.26175 10.1474 -0.454221
-0.00670496 0.0145776 0.0254353
67
1
-2.24816 10.1171 -0.504741
-0.00935127 0.0171352 0.0288154
68
1
-2.23364 10.0847 -0.55358
-0.0081432 0.018298 0.0269848
69
1
-2.21983 10.05 -0.599817
-0.00518201 0.0172755 0.0205261
70
1
-2.20713 10.0144 -0.641231
-0.00373835 0.0182051 0.020931
71
1
-2.19501 9.97857 -0.678683
-0.00484085 0.0182853 0.0199774
72
1
-2.18114 9.94384 -0.711611
-0.00627919 0.0174448 0.0136006
73
1
-2.16485 9.90948 -0.739702
-0.00662276 0.0171704 0.0108877
74
1
-2.1454 9.87505 -0.764376
-0.00930424 0.017899 0.0116665
75
1
-2.12215 9.84078 -0.786858
-0.0144368 0.0180845 0.0105303
76
1
-2.09488 9.80745 -0.807449
-0.0153027 0.0160926 0.00726595
77
1
-2.06297 9.77571 -0.825446
-0.0152121 0.0151015 0.00717403
78
1
-2.02726 9.7449 -0.840987
-0.0186363 0.0148771 0.0088689
79
1
-1.98926 9.71547 -0.855194
-0.0203459 0.0129878 0.00655376
80
1
-1.94955 9.68724 -0.868373
-0.020751 0.0121454 0.00475427
81
1
-1.90707 9.65977 -0.880521
-0.0235495 0.012901 0.0060486
82
1
-1.86175 9.63254 -0.891207
-0.0247909 0.0132813 0.0051088
83
1
-1.81517 9.6051 -0.898481
-0.0237909 0.0132859 0.00257634
84
1
-1.7678 9.57727 -0.901509
-0.024409 0.0134661 0.00164342
85
1
-1.71955 9.54872 -0.899633
-0.0253552 0.0136623 -0.000259146
86
1
-1.67106 9.51948 -0.892562
-0.0248117 0.0146479 -0.00396657
87
1
-1.62306 9.48982 -0.879985
-0.0239999 0.0162352 -0.00773126
88
1
-1.57577 9.46094 -0.862134
-0.0223619 0.0155738 -0.0115144
89
1
-1.52908 9.4346 -0.839975
-0.0199966 0.0122689 -0.0139326
90
1
-1.4809 9.41173 -0.813355
-0.0210599 0.00987402 -0.0169355
91
1
-1.42972 9.3917 -0.78155
-0.0257152 0.00942657 -0.0197456
92
1
-1.37486 9.37492 -0.746284
-0.0278345 0.00699889 -0.0195008
93
1
-1.31529 9.3634 -0.708988
-0.0294734 0.0024722 -0.0196606
94
1
-1.25075 9.35841 -0.671625
-0.033377 -0.000507776 -0.0187994
95
1
-1.1809 9.3573 -0.636545
-0.035975 -0.00113655 -0.015543
96
1
-1.1015 9.35619 -0.603641
-0.0417338 -0.000463112 -0.0149921
97
1
-1.01152 9.35137 -0.574282
-0.0514553 0.00323404 -0.012215
98
1
-0.910012 9.34114 -0.547058
-0.0525685 0.00723357 -0.0111002
99
1
-0.799151 9.32518 -0.519765
-0.0578349 0.0108582 -0.013535
100
1
-0.68267 9.30166 -0.490083
-0.059266 0.0133393 -0.0167049
101
1
-0.562105 9.26505 -0.454665
-0.0579298 0.02136 -0.0198408
102
1
-0.441209 9.20937 -0.40719
-0.0563284 0.0308971 -0.029532
103
1
-0.319315 9.12096 -0.346322
-0.0469547 0.0466471 -0.0236867
104
1
-0.1616 8.97712 -0.29978
-0.0495568 0.0554176 -0.00541266
105
1
-0.447064 6.04433 -0.0576967
0.00910034 -0.0473183 0.00950568
106
1
-0.189838 13.0977 -0.0566972
-0.0491453 -0.04711 -0.00703008
107
1
0.189838 13.0977 -0.0566971
-0.0491453 0.04711 0.00703002
108
1
0.447079 6.04434 -0.0577091
0.00910307 0.0473124 -0.00948809
109
1
0.1616 8.97712 -0.29978
-0.0495568 -0.0554176 0.00541265
110
1
0.319315 9.12096 -0.346322
-0.0469547 -0.0466471 0.0236867
111
1
0.441209 9.20937 -0.40719
-0.0563284 -0.0308971 0.029532
112
1
0.562105 9.26505 -0.454665
-0.0579298 -0.02136 0.0198408
113
1
0.68267 9.30166 -0.490083
-0.059266 -0.0133393 0.0167049
114
1
0.79915 9.32518 -0.519765
-0.0578349 -0.0108582 0.013535
115
1
0.910012 9.34114 -0.547058
-0.0525685 -0.00723357 0.0111002
116
1
1.01152 9.35137 -0.574282
-0.0514553 -0.00323404 0.012215
117
1
1.1015 9.35619 -0.603641
-0.0417338 0.000463113 0.0149921
118
1
1.1809 9.3573 -0.636545
-0.035975 0.00113655 0.015543
119
1
1.25075 9.35841 -0.671625
-0.033377 0.000507777 0.0187994
120
1
1.31529 9.3634 -0.708988
-0.0294734 -0.0024722 0.0196606
121
1
1.37486 9.37492 -0.746284
-0.0278345 -0.00699889 0.0195008
122
1
1.42972 9.3917 -0.78155
-0.0257152 -0.00942657 0.0197456
123
1
1.4809 9.41173 -0.813355
-0.0210599 -0.00987402 0.0169355
124
1
1.52908 9.4346 -0.839975
-0.0199966 -0.0122689 0.0139326
125
1
1.57577 9.46094 -0.862134
-0.0223619 -0.0155738 0.0115144
126
1
1.62306 9.48982 -0.879985
-0.0239999 -0.0162352 0.00773126
127
1
1.67106 9.51948 -0.892562
-0.0248117 -0.0146479 0.00396657
128
1
1.71955 9.54872 -0.899633
-0.0253552 -0.0136623 0.000259146
129
1
1.7678 9.57727 -0.901509
-0.024409 -0.0134661 -0.00164342
130
1
1.81517 9.6051 -0.898481
-0.0237909 -0.0132859 -0.00257634
131
1
1.86175 9.63254 -0.891207
-0.0247909 -0.0132813 -0.0051088
132
1
1.90707 9.65977 -0.880521
-0.0235495 -0.012901 -0.0060486
133
1
1.94955 9.68724 -0.868373
-0.020751 -0.0121454 -0.00475427
134
1
1.98926 9.71547 -0.855194
-0.0203459 -0.0129878 -0.00655376
135
1
2.02726 9.7449 -0.840987
-0.0186363 -0.0148771 -0.0088689
136
1
2.06297 9.77571 -0.825446
-0.0152121 -0.0151015 -0.00717403
137
1
2.09488 9.80745 -0.807449
-0.0153027 -0.0160926 -0.00726595
138
1
2.12215 9.84078 -0.786858
-0.0144368 -0.0180845 -0.0105303
139
1
2.1454 9.87505 -0.764376
-0.00930424 -0.017899 -0.0116665
140
1
2.16485 9.90948 -0.739702
-0.00662276 -0.0171704 -0.0108877
141
1
2.18114 9.94384 -0.71161
-0.00627919 -0.0174448 -0.0136006
142
1
2.19501 9.97857 -0.678683
-0.00484085 -0.0182853 -0.0199774
143
1
2.20713 10.0144 -0.641231
-0.00373835 -0.0182051 -0.020931
144
1
2.21983 10.05 -0.599817
-0.00518201 -0.0172755 -0.0205261
145
1
2.23364 10.0847 -0.55358
-0.0081432 -0.018298 -0.0269848
146
1
2.24816 10.1171 -0.504741
-0.00935127 -0.0171352 -0.0288154
147
1
2.26175 10.1474 -0.454221
-0.00670496 -0.0145776 -0.0254353
148
1
2.27354 10.1766 -0.401445
-0.0047674 -0.0148006 -0.026822
149
1
2.28317 10.2044 -0.347049
-0.00562791 -0.0163298 -0.0298521
150
1
2.29064 10.2302 -0.2904
-0.0040286 -0.0156094 -0.0328254
151
1
2.29512 10.2524 -0.232133
-0.00076794 -0.0113242 -0.0331896
152
1
2.2973 10.2699 -0.173496
0.000241688 -0.00804913 -0.0318789
153
1
2.29833 10.2822 -0.11531
-0.000297941 -0.0055655 -0.0302893
154
1
2.29801 10.2898 -0.0568712
0.000376173 -0.00309323 -0.029035
155
1
2.29746 10.2925 1.18293e-008
3.1554e-010 2.45412e-010 -0.0285785
156
1
2.29801 10.2898 0.0568712
-0.000376172 0.00309324 -0.029035
157
1
2.29833 10.2822 0.11531
0.000297941 0.0055655 -0.0302893
158
1
2.2973 10.2699 0.173496
-0.000241687 0.00804913 -0.0318789
159
1
2.29512 10.2524 0.232133
0.000767941 0.0113242 -0.0331896
160
1
2.29064 10.2302 0.2904
0.0040286 0.0156094 -0.0328254
161
1
2.28317 10.2044 0.347049
0.00562791 0.0163298 -0.0298521
162
1
2.27354 10.1766 0.401445
0.0047674 0.0148006 -0.026822
163
1
2.26175 10.1474 0.454221
0.00670496 0.0145776 -0.0254353
164
1
2.24816 10.1171 0.504741
0.00935127 0.0171352 -0.0288154
165
1
2.23364 10.0847 0.55358
0.0081432 0.018298 -0.0269848
166
1
2.21983 10.05 0.599817
0.00518201 0.0172755 -0.0205261
167
1
2.20713 10.0144 0.641231
0.00373835 0.0182051 -0.020931
168
1
2.19501 9.97857 0.678683
0.00484085 0.0182853 -0.0199774
169
1
2.18114 9.94384 0.71161
0.00627919 0.0174448 -0.0136006
170
1
2.16485 9.90948 0.739702
0.00662276 0.0171704 -0.0108877
171
1
2.1454 9.87505 0.764376
0.00930424 0.017899 -0.0116665
172
1
2.12215 9.84078 0.786858
0.0144368 0.0180845 -0.0105303
173
1
2.09488 9.80745 0.807449
0.0153027 0.0160926 -0.00726595
174
1
2.06297 9.77571 0.825446
0.0152121 0.0151015 -0.00717403
175
1
2.02726 9.7449 0.840987
0.0186363 0.0148771 -0.0088689
176
1
1.98926 9.71547 0.855194
0.0203459 0.0129878 -0.00655376
177
1
1.94955 9.68724 0.868373
0.020751 0.0121454 -0.00475427
178
1
1.90707 9.65977 0.880521
0.0235495 0.012901 -0.0060486
179
1
1.86175 9.63254 0.891207
0.0247909 0.0132813 -0.0051088
180
1
1.81517 9.6051 0.898481
0.0237909 0.0132859 -0.00257634
181
1
1.7678 9.57727 0.901509
0.024409 0.0134661 -0.00164342
182
1
1.71955 9.54872 0.899633
0.0253552 0.0136623 0.000259146
183
1
1.67106 9.51948 0.892562
0.0248117 0.0146479 0.00396657
184
1
1.62306 9.48982 0.879985
0.0239999 0.0162352 0.00773126
185
1
1.57577 9.46094 0.862134
0.0223619 0.0155738 0.0115144
186
1
1.52908 9.4346 0.839975
0.0199966 0.0122689 0.0139326
187
1
1.4809 9.41173 0.813355
0.0210599 0.00987402 0.0169355
188
1
1.42972 9.3917 0.78155
0.0257152 0.00942657 0.0197456
189
1
1.37486 9.37492 0.746284
0.0278345 0.00699889 0.0195008
190
1
1.31529 9.3634 0.708988
0.0294734 0.0024722 0.0196606
191
1
1.25075 9.35841 0.671625
0.033377 -0.000507777 0.0187994
192
1
1.1809 9.3573 0.636545
0.035975 -0.00113655 0.015543
193
1
1.1015 9.35619 0.603641
0.0417338 -0.000463112 0.0149921
