194
0
1
0.866431 2.55407 1.55487
0.0332192 -0.0224328 -0.0223304
1
1
0.79953 2.59787 1.59665
0.0358625 -0.0221458 -0.0210204
2
1
0.725914 2.6409 1.63604
0.0384587 -0.0213995 -0.0191271
3
1
0.646174 2.68214 1.67194
0.0416415 -0.0204902 -0.0171503
4
1
0.56015 2.71969 1.70422
0.0444905 -0.0175149 -0.0142044
5
1
0.468001 2.7518 1.73189
0.0474021 -0.0139597 -0.0117988
6
1
0.370154 2.7773 1.75462
0.0502361 -0.0103798 -0.00939525
7
1
0.267686 2.79605 1.77236
0.0523323 -0.00707878 -0.00701606
8
1
0.161824 2.80826 1.78431
0.0535385 -0.00469898 -0.00400447
9
1
0.0541082 2.81415 1.78997
0.0541591 -0.00179904 -0.00103883
10
1
-0.0541082 2.81415 1.78997
0.0541591 0.00179904 0.00103883
11
1
-0.161824 2.80826 1.78431
0.0535385 0.00469898 0.00400447
12
1
-0.267686 2.79605 1.77236
0.0523323 0.00707878 0.00701606
13
1
-0.370154 2.7773 1.75462
0.0502361 0.0103798 0.00939525
14
1
-0.468001 2.7518 1.73189
0.0474021 0.0139597 0.0117988
15
1
-0.56015 2.71969 1.70422
0.0444905 0.0175149 0.0142044
16
1
-0.646174 2.68214 1.67194
0.0416415 0.0204902 0.0171503
17
1
-0.725914 2.6409 1.63604
0.0384587 0.0213995 0.0191271
18
1
-0.79953 2.59787 1.59665
0.0358625 0.0221458 0.0210204
19
1
-0.866431 2.55407 1.55487
0.0332192 0.0224328 0.0223304
20
1
-0.926032 2.51015 1.51191
0.028933 0.0222626 0.0218147
21
1
-0.978394 2.46574 1.46837
0.0248725 0.0226515 0.0218403
22
1
-1.02359 2.42073 1.42456
0.0211683 0.0229672 0.0216554
23
1
-1.06269 2.37503 1.3808
0.018242 0.0230402 0.0216406
24
1
-1.09639 2.32934 1.33693
0.0153517 0.0229823 0.0218213
25
1
-1.12503 2.28396 1.2926
0.0133588 0.0225669 0.0224086
26
1
-1.1496 2.23896 1.24811
0.0117738 0.0218464 0.0226263
27
1
-1.17064 2.19504 1.20334
0.0100185 0.0212742 0.0225288
28
1
-1.1876 2.15194 1.15845
0.0081637 0.0209717 0.0227801
29
1
-1.20048 2.10888 1.11418
0.00624373 0.0210375 0.0225682
30
1
-1.20974 2.06543 1.07123
0.00434171 0.0215209 0.021384
31
1
-1.21551 2.02171 1.0297
0.00257293 0.0218888 0.0203047
32
1
-1.2174 1.97812 0.98939
0.000627309 0.0217 0.0199488
33
1
-1.21524 1.93499 0.950095
-0.0019289 0.0211386 0.0197571
34
1
-1.20917 1.89278 0.911242
-0.0049152 0.0205933 0.0193543
35
1
-1.19899 1.85202 0.872147
-0.00764819 0.020088 0.0190227
36
1
-1.1844 1.81326 0.832426
-0.00977153 0.019362 0.0190456
37
1
-1.16543 1.77662 0.792278
-0.0114414 0.0183183 0.0193674
38
1
-1.14267 1.74199 0.751897
-0.0128648 0.0171365 0.0197979
39
1
-1.11699 1.7092 0.711184
-0.0140558 0.0160828 0.0202036
40
1
-1.08892 1.67832 0.669943
-0.0149892 0.0152765 0.020527
41
1
-1.05844 1.64929 0.628425
-0.0157339 0.0146939 0.020724
42
1
-1.02539 1.62168 0.587358
-0.0164301 0.0142517 0.0207247
43
1
-0.989969 1.59454 0.547616
-0.0171961 0.0138747 0.0204507
44
1
-0.952909 1.56708 0.509573
-0.0180736 0.0135233 0.0198596
45
1
-0.915111 1.53906 0.472993
-0.0190201 0.0131843 0.018981
46
1
-0.877163 1.5111 0.437249
-0.0199129 0.0128389 0.0179302
47
1
-0.839121 1.48425 0.4019
-0.0205754 0.0124486 0.0168839
48
1
-0.800882 1.4594 0.366928
-0.0208516 0.0119517 0.0160224
49
1
-0.762605 1.43684 0.332508
-0.0206447 0.0113651 0.0154812
50
1
-0.725018 1.41628 0.298632
-0.0199157 0.0107411 0.0153359
51
1
-0.689201 1.3973 0.26486
-0.0186698 0.0101418 0.015609
52
1
-0.656427 1.3797 0.230484
-0.0169415 0.009485 0.016236
53
1
-0.627741 1.36371 0.194935
-0.0147632 0.00866637 0.0170939
54
1
-0.603941 1.34977 0.157942
-0.0121943 0.0075913 0.0180248
55
1
-0.585461 1.3384 0.119596
-0.00931888 0.00619257 0.0188745
56
1
-0.572432 1.33007 0.0802196
-0.0062586 0.00443235 0.0195167
57
1
-0.564748 1.32496 0.040232
-0.00313218 0.00232047 0.0199057
58
1
-0.562192 1.32324 -2.51817e-015
-1.77056e-016 -1.25111e-016 0.0200377
59
1
-0.564748 1.32496 -0.040232
0.00313218 -0.00232047 0.0199057
60
1
-0.572432 1.33007 -0.0802196
0.0062586 -0.00443235 0.0195167
61
1
-0.585461 1.3384 -0.119596
0.00931888 -0.00619257 0.0188745
62
1
-0.603941 1.34977 -0.157942
0.0121943 -0.0075913 0.0180248
63
1
-0.627741 1.36371 -0.194935
0.0147632 -0.00866637 0.0170939
64
1
-0.656427 1.3797 -0.230484
0.0169415 -0.009485 0.016236
65
1
-0.689201 1.3973 -0.26486
0.0186698 -0.0101418 0.015609
66
1
-0.725018 1.41628 -0.298632
0.0199157 -0.0107411 0.0153359
67
1
-0.762605 1.43684 -0.332508
0.0206447 -0.0113651 0.0154812
68
1
-0.800882 1.4594 -0.366928
0.0208516 -0.0119517 0.0160224
69
1
-0.839121 1.48425 -0.4019
0.0205754 -0.0124486 0.0168839
70
1
-0.877163 1.5111 -0.437249
0.0199129 -0.0128389 0.0179302
71
1
-0.915111 1.53906 -0.472993
0.0190201 -0.0131843 0.018981
72
1
-0.952909 1.56708 -0.509573
0.0180736 -0.0135233 0.0198596
73
1
-0.989969 1.59454 -0.547616
0.0171961 -0.0138747 0.0204507
74
1
-1.02539 1.62168 -0.587358
0.0164301 -0.0142517 0.0207247
75
1
-1.05844 1.64929 -0.628425
0.0157339 -0.0146939 0.020724
76
1
-1.08892 1.67832 -0.669943
0.0149892 -0.0152765 0.020527
77
1
-1.11699 1.7092 -0.711184
0.0140558 -0.0160828 0.0202036
78
1
-1.14267 1.74199 -0.751897
0.0128648 -0.0171365 0.0197979
79
1
-1.16543 1.77662 -0.792278
0.0114414 -0.0183183 0.0193674
80
1
-1.1844 1.81326 -0.832426
0.00977153 -0.019362 0.0190456
81
1
-1.19899 1.85202 -0.872147
0.00764819 -0.020088 0.0190227
82
1
-1.20917 1.89278 -0.911242
0.0049152 -0.0205933 0.0193543
83
1
-1.21524 1.93499 -0.950095
0.0019289 -0.0211386 0.0197571
84
1
-1.2174 1.97812 -0.98939
-0.000627309 -0.0217 0.0199488
85
1
-1.21551 2.02171 -1.0297
-0.00257293 -0.0218888 0.0203047
86
1
-1.20974 2.06543 -1.07123
-0.00434171 -0.0215209 0.021384
87
1
-1.20048 2.10888 -1.11418
-0.00624373 -0.0210375 0.0225682
88
1
-1.1876 2.15194 -1.15845
-0.0081637 -0.0209717 0.0227801
89
1
-1.17064 2.19504 -1.20334
-0.0100185 -0.0212742 0.0225288
90
1
-1.1496 2.23896 -1.24811
-0.0117738 -0.0218464 0.0226263
91
1
-1.12503 2.28396 -1.2926
-0.0133588 -0.0225669 0.0224086
92
1
-1.09639 2.32934 -1.33693
-0.0153517 -0.0229823 0.0218213
93
1
-1.06269 2.37503 -1.3808
-0.018242 -0.0230402 0.0216406
94
1
-1.02359 2.42073 -1.42456
-0.0211683 -0.0229672 0.0216554
95
1
-0.978394 2.46574 -1.46837
-0.0248725 -0.0226515 0.0218403
96
1
-0.926032 2.51015 -1.51191
-0.028933 -0.0222626 0.0218147
97
1
-0.866431 2.55407 -1.55487
-0.0332192 -0.0224328 0.0223304
98
1
-0.79953 2.59787 -1.59665
-0.0358625 -0.0221458 0.0210204
99
1
-0.725914 2.6409 -1.63604
-0.0384587 -0.0213995 0.0191271
100
1
-0.646174 2.68214 -1.67194
-0.0416415 -0.0204902 0.0171503
101
1
-0.56015 2.71969 -1.70422
-0.0444905 -0.0175149 0.0142044
102
1
-0.468001 2.7518 -1.73189
-0.0474021 -0.0139597 0.0117988
103
1
-0.370154 2.7773 -1.75462
-0.0502361 -0.0103798 0.00939525
104
1
-0.267686 2.79605 -1.77236
-0.0523323 -0.00707878 0.00701606
105
1
-0.161824 2.80826 -1.78431
-0.0535385 -0.00469898 0.00400447
106
1
-0.0541082 2.81415 -1.78997
-0.0541591 -0.00179904 0.00103883
107
1
0.0541082 2.81415 -1.78997
-0.0541591 0.00179904 -0.00103883
108
1
0.161824 2.80826 -1.78431
-0.0535385 0.00469898 -0.00400447
109
1
0.267686 2.79605 -1.77236
-0.0523323 0.00707878 -0.00701606
110
1
0.370154 2.7773 -1.75462
-0.0502361 0.0103798 -0.00939525
111
1
0.468001 2.7518 -1.73189
-0.0474021 0.0139597 -0.0117988
112
1
0.56015 2.71969 -1.70422
-0.0444905 0.0175149 -0.0142044
113
1
0.646174 2.68214 -1.67194
-0.0416415 0.0204902 -0.0171503
114
1
0.725914 2.6409 -1.63604
-0.0384587 0.0213995 -0.0191271
115
1
0.79953 2.59787 -1.59665
-0.0358625 0.0221458 -0.0210204
116
1
0.866431 2.55407 -1.55487
-0.0332192 0.0224328 -0.0223304
117
1
0.926032 2.51015 -1.51191
-0.028933 0.0222626 -0.0218147
118
1
0.978394 2.46574 -1.46837
-0.0248725 0.0226515 -0.0218403
119
1
1.02359 2.42073 -1.42456
-0.0211683 0.0229672 -0.0216554
120
1
1.06269 2.37503 -1.3808
-0.018242 0.0230402 -0.0216406
121
1
1.09639 2.32934 -1.33693
-0.0153517 0.0229823 -0.0218213
122
1
1.12503 2.28396 -1.2926
-0.0133588 0.0225669 -0.0224086
123
1
1.1496 2.23896 -1.24811
-0.0117738 0.0218464 -0.0226263
124
1
1.17064 2.19504 -1.20334
-0.0100185 0.0212742 -0.0225288
125
1
1.1876 2.15194 -1.15845
-0.0081637 0.0209717 -0.0227801
126
1
1.20048 2.10888 -1.11418
-0.00624373 0.0210375 -0.0225682
127
1
1.20974 2.06543 -1.07123
-0.00434171 0.0215209 -0.021384
128
1
1.21551 2.02171 -1.0297
-0.00257293 0.0218888 -0.0203047
129
1
1.2174 1.97812 -0.98939
-0.000627309 0.0217 -0.0199488
130
1
1.21524 1.93499 -0.950095
0.0019289 0.0211386 -0.0197571
131
1
1.20917 1.89278 -0.911242
0.0049152 0.0205933 -0.0193543
132
1
1.19899 1.85202 -0.872147
0.00764819 0.020088 -0.0190227
133
1
1.1844 1.81326 -0.832426
0.00977153 0.019362 -0.0190456
134
1
1.16543 1.77662 -0.792278
0.0114414 0.0183183 -0.0193674
135
1
1.14267 1.74199 -0.751897
0.0128648 0.0171365 -0.0197979
136
1
1.11699 1.7092 -0.711184
0.0140558 0.0160828 -0.0202036
137
1
1.08892 1.67832 -0.669943
0.0149892 0.0152765 -0.020527
138
1
1.05844 1.64929 -0.628425
0.0157339 0.0146939 -0.020724
139
1
1.02539 1.62168 -0.587358
0.0164301 0.0142517 -0.0207247
140
1
0.989969 1.59454 -0.547616
0.0171961 0.0138747 -0.0204507
141
1
0.952909 1.56708 -0.509573
0.0180736 0.0135233 -0.0198596
142
1
0.915111 1.53906 -0.472993
0.0190201 0.0131843 -0.018981
143
1
0.877163 1.5111 -0.437249
0.0199129 0.0128389 -0.0179302
144
1
0.839121 1.48425 -0.4019
0.0205754 0.0124486 -0.0168839
145
1
0.800882 1.4594 -0.366928
0.0208516 0.0119517 -0.0160224
146
1
0.762605 1.43684 -0.332508
0.0206447 0.0113651 -0.0154812
147
1
0.725018 1.41628 -0.298632
0.0199157 0.0107411 -0.0153359
148
1
0.689201 1.3973 -0.26486
0.0186698 0.0101418 -0.015609
149
1
0.656427 1.3797 -0.230484
0.0169415 0.009485 -0.016236
150
1
0.627741 1.36371 -0.194935
0.0147632 0.00866637 -0.0170939
151
1
0.603941 1.34977 -0.157942
0.0121943 0.0075913 -0.0180248
152
1
0.585461 1.3384 -0.119596
0.00931888 0.00619257 -0.0188745
153
1
0.572432 1.33007 -0.0802196
0.0062586 0.00443235 -0.0195167
154
1
0.564748 1.32496 -0.040232
0.00313218 0.00232047 -0.0199057
155
1
0.562192 1.32324 -1.68417e-015
-1.64487e-017 8.03521e-017 -0.0200377
156
1
0.564748 1.32496 0.040232
-0.00313218 -0.00232047 -0.0199057
157
1
0.572432 1.33007 0.0802196
-0.0062586 -0.00443235 -0.0195167
158
1
0.585461 1.3384 0.119596
-0.00931888 -0.00619257 -0.0188745
159
1
0.603941 1.34977 0.157942
-0.0121943 -0.0075913 -0.0180248
160
1
0.627741 1.36371 0.194935
-0.0147632 -0.00866637 -0.0170939
161
1
0.656427 1.3797 0.230484
-0.0169415 -0.009485 -0.016236
162
1
0.689201 1.3973 0.26486
-0.0186698 -0.0101418 -0.015609
163
1
0.725018 1.41628 0.298632
-0.0199157 -0.0107411 -0.0153359
164
1
0.762605 1.43684 0.332508
-0.0206447 -0.0113651 -0.0154812
165
1
0.800882 1.4594 0.366928
-0.0208516 -0.0119517 -0.0160224
166
1
0.839121 1.48425 0.4019
-0.0205754 -0.0124486 -0.0168839
167
1
0.877163 1.5111 0.437249
-0.0199129 -0.0128389 -0.0179302
168
1
0.915111 1.53906 0.472993
-0.0190201 -0.0131843 -0.018981
169
1
0.952909 1.56708 0.509573
-0.0180736 -0.0135233 -0.0198596
170
1
0.989969 1.59454 0.547616
-0.0171961 -0.0138747 -0.0204507
171
1
1.02539 1.62168 0.587358
-0.0164301 -0.0142517 -0.0207247
172
1
1.05844 1.64929 0.628425
-0.0157339 -0.0146939 -0.020724
173
1
1.08892 1.67832 0.669943
-0.0149892 -0.0152765 -0.020527
174
1
1.11699 1.7092 0.711184
-0.0140558 -0.0160828 -0.0202036
175
1
1.14267 1.74199 0.751897
-0.0128648 -0.0171365 -0.0197979
176
1
1.16543 1.77662 0.792278
-0.0114414 -0.0183183 -0.0193674
177
1
1.1844 1.81326 0.832426
-0.00977153 -0.019362 -0.0190456
178
1
1.19899 1.85202 0.872147
-0.00764819 -0.020088 -0.0190227
179
1
1.20917 1.89278 0.911242
-0.0049152 -0.0205933 -0.0193543
180
1
1.21524 1.93499 0.950095
-0.0019289 -0.0211386 -0.0197571
181
1
1.2174 1.97812 0.98939
0.000627309 -0.0217 -0.0199488
182
1
1.21551 2.02171 1.0297
0.00257293 -0.0218888 -0.0203047
183
1
1.20974 2.06543 1.07123
0.00434171 -0.0215209 -0.021384
184
1
1.20048 2.10888 1.11418
0.00624373 -0.0210375 -0.0225682
185
1
1.1876 2.15194 1.15845
0.0081637 -0.0209717 -0.0227801
186
1
1.17064 2.19504 1.20334
0.0100185 -0.0212742 -0.0225288
187
1
1.1496 2.23896 1.24811
0.0117738 -0.0218464 -0.0226263
188
1
1.12503 2.28396 1.2926
0.0133588 -0.0225669 -0.0224086
189
1
1.09639 2.32934 1.33693
0.0153517 -0.0229823 -0.0218213
190
1
1.06269 2.37503 1.3808
0.018242 -0.0230402 -0.0216406
191
1
1.02359 2.42073 1.42456
0.0211683 -0.0229672 -0.0216554
192
1
0.978394 2.46574 1.46837
0.0248725 -0.0226515 -0.0218403
193
1
0.926032 2.51015 1.51191
0.028933 -0.0222626 -0.0218147
