194
0
1
0.825679 11.8659 2.43706
0.00798401 0.00801554 -0.037278
1
1
0.795129 11.8491 2.50878
0.01587 0.00697119 -0.0239189
2
1
0.730273 11.8264 2.59348
0.0541948 0.0104766 -0.048012
3
1
0.651738 11.7951 2.67606
0.0422376 0.0213587 -0.0401644
4
1
0.580664 11.7505 2.75779
0.0322831 0.0309887 -0.0383222
5
1
0.514833 11.7087 2.82322
0.019738 0.00956794 -0.0142544
6
1
0.400669 11.6686 2.92913
0.0549379 0.00669645 -0.0537137
7
1
0.191131 11.6463 3.06309
0.0723552 0.000284345 -0.0289222
8
1
0.118019 6.3518 0.0612252
-0.0455716 -0.00902074 -0.00659631
9
1
1.53521 12.4994 -0.0659096
-0.0385599 0.0471862 0.0270767
10
1
-1.51996 12.5365 0.205611
-0.0417838 -0.0441479 0.011799
11
1
-0.117447 6.35115 0.0593501
-0.0454894 0.0090249 0.00684942
12
1
-0.191548 11.6463 3.06306
0.0723597 -0.000295242 0.0289108
13
1
-0.401057 11.6686 2.92913
0.0549519 -0.00670228 0.0537045
14
1
-0.515203 11.7088 2.82322
0.0197348 -0.00956677 0.01425
15
1
-0.581014 11.7505 2.75778
0.032274 -0.0309931 0.0383179
16
1
-0.652065 11.7952 2.67607
0.0422387 -0.0213606 0.0401493
17
1
-0.73059 11.8265 2.59352
0.0542016 -0.0104734 0.04799
18
1
-0.795439 11.8491 2.50887
0.0158768 -0.00695832 0.0239041
19
1
-0.825991 11.8659 2.43719
0.00799803 -0.00798804 0.0372458
20
1
-0.845165 11.8877 2.35608
-0.000310551 -0.0100482 0.0491618
21
1
-0.861746 11.9175 2.27422
0.00852039 -0.0115128 0.0361039
22
1
-0.876842 11.9617 2.1975
0.0111928 -0.0370246 0.0423442
23
1
-0.887323 12.0109 2.12456
0.00209399 -0.020646 0.0341927
24
1
-0.894171 12.051 2.06122
0.00333507 -0.00735055 0.0205366
25
1
-0.899348 12.0836 2.00853
0.00732719 -0.0145527 0.0249092
26
1
-0.899643 12.1186 1.96216
0.00589084 -0.0227998 0.0258984
27
1
-0.892531 12.1549 1.9231
-0.00180923 -0.0174165 0.018835
28
1
-0.876933 12.1889 1.89013
-0.0135982 -0.0134272 0.0142669
29
1
-0.854738 12.2224 1.8607
-0.0212726 -0.0157733 0.0140671
30
1
-0.829354 12.2568 1.83916
-0.0142942 -0.0130719 0.00887615
31
1
-0.805219 12.2896 1.82404
-0.0103719 -0.0127275 0.00411476
32
1
-0.781071 12.3217 1.81521
-0.0102423 -0.0164939 -0.000594336
33
1
-0.757586 12.3524 1.81006
-0.00826082 -0.0139446 -0.000876062
34
1
-0.733316 12.3822 1.8085
-0.00956793 -0.0136794 -0.00459978
35
1
-0.706508 12.4135 1.80726
-0.0128579 -0.017166 -0.00921905
36
1
-0.678512 12.4455 1.80437
-0.012942 -0.0156759 -0.00158882
37
1
-0.650791 12.478 1.79637
-0.0155864 -0.0163413 0.00866472
38
1
-0.623036 12.5112 1.78132
-0.0151544 -0.0172197 0.0125134
39
1
-0.597399 12.5427 1.76102
-0.00897495 -0.0126615 0.0109902
40
1
-0.574176 12.5721 1.73736
-0.00824653 -0.0105137 0.0125948
41
1
-0.553088 12.5987 1.70869
-0.0106924 -0.00971549 0.0143515
42
1
-0.531711 12.6245 1.67595
-0.00995164 -0.00950465 0.0159706
43
1
-0.507514 12.652 1.63888
-0.011183 -0.0120617 0.0200034
44
1
-0.479093 12.6865 1.59941
-0.0190097 -0.0199821 0.0254073
45
1
-0.451053 12.7272 1.554
-0.0246262 -0.0322129 0.0285954
46
1
-0.42661 12.7675 1.50009
-0.0173807 -0.0365339 0.0304087
47
1
-0.407468 12.7993 1.44088
2.8703e-005 -0.0210302 0.0373065
48
1
-0.39388 12.8206 1.37816
0.00419456 0.00691831 0.0593541
49
1
-0.383288 12.8309 1.31616
-0.0285926 0.00530019 0.0307112
50
1
-0.360529 12.8442 1.24858
-0.00502763 -0.0335066 0.0473833
51
1
-0.340025 12.86 1.16301
-0.00370123 -0.00263703 0.0777894
52
1
-0.314892 12.8874 1.1027
-0.0245911 -0.0014686 -0.00198827
53
1
-0.315278 12.9469 1.02723
0.0350413 -0.0339683 0.0372421
54
1
-0.339223 12.9825 0.972951
-0.00163745 -0.00397201 0.0239309
55
1
-0.382612 13.0177 0.89827
0.0104001 -0.0116713 -0.0095597
56
1
0.0126058 13.9094 1.12533
-0.0558007 -0.0106383 0.00750167
57
1
-0.0631177 13.9434 0.0614983
0.0251455 0.0330072 -0.0215466
58
1
-0.0681458 15.091 0.013379
0.0179719 0.00388549 0.0757216
59
1
-0.0653936 13.9437 -0.0623954
-0.024175 -0.0343499 -0.0225704
60
1
-0.117694 13.8678 -1.27152
-0.0605515 -0.0453504 0.0128192
61
1
-0.336791 13.0293 -0.88136
-0.0141458 0.0093528 -0.00724755
62
1
-0.295356 13.0078 -0.969986
0.00804357 0.00619349 0.0275313
63
1
-0.280111 12.9713 -1.02673
-0.0270176 0.0334012 0.0433877
64
1
-0.295749 12.9106 -1.10526
0.0227728 -0.00080347 -0.00184656
65
1
-0.326327 12.8825 -1.16231
0.00379904 0.00455289 0.0697754
66
1
-0.350435 12.8684 -1.24395
0.0146714 0.0306345 0.0360463
67
1
-0.378795 12.8543 -1.30928
0.031274 -0.0063988 0.0374879
68
1
-0.392251 12.8418 -1.37241
-0.00380322 -0.00169038 0.0609125
69
1
-0.407622 12.818 -1.43572
0.00196296 0.0236639 0.0366785
70
1
-0.427857 12.784 -1.49521
0.0173118 0.0364472 0.0298698
71
1
-0.45269 12.7416 -1.54893
0.0233393 0.0321748 0.0282465
72
1
-0.480783 12.6998 -1.59439
0.018519 0.0206293 0.0253219
73
1
-0.509455 12.6646 -1.63347
0.0112595 0.0127216 0.0199015
74
1
-0.533723 12.6363 -1.67018
0.0101742 0.0100202 0.0158734
75
1
-0.555277 12.6096 -1.70264
0.0109024 0.0101311 0.0141888
76
1
-0.576386 12.582 -1.7311
0.00843535 0.0107555 0.0124675
77
1
-0.599636 12.5519 -1.75486
0.00907661 0.0129148 0.010929
78
1
-0.625188 12.5195 -1.77539
0.0149434 0.017537 0.0124486
79
1
-0.652769 12.4853 -1.79078
0.0152443 0.0168132 0.00885868
80
1
-0.680217 12.4516 -1.79918
0.0128583 0.0164108 -0.00116281
81
1
-0.7079 12.4185 -1.80248
0.0128533 0.0180381 -0.00869414
82
1
-0.734358 12.386 -1.80417
0.00945066 0.0143545 -0.0042861
83
1
-0.758229 12.3551 -1.80618
0.00808996 0.0145754 -0.000750001
84
1
-0.781301 12.3235 -1.81175
0.0100805 0.0170559 -0.00049589
85
1
-0.80505 12.2906 -1.82098
0.0102523 0.0130322 0.00418316
86
1
-0.828937 12.2573 -1.83642
0.0142109 0.0132668 0.00899342
87
1
-0.854241 12.2226 -1.85832
0.0212593 0.0159021 0.0142335
88
1
-0.876444 12.1888 -1.88802
0.0136311 0.0134769 0.014394
89
1
-0.892064 12.1547 -1.92131
0.00186447 0.0174068 0.0189818
90
1
-0.899143 12.1184 -1.96068
-0.00582016 0.0227105 0.0260943
91
1
-0.898806 12.0834 -2.00737
-0.00728474 0.0144842 0.025078
92
1
-0.893627 12.0509 -2.06033
-0.0033133 0.00733492 0.0206455
93
1
-0.886838 12.011 -2.12393
-0.00205024 0.0206067 0.0343106
94
1
-0.876421 11.9618 -2.19706
-0.0111315 0.0370185 0.0424138
95
1
-0.861373 11.9176 -2.27391
-0.00849342 0.0115499 0.0361326
96
1
-0.844828 11.8877 -2.35586
0.000332092 0.0100864 0.0492151
97
1
-0.825679 11.8659 -2.43705
-0.00798398 0.00801554 0.0372781
98
1
-0.795129 11.8491 -2.50878
-0.01587 0.00697119 0.023919
99
1
-0.730272 11.8264 -2.59348
-0.0541948 0.0104766 0.0480121
100
1
-0.651737 11.7951 -2.67606
-0.0422376 0.0213587 0.0401645
101
1
-0.580664 11.7505 -2.75779
-0.0322831 0.0309887 0.0383222
102
1
-0.514833 11.7087 -2.82322
-0.019738 0.00956794 0.0142544
103
1
-0.400668 11.6686 -2.92913
-0.0549379 0.00669645 0.0537138
104
1
-0.191131 11.6463 -3.06309
-0.0723552 0.000284343 0.0289222
105
1
-0.118022 6.35179 -0.0612169
0.0455709 -0.00901855 0.00659269
106
1
-1.5352 12.4994 0.0657393
0.0385671 0.0471898 -0.0270527
107
1
1.51991 12.5365 -0.205769
0.0417815 -0.044141 -0.0118222
108
1
0.11745 6.35115 -0.0593417
0.0454889 0.00902281 -0.00684584
109
1
0.191548 11.6463 -3.06306
-0.0723597 -0.000295248 -0.0289108
110
1
0.401057 11.6686 -2.92913
-0.0549518 -0.00670228 -0.0537045
111
1
0.515203 11.7088 -2.82322
-0.0197348 -0.00956677 -0.01425
112
1
0.581014 11.7505 -2.75778
-0.032274 -0.0309931 -0.0383179
113
1
0.652065 11.7952 -2.67607
-0.0422387 -0.0213606 -0.0401493
114
1
0.73059 11.8265 -2.59352
-0.0542016 -0.0104734 -0.04799
115
1
0.795439 11.8491 -2.50887
-0.0158767 -0.00695833 -0.0239041
116
1
0.825991 11.8659 -2.43719
-0.007998 -0.00798805 -0.0372459
117
1
0.845164 11.8877 -2.35608
0.000310588 -0.0100482 -0.0491619
118
1
0.861745 11.9175 -2.27422
-0.00852036 -0.0115128 -0.036104
119
1
0.876841 11.9617 -2.1975
-0.0111927 -0.0370246 -0.0423442
120
1
0.887322 12.0109 -2.12456
-0.00209393 -0.020646 -0.0341927
121
1
0.89417 12.051 -2.06122
-0.00333504 -0.00735055 -0.0205366
122
1
0.899347 12.0836 -2.00853
-0.00732714 -0.0145527 -0.0249093
123
1
0.899642 12.1186 -1.96216
-0.00589077 -0.0227998 -0.0258985
124
1
0.89253 12.1549 -1.9231
0.00180928 -0.0174165 -0.0188351
125
1
0.876932 12.1889 -1.89013
0.0135982 -0.0134271 -0.014267
126
1
0.854737 12.2224 -1.8607
0.0212727 -0.0157732 -0.0140671
127
1
0.829353 12.2568 -1.83916
0.0142942 -0.0130719 -0.00887618
128
1
0.805218 12.2896 -1.82404
0.0103719 -0.0127275 -0.00411479
129
1
0.78107 12.3217 -1.8152
0.0102423 -0.0164939 0.000594266
130
1
0.757584 12.3524 -1.81006
0.00826085 -0.0139447 0.000875988
131
1
0.733315 12.3822 -1.8085
0.00956796 -0.0136794 0.00459969
132
1
0.706506 12.4135 -1.80726
0.0128579 -0.017166 0.00921895
133
1
0.678511 12.4455 -1.80436
0.012942 -0.0156759 0.00158873
134
1
0.65079 12.478 -1.79636
0.0155864 -0.0163412 -0.00866485
135
1
0.623034 12.5112 -1.78132
0.0151543 -0.0172195 -0.0125136
136
1
0.597398 12.5427 -1.76102
0.00897487 -0.0126614 -0.0109903
137
1
0.574176 12.5721 -1.73736
0.00824642 -0.0105136 -0.0125949
138
1
0.553088 12.5987 -1.70868
0.0106922 -0.00971535 -0.0143516
139
1
0.531711 12.6245 -1.67595
0.00995144 -0.00950451 -0.0159707
140
1
0.507514 12.652 -1.63888
0.0111828 -0.0120616 -0.0200035
141
1
0.479093 12.6865 -1.5994
0.0190092 -0.019982 -0.0254075
142
1
0.451055 12.7272 -1.554
0.0246256 -0.0322129 -0.0285957
143
1
0.426612 12.7675 -1.50009
0.0173802 -0.036534 -0.030409
144
1
0.407471 12.7993 -1.44087
-2.90241e-005 -0.0210303 -0.0373064
145
1
0.393883 12.8206 -1.37815
-0.00419512 0.00691791 -0.0593539
146
1
0.383293 12.8309 -1.31615
0.0285923 0.00530016 -0.030712
147
1
0.360534 12.8442 -1.24858
0.00502779 -0.0335063 -0.0473824
148
1
0.34003 12.86 -1.16301
0.00370058 -0.00263707 -0.0777895
149
1
0.314898 12.8874 -1.1027
0.0245903 -0.00146855 0.00198852
150
1
0.315283 12.9469 -1.02723
-0.0350415 -0.0339672 -0.0372426
151
1
0.339227 12.9825 -0.972947
0.00163978 -0.0039734 -0.0239318
152
1
0.382619 13.0177 -0.898267
-0.0104013 -0.01167 0.00956029
153
1
-0.0125876 13.9094 -1.12536
0.0557976 -0.01064 -0.0075057
154
1
0.0631184 13.9434 -0.0615009
-0.0251453 0.0330075 0.0215471
155
1
0.0681465 15.091 -0.0133698
-0.017972 0.00388666 -0.0757215
156
1
0.0653947 13.9437 0.0623929
0.0241751 -0.0343496 0.0225699
157
1
0.117697 13.8678 1.27149
0.0605542 -0.0453564 -0.0128142
158
1
0.336771 13.0293 0.881366
0.0141454 0.00935411 0.00724609
159
1
0.29534 13.0078 0.969994
-0.00804301 0.00619216 -0.0275303
160
1
0.280097 12.9713 1.02674
0.0270165 0.0334015 -0.0433883
161
1
0.295736 12.9106 1.10527
-0.0227733 -0.000803712 0.00184634
162
1
0.326316 12.8825 1.16232
-0.00380022 0.00455258 -0.0697747
163
1
0.350425 12.8684 1.24396
-0.0146722 0.0306336 -0.036046
164
1
0.378787 12.8543 1.30929
-0.0312749 -0.00639911 -0.0374878
165
1
0.392243 12.8418 1.37242
0.00380165 -0.00169044 -0.0609121
166
1
0.407616 12.818 1.43573
-0.001964 0.0236638 -0.036678
167
1
0.427853 12.784 1.49521
-0.0173125 0.0364469 -0.0298691
168
1
0.452687 12.7416 1.54894
-0.0233399 0.0321748 -0.0282459
169
1
0.480782 12.6998 1.5944
-0.0185196 0.0206296 -0.0253215
170
1
0.509454 12.6646 1.63348
-0.0112599 0.0127218 -0.0199012
171
1
0.533723 12.6363 1.67018
-0.0101745 0.0100205 -0.0158732
172
1
0.555278 12.6096 1.70265
-0.0109026 0.0101313 -0.0141886
173
1
0.576387 12.5821 1.7311
-0.00843551 0.0107556 -0.0124674
174
1
0.599638 12.5519 1.75486
-0.00907673 0.0129149 -0.0109288
175
1
0.625189 12.5195 1.77539
-0.0149435 0.0175372 -0.0124484
176
1
0.65277 12.4853 1.79078
-0.0152444 0.0168134 -0.00885853
177
1
0.680219 12.4516 1.79919
-0.0128583 0.0164109 0.00116289
178
1
0.707902 12.4185 1.80249
-0.0128533 0.0180382 0.00869422
179
1
0.73436 12.386 1.80417
-0.00945061 0.0143546 0.00428618
180
1
0.75823 12.3551 1.80618
-0.00808991 0.0145754 0.00075009
181
1
0.781303 12.3235 1.81175
-0.0100805 0.017056 0.000495979
182
1
0.805052 12.2906 1.82098
-0.0102523 0.0130323 -0.00418311
183
1
0.828939 12.2573 1.83643
-0.0142108 0.0132669 -0.0089934
184
1
0.854242 12.2226 1.85832
-0.0212593 0.0159022 -0.0142335
185
1
0.876445 12.1888 1.88802
-0.0136311 0.013477 -0.014394
186
1
0.892065 12.1547 1.92131
-0.00186442 0.0174068 -0.0189818
187
1
0.899144 12.1184 1.96068
0.00582023 0.0227106 -0.0260943
188
1
0.898807 12.0834 2.00737
0.00728479 0.0144842 -0.0250779
189
1
0.893628 12.0509 2.06033
0.00331334 0.00733493 -0.0206454
190
1
0.886839 12.011 2.12393
0.0020503 0.0206068 -0.0343105
191
1
0.876422 11.9618 2.19706
0.0111316 0.0370185 -0.0424137
192
1
0.861373 11.9176 2.27391
0.00849345 0.0115499 -0.0361325
193
1
0.844829 11.8877 2.35586
-0.000332051 0.0100864 -0.0492151
