194
0
1
1.26319 6.33436 1.0819
0.0250211 -0.000770213 0.0389667
1
1
1.21494 6.33761 1.00232
0.0231819 -0.00184666 0.0430437
2
1
1.16833 6.33932 0.90934
0.0213379 -0.00164626 0.050191
3
1
1.1228 6.33694 0.805508
0.0226057 5.31214e-006 0.0559265
4
1
1.07559 6.32552 0.688782
0.0236142 0.0073322 0.0600054
5
1
1.03136 6.30001 0.558174
0.0225785 0.0188297 0.0709189
6
1
0.987977 6.25727 0.403324
0.0161349 0.029851 0.0701458
7
1
0.927389 6.17133 0.204399
0.0233818 0.0354961 0.0653083
8
1
0.697564 5.99236 0.0925865
0.0268434 0.0216699 -0.0118468
9
1
0.0501448 8.06104 0.661104
0.000986005 0.0125801 -0.0768935
10
1
-0.0501448 8.06104 0.661104
0.000986005 -0.0125801 0.0768935
11
1
-0.697564 5.99236 0.0925865
0.0268434 -0.0216699 0.0118468
12
1
-0.927389 6.17133 0.204399
0.0233818 -0.0354961 -0.0653083
13
1
-0.987977 6.25727 0.403324
0.0161349 -0.029851 -0.0701458
14
1
-1.03136 6.30001 0.558174
0.0225785 -0.0188297 -0.0709189
15
1
-1.07559 6.32552 0.688782
0.0236142 -0.0073322 -0.0600054
16
1
-1.1228 6.33694 0.805508
0.0226057 -5.31214e-006 -0.0559265
17
1
-1.16833 6.33932 0.90934
0.0213379 0.00164626 -0.050191
18
1
-1.21494 6.33761 1.00232
0.0231819 0.00184666 -0.0430437
19
1
-1.26319 6.33436 1.0819
0.0250211 0.000770213 -0.0389667
20
1
-1.31297 6.32966 1.1484
0.0247515 0.00119634 -0.0311811
21
1
-1.36392 6.32296 1.20203
0.0244511 0.00234342 -0.0240771
22
1
-1.41482 6.31392 1.24379
0.0253936 0.00468986 -0.0194141
23
1
-1.46642 6.30303 1.27736
0.0249529 0.00610304 -0.0149709
24
1
-1.51761 6.28998 1.30427
0.0250841 0.00758178 -0.0116945
25
1
-1.56751 6.27405 1.32539
0.0248322 0.0101059 -0.00847669
26
1
-1.61629 6.25519 1.34046
0.0229776 0.0109577 -0.00465484
27
1
-1.66369 6.23475 1.34915
0.0226117 0.010777 -0.00158787
28
1
-1.71057 6.21433 1.35196
0.0233631 0.0106893 0.000213075
29
1
-1.75732 6.19453 1.3496
0.0231931 0.0100514 0.00253061
30
1
-1.80369 6.17613 1.34279
0.0229511 0.00942483 0.00512813
31
1
-1.84969 6.15993 1.33163
0.0227553 0.00837856 0.00708539
32
1
-1.895 6.14574 1.31645
0.0220259 0.00695986 0.00925652
33
1
-1.93937 6.13338 1.29762
0.0214615 0.00605151 0.0117723
34
1
-1.98259 6.12301 1.27524
0.020926 0.00464657 0.0133172
35
1
-2.02438 6.11499 1.24942
0.019809 0.00244794 0.0144856
36
1
-2.06477 6.1092 1.22057
0.0188373 0.00103096 0.015524
37
1
-2.10452 6.10584 1.18883
0.0186916 0.000377026 0.0164246
38
1
-2.14422 6.10507 1.15377
0.0191788 -0.000686362 0.0180161
39
1
-2.18392 6.10643 1.11537
0.0197895 -0.00178554 0.0198186
40
1
-2.22354 6.10928 1.07468
0.020422 -0.00197612 0.0208496
41
1
-2.26304 6.11329 1.03262
0.0206179 -0.00213034 0.021476
42
1
-2.30179 6.11823 0.988717
0.0198805 -0.00305662 0.0224577
43
1
-2.33936 6.12455 0.94243
0.01911 -0.00383856 0.0237401
44
1
-2.37582 6.13185 0.89329
0.0188129 -0.00399997 0.025267
45
1
-2.41174 6.13929 0.840764
0.0181882 -0.00403042 0.027483
46
1
-2.4466 6.14635 0.784472
0.017176 -0.00369861 0.0299924
47
1
-2.47986 6.15225 0.724864
0.0165985 -0.0027669 0.0318612
48
1
-2.51125 6.15639 0.662549
0.0160301 -0.00174675 0.0333627
49
1
-2.54025 6.1596 0.598252
0.0149673 -0.00135479 0.0345958
50
1
-2.56679 6.16287 0.533025
0.0135497 -0.00188058 0.0347101
51
1
-2.59055 6.16698 0.467365
0.0118883 -0.00274764 0.034411
52
1
-2.61142 6.17201 0.401254
0.0099915 -0.00342846 0.0342187
53
1
-2.62916 6.17734 0.334743
0.00835475 -0.00355915 0.0340866
54
1
-2.6437 6.18258 0.268064
0.00697913 -0.00319629 0.0340974
55
1
-2.65513 6.18753 0.201295
0.00521967 -0.00310606 0.0344383
56
1
-2.6631 6.19234 0.134458
0.00297743 -0.00317676 0.0346552
57
1
-2.66779 6.19627 0.0673306
0.00107991 -0.00233019 0.0343426
58
1
-2.66922 6.19776 -2.97578e-012
-4.67266e-014 1.24231e-014 0.0340315
59
1
-2.66779 6.19627 -0.0673306
-0.00107991 0.00233019 0.0343426
60
1
-2.6631 6.19234 -0.134458
-0.00297743 0.00317676 0.0346552
61
1
-2.65513 6.18753 -0.201295
-0.00521967 0.00310606 0.0344383
62
1
-2.6437 6.18258 -0.268064
-0.00697913 0.00319629 0.0340974
63
1
-2.62916 6.17734 -0.334743
-0.00835475 0.00355915 0.0340866
64
1
-2.61142 6.17201 -0.401254
-0.0099915 0.00342846 0.0342187
65
1
-2.59055 6.16698 -0.467365
-0.0118883 0.00274764 0.034411
66
1
-2.56679 6.16287 -0.533025
-0.0135497 0.00188058 0.0347101
67
1
-2.54025 6.1596 -0.598252
-0.0149673 0.00135479 0.0345958
68
1
-2.51125 6.15639 -0.662549
-0.0160301 0.00174675 0.0333627
69
1
-2.47986 6.15225 -0.724864
-0.0165985 0.0027669 0.0318612
70
1
-2.4466 6.14635 -0.784472
-0.017176 0.00369861 0.0299924
71
1
-2.41174 6.13929 -0.840764
-0.0181882 0.00403042 0.027483
72
1
-2.37582 6.13185 -0.89329
-0.0188129 0.00399997 0.025267
73
1
-2.33936 6.12455 -0.94243
-0.01911 0.00383856 0.0237401
74
1
-2.30179 6.11823 -0.988717
-0.0198805 0.00305662 0.0224577
75
1
-2.26304 6.11329 -1.03262
-0.0206179 0.00213034 0.021476
76
1
-2.22354 6.10928 -1.07468
-0.020422 0.00197612 0.0208496
77
1
-2.18392 6.10643 -1.11537
-0.0197895 0.00178554 0.0198186
78
1
-2.14422 6.10507 -1.15377
-0.0191788 0.000686362 0.0180161
79
1
-2.10452 6.10584 -1.18883
-0.0186916 -0.000377026 0.0164246
80
1
-2.06477 6.1092 -1.22057
-0.0188373 -0.00103096 0.015524
81
1
-2.02438 6.11499 -1.24942
-0.019809 -0.00244794 0.0144856
82
1
-1.98259 6.12301 -1.27524
-0.020926 -0.00464657 0.0133172
83
1
-1.93937 6.13338 -1.29762
-0.0214615 -0.00605151 0.0117723
84
1
-1.895 6.14574 -1.31645
-0.0220259 -0.00695986 0.00925652
85
1
-1.84969 6.15993 -1.33163
-0.0227553 -0.00837856 0.00708539
86
1
-1.80369 6.17613 -1.34279
-0.0229511 -0.00942483 0.00512813
87
1
-1.75732 6.19453 -1.3496
-0.0231931 -0.0100514 0.00253061
88
1
-1.71057 6.21433 -1.35196
-0.0233631 -0.0106893 0.000213075
89
1
-1.66369 6.23475 -1.34915
-0.0226117 -0.010777 -0.00158787
90
1
-1.61629 6.25519 -1.34046
-0.0229776 -0.0109577 -0.00465484
91
1
-1.56751 6.27405 -1.32539
-0.0248322 -0.0101059 -0.00847669
92
1
-1.51761 6.28998 -1.30427
-0.0250841 -0.00758178 -0.0116945
93
1
-1.46642 6.30303 -1.27736
-0.0249529 -0.00610304 -0.0149709
94
1
-1.41482 6.31392 -1.24379
-0.0253936 -0.00468986 -0.0194141
95
1
-1.36392 6.32296 -1.20203
-0.0244511 -0.00234342 -0.0240771
96
1
-1.31297 6.32966 -1.1484
-0.0247515 -0.00119634 -0.0311811
97
1
-1.26319 6.33436 -1.0819
-0.0250211 -0.000770213 -0.0389667
98
1
-1.21494 6.33761 -1.00232
-0.0231819 -0.00184666 -0.0430437
99
1
-1.16833 6.33932 -0.90934
-0.0213379 -0.00164626 -0.050191
100
1
-1.1228 6.33694 -0.805508
-0.0226057 5.31214e-006 -0.0559265
101
1
-1.07559 6.32552 -0.688782
-0.0236142 0.0073322 -0.0600054
102
1
-1.03136 6.30001 -0.558174
-0.0225785 0.0188297 -0.0709189
103
1
-0.987977 6.25727 -0.403324
-0.0161349 0.029851 -0.0701458
104
1
-0.927389 6.17133 -0.204399
-0.0233818 0.0354961 -0.0653083
105
1
-0.697564 5.99236 -0.0925865
-0.0268434 0.0216699 0.0118468
106
1
-0.0501448 8.06104 -0.661104
-0.000986005 0.0125801 0.0768935
107
1
0.0501448 8.06104 -0.661104
-0.000986005 -0.0125801 -0.0768935
108
1
0.697564 5.99236 -0.0925865
-0.0268434 -0.0216699 -0.0118468
109
1
0.927389 6.17133 -0.204399
-0.0233818 -0.0354961 0.0653083
110
1
0.987977 6.25727 -0.403324
-0.0161349 -0.029851 0.0701458
111
1
1.03136 6.30001 -0.558174
-0.0225785 -0.0188297 0.0709189
112
1
1.07559 6.32552 -0.688782
-0.0236142 -0.0073322 0.0600054
113
1
1.1228 6.33694 -0.805508
-0.0226057 -5.31214e-006 0.0559265
114
1
1.16833 6.33932 -0.90934
-0.0213379 0.00164626 0.050191
115
1
1.21494 6.33761 -1.00232
-0.0231819 0.00184666 0.0430437
116
1
1.26319 6.33436 -1.0819
-0.0250211 0.000770213 0.0389667
117
1
1.31297 6.32966 -1.1484
-0.0247515 0.00119634 0.0311811
118
1
1.36392 6.32296 -1.20203
-0.0244511 0.00234342 0.0240771
119
1
1.41482 6.31392 -1.24379
-0.0253936 0.00468986 0.0194141
120
1
1.46642 6.30303 -1.27736
-0.0249529 0.00610304 0.0149709
121
1
1.51761 6.28998 -1.30427
-0.0250841 0.00758178 0.0116945
122
1
1.56751 6.27405 -1.32539
-0.0248322 0.0101059 0.00847669
123
1
1.61629 6.25519 -1.34046
-0.0229776 0.0109577 0.00465484
124
1
1.66369 6.23475 -1.34915
-0.0226117 0.010777 0.00158787
125
1
1.71057 6.21433 -1.35196
-0.0233631 0.0106893 -0.000213075
126
1
1.75732 6.19453 -1.3496
-0.0231931 0.0100514 -0.00253061
127
1
1.80369 6.17613 -1.34279
-0.0229511 0.00942483 -0.00512813
128
1
1.84969 6.15993 -1.33163
-0.0227553 0.00837856 -0.00708539
129
1
1.895 6.14574 -1.31645
-0.0220259 0.00695986 -0.00925652
130
1
1.93937 6.13338 -1.29762
-0.0214615 0.00605151 -0.0117723
131
1
1.98259 6.12301 -1.27524
-0.020926 0.00464657 -0.0133172
132
1
2.02438 6.11499 -1.24942
-0.019809 0.00244794 -0.0144856
133
1
2.06477 6.1092 -1.22057
-0.0188373 0.00103096 -0.015524
134
1
2.10452 6.10584 -1.18883
-0.0186916 0.000377026 -0.0164246
135
1
2.14422 6.10507 -1.15377
-0.0191788 -0.000686362 -0.0180161
136
1
2.18392 6.10643 -1.11537
-0.0197895 -0.00178554 -0.0198186
137
1
2.22354 6.10928 -1.07468
-0.020422 -0.00197612 -0.0208496
138
1
2.26304 6.11329 -1.03262
-0.0206179 -0.00213034 -0.021476
139
1
2.30179 6.11823 -0.988717
-0.0198805 -0.00305662 -0.0224577
140
1
2.33936 6.12455 -0.94243
-0.01911 -0.00383856 -0.0237401
141
1
2.37582 6.13185 -0.89329
-0.0188129 -0.00399997 -0.025267
142
1
2.41174 6.13929 -0.840764
-0.0181882 -0.00403042 -0.027483
143
1
2.4466 6.14635 -0.784472
-0.017176 -0.00369861 -0.0299924
144
1
2.47986 6.15225 -0.724864
-0.0165985 -0.0027669 -0.0318612
145
1
2.51125 6.15639 -0.662549
-0.0160301 -0.00174675 -0.0333627
146
1
2.54025 6.1596 -0.598252
-0.0149673 -0.00135479 -0.0345958
147
1
2.56679 6.16287 -0.533025
-0.0135497 -0.00188058 -0.0347101
148
1
2.59055 6.16698 -0.467365
-0.0118883 -0.00274764 -0.034411
149
1
2.61142 6.17201 -0.401254
-0.0099915 -0.00342846 -0.0342187
150
1
2.62916 6.17734 -0.334743
-0.00835475 -0.00355915 -0.0340866
151
1
2.6437 6.18258 -0.268064
-0.00697913 -0.00319629 -0.0340974
152
1
2.65513 6.18753 -0.201295
-0.00521967 -0.00310606 -0.0344383
153
1
2.6631 6.19234 -0.134458
-0.00297743 -0.00317676 -0.0346552
154
1
2.66779 6.19627 -0.0673306
-0.00107991 -0.00233019 -0.0343426
155
1
2.66922 6.19776 3.29509e-012
5.22703e-014 1.64409e-014 -0.0340315
156
1
2.66779 6.19627 0.0673306
0.00107991 0.00233019 -0.0343426
157
1
2.6631 6.19234 0.134458
0.00297743 0.00317676 -0.0346552
158
1
2.65513 6.18753 0.201295
0.00521967 0.00310606 -0.0344383
159
1
2.6437 6.18258 0.268064
0.00697913 0.00319629 -0.0340974
160
1
2.62916 6.17734 0.334743
0.00835475 0.00355915 -0.0340866
161
1
2.61142 6.17201 0.401254
0.0099915 0.00342846 -0.0342187
162
1
2.59055 6.16698 0.467365
0.0118883 0.00274764 -0.034411
163
1
2.56679 6.16287 0.533025
0.0135497 0.00188058 -0.0347101
164
1
2.54025 6.1596 0.598252
0.0149673 0.00135479 -0.0345958
165
1
2.51125 6.15639 0.662549
0.0160301 0.00174675 -0.0333627
166
1
2.47986 6.15225 0.724864
0.0165985 0.0027669 -0.0318612
167
1
2.4466 6.14635 0.784472
0.017176 0.00369861 -0.0299924
168
1
2.41174 6.13929 0.840764
0.0181882 0.00403042 -0.027483
169
1
2.37582 6.13185 0.89329
0.0188129 0.00399997 -0.025267
170
1
2.33936 6.12455 0.94243
0.01911 0.00383856 -0.0237401
171
1
2.30179 6.11823 0.988717
0.0198805 0.00305662 -0.0224577
172
1
2.26304 6.11329 1.03262
0.0206179 0.00213034 -0.021476
173
1
2.22354 6.10928 1.07468
0.020422 0.00197612 -0.0208496
174
1
2.18392 6.10643 1.11537
0.0197895 0.00178554 -0.0198186
175
1
2.14422 6.10507 1.15377
0.0191788 0.000686362 -0.0180161
176
1
2.10452 6.10584 1.18883
0.0186916 -0.000377026 -0.0164246
177
1
2.06477 6.1092 1.22057
0.0188373 -0.00103096 -0.015524
178
1
2.02438 6.11499 1.24942
0.019809 -0.00244794 -0.0144856
179
1
1.98259 6.12301 1.27524
0.020926 -0.00464657 -0.0133172
180
1
1.93937 6.13338 1.29762
0.0214615 -0.00605151 -0.0117723
181
1
1.895 6.14574 1.31645
0.0220259 -0.00695986 -0.00925652
182
1
1.84969 6.15993 1.33163
0.0227553 -0.00837856 -0.00708539
183
1
1.80369 6.17613 1.34279
0.0229511 -0.00942483 -0.00512813
184
1
1.75732 6.19453 1.3496
0.0231931 -0.0100514 -0.00253061
185
1
1.71057 6.21433 1.35196
0.0233631 -0.0106893 -0.000213075
186
1
1.66369 6.23475 1.34915
0.0226117 -0.010777 0.00158787
187
1
1.61629 6.25519 1.34046
0.0229776 -0.0109577 0.00465484
188
1
1.56751 6.27405 1.32539
0.0248322 -0.0101059 0.00847669
189
1
1.51761 6.28998 1.30427
0.0250841 -0.00758178 0.0116945
190
1
1.46642 6.30303 1.27736
0.0249529 -0.00610304 0.0149709
191
1
1.41482 6.31392 1.24379
0.0253936 -0.00468986 0.0194141
192
1
1.36392 6.32296 1.20203
0.0244511 -0.00234342 0.0240771
193
1
1.31297 6.32966 1.1484
0.0247515 -0.00119634 0.0311811
