194
0
1
0.495815 0.0831461 3.03733
0.00235523 -0.00487225 -0.0392842
1
1
0.481419 0.0867286 3.11385
0.00833353 -0.00396294 -0.0381479
2
1
0.457013 0.0908206 3.18763
0.0142321 -0.00276353 -0.0362327
3
1
0.421913 0.0944774 3.25696
0.0198585 -0.00185932 -0.033477
4
1
0.376696 0.0975758 3.32026
0.0250031 -0.00121708 -0.02991
5
1
0.322094 0.0998421 3.37579
0.0294898 -0.000796336 -0.0255932
6
1
0.259255 0.101268 3.42184
0.0331866 -0.000538424 -0.0206067
7
1
0.18995 0.1022 3.45743
0.0360364 -0.000348892 -0.0150971
8
1
0.115903 0.102766 3.48167
0.037974 -0.000197108 -0.00921017
9
1
0.0389591 0.103036 3.49395
0.0389541 -6.38344e-005 -0.00309545
10
1
-0.0389591 0.103036 3.49395
0.0389541 6.38344e-005 0.00309545
11
1
-0.115903 0.102766 3.48167
0.037974 0.000197108 0.00921017
12
1
-0.18995 0.1022 3.45743
0.0360364 0.000348892 0.0150971
13
1
-0.259255 0.101268 3.42184
0.0331866 0.000538424 0.0206067
14
1
-0.322094 0.0998421 3.37579
0.0294898 0.000796336 0.0255932
15
1
-0.376696 0.0975758 3.32026
0.0250031 0.00121708 0.02991
16
1
-0.421913 0.0944774 3.25696
0.0198585 0.00185932 0.033477
17
1
-0.457013 0.0908206 3.18763
0.0142321 0.00276353 0.0362327
18
1
-0.481419 0.0867286 3.11385
0.00833353 0.00396294 0.0381479
19
1
-0.495815 0.0831461 3.03733
0.00235523 0.00487225 0.0392842
20
1
-0.502399 0.0800855 2.95961
-0.000639119 0.00472221 0.0392034
21
1
-0.504098 0.0761466 2.88164
-0.000553209 0.00384118 0.0390569
22
1
-0.503859 0.0716128 2.80369
-0.000464548 0.00280902 0.038948
23
1
-0.50331 0.0676269 2.72585
-0.0003899 0.00203884 0.0389092
24
1
-0.502775 0.0644239 2.64804
-0.000322177 0.00151291 0.0389003
25
1
-0.502305 0.0618905 2.57024
-0.00026219 0.00115112 0.0389015
26
1
-0.501922 0.0598952 2.49243
-0.000211756 0.000898597 0.0389057
27
1
-0.501606 0.0583031 2.41462
-0.000170549 0.000716611 0.0389105
28
1
-0.501343 0.0570134 2.33679
-0.000137539 0.000581144 0.0389152
29
1
-0.501125 0.0559546 2.25896
-0.00011141 0.00047808 0.0389196
30
1
-0.500947 0.0550767 2.18111
-9.07823e-005 0.000398211 0.0389236
31
1
-0.500801 0.0543414 2.10326
-7.4383e-005 0.000335191 0.0389273
32
1
-0.50068 0.0537198 2.0254
-6.1248e-005 0.000284689 0.0389307
33
1
-0.50058 0.05319 1.94754
-5.06729e-005 0.000243669 0.0389338
34
1
-0.500496 0.0527353 1.86967
-4.21081e-005 0.000209958 0.0389365
35
1
-0.500426 0.0523427 1.79179
-3.51336e-005 0.000181959 0.038939
36
1
-0.500368 0.0520017 1.71391
-2.94261e-005 0.000158482 0.0389413
37
1
-0.500318 0.0517042 1.63603
-2.47539e-005 0.000138631 0.0389433
38
1
-0.500277 0.0514436 1.55814
-2.08876e-005 0.000121717 0.038945
39
1
-0.500242 0.0512146 1.48025
-1.76896e-005 0.000107199 0.0389466
40
1
-0.500212 0.0510128 1.40235
-1.50223e-005 9.46504e-005 0.038948
41
1
-0.500186 0.0508344 1.32446
-1.27834e-005 8.37287e-005 0.0389493
42
1
-0.500164 0.0506767 1.24656
-1.08729e-005 7.41689e-005 0.0389504
43
1
-0.500146 0.050537 1.16865
-9.29429e-006 6.57343e-005 0.0389513
44
1
-0.50013 0.0504131 1.09075
-7.95524e-006 5.82526e-005 0.0389522
45
1
-0.500117 0.0503034 1.01285
-6.81729e-006 5.15742e-005 0.038953
46
1
-0.500105 0.0502064 0.934939
-5.84382e-006 4.5577e-005 0.0389536
47
1
-0.500095 0.0501209 0.857031
-4.98459e-006 4.01569e-005 0.0389542
48
1
-0.500087 0.0500457 0.779122
-4.26302e-006 3.52186e-005 0.0389547
49
1
-0.50008 0.0499799 0.701212
-3.62057e-006 3.06935e-005 0.0389551
50
1
-0.500074 0.0499229 0.623302
-3.04454e-006 2.65163e-005 0.0389555
51
1
-0.500069 0.0498739 0.54539
-2.54471e-006 2.26279e-005 0.0389558
52
1
-0.500065 0.0498324 0.467478
-2.08568e-006 1.89834e-005 0.0389561
53
1
-0.500061 0.049798 0.389566
-1.68077e-006 1.55345e-005 0.0389563
54
1
-0.500058 0.0497703 0.311653
-1.3142e-006 1.22442e-005 0.0389565
55
1
-0.500056 0.049749 0.23374
-9.67867e-007 9.07844e-006 0.0389566
56
1
-0.500055 0.049734 0.155827
-6.38154e-007 6.0031e-006 0.0389567
57
1
-0.500054 0.049725 0.0779135
-3.16125e-007 2.98712e-006 0.0389567
58
1
-0.500054 0.0497221 -6.6607e-020
-4.65925e-020 -3.7693e-021 0.0389568
59
1
-0.500054 0.049725 -0.0779135
3.16125e-007 -2.98712e-006 0.0389567
60
1
-0.500055 0.049734 -0.155827
6.38154e-007 -6.0031e-006 0.0389567
61
1
-0.500056 0.049749 -0.23374
9.67867e-007 -9.07844e-006 0.0389566
62
1
-0.500058 0.0497703 -0.311653
1.3142e-006 -1.22442e-005 0.0389565
63
1
-0.500061 0.049798 -0.389566
1.68077e-006 -1.55345e-005 0.0389563
64
1
-0.500065 0.0498324 -0.467478
2.08568e-006 -1.89834e-005 0.0389561
65
1
-0.500069 0.0498739 -0.54539
2.54471e-006 -2.26279e-005 0.0389558
66
1
-0.500074 0.0499229 -0.623302
3.04454e-006 -2.65163e-005 0.0389555
67
1
-0.50008 0.0499799 -0.701212
3.62057e-006 -3.06935e-005 0.0389551
68
1
-0.500087 0.0500457 -0.779122
4.26302e-006 -3.52186e-005 0.0389547
69
1
-0.500095 0.0501209 -0.857031
4.98459e-006 -4.01569e-005 0.0389542
70
1
-0.500105 0.0502064 -0.934939
5.84382e-006 -4.5577e-005 0.0389536
71
1
-0.500117 0.0503034 -1.01285
6.81729e-006 -5.15742e-005 0.038953
72
1
-0.50013 0.0504131 -1.09075
7.95524e-006 -5.82526e-005 0.0389522
73
1
-0.500146 0.050537 -1.16865
9.29429e-006 -6.57343e-005 0.0389513
74
1
-0.500164 0.0506767 -1.24656
1.08729e-005 -7.41689e-005 0.0389504
75
1
-0.500186 0.0508344 -1.32446
1.27834e-005 -8.37287e-005 0.0389493
76
1
-0.500212 0.0510128 -1.40235
1.50223e-005 -9.46504e-005 0.038948
77
1
-0.500242 0.0512146 -1.48025
1.76896e-005 -0.000107199 0.0389466
78
1
-0.500277 0.0514436 -1.55814
2.08876e-005 -0.000121717 0.038945
79
1
-0.500318 0.0517042 -1.63603
2.47539e-005 -0.000138631 0.0389433
80
1
-0.500368 0.0520017 -1.71391
2.94261e-005 -0.000158482 0.0389413
81
1
-0.500426 0.0523427 -1.79179
3.51336e-005 -0.000181959 0.038939
82
1
-0.500496 0.0527353 -1.86967
4.21081e-005 -0.000209958 0.0389365
83
1
-0.50058 0.05319 -1.94754
5.06729e-005 -0.000243669 0.0389338
84
1
-0.50068 0.0537198 -2.0254
6.1248e-005 -0.000284689 0.0389307
85
1
-0.500801 0.0543414 -2.10326
7.4383e-005 -0.000335191 0.0389273
86
1
-0.500947 0.0550767 -2.18111
9.07823e-005 -0.000398211 0.0389236
87
1
-0.501125 0.0559546 -2.25896
0.00011141 -0.00047808 0.0389196
88
1
-0.501343 0.0570134 -2.33679
0.000137539 -0.000581144 0.0389152
89
1
-0.501606 0.0583031 -2.41462
0.000170549 -0.000716611 0.0389105
90
1
-0.501922 0.0598952 -2.49243
0.000211756 -0.000898597 0.0389057
91
1
-0.502305 0.0618905 -2.57024
0.00026219 -0.00115112 0.0389015
92
1
-0.502775 0.0644239 -2.64804
0.000322177 -0.00151291 0.0389003
93
1
-0.50331 0.0676269 -2.72585
0.0003899 -0.00203884 0.0389092
94
1
-0.503859 0.0716128 -2.80369
0.000464548 -0.00280902 0.038948
95
1
-0.504098 0.0761466 -2.88164
0.000553209 -0.00384118 0.0390569
96
1
-0.502399 0.0800855 -2.95961
0.000639119 -0.00472221 0.0392034
97
1
-0.495815 0.0831461 -3.03733
-0.00235523 -0.00487225 0.0392842
98
1
-0.481419 0.0867286 -3.11385
-0.00833353 -0.00396294 0.0381479
99
1
-0.457013 0.0908206 -3.18763
-0.0142321 -0.00276353 0.0362327
100
1
-0.421913 0.0944774 -3.25696
-0.0198585 -0.00185932 0.033477
101
1
-0.376696 0.0975758 -3.32026
-0.0250031 -0.00121708 0.02991
102
1
-0.322094 0.0998421 -3.37579
-0.0294898 -0.000796336 0.0255932
103
1
-0.259255 0.101268 -3.42184
-0.0331866 -0.000538424 0.0206067
104
1
-0.18995 0.1022 -3.45743
-0.0360364 -0.000348892 0.0150971
105
1
-0.115903 0.102766 -3.48167
-0.037974 -0.000197108 0.00921017
106
1
-0.0389591 0.103036 -3.49395
-0.0389541 -6.38344e-005 0.00309545
107
1
0.0389591 0.103036 -3.49395
-0.0389541 6.38344e-005 -0.00309545
108
1
0.115903 0.102766 -3.48167
-0.037974 0.000197108 -0.00921017
109
1
0.18995 0.1022 -3.45743
-0.0360364 0.000348892 -0.0150971
110
1
0.259255 0.101268 -3.42184
-0.0331866 0.000538424 -0.0206067
111
1
0.322094 0.0998421 -3.37579
-0.0294898 0.000796336 -0.0255932
112
1
0.376696 0.0975758 -3.32026
-0.0250031 0.00121708 -0.02991
113
1
0.421913 0.0944774 -3.25696
-0.0198585 0.00185932 -0.033477
114
1
0.457013 0.0908206 -3.18763
-0.0142321 0.00276353 -0.0362327
115
1
0.481419 0.0867286 -3.11385
-0.00833353 0.00396294 -0.0381479
116
1
0.495815 0.0831461 -3.03733
-0.00235523 0.00487225 -0.0392842
117
1
0.502399 0.0800855 -2.95961
0.000639119 0.00472221 -0.0392034
118
1
0.504098 0.0761466 -2.88164
0.000553209 0.00384118 -0.0390569
119
1
0.503859 0.0716128 -2.80369
0.000464548 0.00280902 -0.038948
120
1
0.50331 0.0676269 -2.72585
0.0003899 0.00203884 -0.0389092
121
1
0.502775 0.0644239 -2.64804
0.000322177 0.00151291 -0.0389003
122
1
0.502305 0.0618905 -2.57024
0.00026219 0.00115112 -0.0389015
123
1
0.501922 0.0598952 -2.49243
0.000211756 0.000898597 -0.0389057
124
1
0.501606 0.0583031 -2.41462
0.000170549 0.000716611 -0.0389105
125
1
0.501343 0.0570134 -2.33679
0.000137539 0.000581144 -0.0389152
126
1
0.501125 0.0559546 -2.25896
0.00011141 0.00047808 -0.0389196
127
1
0.500947 0.0550767 -2.18111
9.07823e-005 0.000398211 -0.0389236
128
1
0.500801 0.0543414 -2.10326
7.4383e-005 0.000335191 -0.0389273
129
1
0.50068 0.0537198 -2.0254
6.1248e-005 0.000284689 -0.0389307
130
1
0.50058 0.05319 -1.94754
5.06729e-005 0.000243669 -0.0389338
131
1
0.500496 0.0527353 -1.86967
4.21081e-005 0.000209958 -0.0389365
132
1
0.500426 0.0523427 -1.79179
3.51336e-005 0.000181959 -0.038939
133
1
0.500368 0.0520017 -1.71391
2.94261e-005 0.000158482 -0.0389413
134
1
0.500318 0.0517042 -1.63603
2.47539e-005 0.000138631 -0.0389433
135
1
0.500277 0.0514436 -1.55814
2.08876e-005 0.000121717 -0.038945
136
1
0.500242 0.0512146 -1.48025
1.76896e-005 0.000107199 -0.0389466
137
1
0.500212 0.0510128 -1.40235
1.50223e-005 9.46504e-005 -0.038948
138
1
0.500186 0.0508344 -1.32446
1.27834e-005 8.37287e-005 -0.0389493
139
1
0.500164 0.0506767 -1.24656
1.08729e-005 7.41689e-005 -0.0389504
140
1
0.500146 0.050537 -1.16865
9.29429e-006 6.57343e-005 -0.0389513
141
1
0.50013 0.0504131 -1.09075
7.95524e-006 5.82526e-005 -0.0389522
142
1
0.500117 0.0503034 -1.01285
6.81729e-006 5.15742e-005 -0.038953
143
1
0.500105 0.0502064 -0.934939
5.84382e-006 4.5577e-005 -0.0389536
144
1
0.500095 0.0501209 -0.857031
4.98459e-006 4.01569e-005 -0.0389542
145
1
0.500087 0.0500457 -0.779122
4.26302e-006 3.52186e-005 -0.0389547
146
1
0.50008 0.0499799 -0.701212
3.62057e-006 3.06935e-005 -0.0389551
147
1
0.500074 0.0499229 -0.623302
3.04454e-006 2.65163e-005 -0.0389555
148
1
0.500069 0.0498739 -0.54539
2.54471e-006 2.26279e-005 -0.0389558
149
1
0.500065 0.0498324 -0.467478
2.08568e-006 1.89834e-005 -0.0389561
150
1
0.500061 0.049798 -0.389566
1.68077e-006 1.55345e-005 -0.0389563
151
1
0.500058 0.0497703 -0.311653
1.3142e-006 1.22442e-005 -0.0389565
152
1
0.500056 0.049749 -0.23374
9.67867e-007 9.07844e-006 -0.0389566
153
1
0.500055 0.049734 -0.155827
6.38154e-007 6.0031e-006 -0.0389567
154
1
0.500054 0.049725 -0.0779135
3.16125e-007 2.98712e-006 -0.0389567
155
1
0.500054 0.0497221 7.02227e-020
2.97952e-020 2.21782e-020 -0.0389568
156
1
0.500054 0.049725 0.0779135
-3.16125e-007 -2.98712e-006 -0.0389567
157
1
0.500055 0.049734 0.155827
-6.38154e-007 -6.0031e-006 -0.0389567
158
1
0.500056 0.049749 0.23374
-9.67867e-007 -9.07844e-006 -0.0389566
159
1
0.500058 0.0497703 0.311653
-1.3142e-006 -1.22442e-005 -0.0389565
160
1
0.500061 0.049798 0.389566
-1.68077e-006 -1.55345e-005 -0.0389563
161
1
0.500065 0.0498324 0.467478
-2.08568e-006 -1.89834e-005 -0.0389561
162
1
0.500069 0.0498739 0.54539
-2.54471e-006 -2.26279e-005 -0.0389558
163
1
0.500074 0.0499229 0.623302
-3.04454e-006 -2.65163e-005 -0.0389555
164
1
0.50008 0.0499799 0.701212
-3.62057e-006 -3.06935e-005 -0.0389551
165
1
0.500087 0.0500457 0.779122
-4.26302e-006 -3.52186e-005 -0.0389547
166
1
0.500095 0.0501209 0.857031
-4.98459e-006 -4.01569e-005 -0.0389542
167
1
0.500105 0.0502064 0.934939
-5.84382e-006 -4.5577e-005 -0.0389536
168
1
0.500117 0.0503034 1.01285
-6.81729e-006 -5.15742e-005 -0.038953
169
1
0.50013 0.0504131 1.09075
-7.95524e-006 -5.82526e-005 -0.0389522
170
1
0.500146 0.050537 1.16865
-9.29429e-006 -6.57343e-005 -0.0389513
171
1
0.500164 0.0506767 1.24656
-1.08729e-005 -7.41689e-005 -0.0389504
172
1
0.500186 0.0508344 1.32446
-1.27834e-005 -8.37287e-005 -0.0389493
173
1
0.500212 0.0510128 1.40235
-1.50223e-005 -9.46504e-005 -0.038948
174
1
0.500242 0.0512146 1.48025
-1.76896e-005 -0.000107199 -0.0389466
175
1
0.500277 0.0514436 1.55814
-2.08876e-005 -0.000121717 -0.038945
176
1
0.500318 0.0517042 1.63603
-2.47539e-005 -0.000138631 -0.0389433
177
1
0.500368 0.0520017 1.71391
-2.94261e-005 -0.000158482 -0.0389413
178
1
0.500426 0.0523427 1.79179
-3.51336e-005 -0.000181959 -0.038939
179
1
0.500496 0.0527353 1.86967
-4.21081e-005 -0.000209958 -0.0389365
180
1
0.50058 0.05319 1.94754
-5.06729e-005 -0.000243669 -0.0389338
181
1
0.50068 0.0537198 2.0254
-6.1248e-005 -0.000284689 -0.0389307
182
1
0.500801 0.0543414 2.10326
-7.4383e-005 -0.000335191 -0.0389273
183
1
0.500947 0.0550767 2.18111
-9.07823e-005 -0.000398211 -0.0389236
184
1
0.501125 0.0559546 2.25896
-0.00011141 -0.00047808 -0.0389196
185
1
0.501343 0.0570134 2.33679
-0.000137539 -0.000581144 -0.0389152
186
1
0.501606 0.0583031 2.41462
-0.000170549 -0.000716611 -0.0389105
187
1
0.501922 0.0598952 2.49243
-0.000211756 -0.000898597 -0.0389057
188
1
0.502305 0.0618905 2.57024
-0.00026219 -0.00115112 -0.0389015
189
1
0.502775 0.0644239 2.64804
-0.000322177 -0.00151291 -0.0389003
190
1
0.50331 0.0676269 2.72585
-0.0003899 -0.00203884 -0.0389092
191
1
0.503859 0.0716128 2.80369
-0.000464548 -0.00280902 -0.038948
192
1
0.504098 0.0761466 2.88164
-0.000553209 -0.00384118 -0.0390569
193
1
0.502399 0.0800855 2.95961
-0.000639119 -0.00472221 -0.0392034
