194
0
1
0.688404 1.48594 2.46036
0.0185806 -0.0263547 -0.0222828
1
1
0.646942 1.53581 2.50289
0.0230044 -0.0253245 -0.0210318
2
1
0.596899 1.58417 2.54298
0.0272073 -0.0234443 -0.0197244
3
1
0.538191 1.62948 2.5796
0.031788 -0.0212398 -0.0182353
4
1
0.471017 1.67 2.61164
0.0350809 -0.018972 -0.0151613
5
1
0.396459 1.70505 2.63781
0.0385075 -0.0159675 -0.0112005
6
1
0.315496 1.73373 2.65776
0.0418509 -0.0123457 -0.00798344
7
1
0.229124 1.75517 2.67187
0.0442115 -0.00884727 -0.00550635
8
1
0.1389 1.76912 2.68113
0.0457688 -0.00541368 -0.00314867
9
1
0.0465262 1.77589 2.68585
0.0465851 -0.00181506 -0.000993006
10
1
-0.0465262 1.77589 2.68585
0.0465851 0.00181506 0.000993006
11
1
-0.1389 1.76912 2.68113
0.0457688 0.00541368 0.00314867
12
1
-0.229124 1.75517 2.67187
0.0442115 0.00884727 0.00550635
13
1
-0.315496 1.73373 2.65776
0.0418509 0.0123457 0.00798344
14
1
-0.396459 1.70505 2.63781
0.0385075 0.0159675 0.0112005
15
1
-0.471017 1.67 2.61164
0.0350809 0.018972 0.0151613
16
1
-0.538191 1.62948 2.5796
0.031788 0.0212398 0.0182353
17
1
-0.596899 1.58417 2.54298
0.0272073 0.0234443 0.0197244
18
1
-0.646942 1.53581 2.50289
0.0230044 0.0253245 0.0210318
19
1
-0.688404 1.48594 2.46036
0.0185806 0.0263547 0.0222828
20
1
-0.721896 1.43645 2.41573
0.0137625 0.0255591 0.0232722
21
1
-0.748926 1.38916 2.36852
0.0106164 0.0237805 0.024642
22
1
-0.770129 1.34484 2.3184
0.00792139 0.021785 0.0258982
23
1
-0.786313 1.30323 2.26593
0.00566186 0.0200915 0.0271503
24
1
-0.798396 1.26411 2.21162
0.00367354 0.0191164 0.027725
25
1
-0.806559 1.22697 2.15603
0.00249054 0.0189076 0.0275794
26
1
-0.811455 1.19092 2.10012
0.00168797 0.0185529 0.0275
27
1
-0.813565 1.15647 2.04397
0.000430363 0.0178212 0.0275623
28
1
-0.812027 1.12421 1.9875
-0.00144866 0.0170272 0.0274793
29
1
-0.805627 1.09406 1.93108
-0.0035525 0.0161456 0.0272933
30
1
-0.794273 1.06542 1.87546
-0.00558728 0.0149058 0.0272057
31
1
-0.779188 1.03813 1.82069
-0.00752124 0.0132058 0.0273104
32
1
-0.761853 1.01286 1.76601
-0.00929742 0.0112173 0.027594
33
1
-0.743203 0.99075 1.71041
-0.0107064 0.00914641 0.0280181
34
1
-0.723538 0.972865 1.65335
-0.0115788 0.0071046 0.0285291
35
1
-0.702909 0.959573 1.59494
-0.0118866 0.00515398 0.0290811
36
1
-0.681616 0.950493 1.53544
-0.0117005 0.00335526 0.0296688
37
1
-0.660255 0.944861 1.47496
-0.0111337 0.00176566 0.0302988
38
1
-0.639572 0.941944 1.41341
-0.0103071 0.000426936 0.0309596
39
1
-0.620212 0.941168 1.35069
-0.00932788 -0.000637299 0.0316256
40
1
-0.602616 0.942093 1.28671
-0.00828047 -0.00142644 0.0322719
41
1
-0.586993 0.944359 1.22148
-0.00722713 -0.00196243 0.0328828
42
1
-0.573356 0.947614 1.15509
-0.00621262 -0.00228213 0.0334521
43
1
-0.561619 0.951515 1.08761
-0.00526737 -0.00242844 0.0339778
44
1
-0.551634 0.955763 1.01913
-0.00441063 -0.00244341 0.0344596
45
1
-0.543227 0.960108 0.94975
-0.00365253 -0.00236448 0.0348973
46
1
-0.536221 0.964361 0.879544
-0.00299515 -0.00222242 0.0352915
47
1
-0.53044 0.96839 0.808598
-0.00243483 -0.00204124 0.035643
48
1
-0.525713 0.972109 0.736992
-0.00196385 -0.00183879 0.0359535
49
1
-0.521881 0.975469 0.664807
-0.00157219 -0.00162801 0.036225
50
1
-0.518803 0.978447 0.592116
-0.00124869 -0.00141721 0.0364598
51
1
-0.51635 0.981036 0.51899
-0.000982782 -0.0012118 0.0366603
52
1
-0.514422 0.983244 0.445496
-0.000764074 -0.00101445 0.0368288
53
1
-0.512927 0.985078 0.371695
-0.000583782 -0.000826591 0.0369674
54
1
-0.511795 0.986553 0.297645
-0.000433442 -0.000647842 0.037078
55
1
-0.510968 0.987683 0.2234
-0.000306496 -0.000477619 0.0371623
56
1
-0.510409 0.98848 0.149012
-0.000195587 -0.000313961 0.0372216
57
1
-0.510083 0.988954 0.0745294
-9.53129e-005 -0.000155583 0.0372568
58
1
-0.509979 0.989111 -5.41473e-017
2.04249e-018 2.30249e-017 0.0372684
59
1
-0.510083 0.988954 -0.0745294
9.53129e-005 0.000155583 0.0372568
60
1
-0.510409 0.98848 -0.149012
0.000195587 0.000313961 0.0372216
61
1
-0.510968 0.987683 -0.2234
0.000306496 0.000477619 0.0371623
62
1
-0.511795 0.986553 -0.297645
0.000433442 0.000647842 0.037078
63
1
-0.512927 0.985078 -0.371695
0.000583782 0.000826591 0.0369674
64
1
-0.514422 0.983244 -0.445496
0.000764074 0.00101445 0.0368288
65
1
-0.51635 0.981036 -0.51899
0.000982782 0.0012118 0.0366603
66
1
-0.518803 0.978447 -0.592116
0.00124869 0.00141721 0.0364598
67
1
-0.521881 0.975469 -0.664807
0.00157219 0.00162801 0.036225
68
1
-0.525713 0.972109 -0.736992
0.00196385 0.00183879 0.0359535
69
1
-0.53044 0.96839 -0.808598
0.00243483 0.00204124 0.035643
70
1
-0.536221 0.964361 -0.879544
0.00299515 0.00222242 0.0352915
71
1
-0.543227 0.960108 -0.94975
0.00365253 0.00236448 0.0348973
72
1
-0.551634 0.955763 -1.01913
0.00441063 0.00244341 0.0344596
73
1
-0.561619 0.951515 -1.08761
0.00526737 0.00242844 0.0339778
74
1
-0.573356 0.947614 -1.15509
0.00621262 0.00228213 0.0334521
75
1
-0.586993 0.944359 -1.22148
0.00722713 0.00196243 0.0328828
76
1
-0.602616 0.942093 -1.28671
0.00828047 0.00142644 0.0322719
77
1
-0.620212 0.941168 -1.35069
0.00932788 0.000637299 0.0316256
78
1
-0.639572 0.941944 -1.41341
0.0103071 -0.000426936 0.0309596
79
1
-0.660255 0.944861 -1.47496
0.0111337 -0.00176566 0.0302988
80
1
-0.681616 0.950493 -1.53544
0.0117005 -0.00335526 0.0296688
81
1
-0.702909 0.959573 -1.59494
0.0118866 -0.00515398 0.0290811
82
1
-0.723538 0.972865 -1.65335
0.0115788 -0.0071046 0.0285291
83
1
-0.743203 0.99075 -1.71041
0.0107064 -0.00914641 0.0280181
84
1
-0.761853 1.01286 -1.76601
0.00929742 -0.0112173 0.027594
85
1
-0.779188 1.03813 -1.82069
0.00752124 -0.0132058 0.0273104
86
1
-0.794273 1.06542 -1.87546
0.00558728 -0.0149058 0.0272057
87
1
-0.805627 1.09406 -1.93108
0.0035525 -0.0161456 0.0272933
88
1
-0.812027 1.12421 -1.9875
0.00144866 -0.0170272 0.0274793
89
1
-0.813565 1.15647 -2.04397
-0.000430363 -0.0178212 0.0275623
90
1
-0.811455 1.19092 -2.10012
-0.00168797 -0.0185529 0.0275
91
1
-0.806559 1.22697 -2.15603
-0.00249054 -0.0189076 0.0275794
92
1
-0.798396 1.26411 -2.21162
-0.00367354 -0.0191164 0.027725
93
1
-0.786313 1.30323 -2.26593
-0.00566186 -0.0200915 0.0271503
94
1
-0.770129 1.34484 -2.3184
-0.00792139 -0.021785 0.0258982
95
1
-0.748926 1.38916 -2.36852
-0.0106164 -0.0237805 0.024642
96
1
-0.721896 1.43645 -2.41573
-0.0137625 -0.0255591 0.0232722
97
1
-0.688404 1.48594 -2.46036
-0.0185806 -0.0263547 0.0222828
98
1
-0.646942 1.53581 -2.50289
-0.0230044 -0.0253245 0.0210318
99
1
-0.596899 1.58417 -2.54298
-0.0272073 -0.0234443 0.0197244
100
1
-0.538191 1.62948 -2.5796
-0.031788 -0.0212398 0.0182353
101
1
-0.471017 1.67 -2.61164
-0.0350809 -0.018972 0.0151613
102
1
-0.396459 1.70505 -2.63781
-0.0385075 -0.0159675 0.0112005
103
1
-0.315496 1.73373 -2.65776
-0.0418509 -0.0123457 0.00798344
104
1
-0.229124 1.75517 -2.67187
-0.0442115 -0.00884727 0.00550635
105
1
-0.1389 1.76912 -2.68113
-0.0457688 -0.00541368 0.00314867
106
1
-0.0465262 1.77589 -2.68585
-0.0465851 -0.00181506 0.000993006
107
1
0.0465262 1.77589 -2.68585
-0.0465851 0.00181506 -0.000993006
108
1
0.1389 1.76912 -2.68113
-0.0457688 0.00541368 -0.00314867
109
1
0.229124 1.75517 -2.67187
-0.0442115 0.00884727 -0.00550635
110
1
0.315496 1.73373 -2.65776
-0.0418509 0.0123457 -0.00798344
111
1
0.396459 1.70505 -2.63781
-0.0385075 0.0159675 -0.0112005
112
1
0.471017 1.67 -2.61164
-0.0350809 0.018972 -0.0151613
113
1
0.538191 1.62948 -2.5796
-0.031788 0.0212398 -0.0182353
114
1
0.596899 1.58417 -2.54298
-0.0272073 0.0234443 -0.0197244
115
1
0.646942 1.53581 -2.50289
-0.0230044 0.0253245 -0.0210318
116
1
0.688404 1.48594 -2.46036
-0.0185806 0.0263547 -0.0222828
117
1
0.721896 1.43645 -2.41573
-0.0137625 0.0255591 -0.0232722
118
1
0.748926 1.38916 -2.36852
-0.0106164 0.0237805 -0.024642
119
1
0.770129 1.34484 -2.3184
-0.00792139 0.021785 -0.0258982
120
1
0.786313 1.30323 -2.26593
-0.00566186 0.0200915 -0.0271503
121
1
0.798396 1.26411 -2.21162
-0.00367354 0.0191164 -0.027725
122
1
0.806559 1.22697 -2.15603
-0.00249054 0.0189076 -0.0275794
123
1
0.811455 1.19092 -2.10012
-0.00168797 0.0185529 -0.0275
124
1
0.813565 1.15647 -2.04397
-0.000430363 0.0178212 -0.0275623
125
1
0.812027 1.12421 -1.9875
0.00144866 0.0170272 -0.0274793
126
1
0.805627 1.09406 -1.93108
0.0035525 0.0161456 -0.0272933
127
1
0.794273 1.06542 -1.87546
0.00558728 0.0149058 -0.0272057
128
1
0.779188 1.03813 -1.82069
0.00752124 0.0132058 -0.0273104
129
1
0.761853 1.01286 -1.76601
0.00929742 0.0112173 -0.027594
130
1
0.743203 0.99075 -1.71041
0.0107064 0.00914641 -0.0280181
131
1
0.723538 0.972865 -1.65335
0.0115788 0.0071046 -0.0285291
132
1
0.702909 0.959573 -1.59494
0.0118866 0.00515398 -0.0290811
133
1
0.681616 0.950493 -1.53544
0.0117005 0.00335526 -0.0296688
134
1
0.660255 0.944861 -1.47496
0.0111337 0.00176566 -0.0302988
135
1
0.639572 0.941944 -1.41341
0.0103071 0.000426936 -0.0309596
136
1
0.620212 0.941168 -1.35069
0.00932788 -0.000637299 -0.0316256
137
1
0.602616 0.942093 -1.28671
0.00828047 -0.00142644 -0.0322719
138
1
0.586993 0.944359 -1.22148
0.00722713 -0.00196243 -0.0328828
139
1
0.573356 0.947614 -1.15509
0.00621262 -0.00228213 -0.0334521
140
1
0.561619 0.951515 -1.08761
0.00526737 -0.00242844 -0.0339778
141
1
0.551634 0.955763 -1.01913
0.00441063 -0.00244341 -0.0344596
142
1
0.543227 0.960108 -0.94975
0.00365253 -0.00236448 -0.0348973
143
1
0.536221 0.964361 -0.879544
0.00299515 -0.00222242 -0.0352915
144
1
0.53044 0.96839 -0.808598
0.00243483 -0.00204124 -0.035643
145
1
0.525713 0.972109 -0.736992
0.00196385 -0.00183879 -0.0359535
146
1
0.521881 0.975469 -0.664807
0.00157219 -0.00162801 -0.036225
147
1
0.518803 0.978447 -0.592116
0.00124869 -0.00141721 -0.0364598
148
1
0.51635 0.981036 -0.51899
0.000982782 -0.0012118 -0.0366603
149
1
0.514422 0.983244 -0.445496
0.000764074 -0.00101445 -0.0368288
150
1
0.512927 0.985078 -0.371695
0.000583782 -0.000826591 -0.0369674
151
1
0.511795 0.986553 -0.297645
0.000433442 -0.000647842 -0.037078
152
1
0.510968 0.987683 -0.2234
0.000306496 -0.000477619 -0.0371623
153
1
0.510409 0.98848 -0.149012
0.000195587 -0.000313961 -0.0372216
154
1
0.510083 0.988954 -0.0745294
9.53129e-005 -0.000155583 -0.0372568
155
1
0.509979 0.989111 -3.12351e-017
-9.4625e-018 -2.06524e-017 -0.0372684
156
1
0.510083 0.988954 0.0745294
-9.53129e-005 0.000155583 -0.0372568
157
1
0.510409 0.98848 0.149012
-0.000195587 0.000313961 -0.0372216
158
1
0.510968 0.987683 0.2234
-0.000306496 0.000477619 -0.0371623
159
1
0.511795 0.986553 0.297645
-0.000433442 0.000647842 -0.037078
160
1
0.512927 0.985078 0.371695
-0.000583782 0.000826591 -0.0369674
161
1
0.514422 0.983244 0.445496
-0.000764074 0.00101445 -0.0368288
162
1
0.51635 0.981036 0.51899
-0.000982782 0.0012118 -0.0366603
163
1
0.518803 0.978447 0.592116
-0.00124869 0.00141721 -0.0364598
164
1
0.521881 0.975469 0.664807
-0.00157219 0.00162801 -0.036225
165
1
0.525713 0.972109 0.736992
-0.00196385 0.00183879 -0.0359535
166
1
0.53044 0.96839 0.808598
-0.00243483 0.00204124 -0.035643
167
1
0.536221 0.964361 0.879544
-0.00299515 0.00222242 -0.0352915
168
1
0.543227 0.960108 0.94975
-0.00365253 0.00236448 -0.0348973
169
1
0.551634 0.955763 1.01913
-0.00441063 0.00244341 -0.0344596
170
1
0.561619 0.951515 1.08761
-0.00526737 0.00242844 -0.0339778
171
1
0.573356 0.947614 1.15509
-0.00621262 0.00228213 -0.0334521
172
1
0.586993 0.944359 1.22148
-0.00722713 0.00196243 -0.0328828
173
1
0.602616 0.942093 1.28671
-0.00828047 0.00142644 -0.0322719
174
1
0.620212 0.941168 1.35069
-0.00932788 0.000637299 -0.0316256
175
1
0.639572 0.941944 1.41341
-0.0103071 -0.000426936 -0.0309596
176
1
0.660255 0.944861 1.47496
-0.0111337 -0.00176566 -0.0302988
177
1
0.681616 0.950493 1.53544
-0.0117005 -0.00335526 -0.0296688
178
1
0.702909 0.959573 1.59494
-0.0118866 -0.00515398 -0.0290811
179
1
0.723538 0.972865 1.65335
-0.0115788 -0.0071046 -0.0285291
180
1
0.743203 0.99075 1.71041
-0.0107064 -0.00914641 -0.0280181
181
1
0.761853 1.01286 1.76601
-0.00929742 -0.0112173 -0.027594
182
1
0.779188 1.03813 1.82069
-0.00752124 -0.0132058 -0.0273104
183
1
0.794273 1.06542 1.87546
-0.00558728 -0.0149058 -0.0272057
184
1
0.805627 1.09406 1.93108
-0.0035525 -0.0161456 -0.0272933
185
1
0.812027 1.12421 1.9875
-0.00144866 -0.0170272 -0.0274793
186
1
0.813565 1.15647 2.04397
0.000430363 -0.0178212 -0.0275623
187
1
0.811455 1.19092 2.10012
0.00168797 -0.0185529 -0.0275
188
1
0.806559 1.22697 2.15603
0.00249054 -0.0189076 -0.0275794
189
1
0.798396 1.26411 2.21162
0.00367354 -0.0191164 -0.027725
190
1
0.786313 1.30323 2.26593
0.00566186 -0.0200915 -0.0271503
191
1
0.770129 1.34484 2.3184
0.00792139 -0.021785 -0.0258982
192
1
0.748926 1.38916 2.36852
0.0106164 -0.0237805 -0.024642
193
1
0.721896 1.43645 2.41573
0.0137625 -0.0255591 -0.0232722
