194
0
1
1.37192 6.73467 1.01024
0.0321088 0.00637556 0.0343136
1
1
1.31106 6.71788 0.939493
0.0282793 0.0101949 0.038707
2
1
1.25481 6.69253 0.854994
0.0255697 0.0169922 0.0453927
3
1
1.20594 6.65959 0.756968
0.0229232 0.0188003 0.0523884
4
1
1.1584 6.6208 0.643755
0.0238473 0.0205662 0.0581668
5
1
1.10228 6.5726 0.519619
0.0301528 0.0282081 0.066083
6
1
1.02438 6.5079 0.381278
0.0378022 0.0338128 0.0591569
7
1
0.915947 6.4225 0.199621
0.0403381 0.0260428 0.0597136
8
1
0.693102 6.20045 0.0871997
0.0353268 0.0295448 -0.0107349
9
1
0.0490267 8.59767 0.741889
0.000913488 0.0061436 -0.0776741
10
1
-0.0490267 8.59767 0.741889
0.000913488 -0.0061436 0.0776741
11
1
-0.693102 6.20045 0.0871997
0.0353268 -0.0295448 0.0107349
12
1
-0.915947 6.4225 0.199621
0.0403381 -0.0260428 -0.0597136
13
1
-1.02438 6.5079 0.381278
0.0378022 -0.0338128 -0.0591569
14
1
-1.10228 6.5726 0.519619
0.0301528 -0.0282081 -0.066083
15
1
-1.1584 6.6208 0.643755
0.0238473 -0.0205662 -0.0581668
16
1
-1.20594 6.65959 0.756968
0.0229232 -0.0188003 -0.0523884
17
1
-1.25481 6.69253 0.854994
0.0255697 -0.0169922 -0.0453927
18
1
-1.31106 6.71788 0.939493
0.0282793 -0.0101949 -0.038707
19
1
-1.37192 6.73467 1.01024
0.0321088 -0.00637556 -0.0343136
20
1
-1.43386 6.74438 1.07028
0.0319913 -0.0023318 -0.0274869
21
1
-1.49473 6.74764 1.12212
0.0301146 0.000503874 -0.0227252
22
1
-1.55298 6.74477 1.1666
0.0295461 0.00298744 -0.0204471
23
1
-1.61119 6.73784 1.20494
0.0285815 0.00354563 -0.0171332
24
1
-1.66916 6.72929 1.23702
0.0289428 0.00340332 -0.0148778
25
1
-1.72569 6.72014 1.26371
0.0281857 0.00420091 -0.0136834
26
1
-1.78033 6.71007 1.28564
0.0253388 0.00476392 -0.0109594
27
1
-1.83236 6.69893 1.30251
0.0244798 0.00508341 -0.00788913
28
1
-1.88275 6.68663 1.3142
0.0252019 0.00581773 -0.00571909
29
1
-1.93215 6.67281 1.32084
0.0247092 0.00659216 -0.00284119
30
1
-1.98026 6.65766 1.32249
0.023976 0.00756432 5.71638e-005
31
1
-2.02705 6.64181 1.31886
0.0234927 0.00808544 0.00215044
32
1
-2.07204 6.62536 1.31034
0.0223412 0.00833707 0.00435212
33
1
-2.1147 6.60845 1.29766
0.0211914 0.00924952 0.00673949
34
1
-2.15493 6.59136 1.28111
0.0199162 0.00960264 0.00861022
35
1
-2.19248 6.57457 1.26075
0.0175705 0.00878886 0.0107258
36
1
-2.2273 6.55819 1.23695
0.0155986 0.00835141 0.0127573
37
1
-2.26025 6.54266 1.2096
0.0148321 0.00830216 0.014426
38
1
-2.29162 6.52832 1.17789
0.0140675 0.00745497 0.0169585
39
1
-2.32127 6.51537 1.14171
0.013071 0.00593545 0.0199506
40
1
-2.34947 6.50472 1.10188
0.0128186 0.0046503 0.0217901
41
1
-2.37659 6.49697 1.05911
0.0125051 0.00326444 0.0229893
42
1
-2.40234 6.49134 1.01333
0.011335 0.0017658 0.0247419
43
1
-2.42663 6.48751 0.964223
0.0106814 0.000986098 0.0264603
44
1
-2.4501 6.48496 0.911733
0.011243 0.000624068 0.0277411
45
1
-2.4739 6.48361 0.855801
0.0119754 9.1434e-005 0.0294068
46
1
-2.49804 6.48398 0.796565
0.0125832 -0.00056713 0.031156
47
1
-2.52256 6.48613 0.73505
0.0134267 -0.00156824 0.032154
48
1
-2.54718 6.48961 0.671996
0.0137795 -0.0027336 0.0330206
49
1
-2.57061 6.4943 0.607691
0.0129068 -0.00340257 0.0340786
50
1
-2.59167 6.49951 0.542508
0.0110486 -0.00342802 0.0344563
51
1
-2.60936 6.5046 0.476539
0.00880877 -0.00282975 0.0345756
52
1
-2.62366 6.50908 0.409689
0.006546 -0.00211296 0.0347407
53
1
-2.63483 6.51266 0.342146
0.00486915 -0.00181862 0.0347567
54
1
-2.64328 6.51542 0.274285
0.00376111 -0.00151016 0.0347782
55
1
-2.64919 6.51713 0.206201
0.00241448 -0.000747494 0.0351921
56
1
-2.65226 6.51792 0.137877
0.000631798 0.000136223 0.0355602
57
1
-2.65327 6.51813 0.0690843
-0.000463019 0.000293671 0.0353275
58
1
-2.65329 6.51804 -1.84331e-011
-4.07926e-013 3.78409e-013 0.0350362
59
1
-2.65327 6.51813 -0.0690844
0.000463019 -0.000293671 0.0353275
60
1
-2.65226 6.51792 -0.137877
-0.000631798 -0.000136223 0.0355602
61
1
-2.64919 6.51713 -0.206201
-0.00241448 0.000747494 0.0351921
62
1
-2.64328 6.51542 -0.274285
-0.00376111 0.00151016 0.0347782
63
1
-2.63483 6.51266 -0.342146
-0.00486915 0.00181862 0.0347567
64
1
-2.62366 6.50908 -0.409689
-0.006546 0.00211296 0.0347407
65
1
-2.60936 6.5046 -0.476539
-0.00880877 0.00282975 0.0345756
66
1
-2.59167 6.49951 -0.542508
-0.0110486 0.00342802 0.0344563
67
1
-2.57061 6.4943 -0.607691
-0.0129068 0.00340257 0.0340786
68
1
-2.54718 6.48961 -0.671996
-0.0137795 0.0027336 0.0330206
69
1
-2.52256 6.48613 -0.73505
-0.0134267 0.00156824 0.032154
70
1
-2.49804 6.48398 -0.796565
-0.0125832 0.00056713 0.031156
71
1
-2.4739 6.48361 -0.855801
-0.0119754 -9.1434e-005 0.0294068
72
1
-2.4501 6.48496 -0.911733
-0.011243 -0.000624068 0.0277411
73
1
-2.42663 6.48751 -0.964223
-0.0106814 -0.000986098 0.0264603
74
1
-2.40234 6.49134 -1.01333
-0.011335 -0.0017658 0.0247419
75
1
-2.37659 6.49697 -1.05911
-0.0125051 -0.00326444 0.0229893
76
1
-2.34947 6.50472 -1.10188
-0.0128186 -0.0046503 0.0217901
77
1
-2.32127 6.51537 -1.14171
-0.013071 -0.00593545 0.0199506
78
1
-2.29162 6.52832 -1.17789
-0.0140675 -0.00745497 0.0169585
79
1
-2.26025 6.54266 -1.2096
-0.0148321 -0.00830216 0.014426
80
1
-2.2273 6.55819 -1.23695
-0.0155986 -0.00835141 0.0127573
81
1
-2.19248 6.57457 -1.26075
-0.0175705 -0.00878886 0.0107258
82
1
-2.15493 6.59136 -1.28111
-0.0199162 -0.00960264 0.00861022
83
1
-2.1147 6.60845 -1.29766
-0.0211914 -0.00924952 0.00673949
84
1
-2.07204 6.62536 -1.31034
-0.0223412 -0.00833707 0.00435212
85
1
-2.02705 6.64181 -1.31886
-0.0234927 -0.00808544 0.00215044
86
1
-1.98026 6.65766 -1.32249
-0.023976 -0.00756432 5.71638e-005
87
1
-1.93215 6.67281 -1.32084
-0.0247092 -0.00659216 -0.00284119
88
1
-1.88275 6.68663 -1.3142
-0.0252019 -0.00581773 -0.00571909
89
1
-1.83236 6.69893 -1.30251
-0.0244798 -0.00508341 -0.00788913
90
1
-1.78033 6.71007 -1.28564
-0.0253388 -0.00476392 -0.0109594
91
1
-1.72569 6.72014 -1.26371
-0.0281857 -0.00420091 -0.0136834
92
1
-1.66916 6.72929 -1.23702
-0.0289428 -0.00340332 -0.0148778
93
1
-1.61119 6.73784 -1.20494
-0.0285815 -0.00354563 -0.0171332
94
1
-1.55298 6.74477 -1.1666
-0.0295461 -0.00298744 -0.0204471
95
1
-1.49473 6.74764 -1.12212
-0.0301146 -0.000503874 -0.0227252
96
1
-1.43386 6.74438 -1.07028
-0.0319913 0.0023318 -0.0274869
97
1
-1.37192 6.73467 -1.01024
-0.0321088 0.00637556 -0.0343136
98
1
-1.31106 6.71788 -0.939493
-0.0282793 0.0101949 -0.038707
99
1
-1.25481 6.69253 -0.854994
-0.0255697 0.0169922 -0.0453927
100
1
-1.20594 6.65959 -0.756968
-0.0229232 0.0188003 -0.0523884
101
1
-1.1584 6.6208 -0.643755
-0.0238473 0.0205662 -0.0581668
102
1
-1.10228 6.5726 -0.519619
-0.0301528 0.0282081 -0.066083
103
1
-1.02438 6.5079 -0.381278
-0.0378022 0.0338128 -0.0591569
104
1
-0.915947 6.4225 -0.199621
-0.0403381 0.0260428 -0.0597136
105
1
-0.693102 6.20045 -0.0871997
-0.0353268 0.0295448 0.0107349
106
1
-0.0490267 8.59767 -0.741889
-0.000913488 0.0061436 0.0776741
107
1
0.0490267 8.59767 -0.741889
-0.000913488 -0.0061436 -0.0776741
108
1
0.693102 6.20045 -0.0871997
-0.0353268 -0.0295448 -0.0107349
109
1
0.915947 6.4225 -0.199621
-0.0403381 -0.0260428 0.0597136
110
1
1.02438 6.5079 -0.381278
-0.0378022 -0.0338128 0.0591569
111
1
1.10228 6.5726 -0.519619
-0.0301528 -0.0282081 0.066083
112
1
1.1584 6.6208 -0.643755
-0.0238473 -0.0205662 0.0581668
113
1
1.20594 6.65959 -0.756968
-0.0229232 -0.0188003 0.0523884
114
1
1.25481 6.69253 -0.854994
-0.0255697 -0.0169922 0.0453927
115
1
1.31106 6.71788 -0.939493
-0.0282793 -0.0101949 0.038707
116
1
1.37192 6.73467 -1.01024
-0.0321088 -0.00637556 0.0343136
117
1
1.43386 6.74438 -1.07028
-0.0319913 -0.0023318 0.0274869
118
1
1.49473 6.74764 -1.12212
-0.0301146 0.000503874 0.0227252
119
1
1.55298 6.74477 -1.1666
-0.0295461 0.00298744 0.0204471
120
1
1.61119 6.73784 -1.20494
-0.0285815 0.00354563 0.0171332
121
1
1.66916 6.72929 -1.23702
-0.0289428 0.00340332 0.0148778
122
1
1.72569 6.72014 -1.26371
-0.0281857 0.00420091 0.0136834
123
1
1.78033 6.71007 -1.28564
-0.0253388 0.00476392 0.0109594
124
1
1.83236 6.69893 -1.30251
-0.0244798 0.00508341 0.00788913
125
1
1.88275 6.68663 -1.3142
-0.0252019 0.00581773 0.00571909
126
1
1.93215 6.67281 -1.32084
-0.0247092 0.00659216 0.00284119
127
1
1.98026 6.65766 -1.32249
-0.023976 0.00756432 -5.71638e-005
128
1
2.02705 6.64181 -1.31886
-0.0234927 0.00808544 -0.00215044
129
1
2.07204 6.62536 -1.31034
-0.0223412 0.00833707 -0.00435212
130
1
2.1147 6.60845 -1.29766
-0.0211914 0.00924952 -0.00673949
131
1
2.15493 6.59136 -1.28111
-0.0199162 0.00960264 -0.00861022
132
1
2.19248 6.57457 -1.26075
-0.0175705 0.00878886 -0.0107258
133
1
2.2273 6.55819 -1.23695
-0.0155986 0.00835141 -0.0127573
134
1
2.26025 6.54266 -1.2096
-0.0148321 0.00830216 -0.014426
135
1
2.29162 6.52832 -1.17789
-0.0140675 0.00745497 -0.0169585
136
1
2.32127 6.51537 -1.14171
-0.013071 0.00593545 -0.0199506
137
1
2.34947 6.50472 -1.10188
-0.0128186 0.0046503 -0.0217901
138
1
2.37659 6.49697 -1.05911
-0.0125051 0.00326444 -0.0229893
139
1
2.40234 6.49134 -1.01333
-0.011335 0.0017658 -0.0247419
140
1
2.42663 6.48751 -0.964223
-0.0106814 0.000986098 -0.0264603
141
1
2.4501 6.48496 -0.911733
-0.011243 0.000624068 -0.0277411
142
1
2.4739 6.48361 -0.855801
-0.0119754 9.1434e-005 -0.0294068
143
1
2.49804 6.48398 -0.796565
-0.0125832 -0.00056713 -0.031156
144
1
2.52256 6.48613 -0.73505
-0.0134267 -0.00156824 -0.032154
145
1
2.54718 6.48961 -0.671996
-0.0137795 -0.0027336 -0.0330206
146
1
2.57061 6.4943 -0.607691
-0.0129068 -0.00340257 -0.0340786
147
1
2.59167 6.49951 -0.542508
-0.0110486 -0.00342802 -0.0344563
148
1
2.60936 6.5046 -0.476539
-0.00880877 -0.00282975 -0.0345756
149
1
2.62366 6.50908 -0.409689
-0.006546 -0.00211296 -0.0347407
150
1
2.63483 6.51266 -0.342146
-0.00486915 -0.00181862 -0.0347567
151
1
2.64328 6.51542 -0.274285
-0.00376111 -0.00151016 -0.0347782
152
1
2.64919 6.51713 -0.206201
-0.00241448 -0.000747494 -0.0351921
153
1
2.65226 6.51792 -0.137877
-0.000631798 0.000136223 -0.0355602
154
1
2.65327 6.51813 -0.0690843
0.000463019 0.000293671 -0.0353275
155
1
2.65329 6.51804 2.1953e-011
4.80182e-013 5.02559e-013 -0.0350362
156
1
2.65327 6.51813 0.0690844
-0.000463019 -0.000293671 -0.0353275
157
1
2.65226 6.51792 0.137877
0.000631798 -0.000136223 -0.0355602
158
1
2.64919 6.51713 0.206201
0.00241448 0.000747494 -0.0351921
159
1
2.64328 6.51542 0.274285
0.00376111 0.00151016 -0.0347782
160
1
2.63483 6.51266 0.342146
0.00486915 0.00181862 -0.0347567
161
1
2.62366 6.50908 0.409689
0.006546 0.00211296 -0.0347407
162
1
2.60936 6.5046 0.476539
0.00880877 0.00282975 -0.0345756
163
1
2.59167 6.49951 0.542508
0.0110486 0.00342802 -0.0344563
164
1
2.57061 6.4943 0.607691
0.0129068 0.00340257 -0.0340786
165
1
2.54718 6.48961 0.671996
0.0137795 0.0027336 -0.0330206
166
1
2.52256 6.48613 0.73505
0.0134267 0.00156824 -0.032154
167
1
2.49804 6.48398 0.796565
0.0125832 0.00056713 -0.031156
168
1
2.4739 6.48361 0.855801
0.0119754 -9.1434e-005 -0.0294068
169
1
2.4501 6.48496 0.911733
0.011243 -0.000624068 -0.0277411
170
1
2.42663 6.48751 0.964223
0.0106814 -0.000986098 -0.0264603
171
1
2.40234 6.49134 1.01333
0.011335 -0.0017658 -0.0247419
172
1
2.37659 6.49697 1.05911
0.0125051 -0.00326444 -0.0229893
173
1
2.34947 6.50472 1.10188
0.0128186 -0.0046503 -0.0217901
174
1
2.32127 6.51537 1.14171
0.013071 -0.00593545 -0.0199506
175
1
2.29162 6.52832 1.17789
0.0140675 -0.00745497 -0.0169585
176
1
2.26025 6.54266 1.2096
0.0148321 -0.00830216 -0.014426
177
1
2.2273 6.55819 1.23695
0.0155986 -0.00835141 -0.0127573
178
1
2.19248 6.57457 1.26075
0.0175705 -0.00878886 -0.0107258
179
1
2.15493 6.59136 1.28111
0.0199162 -0.00960264 -0.00861022
180
1
2.1147 6.60845 1.29766
0.0211914 -0.00924952 -0.00673949
181
1
2.07204 6.62536 1.31034
0.0223412 -0.00833707 -0.00435212
182
1
2.02705 6.64181 1.31886
0.0234927 -0.00808544 -0.00215044
183
1
1.98026 6.65766 1.32249
0.023976 -0.00756432 -5.71638e-005
184
1
1.93215 6.67281 1.32084
0.0247092 -0.00659216 0.00284119
185
1
1.88275 6.68663 1.3142
0.0252019 -0.00581773 0.00571909
186
1
1.83236 6.69893 1.30251
0.0244798 -0.00508341 0.00788913
187
1
1.78033 6.71007 1.28564
0.0253388 -0.00476392 0.0109594
188
1
1.72569 6.72014 1.26371
0.0281857 -0.00420091 0.0136834
189
1
1.66916 6.72929 1.23702
0.0289428 -0.00340332 0.0148778
190
1
1.61119 6.73784 1.20494
0.0285815 -0.00354563 0.0171332
191
1
1.55298 6.74477 1.1666
0.0295461 -0.00298744 0.0204471
192
1
1.49473 6.74764 1.12212
0.0301146 -0.000503874 0.0227252
193
1
1.43386 6.74438 1.07028
0.0319913 0.0023318 0.0274869
