194
0
1
0.934504 3.18661 1.05976
0.0367836 -0.0225249 -0.021119
1
1
0.860662 3.23054 1.10009
0.0399583 -0.0213073 -0.0205086
2
1
0.779909 3.27249 1.13994
0.0423517 -0.0200964 -0.019972
3
1
0.692723 3.31159 1.17795
0.0456946 -0.0188909 -0.0181898
4
1
0.59915 3.34701 1.21245
0.0482379 -0.0163774 -0.0158098
5
1
0.499455 3.37762 1.24161
0.0508957 -0.0137055 -0.012775
6
1
0.39435 3.4027 1.26493
0.0537791 -0.0103769 -0.00975183
7
1
0.284733 3.42171 1.28233
0.0558168 -0.00786168 -0.00664365
8
1
0.171926 3.43471 1.2941
0.0569337 -0.00533913 -0.00399469
9
1
0.0574849 3.44172 1.3003
0.0574854 -0.00188679 -0.00161608
10
1
-0.0574849 3.44172 1.3003
0.0574854 0.00188679 0.00161608
11
1
-0.171926 3.43471 1.2941
0.0569337 0.00533913 0.00399469
12
1
-0.284733 3.42171 1.28233
0.0558168 0.00786168 0.00664365
13
1
-0.39435 3.4027 1.26493
0.0537791 0.0103769 0.00975183
14
1
-0.499455 3.37762 1.24161
0.0508957 0.0137055 0.012775
15
1
-0.59915 3.34701 1.21245
0.0482379 0.0163774 0.0158098
16
1
-0.692723 3.31159 1.17795
0.0456946 0.0188909 0.0181898
17
1
-0.779909 3.27249 1.13994
0.0423517 0.0200964 0.019972
18
1
-0.860662 3.23054 1.10009
0.0399583 0.0213073 0.0205086
19
1
-0.934504 3.18661 1.05976
0.0367836 0.0225249 0.021119
20
1
-1.00023 3.14137 1.0192
0.0318243 0.0228144 0.0208098
21
1
-1.05796 3.09466 0.978561
0.0274569 0.0236357 0.0205433
22
1
-1.10791 3.04669 0.938123
0.0231079 0.0243441 0.0203681
23
1
-1.15126 2.99769 0.897724
0.019653 0.0245647 0.0206521
24
1
-1.18867 2.94813 0.857669
0.0168721 0.0249561 0.0201376
25
1
-1.22098 2.89792 0.818439
0.0146724 0.0252387 0.019809
26
1
-1.2492 2.84732 0.780253
0.0127026 0.0250359 0.0194721
27
1
-1.27335 2.79655 0.743253
0.0111418 0.0249844 0.0184675
28
1
-1.29369 2.74519 0.708512
0.00955306 0.0253805 0.01729
29
1
-1.31082 2.69334 0.676569
0.00767954 0.0256349 0.0160467
30
1
-1.32493 2.6412 0.64759
0.00598346 0.0256809 0.0143273
31
1
-1.33623 2.58868 0.622078
0.00451702 0.0258808 0.0121522
32
1
-1.34543 2.53567 0.600598
0.00326646 0.0262405 0.00995961
33
1
-1.35374 2.48243 0.582903
0.00266499 0.0264725 0.00808005
34
1
-1.36193 2.4292 0.568201
0.00280795 0.0264768 0.00657775
35
1
-1.37032 2.37619 0.556214
0.00307803 0.0260728 0.00528513
36
1
-1.37944 2.3239 0.547066
0.00321496 0.0253031 0.00387317
37
1
-1.39038 2.27288 0.54055
0.00399686 0.024541 0.00237179
38
1
-1.40397 2.22335 0.535758
0.00602814 0.0239599 0.00131528
39
1
-1.42057 2.17522 0.53182
0.0088239 0.0233816 0.00106637
40
1
-1.44036 2.12852 0.528262
0.0114329 0.0225215 0.00133577
41
1
-1.46356 2.08369 0.524411
0.0134273 0.0213418 0.00163756
42
1
-1.49007 2.04096 0.519616
0.0149492 0.0200767 0.00190624
43
1
-1.51966 2.00049 0.512483
0.0163824 0.0190401 0.00248222
44
1
-1.55153 1.96169 0.50212
0.0177797 0.0183902 0.00379957
45
1
-1.58488 1.92403 0.488005
0.0187222 0.0181438 0.00592582
46
1
-1.61865 1.88703 0.470057
0.0186666 0.0182561 0.00851655
47
1
-1.65186 1.85062 0.44829
0.017594 0.0186399 0.0111856
48
1
-1.68325 1.81479 0.422485
0.0158592 0.0189728 0.0137647
49
1
-1.71185 1.77993 0.392465
0.0138403 0.0188712 0.0162221
50
1
-1.73681 1.74668 0.358319
0.0117589 0.0180319 0.0184288
51
1
-1.75799 1.71602 0.320214
0.0100326 0.0164397 0.0203513
52
1
-1.77576 1.68845 0.278679
0.00883187 0.0143081 0.0218094
53
1
-1.79015 1.66402 0.234692
0.00785038 0.0121675 0.0228298
54
1
-1.80155 1.64314 0.189143
0.00671422 0.010085 0.0235521
55
1
-1.81036 1.62614 0.14269
0.00526208 0.00771197 0.0240936
56
1
-1.81689 1.61348 0.0956203
0.0035423 0.00496819 0.0243331
57
1
-1.82094 1.60549 0.0480045
0.00173618 0.00228934 0.0242387
58
1
-1.82228 1.60283 -2.67459e-015
-2.52077e-016 8.44436e-017 0.02412
59
1
-1.82094 1.60549 -0.0480045
-0.00173618 -0.00228934 0.0242387
60
1
-1.81689 1.61348 -0.0956203
-0.0035423 -0.00496819 0.0243331
61
1
-1.81036 1.62614 -0.14269
-0.00526208 -0.00771197 0.0240936
62
1
-1.80155 1.64314 -0.189143
-0.00671422 -0.010085 0.0235521
63
1
-1.79015 1.66402 -0.234692
-0.00785038 -0.0121675 0.0228298
64
1
-1.77576 1.68845 -0.278679
-0.00883187 -0.0143081 0.0218094
65
1
-1.75799 1.71602 -0.320214
-0.0100326 -0.0164397 0.0203513
66
1
-1.73681 1.74668 -0.358319
-0.0117589 -0.0180319 0.0184288
67
1
-1.71185 1.77993 -0.392465
-0.0138403 -0.0188712 0.0162221
68
1
-1.68325 1.81479 -0.422485
-0.0158592 -0.0189728 0.0137647
69
1
-1.65186 1.85062 -0.44829
-0.017594 -0.0186399 0.0111856
70
1
-1.61865 1.88703 -0.470057
-0.0186666 -0.0182561 0.00851655
71
1
-1.58488 1.92403 -0.488005
-0.0187222 -0.0181438 0.00592582
72
1
-1.55153 1.96169 -0.50212
-0.0177797 -0.0183902 0.00379957
73
1
-1.51966 2.00049 -0.512483
-0.0163824 -0.0190401 0.00248222
74
1
-1.49007 2.04096 -0.519616
-0.0149492 -0.0200767 0.00190624
75
1
-1.46356 2.08369 -0.524411
-0.0134273 -0.0213418 0.00163756
76
1
-1.44036 2.12852 -0.528262
-0.0114329 -0.0225215 0.00133577
77
1
-1.42057 2.17522 -0.53182
-0.0088239 -0.0233816 0.00106637
78
1
-1.40397 2.22335 -0.535758
-0.00602814 -0.0239599 0.00131528
79
1
-1.39038 2.27288 -0.54055
-0.00399686 -0.024541 0.00237179
80
1
-1.37944 2.3239 -0.547066
-0.00321496 -0.0253031 0.00387317
81
1
-1.37032 2.37619 -0.556214
-0.00307803 -0.0260728 0.00528513
82
1
-1.36193 2.4292 -0.568201
-0.00280795 -0.0264768 0.00657775
83
1
-1.35374 2.48243 -0.582903
-0.00266499 -0.0264725 0.00808005
84
1
-1.34543 2.53567 -0.600598
-0.00326646 -0.0262405 0.00995961
85
1
-1.33623 2.58868 -0.622078
-0.00451702 -0.0258808 0.0121522
86
1
-1.32493 2.6412 -0.64759
-0.00598346 -0.0256809 0.0143273
87
1
-1.31082 2.69334 -0.676569
-0.00767954 -0.0256349 0.0160467
88
1
-1.29369 2.74519 -0.708512
-0.00955306 -0.0253805 0.01729
89
1
-1.27335 2.79655 -0.743253
-0.0111418 -0.0249844 0.0184675
90
1
-1.2492 2.84732 -0.780253
-0.0127026 -0.0250359 0.0194721
91
1
-1.22098 2.89792 -0.818439
-0.0146724 -0.0252387 0.019809
92
1
-1.18867 2.94813 -0.857669
-0.0168721 -0.0249561 0.0201376
93
1
-1.15126 2.99769 -0.897724
-0.019653 -0.0245647 0.0206521
94
1
-1.10791 3.04669 -0.938123
-0.0231079 -0.0243441 0.0203681
95
1
-1.05796 3.09466 -0.978561
-0.0274569 -0.0236357 0.0205433
96
1
-1.00023 3.14137 -1.0192
-0.0318243 -0.0228144 0.0208098
97
1
-0.934504 3.18661 -1.05976
-0.0367836 -0.0225249 0.021119
98
1
-0.860662 3.23054 -1.10009
-0.0399583 -0.0213073 0.0205086
99
1
-0.779909 3.27249 -1.13994
-0.0423517 -0.0200964 0.019972
100
1
-0.692723 3.31159 -1.17795
-0.0456946 -0.0188909 0.0181898
101
1
-0.59915 3.34701 -1.21245
-0.0482379 -0.0163774 0.0158098
102
1
-0.499455 3.37762 -1.24161
-0.0508957 -0.0137055 0.012775
103
1
-0.39435 3.4027 -1.26493
-0.0537791 -0.0103769 0.00975183
104
1
-0.284733 3.42171 -1.28233
-0.0558168 -0.00786168 0.00664365
105
1
-0.171926 3.43471 -1.2941
-0.0569337 -0.00533913 0.00399469
106
1
-0.0574849 3.44172 -1.3003
-0.0574854 -0.00188679 0.00161608
107
1
0.0574849 3.44172 -1.3003
-0.0574854 0.00188679 -0.00161608
108
1
0.171926 3.43471 -1.2941
-0.0569337 0.00533913 -0.00399469
109
1
0.284733 3.42171 -1.28233
-0.0558168 0.00786168 -0.00664365
110
1
0.39435 3.4027 -1.26493
-0.0537791 0.0103769 -0.00975183
111
1
0.499455 3.37762 -1.24161
-0.0508957 0.0137055 -0.012775
112
1
0.59915 3.34701 -1.21245
-0.0482379 0.0163774 -0.0158098
113
1
0.692723 3.31159 -1.17795
-0.0456946 0.0188909 -0.0181898
114
1
0.779909 3.27249 -1.13994
-0.0423517 0.0200964 -0.019972
115
1
0.860662 3.23054 -1.10009
-0.0399583 0.0213073 -0.0205086
116
1
0.934504 3.18661 -1.05976
-0.0367836 0.0225249 -0.021119
117
1
1.00023 3.14137 -1.0192
-0.0318243 0.0228144 -0.0208098
118
1
1.05796 3.09466 -0.978561
-0.0274569 0.0236357 -0.0205433
119
1
1.10791 3.04669 -0.938123
-0.0231079 0.0243441 -0.0203681
120
1
1.15126 2.99769 -0.897724
-0.019653 0.0245647 -0.0206521
121
1
1.18867 2.94813 -0.857669
-0.0168721 0.0249561 -0.0201376
122
1
1.22098 2.89792 -0.818439
-0.0146724 0.0252387 -0.019809
123
1
1.2492 2.84732 -0.780253
-0.0127026 0.0250359 -0.0194721
124
1
1.27335 2.79655 -0.743253
-0.0111418 0.0249844 -0.0184675
125
1
1.29369 2.74519 -0.708512
-0.00955306 0.0253805 -0.01729
126
1
1.31082 2.69334 -0.676569
-0.00767954 0.0256349 -0.0160467
127
1
1.32493 2.6412 -0.64759
-0.00598346 0.0256809 -0.0143273
128
1
1.33623 2.58868 -0.622078
-0.00451702 0.0258808 -0.0121522
129
1
1.34543 2.53567 -0.600598
-0.00326646 0.0262405 -0.00995961
130
1
1.35374 2.48243 -0.582903
-0.00266499 0.0264725 -0.00808005
131
1
1.36193 2.4292 -0.568201
-0.00280795 0.0264768 -0.00657775
132
1
1.37032 2.37619 -0.556214
-0.00307803 0.0260728 -0.00528513
133
1
1.37944 2.3239 -0.547066
-0.00321496 0.0253031 -0.00387317
134
1
1.39038 2.27288 -0.54055
-0.00399686 0.024541 -0.00237179
135
1
1.40397 2.22335 -0.535758
-0.00602814 0.0239599 -0.00131528
136
1
1.42057 2.17522 -0.53182
-0.0088239 0.0233816 -0.00106637
137
1
1.44036 2.12852 -0.528262
-0.0114329 0.0225215 -0.00133577
138
1
1.46356 2.08369 -0.524411
-0.0134273 0.0213418 -0.00163756
139
1
1.49007 2.04096 -0.519616
-0.0149492 0.0200767 -0.00190624
140
1
1.51966 2.00049 -0.512483
-0.0163824 0.0190401 -0.00248222
141
1
1.55153 1.96169 -0.50212
-0.0177797 0.0183902 -0.00379957
142
1
1.58488 1.92403 -0.488005
-0.0187222 0.0181438 -0.00592582
143
1
1.61865 1.88703 -0.470057
-0.0186666 0.0182561 -0.00851655
144
1
1.65186 1.85062 -0.44829
-0.017594 0.0186399 -0.0111856
145
1
1.68325 1.81479 -0.422485
-0.0158592 0.0189728 -0.0137647
146
1
1.71185 1.77993 -0.392465
-0.0138403 0.0188712 -0.0162221
147
1
1.73681 1.74668 -0.358319
-0.0117589 0.0180319 -0.0184288
148
1
1.75799 1.71602 -0.320214
-0.0100326 0.0164397 -0.0203513
149
1
1.77576 1.68845 -0.278679
-0.00883187 0.0143081 -0.0218094
150
1
1.79015 1.66402 -0.234692
-0.00785038 0.0121675 -0.0228298
151
1
1.80155 1.64314 -0.189143
-0.00671422 0.010085 -0.0235521
152
1
1.81036 1.62614 -0.14269
-0.00526208 0.00771197 -0.0240936
153
1
1.81689 1.61348 -0.0956203
-0.0035423 0.00496819 -0.0243331
154
1
1.82094 1.60549 -0.0480045
-0.00173618 0.00228934 -0.0242387
155
1
1.82228 1.60283 -2.16136e-015
1.17742e-016 2.21592e-016 -0.02412
156
1
1.82094 1.60549 0.0480045
0.00173618 -0.00228934 -0.0242387
157
1
1.81689 1.61348 0.0956203
0.0035423 -0.00496819 -0.0243331
158
1
1.81036 1.62614 0.14269
0.00526208 -0.00771197 -0.0240936
159
1
1.80155 1.64314 0.189143
0.00671422 -0.010085 -0.0235521
160
1
1.79015 1.66402 0.234692
0.00785038 -0.0121675 -0.0228298
161
1
1.77576 1.68845 0.278679
0.00883187 -0.0143081 -0.0218094
162
1
1.75799 1.71602 0.320214
0.0100326 -0.0164397 -0.0203513
163
1
1.73681 1.74668 0.358319
0.0117589 -0.0180319 -0.0184288
164
1
1.71185 1.77993 0.392465
0.0138403 -0.0188712 -0.0162221
165
1
1.68325 1.81479 0.422485
0.0158592 -0.0189728 -0.0137647
166
1
1.65186 1.85062 0.44829
0.017594 -0.0186399 -0.0111856
167
1
1.61865 1.88703 0.470057
0.0186666 -0.0182561 -0.00851655
168
1
1.58488 1.92403 0.488005
0.0187222 -0.0181438 -0.00592582
169
1
1.55153 1.96169 0.50212
0.0177797 -0.0183902 -0.00379957
170
1
1.51966 2.00049 0.512483
0.0163824 -0.0190401 -0.00248222
171
1
1.49007 2.04096 0.519616
0.0149492 -0.0200767 -0.00190624
172
1
1.46356 2.08369 0.524411
0.0134273 -0.0213418 -0.00163756
173
1
1.44036 2.12852 0.528262
0.0114329 -0.0225215 -0.00133577
174
1
1.42057 2.17522 0.53182
0.0088239 -0.0233816 -0.00106637
175
1
1.40397 2.22335 0.535758
0.00602814 -0.0239599 -0.00131528
176
1
1.39038 2.27288 0.54055
0.00399686 -0.024541 -0.00237179
177
1
1.37944 2.3239 0.547066
0.00321496 -0.0253031 -0.00387317
178
1
1.37032 2.37619 0.556214
0.00307803 -0.0260728 -0.00528513
179
1
1.36193 2.4292 0.568201
0.00280795 -0.0264768 -0.00657775
180
1
1.35374 2.48243 0.582903
0.00266499 -0.0264725 -0.00808005
181
1
1.34543 2.53567 0.600598
0.00326646 -0.0262405 -0.00995961
182
1
1.33623 2.58868 0.622078
0.00451702 -0.0258808 -0.0121522
183
1
1.32493 2.6412 0.64759
0.00598346 -0.0256809 -0.0143273
184
1
1.31082 2.69334 0.676569
0.00767954 -0.0256349 -0.0160467
185
1
1.29369 2.74519 0.708512
0.00955306 -0.0253805 -0.01729
186
1
1.27335 2.79655 0.743253
0.0111418 -0.0249844 -0.0184675
187
1
1.2492 2.84732 0.780253
0.0127026 -0.0250359 -0.0194721
188
1
1.22098 2.89792 0.818439
0.0146724 -0.0252387 -0.019809
189
1
1.18867 2.94813 0.857669
0.0168721 -0.0249561 -0.0201376
190
1
1.15126 2.99769 0.897724
0.019653 -0.0245647 -0.0206521
191
1
1.10791 3.04669 0.938123
0.0231079 -0.0243441 -0.0203681
192
1
1.05796 3.09466 0.978561
0.0274569 -0.0236357 -0.0205433
193
1
1.00023 3.14137 1.0192
0.0318243 -0.0228144 -0.0208098
