194
0
1
0.927916 9.47678 0.591481
0.0406467 -0.00298994 0.0250318
1
1
0.845883 9.47637 0.54024
0.0434516 -0.00151843 0.021864
2
1
0.752893 9.47181 0.491109
0.0490145 0.0043339 0.0235459
3
1
0.653173 9.45576 0.441987
0.0502575 0.0111493 0.0268028
4
1
0.549158 9.42016 0.396109
0.0492361 0.0225542 0.0214028
5
1
0.444915 9.35662 0.360181
0.0462394 0.0395698 0.0169281
6
1
0.335226 9.25706 0.345064
0.0467352 0.0517934 -0.00814463
7
1
0.171747 9.11992 0.381944
0.0570913 0.0435741 -0.030228
8
1
0.715788 6.1138 0.0573443
0.0267924 -0.0405113 -0.00938854
9
1
0.497186 13.2937 0.0552239
0.0152806 -0.0662645 0.00749247
10
1
-0.497186 13.2937 0.0552233
0.0152805 0.0662645 -0.00749248
11
1
-0.71584 6.11381 0.0571795
0.0267875 0.040509 0.00940793
12
1
-0.171748 9.11992 0.381944
0.0570913 -0.0435741 0.030228
13
1
-0.335226 9.25706 0.345064
0.0467352 -0.0517934 0.00814465
14
1
-0.444915 9.35662 0.360181
0.0462394 -0.0395698 -0.0169281
15
1
-0.549158 9.42016 0.396109
0.0492361 -0.0225542 -0.0214028
16
1
-0.653173 9.45576 0.441987
0.0502575 -0.0111493 -0.0268028
17
1
-0.752893 9.47181 0.491109
0.0490145 -0.0043339 -0.0235459
18
1
-0.845883 9.47637 0.54024
0.0434516 0.00151843 -0.021864
19
1
-0.927916 9.47678 0.591481
0.0406467 0.00298994 -0.0250318
20
1
-0.997788 9.47976 0.644433
0.0319415 -0.000407419 -0.0268416
21
1
-1.05839 9.48768 0.696935
0.0265832 -0.00421117 -0.0252209
22
1
-1.1123 9.50122 0.746419
0.0246302 -0.00790255 -0.0266061
23
1
-1.16383 9.5212 0.793026
0.0232398 -0.0111655 -0.0234034
24
1
-1.21401 9.54711 0.834028
0.0247435 -0.0154707 -0.0185956
25
1
-1.26336 9.57745 0.867526
0.0242821 -0.017695 -0.0156777
26
1
-1.31153 9.61065 0.893518
0.0205982 -0.016635 -0.0116891
27
1
-1.35846 9.64521 0.913091
0.0211557 -0.0174579 -0.00807577
28
1
-1.40635 9.6801 0.928755
0.0249657 -0.0191901 -0.00603445
29
1
-1.45642 9.71487 0.942217
0.0264509 -0.0184127 -0.00529247
30
1
-1.50716 9.74795 0.954475
0.0262109 -0.0157785 -0.00568954
31
1
-1.55714 9.77914 0.965131
0.0256024 -0.0143021 -0.00506246
32
1
-1.60506 9.80943 0.973173
0.0237594 -0.0142946 -0.00400141
33
1
-1.65016 9.83995 0.977902
0.022524 -0.0145358 -0.003303
34
1
-1.69253 9.87133 0.979516
0.0224129 -0.015119 -0.00153301
35
1
-1.73183 9.90376 0.978553
0.0201771 -0.0156732 -0.000418762
36
1
-1.7681 9.9356 0.97511
0.0173927 -0.0151573 -0.000670557
37
1
-1.80184 9.96669 0.968555
0.0165441 -0.0153598 0.00256205
38
1
-1.83376 9.99763 0.956996
0.0143815 -0.0163091 0.00759311
39
1
-1.86319 10.0286 0.94037
0.0112938 -0.0156013 0.00773738
40
1
-1.88904 10.0598 0.920575
0.0112276 -0.0157332 0.00882784
41
1
-1.91264 10.0907 0.897513
0.0112471 -0.0160492 0.0143943
42
1
-1.93398 10.1203 0.869616
0.00832394 -0.0141019 0.0171145
43
1
-1.95305 10.1481 0.837238
0.0070147 -0.012363 0.0161295
44
1
-1.97063 10.1747 0.800415
0.0087004 -0.0118749 0.0192011
45
1
-1.98794 10.2011 0.758612
0.010029 -0.0121484 0.026105
46
1
-2.00558 10.2277 0.712279
0.00789687 -0.0126196 0.0258685
47
1
-2.02177 10.255 0.66256
0.00684886 -0.0136125 0.0240981
48
1
-2.03653 10.2842 0.609871
0.00767578 -0.0172705 0.0293086
49
1
-2.04893 10.3134 0.556279
0.00705542 -0.017728 0.0298143
50
1
-2.05838 10.3413 0.501984
0.0036007 -0.0140103 0.026734
51
1
-2.06424 10.3671 0.44502
0.000622122 -0.0122777 0.0293894
52
1
-2.06698 10.39 0.38561
0.000115507 -0.0125218 0.0330014
53
1
-2.06782 10.4098 0.323084
-0.000757729 -0.0109955 0.0366001
54
1
-2.06791 10.4255 0.258315
-0.00078349 -0.0066047 0.0374678
55
1
-2.06756 10.4366 0.19291
-0.000185709 -0.00411352 0.0359236
56
1
-2.0668 10.4443 0.128193
0.000146591 -0.00276208 0.0339054
57
1
-2.06647 10.4492 0.0631999
-0.00090046 -0.00150357 0.0324178
58
1
-2.06657 10.4509 -5.46222e-008
-4.75285e-010 3.95884e-010 0.0319177
59
1
-2.06647 10.4492 -0.0632
0.000900459 0.00150357 0.0324178
60
1
-2.0668 10.4443 -0.128193
-0.000146592 0.00276208 0.0339054
61
1
-2.06756 10.4366 -0.19291
0.000185708 0.00411352 0.0359236
62
1
-2.06791 10.4255 -0.258315
0.000783489 0.0066047 0.0374678
63
1
-2.06782 10.4098 -0.323084
0.000757728 0.0109955 0.0366001
64
1
-2.06698 10.39 -0.38561
-0.000115509 0.0125218 0.0330014
65
1
-2.06424 10.3671 -0.44502
-0.000622124 0.0122777 0.0293894
66
1
-2.05838 10.3413 -0.501984
-0.0036007 0.0140103 0.026734
67
1
-2.04893 10.3134 -0.556279
-0.00705542 0.017728 0.0298143
68
1
-2.03653 10.2842 -0.609871
-0.00767578 0.0172705 0.0293086
69
1
-2.02177 10.255 -0.66256
-0.00684886 0.0136126 0.0240981
70
1
-2.00558 10.2277 -0.712279
-0.00789687 0.0126196 0.0258685
71
1
-1.98794 10.2011 -0.758612
-0.010029 0.0121484 0.026105
72
1
-1.97063 10.1747 -0.800415
-0.0087004 0.0118749 0.0192011
73
1
-1.95305 10.1481 -0.837238
-0.0070147 0.012363 0.0161295
74
1
-1.93398 10.1203 -0.869616
-0.00832394 0.0141019 0.0171145
75
1
-1.91264 10.0907 -0.897513
-0.0112471 0.0160492 0.0143943
76
1
-1.88904 10.0598 -0.920575
-0.0112276 0.0157332 0.00882784
77
1
-1.86319 10.0286 -0.94037
-0.0112938 0.0156013 0.00773738
78
1
-1.83376 9.99763 -0.956996
-0.0143815 0.0163091 0.00759311
79
1
-1.80184 9.96669 -0.968555
-0.0165441 0.0153598 0.00256205
80
1
-1.7681 9.9356 -0.97511
-0.0173927 0.0151573 -0.000670556
81
1
-1.73183 9.90376 -0.978553
-0.0201771 0.0156732 -0.000418761
82
1
-1.69253 9.87133 -0.979516
-0.0224129 0.015119 -0.00153301
83
1
-1.65016 9.83995 -0.977902
-0.022524 0.0145358 -0.003303
84
1
-1.60506 9.80943 -0.973173
-0.0237594 0.0142946 -0.00400141
85
1
-1.55714 9.77914 -0.965131
-0.0256024 0.0143021 -0.00506246
86
1
-1.50716 9.74795 -0.954475
-0.0262109 0.0157785 -0.00568954
87
1
-1.45642 9.71487 -0.942217
-0.0264509 0.0184127 -0.00529247
88
1
-1.40635 9.6801 -0.928755
-0.0249657 0.0191901 -0.00603445
89
1
-1.35846 9.64521 -0.913092
-0.0211557 0.0174579 -0.00807578
90
1
-1.31153 9.61065 -0.893519
-0.0205982 0.016635 -0.0116891
91
1
-1.26336 9.57745 -0.867526
-0.0242821 0.017695 -0.0156777
92
1
-1.21401 9.54711 -0.834028
-0.0247435 0.0154707 -0.0185956
93
1
-1.16383 9.5212 -0.793026
-0.0232398 0.0111655 -0.0234034
94
1
-1.1123 9.50122 -0.74642
-0.0246302 0.00790255 -0.0266061
95
1
-1.05839 9.48768 -0.696935
-0.0265832 0.00421118 -0.0252209
96
1
-0.997788 9.47976 -0.644433
-0.0319415 0.000407421 -0.0268416
97
1
-0.927916 9.47678 -0.591481
-0.0406467 -0.00298994 -0.0250318
98
1
-0.845883 9.47637 -0.54024
-0.0434516 -0.00151843 -0.021864
99
1
-0.752893 9.47181 -0.491109
-0.0490145 0.0043339 -0.0235459
100
1
-0.653173 9.45576 -0.441987
-0.0502575 0.0111493 -0.0268028
101
1
-0.549158 9.42016 -0.396109
-0.0492361 0.0225542 -0.0214028
102
1
-0.444915 9.35662 -0.360181
-0.0462394 0.0395698 -0.0169281
103
1
-0.335226 9.25706 -0.345064
-0.0467352 0.0517934 0.00814463
104
1
-0.171747 9.11992 -0.381944
-0.0570913 0.0435741 0.030228
105
1
-0.715789 6.1138 -0.0573407
-0.0267923 -0.0405112 0.00938892
106
1
-0.497186 13.2937 -0.0552239
-0.0152806 -0.0662645 -0.00749247
107
1
0.497186 13.2937 -0.0552233
-0.0152805 0.0662645 0.00749248
108
1
0.715841 6.1138 -0.0571759
-0.0267874 0.0405089 -0.00940831
109
1
0.171748 9.11992 -0.381944
-0.0570913 -0.0435741 -0.030228
110
1
0.335226 9.25706 -0.345064
-0.0467352 -0.0517934 -0.00814465
111
1
0.444915 9.35662 -0.360181
-0.0462394 -0.0395698 0.0169281
112
1
0.549158 9.42016 -0.396109
-0.0492361 -0.0225542 0.0214028
113
1
0.653173 9.45576 -0.441987
-0.0502575 -0.0111493 0.0268028
114
1
0.752893 9.47181 -0.491109
-0.0490145 -0.0043339 0.0235459
115
1
0.845883 9.47637 -0.54024
-0.0434516 0.00151843 0.021864
116
1
0.927916 9.47678 -0.591481
-0.0406467 0.00298994 0.0250318
117
1
0.997788 9.47976 -0.644433
-0.0319415 -0.000407419 0.0268416
118
1
1.05839 9.48768 -0.696935
-0.0265832 -0.00421117 0.0252209
119
1
1.1123 9.50122 -0.746419
-0.0246302 -0.00790255 0.0266061
120
1
1.16383 9.5212 -0.793026
-0.0232398 -0.0111655 0.0234034
121
1
1.21401 9.54711 -0.834028
-0.0247435 -0.0154707 0.0185956
122
1
1.26336 9.57745 -0.867526
-0.0242821 -0.017695 0.0156777
123
1
1.31153 9.61065 -0.893519
-0.0205982 -0.016635 0.0116891
124
1
1.35846 9.64521 -0.913091
-0.0211557 -0.0174579 0.00807577
125
1
1.40635 9.6801 -0.928755
-0.0249657 -0.0191901 0.00603445
126
1
1.45642 9.71487 -0.942217
-0.0264509 -0.0184127 0.00529247
127
1
1.50716 9.74795 -0.954475
-0.0262109 -0.0157785 0.00568954
128
1
1.55714 9.77914 -0.965131
-0.0256024 -0.0143021 0.00506246
129
1
1.60506 9.80943 -0.973173
-0.0237594 -0.0142946 0.00400141
130
1
1.65016 9.83995 -0.977902
-0.022524 -0.0145358 0.003303
131
1
1.69253 9.87133 -0.979516
-0.0224129 -0.015119 0.00153301
132
1
1.73183 9.90376 -0.978553
-0.0201771 -0.0156732 0.000418762
133
1
1.7681 9.9356 -0.97511
-0.0173927 -0.0151573 0.000670557
134
1
1.80184 9.96669 -0.968555
-0.0165441 -0.0153598 -0.00256205
135
1
1.83376 9.99763 -0.956996
-0.0143815 -0.0163091 -0.00759311
136
1
1.86319 10.0286 -0.94037
-0.0112938 -0.0156013 -0.00773738
137
1
1.88904 10.0598 -0.920575
-0.0112276 -0.0157332 -0.00882784
138
1
1.91264 10.0907 -0.897513
-0.0112471 -0.0160492 -0.0143943
139
1
1.93398 10.1203 -0.869616
-0.00832394 -0.0141019 -0.0171145
140
1
1.95305 10.1481 -0.837238
-0.0070147 -0.012363 -0.0161295
141
1
1.97063 10.1747 -0.800415
-0.0087004 -0.0118749 -0.0192011
142
1
1.98794 10.2011 -0.758612
-0.010029 -0.0121484 -0.026105
143
1
2.00558 10.2277 -0.712279
-0.00789687 -0.0126196 -0.0258685
144
1
2.02177 10.255 -0.66256
-0.00684886 -0.0136125 -0.0240981
145
1
2.03653 10.2842 -0.609871
-0.00767578 -0.0172705 -0.0293086
146
1
2.04893 10.3134 -0.556279
-0.00705542 -0.017728 -0.0298143
147
1
2.05838 10.3413 -0.501984
-0.0036007 -0.0140103 -0.026734
148
1
2.06424 10.3671 -0.44502
-0.000622122 -0.0122777 -0.0293894
149
1
2.06698 10.39 -0.38561
-0.000115507 -0.0125218 -0.0330014
150
1
2.06782 10.4098 -0.323084
0.000757729 -0.0109955 -0.0366001
151
1
2.06791 10.4255 -0.258315
0.00078349 -0.0066047 -0.0374678
152
1
2.06756 10.4366 -0.19291
0.00018571 -0.00411352 -0.0359236
153
1
2.0668 10.4443 -0.128193
-0.000146591 -0.00276208 -0.0339054
154
1
2.06647 10.4492 -0.0631999
0.00090046 -0.00150357 -0.0324178
155
1
2.06657 10.4509 5.0601e-008
6.04244e-010 3.49323e-010 -0.0319177
156
1
2.06647 10.4492 0.0632
-0.000900459 0.00150357 -0.0324178
157
1
2.0668 10.4443 0.128193
0.000146592 0.00276208 -0.0339054
158
1
2.06756 10.4366 0.19291
-0.000185708 0.00411352 -0.0359236
159
1
2.06791 10.4255 0.258315
-0.000783489 0.0066047 -0.0374678
160
1
2.06782 10.4098 0.323084
-0.000757728 0.0109955 -0.0366001
161
1
2.06698 10.39 0.38561
0.000115509 0.0125218 -0.0330014
162
1
2.06424 10.3671 0.44502
0.000622124 0.0122777 -0.0293894
163
1
2.05838 10.3413 0.501984
0.0036007 0.0140103 -0.026734
164
1
2.04893 10.3134 0.556279
0.00705542 0.017728 -0.0298143
165
1
2.03653 10.2842 0.609871
0.00767578 0.0172705 -0.0293086
166
1
2.02177 10.255 0.66256
0.00684886 0.0136126 -0.0240981
167
1
2.00558 10.2277 0.712279
0.00789687 0.0126196 -0.0258685
168
1
1.98794 10.2011 0.758612
0.010029 0.0121484 -0.026105
169
1
1.97063 10.1747 0.800415
0.0087004 0.0118749 -0.0192011
170
1
1.95305 10.1481 0.837238
0.0070147 0.012363 -0.0161295
171
1
1.93398 10.1203 0.869616
0.00832394 0.0141019 -0.0171145
172
1
1.91264 10.0907 0.897513
0.0112471 0.0160492 -0.0143943
173
1
1.88904 10.0598 0.920575
0.0112276 0.0157332 -0.00882784
174
1
1.86319 10.0286 0.94037
0.0112938 0.0156013 -0.00773738
175
1
1.83376 9.99763 0.956996
0.0143815 0.0163091 -0.00759311
176
1
1.80184 9.96669 0.968555
0.0165441 0.0153598 -0.00256205
177
1
1.7681 9.9356 0.97511
0.0173927 0.0151573 0.000670556
178
1
1.73183 9.90376 0.978553
0.0201771 0.0156732 0.000418761
179
1
1.69253 9.87133 0.979516
0.0224129 0.015119 0.00153301
180
1
1.65016 9.83995 0.977902
0.022524 0.0145358 0.003303
181
1
1.60506 9.80943 0.973173
0.0237594 0.0142946 0.00400141
182
1
1.55714 9.77914 0.965131
0.0256024 0.0143021 0.00506246
183
1
1.50716 9.74795 0.954475
0.0262109 0.0157785 0.00568954
184
1
1.45642 9.71487 0.942217
0.0264509 0.0184127 0.00529247
185
1
1.40635 9.6801 0.928755
0.0249657 0.0191901 0.00603445
186
1
1.35846 9.64521 0.913092
0.0211557 0.0174579 0.00807578
187
1
1.31153 9.61065 0.893519
0.0205982 0.016635 0.0116891
188
1
1.26336 9.57745 0.867526
0.0242821 0.017695 0.0156777
189
1
1.21401 9.54711 0.834028
0.0247435 0.0154707 0.0185956
190
1
1.16383 9.5212 0.793026
0.0232398 0.0111655 0.0234034
191
1
1.1123 9.50122 0.74642
0.0246302 0.00790255 0.0266061
192
1
1.05839 9.48768 0.696935
0.0265832 0.00421118 0.0252209
193
1
0.997788 9.47976 0.644433
0.0319415 0.000407421 0.0268416
