194
0
1
1.4178 7.80121 0.691544
0.0511413 0.0234916 0.00376434
1
1
1.31804 7.75603 0.677323
0.0506559 0.0239761 0.00537549
2
1
1.21239 7.70842 0.654722
0.0544664 0.0260728 0.0115097
3
1
1.10263 7.66203 0.621483
0.0558444 0.0228114 0.019238
4
1
0.986575 7.61892 0.570065
0.0576946 0.0185369 0.0314038
5
1
0.866085 7.5753 0.492911
0.0613211 0.0176469 0.044162
6
1
0.731074 7.53383 0.38497
0.0562461 0.0141785 0.0519953
7
1
0.587373 7.48333 0.201925
0.0347878 0.0185619 0.0672095
8
1
0.490977 5.87933 0.0693586
-0.00169467 -0.0443848 -0.0111711
9
1
0.0478585 10.4399 0.72405
0.000765234 -0.0124211 -0.0769219
10
1
-0.0478585 10.4399 0.72405
0.000765234 0.0124211 0.0769219
11
1
-0.490978 5.87934 0.0693587
-0.00169478 0.0443846 0.0111706
12
1
-0.587373 7.48333 0.201925
0.0347878 -0.0185619 -0.0672095
13
1
-0.731074 7.53383 0.38497
0.0562461 -0.0141785 -0.0519953
14
1
-0.866085 7.5753 0.492911
0.0613211 -0.0176469 -0.044162
15
1
-0.986575 7.61892 0.570065
0.0576946 -0.0185369 -0.0314038
16
1
-1.10263 7.66203 0.621483
0.0558444 -0.0228114 -0.019238
17
1
-1.21239 7.70842 0.654722
0.0544664 -0.0260728 -0.0115097
18
1
-1.31804 7.75603 0.677323
0.0506559 -0.0239761 -0.00537549
19
1
-1.4178 7.80121 0.691544
0.0511413 -0.0234916 -0.00376434
20
1
-1.5092 7.84428 0.701408
0.0426924 -0.0214899 -0.00479
21
1
-1.59352 7.88475 0.709499
0.0397756 -0.0186379 -0.00457264
22
1
-1.67185 7.92113 0.716661
0.0394258 -0.0168647 -0.00392432
23
1
-1.74764 7.95449 0.723362
0.0361408 -0.0148686 -0.00367122
24
1
-1.82073 7.98455 0.729157
0.0354483 -0.0136647 -0.00294436
25
1
-1.89101 8.01094 0.733162
0.0352845 -0.0126552 -0.00153191
26
1
-1.95902 8.03352 0.735787
0.0319778 -0.00993245 -0.00126521
27
1
-2.02432 8.05166 0.737643
0.0306903 -0.00771424 -0.00126483
28
1
-2.08788 8.06548 0.738395
0.031705 -0.00656302 -0.000527291
29
1
-2.15082 8.07548 0.737403
0.0314539 -0.00494109 0.000776679
30
1
-2.21264 8.08177 0.734354
0.0307489 -0.00254659 0.00168324
31
1
-2.27355 8.08444 0.728875
0.0305754 -0.000635616 0.00270389
32
1
-2.33341 8.08394 0.72096
0.0299127 0.000749595 0.00419605
33
1
-2.39152 8.0809 0.710906
0.0294523 0.00202477 0.00555593
34
1
-2.44782 8.07531 0.698746
0.0286477 0.00325777 0.00660992
35
1
-2.50192 8.06656 0.684556
0.026075 0.00489869 0.00754104
36
1
-2.55326 8.0546 0.668917
0.0242211 0.00670257 0.00825382
37
1
-2.60285 8.03994 0.651391
0.024357 0.00802346 0.00904937
38
1
-2.6514 8.02242 0.631933
0.0238643 0.00967887 0.00993193
39
1
-2.69861 8.00186 0.611123
0.0222425 0.0117846 0.0106234
40
1
-2.74394 7.97891 0.58887
0.0218792 0.0131003 0.0116042
41
1
-2.78751 7.95438 0.564974
0.0216705 0.0134427 0.0126036
42
1
-2.82938 7.92833 0.53988
0.0203874 0.0139585 0.0128673
43
1
-2.86988 7.90134 0.513359
0.0200662 0.014782 0.0133488
44
1
-2.9099 7.87385 0.484786
0.0203467 0.0148073 0.0148141
45
1
-2.95004 7.84605 0.453682
0.0198298 0.0146324 0.0163764
46
1
-2.98983 7.81798 0.419602
0.0202295 0.0154388 0.0177177
47
1
-3.02916 7.79006 0.382841
0.0209278 0.0153175 0.0200805
48
1
-3.06759 7.76286 0.344441
0.0205584 0.0141902 0.0221211
49
1
-3.10466 7.73757 0.305976
0.0198696 0.0139732 0.0212146
50
1
-3.14013 7.71426 0.268918
0.0182807 0.0130948 0.0180288
51
1
-3.17387 7.69327 0.233759
0.0171908 0.0110587 0.0160765
52
1
-3.20578 7.67475 0.199869
0.0177251 0.00931947 0.0161102
53
1
-3.23475 7.65844 0.1664
0.0173564 0.00821217 0.0161666
54
1
-3.25901 7.64494 0.133038
0.0144025 0.00723895 0.0154669
55
1
-3.27724 7.63448 0.0998507
0.0105326 0.00538665 0.0153405
56
1
-3.28878 7.6275 0.0666616
0.00690312 0.00304088 0.0158793
57
1
-3.29536 7.62369 0.0333649
0.00311477 0.00102651 0.0161989
58
1
-3.29744 7.62229 -1.93791e-009
-1.00924e-011 4.45112e-012 0.0162647
59
1
-3.29536 7.62369 -0.0333649
-0.00311477 -0.00102651 0.0161989
60
1
-3.28878 7.6275 -0.0666617
-0.00690312 -0.00304088 0.0158793
61
1
-3.27724 7.63448 -0.0998507
-0.0105326 -0.00538665 0.0153405
62
1
-3.25901 7.64494 -0.133038
-0.0144025 -0.00723895 0.0154669
63
1
-3.23475 7.65844 -0.1664
-0.0173564 -0.00821217 0.0161666
64
1
-3.20578 7.67475 -0.199869
-0.0177251 -0.00931947 0.0161102
65
1
-3.17387 7.69327 -0.233759
-0.0171908 -0.0110587 0.0160765
66
1
-3.14013 7.71426 -0.268918
-0.0182807 -0.0130948 0.0180288
67
1
-3.10466 7.73757 -0.305976
-0.0198696 -0.0139732 0.0212146
68
1
-3.06759 7.76286 -0.344441
-0.0205584 -0.0141902 0.0221211
69
1
-3.02916 7.79006 -0.382841
-0.0209278 -0.0153175 0.0200805
70
1
-2.98983 7.81798 -0.419602
-0.0202295 -0.0154388 0.0177177
71
1
-2.95004 7.84605 -0.453682
-0.0198298 -0.0146324 0.0163764
72
1
-2.9099 7.87385 -0.484786
-0.0203467 -0.0148073 0.0148141
73
1
-2.86988 7.90134 -0.513359
-0.0200662 -0.014782 0.0133488
74
1
-2.82938 7.92833 -0.53988
-0.0203874 -0.0139585 0.0128673
75
1
-2.78751 7.95438 -0.564974
-0.0216705 -0.0134427 0.0126036
76
1
-2.74394 7.97891 -0.58887
-0.0218792 -0.0131003 0.0116042
77
1
-2.69861 8.00186 -0.611123
-0.0222425 -0.0117846 0.0106234
78
1
-2.6514 8.02242 -0.631933
-0.0238643 -0.00967887 0.00993193
79
1
-2.60285 8.03994 -0.651391
-0.024357 -0.00802346 0.00904937
80
1
-2.55326 8.0546 -0.668917
-0.0242211 -0.00670257 0.00825382
81
1
-2.50192 8.06656 -0.684556
-0.026075 -0.00489869 0.00754104
82
1
-2.44782 8.07531 -0.698746
-0.0286477 -0.00325777 0.00660992
83
1
-2.39152 8.0809 -0.710906
-0.0294523 -0.00202477 0.00555593
84
1
-2.33341 8.08394 -0.72096
-0.0299127 -0.000749595 0.00419605
85
1
-2.27355 8.08444 -0.728875
-0.0305754 0.000635616 0.00270389
86
1
-2.21264 8.08177 -0.734354
-0.0307489 0.00254659 0.00168324
87
1
-2.15082 8.07548 -0.737403
-0.0314539 0.00494109 0.000776679
88
1
-2.08788 8.06548 -0.738395
-0.031705 0.00656302 -0.000527291
89
1
-2.02432 8.05166 -0.737643
-0.0306903 0.00771424 -0.00126483
90
1
-1.95902 8.03352 -0.735787
-0.0319778 0.00993245 -0.00126521
91
1
-1.89101 8.01094 -0.733162
-0.0352845 0.0126552 -0.00153191
92
1
-1.82073 7.98455 -0.729157
-0.0354483 0.0136647 -0.00294436
93
1
-1.74764 7.95449 -0.723362
-0.0361408 0.0148686 -0.00367122
94
1
-1.67185 7.92113 -0.716661
-0.0394258 0.0168647 -0.00392432
95
1
-1.59352 7.88475 -0.709499
-0.0397756 0.0186379 -0.00457264
96
1
-1.5092 7.84428 -0.701408
-0.0426924 0.0214899 -0.00479
97
1
-1.4178 7.80121 -0.691544
-0.0511413 0.0234916 -0.00376434
98
1
-1.31804 7.75603 -0.677323
-0.0506559 0.0239761 -0.00537549
99
1
-1.21239 7.70842 -0.654722
-0.0544664 0.0260728 -0.0115097
100
1
-1.10263 7.66203 -0.621483
-0.0558444 0.0228114 -0.019238
101
1
-0.986575 7.61892 -0.570065
-0.0576946 0.0185369 -0.0314038
102
1
-0.866085 7.5753 -0.492911
-0.0613211 0.0176469 -0.044162
103
1
-0.731074 7.53383 -0.38497
-0.0562461 0.0141785 -0.0519953
104
1
-0.587373 7.48333 -0.201925
-0.0347878 0.0185619 -0.0672095
105
1
-0.490978 5.87933 -0.0693585
0.00169468 -0.0443848 0.0111711
106
1
-0.0478585 10.4399 -0.72405
-0.000765234 -0.0124211 0.0769219
107
1
0.0478585 10.4399 -0.72405
-0.000765234 0.0124211 -0.0769219
108
1
0.490978 5.87934 -0.0693586
0.00169479 0.0443846 -0.0111706
109
1
0.587373 7.48333 -0.201925
-0.0347878 -0.0185619 0.0672095
110
1
0.731074 7.53383 -0.38497
-0.0562461 -0.0141785 0.0519953
111
1
0.866085 7.5753 -0.492911
-0.0613211 -0.0176469 0.044162
112
1
0.986575 7.61892 -0.570065
-0.0576946 -0.0185369 0.0314038
113
1
1.10263 7.66203 -0.621483
-0.0558444 -0.0228114 0.019238
114
1
1.21239 7.70842 -0.654722
-0.0544664 -0.0260728 0.0115097
115
1
1.31804 7.75603 -0.677323
-0.0506559 -0.0239761 0.00537549
116
1
1.4178 7.80121 -0.691544
-0.0511413 -0.0234916 0.00376434
117
1
1.5092 7.84428 -0.701408
-0.0426924 -0.0214899 0.00479
118
1
1.59352 7.88475 -0.709499
-0.0397756 -0.0186379 0.00457264
119
1
1.67185 7.92113 -0.716661
-0.0394258 -0.0168647 0.00392432
120
1
1.74764 7.95449 -0.723362
-0.0361408 -0.0148686 0.00367122
121
1
1.82073 7.98455 -0.729157
-0.0354483 -0.0136647 0.00294436
122
1
1.89101 8.01094 -0.733162
-0.0352845 -0.0126552 0.00153191
123
1
1.95902 8.03352 -0.735787
-0.0319778 -0.00993245 0.00126521
124
1
2.02432 8.05166 -0.737643
-0.0306903 -0.00771424 0.00126483
125
1
2.08788 8.06548 -0.738395
-0.031705 -0.00656302 0.000527291
126
1
2.15082 8.07548 -0.737403
-0.0314539 -0.00494109 -0.000776679
127
1
2.21264 8.08177 -0.734354
-0.0307489 -0.00254659 -0.00168324
128
1
2.27355 8.08444 -0.728875
-0.0305754 -0.000635616 -0.00270389
129
1
2.33341 8.08394 -0.72096
-0.0299127 0.000749595 -0.00419605
130
1
2.39152 8.0809 -0.710906
-0.0294523 0.00202477 -0.00555593
131
1
2.44782 8.07531 -0.698746
-0.0286477 0.00325777 -0.00660992
132
1
2.50192 8.06656 -0.684556
-0.026075 0.00489869 -0.00754104
133
1
2.55326 8.0546 -0.668917
-0.0242211 0.00670257 -0.00825382
134
1
2.60285 8.03994 -0.651391
-0.024357 0.00802346 -0.00904937
135
1
2.6514 8.02242 -0.631933
-0.0238643 0.00967887 -0.00993193
136
1
2.69861 8.00186 -0.611123
-0.0222425 0.0117846 -0.0106234
137
1
2.74394 7.97891 -0.58887
-0.0218792 0.0131003 -0.0116042
138
1
2.78751 7.95438 -0.564974
-0.0216705 0.0134427 -0.0126036
139
1
2.82938 7.92833 -0.53988
-0.0203874 0.0139585 -0.0128673
140
1
2.86988 7.90134 -0.513359
-0.0200662 0.014782 -0.0133488
141
1
2.9099 7.87385 -0.484786
-0.0203467 0.0148073 -0.0148141
142
1
2.95004 7.84605 -0.453682
-0.0198298 0.0146324 -0.0163764
143
1
2.98983 7.81798 -0.419602
-0.0202295 0.0154388 -0.0177177
144
1
3.02916 7.79006 -0.382841
-0.0209278 0.0153175 -0.0200805
145
1
3.06759 7.76286 -0.344441
-0.0205584 0.0141902 -0.0221211
146
1
3.10466 7.73757 -0.305976
-0.0198696 0.0139732 -0.0212146
147
1
3.14013 7.71426 -0.268918
-0.0182807 0.0130948 -0.0180288
148
1
3.17387 7.69327 -0.233759
-0.0171908 0.0110587 -0.0160765
149
1
3.20578 7.67475 -0.199869
-0.0177251 0.00931947 -0.0161102
150
1
3.23475 7.65844 -0.1664
-0.0173564 0.00821217 -0.0161666
151
1
3.25901 7.64494 -0.133038
-0.0144025 0.00723895 -0.0154669
152
1
3.27724 7.63448 -0.0998507
-0.0105326 0.00538665 -0.0153405
153
1
3.28878 7.6275 -0.0666616
-0.00690312 0.00304088 -0.0158793
154
1
3.29536 7.62369 -0.0333649
-0.00311477 0.00102651 -0.0161989
155
1
3.29744 7.62229 1.88169e-009
9.21661e-012 3.34374e-012 -0.0162647
156
1
3.29536 7.62369 0.0333649
0.00311477 -0.00102651 -0.0161989
157
1
3.28878 7.6275 0.0666617
0.00690312 -0.00304088 -0.0158793
158
1
3.27724 7.63448 0.0998507
0.0105326 -0.00538665 -0.0153405
159
1
3.25901 7.64494 0.133038
0.0144025 -0.00723895 -0.0154669
160
1
3.23475 7.65844 0.1664
0.0173564 -0.00821217 -0.0161666
161
1
3.20578 7.67475 0.199869
0.0177251 -0.00931947 -0.0161102
162
1
3.17387 7.69327 0.233759
0.0171908 -0.0110587 -0.0160765
163
1
3.14013 7.71426 0.268918
0.0182807 -0.0130948 -0.0180288
164
1
3.10466 7.73757 0.305976
0.0198696 -0.0139732 -0.0212146
165
1
3.06759 7.76286 0.344441
0.0205584 -0.0141902 -0.0221211
166
1
3.02916 7.79006 0.382841
0.0209278 -0.0153175 -0.0200805
167
1
2.98983 7.81798 0.419602
0.0202295 -0.0154388 -0.0177177
168
1
2.95004 7.84605 0.453682
0.0198298 -0.0146324 -0.0163764
169
1
2.9099 7.87385 0.484786
0.0203467 -0.0148073 -0.0148141
170
1
2.86988 7.90134 0.513359
0.0200662 -0.014782 -0.0133488
171
1
2.82938 7.92833 0.53988
0.0203874 -0.0139585 -0.0128673
172
1
2.78751 7.95438 0.564974
0.0216705 -0.0134427 -0.0126036
173
1
2.74394 7.97891 0.58887
0.0218792 -0.0131003 -0.0116042
174
1
2.69861 8.00186 0.611123
0.0222425 -0.0117846 -0.0106234
175
1
2.6514 8.02242 0.631933
0.0238643 -0.00967887 -0.00993193
176
1
2.60285 8.03994 0.651391
0.024357 -0.00802346 -0.00904937
177
1
2.55326 8.0546 0.668917
0.0242211 -0.00670257 -0.00825382
178
1
2.50192 8.06656 0.684556
0.026075 -0.00489869 -0.00754104
179
1
2.44782 8.07531 0.698746
0.0286477 -0.00325777 -0.00660992
180
1
2.39152 8.0809 0.710906
0.0294523 -0.00202477 -0.00555593
181
1
2.33341 8.08394 0.72096
0.0299127 -0.000749595 -0.00419605
182
1
2.27355 8.08444 0.728875
0.0305754 0.000635616 -0.00270389
183
1
2.21264 8.08177 0.734354
0.0307489 0.00254659 -0.00168324
184
1
2.15082 8.07548 0.737403
0.0314539 0.00494109 -0.000776679
185
1
2.08788 8.06548 0.738395
0.031705 0.00656302 0.000527291
186
1
2.02432 8.05166 0.737643
0.0306903 0.00771424 0.00126483
187
1
1.95902 8.03352 0.735787
0.0319778 0.00993245 0.00126521
188
1
1.89101 8.01094 0.733162
0.0352845 0.0126552 0.00153191
189
1
1.82073 7.98455 0.729157
0.0354483 0.0136647 0.00294436
190
1
1.74764 7.95449 0.723362
0.0361408 0.0148686 0.00367122
191
1
1.67185 7.92113 0.716661
0.0394258 0.0168647 0.00392432
192
1
1.59352 7.88475 0.709499
0.0397756 0.0186379 0.00457264
193
1
1.5092 7.84428 0.701408
0.0426924 0.0214899 0.00479
