194
0
1
1.37171 7.97585 0.682863
0.054019 0.0189689 0.00222075
1
1
1.2672 7.93738 0.673273
0.0540499 0.017662 0.00455924
2
1
1.15677 7.89719 0.654628
0.0577583 0.0194677 0.00966881
3
1
1.0434 7.85729 0.624488
0.0572457 0.0193203 0.0186841
4
1
0.926077 7.81619 0.575319
0.0561823 0.0212211 0.0319427
5
1
0.806014 7.77031 0.500072
0.0587191 0.0211471 0.0455514
6
1
0.674772 7.73079 0.386748
0.0508278 0.0153175 0.0570417
7
1
0.531422 7.67593 0.199124
0.0394792 0.020222 0.0640649
8
1
0.729144 5.99649 0.0676088
0.0301063 -0.0333795 -0.0107904
9
1
0.047895 10.7413 0.680228
0.000757687 -0.0152005 -0.0764213
10
1
-0.047895 10.7413 0.680228
0.000757688 0.0152005 0.0764213
11
1
-0.729145 5.9965 0.0676044
0.0301061 0.0333794 0.010791
12
1
-0.531422 7.67593 0.199124
0.0394792 -0.020222 -0.0640649
13
1
-0.674772 7.73079 0.386748
0.0508278 -0.0153175 -0.0570417
14
1
-0.806014 7.77031 0.500072
0.0587191 -0.0211471 -0.0455514
15
1
-0.926077 7.81619 0.575319
0.0561823 -0.0212211 -0.0319427
16
1
-1.0434 7.85729 0.624488
0.0572457 -0.0193203 -0.0186841
17
1
-1.15677 7.89719 0.654628
0.0577583 -0.0194677 -0.00966881
18
1
-1.2672 7.93738 0.673273
0.0540499 -0.017662 -0.00455924
19
1
-1.37171 7.97585 0.682863
0.0540189 -0.0189689 -0.00222075
20
1
-1.46752 8.0134 0.686098
0.0444594 -0.0198812 -0.000196957
21
1
-1.55587 8.04982 0.685451
0.0410199 -0.0188427 0.000317554
22
1
-1.63779 8.08379 0.683603
0.0403843 -0.0181272 0.00053318
23
1
-1.71676 8.11615 0.681134
0.0368897 -0.0166055 0.000676207
24
1
-1.79272 8.14621 0.677605
0.0363737 -0.0152125 0.00149459
25
1
-1.86568 8.17341 0.672463
0.036566 -0.0139343 0.00296206
26
1
-1.93621 8.19773 0.666507
0.0331173 -0.0114508 0.00267057
27
1
-2.0038 8.21869 0.660831
0.0316103 -0.00971161 0.00229104
28
1
-2.06952 8.23627 0.655115
0.032679 -0.00882502 0.00304298
29
1
-2.13472 8.25056 0.648778
0.0325844 -0.00721696 0.00383056
30
1
-2.19902 8.26111 0.64181
0.0319521 -0.00480668 0.0036808
31
1
-2.26259 8.26787 0.633738
0.0318583 -0.00279135 0.00392448
32
1
-2.32532 8.27102 0.624228
0.0312815 -0.000919327 0.0050199
33
1
-2.38648 8.27086 0.613492
0.030935 0.000960922 0.00616436
34
1
-2.44617 8.26751 0.601659
0.0303015 0.00260567 0.00681819
35
1
-2.50413 8.26076 0.588858
0.0279421 0.00442734 0.00679119
36
1
-2.55975 8.25063 0.575754
0.0263644 0.00612237 0.00655689
37
1
-2.61429 8.2381 0.562347
0.0269074 0.00701899 0.00680662
38
1
-2.66857 8.22334 0.54855
0.0269082 0.00815677 0.00684456
39
1
-2.72202 8.20602 0.534734
0.0256849 0.00990669 0.00627594
40
1
-2.77407 8.18687 0.52077
0.0256299 0.0108735 0.00652753
41
1
-2.82479 8.16675 0.506178
0.0255497 0.0108536 0.00745088
42
1
-2.87394 8.14565 0.490591
0.02428 0.0111143 0.0076512
43
1
-2.92184 8.12414 0.473802
0.0241146 0.0116506 0.00790283
44
1
-2.96937 8.10267 0.455441
0.0244174 0.0114473 0.00919901
45
1
-3.01693 8.08136 0.435047
0.0237504 0.0111154 0.0104896
46
1
-3.06408 8.06085 0.411895
0.0243178 0.0117052 0.0111323
47
1
-3.11027 8.04204 0.385683
0.0246897 0.0110585 0.0132039
48
1
-3.1544 8.02614 0.356601
0.0236789 0.00839565 0.0157423
49
1
-3.19605 8.01487 0.326315
0.0228341 0.00608859 0.0154899
50
1
-3.23456 8.00844 0.295485
0.0203933 0.00379405 0.0136566
51
1
-3.26949 8.00653 0.26389
0.0174059 0.000193409 0.0146844
52
1
-3.30093 8.00798 0.230389
0.0157386 -0.00389644 0.0185531
53
1
-3.32807 8.01167 0.194187
0.0137559 -0.00599924 0.020685
54
1
-3.35013 8.01644 0.156399
0.0104114 -0.00516591 0.0195385
55
1
-3.36634 8.02122 0.117746
0.00682472 -0.00446524 0.0192131
56
1
-3.37692 8.0256 0.0786978
0.00384047 -0.00408648 0.0199632
57
1
-3.38301 8.02774 0.039327
0.00140464 -0.00268859 0.020058
58
1
-3.38485 8.0282 -5.06777e-009
-1.73953e-011 2.21448e-011 0.0198668
59
1
-3.38301 8.02774 -0.039327
-0.00140464 0.00268859 0.020058
60
1
-3.37692 8.0256 -0.0786978
-0.00384047 0.00408648 0.0199632
61
1
-3.36634 8.02122 -0.117746
-0.00682472 0.00446524 0.0192131
62
1
-3.35013 8.01644 -0.156399
-0.0104114 0.00516591 0.0195385
63
1
-3.32807 8.01167 -0.194187
-0.0137559 0.00599924 0.020685
64
1
-3.30093 8.00798 -0.230389
-0.0157386 0.00389644 0.0185531
65
1
-3.26949 8.00653 -0.26389
-0.0174059 -0.000193409 0.0146844
66
1
-3.23456 8.00844 -0.295485
-0.0203933 -0.00379405 0.0136566
67
1
-3.19605 8.01487 -0.326315
-0.0228341 -0.00608859 0.0154899
68
1
-3.1544 8.02614 -0.356601
-0.0236789 -0.00839565 0.0157423
69
1
-3.11027 8.04204 -0.385683
-0.0246897 -0.0110585 0.0132039
70
1
-3.06408 8.06085 -0.411895
-0.0243178 -0.0117052 0.0111323
71
1
-3.01693 8.08136 -0.435047
-0.0237504 -0.0111154 0.0104896
72
1
-2.96937 8.10267 -0.455441
-0.0244174 -0.0114473 0.00919901
73
1
-2.92184 8.12414 -0.473802
-0.0241146 -0.0116506 0.00790283
74
1
-2.87394 8.14565 -0.490591
-0.02428 -0.0111143 0.0076512
75
1
-2.82479 8.16675 -0.506178
-0.0255497 -0.0108536 0.00745088
76
1
-2.77407 8.18687 -0.52077
-0.0256299 -0.0108735 0.00652753
77
1
-2.72202 8.20602 -0.534734
-0.0256849 -0.00990669 0.00627594
78
1
-2.66857 8.22334 -0.54855
-0.0269082 -0.00815677 0.00684456
79
1
-2.61429 8.2381 -0.562347
-0.0269074 -0.00701899 0.00680662
80
1
-2.55975 8.25063 -0.575754
-0.0263644 -0.00612237 0.00655689
81
1
-2.50413 8.26076 -0.588858
-0.0279421 -0.00442734 0.00679119
82
1
-2.44617 8.26751 -0.601659
-0.0303015 -0.00260567 0.00681819
83
1
-2.38648 8.27086 -0.613492
-0.030935 -0.000960922 0.00616436
84
1
-2.32532 8.27102 -0.624228
-0.0312815 0.000919327 0.0050199
85
1
-2.26259 8.26787 -0.633738
-0.0318583 0.00279135 0.00392448
86
1
-2.19902 8.26111 -0.64181
-0.0319521 0.00480668 0.0036808
87
1
-2.13472 8.25056 -0.648778
-0.0325844 0.00721696 0.00383056
88
1
-2.06952 8.23627 -0.655115
-0.032679 0.00882502 0.00304298
89
1
-2.0038 8.21869 -0.660831
-0.0316103 0.00971161 0.00229104
90
1
-1.93621 8.19773 -0.666508
-0.0331173 0.0114508 0.00267057
91
1
-1.86568 8.17341 -0.672463
-0.036566 0.0139343 0.00296206
92
1
-1.79272 8.14621 -0.677605
-0.0363737 0.0152125 0.00149459
93
1
-1.71676 8.11615 -0.681134
-0.0368897 0.0166055 0.000676207
94
1
-1.63779 8.08379 -0.683603
-0.0403843 0.0181272 0.00053318
95
1
-1.55587 8.04982 -0.685451
-0.0410199 0.0188427 0.000317554
96
1
-1.46752 8.0134 -0.686098
-0.0444594 0.0198812 -0.000196957
97
1
-1.37171 7.97585 -0.682863
-0.054019 0.0189689 -0.00222075
98
1
-1.2672 7.93738 -0.673273
-0.0540499 0.017662 -0.00455924
99
1
-1.15677 7.89719 -0.654628
-0.0577583 0.0194677 -0.00966881
100
1
-1.0434 7.85729 -0.624488
-0.0572457 0.0193203 -0.0186841
101
1
-0.926077 7.81619 -0.575319
-0.0561823 0.0212211 -0.0319427
102
1
-0.806014 7.77031 -0.500072
-0.0587191 0.0211471 -0.0455514
103
1
-0.674772 7.73079 -0.386748
-0.0508278 0.0153175 -0.0570417
104
1
-0.531422 7.67593 -0.199124
-0.0394792 0.020222 -0.0640649
105
1
-0.729144 5.99649 -0.0676086
-0.0301063 -0.0333794 0.0107905
106
1
-0.047895 10.7413 -0.680228
-0.000757687 -0.0152005 0.0764213
107
1
0.047895 10.7413 -0.680228
-0.000757688 0.0152005 -0.0764213
108
1
0.729145 5.9965 -0.0676042
-0.0301061 0.0333794 -0.010791
109
1
0.531422 7.67593 -0.199124
-0.0394792 -0.020222 0.0640649
110
1
0.674772 7.73079 -0.386748
-0.0508278 -0.0153175 0.0570417
111
1
0.806014 7.77031 -0.500072
-0.0587191 -0.0211471 0.0455514
112
1
0.926077 7.81619 -0.575319
-0.0561823 -0.0212211 0.0319427
113
1
1.0434 7.85729 -0.624488
-0.0572457 -0.0193203 0.0186841
114
1
1.15677 7.89719 -0.654628
-0.0577583 -0.0194677 0.00966881
115
1
1.2672 7.93738 -0.673273
-0.0540499 -0.017662 0.00455924
116
1
1.37171 7.97585 -0.682863
-0.0540189 -0.0189689 0.00222075
117
1
1.46752 8.0134 -0.686098
-0.0444594 -0.0198812 0.000196957
118
1
1.55587 8.04982 -0.685451
-0.0410199 -0.0188427 -0.000317554
119
1
1.63779 8.08379 -0.683603
-0.0403843 -0.0181272 -0.00053318
120
1
1.71676 8.11615 -0.681134
-0.0368897 -0.0166055 -0.000676207
121
1
1.79272 8.14621 -0.677605
-0.0363737 -0.0152125 -0.00149459
122
1
1.86568 8.17341 -0.672463
-0.036566 -0.0139343 -0.00296206
123
1
1.93621 8.19773 -0.666507
-0.0331173 -0.0114508 -0.00267057
124
1
2.0038 8.21869 -0.660831
-0.0316103 -0.00971161 -0.00229104
125
1
2.06952 8.23627 -0.655115
-0.032679 -0.00882502 -0.00304298
126
1
2.13472 8.25056 -0.648778
-0.0325844 -0.00721696 -0.00383056
127
1
2.19902 8.26111 -0.64181
-0.0319521 -0.00480668 -0.0036808
128
1
2.26259 8.26787 -0.633738
-0.0318583 -0.00279135 -0.00392448
129
1
2.32532 8.27102 -0.624228
-0.0312815 -0.000919327 -0.0050199
130
1
2.38648 8.27086 -0.613492
-0.030935 0.000960922 -0.00616436
131
1
2.44617 8.26751 -0.601659
-0.0303015 0.00260567 -0.00681819
132
1
2.50413 8.26076 -0.588858
-0.0279421 0.00442734 -0.00679119
133
1
2.55975 8.25063 -0.575754
-0.0263644 0.00612237 -0.00655689
134
1
2.61429 8.2381 -0.562347
-0.0269074 0.00701899 -0.00680662
135
1
2.66857 8.22334 -0.54855
-0.0269082 0.00815677 -0.00684456
136
1
2.72202 8.20602 -0.534734
-0.0256849 0.00990669 -0.00627594
137
1
2.77407 8.18687 -0.52077
-0.0256299 0.0108735 -0.00652753
138
1
2.82479 8.16675 -0.506178
-0.0255497 0.0108536 -0.00745088
139
1
2.87394 8.14565 -0.490591
-0.02428 0.0111143 -0.0076512
140
1
2.92184 8.12414 -0.473802
-0.0241146 0.0116506 -0.00790283
141
1
2.96937 8.10267 -0.455441
-0.0244174 0.0114473 -0.00919901
142
1
3.01693 8.08136 -0.435047
-0.0237504 0.0111154 -0.0104896
143
1
3.06408 8.06085 -0.411895
-0.0243178 0.0117052 -0.0111323
144
1
3.11027 8.04204 -0.385683
-0.0246897 0.0110585 -0.0132039
145
1
3.1544 8.02614 -0.356601
-0.0236789 0.00839565 -0.0157423
146
1
3.19605 8.01487 -0.326315
-0.0228341 0.00608859 -0.0154899
147
1
3.23456 8.00844 -0.295485
-0.0203933 0.00379405 -0.0136566
148
1
3.26949 8.00653 -0.26389
-0.0174059 0.000193409 -0.0146844
149
1
3.30093 8.00798 -0.230389
-0.0157386 -0.00389644 -0.0185531
150
1
3.32807 8.01167 -0.194187
-0.0137559 -0.00599924 -0.020685
151
1
3.35013 8.01644 -0.156399
-0.0104114 -0.00516591 -0.0195385
152
1
3.36634 8.02122 -0.117746
-0.00682472 -0.00446524 -0.0192131
153
1
3.37692 8.0256 -0.0786978
-0.00384047 -0.00408648 -0.0199632
154
1
3.38301 8.02774 -0.039327
-0.00140464 -0.00268859 -0.020058
155
1
3.38485 8.0282 5.21471e-009
1.64197e-011 2.19592e-011 -0.0198668
156
1
3.38301 8.02774 0.039327
0.00140464 0.00268859 -0.020058
157
1
3.37692 8.0256 0.0786978
0.00384047 0.00408648 -0.0199632
158
1
3.36634 8.02122 0.117746
0.00682472 0.00446524 -0.0192131
159
1
3.35013 8.01644 0.156399
0.0104114 0.00516591 -0.0195385
160
1
3.32807 8.01167 0.194187
0.0137559 0.00599924 -0.020685
161
1
3.30093 8.00798 0.230389
0.0157386 0.00389644 -0.0185531
162
1
3.26949 8.00653 0.26389
0.0174059 -0.000193409 -0.0146844
163
1
3.23456 8.00844 0.295485
0.0203933 -0.00379405 -0.0136566
164
1
3.19605 8.01487 0.326315
0.0228341 -0.00608859 -0.0154899
165
1
3.1544 8.02614 0.356601
0.0236789 -0.00839565 -0.0157423
166
1
3.11027 8.04204 0.385683
0.0246897 -0.0110585 -0.0132039
167
1
3.06408 8.06085 0.411895
0.0243178 -0.0117052 -0.0111323
168
1
3.01693 8.08136 0.435047
0.0237504 -0.0111154 -0.0104896
169
1
2.96937 8.10267 0.455441
0.0244174 -0.0114473 -0.00919901
170
1
2.92184 8.12414 0.473802
0.0241146 -0.0116506 -0.00790283
171
1
2.87394 8.14565 0.490591
0.02428 -0.0111143 -0.0076512
172
1
2.82479 8.16675 0.506178
0.0255497 -0.0108536 -0.00745088
173
1
2.77407 8.18687 0.52077
0.0256299 -0.0108735 -0.00652753
174
1
2.72202 8.20602 0.534734
0.0256849 -0.00990669 -0.00627594
175
1
2.66857 8.22334 0.54855
0.0269082 -0.00815677 -0.00684456
176
1
2.61429 8.2381 0.562347
0.0269074 -0.00701899 -0.00680662
177
1
2.55975 8.25063 0.575754
0.0263644 -0.00612237 -0.00655689
178
1
2.50413 8.26076 0.588858
0.0279421 -0.00442734 -0.00679119
179
1
2.44617 8.26751 0.601659
0.0303015 -0.00260567 -0.00681819
180
1
2.38648 8.27086 0.613492
0.030935 -0.000960922 -0.00616436
181
1
2.32532 8.27102 0.624228
0.0312815 0.000919327 -0.0050199
182
1
2.26259 8.26787 0.633738
0.0318583 0.00279135 -0.00392448
183
1
2.19902 8.26111 0.64181
0.0319521 0.00480668 -0.0036808
184
1
2.13472 8.25056 0.648778
0.0325844 0.00721696 -0.00383056
185
1
2.06952 8.23627 0.655115
0.032679 0.00882502 -0.00304298
186
1
2.0038 8.21869 0.660831
0.0316103 0.00971161 -0.00229104
187
1
1.93621 8.19773 0.666508
0.0331173 0.0114508 -0.00267057
188
1
1.86568 8.17341 0.672463
0.036566 0.0139343 -0.00296206
189
1
1.79272 8.14621 0.677605
0.0363737 0.0152125 -0.00149459
190
1
1.71676 8.11615 0.681134
0.0368897 0.0166055 -0.000676207
191
1
1.63779 8.08379 0.683603
0.0403843 0.0181272 -0.00053318
192
1
1.55587 8.04982 0.685451
0.0410199 0.0188427 -0.000317554
193
1
1.46752 8.0134 0.686098
0.0444594 0.0198812 0.000196957
