194
0
1
0.94038 3.25685 1.00901
0.0365948 -0.0228941 -0.0216603
1
1
0.866688 3.30078 1.05095
0.0397965 -0.0219591 -0.0208492
2
1
0.785572 3.34299 1.09126
0.0422456 -0.021135 -0.0198826
3
1
0.697689 3.3828 1.12853
0.0457392 -0.0198886 -0.0179102
4
1
0.603226 3.41883 1.16174
0.0483419 -0.0171842 -0.0156647
5
1
0.502844 3.44962 1.19074
0.0510623 -0.0142272 -0.0129565
6
1
0.396999 3.47406 1.21451
0.0539413 -0.0105892 -0.0104062
7
1
0.286651 3.49233 1.23224
0.0560639 -0.00775018 -0.0071851
8
1
0.17309 3.50512 1.24347
0.0572894 -0.00521216 -0.00406982
9
1
0.0578546 3.5117 1.24876
0.0578499 -0.00193756 -0.00154377
10
1
-0.0578546 3.5117 1.24876
0.0578499 0.00193756 0.00154377
11
1
-0.17309 3.50512 1.24347
0.0572894 0.00521216 0.00406982
12
1
-0.286651 3.49233 1.23224
0.0560639 0.00775018 0.0071851
13
1
-0.396999 3.47406 1.21451
0.0539413 0.0105892 0.0104062
14
1
-0.502844 3.44962 1.19074
0.0510623 0.0142272 0.0129565
15
1
-0.603226 3.41883 1.16174
0.0483419 0.0171842 0.0156647
16
1
-0.697689 3.3828 1.12853
0.0457392 0.0198886 0.0179102
17
1
-0.785572 3.34299 1.09126
0.0422456 0.021135 0.0198826
18
1
-0.866688 3.30078 1.05095
0.0397965 0.0219591 0.0208492
19
1
-0.94038 3.25685 1.00901
0.0365948 0.0228941 0.0216603
20
1
-1.00598 3.21153 0.96721
0.0317199 0.0230912 0.021177
21
1
-1.06384 3.16458 0.926179
0.0275711 0.0239474 0.0204016
22
1
-1.11416 3.11605 0.886407
0.0233517 0.0248633 0.0195808
23
1
-1.15759 3.06588 0.847517
0.0198466 0.0252726 0.0193941
24
1
-1.19482 3.01468 0.809913
0.0169584 0.0257619 0.0186041
25
1
-1.22692 2.9629 0.773561
0.0145322 0.0260912 0.0181005
26
1
-1.25439 2.91072 0.738384
0.01223 0.025868 0.0176946
27
1
-1.27809 2.85827 0.705395
0.0104874 0.0257418 0.0166004
28
1
-1.29887 2.80586 0.674915
0.00897827 0.0260868 0.0151057
29
1
-1.31671 2.75329 0.647387
0.00740231 0.0262678 0.0133771
30
1
-1.33207 2.7005 0.623715
0.00624607 0.026173 0.0111366
31
1
-1.34583 2.64764 0.604352
0.00559328 0.026196 0.00843063
32
1
-1.35865 2.59492 0.589084
0.00523848 0.0263438 0.00577285
33
1
-1.37083 2.54224 0.577614
0.00533999 0.0263186 0.00360091
34
1
-1.38306 2.48965 0.569817
0.00593941 0.0260446 0.00195213
35
1
-1.39632 2.43768 0.565157
0.00649632 0.0253455 0.000594636
36
1
-1.41116 2.38702 0.562707
0.00681556 0.024314 -0.000735194
37
1
-1.42786 2.33795 0.561438
0.0077349 0.0234081 -0.00181894
38
1
-1.44717 2.29045 0.560507
0.00982513 0.0227683 -0.00196053
39
1
-1.47012 2.24481 0.55889
0.0124617 0.0221046 -0.000869981
40
1
-1.497 2.20161 0.555361
0.014666 0.0210833 0.000839346
41
1
-1.52704 2.16105 0.549357
0.0161756 0.0196832 0.00243057
42
1
-1.55952 2.12301 0.540754
0.017269 0.0181476 0.00382237
43
1
-1.59386 2.08669 0.529969
0.0183509 0.0168847 0.00545344
44
1
-1.63029 2.05161 0.516681
0.019451 0.0161532 0.00771156
45
1
-1.66848 2.01728 0.499858
0.0201929 0.0160178 0.0103978
46
1
-1.70735 1.98341 0.478587
0.0201198 0.0163711 0.0128436
47
1
-1.74496 1.94956 0.452767
0.0192276 0.0170325 0.0146678
48
1
-1.77999 1.91561 0.423222
0.0177731 0.0176712 0.0160196
49
1
-1.81184 1.88191 0.390743
0.0159688 0.0179118 0.0172703
50
1
-1.84048 1.84936 0.35585
0.013888 0.0174228 0.0186042
51
1
-1.86609 1.81877 0.318535
0.0119445 0.0160843 0.0201625
52
1
-1.88899 1.79121 0.278307
0.0103755 0.0140261 0.0216767
53
1
-1.90951 1.7678 0.23534
0.00904575 0.0118129 0.0229018
54
1
-1.92715 1.74904 0.190173
0.00766595 0.00964523 0.0237693
55
1
-1.94129 1.73519 0.143455
0.00597454 0.00726157 0.0243404
56
1
-1.95137 1.72607 0.0958691
0.00396928 0.00460975 0.0245021
57
1
-1.95744 1.72119 0.0479582
0.00191571 0.00209624 0.0242872
58
1
-1.95945 1.71957 -2.86586e-015
-5.81459e-017 2.33831e-016 0.0241265
59
1
-1.95744 1.72119 -0.0479582
-0.00191571 -0.00209624 0.0242872
60
1
-1.95137 1.72607 -0.0958691
-0.00396928 -0.00460975 0.0245021
61
1
-1.94129 1.73519 -0.143455
-0.00597454 -0.00726157 0.0243404
62
1
-1.92715 1.74904 -0.190173
-0.00766595 -0.00964523 0.0237693
63
1
-1.90951 1.7678 -0.23534
-0.00904575 -0.0118129 0.0229018
64
1
-1.88899 1.79121 -0.278307
-0.0103755 -0.0140261 0.0216767
65
1
-1.86609 1.81877 -0.318535
-0.0119445 -0.0160843 0.0201625
66
1
-1.84048 1.84936 -0.35585
-0.013888 -0.0174228 0.0186042
67
1
-1.81184 1.88191 -0.390743
-0.0159688 -0.0179118 0.0172703
68
1
-1.77999 1.91561 -0.423222
-0.0177731 -0.0176712 0.0160196
69
1
-1.74496 1.94956 -0.452767
-0.0192276 -0.0170325 0.0146678
70
1
-1.70735 1.98341 -0.478587
-0.0201198 -0.0163711 0.0128436
71
1
-1.66848 2.01728 -0.499858
-0.0201929 -0.0160178 0.0103978
72
1
-1.63029 2.05161 -0.516681
-0.019451 -0.0161532 0.00771156
73
1
-1.59386 2.08669 -0.529969
-0.0183509 -0.0168847 0.00545344
74
1
-1.55952 2.12301 -0.540754
-0.017269 -0.0181476 0.00382237
75
1
-1.52704 2.16105 -0.549357
-0.0161756 -0.0196832 0.00243057
76
1
-1.497 2.20161 -0.555361
-0.014666 -0.0210833 0.000839346
77
1
-1.47012 2.24481 -0.55889
-0.0124617 -0.0221046 -0.000869981
78
1
-1.44717 2.29045 -0.560507
-0.00982513 -0.0227683 -0.00196053
79
1
-1.42786 2.33795 -0.561438
-0.0077349 -0.0234081 -0.00181894
80
1
-1.41116 2.38702 -0.562707
-0.00681556 -0.024314 -0.000735194
81
1
-1.39632 2.43768 -0.565157
-0.00649632 -0.0253455 0.000594636
82
1
-1.38306 2.48965 -0.569817
-0.00593941 -0.0260446 0.00195213
83
1
-1.37083 2.54224 -0.577614
-0.00533999 -0.0263186 0.00360091
84
1
-1.35865 2.59492 -0.589084
-0.00523848 -0.0263438 0.00577285
85
1
-1.34583 2.64764 -0.604352
-0.00559328 -0.026196 0.00843063
86
1
-1.33207 2.7005 -0.623715
-0.00624607 -0.026173 0.0111366
87
1
-1.31671 2.75329 -0.647387
-0.00740231 -0.0262678 0.0133771
88
1
-1.29887 2.80586 -0.674915
-0.00897827 -0.0260868 0.0151057
89
1
-1.27809 2.85827 -0.705395
-0.0104874 -0.0257418 0.0166004
90
1
-1.25439 2.91072 -0.738384
-0.01223 -0.025868 0.0176946
91
1
-1.22692 2.9629 -0.773561
-0.0145322 -0.0260912 0.0181005
92
1
-1.19482 3.01468 -0.809913
-0.0169584 -0.0257619 0.0186041
93
1
-1.15759 3.06588 -0.847517
-0.0198466 -0.0252726 0.0193941
94
1
-1.11416 3.11605 -0.886407
-0.0233517 -0.0248633 0.0195808
95
1
-1.06384 3.16458 -0.926179
-0.0275711 -0.0239474 0.0204016
96
1
-1.00598 3.21153 -0.96721
-0.0317199 -0.0230912 0.021177
97
1
-0.94038 3.25685 -1.00901
-0.0365948 -0.0228941 0.0216603
98
1
-0.866688 3.30078 -1.05095
-0.0397965 -0.0219591 0.0208492
99
1
-0.785572 3.34299 -1.09126
-0.0422456 -0.021135 0.0198826
100
1
-0.697689 3.3828 -1.12853
-0.0457392 -0.0198886 0.0179102
101
1
-0.603226 3.41883 -1.16174
-0.0483419 -0.0171842 0.0156647
102
1
-0.502844 3.44962 -1.19074
-0.0510623 -0.0142272 0.0129565
103
1
-0.396999 3.47406 -1.21451
-0.0539413 -0.0105892 0.0104062
104
1
-0.286651 3.49233 -1.23224
-0.0560639 -0.00775018 0.0071851
105
1
-0.17309 3.50512 -1.24347
-0.0572894 -0.00521216 0.00406982
106
1
-0.0578546 3.5117 -1.24876
-0.0578499 -0.00193756 0.00154377
107
1
0.0578546 3.5117 -1.24876
-0.0578499 0.00193756 -0.00154377
108
1
0.17309 3.50512 -1.24347
-0.0572894 0.00521216 -0.00406982
109
1
0.286651 3.49233 -1.23224
-0.0560639 0.00775018 -0.0071851
110
1
0.396999 3.47406 -1.21451
-0.0539413 0.0105892 -0.0104062
111
1
0.502844 3.44962 -1.19074
-0.0510623 0.0142272 -0.0129565
112
1
0.603226 3.41883 -1.16174
-0.0483419 0.0171842 -0.0156647
113
1
0.697689 3.3828 -1.12853
-0.0457392 0.0198886 -0.0179102
114
1
0.785572 3.34299 -1.09126
-0.0422456 0.021135 -0.0198826
115
1
0.866688 3.30078 -1.05095
-0.0397965 0.0219591 -0.0208492
116
1
0.94038 3.25685 -1.00901
-0.0365948 0.0228941 -0.0216603
117
1
1.00598 3.21153 -0.96721
-0.0317199 0.0230912 -0.021177
118
1
1.06384 3.16458 -0.926179
-0.0275711 0.0239474 -0.0204016
119
1
1.11416 3.11605 -0.886407
-0.0233517 0.0248633 -0.0195808
120
1
1.15759 3.06588 -0.847517
-0.0198466 0.0252726 -0.0193941
121
1
1.19482 3.01468 -0.809913
-0.0169584 0.0257619 -0.0186041
122
1
1.22692 2.9629 -0.773561
-0.0145322 0.0260912 -0.0181005
123
1
1.25439 2.91072 -0.738384
-0.01223 0.025868 -0.0176946
124
1
1.27809 2.85827 -0.705395
-0.0104874 0.0257418 -0.0166004
125
1
1.29887 2.80586 -0.674915
-0.00897827 0.0260868 -0.0151057
126
1
1.31671 2.75329 -0.647387
-0.00740231 0.0262678 -0.0133771
127
1
1.33207 2.7005 -0.623715
-0.00624607 0.026173 -0.0111366
128
1
1.34583 2.64764 -0.604352
-0.00559328 0.026196 -0.00843063
129
1
1.35865 2.59492 -0.589084
-0.00523848 0.0263438 -0.00577285
130
1
1.37083 2.54224 -0.577614
-0.00533999 0.0263186 -0.00360091
131
1
1.38306 2.48965 -0.569817
-0.00593941 0.0260446 -0.00195213
132
1
1.39632 2.43768 -0.565157
-0.00649632 0.0253455 -0.000594636
133
1
1.41116 2.38702 -0.562707
-0.00681556 0.024314 0.000735194
134
1
1.42786 2.33795 -0.561438
-0.0077349 0.0234081 0.00181894
135
1
1.44717 2.29045 -0.560507
-0.00982513 0.0227683 0.00196053
136
1
1.47012 2.24481 -0.55889
-0.0124617 0.0221046 0.000869981
137
1
1.497 2.20161 -0.555361
-0.014666 0.0210833 -0.000839346
138
1
1.52704 2.16105 -0.549357
-0.0161756 0.0196832 -0.00243057
139
1
1.55952 2.12301 -0.540754
-0.017269 0.0181476 -0.00382237
140
1
1.59386 2.08669 -0.529969
-0.0183509 0.0168847 -0.00545344
141
1
1.63029 2.05161 -0.516681
-0.019451 0.0161532 -0.00771156
142
1
1.66848 2.01728 -0.499858
-0.0201929 0.0160178 -0.0103978
143
1
1.70735 1.98341 -0.478587
-0.0201198 0.0163711 -0.0128436
144
1
1.74496 1.94956 -0.452767
-0.0192276 0.0170325 -0.0146678
145
1
1.77999 1.91561 -0.423222
-0.0177731 0.0176712 -0.0160196
146
1
1.81184 1.88191 -0.390743
-0.0159688 0.0179118 -0.0172703
147
1
1.84048 1.84936 -0.35585
-0.013888 0.0174228 -0.0186042
148
1
1.86609 1.81877 -0.318535
-0.0119445 0.0160843 -0.0201625
149
1
1.88899 1.79121 -0.278307
-0.0103755 0.0140261 -0.0216767
150
1
1.90951 1.7678 -0.23534
-0.00904575 0.0118129 -0.0229018
151
1
1.92715 1.74904 -0.190173
-0.00766595 0.00964523 -0.0237693
152
1
1.94129 1.73519 -0.143455
-0.00597454 0.00726157 -0.0243404
153
1
1.95137 1.72607 -0.0958691
-0.00396928 0.00460975 -0.0245021
154
1
1.95744 1.72119 -0.0479582
-0.00191571 0.00209624 -0.0242872
155
1
1.95945 1.71957 -2.35213e-015
-8.35991e-017 4.12788e-017 -0.0241265
156
1
1.95744 1.72119 0.0479582
0.00191571 -0.00209624 -0.0242872
157
1
1.95137 1.72607 0.0958691
0.00396928 -0.00460975 -0.0245021
158
1
1.94129 1.73519 0.143455
0.00597454 -0.00726157 -0.0243404
159
1
1.92715 1.74904 0.190173
0.00766595 -0.00964523 -0.0237693
160
1
1.90951 1.7678 0.23534
0.00904575 -0.0118129 -0.0229018
161
1
1.88899 1.79121 0.278307
0.0103755 -0.0140261 -0.0216767
162
1
1.86609 1.81877 0.318535
0.0119445 -0.0160843 -0.0201625
163
1
1.84048 1.84936 0.35585
0.013888 -0.0174228 -0.0186042
164
1
1.81184 1.88191 0.390743
0.0159688 -0.0179118 -0.0172703
165
1
1.77999 1.91561 0.423222
0.0177731 -0.0176712 -0.0160196
166
1
1.74496 1.94956 0.452767
0.0192276 -0.0170325 -0.0146678
167
1
1.70735 1.98341 0.478587
0.0201198 -0.0163711 -0.0128436
168
1
1.66848 2.01728 0.499858
0.0201929 -0.0160178 -0.0103978
169
1
1.63029 2.05161 0.516681
0.019451 -0.0161532 -0.00771156
170
1
1.59386 2.08669 0.529969
0.0183509 -0.0168847 -0.00545344
171
1
1.55952 2.12301 0.540754
0.017269 -0.0181476 -0.00382237
172
1
1.52704 2.16105 0.549357
0.0161756 -0.0196832 -0.00243057
173
1
1.497 2.20161 0.555361
0.014666 -0.0210833 -0.000839346
174
1
1.47012 2.24481 0.55889
0.0124617 -0.0221046 0.000869981
175
1
1.44717 2.29045 0.560507
0.00982513 -0.0227683 0.00196053
176
1
1.42786 2.33795 0.561438
0.0077349 -0.0234081 0.00181894
177
1
1.41116 2.38702 0.562707
0.00681556 -0.024314 0.000735194
178
1
1.39632 2.43768 0.565157
0.00649632 -0.0253455 -0.000594636
179
1
1.38306 2.48965 0.569817
0.00593941 -0.0260446 -0.00195213
180
1
1.37083 2.54224 0.577614
0.00533999 -0.0263186 -0.00360091
181
1
1.35865 2.59492 0.589084
0.00523848 -0.0263438 -0.00577285
182
1
1.34583 2.64764 0.604352
0.00559328 -0.026196 -0.00843063
183
1
1.33207 2.7005 0.623715
0.00624607 -0.026173 -0.0111366
184
1
1.31671 2.75329 0.647387
0.00740231 -0.0262678 -0.0133771
185
1
1.29887 2.80586 0.674915
0.00897827 -0.0260868 -0.0151057
186
1
1.27809 2.85827 0.705395
0.0104874 -0.0257418 -0.0166004
187
1
1.25439 2.91072 0.738384
0.01223 -0.025868 -0.0176946
188
1
1.22692 2.9629 0.773561
0.0145322 -0.0260912 -0.0181005
189
1
1.19482 3.01468 0.809913
0.0169584 -0.0257619 -0.0186041
190
1
1.15759 3.06588 0.847517
0.0198466 -0.0252726 -0.0193941
191
1
1.11416 3.11605 0.886407
0.0233517 -0.0248633 -0.0195808
192
1
1.06384 3.16458 0.926179
0.0275711 -0.0239474 -0.0204016
193
1
1.00598 3.21153 0.96721
0.0317199 -0.0230912 -0.021177
