194
0
1
0.779843 9.64925 0.645081
0.00705781 0.0168582 0.0401053
1
1
0.754565 9.6129 0.571342
0.00666861 0.0137873 0.0387561
2
1
0.725399 9.57186 0.498723
0.0139959 0.0204591 0.035696
3
1
0.684541 9.5198 0.435303
0.0218164 0.0308953 0.0310031
4
1
0.623884 9.46132 0.391251
0.0338248 0.0293707 0.0121292
5
1
0.537465 9.40183 0.378416
0.0477812 0.028603 -0.0107626
6
1
0.413519 9.34227 0.409503
0.0663137 0.0210083 -0.0346685
7
1
0.208317 9.27744 0.500842
0.0663277 0.0117927 -0.0391589
8
1
0.875607 6.50035 0.0569188
0.0481173 0.00733084 -0.00929698
9
1
1.01357 13.2054 0.0557963
-0.0425698 -0.0510418 0.00760894
10
1
-1.01357 13.2054 0.0557958
-0.0425699 0.0510418 -0.0076091
11
1
-0.875634 6.50035 0.0566613
0.0481064 -0.00732635 0.0093168
12
1
-0.208317 9.27744 0.500842
0.0663277 -0.0117927 0.0391589
13
1
-0.413519 9.34227 0.409503
0.0663137 -0.0210083 0.0346685
14
1
-0.537465 9.40183 0.378416
0.0477812 -0.028603 0.0107626
15
1
-0.623884 9.46132 0.391251
0.0338248 -0.0293707 -0.0121292
16
1
-0.684541 9.5198 0.435303
0.0218164 -0.0308953 -0.0310031
17
1
-0.725399 9.57186 0.498723
0.0139959 -0.0204591 -0.035696
18
1
-0.754565 9.6129 0.571342
0.0066686 -0.0137873 -0.0387561
19
1
-0.779843 9.64925 0.645081
0.0070578 -0.0168582 -0.0401053
20
1
-0.807556 9.68586 0.71313
0.011887 -0.0190229 -0.0342928
21
1
-0.841371 9.72319 0.772047
0.0176476 -0.0183042 -0.0256939
22
1
-0.88005 9.76109 0.821984
0.0209145 -0.0205842 -0.0234751
23
1
-0.922454 9.80051 0.866198
0.0221774 -0.0196584 -0.0201136
24
1
-0.96756 9.83871 0.905346
0.0258248 -0.0176566 -0.0173908
25
1
-1.01448 9.87427 0.939125
0.0256678 -0.0166032 -0.015604
26
1
-1.06111 9.90763 0.967857
0.0215055 -0.0146049 -0.0121948
27
1
-1.10617 9.9401 0.991912
0.0216046 -0.0140611 -0.0104375
28
1
-1.14984 9.97356 1.01301
0.0235855 -0.0154307 -0.0107553
29
1
-1.1912 10.0102 1.03179
0.0214119 -0.01791 -0.0102536
30
1
-1.22846 10.0493 1.04814
0.0179821 -0.019421 -0.00947136
31
1
-1.26224 10.0895 1.06108
0.0156226 -0.0204861 -0.00690735
32
1
-1.29447 10.1297 1.06906
0.0142448 -0.021133 -0.0034017
33
1
-1.3257 10.1693 1.07108
0.0141013 -0.020525 -0.000687722
34
1
-1.35597 10.2085 1.06746
0.0147015 -0.0205705 0.00339123
35
1
-1.385 10.2479 1.05977
0.0134953 -0.0208966 0.00625511
36
1
-1.41359 10.2859 1.04898
0.0120202 -0.0189219 0.00577
37
1
-1.4426 10.3222 1.03561
0.0142252 -0.0172194 0.00836861
38
1
-1.47303 10.3571 1.0182
0.0161095 -0.0162676 0.0123705
39
1
-1.50392 10.3908 0.996717
0.0140548 -0.0144275 0.0112737
40
1
-1.53424 10.4229 0.97302
0.0150226 -0.0142681 0.0114479
41
1
-1.56502 10.4533 0.947161
0.0179029 -0.0145789 0.015139
42
1
-1.59531 10.4817 0.917688
0.0155454 -0.012911 0.016048
43
1
-1.62429 10.5082 0.885349
0.013056 -0.0122181 0.0145118
44
1
-1.65188 10.5342 0.850162
0.0150217 -0.0141113 0.0163502
45
1
-1.67843 10.5602 0.811143
0.0163806 -0.0155613 0.0217575
46
1
-1.70346 10.5845 0.767537
0.0118938 -0.0122487 0.0231177
47
1
-1.7243 10.6058 0.71944
0.00840302 -0.00862505 0.0239548
48
1
-1.74141 10.6241 0.66588
0.00685101 -0.00748208 0.0315577
49
1
-1.75444 10.639 0.608887
0.00492556 -0.00667917 0.0329718
50
1
-1.76468 10.6507 0.549451
0.00338532 -0.00412213 0.030187
51
1
-1.77313 10.6594 0.486042
0.00362041 -0.00208925 0.033645
52
1
-1.78049 10.666 0.41975
0.00388821 -0.00267339 0.0372382
53
1
-1.78718 10.6719 0.350303
0.0026413 -0.00317936 0.0406687
54
1
-1.79307 10.6771 0.279058
0.00282696 -0.00277179 0.0411538
55
1
-1.79772 10.6817 0.207786
0.00226843 -0.00304968 0.0389067
56
1
-1.80067 10.6856 0.137879
0.00119468 -0.00201769 0.0364611
57
1
-1.80223 10.6879 0.0679139
-0.000571578 -0.000378574 0.0348346
58
1
-1.8028 10.6886 -6.75547e-008
1.93784e-010 7.24346e-010 0.0343348
59
1
-1.80223 10.6879 -0.067914
0.000571578 0.000378576 0.0348346
60
1
-1.80067 10.6856 -0.137879
-0.00119468 0.00201769 0.0364611
61
1
-1.79772 10.6817 -0.207786
-0.00226843 0.00304968 0.0389067
62
1
-1.79307 10.6771 -0.279058
-0.00282696 0.00277179 0.0411538
63
1
-1.78718 10.6719 -0.350304
-0.0026413 0.00317936 0.0406687
64
1
-1.78049 10.666 -0.41975
-0.00388821 0.0026734 0.0372382
65
1
-1.77313 10.6594 -0.486042
-0.00362041 0.00208925 0.033645
66
1
-1.76468 10.6507 -0.549451
-0.00338532 0.00412213 0.030187
67
1
-1.75444 10.639 -0.608887
-0.00492556 0.00667917 0.0329718
68
1
-1.74141 10.6241 -0.66588
-0.00685101 0.00748208 0.0315577
69
1
-1.7243 10.6058 -0.71944
-0.00840302 0.00862505 0.0239548
70
1
-1.70346 10.5845 -0.767537
-0.0118938 0.0122487 0.0231177
71
1
-1.67843 10.5602 -0.811143
-0.0163806 0.0155613 0.0217575
72
1
-1.65188 10.5342 -0.850162
-0.0150217 0.0141113 0.0163502
73
1
-1.62429 10.5082 -0.885349
-0.013056 0.0122181 0.0145118
74
1
-1.59531 10.4817 -0.917688
-0.0155454 0.012911 0.016048
75
1
-1.56502 10.4533 -0.947161
-0.0179029 0.0145789 0.015139
76
1
-1.53424 10.4229 -0.97302
-0.0150226 0.0142681 0.0114479
77
1
-1.50392 10.3908 -0.996717
-0.0140548 0.0144275 0.0112737
78
1
-1.47303 10.3571 -1.0182
-0.0161095 0.0162676 0.0123705
79
1
-1.4426 10.3222 -1.03561
-0.0142252 0.0172194 0.00836861
80
1
-1.41359 10.2859 -1.04898
-0.0120202 0.0189219 0.00577
81
1
-1.385 10.2479 -1.05977
-0.0134953 0.0208966 0.00625511
82
1
-1.35597 10.2085 -1.06746
-0.0147015 0.0205705 0.00339123
83
1
-1.3257 10.1693 -1.07108
-0.0141013 0.020525 -0.000687722
84
1
-1.29447 10.1297 -1.06906
-0.0142448 0.021133 -0.0034017
85
1
-1.26224 10.0895 -1.06108
-0.0156226 0.0204861 -0.00690735
86
1
-1.22846 10.0493 -1.04814
-0.0179821 0.019421 -0.00947136
87
1
-1.1912 10.0102 -1.03179
-0.0214119 0.01791 -0.0102536
88
1
-1.14984 9.97356 -1.01301
-0.0235855 0.0154307 -0.0107553
89
1
-1.10617 9.9401 -0.991913
-0.0216046 0.0140611 -0.0104375
90
1
-1.06111 9.90763 -0.967857
-0.0215055 0.0146049 -0.0121948
91
1
-1.01448 9.87427 -0.939125
-0.0256678 0.0166032 -0.015604
92
1
-0.96756 9.83871 -0.905346
-0.0258248 0.0176566 -0.0173908
93
1
-0.922454 9.80051 -0.866198
-0.0221774 0.0196584 -0.0201136
94
1
-0.88005 9.76109 -0.821984
-0.0209145 0.0205842 -0.0234751
95
1
-0.84137 9.72319 -0.772047
-0.0176476 0.0183042 -0.0256939
96
1
-0.807556 9.68586 -0.713131
-0.011887 0.0190229 -0.0342928
97
1
-0.779843 9.64925 -0.645081
-0.00705781 0.0168582 -0.0401053
98
1
-0.754565 9.6129 -0.571342
-0.00666861 0.0137873 -0.0387561
99
1
-0.725399 9.57186 -0.498723
-0.0139959 0.0204591 -0.035696
100
1
-0.684541 9.5198 -0.435303
-0.0218164 0.0308953 -0.0310031
101
1
-0.623884 9.46132 -0.391251
-0.0338248 0.0293707 -0.0121292
102
1
-0.537465 9.40183 -0.378416
-0.0477812 0.028603 0.0107626
103
1
-0.413519 9.34227 -0.409503
-0.0663137 0.0210083 0.0346685
104
1
-0.208317 9.27744 -0.500842
-0.0663277 0.0117927 0.0391589
105
1
-0.875607 6.50035 -0.0569146
-0.0481171 0.00733081 0.00929739
106
1
-1.01357 13.2054 -0.0557963
0.0425698 -0.0510418 -0.00760894
107
1
1.01357 13.2054 -0.0557958
0.0425699 0.0510418 0.0076091
108
1
0.875635 6.50035 -0.0566571
-0.0481062 -0.00732631 -0.00931721
109
1
0.208317 9.27744 -0.500842
-0.0663277 -0.0117927 -0.0391589
110
1
0.413519 9.34227 -0.409503
-0.0663137 -0.0210083 -0.0346685
111
1
0.537465 9.40183 -0.378416
-0.0477812 -0.028603 -0.0107626
112
1
0.623884 9.46132 -0.391251
-0.0338248 -0.0293707 0.0121292
113
1
0.684541 9.5198 -0.435303
-0.0218164 -0.0308953 0.0310031
114
1
0.725399 9.57186 -0.498723
-0.0139959 -0.0204591 0.035696
115
1
0.754565 9.6129 -0.571342
-0.0066686 -0.0137873 0.0387561
116
1
0.779843 9.64925 -0.645081
-0.0070578 -0.0168582 0.0401053
117
1
0.807556 9.68586 -0.71313
-0.011887 -0.0190229 0.0342928
118
1
0.841371 9.72319 -0.772047
-0.0176476 -0.0183042 0.0256939
119
1
0.88005 9.76109 -0.821984
-0.0209145 -0.0205842 0.0234751
120
1
0.922454 9.80051 -0.866198
-0.0221774 -0.0196584 0.0201136
121
1
0.96756 9.83871 -0.905346
-0.0258248 -0.0176566 0.0173908
122
1
1.01448 9.87427 -0.939125
-0.0256678 -0.0166032 0.015604
123
1
1.06111 9.90763 -0.967857
-0.0215055 -0.0146049 0.0121948
124
1
1.10617 9.9401 -0.991912
-0.0216046 -0.0140611 0.0104375
125
1
1.14984 9.97356 -1.01301
-0.0235855 -0.0154307 0.0107553
126
1
1.1912 10.0102 -1.03179
-0.0214119 -0.01791 0.0102536
127
1
1.22846 10.0493 -1.04814
-0.0179821 -0.019421 0.00947136
128
1
1.26224 10.0895 -1.06108
-0.0156226 -0.0204861 0.00690735
129
1
1.29447 10.1297 -1.06906
-0.0142448 -0.021133 0.0034017
130
1
1.3257 10.1693 -1.07108
-0.0141013 -0.020525 0.000687722
131
1
1.35597 10.2085 -1.06746
-0.0147015 -0.0205705 -0.00339123
132
1
1.385 10.2479 -1.05977
-0.0134953 -0.0208966 -0.00625511
133
1
1.41359 10.2859 -1.04898
-0.0120202 -0.0189219 -0.00577
134
1
1.4426 10.3222 -1.03561
-0.0142252 -0.0172194 -0.00836861
135
1
1.47303 10.3571 -1.0182
-0.0161095 -0.0162676 -0.0123705
136
1
1.50392 10.3908 -0.996717
-0.0140548 -0.0144275 -0.0112737
137
1
1.53424 10.4229 -0.97302
-0.0150226 -0.0142681 -0.0114479
138
1
1.56502 10.4533 -0.947161
-0.0179029 -0.0145789 -0.015139
139
1
1.59531 10.4817 -0.917688
-0.0155454 -0.012911 -0.016048
140
1
1.62429 10.5082 -0.885349
-0.013056 -0.0122181 -0.0145118
141
1
1.65188 10.5342 -0.850162
-0.0150217 -0.0141113 -0.0163502
142
1
1.67843 10.5602 -0.811143
-0.0163806 -0.0155613 -0.0217575
143
1
1.70346 10.5845 -0.767537
-0.0118938 -0.0122487 -0.0231177
144
1
1.7243 10.6058 -0.71944
-0.00840302 -0.00862505 -0.0239548
145
1
1.74141 10.6241 -0.66588
-0.00685101 -0.00748208 -0.0315577
146
1
1.75444 10.639 -0.608887
-0.00492556 -0.00667917 -0.0329718
147
1
1.76468 10.6507 -0.549451
-0.00338532 -0.00412213 -0.030187
148
1
1.77313 10.6594 -0.486042
-0.00362041 -0.00208925 -0.033645
149
1
1.78049 10.666 -0.41975
-0.00388821 -0.00267339 -0.0372382
150
1
1.78718 10.6719 -0.350303
-0.0026413 -0.00317936 -0.0406687
151
1
1.79307 10.6771 -0.279058
-0.00282696 -0.00277179 -0.0411538
152
1
1.79772 10.6817 -0.207786
-0.00226843 -0.00304968 -0.0389067
153
1
1.80067 10.6856 -0.137879
-0.00119468 -0.00201769 -0.0364611
154
1
1.80223 10.6879 -0.0679139
0.000571578 -0.000378574 -0.0348346
155
1
1.8028 10.6886 6.95796e-008
-2.5849e-011 7.18341e-010 -0.0343348
156
1
1.80223 10.6879 0.067914
-0.000571578 0.000378576 -0.0348346
157
1
1.80067 10.6856 0.137879
0.00119468 0.00201769 -0.0364611
158
1
1.79772 10.6817 0.207786
0.00226843 0.00304968 -0.0389067
159
1
1.79307 10.6771 0.279058
0.00282696 0.00277179 -0.0411538
160
1
1.78718 10.6719 0.350304
0.0026413 0.00317936 -0.0406687
161
1
1.78049 10.666 0.41975
0.00388821 0.0026734 -0.0372382
162
1
1.77313 10.6594 0.486042
0.00362041 0.00208925 -0.033645
163
1
1.76468 10.6507 0.549451
0.00338532 0.00412213 -0.030187
164
1
1.75444 10.639 0.608887
0.00492556 0.00667917 -0.0329718
165
1
1.74141 10.6241 0.66588
0.00685101 0.00748208 -0.0315577
166
1
1.7243 10.6058 0.71944
0.00840302 0.00862505 -0.0239548
167
1
1.70346 10.5845 0.767537
0.0118938 0.0122487 -0.0231177
168
1
1.67843 10.5602 0.811143
0.0163806 0.0155613 -0.0217575
169
1
1.65188 10.5342 0.850162
0.0150217 0.0141113 -0.0163502
170
1
1.62429 10.5082 0.885349
0.013056 0.0122181 -0.0145118
171
1
1.59531 10.4817 0.917688
0.0155454 0.012911 -0.016048
172
1
1.56502 10.4533 0.947161
0.0179029 0.0145789 -0.015139
173
1
1.53424 10.4229 0.97302
0.0150226 0.0142681 -0.0114479
174
1
1.50392 10.3908 0.996717
0.0140548 0.0144275 -0.0112737
175
1
1.47303 10.3571 1.0182
0.0161095 0.0162676 -0.0123705
176
1
1.4426 10.3222 1.03561
0.0142252 0.0172194 -0.00836861
177
1
1.41359 10.2859 1.04898
0.0120202 0.0189219 -0.00577
178
1
1.385 10.2479 1.05977
0.0134953 0.0208966 -0.00625511
179
1
1.35597 10.2085 1.06746
0.0147015 0.0205705 -0.00339123
180
1
1.3257 10.1693 1.07108
0.0141013 0.020525 0.000687722
181
1
1.29447 10.1297 1.06906
0.0142448 0.021133 0.0034017
182
1
1.26224 10.0895 1.06108
0.0156226 0.0204861 0.00690735
183
1
1.22846 10.0493 1.04814
0.0179821 0.019421 0.00947136
184
1
1.1912 10.0102 1.03179
0.0214119 0.01791 0.0102536
185
1
1.14984 9.97356 1.01301
0.0235855 0.0154307 0.0107553
186
1
1.10617 9.9401 0.991913
0.0216046 0.0140611 0.0104375
187
1
1.06111 9.90763 0.967857
0.0215055 0.0146049 0.0121948
188
1
1.01448 9.87427 0.939125
0.0256678 0.0166032 0.015604
189
1
0.96756 9.83871 0.905346
0.0258248 0.0176566 0.0173908
190
1
0.922454 9.80051 0.866198
0.0221774 0.0196584 0.0201136
191
1
0.88005 9.76109 0.821984
0.0209145 0.0205842 0.0234751
192
1
0.84137 9.72319 0.772047
0.0176476 0.0183042 0.0256939
193
1
0.807556 9.68586 0.713131
0.011887 0.0190229 0.0342928
