194
0
1
0.855166 4.18881 0.557696
0.0342769 -0.0265362 0.0222654
1
1
0.786614 4.24425 0.517195
0.0333074 -0.0305202 0.0204776
2
1
0.716308 4.30789 0.481762
0.0342894 -0.03408 0.0168392
3
1
0.643395 4.37719 0.45511
0.0353767 -0.0366188 0.010447
4
1
0.565322 4.44914 0.438987
0.0389211 -0.0364515 0.00469068
5
1
0.480395 4.5189 0.433932
0.0423079 -0.033864 -0.00199893
6
1
0.387119 4.58146 0.438692
0.0474941 -0.0290534 -0.00599988
7
1
0.284792 4.63163 0.449468
0.0524129 -0.0214839 -0.0082736
8
1
0.174431 4.66619 0.461362
0.0562683 -0.0131871 -0.00654793
9
1
0.0587441 4.68334 0.468915
0.058434 -0.00415448 -0.00263264
10
1
-0.0587441 4.68334 0.468915
0.058434 0.00415448 0.00263264
11
1
-0.174431 4.66619 0.461362
0.0562683 0.0131871 0.00654793
12
1
-0.284792 4.63163 0.449468
0.0524129 0.0214839 0.0082736
13
1
-0.387119 4.58146 0.438692
0.0474941 0.0290534 0.00599988
14
1
-0.480395 4.5189 0.433932
0.0423079 0.033864 0.00199893
15
1
-0.565322 4.44914 0.438987
0.0389211 0.0364515 -0.00469068
16
1
-0.643395 4.37719 0.45511
0.0353767 0.0366188 -0.010447
17
1
-0.716308 4.30789 0.481762
0.0342894 0.03408 -0.0168392
18
1
-0.786614 4.24425 0.517195
0.0333074 0.0305202 -0.0204776
19
1
-0.855166 4.18881 0.557696
0.0342769 0.0265362 -0.0222654
20
1
-0.922355 4.14188 0.599139
0.0334712 0.0217714 -0.0216653
21
1
-0.988181 4.10203 0.638601
0.0321202 0.0180914 -0.0189864
22
1
-1.05336 4.06768 0.674088
0.0335538 0.0153788 -0.0166816
23
1
-1.11881 4.03703 0.705447
0.0321535 0.013155 -0.0143421
24
1
-1.1839 4.00933 0.732401
0.0320618 0.0123189 -0.0127206
25
1
-1.24866 3.98403 0.755483
0.0326224 0.011841 -0.0109966
26
1
-1.31254 3.96124 0.77589
0.0305778 0.0106968 -0.0102891
27
1
-1.37486 3.94057 0.794548
0.029642 0.010147 -0.00988621
28
1
-1.43573 3.92165 0.812445
0.0300312 0.0101826 -0.00919899
29
1
-1.4956 3.90448 0.82919
0.029143 0.00920173 -0.0085922
30
1
-1.55455 3.88889 0.84408
0.0283606 0.00779549 -0.00789155
31
1
-1.61283 3.8748 0.856815
0.0286316 0.00700236 -0.00679018
32
1
-1.67067 3.86256 0.866941
0.0286817 0.00618981 -0.00551167
33
1
-1.72805 3.85236 0.873882
0.0283804 0.00501483 -0.0037145
34
1
-1.78482 3.84401 0.877173
0.0282902 0.00380354 -0.00113327
35
1
-1.84091 3.83725 0.876872
0.0278274 0.0024177 0.00143644
36
1
-1.89628 3.83225 0.872856
0.0267034 0.000996173 0.00315909
37
1
-1.95116 3.82896 0.864713
0.0261929 0.00022949 0.00476268
38
1
-2.00605 3.82632 0.852196
0.0268814 0.00046769 0.00722349
39
1
-2.06108 3.82335 0.835528
0.0275439 0.00121046 0.00973858
40
1
-2.11562 3.81961 0.815274
0.0273538 0.00190798 0.0114649
41
1
-2.16919 3.81514 0.792038
0.0269067 0.00288481 0.0128196
42
1
-2.22167 3.80986 0.765983
0.0266216 0.00387679 0.0137655
43
1
-2.27354 3.80429 0.737737
0.0264251 0.00399702 0.0143458
44
1
-2.32494 3.79874 0.707074
0.0261794 0.00363686 0.0154105
45
1
-2.37605 3.79327 0.673465
0.0257506 0.00386989 0.0176104
46
1
-2.42621 3.78786 0.63602
0.0248492 0.00447239 0.0205756
47
1
-2.47413 3.78226 0.594459
0.0236043 0.00426417 0.0231063
48
1
-2.51876 3.77673 0.549066
0.0221144 0.00311033 0.024954
49
1
-2.55928 3.77191 0.500129
0.0199701 0.00168617 0.0269756
50
1
-2.59558 3.76846 0.448428
0.0175167 0.000620209 0.0284981
51
1
-2.62799 3.76629 0.394738
0.0157482 4.24365e-005 0.0289789
52
1
-2.65698 3.76541 0.33944
0.0145568 -0.000341398 0.0288612
53
1
-2.68266 3.76572 0.283291
0.0131203 -0.000843871 0.0288064
54
1
-2.70465 3.76673 0.226866
0.0110465 -0.00129514 0.0289557
55
1
-2.72276 3.76782 0.170405
0.00854466 -0.00140797 0.0291746
56
1
-2.73643 3.76853 0.113818
0.00575779 -0.00113881 0.0291547
57
1
-2.74517 3.76895 0.056993
0.00284371 -0.000649378 0.0288397
58
1
-2.74822 3.76893 -2.83325e-015
-4.43462e-017 1.40486e-017 0.0286304
59
1
-2.74517 3.76895 -0.056993
-0.00284371 0.000649378 0.0288397
60
1
-2.73643 3.76853 -0.113818
-0.00575779 0.00113881 0.0291547
61
1
-2.72276 3.76782 -0.170405
-0.00854466 0.00140797 0.0291746
62
1
-2.70465 3.76673 -0.226866
-0.0110465 0.00129514 0.0289557
63
1
-2.68266 3.76572 -0.283291
-0.0131203 0.000843871 0.0288064
64
1
-2.65698 3.76541 -0.33944
-0.0145568 0.000341398 0.0288612
65
1
-2.62799 3.76629 -0.394738
-0.0157482 -4.24365e-005 0.0289789
66
1
-2.59558 3.76846 -0.448428
-0.0175167 -0.000620209 0.0284981
67
1
-2.55928 3.77191 -0.500129
-0.0199701 -0.00168617 0.0269756
68
1
-2.51876 3.77673 -0.549066
-0.0221144 -0.00311033 0.024954
69
1
-2.47413 3.78226 -0.594459
-0.0236043 -0.00426417 0.0231063
70
1
-2.42621 3.78786 -0.63602
-0.0248492 -0.00447239 0.0205756
71
1
-2.37605 3.79327 -0.673465
-0.0257506 -0.00386989 0.0176104
72
1
-2.32494 3.79874 -0.707074
-0.0261794 -0.00363686 0.0154105
73
1
-2.27354 3.80429 -0.737737
-0.0264251 -0.00399702 0.0143458
74
1
-2.22167 3.80986 -0.765983
-0.0266216 -0.00387679 0.0137655
75
1
-2.16919 3.81514 -0.792038
-0.0269067 -0.00288481 0.0128196
76
1
-2.11562 3.81961 -0.815274
-0.0273538 -0.00190798 0.0114649
77
1
-2.06108 3.82335 -0.835528
-0.0275439 -0.00121046 0.00973858
78
1
-2.00605 3.82632 -0.852196
-0.0268814 -0.00046769 0.00722349
79
1
-1.95116 3.82896 -0.864713
-0.0261929 -0.00022949 0.00476268
80
1
-1.89628 3.83225 -0.872856
-0.0267034 -0.000996173 0.00315909
81
1
-1.84091 3.83725 -0.876872
-0.0278274 -0.0024177 0.00143644
82
1
-1.78482 3.84401 -0.877173
-0.0282902 -0.00380354 -0.00113327
83
1
-1.72805 3.85236 -0.873882
-0.0283804 -0.00501483 -0.0037145
84
1
-1.67067 3.86256 -0.866941
-0.0286817 -0.00618981 -0.00551167
85
1
-1.61283 3.8748 -0.856815
-0.0286316 -0.00700236 -0.00679018
86
1
-1.55455 3.88889 -0.84408
-0.0283606 -0.00779549 -0.00789155
87
1
-1.4956 3.90448 -0.82919
-0.029143 -0.00920173 -0.0085922
88
1
-1.43573 3.92165 -0.812445
-0.0300312 -0.0101826 -0.00919899
89
1
-1.37486 3.94057 -0.794548
-0.029642 -0.010147 -0.00988621
90
1
-1.31254 3.96124 -0.77589
-0.0305778 -0.0106968 -0.0102891
91
1
-1.24866 3.98403 -0.755483
-0.0326224 -0.011841 -0.0109966
92
1
-1.1839 4.00933 -0.732401
-0.0320618 -0.0123189 -0.0127206
93
1
-1.11881 4.03703 -0.705447
-0.0321535 -0.013155 -0.0143421
94
1
-1.05336 4.06768 -0.674088
-0.0335538 -0.0153788 -0.0166816
95
1
-0.988181 4.10203 -0.638601
-0.0321202 -0.0180914 -0.0189864
96
1
-0.922355 4.14188 -0.599139
-0.0334712 -0.0217714 -0.0216653
97
1
-0.855166 4.18881 -0.557696
-0.0342769 -0.0265362 -0.0222654
98
1
-0.786614 4.24425 -0.517195
-0.0333074 -0.0305202 -0.0204776
99
1
-0.716308 4.30789 -0.481762
-0.0342894 -0.03408 -0.0168392
100
1
-0.643395 4.37719 -0.45511
-0.0353767 -0.0366188 -0.010447
101
1
-0.565322 4.44914 -0.438987
-0.0389211 -0.0364515 -0.00469068
102
1
-0.480395 4.5189 -0.433932
-0.0423079 -0.033864 0.00199893
103
1
-0.387119 4.58146 -0.438692
-0.0474941 -0.0290534 0.00599988
104
1
-0.284792 4.63163 -0.449468
-0.0524129 -0.0214839 0.0082736
105
1
-0.174431 4.66619 -0.461362
-0.0562683 -0.0131871 0.00654793
106
1
-0.0587441 4.68334 -0.468915
-0.058434 -0.00415448 0.00263264
107
1
0.0587441 4.68334 -0.468915
-0.058434 0.00415448 -0.00263264
108
1
0.174431 4.66619 -0.461362
-0.0562683 0.0131871 -0.00654793
109
1
0.284792 4.63163 -0.449468
-0.0524129 0.0214839 -0.0082736
110
1
0.387119 4.58146 -0.438692
-0.0474941 0.0290534 -0.00599988
111
1
0.480395 4.5189 -0.433932
-0.0423079 0.033864 -0.00199893
112
1
0.565322 4.44914 -0.438987
-0.0389211 0.0364515 0.00469068
113
1
0.643395 4.37719 -0.45511
-0.0353767 0.0366188 0.010447
114
1
0.716308 4.30789 -0.481762
-0.0342894 0.03408 0.0168392
115
1
0.786614 4.24425 -0.517195
-0.0333074 0.0305202 0.0204776
116
1
0.855166 4.18881 -0.557696
-0.0342769 0.0265362 0.0222654
117
1
0.922355 4.14188 -0.599139
-0.0334712 0.0217714 0.0216653
118
1
0.988181 4.10203 -0.638601
-0.0321202 0.0180914 0.0189864
119
1
1.05336 4.06768 -0.674088
-0.0335538 0.0153788 0.0166816
120
1
1.11881 4.03703 -0.705447
-0.0321535 0.013155 0.0143421
121
1
1.1839 4.00933 -0.732401
-0.0320618 0.0123189 0.0127206
122
1
1.24866 3.98403 -0.755483
-0.0326224 0.011841 0.0109966
123
1
1.31254 3.96124 -0.77589
-0.0305778 0.0106968 0.0102891
124
1
1.37486 3.94057 -0.794548
-0.029642 0.010147 0.00988621
125
1
1.43573 3.92165 -0.812445
-0.0300312 0.0101826 0.00919899
126
1
1.4956 3.90448 -0.82919
-0.029143 0.00920173 0.0085922
127
1
1.55455 3.88889 -0.84408
-0.0283606 0.00779549 0.00789155
128
1
1.61283 3.8748 -0.856815
-0.0286316 0.00700236 0.00679018
129
1
1.67067 3.86256 -0.866941
-0.0286817 0.00618981 0.00551167
130
1
1.72805 3.85236 -0.873882
-0.0283804 0.00501483 0.0037145
131
1
1.78482 3.84401 -0.877173
-0.0282902 0.00380354 0.00113327
132
1
1.84091 3.83725 -0.876872
-0.0278274 0.0024177 -0.00143644
133
1
1.89628 3.83225 -0.872856
-0.0267034 0.000996173 -0.00315909
134
1
1.95116 3.82896 -0.864713
-0.0261929 0.00022949 -0.00476268
135
1
2.00605 3.82632 -0.852196
-0.0268814 0.00046769 -0.00722349
136
1
2.06108 3.82335 -0.835528
-0.0275439 0.00121046 -0.00973858
137
1
2.11562 3.81961 -0.815274
-0.0273538 0.00190798 -0.0114649
138
1
2.16919 3.81514 -0.792038
-0.0269067 0.00288481 -0.0128196
139
1
2.22167 3.80986 -0.765983
-0.0266216 0.00387679 -0.0137655
140
1
2.27354 3.80429 -0.737737
-0.0264251 0.00399702 -0.0143458
141
1
2.32494 3.79874 -0.707074
-0.0261794 0.00363686 -0.0154105
142
1
2.37605 3.79327 -0.673465
-0.0257506 0.00386989 -0.0176104
143
1
2.42621 3.78786 -0.63602
-0.0248492 0.00447239 -0.0205756
144
1
2.47413 3.78226 -0.594459
-0.0236043 0.00426417 -0.0231063
145
1
2.51876 3.77673 -0.549066
-0.0221144 0.00311033 -0.024954
146
1
2.55928 3.77191 -0.500129
-0.0199701 0.00168617 -0.0269756
147
1
2.59558 3.76846 -0.448428
-0.0175167 0.000620209 -0.0284981
148
1
2.62799 3.76629 -0.394738
-0.0157482 4.24365e-005 -0.0289789
149
1
2.65698 3.76541 -0.33944
-0.0145568 -0.000341398 -0.0288612
150
1
2.68266 3.76572 -0.283291
-0.0131203 -0.000843871 -0.0288064
151
1
2.70465 3.76673 -0.226866
-0.0110465 -0.00129514 -0.0289557
152
1
2.72276 3.76782 -0.170405
-0.00854466 -0.00140797 -0.0291746
153
1
2.73643 3.76853 -0.113818
-0.00575779 -0.00113881 -0.0291547
154
1
2.74517 3.76895 -0.056993
-0.00284371 -0.000649378 -0.0288397
155
1
2.74822 3.76893 -5.40429e-015
-1.91053e-016 4.12986e-016 -0.0286304
156
1
2.74517 3.76895 0.056993
0.00284371 0.000649378 -0.0288397
157
1
2.73643 3.76853 0.113818
0.00575779 0.00113881 -0.0291547
158
1
2.72276 3.76782 0.170405
0.00854466 0.00140797 -0.0291746
159
1
2.70465 3.76673 0.226866
0.0110465 0.00129514 -0.0289557
160
1
2.68266 3.76572 0.283291
0.0131203 0.000843871 -0.0288064
161
1
2.65698 3.76541 0.33944
0.0145568 0.000341398 -0.0288612
162
1
2.62799 3.76629 0.394738
0.0157482 -4.24365e-005 -0.0289789
163
1
2.59558 3.76846 0.448428
0.0175167 -0.000620209 -0.0284981
164
1
2.55928 3.77191 0.500129
0.0199701 -0.00168617 -0.0269756
165
1
2.51876 3.77673 0.549066
0.0221144 -0.00311033 -0.024954
166
1
2.47413 3.78226 0.594459
0.0236043 -0.00426417 -0.0231063
167
1
2.42621 3.78786 0.63602
0.0248492 -0.00447239 -0.0205756
168
1
2.37605 3.79327 0.673465
0.0257506 -0.00386989 -0.0176104
169
1
2.32494 3.79874 0.707074
0.0261794 -0.00363686 -0.0154105
170
1
2.27354 3.80429 0.737737
0.0264251 -0.00399702 -0.0143458
171
1
2.22167 3.80986 0.765983
0.0266216 -0.00387679 -0.0137655
172
1
2.16919 3.81514 0.792038
0.0269067 -0.00288481 -0.0128196
173
1
2.11562 3.81961 0.815274
0.0273538 -0.00190798 -0.0114649
174
1
2.06108 3.82335 0.835528
0.0275439 -0.00121046 -0.00973858
175
1
2.00605 3.82632 0.852196
0.0268814 -0.00046769 -0.00722349
176
1
1.95116 3.82896 0.864713
0.0261929 -0.00022949 -0.00476268
177
1
1.89628 3.83225 0.872856
0.0267034 -0.000996173 -0.00315909
178
1
1.84091 3.83725 0.876872
0.0278274 -0.0024177 -0.00143644
179
1
1.78482 3.84401 0.877173
0.0282902 -0.00380354 0.00113327
180
1
1.72805 3.85236 0.873882
0.0283804 -0.00501483 0.0037145
181
1
1.67067 3.86256 0.866941
0.0286817 -0.00618981 0.00551167
182
1
1.61283 3.8748 0.856815
0.0286316 -0.00700236 0.00679018
183
1
1.55455 3.88889 0.84408
0.0283606 -0.00779549 0.00789155
184
1
1.4956 3.90448 0.82919
0.029143 -0.00920173 0.0085922
185
1
1.43573 3.92165 0.812445
0.0300312 -0.0101826 0.00919899
186
1
1.37486 3.94057 0.794548
0.029642 -0.010147 0.00988621
187
1
1.31254 3.96124 0.77589
0.0305778 -0.0106968 0.0102891
188
1
1.24866 3.98403 0.755483
0.0326224 -0.011841 0.0109966
189
1
1.1839 4.00933 0.732401
0.0320618 -0.0123189 0.0127206
190
1
1.11881 4.03703 0.705447
0.0321535 -0.013155 0.0143421
191
1
1.05336 4.06768 0.674088
0.0335538 -0.0153788 0.0166816
192
1
0.988181 4.10203 0.638601
0.0321202 -0.0180914 0.0189864
193
1
0.922355 4.14188 0.599139
0.0334712 -0.0217714 0.0216653
