194
0
1
0.558693 0.946702 2.78992
0.016159 -0.0183762 -0.0334105
1
1
0.524309 0.985998 2.85174
0.0184889 -0.0196085 -0.0316252
2
1
0.483901 1.02717 2.91002
0.0208165 -0.0208468 -0.0286414
3
1
0.437577 1.06921 2.96374
0.0244944 -0.02113 -0.0257176
4
1
0.384418 1.11018 3.01197
0.0275403 -0.0200274 -0.0231814
5
1
0.324709 1.14779 3.05421
0.0302187 -0.0182187 -0.0202863
6
1
0.259393 1.17988 3.08988
0.032993 -0.015597 -0.0166319
7
1
0.189334 1.2055 3.11786
0.0355535 -0.0119721 -0.012396
8
1
0.115336 1.22352 3.1371
0.0375509 -0.00757031 -0.00765094
9
1
0.0387384 1.23283 3.14687
0.0386504 -0.00260012 -0.00257806
10
1
-0.0387384 1.23283 3.14687
0.0386504 0.00260012 0.00257806
11
1
-0.115336 1.22352 3.1371
0.0375509 0.00757031 0.00765094
12
1
-0.189334 1.2055 3.11786
0.0355535 0.0119721 0.012396
13
1
-0.259393 1.17988 3.08988
0.032993 0.015597 0.0166319
14
1
-0.324709 1.14779 3.05421
0.0302187 0.0182187 0.0202863
15
1
-0.384418 1.11018 3.01197
0.0275403 0.0200274 0.0231814
16
1
-0.437577 1.06921 2.96374
0.0244944 0.02113 0.0257176
17
1
-0.483901 1.02717 2.91002
0.0208165 0.0208468 0.0286414
18
1
-0.524309 0.985998 2.85174
0.0184889 0.0196085 0.0316252
19
1
-0.558693 0.946702 2.78992
0.016159 0.0183762 0.0334105
20
1
-0.586529 0.909381 2.72634
0.0126803 0.0172353 0.0334357
21
1
-0.608409 0.873058 2.6628
0.00944209 0.0170733 0.0326987
22
1
-0.624766 0.837313 2.59984
0.00612123 0.0174589 0.0315198
23
1
-0.635989 0.802129 2.53756
0.00361387 0.0172297 0.0310413
24
1
-0.643174 0.768661 2.47539
0.000978184 0.0160369 0.0311296
25
1
-0.646428 0.738802 2.41222
-0.00176428 0.0145865 0.0313825
26
1
-0.644733 0.713291 2.34775
-0.00391401 0.0130346 0.0316826
27
1
-0.638178 0.691604 2.28253
-0.00525292 0.0112433 0.0320519
28
1
-0.628045 0.67291 2.21697
-0.00597975 0.00925879 0.0325246
29
1
-0.616098 0.656785 2.15096
-0.00628925 0.00730125 0.0330792
30
1
-0.603727 0.64321 2.08414
-0.00628291 0.00556336 0.0336541
31
1
-0.591797 0.632257 2.0163
-0.0060279 0.0041274 0.0341971
32
1
-0.580659 0.623832 1.94742
-0.00559732 0.00299402 0.0346859
33
1
-0.57044 0.617601 1.87759
-0.00506354 0.00212647 0.0351206
34
1
-0.561198 0.613122 1.80694
-0.00448748 0.00147726 0.0355093
35
1
-0.552938 0.609975 1.73556
-0.00391318 0.00100009 0.0358591
36
1
-0.545661 0.607796 1.66351
-0.00337139 0.000655408 0.0361745
37
1
-0.539323 0.606315 1.59087
-0.00287908 0.000411125 0.0364584
38
1
-0.533862 0.605332 1.5177
-0.0024435 0.000241824 0.0367132
39
1
-0.529192 0.604697 1.44405
-0.00206519 0.000127598 0.0369413
40
1
-0.525223 0.604307 1.36996
-0.00174068 5.3164e-005 0.0371448
41
1
-0.521862 0.604082 1.29549
-0.00146471 6.86427e-006 0.0373261
42
1
-0.519023 0.603967 1.22067
-0.00123132 -1.9998e-005 0.037487
43
1
-0.51663 0.603923 1.14556
-0.00103454 -3.37621e-005 0.0376294
44
1
-0.514615 0.603922 1.07017
-0.000868873 -3.89856e-005 0.0377551
45
1
-0.51292 0.603943 0.994548
-0.000729488 -3.8975e-005 0.0378657
46
1
-0.511496 0.603974 0.918718
-0.000612097 -3.58063e-005 0.0379626
47
1
-0.510298 0.604009 0.842707
-0.000513127 -3.1041e-005 0.0380472
48
1
-0.509295 0.604042 0.766537
-0.000429369 -2.57033e-005 0.0381206
49
1
-0.508456 0.604073 0.690232
-0.000358047 -2.04903e-005 0.0381839
50
1
-0.507759 0.604096 0.613808
-0.000296936 -1.56224e-005 0.0382382
51
1
-0.507182 0.604116 0.537285
-0.000244384 -1.1586e-005 0.0382842
52
1
-0.506711 0.604127 0.460677
-0.00019867 -8.26377e-006 0.0383226
53
1
-0.506329 0.604135 0.383999
-0.000158492 -5.83585e-006 0.0383541
54
1
-0.50603 0.60414 0.307265
-0.000122303 -4.02031e-006 0.0383792
55
1
-0.505805 0.604143 0.230486
-8.93366e-005 -2.72377e-006 0.0383983
56
1
-0.50565 0.604146 0.153675
-5.85165e-005 -1.66149e-006 0.0384117
57
1
-0.505558 0.604148 0.0768429
-2.89394e-005 -8.04304e-007 0.0384197
58
1
-0.505527 0.604148 -1.84511e-018
-8.39619e-018 2.8038e-017 0.0384224
59
1
-0.505558 0.604148 -0.0768429
2.89394e-005 8.04304e-007 0.0384197
60
1
-0.50565 0.604146 -0.153675
5.85165e-005 1.66149e-006 0.0384117
61
1
-0.505805 0.604143 -0.230486
8.93366e-005 2.72377e-006 0.0383983
62
1
-0.50603 0.60414 -0.307265
0.000122303 4.02031e-006 0.0383792
63
1
-0.506329 0.604135 -0.383999
0.000158492 5.83585e-006 0.0383541
64
1
-0.506711 0.604127 -0.460677
0.00019867 8.26377e-006 0.0383226
65
1
-0.507182 0.604116 -0.537285
0.000244384 1.1586e-005 0.0382842
66
1
-0.507759 0.604096 -0.613808
0.000296936 1.56224e-005 0.0382382
67
1
-0.508456 0.604073 -0.690232
0.000358047 2.04903e-005 0.0381839
68
1
-0.509295 0.604042 -0.766537
0.000429369 2.57033e-005 0.0381206
69
1
-0.510298 0.604009 -0.842707
0.000513127 3.1041e-005 0.0380472
70
1
-0.511496 0.603974 -0.918718
0.000612097 3.58063e-005 0.0379626
71
1
-0.51292 0.603943 -0.994548
0.000729488 3.8975e-005 0.0378657
72
1
-0.514615 0.603922 -1.07017
0.000868873 3.89856e-005 0.0377551
73
1
-0.51663 0.603923 -1.14556
0.00103454 3.37621e-005 0.0376294
74
1
-0.519023 0.603967 -1.22067
0.00123132 1.9998e-005 0.037487
75
1
-0.521862 0.604082 -1.29549
0.00146471 -6.86427e-006 0.0373261
76
1
-0.525223 0.604307 -1.36996
0.00174068 -5.3164e-005 0.0371448
77
1
-0.529192 0.604697 -1.44405
0.00206519 -0.000127598 0.0369413
78
1
-0.533862 0.605332 -1.5177
0.0024435 -0.000241824 0.0367132
79
1
-0.539323 0.606315 -1.59087
0.00287908 -0.000411125 0.0364584
80
1
-0.545661 0.607796 -1.66351
0.00337139 -0.000655408 0.0361745
81
1
-0.552938 0.609975 -1.73556
0.00391318 -0.00100009 0.0358591
82
1
-0.561198 0.613122 -1.80694
0.00448748 -0.00147726 0.0355093
83
1
-0.57044 0.617601 -1.87759
0.00506354 -0.00212647 0.0351206
84
1
-0.580659 0.623832 -1.94742
0.00559732 -0.00299402 0.0346859
85
1
-0.591797 0.632257 -2.0163
0.0060279 -0.0041274 0.0341971
86
1
-0.603727 0.64321 -2.08414
0.00628291 -0.00556336 0.0336541
87
1
-0.616098 0.656785 -2.15096
0.00628925 -0.00730125 0.0330792
88
1
-0.628045 0.67291 -2.21697
0.00597975 -0.00925879 0.0325246
89
1
-0.638178 0.691604 -2.28253
0.00525292 -0.0112433 0.0320519
90
1
-0.644733 0.713291 -2.34775
0.00391401 -0.0130346 0.0316826
91
1
-0.646428 0.738802 -2.41222
0.00176428 -0.0145865 0.0313825
92
1
-0.643174 0.768661 -2.47539
-0.000978184 -0.0160369 0.0311296
93
1
-0.635989 0.802129 -2.53756
-0.00361387 -0.0172297 0.0310413
94
1
-0.624766 0.837313 -2.59984
-0.00612123 -0.0174589 0.0315198
95
1
-0.608409 0.873058 -2.6628
-0.00944209 -0.0170733 0.0326987
96
1
-0.586529 0.909381 -2.72634
-0.0126803 -0.0172353 0.0334357
97
1
-0.558693 0.946702 -2.78992
-0.016159 -0.0183762 0.0334105
98
1
-0.524309 0.985998 -2.85174
-0.0184889 -0.0196085 0.0316252
99
1
-0.483901 1.02717 -2.91002
-0.0208165 -0.0208468 0.0286414
100
1
-0.437577 1.06921 -2.96374
-0.0244944 -0.02113 0.0257176
101
1
-0.384418 1.11018 -3.01197
-0.0275403 -0.0200274 0.0231814
102
1
-0.324709 1.14779 -3.05421
-0.0302187 -0.0182187 0.0202863
103
1
-0.259393 1.17988 -3.08988
-0.032993 -0.015597 0.0166319
104
1
-0.189334 1.2055 -3.11786
-0.0355535 -0.0119721 0.012396
105
1
-0.115336 1.22352 -3.1371
-0.0375509 -0.00757031 0.00765094
106
1
-0.0387384 1.23283 -3.14687
-0.0386504 -0.00260012 0.00257806
107
1
0.0387384 1.23283 -3.14687
-0.0386504 0.00260012 -0.00257806
108
1
0.115336 1.22352 -3.1371
-0.0375509 0.00757031 -0.00765094
109
1
0.189334 1.2055 -3.11786
-0.0355535 0.0119721 -0.012396
110
1
0.259393 1.17988 -3.08988
-0.032993 0.015597 -0.0166319
111
1
0.324709 1.14779 -3.05421
-0.0302187 0.0182187 -0.0202863
112
1
0.384418 1.11018 -3.01197
-0.0275403 0.0200274 -0.0231814
113
1
0.437577 1.06921 -2.96374
-0.0244944 0.02113 -0.0257176
114
1
0.483901 1.02717 -2.91002
-0.0208165 0.0208468 -0.0286414
115
1
0.524309 0.985998 -2.85174
-0.0184889 0.0196085 -0.0316252
116
1
0.558693 0.946702 -2.78992
-0.016159 0.0183762 -0.0334105
117
1
0.586529 0.909381 -2.72634
-0.0126803 0.0172353 -0.0334357
118
1
0.608409 0.873058 -2.6628
-0.00944209 0.0170733 -0.0326987
119
1
0.624766 0.837313 -2.59984
-0.00612123 0.0174589 -0.0315198
120
1
0.635989 0.802129 -2.53756
-0.00361387 0.0172297 -0.0310413
121
1
0.643174 0.768661 -2.47539
-0.000978184 0.0160369 -0.0311296
122
1
0.646428 0.738802 -2.41222
0.00176428 0.0145865 -0.0313825
123
1
0.644733 0.713291 -2.34775
0.00391401 0.0130346 -0.0316826
124
1
0.638178 0.691604 -2.28253
0.00525292 0.0112433 -0.0320519
125
1
0.628045 0.67291 -2.21697
0.00597975 0.00925879 -0.0325246
126
1
0.616098 0.656785 -2.15096
0.00628925 0.00730125 -0.0330792
127
1
0.603727 0.64321 -2.08414
0.00628291 0.00556336 -0.0336541
128
1
0.591797 0.632257 -2.0163
0.0060279 0.0041274 -0.0341971
129
1
0.580659 0.623832 -1.94742
0.00559732 0.00299402 -0.0346859
130
1
0.57044 0.617601 -1.87759
0.00506354 0.00212647 -0.0351206
131
1
0.561198 0.613122 -1.80694
0.00448748 0.00147726 -0.0355093
132
1
0.552938 0.609975 -1.73556
0.00391318 0.00100009 -0.0358591
133
1
0.545661 0.607796 -1.66351
0.00337139 0.000655408 -0.0361745
134
1
0.539323 0.606315 -1.59087
0.00287908 0.000411125 -0.0364584
135
1
0.533862 0.605332 -1.5177
0.0024435 0.000241824 -0.0367132
136
1
0.529192 0.604697 -1.44405
0.00206519 0.000127598 -0.0369413
137
1
0.525223 0.604307 -1.36996
0.00174068 5.3164e-005 -0.0371448
138
1
0.521862 0.604082 -1.29549
0.00146471 6.86427e-006 -0.0373261
139
1
0.519023 0.603967 -1.22067
0.00123132 -1.9998e-005 -0.037487
140
1
0.51663 0.603923 -1.14556
0.00103454 -3.37621e-005 -0.0376294
141
1
0.514615 0.603922 -1.07017
0.000868873 -3.89856e-005 -0.0377551
142
1
0.51292 0.603943 -0.994548
0.000729488 -3.8975e-005 -0.0378657
143
1
0.511496 0.603974 -0.918718
0.000612097 -3.58063e-005 -0.0379626
144
1
0.510298 0.604009 -0.842707
0.000513127 -3.1041e-005 -0.0380472
145
1
0.509295 0.604042 -0.766537
0.000429369 -2.57033e-005 -0.0381206
146
1
0.508456 0.604073 -0.690232
0.000358047 -2.04903e-005 -0.0381839
147
1
0.507759 0.604096 -0.613808
0.000296936 -1.56224e-005 -0.0382382
148
1
0.507182 0.604116 -0.537285
0.000244384 -1.1586e-005 -0.0382842
149
1
0.506711 0.604127 -0.460677
0.00019867 -8.26377e-006 -0.0383226
150
1
0.506329 0.604135 -0.383999
0.000158492 -5.83585e-006 -0.0383541
151
1
0.50603 0.60414 -0.307265
0.000122303 -4.02031e-006 -0.0383792
152
1
0.505805 0.604143 -0.230486
8.93366e-005 -2.72377e-006 -0.0383983
153
1
0.50565 0.604146 -0.153675
5.85165e-005 -1.66149e-006 -0.0384117
154
1
0.505558 0.604148 -0.0768429
2.89394e-005 -8.04304e-007 -0.0384197
155
1
0.505527 0.604148 -3.53713e-018
1.81754e-017 1.734e-017 -0.0384224
156
1
0.505558 0.604148 0.0768429
-2.89394e-005 8.04304e-007 -0.0384197
157
1
0.50565 0.604146 0.153675
-5.85165e-005 1.66149e-006 -0.0384117
158
1
0.505805 0.604143 0.230486
-8.93366e-005 2.72377e-006 -0.0383983
159
1
0.50603 0.60414 0.307265
-0.000122303 4.02031e-006 -0.0383792
160
1
0.506329 0.604135 0.383999
-0.000158492 5.83585e-006 -0.0383541
161
1
0.506711 0.604127 0.460677
-0.00019867 8.26377e-006 -0.0383226
162
1
0.507182 0.604116 0.537285
-0.000244384 1.1586e-005 -0.0382842
163
1
0.507759 0.604096 0.613808
-0.000296936 1.56224e-005 -0.0382382
164
1
0.508456 0.604073 0.690232
-0.000358047 2.04903e-005 -0.0381839
165
1
0.509295 0.604042 0.766537
-0.000429369 2.57033e-005 -0.0381206
166
1
0.510298 0.604009 0.842707
-0.000513127 3.1041e-005 -0.0380472
167
1
0.511496 0.603974 0.918718
-0.000612097 3.58063e-005 -0.0379626
168
1
0.51292 0.603943 0.994548
-0.000729488 3.8975e-005 -0.0378657
169
1
0.514615 0.603922 1.07017
-0.000868873 3.89856e-005 -0.0377551
170
1
0.51663 0.603923 1.14556
-0.00103454 3.37621e-005 -0.0376294
171
1
0.519023 0.603967 1.22067
-0.00123132 1.9998e-005 -0.037487
172
1
0.521862 0.604082 1.29549
-0.00146471 -6.86427e-006 -0.0373261
173
1
0.525223 0.604307 1.36996
-0.00174068 -5.3164e-005 -0.0371448
174
1
0.529192 0.604697 1.44405
-0.00206519 -0.000127598 -0.0369413
175
1
0.533862 0.605332 1.5177
-0.0024435 -0.000241824 -0.0367132
176
1
0.539323 0.606315 1.59087
-0.00287908 -0.000411125 -0.0364584
177
1
0.545661 0.607796 1.66351
-0.00337139 -0.000655408 -0.0361745
178
1
0.552938 0.609975 1.73556
-0.00391318 -0.00100009 -0.0358591
179
1
0.561198 0.613122 1.80694
-0.00448748 -0.00147726 -0.0355093
180
1
0.57044 0.617601 1.87759
-0.00506354 -0.00212647 -0.0351206
181
1
0.580659 0.623832 1.94742
-0.00559732 -0.00299402 -0.0346859
182
1
0.591797 0.632257 2.0163
-0.0060279 -0.0041274 -0.0341971
183
1
0.603727 0.64321 2.08414
-0.00628291 -0.00556336 -0.0336541
184
1
0.616098 0.656785 2.15096
-0.00628925 -0.00730125 -0.0330792
185
1
0.628045 0.67291 2.21697
-0.00597975 -0.00925879 -0.0325246
186
1
0.638178 0.691604 2.28253
-0.00525292 -0.0112433 -0.0320519
187
1
0.644733 0.713291 2.34775
-0.00391401 -0.0130346 -0.0316826
188
1
0.646428 0.738802 2.41222
-0.00176428 -0.0145865 -0.0313825
189
1
0.643174 0.768661 2.47539
0.000978184 -0.0160369 -0.0311296
190
1
0.635989 0.802129 2.53756
0.00361387 -0.0172297 -0.0310413
191
1
0.624766 0.837313 2.59984
0.00612123 -0.0174589 -0.0315198
192
1
0.608409 0.873058 2.6628
0.00944209 -0.0170733 -0.0326987
193
1
0.586529 0.909381 2.72634
0.0126803 -0.0172353 -0.0334357
