194
0
1
0.946669 3.36705 0.928841
0.0356226 -0.0234629 -0.0228849
1
1
0.874065 3.41304 0.97094
0.0393343 -0.0222708 -0.0215467
2
1
0.793427 3.45691 1.01104
0.0424669 -0.0212277 -0.019619
3
1
0.705226 3.49766 1.04784
0.0465193 -0.0194674 -0.017281
4
1
0.609873 3.53409 1.08072
0.049235 -0.0166168 -0.0152672
5
1
0.508404 3.56563 1.10958
0.0518864 -0.0137278 -0.0130221
6
1
0.401532 3.59097 1.13403
0.0545752 -0.0103058 -0.0111066
7
1
0.29013 3.60957 1.1531
0.056683 -0.0071869 -0.007808
8
1
0.175323 3.62176 1.16554
0.0580305 -0.0044123 -0.00409018
9
1
0.0586402 3.62767 1.17171
0.0586581 -0.00166651 -0.00134511
10
1
-0.0586402 3.62767 1.17171
0.0586581 0.00166651 0.00134511
11
1
-0.175323 3.62176 1.16554
0.0580305 0.0044123 0.00409018
12
1
-0.29013 3.60957 1.1531
0.056683 0.0071869 0.007808
13
1
-0.401532 3.59097 1.13403
0.0545752 0.0103058 0.0111066
14
1
-0.508404 3.56563 1.10958
0.0518864 0.0137278 0.0130221
15
1
-0.609873 3.53409 1.08072
0.049235 0.0166168 0.0152672
16
1
-0.705226 3.49766 1.04784
0.0465193 0.0194674 0.017281
17
1
-0.793427 3.45691 1.01104
0.0424669 0.0212277 0.019619
18
1
-0.874065 3.41304 0.97094
0.0393343 0.0222708 0.0215467
19
1
-0.946669 3.36705 0.928841
0.0356226 0.0234629 0.0228849
20
1
-1.01107 3.31981 0.886703
0.0307288 0.0237249 0.022285
21
1
-1.06801 3.27125 0.845688
0.0270103 0.0243859 0.020898
22
1
-1.1179 3.22135 0.806978
0.0232414 0.0252838 0.0190776
23
1
-1.16141 3.16976 0.770729
0.0198849 0.0258144 0.0180071
24
1
-1.199 3.11706 0.737345
0.0169846 0.0264639 0.0164339
25
1
-1.23131 3.06353 0.706614
0.0143031 0.0269904 0.015147
26
1
-1.25863 3.00927 0.678512
0.0115863 0.0269189 0.014054
27
1
-1.28208 2.95482 0.653692
0.00968119 0.0267775 0.0123973
28
1
-1.30259 2.90058 0.63219
0.00843827 0.0269593 0.0102901
29
1
-1.3208 2.84649 0.614645
0.00745075 0.0268046 0.008067
30
1
-1.33805 2.79296 0.601661
0.00722594 0.0262235 0.00566261
31
1
-1.35574 2.74048 0.593106
0.00787716 0.0256817 0.00308093
32
1
-1.37462 2.68924 0.588459
0.00884886 0.0252156 0.000738873
33
1
-1.39508 2.63925 0.58742
0.00995459 0.0245807 -0.00100474
34
1
-1.41782 2.59077 0.589601
0.0112792 0.023729 -0.00219162
35
1
-1.44319 2.54432 0.593993
0.0123766 0.0224495 -0.00307605
36
1
-1.47088 2.50017 0.599496
0.0130446 0.0208786 -0.00388645
37
1
-1.50044 2.45794 0.605161
0.0141573 0.0196333 -0.00425945
38
1
-1.53215 2.41712 0.609774
0.0161732 0.0190168 -0.00329969
39
1
-1.5663 2.37747 0.611534
0.0181573 0.018789 -0.000788167
40
1
-1.60225 2.33908 0.608789
0.0192245 0.0184448 0.00222126
41
1
-1.63906 2.30208 0.60119
0.0195742 0.0176771 0.0047279
42
1
-1.67642 2.26672 0.588979
0.0197075 0.0166269 0.00677735
43
1
-1.71458 2.23293 0.572862
0.0199792 0.0157863 0.00898324
44
1
-1.75417 2.20076 0.552613
0.0204116 0.015458 0.0116737
45
1
-1.79507 2.16979 0.527736
0.020859 0.0155295 0.0143886
46
1
-1.83641 2.13959 0.498384
0.0211273 0.0156322 0.0163273
47
1
-1.87712 2.1097 0.465786
0.021216 0.0155959 0.0172534
48
1
-1.91666 2.08027 0.431311
0.0211023 0.0153846 0.0175437
49
1
-1.95463 2.05189 0.395615
0.020573 0.0149633 0.0177801
50
1
-1.99042 2.0255 0.35875
0.0192217 0.0142597 0.0182625
51
1
-2.02326 2.00156 0.320253
0.0172495 0.0130919 0.0193324
52
1
-2.05245 1.98058 0.279231
0.0150271 0.0113357 0.0208025
53
1
-2.07757 1.96323 0.235659
0.0127893 0.00933508 0.0222336
54
1
-2.09798 1.94946 0.190047
0.0104734 0.00735804 0.0233284
55
1
-2.11335 1.93916 0.14307
0.00786914 0.0053208 0.0240505
56
1
-2.12365 1.93213 0.0954252
0.00503404 0.00322681 0.0242914
57
1
-2.1294 1.92827 0.0476569
0.00235949 0.00138055 0.0240979
58
1
-2.13121 1.92696 -2.67505e-015
2.25398e-016 8.85064e-017 0.0239349
59
1
-2.1294 1.92827 -0.0476569
-0.00235949 -0.00138055 0.0240979
60
1
-2.12365 1.93213 -0.0954252
-0.00503404 -0.00322681 0.0242914
61
1
-2.11335 1.93916 -0.14307
-0.00786914 -0.0053208 0.0240505
62
1
-2.09798 1.94946 -0.190047
-0.0104734 -0.00735804 0.0233284
63
1
-2.07757 1.96323 -0.235659
-0.0127893 -0.00933508 0.0222336
64
1
-2.05245 1.98058 -0.279231
-0.0150271 -0.0113357 0.0208025
65
1
-2.02326 2.00156 -0.320253
-0.0172495 -0.0130919 0.0193324
66
1
-1.99042 2.0255 -0.35875
-0.0192217 -0.0142597 0.0182625
67
1
-1.95463 2.05189 -0.395615
-0.020573 -0.0149633 0.0177801
68
1
-1.91666 2.08027 -0.431311
-0.0211023 -0.0153846 0.0175437
69
1
-1.87712 2.1097 -0.465786
-0.021216 -0.0155959 0.0172534
70
1
-1.83641 2.13959 -0.498384
-0.0211273 -0.0156322 0.0163273
71
1
-1.79507 2.16979 -0.527736
-0.020859 -0.0155295 0.0143886
72
1
-1.75417 2.20076 -0.552613
-0.0204116 -0.015458 0.0116737
73
1
-1.71458 2.23293 -0.572862
-0.0199792 -0.0157863 0.00898324
74
1
-1.67642 2.26672 -0.588979
-0.0197075 -0.0166269 0.00677735
75
1
-1.63906 2.30208 -0.60119
-0.0195742 -0.0176771 0.0047279
76
1
-1.60225 2.33908 -0.608789
-0.0192245 -0.0184448 0.00222126
77
1
-1.5663 2.37747 -0.611534
-0.0181573 -0.018789 -0.000788167
78
1
-1.53215 2.41712 -0.609774
-0.0161732 -0.0190168 -0.00329969
79
1
-1.50044 2.45794 -0.605161
-0.0141573 -0.0196333 -0.00425945
80
1
-1.47088 2.50017 -0.599496
-0.0130446 -0.0208786 -0.00388645
81
1
-1.44319 2.54432 -0.593993
-0.0123766 -0.0224495 -0.00307605
82
1
-1.41782 2.59077 -0.589601
-0.0112792 -0.023729 -0.00219162
83
1
-1.39508 2.63925 -0.58742
-0.00995459 -0.0245807 -0.00100474
84
1
-1.37462 2.68924 -0.588459
-0.00884886 -0.0252156 0.000738873
85
1
-1.35574 2.74048 -0.593106
-0.00787716 -0.0256817 0.00308093
86
1
-1.33805 2.79296 -0.601661
-0.00722594 -0.0262235 0.00566261
87
1
-1.3208 2.84649 -0.614645
-0.00745075 -0.0268046 0.008067
88
1
-1.30259 2.90058 -0.63219
-0.00843827 -0.0269593 0.0102901
89
1
-1.28208 2.95482 -0.653692
-0.00968119 -0.0267775 0.0123973
90
1
-1.25863 3.00927 -0.678512
-0.0115863 -0.0269189 0.014054
91
1
-1.23131 3.06353 -0.706614
-0.0143031 -0.0269904 0.015147
92
1
-1.199 3.11706 -0.737345
-0.0169846 -0.0264639 0.0164339
93
1
-1.16141 3.16976 -0.770729
-0.0198849 -0.0258144 0.0180071
94
1
-1.1179 3.22135 -0.806978
-0.0232414 -0.0252838 0.0190776
95
1
-1.06801 3.27125 -0.845688
-0.0270103 -0.0243859 0.020898
96
1
-1.01107 3.31981 -0.886703
-0.0307288 -0.0237249 0.022285
97
1
-0.946669 3.36705 -0.928841
-0.0356226 -0.0234629 0.0228849
98
1
-0.874065 3.41304 -0.97094
-0.0393343 -0.0222708 0.0215467
99
1
-0.793427 3.45691 -1.01104
-0.0424669 -0.0212277 0.019619
100
1
-0.705226 3.49766 -1.04784
-0.0465193 -0.0194674 0.017281
101
1
-0.609873 3.53409 -1.08072
-0.049235 -0.0166168 0.0152672
102
1
-0.508404 3.56563 -1.10958
-0.0518864 -0.0137278 0.0130221
103
1
-0.401532 3.59097 -1.13403
-0.0545752 -0.0103058 0.0111066
104
1
-0.29013 3.60957 -1.1531
-0.056683 -0.0071869 0.007808
105
1
-0.175323 3.62176 -1.16554
-0.0580305 -0.0044123 0.00409018
106
1
-0.0586402 3.62767 -1.17171
-0.0586581 -0.00166651 0.00134511
107
1
0.0586402 3.62767 -1.17171
-0.0586581 0.00166651 -0.00134511
108
1
0.175323 3.62176 -1.16554
-0.0580305 0.0044123 -0.00409018
109
1
0.29013 3.60957 -1.1531
-0.056683 0.0071869 -0.007808
110
1
0.401532 3.59097 -1.13403
-0.0545752 0.0103058 -0.0111066
111
1
0.508404 3.56563 -1.10958
-0.0518864 0.0137278 -0.0130221
112
1
0.609873 3.53409 -1.08072
-0.049235 0.0166168 -0.0152672
113
1
0.705226 3.49766 -1.04784
-0.0465193 0.0194674 -0.017281
114
1
0.793427 3.45691 -1.01104
-0.0424669 0.0212277 -0.019619
115
1
0.874065 3.41304 -0.97094
-0.0393343 0.0222708 -0.0215467
116
1
0.946669 3.36705 -0.928841
-0.0356226 0.0234629 -0.0228849
117
1
1.01107 3.31981 -0.886703
-0.0307288 0.0237249 -0.022285
118
1
1.06801 3.27125 -0.845688
-0.0270103 0.0243859 -0.020898
119
1
1.1179 3.22135 -0.806978
-0.0232414 0.0252838 -0.0190776
120
1
1.16141 3.16976 -0.770729
-0.0198849 0.0258144 -0.0180071
121
1
1.199 3.11706 -0.737345
-0.0169846 0.0264639 -0.0164339
122
1
1.23131 3.06353 -0.706614
-0.0143031 0.0269904 -0.015147
123
1
1.25863 3.00927 -0.678512
-0.0115863 0.0269189 -0.014054
124
1
1.28208 2.95482 -0.653692
-0.00968119 0.0267775 -0.0123973
125
1
1.30259 2.90058 -0.63219
-0.00843827 0.0269593 -0.0102901
126
1
1.3208 2.84649 -0.614645
-0.00745075 0.0268046 -0.008067
127
1
1.33805 2.79296 -0.601661
-0.00722594 0.0262235 -0.00566261
128
1
1.35574 2.74048 -0.593106
-0.00787716 0.0256817 -0.00308093
129
1
1.37462 2.68924 -0.588459
-0.00884886 0.0252156 -0.000738873
130
1
1.39508 2.63925 -0.58742
-0.00995459 0.0245807 0.00100474
131
1
1.41782 2.59077 -0.589601
-0.0112792 0.023729 0.00219162
132
1
1.44319 2.54432 -0.593993
-0.0123766 0.0224495 0.00307605
133
1
1.47088 2.50017 -0.599496
-0.0130446 0.0208786 0.00388645
134
1
1.50044 2.45794 -0.605161
-0.0141573 0.0196333 0.00425945
135
1
1.53215 2.41712 -0.609774
-0.0161732 0.0190168 0.00329969
136
1
1.5663 2.37747 -0.611534
-0.0181573 0.018789 0.000788167
137
1
1.60225 2.33908 -0.608789
-0.0192245 0.0184448 -0.00222126
138
1
1.63906 2.30208 -0.60119
-0.0195742 0.0176771 -0.0047279
139
1
1.67642 2.26672 -0.588979
-0.0197075 0.0166269 -0.00677735
140
1
1.71458 2.23293 -0.572862
-0.0199792 0.0157863 -0.00898324
141
1
1.75417 2.20076 -0.552613
-0.0204116 0.015458 -0.0116737
142
1
1.79507 2.16979 -0.527736
-0.020859 0.0155295 -0.0143886
143
1
1.83641 2.13959 -0.498384
-0.0211273 0.0156322 -0.0163273
144
1
1.87712 2.1097 -0.465786
-0.021216 0.0155959 -0.0172534
145
1
1.91666 2.08027 -0.431311
-0.0211023 0.0153846 -0.0175437
146
1
1.95463 2.05189 -0.395615
-0.020573 0.0149633 -0.0177801
147
1
1.99042 2.0255 -0.35875
-0.0192217 0.0142597 -0.0182625
148
1
2.02326 2.00156 -0.320253
-0.0172495 0.0130919 -0.0193324
149
1
2.05245 1.98058 -0.279231
-0.0150271 0.0113357 -0.0208025
150
1
2.07757 1.96323 -0.235659
-0.0127893 0.00933508 -0.0222336
151
1
2.09798 1.94946 -0.190047
-0.0104734 0.00735804 -0.0233284
152
1
2.11335 1.93916 -0.14307
-0.00786914 0.0053208 -0.0240505
153
1
2.12365 1.93213 -0.0954252
-0.00503404 0.00322681 -0.0242914
154
1
2.1294 1.92827 -0.0476569
-0.00235949 0.00138055 -0.0240979
155
1
2.13121 1.92696 -3.19268e-015
8.9975e-017 8.94748e-017 -0.0239349
156
1
2.1294 1.92827 0.0476569
0.00235949 -0.00138055 -0.0240979
157
1
2.12365 1.93213 0.0954252
0.00503404 -0.00322681 -0.0242914
158
1
2.11335 1.93916 0.14307
0.00786914 -0.0053208 -0.0240505
159
1
2.09798 1.94946 0.190047
0.0104734 -0.00735804 -0.0233284
160
1
2.07757 1.96323 0.235659
0.0127893 -0.00933508 -0.0222336
161
1
2.05245 1.98058 0.279231
0.0150271 -0.0113357 -0.0208025
162
1
2.02326 2.00156 0.320253
0.0172495 -0.0130919 -0.0193324
163
1
1.99042 2.0255 0.35875
0.0192217 -0.0142597 -0.0182625
164
1
1.95463 2.05189 0.395615
0.020573 -0.0149633 -0.0177801
165
1
1.91666 2.08027 0.431311
0.0211023 -0.0153846 -0.0175437
166
1
1.87712 2.1097 0.465786
0.021216 -0.0155959 -0.0172534
167
1
1.83641 2.13959 0.498384
0.0211273 -0.0156322 -0.0163273
168
1
1.79507 2.16979 0.527736
0.020859 -0.0155295 -0.0143886
169
1
1.75417 2.20076 0.552613
0.0204116 -0.015458 -0.0116737
170
1
1.71458 2.23293 0.572862
0.0199792 -0.0157863 -0.00898324
171
1
1.67642 2.26672 0.588979
0.0197075 -0.0166269 -0.00677735
172
1
1.63906 2.30208 0.60119
0.0195742 -0.0176771 -0.0047279
173
1
1.60225 2.33908 0.608789
0.0192245 -0.0184448 -0.00222126
174
1
1.5663 2.37747 0.611534
0.0181573 -0.018789 0.000788167
175
1
1.53215 2.41712 0.609774
0.0161732 -0.0190168 0.00329969
176
1
1.50044 2.45794 0.605161
0.0141573 -0.0196333 0.00425945
177
1
1.47088 2.50017 0.599496
0.0130446 -0.0208786 0.00388645
178
1
1.44319 2.54432 0.593993
0.0123766 -0.0224495 0.00307605
179
1
1.41782 2.59077 0.589601
0.0112792 -0.023729 0.00219162
180
1
1.39508 2.63925 0.58742
0.00995459 -0.0245807 0.00100474
181
1
1.37462 2.68924 0.588459
0.00884886 -0.0252156 -0.000738873
182
1
1.35574 2.74048 0.593106
0.00787716 -0.0256817 -0.00308093
183
1
1.33805 2.79296 0.601661
0.00722594 -0.0262235 -0.00566261
184
1
1.3208 2.84649 0.614645
0.00745075 -0.0268046 -0.008067
185
1
1.30259 2.90058 0.63219
0.00843827 -0.0269593 -0.0102901
186
1
1.28208 2.95482 0.653692
0.00968119 -0.0267775 -0.0123973
187
1
1.25863 3.00927 0.678512
0.0115863 -0.0269189 -0.014054
188
1
1.23131 3.06353 0.706614
0.0143031 -0.0269904 -0.015147
189
1
1.199 3.11706 0.737345
0.0169846 -0.0264639 -0.0164339
190
1
1.16141 3.16976 0.770729
0.0198849 -0.0258144 -0.0180071
191
1
1.1179 3.22135 0.806978
0.0232414 -0.0252838 -0.0190776
192
1
1.06801 3.27125 0.845688
0.0270103 -0.0243859 -0.020898
193
1
1.01107 3.31981 0.886703
0.0307288 -0.0237249 -0.022285
