194
0
1
1.12767 8.98569 0.616411
0.0564629 0.0124032 0.00571823
1
1
1.01805 8.96055 0.601807
0.0555422 0.0139373 0.00927922
2
1
0.903381 8.92664 0.580209
0.0591078 0.0188676 0.0126002
3
1
0.786311 8.88462 0.551044
0.0590799 0.0232806 0.0166923
4
1
0.664356 8.83498 0.5108
0.0597349 0.0251729 0.0250558
5
1
0.535571 8.7791 0.453798
0.0651316 0.0272858 0.0309484
6
1
0.395934 8.72139 0.361934
0.0567221 0.0235703 0.0435037
7
1
0.232561 8.63624 0.210643
0.0423657 0.0342267 0.0557273
8
1
0.165197 6.45809 0.061706
-0.0464904 0.010278 -0.00917989
9
1
0.0491026 12.312 0.262016
0.00112518 -0.0297322 -0.0706901
10
1
-0.0491026 12.312 0.262016
0.00112518 0.0297322 0.0706901
11
1
-0.165196 6.45809 0.0616978
-0.0464897 -0.0102778 0.00918049
12
1
-0.232561 8.63624 0.210643
0.0423657 -0.0342267 -0.0557273
13
1
-0.395934 8.72139 0.361934
0.0567221 -0.0235703 -0.0435037
14
1
-0.535571 8.7791 0.453798
0.0651316 -0.0272858 -0.0309484
15
1
-0.664356 8.83498 0.5108
0.0597349 -0.0251729 -0.0250558
16
1
-0.786311 8.88462 0.551044
0.0590799 -0.0232806 -0.0166923
17
1
-0.903381 8.92664 0.580209
0.0591078 -0.0188676 -0.0126002
18
1
-1.01805 8.96055 0.601807
0.0555422 -0.0139373 -0.00927922
19
1
-1.12767 8.98569 0.616411
0.0564629 -0.0124032 -0.00571823
20
1
-1.22942 9.00415 0.625455
0.0482271 -0.00808805 -0.00259924
21
1
-1.32387 9.01782 0.63058
0.0445611 -0.0063847 -0.000357371
22
1
-1.41109 9.02728 0.632646
0.0434023 -0.00264977 0.000555666
23
1
-1.49486 9.03199 0.632472
0.0394672 0.000815612 0.000480297
24
1
-1.57491 9.03279 0.631025
0.0384826 0.00137278 0.000302113
25
1
-1.6508 9.03165 0.629064
0.037908 0.00206417 0.000973676
26
1
-1.72259 9.03061 0.627625
0.0329631 0.00218446 0.00129548
27
1
-1.78948 9.0316 0.628185
0.0305287 0.00117733 0.000131516
28
1
-1.8528 9.03544 0.631167
0.031405 -0.00047212 -0.00204507
29
1
-1.91412 9.04314 0.63564
0.0306934 -0.00296929 -0.0035098
30
1
-1.97274 9.05546 0.640824
0.0288229 -0.00583346 -0.00418332
31
1
-2.02841 9.07254 0.646083
0.0270843 -0.00882976 -0.00406967
32
1
-2.08085 9.09384 0.651231
0.0251581 -0.0111377 -0.00421421
33
1
-2.12983 9.11879 0.655613
0.023743 -0.0131402 -0.00391179
34
1
-2.17578 9.14712 0.658197
0.0224288 -0.0160433 -0.00117986
35
1
-2.21905 9.17833 0.658147
0.0201008 -0.0175268 0.00128451
36
1
-2.25976 9.21114 0.655554
0.0180629 -0.0167589 0.00172261
37
1
-2.29867 9.2456 0.649487
0.0179881 -0.0179879 0.00429843
38
1
-2.33675 9.28166 0.639251
0.0179528 -0.0193696 0.00689623
39
1
-2.37432 9.31831 0.626038
0.016737 -0.0176772 0.00619178
40
1
-2.41139 9.35471 0.610493
0.0181898 -0.0173304 0.00848555
41
1
-2.44926 9.39028 0.593074
0.0204464 -0.0183161 0.0125042
42
1
-2.48827 9.42384 0.574139
0.0189177 -0.0167089 0.0106678
43
1
-2.5276 9.45561 0.554419
0.018697 -0.0151533 0.00802265
44
1
-2.56672 9.48682 0.53378
0.0211301 -0.0153362 0.00936198
45
1
-2.60546 9.51879 0.511676
0.021067 -0.0163105 0.0116159
46
1
-2.64315 9.55217 0.488656
0.0193837 -0.0173369 0.0106116
47
1
-2.67916 9.58641 0.463954
0.0187901 -0.0178603 0.0103193
48
1
-2.71185 9.62157 0.436572
0.0170243 -0.0198784 0.0140776
49
1
-2.74031 9.65572 0.40699
0.0141332 -0.0197522 0.0156878
50
1
-2.76481 9.68783 0.374928
0.0111411 -0.0167982 0.014726
51
1
-2.78665 9.71707 0.339079
0.00970107 -0.0145808 0.0178668
52
1
-2.80629 9.74218 0.298489
0.0103844 -0.0122599 0.0238859
53
1
-2.82392 9.76304 0.25292
0.00926603 -0.0100984 0.028642
54
1
-2.83851 9.77938 0.203899
0.00630649 -0.00769053 0.0286961
55
1
-2.85007 9.79121 0.153428
0.0049085 -0.00491275 0.0275273
56
1
-2.85906 9.7987 0.102594
0.00449101 -0.00193331 0.0268801
57
1
-2.86412 9.80281 0.0509856
0.00202657 -0.000559569 0.026096
58
1
-2.86564 9.80447 9.36517e-010
-9.54295e-013 9.65484e-011 0.0257925
59
1
-2.86412 9.80281 -0.0509856
-0.00202657 0.00055957 0.026096
60
1
-2.85906 9.7987 -0.102594
-0.00449101 0.00193331 0.0268801
61
1
-2.85007 9.79121 -0.153428
-0.0049085 0.00491275 0.0275273
62
1
-2.83851 9.77938 -0.203899
-0.00630649 0.00769053 0.0286961
63
1
-2.82392 9.76304 -0.25292
-0.00926602 0.0100984 0.028642
64
1
-2.80629 9.74218 -0.298489
-0.0103844 0.0122599 0.0238859
65
1
-2.78665 9.71707 -0.339079
-0.00970107 0.0145808 0.0178668
66
1
-2.76481 9.68783 -0.374928
-0.0111411 0.0167982 0.014726
67
1
-2.74031 9.65572 -0.40699
-0.0141332 0.0197522 0.0156878
68
1
-2.71185 9.62157 -0.436572
-0.0170243 0.0198784 0.0140776
69
1
-2.67916 9.58641 -0.463954
-0.0187901 0.0178603 0.0103193
70
1
-2.64315 9.55217 -0.488656
-0.0193837 0.0173369 0.0106116
71
1
-2.60546 9.51879 -0.511676
-0.021067 0.0163105 0.0116159
72
1
-2.56672 9.48682 -0.53378
-0.0211301 0.0153362 0.00936198
73
1
-2.5276 9.45561 -0.554419
-0.018697 0.0151533 0.00802265
74
1
-2.48827 9.42384 -0.574138
-0.0189177 0.0167089 0.0106678
75
1
-2.44926 9.39028 -0.593074
-0.0204464 0.0183161 0.0125042
76
1
-2.41139 9.35471 -0.610493
-0.0181898 0.0173304 0.00848555
77
1
-2.37432 9.31831 -0.626038
-0.016737 0.0176772 0.00619177
78
1
-2.33675 9.28166 -0.639251
-0.0179528 0.0193696 0.00689623
79
1
-2.29867 9.2456 -0.649487
-0.0179881 0.0179879 0.00429843
80
1
-2.25976 9.21114 -0.655554
-0.0180629 0.016759 0.00172261
81
1
-2.21905 9.17833 -0.658147
-0.0201008 0.0175268 0.00128451
82
1
-2.17578 9.14712 -0.658197
-0.0224288 0.0160433 -0.00117986
83
1
-2.12983 9.11879 -0.655613
-0.023743 0.0131402 -0.00391179
84
1
-2.08085 9.09384 -0.651231
-0.0251581 0.0111377 -0.00421421
85
1
-2.02841 9.07254 -0.646083
-0.0270843 0.00882976 -0.00406967
86
1
-1.97274 9.05546 -0.640824
-0.0288229 0.00583346 -0.00418332
87
1
-1.91412 9.04314 -0.63564
-0.0306934 0.00296929 -0.0035098
88
1
-1.8528 9.03544 -0.631167
-0.031405 0.00047212 -0.00204507
89
1
-1.78948 9.0316 -0.628185
-0.0305287 -0.00117733 0.000131516
90
1
-1.72259 9.03061 -0.627625
-0.0329631 -0.00218446 0.00129548
91
1
-1.6508 9.03165 -0.629064
-0.037908 -0.00206417 0.000973677
92
1
-1.57491 9.03279 -0.631025
-0.0384826 -0.00137278 0.000302114
93
1
-1.49486 9.03199 -0.632472
-0.0394672 -0.000815612 0.000480297
94
1
-1.41109 9.02728 -0.632646
-0.0434023 0.00264977 0.000555667
95
1
-1.32387 9.01782 -0.63058
-0.044561 0.0063847 -0.00035737
96
1
-1.22942 9.00415 -0.625455
-0.0482271 0.00808805 -0.00259924
97
1
-1.12767 8.98569 -0.616411
-0.0564629 0.0124032 -0.00571823
98
1
-1.01805 8.96055 -0.601807
-0.0555422 0.0139373 -0.00927922
99
1
-0.903381 8.92664 -0.580209
-0.0591078 0.0188676 -0.0126002
100
1
-0.786311 8.88462 -0.551044
-0.0590799 0.0232806 -0.0166923
101
1
-0.664356 8.83498 -0.5108
-0.0597349 0.0251729 -0.0250558
102
1
-0.535571 8.7791 -0.453798
-0.0651316 0.0272858 -0.0309484
103
1
-0.395934 8.72139 -0.361935
-0.0567221 0.0235703 -0.0435037
104
1
-0.232561 8.63624 -0.210643
-0.0423657 0.0342267 -0.0557273
105
1
-0.165197 6.45809 -0.0617046
0.0464903 0.010278 0.00918002
106
1
-0.0491026 12.312 -0.262016
-0.00112518 -0.0297322 0.0706901
107
1
0.0491026 12.312 -0.262016
-0.00112518 0.0297322 -0.0706901
108
1
0.165196 6.45809 -0.0616965
0.0464897 -0.0102778 -0.00918063
109
1
0.232561 8.63624 -0.210643
-0.0423657 -0.0342267 0.0557273
110
1
0.395934 8.72139 -0.361934
-0.0567221 -0.0235703 0.0435037
111
1
0.535571 8.7791 -0.453798
-0.0651316 -0.0272858 0.0309484
112
1
0.664356 8.83498 -0.5108
-0.0597349 -0.0251729 0.0250558
113
1
0.786311 8.88462 -0.551044
-0.0590799 -0.0232806 0.0166923
114
1
0.903381 8.92664 -0.580209
-0.0591078 -0.0188676 0.0126002
115
1
1.01805 8.96055 -0.601807
-0.0555422 -0.0139373 0.00927922
116
1
1.12767 8.98569 -0.616411
-0.0564629 -0.0124032 0.00571823
117
1
1.22942 9.00415 -0.625455
-0.0482271 -0.00808805 0.00259924
118
1
1.32387 9.01782 -0.63058
-0.0445611 -0.0063847 0.000357371
119
1
1.41109 9.02728 -0.632646
-0.0434023 -0.00264977 -0.000555666
120
1
1.49486 9.03199 -0.632472
-0.0394672 0.000815612 -0.000480297
121
1
1.57491 9.03279 -0.631025
-0.0384826 0.00137278 -0.000302113
122
1
1.6508 9.03165 -0.629064
-0.037908 0.00206417 -0.000973676
123
1
1.72259 9.03061 -0.627625
-0.0329631 0.00218446 -0.00129548
124
1
1.78948 9.0316 -0.628185
-0.0305287 0.00117733 -0.000131516
125
1
1.8528 9.03544 -0.631167
-0.031405 -0.00047212 0.00204507
126
1
1.91412 9.04314 -0.63564
-0.0306934 -0.00296929 0.0035098
127
1
1.97274 9.05546 -0.640824
-0.0288229 -0.00583346 0.00418332
128
1
2.02841 9.07254 -0.646083
-0.0270843 -0.00882976 0.00406967
129
1
2.08085 9.09384 -0.651231
-0.0251581 -0.0111377 0.00421421
130
1
2.12983 9.11879 -0.655613
-0.023743 -0.0131402 0.00391179
131
1
2.17578 9.14712 -0.658197
-0.0224288 -0.0160433 0.00117986
132
1
2.21905 9.17833 -0.658147
-0.0201008 -0.0175268 -0.00128451
133
1
2.25976 9.21114 -0.655554
-0.0180629 -0.0167589 -0.00172261
134
1
2.29867 9.2456 -0.649487
-0.0179881 -0.0179879 -0.00429843
135
1
2.33675 9.28166 -0.639251
-0.0179528 -0.0193696 -0.00689623
136
1
2.37432 9.31831 -0.626038
-0.016737 -0.0176772 -0.00619178
137
1
2.41139 9.35471 -0.610493
-0.0181898 -0.0173304 -0.00848555
138
1
2.44926 9.39028 -0.593074
-0.0204464 -0.0183161 -0.0125042
139
1
2.48827 9.42384 -0.574139
-0.0189177 -0.0167089 -0.0106678
140
1
2.5276 9.45561 -0.554419
-0.018697 -0.0151533 -0.00802265
141
1
2.56672 9.48682 -0.53378
-0.0211301 -0.0153362 -0.00936198
142
1
2.60546 9.51879 -0.511676
-0.021067 -0.0163105 -0.0116159
143
1
2.64315 9.55217 -0.488656
-0.0193837 -0.0173369 -0.0106116
144
1
2.67916 9.58641 -0.463954
-0.0187901 -0.0178603 -0.0103193
145
1
2.71185 9.62157 -0.436572
-0.0170243 -0.0198784 -0.0140776
146
1
2.74031 9.65572 -0.40699
-0.0141332 -0.0197522 -0.0156878
147
1
2.76481 9.68783 -0.374928
-0.0111411 -0.0167982 -0.014726
148
1
2.78665 9.71707 -0.339079
-0.00970107 -0.0145808 -0.0178668
149
1
2.80629 9.74218 -0.298489
-0.0103844 -0.0122599 -0.0238859
150
1
2.82392 9.76304 -0.25292
-0.00926603 -0.0100984 -0.028642
151
1
2.83851 9.77938 -0.203899
-0.00630649 -0.00769053 -0.0286961
152
1
2.85007 9.79121 -0.153428
-0.0049085 -0.00491275 -0.0275273
153
1
2.85906 9.7987 -0.102594
-0.00449101 -0.00193331 -0.0268801
154
1
2.86412 9.80281 -0.0509856
-0.00202657 -0.000559569 -0.026096
155
1
2.86564 9.80447 -1.70042e-009
3.02953e-012 8.64902e-011 -0.0257925
156
1
2.86412 9.80281 0.0509856
0.00202657 0.00055957 -0.026096
157
1
2.85906 9.7987 0.102594
0.00449101 0.00193331 -0.0268801
158
1
2.85007 9.79121 0.153428
0.0049085 0.00491275 -0.0275273
159
1
2.83851 9.77938 0.203899
0.00630649 0.00769053 -0.0286961
160
1
2.82392 9.76304 0.25292
0.00926602 0.0100984 -0.028642
161
1
2.80629 9.74218 0.298489
0.0103844 0.0122599 -0.0238859
162
1
2.78665 9.71707 0.339079
0.00970107 0.0145808 -0.0178668
163
1
2.76481 9.68783 0.374928
0.0111411 0.0167982 -0.014726
164
1
2.74031 9.65572 0.40699
0.0141332 0.0197522 -0.0156878
165
1
2.71185 9.62157 0.436572
0.0170243 0.0198784 -0.0140776
166
1
2.67916 9.58641 0.463954
0.0187901 0.0178603 -0.0103193
167
1
2.64315 9.55217 0.488656
0.0193837 0.0173369 -0.0106116
168
1
2.60546 9.51879 0.511676
0.021067 0.0163105 -0.0116159
169
1
2.56672 9.48682 0.53378
0.0211301 0.0153362 -0.00936198
170
1
2.5276 9.45561 0.554419
0.018697 0.0151533 -0.00802265
171
1
2.48827 9.42384 0.574138
0.0189177 0.0167089 -0.0106678
172
1
2.44926 9.39028 0.593074
0.0204464 0.0183161 -0.0125042
173
1
2.41139 9.35471 0.610493
0.0181898 0.0173304 -0.00848555
174
1
2.37432 9.31831 0.626038
0.016737 0.0176772 -0.00619177
175
1
2.33675 9.28166 0.639251
0.0179528 0.0193696 -0.00689623
176
1
2.29867 9.2456 0.649487
0.0179881 0.0179879 -0.00429843
177
1
2.25976 9.21114 0.655554
0.0180629 0.016759 -0.00172261
178
1
2.21905 9.17833 0.658147
0.0201008 0.0175268 -0.00128451
179
1
2.17578 9.14712 0.658197
0.0224288 0.0160433 0.00117986
180
1
2.12983 9.11879 0.655613
0.023743 0.0131402 0.00391179
181
1
2.08085 9.09384 0.651231
0.0251581 0.0111377 0.00421421
182
1
2.02841 9.07254 0.646083
0.0270843 0.00882976 0.00406967
183
1
1.97274 9.05546 0.640824
0.0288229 0.00583346 0.00418332
184
1
1.91412 9.04314 0.63564
0.0306934 0.00296929 0.0035098
185
1
1.8528 9.03544 0.631167
0.031405 0.00047212 0.00204507
186
1
1.78948 9.0316 0.628185
0.0305287 -0.00117733 -0.000131516
187
1
1.72259 9.03061 0.627625
0.0329631 -0.00218446 -0.00129548
188
1
1.6508 9.03165 0.629064
0.037908 -0.00206417 -0.000973677
189
1
1.57491 9.03279 0.631025
0.0384826 -0.00137278 -0.000302114
190
1
1.49486 9.03199 0.632472
0.0394672 -0.000815612 -0.000480298
191
1
1.41109 9.02728 0.632646
0.0434023 0.00264977 -0.000555667
192
1
1.32387 9.01782 0.63058
0.044561 0.0063847 0.00035737
193
1
1.22942 9.00415 0.625455
0.0482271 0.00808805 0.00259924
