194
0
1
0.674546 1.4257 2.50649
0.0173538 -0.0265545 -0.0234172
1
1
0.634426 1.47487 2.55119
0.0217318 -0.0257116 -0.021811
2
1
0.585515 1.52272 2.59256
0.0261488 -0.0239027 -0.0200138
3
1
0.527625 1.56716 2.62997
0.0309393 -0.0217102 -0.0181275
4
1
0.461931 1.60758 2.66293
0.0343129 -0.0196211 -0.0149617
5
1
0.389025 1.64329 2.68978
0.0376623 -0.016969 -0.0108888
6
1
0.309714 1.6731 2.70987
0.0409535 -0.0134814 -0.00745129
7
1
0.225138 1.69592 2.72429
0.0433762 -0.00974662 -0.00492196
8
1
0.136676 1.7116 2.73378
0.0450226 -0.00593877 -0.00274042
9
1
0.0458319 1.71977 2.73851
0.0458959 -0.00198342 -0.000854284
10
1
-0.0458319 1.71977 2.73851
0.0458959 0.00198342 0.000854284
11
1
-0.136676 1.7116 2.73378
0.0450226 0.00593877 0.00274042
12
1
-0.225138 1.69592 2.72429
0.0433762 0.00974662 0.00492196
13
1
-0.309714 1.6731 2.70987
0.0409535 0.0134814 0.00745129
14
1
-0.389025 1.64329 2.68978
0.0376623 0.016969 0.0108888
15
1
-0.461931 1.60758 2.66293
0.0343129 0.0196211 0.0149617
16
1
-0.527625 1.56716 2.62997
0.0309393 0.0217102 0.0181275
17
1
-0.585515 1.52272 2.59256
0.0261488 0.0239027 0.0200138
18
1
-0.634426 1.47487 2.55119
0.0217318 0.0257116 0.021811
19
1
-0.674546 1.4257 2.50649
0.0173538 0.0265545 0.0234172
20
1
-0.706717 1.37736 2.45888
0.0129791 0.025517 0.024474
21
1
-0.731956 1.33133 2.40832
0.0104798 0.0235583 0.0255996
22
1
-0.751819 1.2881 2.35554
0.00847337 0.021434 0.0265782
23
1
-0.767451 1.24794 2.30078
0.00669835 0.0196018 0.0276712
24
1
-0.778768 1.21027 2.24457
0.00475186 0.0185303 0.0281581
25
1
-0.786058 1.17383 2.18799
0.00323983 0.0183415 0.0279483
26
1
-0.79006 1.13862 2.13131
0.00205411 0.0180432 0.0277897
27
1
-0.790112 1.10499 2.07465
0.000478285 0.0172011 0.0277948
28
1
-0.78562 1.07273 2.01852
-0.00172914 0.0160884 0.0277294
29
1
-0.777015 1.04144 1.96327
-0.00419832 0.0148652 0.0276543
30
1
-0.765617 1.01161 1.90834
-0.00652175 0.0134709 0.0277421
31
1
-0.752236 0.984539 1.8527
-0.00848101 0.0118255 0.0280226
32
1
-0.73694 0.961565 1.79571
-0.00995989 0.00996104 0.0284264
33
1
-0.71954 0.943284 1.73739
-0.0108877 0.00800277 0.0288842
34
1
-0.700176 0.929452 1.6781
-0.0112598 0.00606053 0.029389
35
1
-0.679549 0.91934 1.61805
-0.0111455 0.00421477 0.0299606
36
1
-0.658679 0.912234 1.55714
-0.0106656 0.00254786 0.0305938
37
1
-0.638543 0.907647 1.49513
-0.00993887 0.00113157 0.0312554
38
1
-0.619797 0.905261 1.43188
-0.00905789 3.30353e-006 0.0319101
39
1
-0.602797 0.904775 1.36735
-0.00809495 -0.000837802 0.0325354
40
1
-0.587669 0.905843 1.3016
-0.00710784 -0.00142006 0.0331223
41
1
-0.574384 0.908076 1.23474
-0.00614218 -0.00178545 0.033669
42
1
-0.562862 0.91108 1.16684
-0.00523286 -0.0019793 0.0341748
43
1
-0.552987 0.914529 1.09799
-0.00440312 -0.00204367 0.0346392
44
1
-0.544614 0.918159 1.02827
-0.00366566 -0.00201452 0.0350618
45
1
-0.537592 0.921775 0.95775
-0.00302436 -0.00192114 0.0354428
46
1
-0.531759 0.925248 0.886515
-0.00247598 -0.00178611 0.0357834
47
1
-0.526955 0.928494 0.814639
-0.00201341 -0.00162672 0.0360852
48
1
-0.52303 0.931462 0.742198
-0.00162727 -0.00145572 0.0363505
49
1
-0.519847 0.934124 0.669261
-0.00130722 -0.00128204 0.0365816
50
1
-0.517283 0.936473 0.595893
-0.00104295 -0.00111133 0.0367809
51
1
-0.515239 0.938505 0.522157
-0.000825142 -0.000947071 0.0369507
52
1
-0.51362 0.940232 0.44811
-0.000645103 -0.000790611 0.037093
53
1
-0.512361 0.941664 0.373803
-0.000495735 -0.000642741 0.03721
54
1
-0.511403 0.942814 0.299285
-0.000370102 -0.000502811 0.0373033
55
1
-0.510701 0.943692 0.224604
-0.000263019 -0.000370199 0.0373743
56
1
-0.510221 0.944312 0.149802
-0.00016854 -0.000243018 0.0374242
57
1
-0.509943 0.94468 0.0749208
-8.23614e-005 -0.000120308 0.0374538
58
1
-0.50985 0.944805 -3.84535e-017
5.54104e-017 1.98143e-017 0.0374636
59
1
-0.509943 0.94468 -0.0749208
8.23614e-005 0.000120308 0.0374538
60
1
-0.510221 0.944312 -0.149802
0.00016854 0.000243018 0.0374242
61
1
-0.510701 0.943692 -0.224604
0.000263019 0.000370199 0.0373743
62
1
-0.511403 0.942814 -0.299285
0.000370102 0.000502811 0.0373033
63
1
-0.512361 0.941664 -0.373803
0.000495735 0.000642741 0.03721
64
1
-0.51362 0.940232 -0.44811
0.000645103 0.000790611 0.037093
65
1
-0.515239 0.938505 -0.522157
0.000825142 0.000947071 0.0369507
66
1
-0.517283 0.936473 -0.595893
0.00104295 0.00111133 0.0367809
67
1
-0.519847 0.934124 -0.669261
0.00130722 0.00128204 0.0365816
68
1
-0.52303 0.931462 -0.742198
0.00162727 0.00145572 0.0363505
69
1
-0.526955 0.928494 -0.814639
0.00201341 0.00162672 0.0360852
70
1
-0.531759 0.925248 -0.886515
0.00247598 0.00178611 0.0357834
71
1
-0.537592 0.921775 -0.95775
0.00302436 0.00192114 0.0354428
72
1
-0.544614 0.918159 -1.02827
0.00366566 0.00201452 0.0350618
73
1
-0.552987 0.914529 -1.09799
0.00440312 0.00204367 0.0346392
74
1
-0.562862 0.91108 -1.16684
0.00523286 0.0019793 0.0341748
75
1
-0.574384 0.908076 -1.23474
0.00614218 0.00178545 0.033669
76
1
-0.587669 0.905843 -1.3016
0.00710784 0.00142006 0.0331223
77
1
-0.602797 0.904775 -1.36735
0.00809495 0.000837802 0.0325354
78
1
-0.619797 0.905261 -1.43188
0.00905789 -3.30353e-006 0.0319101
79
1
-0.638543 0.907647 -1.49513
0.00993887 -0.00113157 0.0312554
80
1
-0.658679 0.912234 -1.55714
0.0106656 -0.00254786 0.0305938
81
1
-0.679549 0.91934 -1.61805
0.0111455 -0.00421477 0.0299606
82
1
-0.700176 0.929452 -1.6781
0.0112598 -0.00606053 0.029389
83
1
-0.71954 0.943284 -1.73739
0.0108877 -0.00800277 0.0288842
84
1
-0.73694 0.961565 -1.79571
0.00995989 -0.00996104 0.0284264
85
1
-0.752236 0.984539 -1.8527
0.00848101 -0.0118255 0.0280226
86
1
-0.765617 1.01161 -1.90834
0.00652175 -0.0134709 0.0277421
87
1
-0.777015 1.04144 -1.96327
0.00419832 -0.0148652 0.0276543
88
1
-0.78562 1.07273 -2.01852
0.00172914 -0.0160884 0.0277294
89
1
-0.790112 1.10499 -2.07465
-0.000478285 -0.0172011 0.0277948
90
1
-0.79006 1.13862 -2.13131
-0.00205411 -0.0180432 0.0277897
91
1
-0.786058 1.17383 -2.18799
-0.00323983 -0.0183415 0.0279483
92
1
-0.778768 1.21027 -2.24457
-0.00475186 -0.0185303 0.0281581
93
1
-0.767451 1.24794 -2.30078
-0.00669835 -0.0196018 0.0276712
94
1
-0.751819 1.2881 -2.35554
-0.00847337 -0.021434 0.0265782
95
1
-0.731956 1.33133 -2.40832
-0.0104798 -0.0235583 0.0255996
96
1
-0.706717 1.37736 -2.45888
-0.0129791 -0.025517 0.024474
97
1
-0.674546 1.4257 -2.50649
-0.0173538 -0.0265545 0.0234172
98
1
-0.634426 1.47487 -2.55119
-0.0217318 -0.0257116 0.021811
99
1
-0.585515 1.52272 -2.59256
-0.0261488 -0.0239027 0.0200138
100
1
-0.527625 1.56716 -2.62997
-0.0309393 -0.0217102 0.0181275
101
1
-0.461931 1.60758 -2.66293
-0.0343129 -0.0196211 0.0149617
102
1
-0.389025 1.64329 -2.68978
-0.0376623 -0.016969 0.0108888
103
1
-0.309714 1.6731 -2.70987
-0.0409535 -0.0134814 0.00745129
104
1
-0.225138 1.69592 -2.72429
-0.0433762 -0.00974662 0.00492196
105
1
-0.136676 1.7116 -2.73378
-0.0450226 -0.00593877 0.00274042
106
1
-0.0458319 1.71977 -2.73851
-0.0458959 -0.00198342 0.000854284
107
1
0.0458319 1.71977 -2.73851
-0.0458959 0.00198342 -0.000854284
108
1
0.136676 1.7116 -2.73378
-0.0450226 0.00593877 -0.00274042
109
1
0.225138 1.69592 -2.72429
-0.0433762 0.00974662 -0.00492196
110
1
0.309714 1.6731 -2.70987
-0.0409535 0.0134814 -0.00745129
111
1
0.389025 1.64329 -2.68978
-0.0376623 0.016969 -0.0108888
112
1
0.461931 1.60758 -2.66293
-0.0343129 0.0196211 -0.0149617
113
1
0.527625 1.56716 -2.62997
-0.0309393 0.0217102 -0.0181275
114
1
0.585515 1.52272 -2.59256
-0.0261488 0.0239027 -0.0200138
115
1
0.634426 1.47487 -2.55119
-0.0217318 0.0257116 -0.021811
116
1
0.674546 1.4257 -2.50649
-0.0173538 0.0265545 -0.0234172
117
1
0.706717 1.37736 -2.45888
-0.0129791 0.025517 -0.024474
118
1
0.731956 1.33133 -2.40832
-0.0104798 0.0235583 -0.0255996
119
1
0.751819 1.2881 -2.35554
-0.00847337 0.021434 -0.0265782
120
1
0.767451 1.24794 -2.30078
-0.00669835 0.0196018 -0.0276712
121
1
0.778768 1.21027 -2.24457
-0.00475186 0.0185303 -0.0281581
122
1
0.786058 1.17383 -2.18799
-0.00323983 0.0183415 -0.0279483
123
1
0.79006 1.13862 -2.13131
-0.00205411 0.0180432 -0.0277897
124
1
0.790112 1.10499 -2.07465
-0.000478285 0.0172011 -0.0277948
125
1
0.78562 1.07273 -2.01852
0.00172914 0.0160884 -0.0277294
126
1
0.777015 1.04144 -1.96327
0.00419832 0.0148652 -0.0276543
127
1
0.765617 1.01161 -1.90834
0.00652175 0.0134709 -0.0277421
128
1
0.752236 0.984539 -1.8527
0.00848101 0.0118255 -0.0280226
129
1
0.73694 0.961565 -1.79571
0.00995989 0.00996104 -0.0284264
130
1
0.71954 0.943284 -1.73739
0.0108877 0.00800277 -0.0288842
131
1
0.700176 0.929452 -1.6781
0.0112598 0.00606053 -0.029389
132
1
0.679549 0.91934 -1.61805
0.0111455 0.00421477 -0.0299606
133
1
0.658679 0.912234 -1.55714
0.0106656 0.00254786 -0.0305938
134
1
0.638543 0.907647 -1.49513
0.00993887 0.00113157 -0.0312554
135
1
0.619797 0.905261 -1.43188
0.00905789 3.30353e-006 -0.0319101
136
1
0.602797 0.904775 -1.36735
0.00809495 -0.000837802 -0.0325354
137
1
0.587669 0.905843 -1.3016
0.00710784 -0.00142006 -0.0331223
138
1
0.574384 0.908076 -1.23474
0.00614218 -0.00178545 -0.033669
139
1
0.562862 0.91108 -1.16684
0.00523286 -0.0019793 -0.0341748
140
1
0.552987 0.914529 -1.09799
0.00440312 -0.00204367 -0.0346392
141
1
0.544614 0.918159 -1.02827
0.00366566 -0.00201452 -0.0350618
142
1
0.537592 0.921775 -0.95775
0.00302436 -0.00192114 -0.0354428
143
1
0.531759 0.925248 -0.886515
0.00247598 -0.00178611 -0.0357834
144
1
0.526955 0.928494 -0.814639
0.00201341 -0.00162672 -0.0360852
145
1
0.52303 0.931462 -0.742198
0.00162727 -0.00145572 -0.0363505
146
1
0.519847 0.934124 -0.669261
0.00130722 -0.00128204 -0.0365816
147
1
0.517283 0.936473 -0.595893
0.00104295 -0.00111133 -0.0367809
148
1
0.515239 0.938505 -0.522157
0.000825142 -0.000947071 -0.0369507
149
1
0.51362 0.940232 -0.44811
0.000645103 -0.000790611 -0.037093
150
1
0.512361 0.941664 -0.373803
0.000495735 -0.000642741 -0.03721
151
1
0.511403 0.942814 -0.299285
0.000370102 -0.000502811 -0.0373033
152
1
0.510701 0.943692 -0.224604
0.000263019 -0.000370199 -0.0373743
153
1
0.510221 0.944312 -0.149802
0.00016854 -0.000243018 -0.0374242
154
1
0.509943 0.94468 -0.0749208
8.23614e-005 -0.000120308 -0.0374538
155
1
0.50985 0.944805 -2.51228e-017
2.87597e-017 1.48325e-017 -0.0374636
156
1
0.509943 0.94468 0.0749208
-8.23614e-005 0.000120308 -0.0374538
157
1
0.510221 0.944312 0.149802
-0.00016854 0.000243018 -0.0374242
158
1
0.510701 0.943692 0.224604
-0.000263019 0.000370199 -0.0373743
159
1
0.511403 0.942814 0.299285
-0.000370102 0.000502811 -0.0373033
160
1
0.512361 0.941664 0.373803
-0.000495735 0.000642741 -0.03721
161
1
0.51362 0.940232 0.44811
-0.000645103 0.000790611 -0.037093
162
1
0.515239 0.938505 0.522157
-0.000825142 0.000947071 -0.0369507
163
1
0.517283 0.936473 0.595893
-0.00104295 0.00111133 -0.0367809
164
1
0.519847 0.934124 0.669261
-0.00130722 0.00128204 -0.0365816
165
1
0.52303 0.931462 0.742198
-0.00162727 0.00145572 -0.0363505
166
1
0.526955 0.928494 0.814639
-0.00201341 0.00162672 -0.0360852
167
1
0.531759 0.925248 0.886515
-0.00247598 0.00178611 -0.0357834
168
1
0.537592 0.921775 0.95775
-0.00302436 0.00192114 -0.0354428
169
1
0.544614 0.918159 1.02827
-0.00366566 0.00201452 -0.0350618
170
1
0.552987 0.914529 1.09799
-0.00440312 0.00204367 -0.0346392
171
1
0.562862 0.91108 1.16684
-0.00523286 0.0019793 -0.0341748
172
1
0.574384 0.908076 1.23474
-0.00614218 0.00178545 -0.033669
173
1
0.587669 0.905843 1.3016
-0.00710784 0.00142006 -0.0331223
174
1
0.602797 0.904775 1.36735
-0.00809495 0.000837802 -0.0325354
175
1
0.619797 0.905261 1.43188
-0.00905789 -3.30353e-006 -0.0319101
176
1
0.638543 0.907647 1.49513
-0.00993887 -0.00113157 -0.0312554
177
1
0.658679 0.912234 1.55714
-0.0106656 -0.00254786 -0.0305938
178
1
0.679549 0.91934 1.61805
-0.0111455 -0.00421477 -0.0299606
179
1
0.700176 0.929452 1.6781
-0.0112598 -0.00606053 -0.029389
180
1
0.71954 0.943284 1.73739
-0.0108877 -0.00800277 -0.0288842
181
1
0.73694 0.961565 1.79571
-0.00995989 -0.00996104 -0.0284264
182
1
0.752236 0.984539 1.8527
-0.00848101 -0.0118255 -0.0280226
183
1
0.765617 1.01161 1.90834
-0.00652175 -0.0134709 -0.0277421
184
1
0.777015 1.04144 1.96327
-0.00419832 -0.0148652 -0.0276543
185
1
0.78562 1.07273 2.01852
-0.00172914 -0.0160884 -0.0277294
186
1
0.790112 1.10499 2.07465
0.000478285 -0.0172011 -0.0277948
187
1
0.79006 1.13862 2.13131
0.00205411 -0.0180432 -0.0277897
188
1
0.786058 1.17383 2.18799
0.00323983 -0.0183415 -0.0279483
189
1
0.778768 1.21027 2.24457
0.00475186 -0.0185303 -0.0281581
190
1
0.767451 1.24794 2.30078
0.00669835 -0.0196018 -0.0276712
191
1
0.751819 1.2881 2.35554
0.00847337 -0.021434 -0.0265782
192
1
0.731956 1.33133 2.40832
0.0104798 -0.0235583 -0.0255996
193
1
0.706717 1.37736 2.45888
0.0129791 -0.025517 -0.024474
