194
0
1
1.15741 8.86093 0.63645
0.0565045 0.0131219 0.00529035
1
1
1.0484 8.83285 0.622769
0.0553078 0.0147336 0.00868402
2
1
0.934521 8.79898 0.599083
0.0581969 0.0201545 0.0136359
3
1
0.818498 8.75834 0.564992
0.0579039 0.0242751 0.0196216
4
1
0.698483 8.71096 0.516329
0.0590919 0.0247698 0.0277017
5
1
0.571395 8.65861 0.452038
0.0633073 0.0282676 0.0339766
6
1
0.425865 8.59708 0.368536
0.0596359 0.0229776 0.0427757
7
1
0.267389 8.52056 0.206396
0.0402353 0.0283928 0.0603889
8
1
0.234231 6.59499 0.060477
-0.0380309 0.0295721 -0.009805
9
1
0.048606 12.1058 0.335085
0.000880702 -0.0278574 -0.0724671
10
1
-0.048606 12.1058 0.335085
0.000880701 0.0278574 0.0724671
11
1
-0.23423 6.59499 0.0604706
-0.0380304 -0.029572 0.00980534
12
1
-0.267389 8.52056 0.206396
0.0402353 -0.0283928 -0.0603889
13
1
-0.425865 8.59708 0.368536
0.0596359 -0.0229776 -0.0427757
14
1
-0.571395 8.65861 0.452037
0.0633073 -0.0282676 -0.0339766
15
1
-0.698483 8.71096 0.516329
0.0590919 -0.0247698 -0.0277017
16
1
-0.818498 8.75834 0.564992
0.0579039 -0.0242751 -0.0196216
17
1
-0.934521 8.79898 0.599083
0.0581969 -0.0201545 -0.0136359
18
1
-1.0484 8.83285 0.622769
0.0553078 -0.0147336 -0.00868402
19
1
-1.15741 8.86093 0.63645
0.0565045 -0.0131219 -0.00529035
20
1
-1.25903 8.88342 0.642551
0.0484096 -0.00888169 -0.00223781
21
1
-1.35386 8.90004 0.643074
0.0448041 -0.00773596 0.000223213
22
1
-1.44182 8.91114 0.639665
0.0436356 -0.00482393 0.00333947
23
1
-1.52645 8.91815 0.632764
0.0397575 -0.00165286 0.00536559
24
1
-1.60761 8.92299 0.623215
0.0390116 -0.00134592 0.00595784
25
1
-1.68498 8.9272 0.611731
0.0387635 -0.00140262 0.00709072
26
1
-1.7588 8.93098 0.599403
0.0340348 -0.00145013 0.00711164
27
1
-1.82848 8.93436 0.588414
0.0318114 -0.00185522 0.00576844
28
1
-1.89539 8.9384 0.580197
0.0329997 -0.00242304 0.00372517
29
1
-1.96096 8.94486 0.575555
0.0326625 -0.00350811 0.00170169
30
1
-2.02432 8.95457 0.574658
0.031093 -0.0051655 -0.00017807
31
1
-2.08511 8.9679 0.576711
0.0297093 -0.00712958 -0.0014118
32
1
-2.14298 8.98458 0.580787
0.0280105 -0.00873083 -0.00286855
33
1
-2.19744 9.00446 0.585905
0.0266662 -0.0105349 -0.00404323
34
1
-2.24871 9.0279 0.590925
0.0250893 -0.0134861 -0.00340889
35
1
-2.29683 9.05466 0.59485
0.0222737 -0.0153626 -0.00254785
36
1
-2.34173 9.08353 0.597075
0.0199983 -0.0152222 -0.00252592
37
1
-2.38415 9.11482 0.597478
0.019547 -0.0167083 -0.00063791
38
1
-2.42496 9.14873 0.595416
0.0191203 -0.0183231 0.00162293
39
1
-2.4649 9.18357 0.590488
0.0177182 -0.0172223 0.00176484
40
1
-2.50421 9.21804 0.582409
0.0184254 -0.0173493 0.00480686
41
1
-2.54371 9.25148 0.570243
0.019989 -0.0184238 0.00969967
42
1
-2.58296 9.28355 0.553885
0.0188253 -0.0162703 0.00926399
43
1
-2.62206 9.31425 0.535158
0.0190271 -0.0138602 0.00818188
44
1
-2.6621 9.34385 0.514844
0.0218675 -0.0131818 0.0112753
45
1
-2.70382 9.37277 0.492429
0.0226859 -0.0134778 0.0142815
46
1
-2.74686 9.40104 0.4684
0.022025 -0.0138779 0.0127366
47
1
-2.78986 9.42897 0.442548
0.0228144 -0.0138578 0.0118622
48
1
-2.83142 9.45724 0.415074
0.022846 -0.0152773 0.0142412
49
1
-2.86936 9.48441 0.386214
0.0205411 -0.0155436 0.0145128
50
1
-2.90294 9.51018 0.355664
0.0166213 -0.0137865 0.0131507
51
1
-2.93222 9.53424 0.32182
0.0136932 -0.0127128 0.0160773
52
1
-2.95682 9.55646 0.283526
0.0125877 -0.0119419 0.0219591
53
1
-2.977 9.57669 0.240576
0.00976034 -0.0112583 0.0265995
54
1
-2.9923 9.59433 0.194444
0.00592849 -0.00949327 0.026789
55
1
-3.0034 9.60807 0.146795
0.00384929 -0.00632942 0.0259428
56
1
-3.0109 9.61698 0.098426
0.0027559 -0.00250957 0.0256436
57
1
-3.01492 9.62247 0.0491482
0.000816268 -0.000614441 0.025218
58
1
-3.01643 9.62458 3.69045e-010
4.75235e-012 6.97347e-011 0.0250192
59
1
-3.01492 9.62247 -0.0491482
-0.000816268 0.000614441 0.025218
60
1
-3.0109 9.61698 -0.098426
-0.0027559 0.00250957 0.0256436
61
1
-3.0034 9.60807 -0.146795
-0.00384929 0.00632942 0.0259428
62
1
-2.9923 9.59433 -0.194444
-0.00592849 0.00949327 0.026789
63
1
-2.977 9.57669 -0.240576
-0.00976033 0.0112583 0.0265995
64
1
-2.95682 9.55646 -0.283526
-0.0125877 0.0119419 0.0219591
65
1
-2.93222 9.53424 -0.32182
-0.0136932 0.0127128 0.0160773
66
1
-2.90294 9.51018 -0.355664
-0.0166213 0.0137865 0.0131507
67
1
-2.86936 9.48441 -0.386214
-0.0205411 0.0155436 0.0145128
68
1
-2.83142 9.45724 -0.415074
-0.022846 0.0152773 0.0142412
69
1
-2.78986 9.42897 -0.442548
-0.0228144 0.0138578 0.0118622
70
1
-2.74686 9.40104 -0.4684
-0.022025 0.0138779 0.0127366
71
1
-2.70382 9.37277 -0.492429
-0.0226859 0.0134778 0.0142815
72
1
-2.6621 9.34385 -0.514844
-0.0218675 0.0131818 0.0112753
73
1
-2.62206 9.31425 -0.535158
-0.0190271 0.0138602 0.00818188
74
1
-2.58296 9.28355 -0.553885
-0.0188253 0.0162703 0.00926399
75
1
-2.54371 9.25148 -0.570243
-0.019989 0.0184238 0.00969967
76
1
-2.50421 9.21804 -0.582409
-0.0184254 0.0173493 0.00480686
77
1
-2.4649 9.18357 -0.590488
-0.0177182 0.0172223 0.00176483
78
1
-2.42496 9.14873 -0.595416
-0.0191203 0.0183231 0.00162293
79
1
-2.38415 9.11482 -0.597478
-0.019547 0.0167083 -0.00063791
80
1
-2.34173 9.08353 -0.597075
-0.0199983 0.0152222 -0.00252592
81
1
-2.29683 9.05466 -0.59485
-0.0222737 0.0153626 -0.00254785
82
1
-2.24871 9.0279 -0.590925
-0.0250893 0.0134861 -0.00340889
83
1
-2.19744 9.00446 -0.585905
-0.0266662 0.0105349 -0.00404323
84
1
-2.14298 8.98458 -0.580787
-0.0280105 0.00873083 -0.00286855
85
1
-2.08511 8.9679 -0.576711
-0.0297093 0.00712958 -0.0014118
86
1
-2.02432 8.95457 -0.574658
-0.031093 0.0051655 -0.000178069
87
1
-1.96096 8.94486 -0.575555
-0.0326625 0.00350811 0.00170169
88
1
-1.89539 8.9384 -0.580197
-0.0329997 0.00242304 0.00372517
89
1
-1.82848 8.93436 -0.588414
-0.0318114 0.00185522 0.00576844
90
1
-1.7588 8.93098 -0.599403
-0.0340348 0.00145013 0.00711164
91
1
-1.68498 8.9272 -0.611731
-0.0387635 0.00140262 0.00709072
92
1
-1.60761 8.92299 -0.623215
-0.0390116 0.00134592 0.00595784
93
1
-1.52645 8.91815 -0.632764
-0.0397575 0.00165286 0.00536559
94
1
-1.44182 8.91114 -0.639665
-0.0436356 0.00482393 0.00333947
95
1
-1.35386 8.90004 -0.643074
-0.0448041 0.00773596 0.000223214
96
1
-1.25903 8.88342 -0.642551
-0.0484096 0.00888169 -0.00223781
97
1
-1.15741 8.86093 -0.63645
-0.0565045 0.0131219 -0.00529035
98
1
-1.0484 8.83285 -0.622769
-0.0553078 0.0147336 -0.00868402
99
1
-0.934521 8.79898 -0.599083
-0.0581969 0.0201545 -0.0136359
100
1
-0.818498 8.75834 -0.564992
-0.0579039 0.0242751 -0.0196216
101
1
-0.698483 8.71096 -0.516329
-0.0590919 0.0247698 -0.0277017
102
1
-0.571395 8.65861 -0.452038
-0.0633073 0.0282676 -0.0339766
103
1
-0.425865 8.59708 -0.368536
-0.0596359 0.0229776 -0.0427757
104
1
-0.267389 8.52056 -0.206396
-0.0402353 0.0283928 -0.0603889
105
1
-0.234231 6.59499 -0.060476
0.0380309 0.0295721 0.00980507
106
1
-0.048606 12.1058 -0.335085
-0.000880702 -0.0278574 0.0724671
107
1
0.048606 12.1058 -0.335085
-0.000880701 0.0278574 -0.0724671
108
1
0.23423 6.59499 -0.0604697
0.0380304 -0.029572 -0.00980541
109
1
0.267389 8.52056 -0.206396
-0.0402353 -0.0283928 0.0603889
110
1
0.425865 8.59708 -0.368536
-0.0596359 -0.0229776 0.0427757
111
1
0.571395 8.65861 -0.452037
-0.0633073 -0.0282676 0.0339766
112
1
0.698483 8.71096 -0.516329
-0.0590919 -0.0247698 0.0277017
113
1
0.818498 8.75834 -0.564992
-0.0579039 -0.0242751 0.0196216
114
1
0.934521 8.79898 -0.599083
-0.0581969 -0.0201545 0.0136359
115
1
1.0484 8.83285 -0.622769
-0.0553078 -0.0147336 0.00868402
116
1
1.15741 8.86093 -0.63645
-0.0565045 -0.0131219 0.00529035
117
1
1.25903 8.88342 -0.642551
-0.0484096 -0.00888169 0.00223781
118
1
1.35386 8.90004 -0.643074
-0.0448041 -0.00773596 -0.000223212
119
1
1.44182 8.91114 -0.639665
-0.0436356 -0.00482393 -0.00333947
120
1
1.52645 8.91815 -0.632764
-0.0397575 -0.00165286 -0.00536559
121
1
1.60761 8.92299 -0.623215
-0.0390116 -0.00134592 -0.00595784
122
1
1.68498 8.9272 -0.611731
-0.0387635 -0.00140262 -0.00709072
123
1
1.7588 8.93098 -0.599403
-0.0340348 -0.00145013 -0.00711164
124
1
1.82848 8.93436 -0.588414
-0.0318114 -0.00185522 -0.00576844
125
1
1.89539 8.9384 -0.580197
-0.0329997 -0.00242304 -0.00372517
126
1
1.96096 8.94486 -0.575555
-0.0326625 -0.00350811 -0.00170169
127
1
2.02432 8.95457 -0.574658
-0.031093 -0.0051655 0.00017807
128
1
2.08511 8.9679 -0.576711
-0.0297093 -0.00712958 0.0014118
129
1
2.14298 8.98458 -0.580787
-0.0280105 -0.00873083 0.00286855
130
1
2.19744 9.00446 -0.585905
-0.0266662 -0.0105349 0.00404323
131
1
2.24871 9.0279 -0.590925
-0.0250893 -0.0134861 0.00340889
132
1
2.29683 9.05466 -0.59485
-0.0222737 -0.0153626 0.00254785
133
1
2.34173 9.08353 -0.597075
-0.0199983 -0.0152222 0.00252592
134
1
2.38415 9.11482 -0.597478
-0.019547 -0.0167083 0.00063791
135
1
2.42496 9.14873 -0.595416
-0.0191203 -0.0183231 -0.00162293
136
1
2.4649 9.18357 -0.590488
-0.0177182 -0.0172223 -0.00176484
137
1
2.50421 9.21804 -0.582409
-0.0184254 -0.0173493 -0.00480686
138
1
2.54371 9.25148 -0.570243
-0.019989 -0.0184238 -0.00969967
139
1
2.58296 9.28355 -0.553885
-0.0188253 -0.0162703 -0.00926399
140
1
2.62206 9.31425 -0.535158
-0.0190271 -0.0138602 -0.00818188
141
1
2.6621 9.34385 -0.514844
-0.0218675 -0.0131818 -0.0112753
142
1
2.70382 9.37277 -0.492429
-0.0226859 -0.0134778 -0.0142815
143
1
2.74686 9.40104 -0.4684
-0.022025 -0.0138779 -0.0127366
144
1
2.78986 9.42897 -0.442548
-0.0228144 -0.0138578 -0.0118622
145
1
2.83142 9.45724 -0.415074
-0.022846 -0.0152773 -0.0142412
146
1
2.86936 9.48441 -0.386214
-0.0205411 -0.0155436 -0.0145128
147
1
2.90294 9.51018 -0.355664
-0.0166213 -0.0137865 -0.0131507
148
1
2.93222 9.53424 -0.32182
-0.0136932 -0.0127128 -0.0160773
149
1
2.95682 9.55646 -0.283526
-0.0125877 -0.0119419 -0.0219591
150
1
2.977 9.57669 -0.240576
-0.00976034 -0.0112583 -0.0265995
151
1
2.9923 9.59433 -0.194444
-0.00592849 -0.00949327 -0.026789
152
1
3.0034 9.60807 -0.146795
-0.00384929 -0.00632942 -0.0259428
153
1
3.0109 9.61698 -0.098426
-0.0027559 -0.00250957 -0.0256436
154
1
3.01492 9.62247 -0.0491482
-0.000816269 -0.000614441 -0.025218
155
1
3.01643 9.62458 -8.27369e-011
-1.48458e-011 7.39257e-011 -0.0250192
156
1
3.01492 9.62247 0.0491482
0.000816268 0.000614441 -0.025218
157
1
3.0109 9.61698 0.098426
0.0027559 0.00250957 -0.0256436
158
1
3.0034 9.60807 0.146795
0.00384929 0.00632942 -0.0259428
159
1
2.9923 9.59433 0.194444
0.00592849 0.00949327 -0.026789
160
1
2.977 9.57669 0.240576
0.00976033 0.0112583 -0.0265995
161
1
2.95682 9.55646 0.283526
0.0125877 0.0119419 -0.0219591
162
1
2.93222 9.53424 0.32182
0.0136932 0.0127128 -0.0160773
163
1
2.90294 9.51018 0.355664
0.0166213 0.0137865 -0.0131507
164
1
2.86936 9.48441 0.386214
0.0205411 0.0155436 -0.0145128
165
1
2.83142 9.45724 0.415074
0.022846 0.0152773 -0.0142412
166
1
2.78986 9.42897 0.442548
0.0228144 0.0138578 -0.0118622
167
1
2.74686 9.40104 0.4684
0.022025 0.0138779 -0.0127366
168
1
2.70382 9.37277 0.492429
0.0226859 0.0134778 -0.0142815
169
1
2.6621 9.34385 0.514844
0.0218675 0.0131818 -0.0112753
170
1
2.62206 9.31425 0.535158
0.0190271 0.0138602 -0.00818188
171
1
2.58296 9.28355 0.553885
0.0188253 0.0162703 -0.00926399
172
1
2.54371 9.25148 0.570243
0.019989 0.0184238 -0.00969967
173
1
2.50421 9.21804 0.582409
0.0184254 0.0173493 -0.00480686
174
1
2.4649 9.18357 0.590488
0.0177182 0.0172223 -0.00176483
175
1
2.42496 9.14873 0.595416
0.0191203 0.0183231 -0.00162293
176
1
2.38415 9.11482 0.597478
0.019547 0.0167083 0.00063791
177
1
2.34173 9.08353 0.597075
0.0199983 0.0152222 0.00252592
178
1
2.29683 9.05466 0.59485
0.0222737 0.0153626 0.00254785
179
1
2.24871 9.0279 0.590925
0.0250893 0.0134861 0.00340889
180
1
2.19744 9.00446 0.585905
0.0266662 0.0105349 0.00404323
181
1
2.14298 8.98458 0.580787
0.0280105 0.00873083 0.00286855
182
1
2.08511 8.9679 0.576711
0.0297093 0.00712958 0.0014118
183
1
2.02432 8.95457 0.574658
0.031093 0.0051655 0.000178069
184
1
1.96096 8.94486 0.575555
0.0326625 0.00350811 -0.00170169
185
1
1.89539 8.9384 0.580197
0.0329997 0.00242304 -0.00372517
186
1
1.82848 8.93436 0.588414
0.0318114 0.00185522 -0.00576844
187
1
1.7588 8.93098 0.599403
0.0340348 0.00145013 -0.00711164
188
1
1.68498 8.9272 0.611731
0.0387635 0.00140262 -0.00709072
189
1
1.60761 8.92299 0.623215
0.0390116 0.00134592 -0.00595784
190
1
1.52645 8.91815 0.632764
0.0397575 0.00165286 -0.00536559
191
1
1.44182 8.91114 0.639665
0.0436356 0.00482393 -0.00333947
192
1
1.35386 8.90004 0.643074
0.0448041 0.00773596 -0.000223214
193
1
1.25903 8.88342 0.642551
0.0484096 0.00888169 0.00223781
