194
0
1
1.04726 5.74618 1.04489
0.026324 -0.0188667 0.0270289
1
1
0.99801 5.77931 0.984559
0.0245072 -0.0154144 0.0331849
2
1
0.952161 5.8075 0.909053
0.0208619 -0.0120705 0.0419416
3
1
0.913366 5.82864 0.81835
0.0169911 -0.00762977 0.0503828
4
1
0.882773 5.84279 0.708952
0.00946286 -0.00540644 0.0591878
5
1
0.859655 5.85357 0.579582
0.00704643 -0.00392892 0.0735013
6
1
0.843238 5.86489 0.419229
0.00506707 0.000723704 0.0777538
7
1
0.829947 5.85515 0.198957
0.00796933 0.00866079 0.0770281
8
1
0.588961 5.78509 0.0600506
0.0238161 -0.00596043 -0.0202083
9
1
0.0533431 7.25085 0.45367
0.00110953 0.0235515 -0.0742694
10
1
-0.0533431 7.25085 0.45367
0.00110953 -0.0235515 0.0742694
11
1
-0.588961 5.78509 0.0600506
0.0238161 0.00596043 0.0202083
12
1
-0.829947 5.85515 0.198957
0.00796933 -0.00866079 -0.0770281
13
1
-0.843238 5.86489 0.419229
0.00506707 -0.000723704 -0.0777538
14
1
-0.859655 5.85357 0.579582
0.00704643 0.00392892 -0.0735013
15
1
-0.882773 5.84279 0.708952
0.00946286 0.00540644 -0.0591878
16
1
-0.913366 5.82864 0.81835
0.0169911 0.00762977 -0.0503828
17
1
-0.952161 5.8075 0.909053
0.0208619 0.0120705 -0.0419416
18
1
-0.99801 5.77931 0.984559
0.0245072 0.0154144 -0.0331849
19
1
-1.04726 5.74618 1.04489
0.026324 0.0188667 -0.0270289
20
1
-1.09824 5.71062 1.09205
0.0263796 0.0194825 -0.0196203
21
1
-1.15044 5.6761 1.12838
0.0257972 0.0167901 -0.0145222
22
1
-1.20354 5.64486 1.15576
0.027088 0.015527 -0.0116141
23
1
-1.25823 5.61739 1.17703
0.0266219 0.0129907 -0.00923809
24
1
-1.31363 5.59444 1.19315
0.0271994 0.0104058 -0.00746343
25
1
-1.36942 5.57655 1.20462
0.0281147 0.00812378 -0.00538324
26
1
-1.42546 5.56391 1.21226
0.027149 0.00483267 -0.00312256
27
1
-1.48099 5.55602 1.2169
0.0272404 0.002462 -0.00132618
28
1
-1.53632 5.55156 1.2189
0.0278863 0.00142396 0.000310204
29
1
-1.59161 5.54879 1.21727
0.0273256 0.000430443 0.00304224
30
1
-1.64663 5.54696 1.21137
0.0270208 -0.000630714 0.00572724
31
1
-1.70138 5.54659 1.2013
0.0272105 -0.00168637 0.00700904
32
1
-1.7558 5.54784 1.18746
0.0269616 -0.00253084 0.00807666
33
1
-1.80972 5.55038 1.17067
0.0266624 -0.00256239 0.00958976
34
1
-1.86301 5.55384 1.1518
0.0265992 -0.00233929 0.0102061
35
1
-1.91563 5.558 1.1316
0.0260646 -0.0023484 0.0103217
36
1
-1.96738 5.56207 1.10982
0.0250346 -0.00195804 0.0109577
37
1
-2.01862 5.56551 1.08602
0.0246543 -0.00151657 0.0119571
38
1
-2.06996 5.56892 1.05967
0.0252921 -0.00192688 0.0132709
39
1
-2.12112 5.57335 1.03016
0.0257514 -0.00271791 0.0149755
40
1
-2.17113 5.57884 0.997479
0.0253752 -0.00279302 0.0169359
41
1
-2.21954 5.58496 0.962101
0.0245608 -0.00268523 0.0187091
42
1
-2.26636 5.5916 0.924012
0.0235569 -0.00309972 0.0200827
43
1
-2.31215 5.5988 0.883481
0.022818 -0.00313266 0.0214927
44
1
-2.35712 5.606 0.839968
0.0225119 -0.00258745 0.0233196
45
1
-2.40132 5.61287 0.792701
0.0222136 -0.00291801 0.0253042
46
1
-2.4443 5.62043 0.74179
0.0216862 -0.00409717 0.0270193
47
1
-2.48533 5.6292 0.687994
0.0209387 -0.00494193 0.0284535
48
1
-2.52349 5.63877 0.631651
0.0193791 -0.00567113 0.0300099
49
1
-2.55804 5.64855 0.573036
0.0173032 -0.00590337 0.0315492
50
1
-2.58878 5.65702 0.512703
0.0153547 -0.00479004 0.0321705
51
1
-2.6157 5.66331 0.451066
0.0135612 -0.00302983 0.0323505
52
1
-2.63901 5.66755 0.388336
0.0116374 -0.00176246 0.0324533
53
1
-2.65858 5.67022 0.324751
0.00937353 -0.000937609 0.0326521
54
1
-2.67436 5.67167 0.260532
0.0070177 0.000102987 0.0331391
55
1
-2.68654 5.67152 0.195742
0.00530056 0.00113291 0.0337113
56
1
-2.69541 5.67027 0.130643
0.00412369 0.00153817 0.0337828
57
1
-2.70113 5.66873 0.0653395
0.00246376 0.00101159 0.0332886
58
1
-2.70301 5.66803 2.27745e-014
3.1666e-016 3.39423e-016 0.0329406
59
1
-2.70113 5.66873 -0.0653395
-0.00246376 -0.00101159 0.0332886
60
1
-2.69541 5.67027 -0.130643
-0.00412369 -0.00153817 0.0337828
61
1
-2.68654 5.67152 -0.195742
-0.00530056 -0.00113291 0.0337113
62
1
-2.67436 5.67167 -0.260532
-0.0070177 -0.000102987 0.0331391
63
1
-2.65858 5.67022 -0.324751
-0.00937353 0.000937609 0.0326521
64
1
-2.63901 5.66755 -0.388336
-0.0116374 0.00176246 0.0324533
65
1
-2.6157 5.66331 -0.451066
-0.0135612 0.00302983 0.0323505
66
1
-2.58878 5.65702 -0.512703
-0.0153547 0.00479004 0.0321705
67
1
-2.55804 5.64855 -0.573036
-0.0173032 0.00590337 0.0315492
68
1
-2.52349 5.63877 -0.631651
-0.0193791 0.00567113 0.0300099
69
1
-2.48533 5.6292 -0.687994
-0.0209387 0.00494193 0.0284535
70
1
-2.4443 5.62043 -0.74179
-0.0216862 0.00409717 0.0270193
71
1
-2.40132 5.61287 -0.792701
-0.0222136 0.00291801 0.0253042
72
1
-2.35712 5.606 -0.839968
-0.0225119 0.00258745 0.0233196
73
1
-2.31215 5.5988 -0.883481
-0.022818 0.00313266 0.0214927
74
1
-2.26636 5.5916 -0.924012
-0.0235569 0.00309972 0.0200827
75
1
-2.21954 5.58496 -0.962101
-0.0245608 0.00268523 0.0187091
76
1
-2.17113 5.57884 -0.997479
-0.0253752 0.00279302 0.0169359
77
1
-2.12112 5.57335 -1.03016
-0.0257514 0.00271791 0.0149755
78
1
-2.06996 5.56892 -1.05967
-0.0252921 0.00192688 0.0132709
79
1
-2.01862 5.56551 -1.08602
-0.0246543 0.00151657 0.0119571
80
1
-1.96738 5.56207 -1.10982
-0.0250346 0.00195804 0.0109577
81
1
-1.91563 5.558 -1.1316
-0.0260646 0.0023484 0.0103217
82
1
-1.86301 5.55384 -1.1518
-0.0265992 0.00233929 0.0102061
83
1
-1.80972 5.55038 -1.17067
-0.0266624 0.00256239 0.00958976
84
1
-1.7558 5.54784 -1.18746
-0.0269616 0.00253084 0.00807666
85
1
-1.70138 5.54659 -1.2013
-0.0272105 0.00168637 0.00700904
86
1
-1.64663 5.54696 -1.21137
-0.0270208 0.000630714 0.00572724
87
1
-1.59161 5.54879 -1.21727
-0.0273256 -0.000430443 0.00304224
88
1
-1.53632 5.55156 -1.2189
-0.0278863 -0.00142396 0.000310204
89
1
-1.48099 5.55602 -1.2169
-0.0272404 -0.002462 -0.00132618
90
1
-1.42546 5.56391 -1.21226
-0.027149 -0.00483267 -0.00312256
91
1
-1.36942 5.57655 -1.20462
-0.0281147 -0.00812378 -0.00538324
92
1
-1.31363 5.59444 -1.19315
-0.0271994 -0.0104058 -0.00746343
93
1
-1.25823 5.61739 -1.17703
-0.0266219 -0.0129907 -0.00923809
94
1
-1.20354 5.64486 -1.15576
-0.027088 -0.015527 -0.0116141
95
1
-1.15044 5.6761 -1.12838
-0.0257972 -0.0167901 -0.0145222
96
1
-1.09824 5.71062 -1.09205
-0.0263796 -0.0194825 -0.0196203
97
1
-1.04726 5.74618 -1.04489
-0.026324 -0.0188667 -0.0270289
98
1
-0.99801 5.77931 -0.984559
-0.0245072 -0.0154144 -0.0331849
99
1
-0.952161 5.8075 -0.909053
-0.0208619 -0.0120705 -0.0419416
100
1
-0.913366 5.82864 -0.81835
-0.0169911 -0.00762977 -0.0503828
101
1
-0.882773 5.84279 -0.708952
-0.00946286 -0.00540644 -0.0591878
102
1
-0.859655 5.85357 -0.579582
-0.00704643 -0.00392892 -0.0735013
103
1
-0.843238 5.86489 -0.419229
-0.00506707 0.000723704 -0.0777538
104
1
-0.829947 5.85515 -0.198957
-0.00796933 0.00866079 -0.0770281
105
1
-0.588961 5.78509 -0.0600506
-0.0238161 -0.00596043 0.0202083
106
1
-0.0533431 7.25085 -0.45367
-0.00110953 0.0235515 0.0742694
107
1
0.0533431 7.25085 -0.45367
-0.00110953 -0.0235515 -0.0742694
108
1
0.588961 5.78509 -0.0600506
-0.0238161 0.00596043 -0.0202083
109
1
0.829947 5.85515 -0.198957
-0.00796933 -0.00866079 0.0770281
110
1
0.843238 5.86489 -0.419229
-0.00506707 -0.000723704 0.0777538
111
1
0.859655 5.85357 -0.579582
-0.00704643 0.00392892 0.0735013
112
1
0.882773 5.84279 -0.708952
-0.00946286 0.00540644 0.0591878
113
1
0.913366 5.82864 -0.81835
-0.0169911 0.00762977 0.0503828
114
1
0.952161 5.8075 -0.909053
-0.0208619 0.0120705 0.0419416
115
1
0.99801 5.77931 -0.984559
-0.0245072 0.0154144 0.0331849
116
1
1.04726 5.74618 -1.04489
-0.026324 0.0188667 0.0270289
117
1
1.09824 5.71062 -1.09205
-0.0263796 0.0194825 0.0196203
118
1
1.15044 5.6761 -1.12838
-0.0257972 0.0167901 0.0145222
119
1
1.20354 5.64486 -1.15576
-0.027088 0.015527 0.0116141
120
1
1.25823 5.61739 -1.17703
-0.0266219 0.0129907 0.00923809
121
1
1.31363 5.59444 -1.19315
-0.0271994 0.0104058 0.00746343
122
1
1.36942 5.57655 -1.20462
-0.0281147 0.00812378 0.00538324
123
1
1.42546 5.56391 -1.21226
-0.027149 0.00483267 0.00312256
124
1
1.48099 5.55602 -1.2169
-0.0272404 0.002462 0.00132618
125
1
1.53632 5.55156 -1.2189
-0.0278863 0.00142396 -0.000310204
126
1
1.59161 5.54879 -1.21727
-0.0273256 0.000430443 -0.00304224
127
1
1.64663 5.54696 -1.21137
-0.0270208 -0.000630714 -0.00572724
128
1
1.70138 5.54659 -1.2013
-0.0272105 -0.00168637 -0.00700904
129
1
1.7558 5.54784 -1.18746
-0.0269616 -0.00253084 -0.00807666
130
1
1.80972 5.55038 -1.17067
-0.0266624 -0.00256239 -0.00958976
131
1
1.86301 5.55384 -1.1518
-0.0265992 -0.00233929 -0.0102061
132
1
1.91563 5.558 -1.1316
-0.0260646 -0.0023484 -0.0103217
133
1
1.96738 5.56207 -1.10982
-0.0250346 -0.00195804 -0.0109577
134
1
2.01862 5.56551 -1.08602
-0.0246543 -0.00151657 -0.0119571
135
1
2.06996 5.56892 -1.05967
-0.0252921 -0.00192688 -0.0132709
136
1
2.12112 5.57335 -1.03016
-0.0257514 -0.00271791 -0.0149755
137
1
2.17113 5.57884 -0.997479
-0.0253752 -0.00279302 -0.0169359
138
1
2.21954 5.58496 -0.962101
-0.0245608 -0.00268523 -0.0187091
139
1
2.26636 5.5916 -0.924012
-0.0235569 -0.00309972 -0.0200827
140
1
2.31215 5.5988 -0.883481
-0.022818 -0.00313266 -0.0214927
141
1
2.35712 5.606 -0.839968
-0.0225119 -0.00258745 -0.0233196
142
1
2.40132 5.61287 -0.792701
-0.0222136 -0.00291801 -0.0253042
143
1
2.4443 5.62043 -0.74179
-0.0216862 -0.00409717 -0.0270193
144
1
2.48533 5.6292 -0.687994
-0.0209387 -0.00494193 -0.0284535
145
1
2.52349 5.63877 -0.631651
-0.0193791 -0.00567113 -0.0300099
146
1
2.55804 5.64855 -0.573036
-0.0173032 -0.00590337 -0.0315492
147
1
2.58878 5.65702 -0.512703
-0.0153547 -0.00479004 -0.0321705
148
1
2.6157 5.66331 -0.451066
-0.0135612 -0.00302983 -0.0323505
149
1
2.63901 5.66755 -0.388336
-0.0116374 -0.00176246 -0.0324533
150
1
2.65858 5.67022 -0.324751
-0.00937353 -0.000937609 -0.0326521
151
1
2.67436 5.67167 -0.260532
-0.0070177 0.000102987 -0.0331391
152
1
2.68654 5.67152 -0.195742
-0.00530056 0.00113291 -0.0337113
153
1
2.69541 5.67027 -0.130643
-0.00412369 0.00153817 -0.0337828
154
1
2.70113 5.66873 -0.0653395
-0.00246376 0.00101159 -0.0332886
155
1
2.70301 5.66803 -3.31613e-014
-3.3554e-016 -3.84116e-016 -0.0329406
156
1
2.70113 5.66873 0.0653395
0.00246376 -0.00101159 -0.0332886
157
1
2.69541 5.67027 0.130643
0.00412369 -0.00153817 -0.0337828
158
1
2.68654 5.67152 0.195742
0.00530056 -0.00113291 -0.0337113
159
1
2.67436 5.67167 0.260532
0.0070177 -0.000102987 -0.0331391
160
1
2.65858 5.67022 0.324751
0.00937353 0.000937609 -0.0326521
161
1
2.63901 5.66755 0.388336
0.0116374 0.00176246 -0.0324533
162
1
2.6157 5.66331 0.451066
0.0135612 0.00302983 -0.0323505
163
1
2.58878 5.65702 0.512703
0.0153547 0.00479004 -0.0321705
164
1
2.55804 5.64855 0.573036
0.0173032 0.00590337 -0.0315492
165
1
2.52349 5.63877 0.631651
0.0193791 0.00567113 -0.0300099
166
1
2.48533 5.6292 0.687994
0.0209387 0.00494193 -0.0284535
167
1
2.4443 5.62043 0.74179
0.0216862 0.00409717 -0.0270193
168
1
2.40132 5.61287 0.792701
0.0222136 0.00291801 -0.0253042
169
1
2.35712 5.606 0.839968
0.0225119 0.00258745 -0.0233196
170
1
2.31215 5.5988 0.883481
0.022818 0.00313266 -0.0214927
171
1
2.26636 5.5916 0.924012
0.0235569 0.00309972 -0.0200827
172
1
2.21954 5.58496 0.962101
0.0245608 0.00268523 -0.0187091
173
1
2.17113 5.57884 0.997479
0.0253752 0.00279302 -0.0169359
174
1
2.12112 5.57335 1.03016
0.0257514 0.00271791 -0.0149755
175
1
2.06996 5.56892 1.05967
0.0252921 0.00192688 -0.0132709
176
1
2.01862 5.56551 1.08602
0.0246543 0.00151657 -0.0119571
177
1
1.96738 5.56207 1.10982
0.0250346 0.00195804 -0.0109577
178
1
1.91563 5.558 1.1316
0.0260646 0.0023484 -0.0103217
179
1
1.86301 5.55384 1.1518
0.0265992 0.00233929 -0.0102061
180
1
1.80972 5.55038 1.17067
0.0266624 0.00256239 -0.00958976
181
1
1.7558 5.54784 1.18746
0.0269616 0.00253084 -0.00807666
182
1
1.70138 5.54659 1.2013
0.0272105 0.00168637 -0.00700904
183
1
1.64663 5.54696 1.21137
0.0270208 0.000630714 -0.00572724
184
1
1.59161 5.54879 1.21727
0.0273256 -0.000430443 -0.00304224
185
1
1.53632 5.55156 1.2189
0.0278863 -0.00142396 -0.000310204
186
1
1.48099 5.55602 1.2169
0.0272404 -0.002462 0.00132618
187
1
1.42546 5.56391 1.21226
0.027149 -0.00483267 0.00312256
188
1
1.36942 5.57655 1.20462
0.0281147 -0.00812378 0.00538324
189
1
1.31363 5.59444 1.19315
0.0271994 -0.0104058 0.00746343
190
1
1.25823 5.61739 1.17703
0.0266219 -0.0129907 0.00923809
191
1
1.20354 5.64486 1.15576
0.027088 -0.015527 0.0116141
192
1
1.15044 5.6761 1.12838
0.0257972 -0.0167901 0.0145222
193
1
1.09824 5.71062 1.09205
0.0263796 -0.0194825 0.0196203
