194
0
1
0.76415 11.6713 2.34528
0.00778908 0.0199953 -0.0355065
1
1
0.744801 11.6447 2.4211
0.00949063 0.00645732 -0.0274921
2
1
0.706396 11.6255 2.51784
0.0252853 0.000647962 -0.0666595
3
1
0.649836 11.6055 2.6107
0.0370438 0.0118114 -0.0387114
4
1
0.578734 11.5769 2.68618
0.0439268 0.0194114 -0.0259987
5
1
0.501841 11.5495 2.74142
0.0235451 0.00625447 -0.0123214
6
1
0.378437 11.5117 2.84082
0.0505999 0.0211439 -0.0551808
7
1
0.180688 11.4755 2.98602
0.0691541 0.00228588 -0.0358376
8
1
0.131438 6.60176 0.0599521
-0.0452407 0.0154629 -0.0076059
9
1
1.76386 12.8074 -0.00764441
-0.0580157 0.022782 0.011695
10
1
-1.76502 12.8361 0.152939
-0.0595913 -0.0249247 -0.00277291
11
1
-0.131274 6.6017 0.0589874
-0.0451449 -0.0153505 0.00751192
12
1
-0.180615 11.4755 2.98604
0.0691601 -0.00229788 0.0358253
13
1
-0.378347 11.5117 2.84088
0.0506068 -0.0211549 0.0551709
14
1
-0.501744 11.5496 2.74151
0.0235414 -0.00626123 0.0123149
15
1
-0.578625 11.577 2.68628
0.0439216 -0.0194274 0.0259856
16
1
-0.649714 11.6057 2.61083
0.03704 -0.0118172 0.0386967
17
1
-0.706269 11.6256 2.51801
0.0252851 -0.000645908 0.0666443
18
1
-0.744666 11.6448 2.4213
0.00948647 -0.00645306 0.0274827
19
1
-0.764003 11.6714 2.34551
0.00778215 -0.0199887 0.0354877
20
1
-0.77792 11.712 2.26455
-0.00117246 -0.0315062 0.044648
21
1
-0.791304 11.7562 2.18277
0.00768104 -0.0145622 0.0373071
22
1
-0.80566 11.7985 2.10219
0.0169239 -0.0251893 0.0473042
23
1
-0.810052 11.8394 2.02564
-0.00556021 -0.0182066 0.0348183
24
1
-0.801844 11.8724 1.96053
-0.00829234 -0.00726313 0.0215161
25
1
-0.790809 11.9008 1.90618
-0.00880157 -0.00900257 0.0274875
26
1
-0.777386 11.9318 1.85841
-0.00789043 -0.0141259 0.028855
27
1
-0.762717 11.9666 1.81912
-0.0052161 -0.0159084 0.0180729
28
1
-0.748684 12.0054 1.78886
-0.00781981 -0.019998 0.00861562
29
1
-0.736731 12.0502 1.76459
-0.00875852 -0.0277369 0.0043073
30
1
-0.726594 12.0972 1.74586
-0.00364761 -0.0220342 0.00430097
31
1
-0.722203 12.1444 1.72983
-0.000597749 -0.0201922 0.00573936
32
1
-0.721042 12.1919 1.71397
0.00218042 -0.0253775 0.00805043
33
1
-0.721828 12.2378 1.69843
0.00424662 -0.0228072 0.00933978
34
1
-0.721758 12.2822 1.68452
0.00425121 -0.0213052 0.00621486
35
1
-0.719776 12.3274 1.67181
0.00413491 -0.0252215 0.00287348
36
1
-0.713575 12.3713 1.66038
0.000167711 -0.0222409 0.00405145
37
1
-0.703485 12.4125 1.6487
-0.00725381 -0.0196897 0.00654598
38
1
-0.689081 12.4517 1.63445
-0.0117929 -0.019099 0.00628227
39
1
-0.671608 12.4874 1.6183
-0.00864806 -0.0139505 0.00522657
40
1
-0.652102 12.5185 1.60059
-0.00965319 -0.0111875 0.00607336
41
1
-0.631579 12.5464 1.58083
-0.0137361 -0.0108038 0.00688692
42
1
-0.609944 12.5719 1.55796
-0.0127897 -0.00992687 0.00888548
43
1
-0.586652 12.5963 1.53038
-0.0122758 -0.0107874 0.0137423
44
1
-0.561812 12.6201 1.49622
-0.0140937 -0.0139228 0.0223655
45
1
-0.537913 12.6466 1.45482
-0.00953866 -0.0153739 0.031929
46
1
-0.51365 12.6732 1.40427
-0.00525632 -0.0122796 0.0343265
47
1
-0.486529 12.6967 1.34997
-0.0106958 -0.00586937 0.0306568
48
1
-0.448753 12.718 1.29882
-0.0256179 -0.0048865 0.0286432
49
1
-0.405405 12.746 1.25719
-0.0525901 -0.0299851 0.02129
50
1
-0.368197 12.7888 1.20911
-0.0194153 -0.0505111 0.0378951
51
1
-0.330846 12.8394 1.15923
-0.00780148 -0.00621639 0.0467416
52
1
-0.298756 12.8636 1.10215
-0.0217013 -0.0118383 -0.00218645
53
1
-0.263498 12.9363 1.03675
0.0106895 -0.0444761 0.063083
54
1
-0.266382 12.9727 0.959369
-0.0159268 -0.00362622 0.0387539
55
1
-0.250488 13.0679 0.920386
0.0194815 -0.0135206 -0.0113662
56
1
-0.0677161 13.6602 1.18434
-0.0120121 -0.00242576 0.0303369
57
1
-0.0266151 13.771 0.101763
0.0114311 0.0282004 0.0235958
58
1
-0.0691229 14.6658 0.00294959
0.00398253 0.000829526 0.0776372
59
1
-0.0275242 13.7707 -0.101978
-0.0114071 -0.0283614 0.0236188
60
1
-0.10148 13.6448 -1.22766
-0.0214435 -0.0130369 0.0330475
61
1
-0.228412 13.0809 -0.922563
-0.0209628 0.0129808 -0.00733918
62
1
-0.254888 12.9872 -0.960943
0.0217202 0.00435817 0.0362146
63
1
-0.254054 12.9493 -1.0331
-0.00674091 0.0447896 0.0634059
64
1
-0.292601 12.8765 -1.09875
0.0206811 0.00870298 -0.00200108
65
1
-0.324819 12.8519 -1.15498
0.0064645 0.0103887 0.0489337
66
1
-0.363887 12.7978 -1.20396
0.0221864 0.0517393 0.0354238
67
1
-0.402597 12.7539 -1.25138
0.0540688 0.0289031 0.0222766
68
1
-0.447759 12.7253 -1.29333
0.0255763 0.00552529 0.0293163
69
1
-0.48624 12.7035 -1.34449
0.0110847 0.00648529 0.0303485
70
1
-0.513832 12.6796 -1.3983
0.00590247 0.012213 0.0334122
71
1
-0.538793 12.6529 -1.44851
0.0100505 0.0152499 0.0313061
72
1
-0.563531 12.6262 -1.48981
0.0142776 0.0141421 0.0223702
73
1
-0.588636 12.6019 -1.52396
0.012296 0.01113 0.0139114
74
1
-0.612002 12.577 -1.55161
0.0127121 0.0102925 0.00906166
75
1
-0.633591 12.5509 -1.57457
0.0135599 0.0111529 0.00702607
76
1
-0.653953 12.5225 -1.5945
0.00955553 0.0114815 0.0062072
77
1
-0.673288 12.4909 -1.61251
0.00855875 0.0142188 0.00538358
78
1
-0.690581 12.4546 -1.62908
0.0115594 0.0193262 0.00649414
79
1
-0.704829 12.4149 -1.64385
0.00711298 0.0199183 0.00685318
80
1
-0.714703 12.3732 -1.6561
-0.000175626 0.0225094 0.00442783
81
1
-0.720649 12.3289 -1.66817
-0.0041231 0.0254579 0.00328522
82
1
-0.722393 12.2834 -1.68152
-0.00430798 0.0215047 0.00656315
83
1
-0.722243 12.2387 -1.69603
-0.00434677 0.0229986 0.0096483
84
1
-0.72128 12.1926 -1.71208
-0.00225302 0.0255166 0.00830803
85
1
-0.722315 12.1448 -1.72834
0.000561968 0.0202794 0.0059019
86
1
-0.726655 12.0975 -1.74467
0.00363019 0.0221061 0.00443468
87
1
-0.736783 12.0503 -1.76364
0.00874518 0.027805 0.00443017
88
1
-0.748743 12.0054 -1.78808
0.00781237 0.0200496 0.00867161
89
1
-0.762786 11.9666 -1.8185
0.00522378 0.0159487 0.0180885
90
1
-0.777467 11.9317 -1.8579
0.0079169 0.0141513 0.0288539
91
1
-0.790904 11.9008 -1.90575
0.00883312 0.00901745 0.0274909
92
1
-0.801973 11.8723 -1.96014
0.00831494 0.00727182 0.0215292
93
1
-0.810212 11.8392 -2.02527
0.0055732 0.0182103 0.0348374
94
1
-0.805833 11.7984 -2.10186
-0.0169277 0.025187 0.0473129
95
1
-0.791471 11.7561 -2.18246
-0.00768971 0.0145624 0.0373161
96
1
-0.778077 11.7119 -2.26428
0.00116165 0.0315074 0.0446702
97
1
-0.76415 11.6713 -2.34528
-0.00778908 0.0199953 0.0355065
98
1
-0.744801 11.6447 -2.4211
-0.00949063 0.00645732 0.0274921
99
1
-0.706396 11.6255 -2.51784
-0.0252853 0.000647964 0.0666595
100
1
-0.649836 11.6055 -2.6107
-0.0370438 0.0118114 0.0387114
101
1
-0.578734 11.5769 -2.68618
-0.0439268 0.0194114 0.0259987
102
1
-0.501841 11.5495 -2.74142
-0.0235451 0.00625447 0.0123214
103
1
-0.378437 11.5117 -2.84083
-0.0505998 0.0211439 0.0551808
104
1
-0.180688 11.4755 -2.98602
-0.0691541 0.00228588 0.0358376
105
1
-0.131437 6.60176 -0.0599549
0.0452405 0.0154637 0.00760559
106
1
-1.76385 12.8074 0.00745308
0.0580181 0.0227841 -0.0116766
107
1
1.765 12.8361 -0.153126
0.0595925 -0.024923 0.00275417
108
1
0.131273 6.60169 -0.0589902
0.0451447 -0.0153514 -0.00751163
109
1
0.180615 11.4755 -2.98604
-0.0691601 -0.00229788 -0.0358253
110
1
0.378347 11.5117 -2.84088
-0.0506068 -0.0211549 -0.0551709
111
1
0.501744 11.5496 -2.74151
-0.0235414 -0.00626123 -0.0123149
112
1
0.578625 11.577 -2.68628
-0.0439216 -0.0194274 -0.0259856
113
1
0.649714 11.6056 -2.61083
-0.03704 -0.0118172 -0.0386967
114
1
0.706269 11.6256 -2.51801
-0.0252851 -0.000645911 -0.0666443
115
1
0.744666 11.6448 -2.4213
-0.00948647 -0.00645306 -0.0274827
116
1
0.764003 11.6714 -2.34551
-0.00778215 -0.0199887 -0.0354877
117
1
0.77792 11.712 -2.26455
0.00117247 -0.0315062 -0.044648
118
1
0.791304 11.7562 -2.18277
-0.00768104 -0.0145622 -0.0373071
119
1
0.80566 11.7985 -2.10219
-0.0169238 -0.0251893 -0.0473042
120
1
0.810052 11.8394 -2.02564
0.00556023 -0.0182066 -0.0348183
121
1
0.801844 11.8724 -1.96053
0.00829236 -0.00726313 -0.0215161
122
1
0.790808 11.9008 -1.90618
0.00880159 -0.00900257 -0.0274875
123
1
0.777386 11.9318 -1.85841
0.00789045 -0.0141259 -0.028855
124
1
0.762717 11.9666 -1.81912
0.00521611 -0.0159084 -0.0180729
125
1
0.748684 12.0054 -1.78886
0.00781982 -0.019998 -0.00861563
126
1
0.736731 12.0502 -1.76459
0.00875852 -0.0277369 -0.00430732
127
1
0.726594 12.0972 -1.74586
0.00364762 -0.0220342 -0.004301
128
1
0.722203 12.1444 -1.72983
0.000597755 -0.0201922 -0.00573939
129
1
0.721041 12.1919 -1.71397
-0.0021804 -0.0253775 -0.00805048
130
1
0.721828 12.2378 -1.69843
-0.0042466 -0.0228072 -0.00933984
131
1
0.721758 12.2822 -1.68452
-0.00425118 -0.0213053 -0.00621491
132
1
0.719776 12.3274 -1.67181
-0.00413487 -0.0252215 -0.00287354
133
1
0.713574 12.3713 -1.66037
-0.000167682 -0.0222409 -0.00405151
134
1
0.703484 12.4125 -1.6487
0.00725383 -0.0196897 -0.00654605
135
1
0.689081 12.4517 -1.63445
0.0117929 -0.0190989 -0.00628234
136
1
0.671608 12.4874 -1.6183
0.00864806 -0.0139505 -0.00522662
137
1
0.652102 12.5185 -1.60059
0.00965318 -0.0111875 -0.00607341
138
1
0.631579 12.5464 -1.58083
0.0137361 -0.0108037 -0.00688696
139
1
0.609943 12.5719 -1.55795
0.0127896 -0.00992679 -0.00888552
140
1
0.586652 12.5963 -1.53038
0.0122757 -0.0107873 -0.0137424
141
1
0.561813 12.6201 -1.49622
0.0140935 -0.0139227 -0.0223656
142
1
0.537913 12.6466 -1.45482
0.0095384 -0.0153738 -0.031929
143
1
0.513651 12.6732 -1.40427
0.00525601 -0.0122796 -0.0343266
144
1
0.48653 12.6967 -1.34997
0.0106955 -0.00586938 -0.0306568
145
1
0.448755 12.718 -1.29882
0.0256174 -0.00488659 -0.0286434
146
1
0.405408 12.746 -1.25719
0.0525896 -0.029985 -0.0212904
147
1
0.3682 12.7888 -1.20911
0.0194151 -0.0505114 -0.037895
148
1
0.33085 12.8394 -1.15923
0.00780077 -0.0062168 -0.0467417
149
1
0.298761 12.8636 -1.10214
0.0217006 -0.011838 0.00218657
150
1
0.263503 12.9363 -1.03675
-0.0106897 -0.0444768 -0.0630824
151
1
0.266388 12.9727 -0.959369
0.0159275 -0.00362694 -0.0387536
152
1
0.250492 13.0679 -0.920388
-0.0194818 -0.0135202 0.0113666
153
1
0.0677189 13.6602 -1.18435
0.0120121 -0.00242738 -0.0303368
154
1
0.0266152 13.771 -0.101765
-0.0114311 0.0282005 -0.0235958
155
1
0.0691231 14.6658 -0.00294533
-0.0039826 0.000830329 -0.0776372
156
1
0.0275244 13.7707 0.101977
0.0114071 -0.0283614 -0.0236188
157
1
0.101481 13.6448 1.22765
0.0214447 -0.0130392 -0.0330474
158
1
0.228401 13.0809 0.922563
0.020963 0.0129816 0.00733726
159
1
0.254878 12.9872 0.960946
-0.0217208 0.00435648 -0.0362138
160
1
0.254045 12.9493 1.03311
0.00674008 0.044788 -0.063407
161
1
0.292593 12.8765 1.09875
-0.0206817 0.00870284 0.00200091
162
1
0.324812 12.8519 1.15498
-0.0064654 0.0103884 -0.0489333
163
1
0.363882 12.7978 1.20396
-0.0221874 0.0517387 -0.0354233
164
1
0.402593 12.7539 1.25138
-0.0540696 0.028903 -0.0222761
165
1
0.447755 12.7253 1.29333
-0.0255769 0.00552529 -0.0293161
166
1
0.486237 12.7035 1.34449
-0.0110852 0.00648536 -0.0303484
167
1
0.51383 12.6796 1.3983
-0.00590292 0.012213 -0.033412
168
1
0.538792 12.6529 1.44852
-0.0100509 0.01525 -0.0313059
169
1
0.563531 12.6262 1.48981
-0.0142779 0.0141422 -0.0223701
170
1
0.588636 12.6019 1.52396
-0.0122961 0.0111301 -0.0139114
171
1
0.612002 12.577 1.55161
-0.0127122 0.0102926 -0.00906161
172
1
0.633591 12.5509 1.57457
-0.01356 0.011153 -0.00702602
173
1
0.653953 12.5225 1.5945
-0.00955554 0.0114816 -0.00620716
174
1
0.673288 12.4909 1.61252
-0.00855876 0.0142189 -0.00538353
175
1
0.690582 12.4546 1.62908
-0.0115594 0.0193263 -0.00649407
176
1
0.70483 12.4149 1.64385
-0.00711296 0.0199184 -0.00685312
177
1
0.714704 12.3732 1.6561
0.000175651 0.0225094 -0.00442778
178
1
0.72065 12.3289 1.66817
0.00412313 0.0254579 -0.00328518
179
1
0.722393 12.2834 1.68152
0.00430801 0.0215047 -0.0065631
180
1
0.722243 12.2387 1.69603
0.00434679 0.0229986 -0.00964825
181
1
0.721281 12.1926 1.71208
0.00225303 0.0255166 -0.00830799
182
1
0.722315 12.1448 1.72835
-0.000561964 0.0202794 -0.00590187
183
1
0.726655 12.0975 1.74467
-0.00363019 0.0221061 -0.00443465
184
1
0.736783 12.0503 1.76364
-0.00874518 0.027805 -0.00443014
185
1
0.748743 12.0054 1.78808
-0.00781237 0.0200496 -0.00867159
186
1
0.762786 11.9666 1.8185
-0.00522377 0.0159487 -0.0180884
187
1
0.777467 11.9317 1.8579
-0.00791689 0.0141513 -0.0288539
188
1
0.790905 11.9008 1.90575
-0.0088331 0.00901745 -0.0274909
189
1
0.801973 11.8723 1.96014
-0.00831493 0.00727182 -0.0215292
190
1
0.810212 11.8392 2.02527
-0.00557318 0.0182104 -0.0348374
191
1
0.805833 11.7984 2.10186
0.0169277 0.025187 -0.0473129
192
1
0.791471 11.7561 2.18246
0.00768971 0.0145624 -0.0373161
193
1
0.778077 11.7119 2.26428
-0.00116164 0.0315074 -0.0446702
