194
0
1
0.950212 5.42023 0.961936
0.0305444 -0.0156936 0.0229992
1
1
0.896272 5.45326 0.908895
0.0250968 -0.0179006 0.0293286
2
1
0.851309 5.49153 0.84181
0.0177526 -0.0219223 0.0371155
3
1
0.817527 5.53294 0.760627
0.0113636 -0.0229357 0.0447244
4
1
0.793477 5.57778 0.662642
0.00487323 -0.0247809 0.0531071
5
1
0.778373 5.62508 0.545245
0.00283419 -0.023255 0.0673543
6
1
0.772073 5.67248 0.396693
-0.000429568 -0.0184924 0.0756948
7
1
0.777077 5.70696 0.184989
-0.00202714 -0.00813893 0.0774693
8
1
0.607855 5.91353 0.0624894
0.0147037 -0.00942444 -0.0221558
9
1
0.0566189 6.81396 0.296158
0.00130792 0.0300899 -0.0718661
10
1
-0.0566189 6.81396 0.296158
0.00130792 -0.0300899 0.0718661
11
1
-0.607855 5.91353 0.0624894
0.0147037 0.00942444 0.0221558
12
1
-0.777077 5.70696 0.184989
-0.00202714 0.00813893 -0.0774693
13
1
-0.772073 5.67248 0.396693
-0.000429568 0.0184924 -0.0756948
14
1
-0.778373 5.62508 0.545245
0.00283419 0.023255 -0.0673543
15
1
-0.793477 5.57778 0.662642
0.00487323 0.0247809 -0.0531071
16
1
-0.817527 5.53294 0.760627
0.0113636 0.0229357 -0.0447244
17
1
-0.851309 5.49153 0.84181
0.0177526 0.0219223 -0.0371155
18
1
-0.896272 5.45326 0.908895
0.0250968 0.0179006 -0.0293286
19
1
-0.950212 5.42023 0.961936
0.0305444 0.0156936 -0.0229992
20
1
-1.00975 5.39201 1.00288
0.0328858 0.0130531 -0.015798
21
1
-1.07224 5.36757 1.03363
0.032221 0.0100343 -0.0115208
22
1
-1.13561 5.34607 1.05642
0.0330901 0.00943992 -0.00871578
23
1
-1.19997 5.32645 1.07323
0.031705 0.00865568 -0.00640329
24
1
-1.26398 5.30904 1.08583
0.0315523 0.00780266 -0.00527129
25
1
-1.32727 5.29418 1.0958
0.0318352 0.00724677 -0.00444417
26
1
-1.38967 5.28204 1.10403
0.0300802 0.00544333 -0.00408093
27
1
-1.45072 5.27326 1.11055
0.0296392 0.00407254 -0.00361247
28
1
-1.51065 5.2675 1.11526
0.0300208 0.00312044 -0.00268439
29
1
-1.56979 5.26457 1.11847
0.029126 0.00112035 -0.000878386
30
1
-1.6282 5.2642 1.11995
0.0286319 -0.000940991 0.000655295
31
1
-1.68613 5.26528 1.11913
0.0289075 -0.0022133 0.00119789
32
1
-1.74367 5.26732 1.11549
0.0286078 -0.00297714 0.00226167
33
1
-1.80041 5.27028 1.10812
0.0279238 -0.00313918 0.00452038
34
1
-1.85582 5.27405 1.09666
0.0275215 -0.00293714 0.00628323
35
1
-1.90968 5.27827 1.08141
0.0266344 -0.00278973 0.00762913
36
1
-1.96211 5.28284 1.06328
0.025154 -0.00250792 0.00950263
37
1
-2.01382 5.28782 1.04247
0.0245253 -0.00214006 0.0113813
38
1
-2.06565 5.293 1.01848
0.0252713 -0.002194 0.0129393
39
1
-2.11769 5.29802 0.991149
0.0260472 -0.00260635 0.0144135
40
1
-2.16913 5.30324 0.960875
0.0259404 -0.00273015 0.0160841
41
1
-2.21912 5.30918 0.927835
0.0253748 -0.00289944 0.017538
42
1
-2.26772 5.31609 0.892358
0.0245974 -0.00352881 0.0186004
43
1
-2.31486 5.3237 0.85401
0.0237206 -0.00377406 0.0200407
44
1
-2.36102 5.3316 0.812597
0.0229691 -0.00342947 0.0222808
45
1
-2.40685 5.33959 0.76776
0.0226032 -0.00346227 0.0245529
46
1
-2.45221 5.34696 0.71939
0.0226237 -0.00348053 0.0261536
47
1
-2.49616 5.3534 0.66796
0.0226482 -0.00280521 0.0273376
48
1
-2.5378 5.35912 0.614125
0.0219465 -0.00269367 0.0284002
49
1
-2.57621 5.36423 0.558406
0.020184 -0.00311101 0.0294932
50
1
-2.61032 5.36906 0.501106
0.0173741 -0.00286906 0.0303115
51
1
-2.63977 5.37345 0.442387
0.0141451 -0.00218314 0.0310973
52
1
-2.66424 5.37731 0.381948
0.0113368 -0.00189469 0.0316284
53
1
-2.68356 5.38096 0.320011
0.00881473 -0.0021675 0.0319476
54
1
-2.69781 5.38441 0.257071
0.00602913 -0.00229976 0.0324747
55
1
-2.7076 5.38765 0.193468
0.00344361 -0.00171579 0.0331625
56
1
-2.7139 5.38999 0.129402
0.00168782 -0.000582644 0.0333998
57
1
-2.71732 5.39131 0.0648314
0.000661482 9.25783e-005 0.0330567
58
1
-2.71855 5.39173 1.44594e-014
-1.53363e-016 3.3108e-016 0.0327831
59
1
-2.71732 5.39131 -0.0648314
-0.000661482 -9.25783e-005 0.0330567
60
1
-2.7139 5.38999 -0.129402
-0.00168782 0.000582644 0.0333998
61
1
-2.7076 5.38765 -0.193468
-0.00344361 0.00171579 0.0331625
62
1
-2.69781 5.38441 -0.257071
-0.00602913 0.00229976 0.0324747
63
1
-2.68356 5.38096 -0.320011
-0.00881473 0.0021675 0.0319476
64
1
-2.66424 5.37731 -0.381948
-0.0113368 0.00189469 0.0316284
65
1
-2.63977 5.37345 -0.442387
-0.0141451 0.00218314 0.0310973
66
1
-2.61032 5.36906 -0.501106
-0.0173741 0.00286906 0.0303115
67
1
-2.57621 5.36423 -0.558406
-0.020184 0.00311101 0.0294932
68
1
-2.5378 5.35912 -0.614125
-0.0219465 0.00269367 0.0284002
69
1
-2.49616 5.3534 -0.66796
-0.0226482 0.00280521 0.0273376
70
1
-2.45221 5.34696 -0.71939
-0.0226237 0.00348053 0.0261536
71
1
-2.40685 5.33959 -0.76776
-0.0226032 0.00346227 0.0245529
72
1
-2.36102 5.3316 -0.812597
-0.0229691 0.00342947 0.0222808
73
1
-2.31486 5.3237 -0.85401
-0.0237206 0.00377406 0.0200407
74
1
-2.26772 5.31609 -0.892358
-0.0245974 0.00352881 0.0186004
75
1
-2.21912 5.30918 -0.927835
-0.0253748 0.00289944 0.017538
76
1
-2.16913 5.30324 -0.960875
-0.0259404 0.00273015 0.0160841
77
1
-2.11769 5.29802 -0.991149
-0.0260472 0.00260635 0.0144135
78
1
-2.06565 5.293 -1.01848
-0.0252713 0.002194 0.0129393
79
1
-2.01382 5.28782 -1.04247
-0.0245253 0.00214006 0.0113813
80
1
-1.96211 5.28284 -1.06328
-0.025154 0.00250792 0.00950263
81
1
-1.90968 5.27827 -1.08141
-0.0266344 0.00278973 0.00762913
82
1
-1.85582 5.27405 -1.09666
-0.0275215 0.00293714 0.00628323
83
1
-1.80041 5.27028 -1.10812
-0.0279238 0.00313918 0.00452038
84
1
-1.74367 5.26732 -1.11549
-0.0286078 0.00297714 0.00226167
85
1
-1.68613 5.26528 -1.11913
-0.0289075 0.0022133 0.00119789
86
1
-1.6282 5.2642 -1.11995
-0.0286319 0.000940991 0.000655295
87
1
-1.56979 5.26457 -1.11847
-0.029126 -0.00112035 -0.000878386
88
1
-1.51065 5.2675 -1.11526
-0.0300208 -0.00312044 -0.00268439
89
1
-1.45072 5.27326 -1.11055
-0.0296392 -0.00407254 -0.00361247
90
1
-1.38967 5.28204 -1.10403
-0.0300802 -0.00544333 -0.00408093
91
1
-1.32727 5.29418 -1.0958
-0.0318352 -0.00724677 -0.00444417
92
1
-1.26398 5.30904 -1.08583
-0.0315523 -0.00780266 -0.00527129
93
1
-1.19997 5.32645 -1.07323
-0.031705 -0.00865568 -0.00640329
94
1
-1.13561 5.34607 -1.05642
-0.0330901 -0.00943992 -0.00871578
95
1
-1.07224 5.36757 -1.03363
-0.032221 -0.0100343 -0.0115208
96
1
-1.00975 5.39201 -1.00288
-0.0328858 -0.0130531 -0.015798
97
1
-0.950212 5.42023 -0.961936
-0.0305444 -0.0156936 -0.0229992
98
1
-0.896272 5.45326 -0.908895
-0.0250968 -0.0179006 -0.0293286
99
1
-0.851309 5.49153 -0.84181
-0.0177526 -0.0219223 -0.0371155
100
1
-0.817527 5.53294 -0.760627
-0.0113636 -0.0229357 -0.0447244
101
1
-0.793477 5.57778 -0.662642
-0.00487323 -0.0247809 -0.0531071
102
1
-0.778373 5.62508 -0.545245
-0.00283419 -0.023255 -0.0673543
103
1
-0.772073 5.67248 -0.396693
0.000429568 -0.0184924 -0.0756948
104
1
-0.777077 5.70696 -0.184989
0.00202714 -0.00813893 -0.0774693
105
1
-0.607855 5.91353 -0.0624894
-0.0147037 -0.00942444 0.0221558
106
1
-0.0566189 6.81396 -0.296158
-0.00130792 0.0300899 0.0718661
107
1
0.0566189 6.81396 -0.296158
-0.00130792 -0.0300899 -0.0718661
108
1
0.607855 5.91353 -0.0624894
-0.0147037 0.00942444 -0.0221558
109
1
0.777077 5.70696 -0.184989
0.00202714 0.00813893 0.0774693
110
1
0.772073 5.67248 -0.396693
0.000429568 0.0184924 0.0756948
111
1
0.778373 5.62508 -0.545245
-0.00283419 0.023255 0.0673543
112
1
0.793477 5.57778 -0.662642
-0.00487323 0.0247809 0.0531071
113
1
0.817527 5.53294 -0.760627
-0.0113636 0.0229357 0.0447244
114
1
0.851309 5.49153 -0.84181
-0.0177526 0.0219223 0.0371155
115
1
0.896272 5.45326 -0.908895
-0.0250968 0.0179006 0.0293286
116
1
0.950212 5.42023 -0.961936
-0.0305444 0.0156936 0.0229992
117
1
1.00975 5.39201 -1.00288
-0.0328858 0.0130531 0.015798
118
1
1.07224 5.36757 -1.03363
-0.032221 0.0100343 0.0115208
119
1
1.13561 5.34607 -1.05642
-0.0330901 0.00943992 0.00871578
120
1
1.19997 5.32645 -1.07323
-0.031705 0.00865568 0.00640329
121
1
1.26398 5.30904 -1.08583
-0.0315523 0.00780266 0.00527129
122
1
1.32727 5.29418 -1.0958
-0.0318352 0.00724677 0.00444417
123
1
1.38967 5.28204 -1.10403
-0.0300802 0.00544333 0.00408093
124
1
1.45072 5.27326 -1.11055
-0.0296392 0.00407254 0.00361247
125
1
1.51065 5.2675 -1.11526
-0.0300208 0.00312044 0.00268439
126
1
1.56979 5.26457 -1.11847
-0.029126 0.00112035 0.000878386
127
1
1.6282 5.2642 -1.11995
-0.0286319 -0.000940991 -0.000655295
128
1
1.68613 5.26528 -1.11913
-0.0289075 -0.0022133 -0.00119789
129
1
1.74367 5.26732 -1.11549
-0.0286078 -0.00297714 -0.00226167
130
1
1.80041 5.27028 -1.10812
-0.0279238 -0.00313918 -0.00452038
131
1
1.85582 5.27405 -1.09666
-0.0275215 -0.00293714 -0.00628323
132
1
1.90968 5.27827 -1.08141
-0.0266344 -0.00278973 -0.00762913
133
1
1.96211 5.28284 -1.06328
-0.025154 -0.00250792 -0.00950263
134
1
2.01382 5.28782 -1.04247
-0.0245253 -0.00214006 -0.0113813
135
1
2.06565 5.293 -1.01848
-0.0252713 -0.002194 -0.0129393
136
1
2.11769 5.29802 -0.991149
-0.0260472 -0.00260635 -0.0144135
137
1
2.16913 5.30324 -0.960875
-0.0259404 -0.00273015 -0.0160841
138
1
2.21912 5.30918 -0.927835
-0.0253748 -0.00289944 -0.017538
139
1
2.26772 5.31609 -0.892358
-0.0245974 -0.00352881 -0.0186004
140
1
2.31486 5.3237 -0.85401
-0.0237206 -0.00377406 -0.0200407
141
1
2.36102 5.3316 -0.812597
-0.0229691 -0.00342947 -0.0222808
142
1
2.40685 5.33959 -0.76776
-0.0226032 -0.00346227 -0.0245529
143
1
2.45221 5.34696 -0.71939
-0.0226237 -0.00348053 -0.0261536
144
1
2.49616 5.3534 -0.66796
-0.0226482 -0.00280521 -0.0273376
145
1
2.5378 5.35912 -0.614125
-0.0219465 -0.00269367 -0.0284002
146
1
2.57621 5.36423 -0.558406
-0.020184 -0.00311101 -0.0294932
147
1
2.61032 5.36906 -0.501106
-0.0173741 -0.00286906 -0.0303115
148
1
2.63977 5.37345 -0.442387
-0.0141451 -0.00218314 -0.0310973
149
1
2.66424 5.37731 -0.381948
-0.0113368 -0.00189469 -0.0316284
150
1
2.68356 5.38096 -0.320011
-0.00881473 -0.0021675 -0.0319476
151
1
2.69781 5.38441 -0.257071
-0.00602913 -0.00229976 -0.0324747
152
1
2.7076 5.38765 -0.193468
-0.00344361 -0.00171579 -0.0331625
153
1
2.7139 5.38999 -0.129402
-0.00168782 -0.000582644 -0.0333998
154
1
2.71732 5.39131 -0.0648314
-0.000661482 9.25783e-005 -0.0330567
155
1
2.71855 5.39173 -1.96349e-014
-4.27107e-016 5.31038e-016 -0.0327831
156
1
2.71732 5.39131 0.0648314
0.000661482 -9.25783e-005 -0.0330567
157
1
2.7139 5.38999 0.129402
0.00168782 0.000582644 -0.0333998
158
1
2.7076 5.38765 0.193468
0.00344361 0.00171579 -0.0331625
159
1
2.69781 5.38441 0.257071
0.00602913 0.00229976 -0.0324747
160
1
2.68356 5.38096 0.320011
0.00881473 0.0021675 -0.0319476
161
1
2.66424 5.37731 0.381948
0.0113368 0.00189469 -0.0316284
162
1
2.63977 5.37345 0.442387
0.0141451 0.00218314 -0.0310973
163
1
2.61032 5.36906 0.501106
0.0173741 0.00286906 -0.0303115
164
1
2.57621 5.36423 0.558406
0.020184 0.00311101 -0.0294932
165
1
2.5378 5.35912 0.614125
0.0219465 0.00269367 -0.0284002
166
1
2.49616 5.3534 0.66796
0.0226482 0.00280521 -0.0273376
167
1
2.45221 5.34696 0.71939
0.0226237 0.00348053 -0.0261536
168
1
2.40685 5.33959 0.76776
0.0226032 0.00346227 -0.0245529
169
1
2.36102 5.3316 0.812597
0.0229691 0.00342947 -0.0222808
170
1
2.31486 5.3237 0.85401
0.0237206 0.00377406 -0.0200407
171
1
2.26772 5.31609 0.892358
0.0245974 0.00352881 -0.0186004
172
1
2.21912 5.30918 0.927835
0.0253748 0.00289944 -0.017538
173
1
2.16913 5.30324 0.960875
0.0259404 0.00273015 -0.0160841
174
1
2.11769 5.29802 0.991149
0.0260472 0.00260635 -0.0144135
175
1
2.06565 5.293 1.01848
0.0252713 0.002194 -0.0129393
176
1
2.01382 5.28782 1.04247
0.0245253 0.00214006 -0.0113813
177
1
1.96211 5.28284 1.06328
0.025154 0.00250792 -0.00950263
178
1
1.90968 5.27827 1.08141
0.0266344 0.00278973 -0.00762913
179
1
1.85582 5.27405 1.09666
0.0275215 0.00293714 -0.00628323
180
1
1.80041 5.27028 1.10812
0.0279238 0.00313918 -0.00452038
181
1
1.74367 5.26732 1.11549
0.0286078 0.00297714 -0.00226167
182
1
1.68613 5.26528 1.11913
0.0289075 0.0022133 -0.00119789
183
1
1.6282 5.2642 1.11995
0.0286319 0.000940991 -0.000655295
184
1
1.56979 5.26457 1.11847
0.029126 -0.00112035 0.000878386
185
1
1.51065 5.2675 1.11526
0.0300208 -0.00312044 0.00268439
186
1
1.45072 5.27326 1.11055
0.0296392 -0.00407254 0.00361247
187
1
1.38967 5.28204 1.10403
0.0300802 -0.00544333 0.00408093
188
1
1.32727 5.29418 1.0958
0.0318352 -0.00724677 0.00444417
189
1
1.26398 5.30904 1.08583
0.0315523 -0.00780266 0.00527129
190
1
1.19997 5.32645 1.07323
0.031705 -0.00865568 0.00640329
191
1
1.13561 5.34607 1.05642
0.0330901 -0.00943992 0.00871578
192
1
1.07224 5.36757 1.03363
0.032221 -0.0100343 0.0115208
193
1
1.00975 5.39201 1.00288
0.0328858 -0.0130531 0.015798
