194
0
1
0.440064 10.7486 1.80556
0.0197112 0.0430506 -0.0268365
1
1
0.409797 10.6646 1.85583
0.0155565 0.039125 -0.0178012
2
1
0.386393 10.5758 1.90509
0.00324635 0.0493498 -0.0215253
3
1
0.367895 10.4872 1.96364
0.00827267 0.0440538 -0.0282442
4
1
0.349555 10.4175 2.03641
0.00538926 0.0219093 -0.0466582
5
1
0.328935 10.3633 2.11267
0.00215543 0.0142332 -0.0248173
6
1
0.259015 10.2998 2.21099
0.0559683 0.0358231 -0.0406953
7
1
0.120874 10.2045 2.34402
0.0436892 0.0320025 -0.0525068
8
1
0.798935 6.23362 0.0604526
0.0396611 -0.0299248 -0.00829811
9
1
0.621913 13.7412 0.0841165
0.0367861 -0.0451728 0.00872497
10
1
-0.62282 13.7421 0.0788153
0.0367995 0.0449505 -0.00871631
11
1
-0.80075 6.23296 0.0492743
0.0394058 0.0299449 0.00984836
12
1
-0.120885 10.2045 2.34402
0.0436892 -0.0320024 0.052507
13
1
-0.259027 10.2998 2.21099
0.055968 -0.035823 0.0406958
14
1
-0.328947 10.3633 2.11266
0.00215534 -0.0142332 0.0248174
15
1
-0.349566 10.4175 2.03641
0.00538917 -0.0219094 0.0466582
16
1
-0.367906 10.4872 1.96364
0.00827257 -0.0440538 0.0282443
17
1
-0.386404 10.5758 1.90509
0.00324642 -0.0493497 0.0215254
18
1
-0.409808 10.6646 1.85583
0.0155566 -0.039125 0.0178014
19
1
-0.440075 10.7486 1.80555
0.0197113 -0.0430506 0.0268367
20
1
-0.473128 10.8261 1.74892
0.0186612 -0.0398338 0.032145
21
1
-0.508586 10.897 1.68218
0.0147254 -0.0281315 0.031152
22
1
-0.543062 10.957 1.60735
0.0173767 -0.0279494 0.0457663
23
1
-0.573774 11.0122 1.52818
0.0155498 -0.0282414 0.0435743
24
1
-0.597559 11.0637 1.45545
0.00851122 -0.0194087 0.028179
25
1
-0.614045 11.1105 1.39195
0.00653359 -0.0208796 0.0302641
26
1
-0.624153 11.1537 1.33089
0.00401972 -0.0207674 0.0313546
27
1
-0.630053 11.194 1.27168
0.0027398 -0.017853 0.0274098
28
1
-0.635972 11.2358 1.21546
0.00347997 -0.0192655 0.0235012
29
1
-0.643036 11.2819 1.16148
0.00538276 -0.0259578 0.0260163
30
1
-0.64669 11.3288 1.1109
-0.000353223 -0.0228221 0.0212793
31
1
-0.64419 11.3766 1.06278
-0.00331209 -0.0211653 0.0213608
32
1
-0.637565 11.425 1.01339
-0.00416123 -0.0247 0.0283899
33
1
-0.627135 11.4716 0.964021
-0.00798796 -0.0258118 0.0288662
34
1
-0.613516 11.5177 0.916783
-0.00967576 -0.0249551 0.0244617
35
1
-0.597566 11.5651 0.869855
-0.00838983 -0.0252383 0.0233949
36
1
-0.580733 11.6132 0.824872
-0.00869783 -0.0250901 0.0224202
37
1
-0.563526 11.6608 0.781589
-0.00946006 -0.0254095 0.0216883
38
1
-0.546052 11.708 0.739953
-0.0084897 -0.0231397 0.0197596
39
1
-0.527751 11.7525 0.700921
-0.00794137 -0.0180993 0.0159432
40
1
-0.509077 11.7932 0.666203
-0.00961023 -0.0172857 0.0141478
41
1
-0.490482 11.8326 0.63473
-0.0100277 -0.0184488 0.0133018
42
1
-0.47179 11.8724 0.603515
-0.00879605 -0.0185146 0.0143391
43
1
-0.453459 11.9128 0.57148
-0.0090422 -0.0200418 0.0168382
44
1
-0.43507 11.9547 0.538782
-0.0105106 -0.0237702 0.0182233
45
1
-0.416358 11.9988 0.505137
-0.0098985 -0.0238505 0.0165548
46
1
-0.397503 12.0441 0.471338
-0.00829397 -0.0205888 0.0145685
47
1
-0.381198 12.0886 0.437352
-0.00784062 -0.0216979 0.0161315
48
1
-0.367772 12.1341 0.401462
-0.00615615 -0.0247945 0.0206098
49
1
-0.357178 12.1787 0.364195
-0.00432473 -0.023954 0.0204472
50
1
-0.348812 12.2223 0.327549
-0.00323592 -0.0214998 0.0168504
51
1
-0.341293 12.2654 0.290097
-0.00400267 -0.0224595 0.0173079
52
1
-0.332725 12.3066 0.252236
-0.00544653 -0.0228822 0.0183951
53
1
-0.323652 12.3447 0.214144
-0.0058895 -0.0223162 0.0186777
54
1
-0.315016 12.3774 0.174423
-0.00553193 -0.0203886 0.0203294
55
1
-0.307712 12.4038 0.131993
-0.00569771 -0.0120939 0.0232313
56
1
-0.30229 12.4228 0.0889146
-0.00365036 -0.0078431 0.0235942
57
1
-0.299246 12.4337 0.0441566
-0.00120212 -0.00463556 0.0227705
58
1
-0.298753 12.4373 -6.07018e-006
-4.58522e-007 2.68804e-008 0.0224842
59
1
-0.299244 12.4337 -0.0441687
0.00120122 0.00463562 0.0227705
60
1
-0.302287 12.4228 -0.0889264
0.00364949 0.00784316 0.0235941
61
1
-0.307707 12.4038 -0.132005
0.00569697 0.012094 0.0232312
62
1
-0.31501 12.3774 -0.174435
0.00553145 0.0203888 0.0203296
63
1
-0.323645 12.3447 -0.214156
0.00588915 0.0223164 0.0186778
64
1
-0.332717 12.3066 -0.252248
0.00544625 0.0228825 0.018395
65
1
-0.341285 12.2654 -0.290108
0.00400247 0.0224597 0.0173077
66
1
-0.348802 12.2223 -0.32756
0.00323579 0.0215 0.0168502
67
1
-0.357169 12.1787 -0.364206
0.00432461 0.0239542 0.020447
68
1
-0.367762 12.1341 -0.401472
0.00615607 0.0247947 0.0206095
69
1
-0.381188 12.0886 -0.437362
0.00784059 0.021698 0.0161313
70
1
-0.397493 12.0441 -0.471348
0.00829397 0.0205889 0.0145684
71
1
-0.416347 11.9988 -0.505147
0.00989852 0.0238505 0.0165547
72
1
-0.435059 11.9547 -0.538792
0.0105106 0.0237702 0.0182231
73
1
-0.453448 11.9128 -0.571489
0.00904222 0.0200418 0.0168381
74
1
-0.47178 11.8724 -0.603524
0.00879608 0.0185146 0.0143391
75
1
-0.490472 11.8326 -0.634739
0.0100277 0.0184489 0.0133017
76
1
-0.509066 11.7932 -0.666211
0.00961025 0.0172857 0.0141477
77
1
-0.52774 11.7525 -0.700929
0.00794139 0.0180993 0.0159432
78
1
-0.546042 11.708 -0.739961
0.00848972 0.0231397 0.0197595
79
1
-0.563515 11.6608 -0.781597
0.00946009 0.0254095 0.0216882
80
1
-0.580723 11.6132 -0.82488
0.00869785 0.0250901 0.0224201
81
1
-0.597555 11.5651 -0.869863
0.00838986 0.0252384 0.0233948
82
1
-0.613505 11.5177 -0.916791
0.00967579 0.0249551 0.0244616
83
1
-0.627124 11.4716 -0.964028
0.00798799 0.0258118 0.028866
84
1
-0.637554 11.425 -1.0134
0.00416125 0.0247 0.0283898
85
1
-0.64418 11.3766 -1.06278
0.0033121 0.0211653 0.0213607
86
1
-0.646679 11.3288 -1.11091
0.000353224 0.0228222 0.0212792
87
1
-0.643026 11.2819 -1.16148
-0.00538277 0.0259578 0.0260162
88
1
-0.635962 11.2358 -1.21546
-0.00347997 0.0192655 0.0235011
89
1
-0.630042 11.194 -1.27168
-0.0027398 0.017853 0.0274096
90
1
-0.624142 11.1537 -1.3309
-0.00401974 0.0207674 0.0313545
91
1
-0.614035 11.1105 -1.39196
-0.00653362 0.0208796 0.0302639
92
1
-0.597549 11.0637 -1.45545
-0.00851126 0.0194087 0.0281789
93
1
-0.573763 11.0122 -1.52818
-0.0155499 0.0282413 0.0435741
94
1
-0.543051 10.957 -1.60735
-0.0173767 0.0279494 0.0457661
95
1
-0.508575 10.897 -1.68218
-0.0147254 0.0281316 0.0311518
96
1
-0.473117 10.8261 -1.74892
-0.0186612 0.0398338 0.0321447
97
1
-0.440064 10.7486 -1.80556
-0.0197112 0.0430506 0.0268365
98
1
-0.409797 10.6646 -1.85583
-0.0155565 0.039125 0.0178012
99
1
-0.386393 10.5758 -1.90509
-0.00324635 0.0493498 0.0215253
100
1
-0.367895 10.4872 -1.96364
-0.00827267 0.0440538 0.0282443
101
1
-0.349555 10.4175 -2.03641
-0.00538926 0.0219093 0.0466582
102
1
-0.328935 10.3633 -2.11267
-0.00215543 0.0142332 0.0248173
103
1
-0.259015 10.2998 -2.21099
-0.0559683 0.0358231 0.0406953
104
1
-0.120874 10.2045 -2.34402
-0.0436892 0.0320025 0.0525068
105
1
-0.798928 6.23362 -0.0604875
-0.0396623 -0.0299249 0.00829424
106
1
-0.621912 13.7412 -0.0841224
-0.036786 -0.0451732 -0.00872529
107
1
0.622819 13.7421 -0.0788212
-0.0367995 0.0449509 0.00871664
108
1
0.800744 6.23296 -0.0493093
-0.0394072 0.029945 -0.00984453
109
1
0.120885 10.2045 -2.34402
-0.0436892 -0.0320024 -0.052507
110
1
0.259027 10.2998 -2.21099
-0.055968 -0.035823 -0.0406958
111
1
0.328947 10.3633 -2.11266
-0.00215534 -0.0142332 -0.0248174
112
1
0.349566 10.4175 -2.03641
-0.00538917 -0.0219094 -0.0466582
113
1
0.367906 10.4872 -1.96364
-0.00827258 -0.0440538 -0.0282443
114
1
0.386404 10.5758 -1.90509
-0.00324642 -0.0493497 -0.0215254
115
1
0.409808 10.6646 -1.85583
-0.0155566 -0.039125 -0.0178014
116
1
0.440075 10.7486 -1.80555
-0.0197113 -0.0430506 -0.0268367
117
1
0.473128 10.8261 -1.74892
-0.0186612 -0.0398338 -0.032145
118
1
0.508586 10.897 -1.68218
-0.0147254 -0.0281315 -0.031152
119
1
0.543062 10.957 -1.60735
-0.0173767 -0.0279494 -0.0457663
120
1
0.573774 11.0122 -1.52818
-0.0155498 -0.0282414 -0.0435743
121
1
0.597559 11.0637 -1.45545
-0.00851122 -0.0194087 -0.028179
122
1
0.614045 11.1105 -1.39195
-0.00653359 -0.0208796 -0.0302641
123
1
0.624153 11.1537 -1.33089
-0.00401972 -0.0207674 -0.0313546
124
1
0.630053 11.194 -1.27168
-0.0027398 -0.017853 -0.0274098
125
1
0.635972 11.2358 -1.21546
-0.00347997 -0.0192655 -0.0235012
126
1
0.643036 11.2819 -1.16148
-0.00538276 -0.0259578 -0.0260163
127
1
0.64669 11.3288 -1.1109
0.000353223 -0.0228221 -0.0212793
128
1
0.64419 11.3766 -1.06278
0.00331209 -0.0211653 -0.0213608
129
1
0.637565 11.425 -1.01339
0.00416123 -0.0247 -0.0283899
130
1
0.627135 11.4716 -0.964021
0.00798796 -0.0258118 -0.0288662
131
1
0.613516 11.5177 -0.916783
0.00967576 -0.0249551 -0.0244617
132
1
0.597566 11.5651 -0.869855
0.00838983 -0.0252383 -0.0233949
133
1
0.580733 11.6132 -0.824872
0.00869783 -0.0250901 -0.0224202
134
1
0.563526 11.6608 -0.781589
0.00946006 -0.0254095 -0.0216883
135
1
0.546052 11.708 -0.739953
0.0084897 -0.0231397 -0.0197596
136
1
0.527751 11.7525 -0.700921
0.00794137 -0.0180993 -0.0159432
137
1
0.509077 11.7932 -0.666203
0.00961023 -0.0172857 -0.0141478
138
1
0.490482 11.8326 -0.63473
0.0100277 -0.0184488 -0.0133018
139
1
0.47179 11.8724 -0.603515
0.00879605 -0.0185146 -0.0143391
140
1
0.453459 11.9128 -0.57148
0.0090422 -0.0200418 -0.0168382
141
1
0.43507 11.9547 -0.538782
0.0105106 -0.0237702 -0.0182233
142
1
0.416358 11.9988 -0.505137
0.0098985 -0.0238505 -0.0165548
143
1
0.397503 12.0441 -0.471338
0.00829397 -0.0205888 -0.0145685
144
1
0.381198 12.0886 -0.437352
0.00784062 -0.0216979 -0.0161315
145
1
0.367772 12.1341 -0.401462
0.00615615 -0.0247945 -0.0206098
146
1
0.357178 12.1787 -0.364195
0.00432473 -0.023954 -0.0204472
147
1
0.348812 12.2223 -0.327549
0.00323592 -0.0214998 -0.0168504
148
1
0.341293 12.2654 -0.290097
0.00400267 -0.0224595 -0.0173079
149
1
0.332725 12.3066 -0.252236
0.00544653 -0.0228822 -0.0183951
150
1
0.323652 12.3447 -0.214144
0.0058895 -0.0223162 -0.0186777
151
1
0.315016 12.3774 -0.174423
0.00553193 -0.0203886 -0.0203294
152
1
0.307712 12.4038 -0.131993
0.00569772 -0.0120939 -0.0232313
153
1
0.30229 12.4228 -0.0889147
0.00365036 -0.0078431 -0.0235942
154
1
0.299246 12.4337 -0.0441567
0.00120212 -0.00463557 -0.0227705
155
1
0.298753 12.4373 6.03744e-006
4.60732e-007 2.52431e-008 -0.0224842
156
1
0.299244 12.4337 0.0441686
-0.00120121 0.00463562 -0.0227705
157
1
0.302287 12.4228 0.0889264
-0.00364949 0.00784316 -0.0235941
158
1
0.307707 12.4038 0.132005
-0.00569696 0.012094 -0.0232312
159
1
0.31501 12.3774 0.174435
-0.00553145 0.0203888 -0.0203296
160
1
0.323645 12.3447 0.214156
-0.00588915 0.0223164 -0.0186778
161
1
0.332717 12.3066 0.252248
-0.00544625 0.0228825 -0.018395
162
1
0.341284 12.2654 0.290108
-0.00400247 0.0224597 -0.0173077
163
1
0.348802 12.2223 0.32756
-0.00323579 0.0215 -0.0168502
164
1
0.357169 12.1787 0.364206
-0.00432461 0.0239542 -0.020447
165
1
0.367762 12.1341 0.401472
-0.00615607 0.0247947 -0.0206095
166
1
0.381188 12.0886 0.437362
-0.00784059 0.021698 -0.0161313
167
1
0.397493 12.0441 0.471348
-0.00829397 0.0205889 -0.0145684
168
1
0.416347 11.9988 0.505147
-0.00989852 0.0238505 -0.0165547
169
1
0.435059 11.9547 0.538792
-0.0105106 0.0237702 -0.0182231
170
1
0.453448 11.9128 0.571489
-0.00904223 0.0200418 -0.0168381
171
1
0.47178 11.8724 0.603524
-0.00879608 0.0185146 -0.0143391
172
1
0.490472 11.8326 0.634739
-0.0100277 0.0184489 -0.0133017
173
1
0.509066 11.7932 0.666211
-0.00961026 0.0172857 -0.0141477
174
1
0.52774 11.7525 0.700929
-0.00794139 0.0180993 -0.0159432
175
1
0.546042 11.708 0.739961
-0.00848972 0.0231397 -0.0197595
176
1
0.563515 11.6608 0.781597
-0.00946009 0.0254095 -0.0216882
177
1
0.580723 11.6132 0.82488
-0.00869785 0.0250901 -0.0224201
178
1
0.597555 11.5651 0.869863
-0.00838986 0.0252384 -0.0233948
179
1
0.613505 11.5177 0.916791
-0.00967579 0.0249551 -0.0244616
180
1
0.627124 11.4716 0.964028
-0.00798799 0.0258118 -0.028866
181
1
0.637554 11.425 1.0134
-0.00416125 0.0247 -0.0283898
182
1
0.64418 11.3766 1.06278
-0.0033121 0.0211653 -0.0213607
183
1
0.646679 11.3288 1.11091
-0.000353224 0.0228222 -0.0212792
184
1
0.643026 11.2819 1.16148
0.00538277 0.0259578 -0.0260162
185
1
0.635962 11.2358 1.21546
0.00347997 0.0192655 -0.0235011
186
1
0.630042 11.194 1.27168
0.0027398 0.017853 -0.0274096
187
1
0.624142 11.1537 1.3309
0.00401974 0.0207674 -0.0313545
188
1
0.614035 11.1105 1.39196
0.00653362 0.0208796 -0.0302639
189
1
0.597549 11.0637 1.45545
0.00851126 0.0194087 -0.0281789
190
1
0.573763 11.0122 1.52818
0.0155499 0.0282413 -0.0435741
191
1
0.543051 10.957 1.60735
0.0173767 0.0279494 -0.0457661
192
1
0.508575 10.897 1.68218
0.0147254 0.0281316 -0.0311518
193
1
0.473117 10.8261 1.74892
0.0186612 0.0398338 -0.0321447
