194
0
1
1.04808 9.26432 0.579805
0.0543377 0.00696436 0.00866066
1
1
0.941514 9.24739 0.560426
0.0545209 0.0107394 0.00942466
2
1
0.827259 9.22209 0.539122
0.0597949 0.0139273 0.0108776
3
1
0.708648 9.18992 0.512718
0.0613915 0.0164099 0.0122907
4
1
0.58617 9.14876 0.476466
0.0601745 0.0229077 0.0176438
5
1
0.460946 9.09673 0.424697
0.0602497 0.0277424 0.0299518
6
1
0.328151 9.02299 0.353524
0.0483613 0.0407243 0.0354826
7
1
0.169686 8.8934 0.255405
0.0475391 0.0517105 0.0269422
8
1
0.298927 6.10011 0.0582801
-0.0291692 -0.0383421 -0.00958258
9
1
0.0787218 12.8855 0.0711062
0.0351999 -0.0342757 -0.0104326
10
1
-0.0787218 12.8855 0.0711062
0.0351999 0.0342757 0.0104326
11
1
-0.298921 6.10012 0.0582901
-0.0291709 0.0383396 0.0095769
12
1
-0.169686 8.8934 0.255405
0.0475391 -0.0517105 -0.0269422
13
1
-0.328151 9.02299 0.353524
0.0483613 -0.0407243 -0.0354826
14
1
-0.460946 9.09673 0.424697
0.0602497 -0.0277424 -0.0299518
15
1
-0.58617 9.14876 0.476466
0.0601745 -0.0229077 -0.0176438
16
1
-0.708648 9.18992 0.512718
0.0613915 -0.0164099 -0.0122907
17
1
-0.827259 9.22209 0.539122
0.0597949 -0.0139273 -0.0108776
18
1
-0.941514 9.24739 0.560426
0.0545209 -0.0107394 -0.00942466
19
1
-1.04808 9.26432 0.579805
0.0543377 -0.00696436 -0.00866066
20
1
-1.14462 9.27364 0.598655
0.045279 -0.0016022 -0.00924446
21
1
-1.23215 9.27758 0.617965
0.0403752 0.000309787 -0.00899427
22
1
-1.31082 9.27909 0.639198
0.0381651 0.0014024 -0.012003
23
1
-1.38399 9.28044 0.665061
0.0337282 0.000451508 -0.0143391
24
1
-1.45105 9.28388 0.695428
0.0317612 -0.00197889 -0.0157246
25
1
-1.51209 9.29038 0.727567
0.0296726 -0.00283217 -0.0169934
26
1
-1.56799 9.30056 0.75862
0.0244545 -0.0033593 -0.0154657
27
1
-1.61913 9.31515 0.78629
0.0224018 -0.00603625 -0.0139425
28
1
-1.66809 9.33332 0.809991
0.0236921 -0.00997841 -0.0128984
29
1
-1.71727 9.35471 0.828706
0.0241145 -0.0126746 -0.00945702
30
1
-1.76636 9.37844 0.841358
0.0238208 -0.0136314 -0.00504375
31
1
-1.81491 9.40392 0.847776
0.0235696 -0.0145851 -0.000480151
32
1
-1.86231 9.43087 0.848728
0.0225085 -0.0151938 0.00200599
33
1
-1.908 9.4592 0.844996
0.0219512 -0.0152431 0.00356722
34
1
-1.95248 9.48871 0.836896
0.0229219 -0.0155017 0.00722903
35
1
-1.99597 9.51888 0.824996
0.0221129 -0.0148186 0.00902097
36
1
-2.03799 9.54853 0.810906
0.0198749 -0.0133899 0.00772622
37
1
-2.0786 9.57811 0.794585
0.0201357 -0.0140485 0.00957559
38
1
-2.11812 9.60824 0.775425
0.019536 -0.015558 0.0113501
39
1
-2.15577 9.63933 0.75467
0.0167841 -0.015178 0.0087806
40
1
-2.19012 9.67218 0.733771
0.0175734 -0.0157997 0.00872979
41
1
-2.2215 9.70712 0.713617
0.0178395 -0.0178412 0.0110087
42
1
-2.24993 9.74299 0.693454
0.0130089 -0.0181991 0.0100093
43
1
-2.27479 9.77956 0.672791
0.0101984 -0.0182075 0.00810754
44
1
-2.29611 9.81711 0.650466
0.00974644 -0.0192616 0.00975887
45
1
-2.31459 9.85584 0.62485
0.00766949 -0.0206725 0.0145041
46
1
-2.33144 9.89527 0.595402
0.00597375 -0.0208546 0.0156045
47
1
-2.34733 9.93362 0.560926
0.0065876 -0.0193543 0.0163823
48
1
-2.36254 9.97044 0.520819
0.00782977 -0.0190788 0.0239422
49
1
-2.37708 10.0041 0.476596
0.00811869 -0.0169845 0.0271373
50
1
-2.39072 10.0351 0.429717
0.00649406 -0.0142957 0.0243234
51
1
-2.40404 10.0647 0.379983
0.00611913 -0.0143624 0.0256367
52
1
-2.41713 10.0924 0.328268
0.00872618 -0.015458 0.028813
53
1
-2.42956 10.1181 0.274291
0.00805641 -0.0152829 0.0315313
54
1
-2.43971 10.1408 0.218998
0.00420856 -0.0123019 0.0312601
55
1
-2.44715 10.159 0.163533
0.00258344 -0.0094434 0.0297807
56
1
-2.45226 10.1721 0.108627
0.00262649 -0.00659054 0.0283808
57
1
-2.45522 10.1808 0.0536603
0.00103857 -0.00354484 0.0272629
58
1
-2.4562 10.1841 3.91636e-009
-1.9167e-011 1.84388e-010 0.0268792
59
1
-2.45522 10.1808 -0.0536603
-0.00103857 0.00354484 0.0272629
60
1
-2.45226 10.1721 -0.108627
-0.00262649 0.00659054 0.0283808
61
1
-2.44715 10.159 -0.163533
-0.00258344 0.0094434 0.0297807
62
1
-2.43971 10.1408 -0.218998
-0.00420856 0.0123019 0.0312601
63
1
-2.42956 10.1181 -0.274291
-0.00805641 0.0152829 0.0315313
64
1
-2.41713 10.0924 -0.328268
-0.00872618 0.015458 0.028813
65
1
-2.40404 10.0647 -0.379983
-0.00611913 0.0143624 0.0256367
66
1
-2.39072 10.0351 -0.429717
-0.00649406 0.0142957 0.0243234
67
1
-2.37708 10.0041 -0.476596
-0.00811869 0.0169845 0.0271373
68
1
-2.36254 9.97044 -0.520819
-0.00782977 0.0190788 0.0239422
69
1
-2.34733 9.93362 -0.560926
-0.0065876 0.0193543 0.0163823
70
1
-2.33144 9.89527 -0.595402
-0.00597375 0.0208546 0.0156045
71
1
-2.31459 9.85584 -0.62485
-0.00766949 0.0206725 0.0145041
72
1
-2.29611 9.81711 -0.650466
-0.00974644 0.0192616 0.00975887
73
1
-2.27479 9.77956 -0.672791
-0.0101984 0.0182075 0.00810754
74
1
-2.24993 9.74299 -0.693454
-0.0130089 0.0181991 0.0100093
75
1
-2.2215 9.70712 -0.713617
-0.0178395 0.0178412 0.0110087
76
1
-2.19012 9.67218 -0.733771
-0.0175734 0.0157997 0.00872979
77
1
-2.15577 9.63933 -0.75467
-0.0167841 0.015178 0.0087806
78
1
-2.11812 9.60824 -0.775425
-0.019536 0.015558 0.0113501
79
1
-2.0786 9.57811 -0.794585
-0.0201357 0.0140485 0.00957559
80
1
-2.03799 9.54853 -0.810906
-0.0198749 0.0133899 0.00772622
81
1
-1.99597 9.51888 -0.824996
-0.0221129 0.0148186 0.00902097
82
1
-1.95248 9.48871 -0.836896
-0.0229219 0.0155017 0.00722903
83
1
-1.908 9.4592 -0.844996
-0.0219512 0.0152431 0.00356722
84
1
-1.86231 9.43087 -0.848728
-0.0225085 0.0151938 0.00200599
85
1
-1.81491 9.40392 -0.847776
-0.0235696 0.0145851 -0.000480151
86
1
-1.76636 9.37844 -0.841358
-0.0238208 0.0136314 -0.00504375
87
1
-1.71727 9.35471 -0.828706
-0.0241145 0.0126746 -0.00945702
88
1
-1.66809 9.33332 -0.809991
-0.0236921 0.00997841 -0.0128984
89
1
-1.61913 9.31515 -0.78629
-0.0224018 0.00603625 -0.0139425
90
1
-1.56799 9.30056 -0.75862
-0.0244545 0.0033593 -0.0154657
91
1
-1.51209 9.29038 -0.727567
-0.0296726 0.00283217 -0.0169934
92
1
-1.45105 9.28388 -0.695428
-0.0317612 0.00197889 -0.0157246
93
1
-1.38399 9.28044 -0.665061
-0.0337282 -0.000451508 -0.0143391
94
1
-1.31082 9.27909 -0.639198
-0.0381651 -0.0014024 -0.012003
95
1
-1.23215 9.27758 -0.617965
-0.0403752 -0.000309787 -0.00899427
96
1
-1.14462 9.27364 -0.598655
-0.045279 0.0016022 -0.00924446
97
1
-1.04808 9.26432 -0.579805
-0.0543377 0.00696436 -0.00866066
98
1
-0.941514 9.24739 -0.560426
-0.0545209 0.0107394 -0.00942466
99
1
-0.827259 9.22209 -0.539122
-0.0597949 0.0139273 -0.0108776
100
1
-0.708648 9.18992 -0.512718
-0.0613915 0.0164099 -0.0122907
101
1
-0.58617 9.14876 -0.476466
-0.0601745 0.0229077 -0.0176438
102
1
-0.460946 9.09673 -0.424697
-0.0602497 0.0277424 -0.0299518
103
1
-0.328151 9.02299 -0.353524
-0.0483613 0.0407243 -0.0354826
104
1
-0.169686 8.8934 -0.255405
-0.0475391 0.0517105 -0.0269422
105
1
-0.298927 6.10011 -0.0582778
0.0291692 -0.038342 0.00958276
106
1
-0.0787218 12.8855 -0.0711062
-0.0351999 -0.0342757 0.0104326
107
1
0.0787218 12.8855 -0.0711062
-0.0351999 0.0342757 -0.0104326
108
1
0.298921 6.10012 -0.0582878
0.0291708 0.0383395 -0.00957708
109
1
0.169686 8.8934 -0.255405
-0.0475391 -0.0517105 0.0269422
110
1
0.328151 9.02299 -0.353524
-0.0483613 -0.0407243 0.0354826
111
1
0.460946 9.09673 -0.424697
-0.0602497 -0.0277424 0.0299518
112
1
0.58617 9.14876 -0.476466
-0.0601745 -0.0229077 0.0176438
113
1
0.708648 9.18992 -0.512718
-0.0613915 -0.0164099 0.0122907
114
1
0.827259 9.22209 -0.539122
-0.0597949 -0.0139273 0.0108776
115
1
0.941514 9.24739 -0.560426
-0.0545209 -0.0107394 0.00942466
116
1
1.04808 9.26432 -0.579805
-0.0543377 -0.00696436 0.00866066
117
1
1.14462 9.27364 -0.598655
-0.045279 -0.0016022 0.00924446
118
1
1.23215 9.27758 -0.617965
-0.0403752 0.000309787 0.00899427
119
1
1.31082 9.27909 -0.639198
-0.0381651 0.0014024 0.012003
120
1
1.38399 9.28044 -0.665061
-0.0337282 0.000451507 0.0143391
121
1
1.45105 9.28388 -0.695428
-0.0317612 -0.00197889 0.0157246
122
1
1.51209 9.29038 -0.727567
-0.0296726 -0.00283217 0.0169934
123
1
1.56799 9.30056 -0.75862
-0.0244545 -0.0033593 0.0154657
124
1
1.61913 9.31515 -0.78629
-0.0224018 -0.00603625 0.0139425
125
1
1.66809 9.33332 -0.809991
-0.0236921 -0.00997841 0.0128984
126
1
1.71727 9.35471 -0.828706
-0.0241145 -0.0126746 0.00945702
127
1
1.76636 9.37844 -0.841358
-0.0238208 -0.0136314 0.00504375
128
1
1.81491 9.40392 -0.847776
-0.0235696 -0.0145851 0.000480151
129
1
1.86231 9.43087 -0.848728
-0.0225085 -0.0151938 -0.00200599
130
1
1.908 9.4592 -0.844996
-0.0219512 -0.0152431 -0.00356722
131
1
1.95248 9.48871 -0.836896
-0.0229219 -0.0155017 -0.00722903
132
1
1.99597 9.51888 -0.824996
-0.0221129 -0.0148186 -0.00902097
133
1
2.03799 9.54853 -0.810906
-0.0198749 -0.0133899 -0.00772622
134
1
2.0786 9.57811 -0.794585
-0.0201357 -0.0140485 -0.00957559
135
1
2.11812 9.60824 -0.775425
-0.019536 -0.015558 -0.0113501
136
1
2.15577 9.63933 -0.75467
-0.0167841 -0.015178 -0.0087806
137
1
2.19012 9.67218 -0.733771
-0.0175734 -0.0157997 -0.00872979
138
1
2.2215 9.70712 -0.713617
-0.0178395 -0.0178412 -0.0110087
139
1
2.24993 9.74299 -0.693454
-0.0130089 -0.0181991 -0.0100093
140
1
2.27479 9.77956 -0.672791
-0.0101984 -0.0182075 -0.00810754
141
1
2.29611 9.81711 -0.650466
-0.00974644 -0.0192616 -0.00975887
142
1
2.31459 9.85584 -0.62485
-0.00766949 -0.0206725 -0.0145041
143
1
2.33144 9.89527 -0.595402
-0.00597375 -0.0208546 -0.0156045
144
1
2.34733 9.93362 -0.560926
-0.0065876 -0.0193543 -0.0163823
145
1
2.36254 9.97044 -0.520819
-0.00782977 -0.0190788 -0.0239422
146
1
2.37708 10.0041 -0.476596
-0.00811869 -0.0169845 -0.0271373
147
1
2.39072 10.0351 -0.429717
-0.00649406 -0.0142957 -0.0243234
148
1
2.40404 10.0647 -0.379983
-0.00611913 -0.0143624 -0.0256367
149
1
2.41713 10.0924 -0.328268
-0.00872618 -0.015458 -0.028813
150
1
2.42956 10.1181 -0.274291
-0.00805641 -0.0152829 -0.0315313
151
1
2.43971 10.1408 -0.218998
-0.00420856 -0.0123019 -0.0312601
152
1
2.44715 10.159 -0.163533
-0.00258344 -0.0094434 -0.0297807
153
1
2.45226 10.1721 -0.108627
-0.00262649 -0.00659054 -0.0283808
154
1
2.45522 10.1808 -0.0536603
-0.00103857 -0.00354484 -0.0272629
155
1
2.4562 10.1841 -7.98684e-009
7.0039e-011 1.39626e-010 -0.0268792
156
1
2.45522 10.1808 0.0536603
0.00103857 0.00354484 -0.0272629
157
1
2.45226 10.1721 0.108627
0.00262649 0.00659054 -0.0283808
158
1
2.44715 10.159 0.163533
0.00258344 0.0094434 -0.0297807
159
1
2.43971 10.1408 0.218998
0.00420856 0.0123019 -0.0312601
160
1
2.42956 10.1181 0.274291
0.00805641 0.0152829 -0.0315313
161
1
2.41713 10.0924 0.328268
0.00872618 0.015458 -0.028813
162
1
2.40404 10.0647 0.379983
0.00611913 0.0143624 -0.0256367
163
1
2.39072 10.0351 0.429717
0.00649406 0.0142957 -0.0243234
164
1
2.37708 10.0041 0.476596
0.00811869 0.0169845 -0.0271373
165
1
2.36254 9.97044 0.520819
0.00782977 0.0190788 -0.0239422
166
1
2.34733 9.93362 0.560926
0.0065876 0.0193543 -0.0163823
167
1
2.33144 9.89527 0.595402
0.00597375 0.0208546 -0.0156045
168
1
2.31459 9.85584 0.62485
0.00766949 0.0206725 -0.0145041
169
1
2.29611 9.81711 0.650466
0.00974644 0.0192616 -0.00975887
170
1
2.27479 9.77956 0.672791
0.0101984 0.0182075 -0.00810754
171
1
2.24993 9.74299 0.693454
0.0130089 0.0181991 -0.0100093
172
1
2.2215 9.70712 0.713617
0.0178395 0.0178412 -0.0110087
173
1
2.19012 9.67218 0.733771
0.0175734 0.0157997 -0.00872979
174
1
2.15577 9.63933 0.75467
0.0167841 0.015178 -0.0087806
175
1
2.11812 9.60824 0.775425
0.019536 0.015558 -0.0113501
176
1
2.0786 9.57811 0.794585
0.0201357 0.0140485 -0.00957559
177
1
2.03799 9.54853 0.810906
0.0198749 0.0133899 -0.00772622
178
1
1.99597 9.51888 0.824996
0.0221129 0.0148186 -0.00902097
179
1
1.95248 9.48871 0.836896
0.0229219 0.0155017 -0.00722903
180
1
1.908 9.4592 0.844996
0.0219512 0.0152431 -0.00356722
181
1
1.86231 9.43087 0.848728
0.0225085 0.0151938 -0.00200599
182
1
1.81491 9.40392 0.847776
0.0235696 0.0145851 0.000480151
183
1
1.76636 9.37844 0.841358
0.0238208 0.0136314 0.00504375
184
1
1.71727 9.35471 0.828706
0.0241145 0.0126746 0.00945702
185
1
1.66809 9.33332 0.809991
0.0236921 0.00997841 0.0128984
186
1
1.61913 9.31515 0.78629
0.0224018 0.00603625 0.0139425
187
1
1.56799 9.30056 0.75862
0.0244545 0.0033593 0.0154657
188
1
1.51209 9.29038 0.727567
0.0296726 0.00283217 0.0169934
189
1
1.45105 9.28388 0.695428
0.0317612 0.00197889 0.0157246
190
1
1.38399 9.28044 0.665061
0.0337282 -0.000451508 0.0143391
191
1
1.31082 9.27909 0.639198
0.0381651 -0.0014024 0.012003
192
1
1.23215 9.27758 0.617965
0.0403752 -0.000309787 0.00899427
193
1
1.14462 9.27364 0.598655
0.045279 0.0016022 0.00924446
