194
0
1
1.46287 7.60643 0.720183
0.044984 0.0279463 0.0116899
1
1
1.37331 7.5541 0.691416
0.0444899 0.0291504 0.0141688
2
1
1.27643 7.49911 0.655141
0.0499165 0.0299324 0.0204881
3
1
1.17162 7.44726 0.611431
0.0537341 0.0265615 0.0232025
4
1
1.05684 7.3995 0.556901
0.0594606 0.0211016 0.0277156
5
1
0.933948 7.35149 0.485298
0.0641106 0.0206535 0.0391787
6
1
0.799005 7.30331 0.382142
0.0567298 0.0215578 0.0482514
7
1
0.657114 7.25132 0.203309
0.0332676 0.0121008 0.0691347
8
1
0.231963 5.97991 0.0727361
-0.0356082 -0.0249247 -0.0116776
9
1
0.0478794 10.0764 0.761776
0.000780617 -0.00902266 -0.077394
10
1
-0.0478794 10.0764 0.761776
0.000780617 0.00902266 0.077394
11
1
-0.231963 5.97991 0.0727358
-0.0356082 0.0249247 0.0116778
12
1
-0.657114 7.25132 0.203309
0.0332676 -0.0121008 -0.0691346
13
1
-0.799005 7.30331 0.382142
0.0567298 -0.0215578 -0.0482514
14
1
-0.933948 7.35149 0.485298
0.0641106 -0.0206535 -0.0391786
15
1
-1.05684 7.3995 0.556901
0.0594606 -0.0211016 -0.0277156
16
1
-1.17162 7.44726 0.611431
0.0537341 -0.0265615 -0.0232025
17
1
-1.27643 7.49911 0.655141
0.0499165 -0.0299324 -0.0204881
18
1
-1.37331 7.5541 0.691416
0.0444899 -0.0291504 -0.0141688
19
1
-1.46287 7.60643 0.720183
0.044984 -0.0279463 -0.0116899
20
1
-1.54615 7.6526 0.743954
0.0390893 -0.0223729 -0.0118367
21
1
-1.62431 7.69259 0.765029
0.0371509 -0.0180956 -0.00985894
22
1
-1.69757 7.72678 0.783505
0.0370082 -0.0158307 -0.00827608
23
1
-1.76877 7.75685 0.801184
0.0342236 -0.0130039 -0.00799462
24
1
-1.83782 7.78238 0.817981
0.0337001 -0.0111647 -0.00783862
25
1
-1.90453 7.80301 0.832787
0.0333945 -0.00982624 -0.00674451
26
1
-1.96935 7.819 0.844893
0.030409 -0.00688563 -0.00530978
27
1
-2.03175 7.83038 0.854005
0.0294577 -0.00430569 -0.00410787
28
1
-2.09258 7.8378 0.860375
0.0304935 -0.0029701 -0.00293242
29
1
-2.1528 7.84188 0.863698
0.0301422 -0.00176457 -0.00110079
30
1
-2.21188 7.84276 0.863556
0.0293733 3.43857e-005 0.000662526
31
1
-2.26991 7.84059 0.860308
0.0291278 0.001617 0.00220806
32
1
-2.32679 7.83583 0.854019
0.0284177 0.00285945 0.00366631
33
1
-2.38174 7.82879 0.844702
0.0278882 0.00413684 0.00470477
34
1
-2.4346 7.81954 0.832732
0.0269906 0.00516229 0.00571293
35
1
-2.48516 7.80824 0.818434
0.0243593 0.006075 0.00739998
36
1
-2.53287 7.7952 0.801589
0.0223878 0.0071707 0.00904125
37
1
-2.57837 7.77981 0.781722
0.0222404 0.00807067 0.0105024
38
1
-2.62221 7.76217 0.758526
0.0214096 0.00915055 0.0123887
39
1
-2.66415 7.74292 0.731965
0.0194938 0.0104758 0.0143735
40
1
-2.70369 7.72197 0.702685
0.0188221 0.0114117 0.0160603
41
1
-2.74081 7.69915 0.671383
0.0182908 0.0119257 0.0171413
42
1
-2.77594 7.67498 0.638616
0.016547 0.0128829 0.0174442
43
1
-2.80913 7.64919 0.604523
0.0156637 0.0142266 0.017924
44
1
-2.84082 7.6217 0.568573
0.0156953 0.0148534 0.0189219
45
1
-2.87127 7.5926 0.53029
0.0150846 0.0153797 0.0197326
46
1
-2.90066 7.56162 0.490409
0.0150544 0.0170269 0.020258
47
1
-2.92857 7.52928 0.449263
0.0154789 0.0178231 0.0213706
48
1
-2.95382 7.49685 0.407127
0.0142234 0.0174641 0.0225698
49
1
-2.97432 7.46461 0.365007
0.0108803 0.0177564 0.0225956
50
1
-2.98942 7.43294 0.323568
0.00637012 0.0172823 0.0210822
51
1
-2.99954 7.4024 0.283088
0.00302494 0.0160498 0.0198031
52
1
-3.00572 7.37373 0.243005
0.00125448 0.0152731 0.0195736
53
1
-3.0091 7.34783 0.20283
-0.000377364 0.0143609 0.0196422
54
1
-3.01038 7.32554 0.162577
-0.00208432 0.0123674 0.0197103
55
1
-3.01027 7.3082 0.122138
-0.00286332 0.00904892 0.0199544
56
1
-3.00963 7.29639 0.0816197
-0.00236958 0.00542157 0.0202999
57
1
-3.00864 7.28993 0.0408716
-0.00138196 0.0022345 0.0204315
58
1
-3.00838 7.28793 7.3309e-010
3.65013e-012 -3.97339e-012 0.0204191
59
1
-3.00864 7.28993 -0.0408716
0.00138196 -0.0022345 0.0204315
60
1
-3.00963 7.29639 -0.0816197
0.00236958 -0.00542157 0.0202999
61
1
-3.01027 7.3082 -0.122138
0.00286332 -0.00904892 0.0199544
62
1
-3.01038 7.32554 -0.162577
0.00208432 -0.0123674 0.0197103
63
1
-3.0091 7.34783 -0.20283
0.000377364 -0.0143609 0.0196422
64
1
-3.00572 7.37373 -0.243005
-0.00125448 -0.0152731 0.0195736
65
1
-2.99954 7.4024 -0.283088
-0.00302494 -0.0160498 0.0198031
66
1
-2.98942 7.43294 -0.323568
-0.00637012 -0.0172823 0.0210822
67
1
-2.97432 7.46461 -0.365007
-0.0108803 -0.0177564 0.0225956
68
1
-2.95382 7.49685 -0.407127
-0.0142234 -0.0174641 0.0225698
69
1
-2.92857 7.52928 -0.449263
-0.0154789 -0.0178231 0.0213706
70
1
-2.90066 7.56162 -0.490409
-0.0150544 -0.0170269 0.020258
71
1
-2.87127 7.5926 -0.53029
-0.0150846 -0.0153797 0.0197326
72
1
-2.84082 7.6217 -0.568573
-0.0156953 -0.0148534 0.0189219
73
1
-2.80913 7.64919 -0.604523
-0.0156637 -0.0142266 0.017924
74
1
-2.77594 7.67498 -0.638616
-0.016547 -0.0128829 0.0174442
75
1
-2.74081 7.69915 -0.671383
-0.0182908 -0.0119257 0.0171413
76
1
-2.70369 7.72197 -0.702685
-0.0188221 -0.0114117 0.0160603
77
1
-2.66415 7.74292 -0.731965
-0.0194938 -0.0104758 0.0143735
78
1
-2.62221 7.76217 -0.758526
-0.0214096 -0.00915055 0.0123887
79
1
-2.57837 7.77981 -0.781722
-0.0222404 -0.00807067 0.0105024
80
1
-2.53287 7.7952 -0.801589
-0.0223878 -0.0071707 0.00904125
81
1
-2.48516 7.80824 -0.818434
-0.0243593 -0.006075 0.00739998
82
1
-2.4346 7.81954 -0.832732
-0.0269906 -0.00516229 0.00571293
83
1
-2.38174 7.82879 -0.844702
-0.0278882 -0.00413684 0.00470477
84
1
-2.32679 7.83583 -0.854019
-0.0284177 -0.00285945 0.00366631
85
1
-2.26991 7.84059 -0.860308
-0.0291278 -0.001617 0.00220806
86
1
-2.21188 7.84276 -0.863556
-0.0293733 -3.43858e-005 0.000662526
87
1
-2.1528 7.84188 -0.863698
-0.0301422 0.00176457 -0.00110079
88
1
-2.09258 7.8378 -0.860375
-0.0304935 0.0029701 -0.00293242
89
1
-2.03175 7.83038 -0.854005
-0.0294577 0.00430569 -0.00410787
90
1
-1.96935 7.819 -0.844893
-0.030409 0.00688563 -0.00530978
91
1
-1.90453 7.80301 -0.832787
-0.0333945 0.00982624 -0.00674451
92
1
-1.83782 7.78238 -0.817981
-0.0337001 0.0111647 -0.00783862
93
1
-1.76877 7.75685 -0.801184
-0.0342236 0.0130039 -0.00799462
94
1
-1.69757 7.72678 -0.783505
-0.0370082 0.0158307 -0.00827608
95
1
-1.62431 7.69259 -0.765029
-0.0371509 0.0180956 -0.00985894
96
1
-1.54615 7.6526 -0.743954
-0.0390893 0.0223729 -0.0118367
97
1
-1.46287 7.60643 -0.720183
-0.044984 0.0279463 -0.0116899
98
1
-1.37331 7.5541 -0.691416
-0.0444899 0.0291504 -0.0141688
99
1
-1.27643 7.49911 -0.655141
-0.0499165 0.0299324 -0.0204881
100
1
-1.17162 7.44726 -0.611431
-0.0537341 0.0265615 -0.0232025
101
1
-1.05684 7.3995 -0.556901
-0.0594606 0.0211016 -0.0277156
102
1
-0.933948 7.35149 -0.485298
-0.0641106 0.0206535 -0.0391787
103
1
-0.799005 7.30331 -0.382142
-0.0567298 0.0215578 -0.0482514
104
1
-0.657114 7.25132 -0.203309
-0.0332676 0.0121008 -0.0691347
105
1
-0.231963 5.97991 -0.072736
0.0356082 -0.0249247 0.0116776
106
1
-0.0478794 10.0764 -0.761776
-0.000780617 -0.00902266 0.077394
107
1
0.0478794 10.0764 -0.761776
-0.000780617 0.00902266 -0.077394
108
1
0.231963 5.97991 -0.0727358
0.0356082 0.0249247 -0.0116778
109
1
0.657114 7.25132 -0.203309
-0.0332676 -0.0121008 0.0691346
110
1
0.799005 7.30331 -0.382142
-0.0567298 -0.0215578 0.0482514
111
1
0.933948 7.35149 -0.485298
-0.0641106 -0.0206535 0.0391786
112
1
1.05684 7.3995 -0.556901
-0.0594606 -0.0211016 0.0277156
113
1
1.17162 7.44726 -0.611431
-0.0537341 -0.0265615 0.0232025
114
1
1.27643 7.49911 -0.655141
-0.0499165 -0.0299324 0.0204881
115
1
1.37331 7.5541 -0.691416
-0.0444899 -0.0291504 0.0141688
116
1
1.46287 7.60643 -0.720183
-0.044984 -0.0279463 0.0116899
117
1
1.54615 7.6526 -0.743954
-0.0390893 -0.0223729 0.0118367
118
1
1.62431 7.69259 -0.765029
-0.0371509 -0.0180956 0.00985894
119
1
1.69757 7.72678 -0.783505
-0.0370082 -0.0158307 0.00827608
120
1
1.76877 7.75685 -0.801184
-0.0342236 -0.0130039 0.00799462
121
1
1.83782 7.78238 -0.817981
-0.0337001 -0.0111647 0.00783862
122
1
1.90453 7.80301 -0.832787
-0.0333945 -0.00982624 0.00674451
123
1
1.96935 7.819 -0.844893
-0.030409 -0.00688563 0.00530978
124
1
2.03175 7.83038 -0.854005
-0.0294577 -0.00430569 0.00410787
125
1
2.09258 7.8378 -0.860375
-0.0304935 -0.0029701 0.00293242
126
1
2.1528 7.84188 -0.863698
-0.0301422 -0.00176457 0.00110079
127
1
2.21188 7.84276 -0.863556
-0.0293733 3.43857e-005 -0.000662526
128
1
2.26991 7.84059 -0.860308
-0.0291278 0.001617 -0.00220806
129
1
2.32679 7.83583 -0.854019
-0.0284177 0.00285945 -0.00366631
130
1
2.38174 7.82879 -0.844702
-0.0278882 0.00413684 -0.00470477
131
1
2.4346 7.81954 -0.832732
-0.0269906 0.00516229 -0.00571293
132
1
2.48516 7.80824 -0.818434
-0.0243593 0.006075 -0.00739998
133
1
2.53287 7.7952 -0.801589
-0.0223878 0.0071707 -0.00904125
134
1
2.57837 7.77981 -0.781722
-0.0222404 0.00807067 -0.0105024
135
1
2.62221 7.76217 -0.758526
-0.0214096 0.00915055 -0.0123887
136
1
2.66415 7.74292 -0.731965
-0.0194938 0.0104758 -0.0143735
137
1
2.70369 7.72197 -0.702685
-0.0188221 0.0114117 -0.0160603
138
1
2.74081 7.69915 -0.671383
-0.0182908 0.0119257 -0.0171413
139
1
2.77594 7.67498 -0.638616
-0.016547 0.0128829 -0.0174442
140
1
2.80913 7.64919 -0.604523
-0.0156637 0.0142266 -0.017924
141
1
2.84082 7.6217 -0.568573
-0.0156953 0.0148534 -0.0189219
142
1
2.87127 7.5926 -0.53029
-0.0150846 0.0153797 -0.0197326
143
1
2.90066 7.56162 -0.490409
-0.0150544 0.0170269 -0.020258
144
1
2.92857 7.52928 -0.449263
-0.0154789 0.0178231 -0.0213706
145
1
2.95382 7.49685 -0.407127
-0.0142234 0.0174641 -0.0225698
146
1
2.97432 7.46461 -0.365007
-0.0108803 0.0177564 -0.0225956
147
1
2.98942 7.43294 -0.323568
-0.00637012 0.0172823 -0.0210822
148
1
2.99954 7.4024 -0.283088
-0.00302494 0.0160498 -0.0198031
149
1
3.00572 7.37373 -0.243005
-0.00125448 0.0152731 -0.0195736
150
1
3.0091 7.34783 -0.20283
0.000377364 0.0143609 -0.0196422
151
1
3.01038 7.32554 -0.162577
0.00208432 0.0123674 -0.0197103
152
1
3.01027 7.3082 -0.122138
0.00286332 0.00904892 -0.0199544
153
1
3.00963 7.29639 -0.0816197
0.00236958 0.00542157 -0.0202999
154
1
3.00864 7.28993 -0.0408716
0.00138196 0.0022345 -0.0204315
155
1
3.00838 7.28793 -8.32212e-010
-3.70751e-012 -6.02322e-012 -0.0204191
156
1
3.00864 7.28993 0.0408716
-0.00138196 -0.0022345 -0.0204315
157
1
3.00963 7.29639 0.0816197
-0.00236958 -0.00542157 -0.0202999
158
1
3.01027 7.3082 0.122138
-0.00286332 -0.00904892 -0.0199544
159
1
3.01038 7.32554 0.162577
-0.00208432 -0.0123674 -0.0197103
160
1
3.0091 7.34783 0.20283
-0.000377364 -0.0143609 -0.0196422
161
1
3.00572 7.37373 0.243005
0.00125448 -0.0152731 -0.0195736
162
1
2.99954 7.4024 0.283088
0.00302494 -0.0160498 -0.0198031
163
1
2.98942 7.43294 0.323568
0.00637012 -0.0172823 -0.0210822
164
1
2.97432 7.46461 0.365007
0.0108803 -0.0177564 -0.0225956
165
1
2.95382 7.49685 0.407127
0.0142234 -0.0174641 -0.0225698
166
1
2.92857 7.52928 0.449263
0.0154789 -0.0178231 -0.0213706
167
1
2.90066 7.56162 0.490409
0.0150544 -0.0170269 -0.020258
168
1
2.87127 7.5926 0.53029
0.0150846 -0.0153797 -0.0197326
169
1
2.84082 7.6217 0.568573
0.0156953 -0.0148534 -0.0189219
170
1
2.80913 7.64919 0.604523
0.0156637 -0.0142266 -0.017924
171
1
2.77594 7.67498 0.638616
0.016547 -0.0128829 -0.0174442
172
1
2.74081 7.69915 0.671383
0.0182908 -0.0119257 -0.0171413
173
1
2.70369 7.72197 0.702685
0.0188221 -0.0114117 -0.0160603
174
1
2.66415 7.74292 0.731965
0.0194938 -0.0104758 -0.0143735
175
1
2.62221 7.76217 0.758526
0.0214096 -0.00915055 -0.0123887
176
1
2.57837 7.77981 0.781722
0.0222404 -0.00807067 -0.0105024
177
1
2.53287 7.7952 0.801589
0.0223878 -0.0071707 -0.00904125
178
1
2.48516 7.80824 0.818434
0.0243593 -0.006075 -0.00739998
179
1
2.4346 7.81954 0.832732
0.0269906 -0.00516229 -0.00571293
180
1
2.38174 7.82879 0.844702
0.0278882 -0.00413684 -0.00470477
181
1
2.32679 7.83583 0.854019
0.0284177 -0.00285945 -0.00366631
182
1
2.26991 7.84059 0.860308
0.0291278 -0.001617 -0.00220806
183
1
2.21188 7.84276 0.863556
0.0293733 -3.43858e-005 -0.000662526
184
1
2.1528 7.84188 0.863698
0.0301422 0.00176457 0.00110079
185
1
2.09258 7.8378 0.860375
0.0304935 0.0029701 0.00293242
186
1
2.03175 7.83038 0.854005
0.0294577 0.00430569 0.00410787
187
1
1.96935 7.819 0.844893
0.030409 0.00688563 0.00530978
188
1
1.90453 7.80301 0.832787
0.0333945 0.00982624 0.00674451
189
1
1.83782 7.78238 0.817981
0.0337001 0.0111647 0.00783862
190
1
1.76877 7.75685 0.801184
0.0342236 0.0130039 0.00799462
191
1
1.69757 7.72678 0.783505
0.0370082 0.0158307 0.00827608
192
1
1.62431 7.69259 0.765029
0.0371509 0.0180956 0.00985894
193
1
1.54615 7.6526 0.743954
0.0390893 0.0223729 0.0118367
