194
0
1
0.534654 10.4383 1.56396
0.024983 0.0363847 -0.0344979
1
1
0.482725 10.3685 1.62352
0.029608 0.0298843 -0.0267669
2
1
0.420802 10.2959 1.67538
0.0328595 0.0378839 -0.023005
3
1
0.35425 10.2101 1.71983
0.038742 0.0478622 -0.0210826
4
1
0.301661 10.119 1.74917
0.0164266 0.0446646 -0.0041081
5
1
0.267586 10.0252 1.76583
0.00995878 0.0331196 -0.00228928
6
1
0.241676 9.91492 1.80586
-0.00124489 0.0616352 -0.0314818
7
1
0.139809 9.79171 1.86244
0.0676517 0.0212763 -0.0109048
8
1
0.390536 6.08394 0.0550849
-0.0143557 -0.047268 -0.00949287
9
1
0.325008 13.1318 0.0790304
0.0526608 0.000569632 0.00842761
10
1
-0.325063 13.132 0.0786229
0.0526239 -0.000613075 -0.0083445
11
1
-0.391261 6.08443 0.0553411
-0.0144473 0.0470273 0.00879544
12
1
-0.13981 9.79171 1.86244
0.0676516 -0.0212761 0.0109049
13
1
-0.241677 9.91492 1.80586
-0.00124484 -0.0616353 0.0314817
14
1
-0.267588 10.0252 1.76583
0.00995881 -0.0331197 0.00228928
15
1
-0.301662 10.119 1.74917
0.0164267 -0.0446646 0.00410814
16
1
-0.354251 10.2101 1.71983
0.0387421 -0.0478622 0.0210827
17
1
-0.420803 10.2959 1.67538
0.0328594 -0.0378839 0.0230051
18
1
-0.482727 10.3685 1.62352
0.029608 -0.0298843 0.026767
19
1
-0.534656 10.4383 1.56396
0.0249829 -0.0363847 0.034498
20
1
-0.575791 10.5073 1.50129
0.0211828 -0.0353902 0.0353272
21
1
-0.607962 10.5777 1.43541
0.0119461 -0.0311518 0.0279341
22
1
-0.624717 10.6479 1.36863
0.00313414 -0.0416849 0.0350571
23
1
-0.631456 10.7159 1.30006
0.00149596 -0.0363278 0.0360064
24
1
-0.634814 10.775 1.23538
0.00058857 -0.0210884 0.025538
25
1
-0.637584 10.8273 1.17881
0.000273152 -0.0234075 0.0271906
26
1
-0.637476 10.8775 1.12558
-0.00148589 -0.0259477 0.0268928
27
1
-0.633873 10.9253 1.07401
-0.00330333 -0.021957 0.0240496
28
1
-0.628796 10.9713 1.02272
-0.00281987 -0.0185629 0.0236585
29
1
-0.625409 11.016 0.969796
-0.00065721 -0.0202593 0.0292117
30
1
-0.623532 11.0591 0.919047
-0.00120954 -0.019562 0.0221246
31
1
-0.620784 11.1039 0.87284
-0.00135454 -0.0212907 0.0188724
32
1
-0.617939 11.1533 0.830175
-0.00150496 -0.0269172 0.0226534
33
1
-0.615295 11.2045 0.79118
-0.00269572 -0.0299381 0.0210448
34
1
-0.611958 11.2562 0.755417
-0.00213618 -0.0291824 0.0173601
35
1
-0.608376 11.3098 0.721413
-0.00154645 -0.0276672 0.0174951
36
1
-0.603462 11.3626 0.689544
-0.0033154 -0.0262059 0.0161837
37
1
-0.59828 11.4142 0.661114
-0.00433334 -0.0263055 0.0141423
38
1
-0.593528 11.4649 0.636105
-0.00307188 -0.0240183 0.0116152
39
1
-0.59046 11.5129 0.614242
-0.0017711 -0.0192416 0.00815744
40
1
-0.589464 11.5571 0.59596
-0.000941093 -0.0191395 0.00600241
41
1
-0.590727 11.5995 0.580321
0.000995129 -0.0210417 0.00503068
42
1
-0.594712 11.642 0.564913
0.00205746 -0.020257 0.00597737
43
1
-0.601645 11.6841 0.549208
0.00228628 -0.0203866 0.00753124
44
1
-0.611289 11.7265 0.532865
0.00490244 -0.0235666 0.00837889
45
1
-0.624456 11.7701 0.515689
0.00924037 -0.0237994 0.00823855
46
1
-0.640693 11.8133 0.49643
0.00991142 -0.0201976 0.00744391
47
1
-0.658978 11.8544 0.475404
0.0102121 -0.0204667 0.00818764
48
1
-0.679127 11.8931 0.450217
0.0121423 -0.0217495 0.0128502
49
1
-0.700827 11.9274 0.421102
0.0118704 -0.0187936 0.0155688
50
1
-0.72266 11.9564 0.388126
0.0109245 -0.0147757 0.0155497
51
1
-0.745222 11.9808 0.350628
0.011613 -0.0119603 0.0200568
52
1
-0.768468 12 0.308476
0.0123691 -0.00764758 0.0255826
53
1
-0.790977 12.0139 0.261879
0.013544 -0.00393339 0.0282233
54
1
-0.811431 12.0234 0.211872
0.0128287 -0.00275372 0.028947
55
1
-0.828126 12.0298 0.159408
0.00736985 -0.000449648 0.0291765
56
1
-0.839702 12.0336 0.106599
0.00524045 0.000135044 0.0284059
57
1
-0.846634 12.0358 0.0526954
0.00343185 -1.17597e-005 0.0269848
58
1
-0.848711 12.0364 4.024e-008
3.45293e-008 4.64074e-008 0.0263534
59
1
-0.846634 12.0358 -0.0526953
-0.00343178 1.18579e-005 0.0269848
60
1
-0.839702 12.0336 -0.106599
-0.00524038 -0.000134945 0.0284059
61
1
-0.828126 12.0298 -0.159408
-0.00736978 0.000449746 0.0291765
62
1
-0.811431 12.0234 -0.211872
-0.0128287 0.00275384 0.028947
63
1
-0.790978 12.0139 -0.261879
-0.0135439 0.0039335 0.0282234
64
1
-0.768469 12 -0.308476
-0.0123691 0.00764767 0.0255826
65
1
-0.745222 11.9808 -0.350628
-0.011613 0.0119604 0.0200568
66
1
-0.72266 11.9564 -0.388126
-0.0109245 0.0147758 0.0155498
67
1
-0.700827 11.9274 -0.421102
-0.0118704 0.0187937 0.0155689
68
1
-0.679127 11.8931 -0.450217
-0.0121423 0.0217495 0.0128502
69
1
-0.658978 11.8544 -0.475405
-0.0102121 0.0204667 0.00818764
70
1
-0.640693 11.8133 -0.49643
-0.00991147 0.0201976 0.00744391
71
1
-0.624456 11.7701 -0.51569
-0.00924041 0.0237994 0.00823855
72
1
-0.611289 11.7265 -0.532865
-0.00490247 0.0235666 0.00837888
73
1
-0.601644 11.6841 -0.549208
-0.00228631 0.0203866 0.00753123
74
1
-0.594712 11.642 -0.564913
-0.00205748 0.020257 0.00597737
75
1
-0.590726 11.5995 -0.580321
-0.000995148 0.0210416 0.00503068
76
1
-0.589464 11.5571 -0.59596
0.000941078 0.0191395 0.00600241
77
1
-0.59046 11.5129 -0.614242
0.00177109 0.0192416 0.00815745
78
1
-0.593528 11.4649 -0.636105
0.00307186 0.0240183 0.0116152
79
1
-0.59828 11.4142 -0.661115
0.00433332 0.0263055 0.0141423
80
1
-0.603461 11.3626 -0.689545
0.00331538 0.0262059 0.0161837
81
1
-0.608376 11.3098 -0.721414
0.00154643 0.0276672 0.0174951
82
1
-0.611957 11.2562 -0.755418
0.00213615 0.0291824 0.0173602
83
1
-0.615294 11.2045 -0.791181
0.0026957 0.0299381 0.0210448
84
1
-0.617938 11.1533 -0.830176
0.00150494 0.0269172 0.0226534
85
1
-0.620784 11.1039 -0.872841
0.00135453 0.0212906 0.0188724
86
1
-0.623531 11.0591 -0.919048
0.00120952 0.019562 0.0221246
87
1
-0.625408 11.016 -0.969797
0.000657198 0.0202592 0.0292117
88
1
-0.628795 10.9713 -1.02272
0.00281986 0.0185629 0.0236585
89
1
-0.633872 10.9253 -1.07401
0.00330331 0.021957 0.0240496
90
1
-0.637475 10.8775 -1.12558
0.00148588 0.0259477 0.0268928
91
1
-0.637583 10.8273 -1.17881
-0.000273168 0.0234074 0.0271906
92
1
-0.634813 10.775 -1.23538
-0.000588586 0.0210884 0.025538
93
1
-0.631455 10.7159 -1.30006
-0.00149599 0.0363278 0.0360064
94
1
-0.624716 10.6479 -1.36863
-0.00313418 0.0416849 0.035057
95
1
-0.607961 10.5777 -1.43541
-0.0119462 0.0311518 0.027934
96
1
-0.57579 10.5073 -1.50129
-0.0211828 0.0353902 0.0353271
97
1
-0.534654 10.4383 -1.56396
-0.024983 0.0363847 0.0344979
98
1
-0.482725 10.3685 -1.62352
-0.029608 0.0298843 0.0267669
99
1
-0.420802 10.2959 -1.67538
-0.0328595 0.0378839 0.023005
100
1
-0.35425 10.2101 -1.71983
-0.038742 0.0478622 0.0210826
101
1
-0.301661 10.119 -1.74917
-0.0164266 0.0446646 0.0041081
102
1
-0.267586 10.0252 -1.76583
-0.00995878 0.0331196 0.00228928
103
1
-0.241676 9.91492 -1.80586
0.00124489 0.0616352 0.0314818
104
1
-0.139809 9.79171 -1.86244
-0.0676517 0.0212763 0.0109048
105
1
-0.390533 6.08394 -0.0550852
0.0143553 -0.0472685 0.00949392
106
1
-0.325008 13.1318 -0.0790309
-0.0526608 0.000569585 -0.00842771
107
1
0.325063 13.132 -0.0786233
-0.052624 -0.000613028 0.00834459
108
1
0.391258 6.08443 -0.0553414
0.0144469 0.0470278 -0.00879649
109
1
0.13981 9.79171 -1.86244
-0.0676516 -0.0212761 -0.0109049
110
1
0.241677 9.91492 -1.80586
0.00124484 -0.0616353 -0.0314817
111
1
0.267588 10.0252 -1.76583
-0.00995881 -0.0331197 -0.00228928
112
1
0.301662 10.119 -1.74917
-0.0164267 -0.0446646 -0.00410814
113
1
0.354251 10.2101 -1.71983
-0.0387421 -0.0478622 -0.0210827
114
1
0.420803 10.2959 -1.67538
-0.0328594 -0.0378839 -0.0230051
115
1
0.482727 10.3685 -1.62352
-0.029608 -0.0298843 -0.026767
116
1
0.534656 10.4383 -1.56396
-0.0249829 -0.0363847 -0.034498
117
1
0.575791 10.5073 -1.50129
-0.0211828 -0.0353902 -0.0353272
118
1
0.607962 10.5777 -1.43541
-0.0119461 -0.0311518 -0.0279341
119
1
0.624717 10.6479 -1.36863
-0.00313414 -0.0416849 -0.0350571
120
1
0.631456 10.7159 -1.30006
-0.00149596 -0.0363278 -0.0360064
121
1
0.634814 10.775 -1.23538
-0.00058857 -0.0210884 -0.025538
122
1
0.637584 10.8273 -1.17881
-0.000273151 -0.0234075 -0.0271906
123
1
0.637476 10.8775 -1.12558
0.00148589 -0.0259477 -0.0268928
124
1
0.633873 10.9253 -1.07401
0.00330333 -0.021957 -0.0240496
125
1
0.628796 10.9713 -1.02272
0.00281987 -0.0185629 -0.0236585
126
1
0.625409 11.016 -0.969796
0.000657211 -0.0202593 -0.0292117
127
1
0.623532 11.0591 -0.919047
0.00120954 -0.019562 -0.0221246
128
1
0.620784 11.1039 -0.87284
0.00135454 -0.0212907 -0.0188724
129
1
0.617939 11.1533 -0.830175
0.00150496 -0.0269172 -0.0226534
130
1
0.615295 11.2045 -0.79118
0.00269572 -0.0299381 -0.0210448
131
1
0.611958 11.2562 -0.755417
0.00213618 -0.0291824 -0.0173601
132
1
0.608376 11.3098 -0.721413
0.00154645 -0.0276672 -0.0174951
133
1
0.603462 11.3626 -0.689544
0.0033154 -0.0262059 -0.0161837
134
1
0.59828 11.4142 -0.661114
0.00433334 -0.0263055 -0.0141423
135
1
0.593528 11.4649 -0.636105
0.00307188 -0.0240183 -0.0116152
136
1
0.59046 11.5129 -0.614242
0.0017711 -0.0192416 -0.00815744
137
1
0.589464 11.5571 -0.59596
0.000941093 -0.0191395 -0.00600241
138
1
0.590727 11.5995 -0.580321
-0.000995129 -0.0210417 -0.00503068
139
1
0.594712 11.642 -0.564913
-0.00205746 -0.020257 -0.00597737
140
1
0.601645 11.6841 -0.549208
-0.00228629 -0.0203866 -0.00753124
141
1
0.611289 11.7265 -0.532865
-0.00490244 -0.0235666 -0.00837889
142
1
0.624456 11.7701 -0.515689
-0.00924037 -0.0237994 -0.00823855
143
1
0.640693 11.8133 -0.49643
-0.00991142 -0.0201976 -0.00744391
144
1
0.658978 11.8544 -0.475404
-0.0102121 -0.0204667 -0.00818764
145
1
0.679127 11.8931 -0.450217
-0.0121423 -0.0217495 -0.0128502
146
1
0.700827 11.9274 -0.421102
-0.0118704 -0.0187936 -0.0155688
147
1
0.72266 11.9564 -0.388126
-0.0109245 -0.0147757 -0.0155497
148
1
0.745222 11.9808 -0.350628
-0.011613 -0.0119603 -0.0200568
149
1
0.768468 12 -0.308476
-0.0123691 -0.00764758 -0.0255826
150
1
0.790977 12.0139 -0.261879
-0.013544 -0.00393339 -0.0282233
151
1
0.811431 12.0234 -0.211872
-0.0128287 -0.00275372 -0.028947
152
1
0.828126 12.0298 -0.159408
-0.00736985 -0.000449649 -0.0291765
153
1
0.839702 12.0336 -0.106599
-0.00524045 0.000135043 -0.0284059
154
1
0.846634 12.0358 -0.0526954
-0.00343185 -1.17607e-005 -0.0269848
155
1
0.848711 12.0364 -4.31486e-008
-3.42234e-008 4.55128e-008 -0.0263534
156
1
0.846634 12.0358 0.0526953
0.00343178 1.1857e-005 -0.0269848
157
1
0.839702 12.0336 0.106599
0.00524038 -0.000134946 -0.0284059
158
1
0.828126 12.0298 0.159408
0.00736978 0.000449745 -0.0291765
159
1
0.811431 12.0234 0.211872
0.0128287 0.00275384 -0.028947
160
1
0.790978 12.0139 0.261879
0.0135439 0.0039335 -0.0282234
161
1
0.768469 12 0.308476
0.0123691 0.00764767 -0.0255826
162
1
0.745222 11.9808 0.350628
0.011613 0.0119604 -0.0200568
163
1
0.72266 11.9564 0.388126
0.0109245 0.0147758 -0.0155498
164
1
0.700827 11.9274 0.421102
0.0118704 0.0187937 -0.0155689
165
1
0.679127 11.8931 0.450217
0.0121423 0.0217495 -0.0128502
166
1
0.658978 11.8544 0.475405
0.0102121 0.0204667 -0.00818764
167
1
0.640693 11.8133 0.49643
0.00991147 0.0201976 -0.0074439
168
1
0.624456 11.7701 0.51569
0.00924041 0.0237994 -0.00823855
169
1
0.611289 11.7265 0.532865
0.00490247 0.0235666 -0.00837888
170
1
0.601644 11.6841 0.549208
0.00228631 0.0203866 -0.00753123
171
1
0.594712 11.642 0.564913
0.00205748 0.020257 -0.00597737
172
1
0.590726 11.5995 0.580321
0.000995148 0.0210416 -0.00503068
173
1
0.589464 11.5571 0.59596
-0.000941078 0.0191395 -0.00600241
174
1
0.59046 11.5129 0.614242
-0.00177109 0.0192416 -0.00815745
175
1
0.593528 11.4649 0.636105
-0.00307186 0.0240183 -0.0116152
176
1
0.59828 11.4142 0.661115
-0.00433332 0.0263055 -0.0141423
177
1
0.603461 11.3626 0.689545
-0.00331538 0.0262059 -0.0161837
178
1
0.608376 11.3098 0.721414
-0.00154643 0.0276672 -0.0174951
179
1
0.611957 11.2562 0.755418
-0.00213616 0.0291824 -0.0173602
180
1
0.615294 11.2045 0.791181
-0.0026957 0.0299381 -0.0210448
181
1
0.617938 11.1533 0.830176
-0.00150494 0.0269172 -0.0226534
182
1
0.620784 11.1039 0.872841
-0.00135453 0.0212906 -0.0188724
183
1
0.623531 11.0591 0.919048
-0.00120952 0.019562 -0.0221246
184
1
0.625408 11.016 0.969797
-0.000657198 0.0202592 -0.0292117
185
1
0.628795 10.9713 1.02272
-0.00281986 0.0185629 -0.0236585
186
1
0.633872 10.9253 1.07401
-0.00330331 0.021957 -0.0240496
187
1
0.637475 10.8775 1.12558
-0.00148587 0.0259477 -0.0268928
188
1
0.637583 10.8273 1.17881
0.000273169 0.0234074 -0.0271906
189
1
0.634813 10.775 1.23538
0.000588586 0.0210884 -0.025538
190
1
0.631455 10.7159 1.30006
0.00149599 0.0363278 -0.0360064
191
1
0.624716 10.6479 1.36863
0.00313418 0.0416849 -0.035057
192
1
0.607961 10.5777 1.43541
0.0119462 0.0311518 -0.027934
193
1
0.57579 10.5073 1.50129
0.0211828 0.0353902 -0.0353271
