194
0
1
1.48737 7.31171 0.810247
0.0372865 0.0223355 0.0279845
1
1
1.41201 7.26916 0.751758
0.0380235 0.0237103 0.0296781
2
1
1.32941 7.21999 0.687885
0.045627 0.0259391 0.0313086
3
1
1.23968 7.16374 0.624275
0.0473967 0.0296413 0.0301507
4
1
1.14059 7.1014 0.559417
0.0502868 0.0334241 0.0301473
5
1
1.03222 7.03698 0.483835
0.0570664 0.0340639 0.0406808
6
1
0.912796 6.96646 0.377735
0.0498467 0.0243179 0.0544119
7
1
0.770509 6.91064 0.196068
0.0420958 0.00965452 0.0648555
8
1
0.215959 6.33163 0.0765945
-0.0313172 0.0251565 -0.0126232
9
1
0.0480728 9.52685 0.787368
0.000817159 -0.00371197 -0.0778293
10
1
-0.0480728 9.52685 0.787368
0.000817158 0.00371197 0.0778293
11
1
-0.215959 6.33163 0.0765944
-0.0313172 -0.0251565 0.0126232
12
1
-0.770509 6.91064 0.196068
0.0420958 -0.00965453 -0.0648555
13
1
-0.912796 6.96646 0.377735
0.0498467 -0.0243179 -0.0544119
14
1
-1.03222 7.03698 0.483835
0.0570664 -0.0340639 -0.0406808
15
1
-1.14059 7.1014 0.559417
0.0502868 -0.0334241 -0.0301473
16
1
-1.23968 7.16374 0.624275
0.0473967 -0.0296413 -0.0301507
17
1
-1.32941 7.21999 0.687885
0.045627 -0.0259391 -0.0313086
18
1
-1.41201 7.26916 0.751758
0.0380235 -0.0237103 -0.0296781
19
1
-1.48737 7.31171 0.810247
0.0372865 -0.0223355 -0.0279845
20
1
-1.55802 7.34846 0.86068
0.0340121 -0.0169219 -0.024146
21
1
-1.62548 7.37953 0.903898
0.0321252 -0.0142561 -0.0195991
22
1
-1.68982 7.40426 0.939789
0.0315316 -0.0124114 -0.01722
23
1
-1.75364 7.42308 0.970536
0.0301147 -0.00836107 -0.0148369
24
1
-1.81692 7.43604 0.996137
0.0309111 -0.00481173 -0.0128367
25
1
-1.87899 7.44427 1.01679
0.0310748 -0.00276474 -0.0107153
26
1
-1.93979 7.44906 1.03291
0.0285933 -0.000828087 -0.00756392
27
1
-1.99858 7.4508 1.04479
0.0279925 0.000841134 -0.00488783
28
1
-2.05607 7.44971 1.05324
0.028985 0.001927 -0.0034971
29
1
-2.11301 7.44612 1.05835
0.0284886 0.00265519 -0.0019939
30
1
-2.16879 7.44023 1.05981
0.0276438 0.00367263 -0.000167585
31
1
-2.22338 7.43225 1.05781
0.0272693 0.00455715 0.00186889
32
1
-2.2767 7.42245 1.05216
0.0263892 0.00545551 0.00412909
33
1
-2.32814 7.41085 1.04279
0.0256857 0.00685045 0.00596268
34
1
-2.37761 7.39738 1.03012
0.0248135 0.0077334 0.00735348
35
1
-2.42503 7.38251 1.01465
0.0226384 0.00766248 0.00903064
36
1
-2.46992 7.36678 0.996327
0.021114 0.00785169 0.0102657
37
1
-2.51285 7.34982 0.975213
0.0212395 0.00839874 0.0110122
38
1
-2.55429 7.33178 0.951161
0.0207942 0.00892242 0.0122108
39
1
-2.59382 7.31327 0.924129
0.0192139 0.00944077 0.0136713
40
1
-2.63048 7.29389 0.894793
0.0185772 0.0100884 0.0147689
41
1
-2.66359 7.27305 0.863627
0.0175602 0.010583 0.0156111
42
1
-2.69292 7.25135 0.830508
0.014519 0.0111227 0.0167368
43
1
-2.71831 7.22879 0.795277
0.0120586 0.0118734 0.0182675
44
1
-2.73965 7.20542 0.757234
0.0104581 0.0120936 0.0198639
45
1
-2.75649 7.18124 0.715856
0.0072131 0.0122201 0.0217184
46
1
-2.76885 7.15605 0.67147
0.00326846 0.0134538 0.0236101
47
1
-2.77652 7.13038 0.624204
0.000483559 0.014359 0.0249075
48
1
-2.77951 7.10574 0.574276
-0.0015394 0.0137742 0.0261795
49
1
-2.7787 7.08334 0.522335
-0.00296897 0.012198 0.0277523
50
1
-2.77534 7.0646 0.468647
-0.00335844 0.00922034 0.0284873
51
1
-2.7709 7.05009 0.413559
-0.0028335 0.00612105 0.0288826
52
1
-2.76615 7.03956 0.35704
-0.00221976 0.00402565 0.0294243
53
1
-2.76168 7.03238 0.299254
-0.0021818 0.00235569 0.0298569
54
1
-2.75786 7.02772 0.240613
-0.00208866 0.000766946 0.0302218
55
1
-2.75497 7.02524 0.181272
-0.00101037 -0.000392115 0.0307794
56
1
-2.75348 7.02431 0.121374
0.000404991 -0.000633329 0.031186
57
1
-2.75287 7.02419 0.0608557
0.000618757 -0.000431422 0.0310522
58
1
-2.75282 7.02436 2.69131e-010
2.86154e-012 -3.80013e-012 0.0308424
59
1
-2.75287 7.02419 -0.0608557
-0.000618757 0.000431422 0.0310522
60
1
-2.75348 7.02431 -0.121374
-0.000404991 0.000633329 0.031186
61
1
-2.75497 7.02524 -0.181272
0.00101037 0.000392115 0.0307794
62
1
-2.75786 7.02772 -0.240613
0.00208866 -0.000766946 0.0302218
63
1
-2.76168 7.03238 -0.299254
0.0021818 -0.00235569 0.0298569
64
1
-2.76615 7.03956 -0.35704
0.00221976 -0.00402565 0.0294243
65
1
-2.7709 7.05009 -0.413559
0.0028335 -0.00612105 0.0288826
66
1
-2.77534 7.0646 -0.468647
0.00335844 -0.00922034 0.0284873
67
1
-2.7787 7.08334 -0.522335
0.00296897 -0.012198 0.0277523
68
1
-2.77951 7.10574 -0.574276
0.0015394 -0.0137742 0.0261795
69
1
-2.77652 7.13038 -0.624204
-0.000483559 -0.014359 0.0249075
70
1
-2.76885 7.15605 -0.67147
-0.00326846 -0.0134538 0.0236101
71
1
-2.75649 7.18124 -0.715856
-0.0072131 -0.0122201 0.0217184
72
1
-2.73965 7.20542 -0.757234
-0.0104581 -0.0120936 0.0198639
73
1
-2.71831 7.22879 -0.795277
-0.0120586 -0.0118734 0.0182675
74
1
-2.69292 7.25135 -0.830508
-0.014519 -0.0111227 0.0167368
75
1
-2.66359 7.27305 -0.863627
-0.0175602 -0.010583 0.0156111
76
1
-2.63048 7.29389 -0.894793
-0.0185772 -0.0100884 0.0147689
77
1
-2.59382 7.31327 -0.924129
-0.0192139 -0.00944077 0.0136713
78
1
-2.55429 7.33178 -0.951161
-0.0207942 -0.00892242 0.0122108
79
1
-2.51285 7.34982 -0.975213
-0.0212395 -0.00839874 0.0110122
80
1
-2.46992 7.36678 -0.996327
-0.021114 -0.00785169 0.0102657
81
1
-2.42503 7.38251 -1.01465
-0.0226384 -0.00766248 0.00903064
82
1
-2.37761 7.39738 -1.03012
-0.0248135 -0.0077334 0.00735348
83
1
-2.32814 7.41085 -1.04279
-0.0256857 -0.00685045 0.00596268
84
1
-2.2767 7.42245 -1.05216
-0.0263892 -0.00545551 0.00412909
85
1
-2.22338 7.43225 -1.05781
-0.0272693 -0.00455715 0.00186889
86
1
-2.16879 7.44023 -1.05981
-0.0276438 -0.00367263 -0.000167585
87
1
-2.11301 7.44612 -1.05835
-0.0284886 -0.00265519 -0.0019939
88
1
-2.05607 7.44971 -1.05324
-0.028985 -0.001927 -0.0034971
89
1
-1.99858 7.4508 -1.04479
-0.0279925 -0.000841134 -0.00488783
90
1
-1.93979 7.44906 -1.03291
-0.0285933 0.000828087 -0.00756392
91
1
-1.87899 7.44427 -1.01679
-0.0310748 0.00276474 -0.0107153
92
1
-1.81692 7.43604 -0.996137
-0.0309111 0.00481173 -0.0128367
93
1
-1.75364 7.42308 -0.970536
-0.0301147 0.00836107 -0.0148369
94
1
-1.68982 7.40426 -0.939789
-0.0315316 0.0124114 -0.01722
95
1
-1.62548 7.37953 -0.903898
-0.0321252 0.0142561 -0.0195991
96
1
-1.55802 7.34846 -0.86068
-0.0340121 0.0169219 -0.024146
97
1
-1.48737 7.31171 -0.810247
-0.0372865 0.0223355 -0.0279845
98
1
-1.41201 7.26916 -0.751758
-0.0380235 0.0237103 -0.0296781
99
1
-1.32941 7.21999 -0.687885
-0.045627 0.0259391 -0.0313086
100
1
-1.23968 7.16374 -0.624275
-0.0473967 0.0296413 -0.0301507
101
1
-1.14059 7.1014 -0.559417
-0.0502868 0.0334241 -0.0301473
102
1
-1.03222 7.03698 -0.483835
-0.0570664 0.0340639 -0.0406808
103
1
-0.912796 6.96646 -0.377735
-0.0498467 0.0243179 -0.0544119
104
1
-0.770509 6.91064 -0.196068
-0.0420958 0.00965452 -0.0648555
105
1
-0.215959 6.33163 -0.0765945
0.0313172 0.0251565 0.0126232
106
1
-0.0480728 9.52685 -0.787368
-0.000817159 -0.00371197 0.0778293
107
1
0.0480728 9.52685 -0.787368
-0.000817158 0.00371197 -0.0778293
108
1
0.215958 6.33163 -0.0765944
0.0313172 -0.0251565 -0.0126232
109
1
0.770509 6.91064 -0.196068
-0.0420958 -0.00965453 0.0648555
110
1
0.912796 6.96646 -0.377735
-0.0498467 -0.0243179 0.0544119
111
1
1.03222 7.03698 -0.483835
-0.0570664 -0.0340639 0.0406808
112
1
1.14059 7.1014 -0.559417
-0.0502868 -0.0334241 0.0301473
113
1
1.23968 7.16374 -0.624275
-0.0473967 -0.0296413 0.0301507
114
1
1.32941 7.21999 -0.687885
-0.045627 -0.0259391 0.0313086
115
1
1.41201 7.26916 -0.751758
-0.0380235 -0.0237103 0.0296781
116
1
1.48737 7.31171 -0.810247
-0.0372865 -0.0223355 0.0279845
117
1
1.55802 7.34846 -0.86068
-0.0340121 -0.0169219 0.024146
118
1
1.62548 7.37953 -0.903898
-0.0321252 -0.0142561 0.0195991
119
1
1.68982 7.40426 -0.939789
-0.0315316 -0.0124114 0.01722
120
1
1.75364 7.42308 -0.970536
-0.0301147 -0.00836107 0.0148369
121
1
1.81692 7.43604 -0.996137
-0.0309111 -0.00481173 0.0128367
122
1
1.87899 7.44427 -1.01679
-0.0310748 -0.00276474 0.0107153
123
1
1.93979 7.44906 -1.03291
-0.0285933 -0.000828087 0.00756392
124
1
1.99858 7.4508 -1.04479
-0.0279925 0.000841134 0.00488783
125
1
2.05607 7.44971 -1.05324
-0.028985 0.001927 0.0034971
126
1
2.11301 7.44612 -1.05835
-0.0284886 0.00265519 0.0019939
127
1
2.16879 7.44023 -1.05981
-0.0276438 0.00367263 0.000167585
128
1
2.22338 7.43225 -1.05781
-0.0272693 0.00455715 -0.00186889
129
1
2.2767 7.42245 -1.05216
-0.0263892 0.00545551 -0.00412909
130
1
2.32814 7.41085 -1.04279
-0.0256857 0.00685045 -0.00596268
131
1
2.37761 7.39738 -1.03012
-0.0248135 0.0077334 -0.00735348
132
1
2.42503 7.38251 -1.01465
-0.0226384 0.00766248 -0.00903064
133
1
2.46992 7.36678 -0.996327
-0.021114 0.00785169 -0.0102657
134
1
2.51285 7.34982 -0.975213
-0.0212395 0.00839874 -0.0110122
135
1
2.55429 7.33178 -0.951161
-0.0207942 0.00892242 -0.0122108
136
1
2.59382 7.31327 -0.924129
-0.0192139 0.00944077 -0.0136713
137
1
2.63048 7.29389 -0.894793
-0.0185772 0.0100884 -0.0147689
138
1
2.66359 7.27305 -0.863627
-0.0175602 0.010583 -0.0156111
139
1
2.69292 7.25135 -0.830508
-0.014519 0.0111227 -0.0167368
140
1
2.71831 7.22879 -0.795277
-0.0120586 0.0118734 -0.0182675
141
1
2.73965 7.20542 -0.757234
-0.0104581 0.0120936 -0.0198639
142
1
2.75649 7.18124 -0.715856
-0.0072131 0.0122201 -0.0217184
143
1
2.76885 7.15605 -0.67147
-0.00326846 0.0134538 -0.0236101
144
1
2.77652 7.13038 -0.624204
-0.000483559 0.014359 -0.0249075
145
1
2.77951 7.10574 -0.574276
0.0015394 0.0137742 -0.0261795
146
1
2.7787 7.08334 -0.522335
0.00296897 0.012198 -0.0277523
147
1
2.77534 7.0646 -0.468647
0.00335844 0.00922034 -0.0284873
148
1
2.7709 7.05009 -0.413559
0.0028335 0.00612105 -0.0288826
149
1
2.76615 7.03956 -0.35704
0.00221976 0.00402565 -0.0294243
150
1
2.76168 7.03238 -0.299254
0.0021818 0.00235569 -0.0298569
151
1
2.75786 7.02772 -0.240613
0.00208866 0.000766946 -0.0302218
152
1
2.75497 7.02524 -0.181272
0.00101037 -0.000392115 -0.0307794
153
1
2.75348 7.02431 -0.121374
-0.000404991 -0.000633329 -0.031186
154
1
2.75287 7.02419 -0.0608557
-0.000618757 -0.000431422 -0.0310522
155
1
2.75282 7.02436 -3.12523e-010
-2.90403e-012 -5.27382e-012 -0.0308424
156
1
2.75287 7.02419 0.0608557
0.000618757 0.000431422 -0.0310522
157
1
2.75348 7.02431 0.121374
0.000404991 0.000633329 -0.031186
158
1
2.75497 7.02524 0.181272
-0.00101037 0.000392115 -0.0307794
159
1
2.75786 7.02772 0.240613
-0.00208866 -0.000766946 -0.0302218
160
1
2.76168 7.03238 0.299254
-0.0021818 -0.00235569 -0.0298569
161
1
2.76615 7.03956 0.35704
-0.00221976 -0.00402565 -0.0294243
162
1
2.7709 7.05009 0.413559
-0.0028335 -0.00612105 -0.0288826
163
1
2.77534 7.0646 0.468647
-0.00335844 -0.00922034 -0.0284873
164
1
2.7787 7.08334 0.522335
-0.00296897 -0.012198 -0.0277523
165
1
2.77951 7.10574 0.574276
-0.0015394 -0.0137742 -0.0261795
166
1
2.77652 7.13038 0.624204
0.000483559 -0.014359 -0.0249075
167
1
2.76885 7.15605 0.67147
0.00326846 -0.0134538 -0.0236101
168
1
2.75649 7.18124 0.715856
0.0072131 -0.0122201 -0.0217184
169
1
2.73965 7.20542 0.757234
0.0104581 -0.0120936 -0.0198639
170
1
2.71831 7.22879 0.795277
0.0120586 -0.0118734 -0.0182675
171
1
2.69292 7.25135 0.830508
0.014519 -0.0111227 -0.0167368
172
1
2.66359 7.27305 0.863627
0.0175602 -0.010583 -0.0156111
173
1
2.63048 7.29389 0.894793
0.0185772 -0.0100884 -0.0147689
174
1
2.59382 7.31327 0.924129
0.0192139 -0.00944077 -0.0136713
175
1
2.55429 7.33178 0.951161
0.0207942 -0.00892242 -0.0122108
176
1
2.51285 7.34982 0.975213
0.0212395 -0.00839874 -0.0110122
177
1
2.46992 7.36678 0.996327
0.021114 -0.00785169 -0.0102657
178
1
2.42503 7.38251 1.01465
0.0226384 -0.00766248 -0.00903064
179
1
2.37761 7.39738 1.03012
0.0248135 -0.0077334 -0.00735348
180
1
2.32814 7.41085 1.04279
0.0256857 -0.00685045 -0.00596268
181
1
2.2767 7.42245 1.05216
0.0263892 -0.00545551 -0.00412909
182
1
2.22338 7.43225 1.05781
0.0272693 -0.00455715 -0.00186889
183
1
2.16879 7.44023 1.05981
0.0276438 -0.00367263 0.000167585
184
1
2.11301 7.44612 1.05835
0.0284886 -0.00265519 0.0019939
185
1
2.05607 7.44971 1.05324
0.028985 -0.001927 0.0034971
186
1
1.99858 7.4508 1.04479
0.0279925 -0.000841134 0.00488783
187
1
1.93979 7.44906 1.03291
0.0285933 0.000828087 0.00756392
188
1
1.87899 7.44427 1.01679
0.0310748 0.00276474 0.0107153
189
1
1.81692 7.43604 0.996137
0.0309111 0.00481173 0.0128367
190
1
1.75364 7.42308 0.970536
0.0301147 0.00836107 0.0148369
191
1
1.68982 7.40426 0.939789
0.0315316 0.0124114 0.01722
192
1
1.62548 7.37953 0.903898
0.0321252 0.0142561 0.0195991
193
1
1.55802 7.34846 0.86068
0.0340121 0.0169219 0.024146
