194
0
1
0.591651 11.2059 2.07691
0.00371817 0.00857966 -0.0450407
1
1
0.579999 11.1751 2.15635
0.00336052 0.00977859 -0.0306987
2
1
0.54272 11.1395 2.25356
0.0391145 0.0279484 -0.0602029
3
1
0.498293 11.1008 2.3563
0.0162022 0.0176737 -0.0495024
4
1
0.466907 11.0635 2.45395
0.00521903 0.0215366 -0.0484331
5
1
0.440154 11.0337 2.53931
0.00716009 0.00720951 -0.0235642
6
1
0.355017 11.0141 2.64312
0.0636074 0.00120065 -0.0449945
7
1
0.168866 10.9787 2.76135
0.0673158 0.0261183 -0.0292963
8
1
0.600238 6.84721 0.0611074
0.014005 0.047511 -0.00816675
9
1
1.59593 13.7075 0.0869381
-0.0409426 -0.0455657 0.00597261
10
1
-1.59704 13.7125 0.0692944
-0.041576 0.0452248 -0.0100375
11
1
-0.601709 6.84898 0.0483804
0.0138377 -0.0473348 0.00995499
12
1
-0.168897 10.9787 2.76135
0.067316 -0.0261171 0.0292968
13
1
-0.355049 11.0141 2.64312
0.0636065 -0.0012002 0.0449958
14
1
-0.440185 11.0337 2.53931
0.00716038 -0.0072096 0.0235645
15
1
-0.466939 11.0635 2.45394
0.00521913 -0.0215372 0.0484337
16
1
-0.498324 11.1008 2.3563
0.0162025 -0.0176736 0.0495025
17
1
-0.542752 11.1395 2.25355
0.0391144 -0.0279477 0.0602029
18
1
-0.58003 11.1751 2.15634
0.00336035 -0.00977828 0.0306988
19
1
-0.591683 11.2059 2.0769
0.00371817 -0.00857944 0.0450409
20
1
-0.595383 11.244 1.99945
0.00424799 -0.0215682 0.0403478
21
1
-0.592368 11.2964 1.93012
-0.00986931 -0.0302929 0.0223065
22
1
-0.583891 11.361 1.87354
-0.00914185 -0.0398055 0.0247238
23
1
-0.579912 11.4331 1.8229
0.000817534 -0.0397128 0.0250701
24
1
-0.585217 11.5014 1.77807
0.00663378 -0.0253347 0.0161207
25
1
-0.597152 11.5612 1.73756
0.00834387 -0.0282743 0.0167165
26
1
-0.610884 11.6178 1.69908
0.00751864 -0.0296763 0.017799
27
1
-0.624328 11.6708 1.66075
0.00598502 -0.0231059 0.0183062
28
1
-0.637399 11.719 1.61806
0.00408801 -0.0198034 0.0198807
29
1
-0.648654 11.7639 1.56902
0.00585164 -0.0212157 0.027061
30
1
-0.656483 11.8066 1.51912
0.00408248 -0.0162122 0.0253057
31
1
-0.661515 11.8483 1.46879
0.00246846 -0.0172493 0.0234957
32
1
-0.662393 11.8924 1.41826
0.00105774 -0.0260331 0.0264943
33
1
-0.660462 11.9368 1.3693
-0.00241565 -0.0267706 0.0273156
34
1
-0.655869 11.9798 1.3215
-0.00335732 -0.0224465 0.0254839
35
1
-0.650722 12.0221 1.27275
-0.00178494 -0.021749 0.0252417
36
1
-0.644413 12.0631 1.22519
-0.00332793 -0.0203149 0.0243272
37
1
-0.636807 12.1031 1.18053
-0.00594609 -0.0198 0.0227626
38
1
-0.627073 12.1432 1.13911
-0.00502856 -0.0196403 0.0191341
39
1
-0.616641 12.1828 1.10265
-0.00291243 -0.0163246 0.0156525
40
1
-0.605679 12.2202 1.07242
-0.00374253 -0.0149474 0.0143016
41
1
-0.594446 12.2561 1.04643
-0.00541366 -0.0157803 0.0118726
42
1
-0.582887 12.2927 1.02295
-0.00509243 -0.0171108 0.0104704
43
1
-0.570221 12.3309 1.00202
-0.00543917 -0.0199061 0.0101133
44
1
-0.554848 12.3707 0.983264
-0.00838313 -0.0238114 0.00859994
45
1
-0.536802 12.4129 0.967046
-0.00933485 -0.0229481 0.00661463
46
1
-0.514436 12.4548 0.954062
-0.00868247 -0.0190487 0.0050675
47
1
-0.488586 12.4945 0.945078
-0.0121638 -0.0197226 0.00258468
48
1
-0.456109 12.5319 0.939451
-0.0170544 -0.0203769 0.0016
49
1
-0.416917 12.5657 0.93686
-0.024995 -0.0162238 -0.00110845
50
1
-0.372543 12.5985 0.936267
-0.0314266 -0.0117852 -0.00581668
51
1
-0.325058 12.6394 0.935583
-0.0297923 -0.0148929 -0.00923994
52
1
-0.271052 12.6822 0.939664
-0.0205074 -0.0335322 -0.00436164
53
1
-0.195496 12.7271 0.929576
-0.0390474 -0.0548225 0.0392638
54
1
-0.143926 12.7809 0.862705
-0.0600313 -0.0062772 0.0129305
55
1
-0.0974714 12.8962 0.882554
0.0334621 -0.0359623 0.00547258
56
1
-0.0163705 12.8563 1.1101
-0.00254028 -0.0140781 0.0335856
57
1
-0.0317569 13.3704 0.236132
0.00503745 0.016372 0.0678066
58
1
-0.0584751 13.5991 2.76415e-005
6.67937e-005 2.11063e-005 0.077922
59
1
-0.0317384 13.3704 -0.23618
-0.00511842 -0.0163965 0.067808
60
1
-0.0169003 12.8563 -1.11008
0.00232561 0.0140949 0.0336009
61
1
-0.0976321 12.8959 -0.881938
-0.0325261 0.0364602 0.00465944
62
1
-0.14466 12.781 -0.863034
0.0594769 0.00571061 0.0128749
63
1
-0.195994 12.7272 -0.929799
0.0388677 0.0548995 0.0393344
64
1
-0.271218 12.6824 -0.939779
0.0204589 0.0336164 -0.00444569
65
1
-0.325041 12.6395 -0.935694
0.0298076 0.0148898 -0.0092756
66
1
-0.372468 12.5985 -0.936323
0.0314464 0.011758 -0.00581441
67
1
-0.416842 12.5657 -0.936911
0.0250042 0.016204 -0.0011012
68
1
-0.456053 12.532 -0.939476
0.0170539 0.020373 0.00160255
69
1
-0.488534 12.4946 -0.945098
0.0121629 0.0197234 0.00258452
70
1
-0.51439 12.4548 -0.954083
0.00868199 0.0190509 0.00506634
71
1
-0.536756 12.4129 -0.967067
0.00933461 0.0229511 0.00661293
72
1
-0.5548 12.3707 -0.983284
0.00838341 0.0238138 0.00859879
73
1
-0.570174 12.3309 -1.00204
0.00543949 0.0199078 0.0101127
74
1
-0.582838 12.2927 -1.02296
0.00509275 0.0171121 0.0104701
75
1
-0.594396 12.2561 -1.04645
0.00541397 0.0157813 0.0118725
76
1
-0.605629 12.2203 -1.07243
0.00374291 0.0149483 0.0143016
77
1
-0.61659 12.1828 -1.10267
0.00291293 0.0163255 0.0156526
78
1
-0.627023 12.1432 -1.13913
0.00502914 0.0196412 0.0191341
79
1
-0.636757 12.1031 -1.18055
0.00594668 0.0198008 0.0227626
80
1
-0.644363 12.0631 -1.22521
0.00332861 0.0203157 0.0243272
81
1
-0.650673 12.0221 -1.27277
0.00178567 0.0217496 0.0252418
82
1
-0.65582 11.9798 -1.32152
0.00335803 0.0224471 0.0254839
83
1
-0.660414 11.9368 -1.36932
0.00241638 0.0267711 0.0273154
84
1
-0.662345 11.8924 -1.41828
-0.00105708 0.0260335 0.0264942
85
1
-0.661468 11.8483 -1.46881
-0.00246791 0.0172497 0.0234956
86
1
-0.656436 11.8066 -1.51914
-0.00408191 0.0162126 0.0253056
87
1
-0.648608 11.7639 -1.56903
-0.00585096 0.0212161 0.0270607
88
1
-0.637354 11.719 -1.61808
-0.00408739 0.0198037 0.0198803
89
1
-0.624284 11.6708 -1.66077
-0.00598428 0.0231059 0.0183056
90
1
-0.610841 11.6178 -1.69909
-0.00751772 0.0296763 0.0177983
91
1
-0.597111 11.5612 -1.73758
-0.00834288 0.0282743 0.0167159
92
1
-0.585178 11.5014 -1.77808
-0.00663274 0.0253347 0.0161202
93
1
-0.579875 11.4331 -1.82291
-0.000815971 0.0397126 0.0250695
94
1
-0.583856 11.361 -1.87355
0.00914308 0.0398049 0.024723
95
1
-0.592335 11.2964 -1.93013
0.00987004 0.0302925 0.022306
96
1
-0.595351 11.244 -1.99946
-0.00424776 0.021568 0.0403478
97
1
-0.591651 11.2059 -2.07691
-0.00371817 0.00857966 0.0450407
98
1
-0.579999 11.1751 -2.15635
-0.00336052 0.00977859 0.0306987
99
1
-0.54272 11.1395 -2.25356
-0.0391145 0.0279484 0.0602029
100
1
-0.498293 11.1008 -2.3563
-0.0162022 0.0176737 0.0495024
101
1
-0.466907 11.0635 -2.45395
-0.00521903 0.0215366 0.0484331
102
1
-0.440154 11.0337 -2.53931
-0.00716009 0.00720951 0.0235642
103
1
-0.355017 11.0141 -2.64312
-0.0636074 0.00120066 0.0449945
104
1
-0.168866 10.9787 -2.76135
-0.0673158 0.0261183 0.0292963
105
1
-0.600233 6.84721 -0.061151
-0.0140057 0.047512 0.00816176
106
1
-1.59592 13.7075 -0.0870121
0.0409442 -0.045566 -0.00596925
107
1
1.59703 13.7125 -0.0693684
0.0415779 0.0452251 0.0100341
108
1
0.601705 6.84897 -0.0484243
-0.0138387 -0.047336 -0.00995003
109
1
0.168897 10.9787 -2.76135
-0.067316 -0.0261171 -0.0292968
110
1
0.355049 11.0141 -2.64312
-0.0636065 -0.0012002 -0.0449958
111
1
0.440185 11.0337 -2.53931
-0.00716038 -0.0072096 -0.0235645
112
1
0.466939 11.0635 -2.45394
-0.00521913 -0.0215372 -0.0484336
113
1
0.498324 11.1008 -2.3563
-0.0162025 -0.0176736 -0.0495025
114
1
0.542752 11.1395 -2.25356
-0.0391144 -0.0279477 -0.0602029
115
1
0.58003 11.1751 -2.15634
-0.00336035 -0.00977828 -0.0306988
116
1
0.591683 11.2059 -2.0769
-0.00371817 -0.00857944 -0.0450409
117
1
0.595383 11.244 -1.99945
-0.00424799 -0.0215682 -0.0403478
118
1
0.592368 11.2964 -1.93012
0.00986931 -0.0302929 -0.0223065
119
1
0.583891 11.361 -1.87354
0.00914184 -0.0398055 -0.0247238
120
1
0.579912 11.4331 -1.8229
-0.000817537 -0.0397128 -0.0250701
121
1
0.585217 11.5014 -1.77807
-0.00663378 -0.0253347 -0.0161207
122
1
0.597152 11.5612 -1.73756
-0.00834387 -0.0282743 -0.0167165
123
1
0.610884 11.6178 -1.69908
-0.00751864 -0.0296763 -0.017799
124
1
0.624328 11.6708 -1.66075
-0.00598502 -0.0231059 -0.0183062
125
1
0.637399 11.719 -1.61806
-0.00408801 -0.0198034 -0.0198807
126
1
0.648654 11.7639 -1.56902
-0.00585164 -0.0212157 -0.027061
127
1
0.656483 11.8066 -1.51913
-0.00408248 -0.0162122 -0.0253057
128
1
0.661515 11.8483 -1.46879
-0.00246846 -0.0172493 -0.0234957
129
1
0.662393 11.8924 -1.41826
-0.00105774 -0.0260331 -0.0264943
130
1
0.660462 11.9368 -1.3693
0.00241565 -0.0267706 -0.0273156
131
1
0.655869 11.9798 -1.3215
0.00335732 -0.0224465 -0.0254839
132
1
0.650722 12.0221 -1.27275
0.00178494 -0.021749 -0.0252417
133
1
0.644413 12.0631 -1.22519
0.00332793 -0.0203149 -0.0243272
134
1
0.636807 12.1031 -1.18053
0.00594609 -0.0197999 -0.0227626
135
1
0.627073 12.1432 -1.13911
0.00502856 -0.0196403 -0.0191341
136
1
0.616641 12.1828 -1.10265
0.00291243 -0.0163246 -0.0156525
137
1
0.605679 12.2202 -1.07242
0.00374253 -0.0149474 -0.0143016
138
1
0.594446 12.2561 -1.04643
0.00541366 -0.0157803 -0.0118726
139
1
0.582887 12.2927 -1.02295
0.00509243 -0.0171108 -0.0104704
140
1
0.570221 12.3309 -1.00202
0.00543917 -0.0199061 -0.0101133
141
1
0.554848 12.3707 -0.983264
0.00838313 -0.0238114 -0.00859995
142
1
0.536802 12.4129 -0.967047
0.00933484 -0.0229481 -0.00661463
143
1
0.514437 12.4548 -0.954062
0.00868246 -0.0190487 -0.00506751
144
1
0.488586 12.4945 -0.945078
0.0121638 -0.0197226 -0.00258468
145
1
0.456109 12.5319 -0.939452
0.0170544 -0.0203769 -0.0016
146
1
0.416918 12.5657 -0.93686
0.024995 -0.0162238 0.00110846
147
1
0.372543 12.5985 -0.936267
0.0314265 -0.0117853 0.00581669
148
1
0.325058 12.6394 -0.935583
0.0297923 -0.0148929 0.00923993
149
1
0.271053 12.6822 -0.939664
0.0205075 -0.0335322 0.00436163
150
1
0.195497 12.7271 -0.929576
0.0390473 -0.0548226 -0.0392636
151
1
0.143927 12.7809 -0.862705
0.0600312 -0.00627745 -0.0129308
152
1
0.0974721 12.8962 -0.882555
-0.0334619 -0.0359621 -0.00547206
153
1
0.0163708 12.8563 -1.1101
0.00254034 -0.014078 -0.0335853
154
1
0.0317569 13.3704 -0.236132
-0.00503745 0.016372 -0.0678066
155
1
0.0584751 13.5991 -2.78928e-005
-6.68254e-005 2.10932e-005 -0.077922
156
1
0.0317384 13.3704 0.23618
0.00511842 -0.0163965 -0.0678079
157
1
0.0169001 12.8563 1.11008
-0.00232555 0.014095 -0.0336012
158
1
0.0976314 12.8959 0.881937
0.0325263 0.0364604 -0.00465988
159
1
0.144659 12.781 0.863034
-0.0594769 0.00571034 -0.0128747
160
1
0.195994 12.7272 0.929799
-0.0388678 0.0548994 -0.0393345
161
1
0.271218 12.6824 0.939779
-0.0204589 0.0336165 0.0044457
162
1
0.325041 12.6395 0.935694
-0.0298076 0.0148898 0.0092756
163
1
0.372468 12.5985 0.936323
-0.0314464 0.011758 0.0058144
164
1
0.416842 12.5657 0.936911
-0.0250042 0.0162039 0.00110119
165
1
0.456053 12.532 0.939475
-0.017054 0.020373 -0.00160255
166
1
0.488534 12.4946 0.945098
-0.0121629 0.0197234 -0.00258451
167
1
0.514389 12.4548 0.954083
-0.008682 0.0190509 -0.00506634
168
1
0.536756 12.4129 0.967067
-0.00933462 0.0229511 -0.00661292
169
1
0.5548 12.3707 0.983283
-0.00838342 0.0238138 -0.00859878
170
1
0.570174 12.3309 1.00204
-0.00543949 0.0199078 -0.0101127
171
1
0.582838 12.2927 1.02296
-0.00509276 0.0171121 -0.0104701
172
1
0.594396 12.2561 1.04644
-0.00541398 0.0157813 -0.0118725
173
1
0.605629 12.2203 1.07243
-0.00374291 0.0149483 -0.0143016
174
1
0.61659 12.1828 1.10267
-0.00291293 0.0163255 -0.0156526
175
1
0.627023 12.1432 1.13913
-0.00502914 0.0196412 -0.0191341
176
1
0.636757 12.1031 1.18055
-0.00594668 0.0198008 -0.0227626
177
1
0.644363 12.0631 1.22521
-0.00332861 0.0203157 -0.0243272
178
1
0.650673 12.0221 1.27277
-0.00178567 0.0217496 -0.0252418
179
1
0.65582 11.9798 1.32152
-0.00335803 0.0224471 -0.0254839
180
1
0.660414 11.9368 1.36932
-0.00241638 0.0267711 -0.0273154
181
1
0.662345 11.8924 1.41828
0.00105708 0.0260335 -0.0264942
182
1
0.661468 11.8483 1.46881
0.00246791 0.0172497 -0.0234956
183
1
0.656436 11.8066 1.51914
0.00408191 0.0162126 -0.0253056
184
1
0.648608 11.7639 1.56903
0.00585096 0.0212161 -0.0270607
185
1
0.637354 11.719 1.61808
0.00408738 0.0198037 -0.0198803
186
1
0.624284 11.6708 1.66077
0.00598428 0.0231059 -0.0183056
187
1
0.610841 11.6178 1.69909
0.00751772 0.0296763 -0.0177983
188
1
0.597111 11.5612 1.73758
0.00834287 0.0282743 -0.0167159
189
1
0.585178 11.5014 1.77808
0.00663274 0.0253347 -0.0161202
190
1
0.579875 11.4331 1.82291
0.000815968 0.0397126 -0.0250695
191
1
0.583856 11.361 1.87355
-0.00914308 0.0398049 -0.024723
192
1
0.592335 11.2964 1.93013
-0.00987004 0.0302925 -0.022306
193
1
0.595351 11.244 1.99946
0.00424776 0.021568 -0.0403478
