194
0
1
0.869299 12.3073 2.69256
0.0201233 0.0258547 -0.0141408
1
1
0.830233 12.2521 2.7345
0.0132326 0.0215158 -0.0200778
2
1
0.780051 12.1901 2.81334
0.0275459 0.0374665 -0.0568711
3
1
0.725922 12.1406 2.90178
0.0307501 0.0211131 -0.0461942
4
1
0.656662 12.1095 2.98669
0.0433802 0.0029787 -0.0450225
5
1
0.585498 12.097 3.05793
0.0191323 0.00485594 -0.0164316
6
1
0.450015 12.0689 3.14257
0.0689202 0.0110206 -0.0346469
7
1
0.210471 12.0371 3.24383
0.0750715 0.00447456 -0.0203986
8
1
0.490785 6.02367 0.0669795
0.000891418 -0.0503204 -0.00922266
9
1
0.908211 12.0056 0.18613
0.06778 -0.0141691 -0.0357346
10
1
-0.93736 12.0821 -0.289867
0.046151 0.0623766 0.00714835
11
1
-0.500092 6.02346 0.0421546
2.07599e-005 0.0487589 0.00885797
12
1
-0.210475 12.0369 3.24348
0.0750641 -0.00439315 0.0204435
13
1
-0.449738 12.0684 3.14205
0.068901 -0.0108759 0.0347065
14
1
-0.585019 12.0962 3.05737
0.0191003 -0.0047784 0.0164085
15
1
-0.655968 12.1085 2.98621
0.0433366 -0.00276007 0.0449487
16
1
-0.724997 12.1393 2.90156
0.0306326 -0.0208591 0.0460476
17
1
-0.778705 12.1885 2.81372
0.0272783 -0.0371717 0.0564928
18
1
-0.828203 12.2505 2.73593
0.0129176 -0.0214719 0.0197408
19
1
-0.866458 12.3056 2.69501
0.019639 -0.025894 0.0134843
20
1
-0.903478 12.3647 2.65634
0.0205385 -0.037229 0.0147951
21
1
-0.933836 12.4245 2.61442
0.0171618 -0.0250524 0.0182156
22
1
-0.952864 12.4811 2.56521
0.000971118 -0.0313063 0.0333367
23
1
-0.957579 12.5275 2.5116
0.00466242 -0.0197108 0.0228452
24
1
-0.957054 12.561 2.46571
0.00760389 -0.00744998 0.0107405
25
1
-0.946883 12.5897 2.42945
-0.00468766 -0.010588 0.0132079
26
1
-0.9281 12.6112 2.38562
-0.031036 -0.00558533 0.0263484
27
1
-0.901706 12.6237 2.33883
-0.023657 -0.00070704 0.0309434
28
1
-0.868778 12.6341 2.29015
-0.0176599 -0.00404304 0.0273395
29
1
-0.834205 12.646 2.24148
-0.0192321 -0.00988098 0.0245327
30
1
-0.800999 12.6566 2.19798
-0.014851 -0.00631623 0.0160656
31
1
-0.771472 12.6634 2.15992
-0.0120297 -0.00222907 0.0116309
32
1
-0.743734 12.6655 2.12273
-0.0109533 -0.000463845 0.00987762
33
1
-0.71836 12.665 2.08604
-0.00878149 0.00265176 0.0208757
34
1
-0.693954 12.662 2.0462
-0.00952298 0.00412367 0.0238438
35
1
-0.667574 12.6583 2.00066
-0.0124024 0.00400367 0.0188277
36
1
-0.638429 12.6533 1.95114
-0.0151841 0.00163287 0.031812
37
1
-0.60592 12.6482 1.89962
-0.0203855 0.00307635 0.0358166
38
1
-0.570856 12.6423 1.85063
-0.0208531 0.00575233 0.0201741
39
1
-0.536356 12.6352 1.80565
-0.0143866 0.00502035 0.0107183
40
1
-0.502106 12.6321 1.76572
-0.0139893 0.00599397 0.0179507
41
1
-0.471693 12.6323 1.72911
-0.0165477 0.00484369 0.0240299
42
1
-0.444019 12.6387 1.69252
-0.0164071 -0.00192936 0.0197682
43
1
-0.412295 12.6554 1.65761
-0.0204684 -0.0131372 0.017754
44
1
-0.389193 12.6841 1.61879
-0.0266902 -0.0385171 0.0201786
45
1
-0.369254 12.7156 1.5705
0.0108171 -0.0282684 0.0343287
46
1
-0.35998 12.7454 1.5109
-0.0150148 -0.00511272 0.0420788
47
1
-0.35166 12.7645 1.45616
-0.00776698 -0.0159385 0.0245483
48
1
-0.348773 12.7797 1.38442
0.0359417 -0.0113963 0.0681921
49
1
-0.353936 12.7921 1.32252
-0.013326 0.00431109 0.021302
50
1
-0.359731 12.8091 1.24692
0.017196 -0.0247089 0.0718722
51
1
-0.396534 12.8558 1.09829
0.0213566 -0.0136967 0.073676
52
1
-0.436493 12.8906 1.03003
-0.0264576 0.00654405 -0.0552608
53
1
-0.503389 12.9289 1.0193
0.0498913 0.00871442 0.0194588
54
1
-0.528896 12.9587 1.01582
0.000187541 -0.00771313 0.0194419
55
1
-0.591856 12.9373 0.980328
0.00504521 0.00127007 -0.00819101
56
1
0.212446 14.6789 1.26661
-0.0651878 -0.0311403 0.0292007
57
1
-0.191849 13.7129 0.00635978
-0.0417823 0.0137575 -0.0168273
58
1
0.0481159 16.0236 -0.0377211
-0.0506482 0.0351455 -0.0476592
59
1
-0.189108 13.7012 -0.0489297
0.0436022 -0.012909 -0.0072906
60
1
-0.301793 14.6451 -1.35481
-0.0458995 -0.0484912 0.0401707
61
1
-0.450141 12.9582 -0.953076
-0.0091878 0.00352106 -0.00803342
62
1
-0.38496 12.9747 -1.0191
-0.00183457 0.00164736 0.0224372
63
1
-0.348404 12.9521 -1.03941
-0.0612443 -0.0179356 0.0293122
64
1
-0.289165 12.9126 -1.08545
0.0345413 0.0143315 -0.0518872
65
1
-0.263414 12.8877 -1.14981
-0.025811 -0.00484864 0.073363
66
1
-0.238217 12.8576 -1.27896
-0.00278877 0.027907 0.0452225
67
1
-0.247955 12.8451 -1.34107
0.0203378 -0.00286566 0.0248038
68
1
-0.248407 12.8345 -1.39951
-0.0360348 0.0072767 0.0687051
69
1
-0.25598 12.8272 -1.46845
0.0166097 0.00848396 0.016674
70
1
-0.26642 12.8102 -1.52651
0.00682593 0.00556959 0.0514205
71
1
-0.2811 12.7796 -1.59293
-0.00156669 0.0359391 0.0394472
72
1
-0.308782 12.7485 -1.64099
0.0361317 0.0348435 0.0223218
73
1
-0.342403 12.7183 -1.68034
0.0271618 0.0115773 0.0197926
74
1
-0.383318 12.7032 -1.71725
0.0217177 0.00235909 0.020205
75
1
-0.419495 12.6969 -1.75506
0.0220655 -0.00269001 0.0215023
76
1
-0.458288 12.6944 -1.7905
0.0185402 -0.0032663 0.0147068
77
1
-0.501417 12.6942 -1.82529
0.0190166 -0.00277678 0.00896613
78
1
-0.545793 12.6948 -1.86254
0.0257331 -0.0024289 0.0152996
79
1
-0.588916 12.6955 -1.90426
0.0236268 0.000430262 0.0280808
80
1
-0.62819 12.6958 -1.94907
0.0175824 0.00108096 0.0282403
81
1
-0.662364 12.6963 -1.99495
0.0144501 -0.00164688 0.0204343
82
1
-0.692593 12.6962 -2.03901
0.0109848 -0.00189722 0.0235094
83
1
-0.720098 12.6959 -2.07834
0.00998824 -0.000962785 0.0200321
84
1
-0.748106 12.6934 -2.11484
0.0119807 0.00145377 0.010045
85
1
-0.778094 12.6881 -2.15175
0.0127147 0.00331381 0.0116257
86
1
-0.809215 12.6776 -2.18949
0.0152718 0.00801296 0.016007
87
1
-0.843288 12.6628 -2.23264
0.0192794 0.0124232 0.0242151
88
1
-0.877961 12.6465 -2.28083
0.0172745 0.00646391 0.0266205
89
1
-0.911135 12.6325 -2.32964
0.0234182 0.00312904 0.0308929
90
1
-0.93807 12.617 -2.37724
0.031289 0.00744945 0.0277359
91
1
-0.956969 12.5933 -2.42157
0.00484385 0.0112706 0.0137905
92
1
-0.966922 12.5633 -2.45838
-0.00761926 0.00782679 0.0108862
93
1
-0.966417 12.5284 -2.5046
-0.00553728 0.0195007 0.0231973
94
1
-0.959841 12.4819 -2.55913
-0.00255031 0.0301655 0.0337177
95
1
-0.939251 12.426 -2.60947
-0.0175917 0.0250559 0.0190352
96
1
-0.907503 12.3663 -2.65272
-0.0210317 0.0371077 0.0158031
97
1
-0.869297 12.3073 -2.69255
-0.0201232 0.0258546 0.014141
98
1
-0.830231 12.2521 -2.7345
-0.0132324 0.0215158 0.0200779
99
1
-0.78005 12.1901 -2.81333
-0.0275455 0.0374665 0.0568713
100
1
-0.725921 12.1406 -2.90177
-0.0307499 0.0211131 0.0461943
101
1
-0.656661 12.1095 -2.98668
-0.0433801 0.00297876 0.0450227
102
1
-0.585497 12.097 -3.05793
-0.0191323 0.00485595 0.0164316
103
1
-0.450015 12.0689 -3.14257
-0.0689201 0.0110207 0.034647
104
1
-0.210471 12.0371 -3.24383
-0.0750715 0.00447457 0.0203987
105
1
-0.490853 6.02365 -0.0667361
-0.000882628 -0.0503072 0.00923329
106
1
-0.907994 12.0058 -0.186094
-0.0678176 -0.0141701 0.0356628
107
1
0.937696 12.0819 0.2899
-0.0461389 0.0623929 -0.00708382
108
1
0.500143 6.02344 -0.0419011
-1.07454e-005 0.0487466 -0.00886732
109
1
0.210475 12.0369 -3.24347
-0.0750641 -0.00439317 -0.0204435
110
1
0.449737 12.0684 -3.14205
-0.0689009 -0.0108759 -0.0347065
111
1
0.585018 12.0962 -3.05737
-0.0191002 -0.00477842 -0.0164085
112
1
0.655967 12.1085 -2.98621
-0.0433366 -0.00276012 -0.0449488
113
1
0.724996 12.1393 -2.90156
-0.0306325 -0.0208591 -0.0460476
114
1
0.778704 12.1885 -2.81372
-0.0272781 -0.0371718 -0.056493
115
1
0.828202 12.2505 -2.73593
-0.0129175 -0.0214719 -0.0197409
116
1
0.866456 12.3056 -2.69501
-0.019639 -0.025894 -0.0134845
117
1
0.903476 12.3647 -2.65633
-0.0205383 -0.037229 -0.0147954
118
1
0.933833 12.4245 -2.61441
-0.0171617 -0.0250523 -0.0182159
119
1
0.952861 12.4811 -2.5652
-0.000971134 -0.0313059 -0.0333371
120
1
0.957576 12.5275 -2.5116
-0.00466237 -0.0197106 -0.0228455
121
1
0.957051 12.561 -2.46571
-0.0076038 -0.00744997 -0.0107406
122
1
0.94688 12.5897 -2.42944
0.0046878 -0.0105879 -0.013208
123
1
0.928097 12.6112 -2.38562
0.0310361 -0.00558524 -0.0263484
124
1
0.901702 12.6237 -2.33882
0.023657 -0.000707059 -0.0309434
125
1
0.868774 12.6341 -2.29015
0.01766 -0.0040431 -0.0273396
126
1
0.8342 12.646 -2.24147
0.0192322 -0.00988106 -0.0245329
127
1
0.800995 12.6566 -2.19798
0.0148511 -0.00631628 -0.0160658
128
1
0.771467 12.6634 -2.15991
0.0120298 -0.0022291 -0.011631
129
1
0.74373 12.6655 -2.12272
0.0109533 -0.000463889 -0.00987776
130
1
0.718355 12.665 -2.08603
0.00878154 0.00265169 -0.0208758
131
1
0.693949 12.662 -2.04619
0.00952302 0.0041236 -0.0238438
132
1
0.667569 12.6583 -2.00066
0.0124024 0.00400358 -0.0188273
133
1
0.638424 12.6533 -1.95114
0.0151842 0.00163276 -0.0318116
134
1
0.605914 12.6482 -1.89961
0.0203859 0.00307619 -0.0358163
135
1
0.57085 12.6423 -1.85063
0.0208536 0.0057522 -0.020174
136
1
0.536348 12.6352 -1.80564
0.0143872 0.00502033 -0.0107183
137
1
0.502098 12.6321 -1.76572
0.01399 0.00599398 -0.0179504
138
1
0.471684 12.6323 -1.7291
0.0165483 0.00484368 -0.0240293
139
1
0.444009 12.6387 -1.69251
0.0164075 -0.00192941 -0.0197679
140
1
0.412285 12.6554 -1.6576
0.0204684 -0.0131372 -0.017754
141
1
0.389183 12.6841 -1.61878
0.0266892 -0.0385161 -0.0201792
142
1
0.369244 12.7156 -1.57049
-0.0108169 -0.028268 -0.0343298
143
1
0.359969 12.7454 -1.51089
0.0150151 -0.00511282 -0.0420801
144
1
0.351648 12.7645 -1.45616
0.00776776 -0.0159383 -0.0245485
145
1
0.34876 12.7797 -1.38441
-0.0359403 -0.0113959 -0.0681929
146
1
0.353922 12.7921 -1.32251
0.0133264 0.00431209 -0.0213038
147
1
0.359714 12.8091 -1.24691
-0.0171913 -0.024705 -0.0718747
148
1
0.396504 12.8558 -1.09826
-0.0213462 -0.0136996 -0.0736784
149
1
0.436466 12.8906 -1.03001
0.0264519 0.00655567 0.0552765
150
1
0.503368 12.9289 -1.01928
-0.0498894 0.00872157 -0.0194638
151
1
0.528882 12.9587 -1.01581
-0.000185857 -0.00771612 -0.0194482
152
1
0.591833 12.9373 -0.980318
-0.00504615 0.00127292 0.00819244
153
1
-0.212391 14.6789 -1.26666
0.0651769 -0.0311474 -0.0292175
154
1
0.191849 13.7129 -0.00635501
0.0417835 0.0137575 0.0168262
155
1
-0.0481114 16.0236 0.0377472
0.0506483 0.0351443 0.04766
156
1
0.189111 13.7012 0.048935
-0.0436017 -0.0129087 0.00729154
157
1
0.301816 14.6451 1.35479
0.0459079 -0.0484979 -0.040153
158
1
0.450143 12.9583 0.953092
0.00918685 0.0035232 0.00803228
159
1
0.384961 12.9747 1.01911
0.00183535 0.00164916 -0.0224333
160
1
0.348407 12.9521 1.03943
0.061254 -0.0179244 -0.02931
161
1
0.289168 12.9126 1.08547
-0.03455 0.0143284 0.0518716
162
1
0.263419 12.8877 1.14983
0.0258228 -0.00484344 -0.0733592
163
1
0.238216 12.8577 1.27898
0.00278872 0.0279094 -0.0452252
164
1
0.247953 12.8451 1.34108
-0.0203394 -0.00286681 -0.0248053
165
1
0.248404 12.8345 1.39953
0.0360336 0.00727784 -0.0687056
166
1
0.255978 12.8272 1.46847
-0.0166094 0.00848415 -0.0166747
167
1
0.266418 12.8102 1.52653
-0.00682804 0.00556973 -0.0514195
168
1
0.281099 12.7796 1.59295
0.00156642 0.0359397 -0.0394477
169
1
0.308781 12.7485 1.64101
-0.0361305 0.0348433 -0.0223213
170
1
0.342403 12.7183 1.68036
-0.0271615 0.011577 -0.0197922
171
1
0.383318 12.7032 1.71727
-0.0217177 0.00235879 -0.0202047
172
1
0.419494 12.6969 1.75507
-0.0220657 -0.00269032 -0.0215019
173
1
0.458288 12.6944 1.79052
-0.0185403 -0.0032665 -0.0147062
174
1
0.501418 12.6942 1.8253
-0.0190166 -0.00277697 -0.00896562
175
1
0.545794 12.6948 1.86256
-0.0257332 -0.00242911 -0.0152987
176
1
0.588918 12.6955 1.90427
-0.0236271 0.000430244 -0.0280797
177
1
0.628192 12.6958 1.94908
-0.0175828 0.00108115 -0.0282399
178
1
0.662368 12.6963 1.99496
-0.0144506 -0.0016466 -0.0204347
179
1
0.692597 12.6962 2.03902
-0.0109851 -0.00189693 -0.0235092
180
1
0.720103 12.696 2.07835
-0.0099885 -0.000962577 -0.0200318
181
1
0.748111 12.6934 2.11485
-0.0119809 0.0014539 -0.0100449
182
1
0.7781 12.6881 2.15175
-0.0127148 0.00331396 -0.0116255
183
1
0.80922 12.6776 2.1895
-0.0152717 0.00801317 -0.0160067
184
1
0.843294 12.6628 2.23265
-0.0192793 0.0124235 -0.0242146
185
1
0.877966 12.6465 2.28083
-0.0172744 0.0064642 -0.0266202
186
1
0.911141 12.6325 2.32965
-0.0234182 0.0031294 -0.030893
187
1
0.938076 12.617 2.37725
-0.031289 0.00744985 -0.027736
188
1
0.956974 12.5933 2.42158
-0.00484371 0.0112708 -0.0137904
189
1
0.966927 12.5633 2.45839
0.00761939 0.00782684 -0.010886
190
1
0.966421 12.5284 2.50461
0.00553748 0.019501 -0.023197
191
1
0.959845 12.4819 2.55914
0.00255054 0.0301659 -0.0337172
192
1
0.939255 12.426 2.60948
0.0175919 0.025056 -0.0190349
193
1
0.907506 12.3663 2.65272
0.0210319 0.0371077 -0.0158027
