194
0
1
0.471659 10.6461 1.73118
0.0260566 0.0403345 -0.0285037
1
1
0.421639 10.5671 1.78021
0.0266176 0.036727 -0.0186641
2
1
0.375195 10.4807 1.82563
0.0216193 0.0470216 -0.0174037
3
1
0.337064 10.3864 1.87564
0.0211844 0.0486414 -0.0233145
4
1
0.314492 10.3017 1.93242
-0.00458353 0.0364328 -0.0327346
5
1
0.296568 10.2314 1.99248
-0.00218153 0.0219563 -0.0189667
6
1
0.246735 10.1513 2.07997
0.0511665 0.0287887 -0.0512352
7
1
0.120802 10.0393 2.19555
0.0449471 0.0501372 -0.0317753
8
1
0.678228 6.12444 0.0587985
0.0237867 -0.0434827 -0.00860618
9
1
0.465588 13.566 0.0825658
0.0473611 -0.0316338 0.00877168
10
1
-0.466065 13.5666 0.0799952
0.0473325 0.0314742 -0.00863728
11
1
-0.680265 6.1242 0.0510542
0.0236056 0.0433961 0.00956651
12
1
-0.12081 10.0393 2.19555
0.0449473 -0.050137 0.0317755
13
1
-0.246743 10.1513 2.07997
0.0511662 -0.0287888 0.0512355
14
1
-0.296575 10.2314 1.99248
-0.00218161 -0.0219564 0.0189668
15
1
-0.3145 10.3017 1.93242
-0.00458354 -0.0364329 0.0327346
16
1
-0.337072 10.3864 1.87564
0.0211844 -0.0486414 0.0233146
17
1
-0.375203 10.4807 1.82563
0.0216193 -0.0470216 0.0174039
18
1
-0.421647 10.5671 1.7802
0.0266176 -0.036727 0.0186643
19
1
-0.471666 10.6461 1.73118
0.0260566 -0.0403345 0.0285038
20
1
-0.51558 10.7193 1.67449
0.0219777 -0.0384588 0.0321422
21
1
-0.550335 10.7888 1.60689
0.013184 -0.0289524 0.0302961
22
1
-0.573279 10.8505 1.53108
0.00891714 -0.0309985 0.0449591
23
1
-0.59037 10.908 1.45152
0.00894042 -0.0295831 0.0433943
24
1
-0.604955 10.9596 1.37792
0.00574331 -0.0196913 0.0280609
25
1
-0.616661 11.0047 1.31288
0.00395871 -0.0218325 0.0297304
26
1
-0.624086 11.0493 1.25271
0.000803267 -0.0225412 0.0306545
27
1
-0.628031 11.0939 1.19618
-0.000154147 -0.0189426 0.0273786
28
1
-0.632143 11.1381 1.141
0.00235559 -0.0184269 0.0247632
29
1
-0.636982 11.1834 1.0856
0.00640763 -0.0234888 0.0283978
30
1
-0.639332 11.229 1.03386
0.00140586 -0.0215874 0.0219754
31
1
-0.638438 11.2755 0.985543
-0.0021805 -0.0213945 0.0204965
32
1
-0.633388 11.3233 0.936936
-0.00411053 -0.0257901 0.0263257
33
1
-0.624015 11.3713 0.890199
-0.0078324 -0.0277463 0.0261165
34
1
-0.612362 11.4201 0.84634
-0.00841734 -0.0270227 0.0221072
35
1
-0.598993 11.4707 0.803331
-0.00664787 -0.0265368 0.0219113
36
1
-0.585797 11.5218 0.761802
-0.00697123 -0.0256711 0.0214763
37
1
-0.571864 11.5716 0.721849
-0.00777778 -0.0256695 0.0208001
38
1
-0.55745 11.6203 0.683408
-0.00701831 -0.0233673 0.0186529
39
1
-0.542347 11.6668 0.648518
-0.00652112 -0.0186154 0.0143904
40
1
-0.527529 11.7097 0.61829
-0.00757533 -0.0182782 0.0120579
41
1
-0.513817 11.7508 0.590548
-0.00743327 -0.0197749 0.0110269
42
1
-0.500699 11.7922 0.563132
-0.00632586 -0.0195428 0.0120746
43
1
-0.488437 11.8342 0.535232
-0.00646507 -0.0207107 0.0143194
44
1
-0.477634 11.8775 0.506805
-0.00669167 -0.0245616 0.0153103
45
1
-0.468336 11.9229 0.477683
-0.00500194 -0.0249063 0.0136316
46
1
-0.461275 11.9697 0.448727
-0.00359559 -0.0214211 0.0118471
47
1
-0.456871 12.0146 0.418955
-0.00301171 -0.0220379 0.0133891
48
1
-0.455325 12.0589 0.386493
-0.000578585 -0.0241914 0.0184091
49
1
-0.456267 12.1015 0.351967
0.0022219 -0.0225821 0.0194532
50
1
-0.460778 12.1419 0.316665
0.00449951 -0.0199603 0.0168272
51
1
-0.468711 12.1813 0.279616
0.0068262 -0.0207126 0.0177618
52
1
-0.479311 12.2192 0.241767
0.00857716 -0.021071 0.0189189
53
1
-0.491948 12.2539 0.203647
0.00978525 -0.0208921 0.0191613
54
1
-0.504231 12.2834 0.164231
0.00932431 -0.0198521 0.0202119
55
1
-0.514885 12.3062 0.1233
0.00448642 -0.01209 0.0212277
56
1
-0.523047 12.3223 0.0826954
0.00330497 -0.00810777 0.0213445
57
1
-0.527873 12.3311 0.040944
0.00261955 -0.00483168 0.0206551
58
1
-0.529942 12.3335 -5.0386e-006
-1.3928e-007 -2.00073e-009 0.0202926
59
1
-0.527873 12.3311 -0.040954
-0.00261983 0.00483169 0.020655
60
1
-0.523046 12.3223 -0.0827053
-0.00330525 0.00810779 0.0213444
61
1
-0.514883 12.3062 -0.123309
-0.00448668 0.0120901 0.0212276
62
1
-0.504229 12.2834 -0.164241
-0.00932455 0.0198523 0.0202118
63
1
-0.491945 12.2539 -0.203656
-0.00978547 0.0208923 0.0191611
64
1
-0.479307 12.2192 -0.241776
-0.00857737 0.0210712 0.0189187
65
1
-0.468707 12.1813 -0.279624
-0.00682635 0.0207128 0.0177616
66
1
-0.460773 12.1419 -0.316672
-0.00449961 0.0199604 0.016827
67
1
-0.456263 12.1015 -0.351975
-0.00222198 0.0225823 0.0194529
68
1
-0.455321 12.0589 -0.3865
0.000578528 0.0241915 0.0184089
69
1
-0.456866 12.0146 -0.418962
0.00301168 0.022038 0.0133889
70
1
-0.46127 11.9697 -0.448733
0.00359558 0.0214212 0.011847
71
1
-0.46833 11.9229 -0.477689
0.00500194 0.0249064 0.0136314
72
1
-0.477628 11.8775 -0.506811
0.00669168 0.0245616 0.0153102
73
1
-0.488432 11.8342 -0.535238
0.00646508 0.0207107 0.0143193
74
1
-0.500693 11.7922 -0.563137
0.00632587 0.0195428 0.0120745
75
1
-0.513812 11.7508 -0.590553
0.00743328 0.0197749 0.0110269
76
1
-0.527524 11.7097 -0.618295
0.00757533 0.0182782 0.0120579
77
1
-0.542341 11.6668 -0.648523
0.00652112 0.0186154 0.0143904
78
1
-0.557444 11.6203 -0.683413
0.00701831 0.0233673 0.0186529
79
1
-0.571858 11.5716 -0.721853
0.00777777 0.0256695 0.0208001
80
1
-0.585791 11.5218 -0.761807
0.00697122 0.0256711 0.0214762
81
1
-0.598987 11.4707 -0.803336
0.00664785 0.0265368 0.0219112
82
1
-0.612356 11.4201 -0.846344
0.00841733 0.0270227 0.0221071
83
1
-0.62401 11.3713 -0.890203
0.00783238 0.0277463 0.0261164
84
1
-0.633383 11.3233 -0.93694
0.00411051 0.0257901 0.0263256
85
1
-0.638432 11.2755 -0.985547
0.00218048 0.0213945 0.0204965
86
1
-0.639326 11.229 -1.03386
-0.00140589 0.0215873 0.0219753
87
1
-0.636976 11.1834 -1.0856
-0.00640766 0.0234888 0.0283977
88
1
-0.632137 11.1381 -1.14101
-0.00235562 0.0184269 0.0247631
89
1
-0.628024 11.0939 -1.19619
0.00015412 0.0189426 0.0273785
90
1
-0.62408 11.0493 -1.25271
-0.000803305 0.0225412 0.0306544
91
1
-0.616654 11.0047 -1.31289
-0.00395876 0.0218325 0.0297303
92
1
-0.604949 10.9596 -1.37792
-0.00574335 0.0196912 0.0280609
93
1
-0.590364 10.908 -1.45152
-0.00894049 0.029583 0.0433942
94
1
-0.573273 10.8505 -1.53108
-0.00891721 0.0309985 0.044959
95
1
-0.550328 10.7888 -1.60689
-0.0131841 0.0289524 0.030296
96
1
-0.515573 10.7193 -1.6745
-0.0219778 0.0384588 0.0321421
97
1
-0.471659 10.6461 -1.73118
-0.0260566 0.0403345 0.0285037
98
1
-0.421639 10.5671 -1.78021
-0.0266176 0.036727 0.0186641
99
1
-0.375195 10.4807 -1.82563
-0.0216193 0.0470216 0.0174037
100
1
-0.337064 10.3864 -1.87564
-0.0211844 0.0486414 0.0233145
101
1
-0.314492 10.3017 -1.93243
0.00458353 0.0364328 0.0327345
102
1
-0.296568 10.2314 -1.99248
0.00218153 0.0219563 0.0189667
103
1
-0.246735 10.1513 -2.07997
-0.0511665 0.0287887 0.0512352
104
1
-0.120802 10.0393 -2.19555
-0.0449471 0.0501372 0.0317753
105
1
-0.678223 6.12444 -0.0588205
-0.0237877 -0.0434831 0.00860414
106
1
-0.465588 13.566 -0.0825685
-0.0473611 -0.031634 -0.00877192
107
1
0.466064 13.5666 -0.0799978
-0.0473325 0.0314745 0.00863752
108
1
0.68026 6.1242 -0.0510765
-0.0236067 0.0433965 -0.00956449
109
1
0.12081 10.0393 -2.19555
-0.0449473 -0.050137 -0.0317755
110
1
0.246743 10.1513 -2.07997
-0.0511662 -0.0287888 -0.0512355
111
1
0.296575 10.2313 -1.99248
0.00218161 -0.0219564 -0.0189668
112
1
0.3145 10.3017 -1.93242
0.00458354 -0.0364329 -0.0327346
113
1
0.337072 10.3864 -1.87564
-0.0211844 -0.0486414 -0.0233146
114
1
0.375203 10.4807 -1.82563
-0.0216193 -0.0470216 -0.0174039
115
1
0.421647 10.5671 -1.7802
-0.0266176 -0.036727 -0.0186643
116
1
0.471666 10.6461 -1.73118
-0.0260566 -0.0403345 -0.0285038
117
1
0.51558 10.7193 -1.67449
-0.0219778 -0.0384588 -0.0321422
118
1
0.550335 10.7888 -1.60689
-0.013184 -0.0289524 -0.0302961
119
1
0.573279 10.8505 -1.53108
-0.00891714 -0.0309985 -0.0449592
120
1
0.59037 10.908 -1.45152
-0.00894042 -0.0295831 -0.0433943
121
1
0.604955 10.9596 -1.37792
-0.00574331 -0.0196913 -0.0280609
122
1
0.616661 11.0047 -1.31288
-0.00395871 -0.0218325 -0.0297304
123
1
0.624086 11.0493 -1.25271
-0.000803266 -0.0225412 -0.0306545
124
1
0.628031 11.0939 -1.19618
0.000154147 -0.0189426 -0.0273786
125
1
0.632143 11.1381 -1.141
-0.00235559 -0.0184269 -0.0247632
126
1
0.636982 11.1834 -1.0856
-0.00640763 -0.0234888 -0.0283978
127
1
0.639332 11.229 -1.03386
-0.00140586 -0.0215874 -0.0219754
128
1
0.638438 11.2755 -0.985543
0.0021805 -0.0213945 -0.0204965
129
1
0.633388 11.3233 -0.936936
0.00411053 -0.0257901 -0.0263257
130
1
0.624015 11.3713 -0.890199
0.0078324 -0.0277463 -0.0261165
131
1
0.612362 11.4201 -0.84634
0.00841734 -0.0270227 -0.0221072
132
1
0.598993 11.4707 -0.803331
0.00664786 -0.0265368 -0.0219113
133
1
0.585797 11.5218 -0.761802
0.00697123 -0.0256711 -0.0214763
134
1
0.571864 11.5716 -0.721849
0.00777778 -0.0256695 -0.0208001
135
1
0.55745 11.6203 -0.683408
0.00701831 -0.0233673 -0.0186529
136
1
0.542347 11.6668 -0.648518
0.00652112 -0.0186154 -0.0143904
137
1
0.527529 11.7097 -0.61829
0.00757533 -0.0182782 -0.0120579
138
1
0.513817 11.7508 -0.590548
0.00743327 -0.0197749 -0.0110269
139
1
0.500699 11.7922 -0.563132
0.00632586 -0.0195428 -0.0120746
140
1
0.488437 11.8342 -0.535232
0.00646507 -0.0207107 -0.0143194
141
1
0.477634 11.8775 -0.506805
0.00669167 -0.0245616 -0.0153103
142
1
0.468336 11.9229 -0.477683
0.00500194 -0.0249063 -0.0136316
143
1
0.461275 11.9697 -0.448727
0.00359559 -0.0214211 -0.0118471
144
1
0.456871 12.0146 -0.418955
0.00301171 -0.0220379 -0.0133891
145
1
0.455325 12.0589 -0.386493
0.000578584 -0.0241914 -0.0184091
146
1
0.456267 12.1015 -0.351967
-0.0022219 -0.0225821 -0.0194532
147
1
0.460778 12.1419 -0.316665
-0.00449951 -0.0199603 -0.0168272
148
1
0.468711 12.1813 -0.279616
-0.0068262 -0.0207126 -0.0177618
149
1
0.479311 12.2192 -0.241767
-0.00857716 -0.021071 -0.0189189
150
1
0.491948 12.2539 -0.203647
-0.00978525 -0.0208921 -0.0191613
151
1
0.504231 12.2834 -0.164231
-0.00932431 -0.0198521 -0.0202119
152
1
0.514885 12.3062 -0.1233
-0.00448642 -0.01209 -0.0212277
153
1
0.523047 12.3223 -0.0826955
-0.00330497 -0.00810777 -0.0213445
154
1
0.527873 12.3311 -0.040944
-0.00261954 -0.00483169 -0.0206551
155
1
0.529942 12.3335 5.02003e-006
1.405e-007 -3.65286e-009 -0.0202926
156
1
0.527873 12.3311 0.040954
0.00261983 0.00483169 -0.020655
157
1
0.523046 12.3223 0.0827052
0.00330525 0.00810779 -0.0213444
158
1
0.514883 12.3062 0.123309
0.00448669 0.0120901 -0.0212276
159
1
0.504229 12.2834 0.164241
0.00932455 0.0198523 -0.0202118
160
1
0.491945 12.2539 0.203656
0.00978547 0.0208923 -0.0191611
161
1
0.479307 12.2192 0.241776
0.00857737 0.0210712 -0.0189187
162
1
0.468707 12.1813 0.279624
0.00682635 0.0207128 -0.0177616
163
1
0.460773 12.1419 0.316672
0.00449961 0.0199604 -0.016827
164
1
0.456263 12.1015 0.351975
0.00222198 0.0225823 -0.0194529
165
1
0.455321 12.0589 0.3865
-0.000578528 0.0241915 -0.0184089
166
1
0.456866 12.0146 0.418962
-0.00301168 0.022038 -0.0133889
167
1
0.46127 11.9697 0.448733
-0.00359558 0.0214212 -0.011847
168
1
0.46833 11.9229 0.477689
-0.00500194 0.0249064 -0.0136314
169
1
0.477628 11.8775 0.506811
-0.00669168 0.0245616 -0.0153102
170
1
0.488432 11.8342 0.535238
-0.00646508 0.0207107 -0.0143193
171
1
0.500693 11.7922 0.563137
-0.00632587 0.0195428 -0.0120745
172
1
0.513812 11.7508 0.590553
-0.00743328 0.0197749 -0.0110269
173
1
0.527524 11.7097 0.618295
-0.00757533 0.0182782 -0.0120579
174
1
0.542341 11.6668 0.648523
-0.00652112 0.0186154 -0.0143904
175
1
0.557444 11.6203 0.683413
-0.00701831 0.0233673 -0.0186529
176
1
0.571858 11.5716 0.721853
-0.00777777 0.0256695 -0.0208001
177
1
0.585791 11.5218 0.761807
-0.00697122 0.0256711 -0.0214762
178
1
0.598987 11.4707 0.803336
-0.00664785 0.0265368 -0.0219112
179
1
0.612356 11.4201 0.846344
-0.00841733 0.0270227 -0.0221071
180
1
0.62401 11.3713 0.890203
-0.00783238 0.0277463 -0.0261164
181
1
0.633383 11.3233 0.93694
-0.00411051 0.0257901 -0.0263256
182
1
0.638432 11.2755 0.985547
-0.00218048 0.0213945 -0.0204965
183
1
0.639326 11.229 1.03386
0.00140589 0.0215873 -0.0219753
184
1
0.636976 11.1834 1.0856
0.00640766 0.0234888 -0.0283977
185
1
0.632137 11.1381 1.14101
0.00235562 0.0184269 -0.0247631
186
1
0.628024 11.0939 1.19619
-0.00015412 0.0189426 -0.0273785
187
1
0.62408 11.0493 1.25271
0.000803306 0.0225412 -0.0306544
188
1
0.616654 11.0047 1.31289
0.00395876 0.0218325 -0.0297303
189
1
0.604949 10.9596 1.37792
0.00574335 0.0196912 -0.0280609
190
1
0.590364 10.908 1.45152
0.00894049 0.029583 -0.0433942
191
1
0.573273 10.8505 1.53108
0.00891721 0.0309985 -0.044959
192
1
0.550328 10.7888 1.60689
0.0131841 0.0289524 -0.030296
193
1
0.515573 10.7193 1.6745
0.0219778 0.0384588 -0.0321421
