194
0
1
0.873159 2.61524 1.50531
0.0330394 -0.0226632 -0.0226638
1
1
0.806332 2.65933 1.5475
0.0359255 -0.0224286 -0.0208684
2
1
0.732541 2.70276 1.58688
0.0388437 -0.0216375 -0.0185503
3
1
0.651986 2.74391 1.62247
0.0422171 -0.0207203 -0.0164389
4
1
0.564467 2.781 1.65351
0.0449937 -0.0177201 -0.0139331
5
1
0.470818 2.81201 1.6805
0.0476885 -0.0142984 -0.0121163
6
1
0.371919 2.83645 1.70348
0.0503542 -0.0108588 -0.0101534
7
1
0.268708 2.85419 1.72153
0.0523768 -0.00751047 -0.00782924
8
1
0.16241 2.86612 1.73353
0.0536491 -0.00474868 -0.00441721
9
1
0.0543289 2.87264 1.73902
0.054373 -0.00167411 -0.00111923
10
1
-0.0543289 2.87264 1.73902
0.054373 0.00167411 0.00111923
11
1
-0.16241 2.86612 1.73353
0.0536491 0.00474868 0.00441721
12
1
-0.268708 2.85419 1.72153
0.0523768 0.00751047 0.00782924
13
1
-0.371919 2.83645 1.70348
0.0503542 0.0108588 0.0101534
14
1
-0.470818 2.81201 1.6805
0.0476885 0.0142984 0.0121163
15
1
-0.564467 2.781 1.65351
0.0449937 0.0177201 0.0139331
16
1
-0.651986 2.74391 1.62247
0.0422171 0.0207203 0.0164389
17
1
-0.732541 2.70276 1.58688
0.0388437 0.0216375 0.0185503
18
1
-0.806332 2.65933 1.5475
0.0359255 0.0224286 0.0208684
19
1
-0.873159 2.61524 1.50531
0.0330394 0.0226632 0.0226638
20
1
-0.932888 2.57106 1.46208
0.0287953 0.0223812 0.0222942
21
1
-0.985793 2.52636 1.41861
0.0249481 0.0228012 0.0220904
22
1
-1.03222 2.48114 1.37539
0.0215021 0.0231806 0.0216027
23
1
-1.07257 2.43536 1.33197
0.018743 0.0233136 0.0213514
24
1
-1.10715 2.38935 1.28843
0.0158148 0.0233732 0.0213691
25
1
-1.13685 2.34382 1.24445
0.0135898 0.0230484 0.0219972
26
1
-1.16201 2.29917 1.19947
0.0117091 0.0223252 0.0224015
27
1
-1.18292 2.25513 1.15423
0.00971687 0.0217478 0.0224753
28
1
-1.20026 2.21171 1.10905
0.0077865 0.0214979 0.0228463
29
1
-1.21407 2.16871 1.06392
0.00614753 0.0215582 0.0227615
30
1
-1.22421 2.12561 1.01943
0.00483714 0.0219145 0.0217381
31
1
-1.23078 2.08215 0.976234
0.0036095 0.0221124 0.0208258
32
1
-1.23381 2.03874 0.934382
0.00197861 0.0218806 0.0205263
33
1
-1.23269 1.99585 0.893655
-0.000390494 0.0214802 0.0201306
34
1
-1.22685 1.95335 0.854357
-0.00324888 0.021192 0.0192938
35
1
-1.21657 1.91109 0.816694
-0.0059949 0.0208951 0.0185018
36
1
-1.20262 1.86934 0.780224
-0.00837688 0.0202911 0.0181669
37
1
-1.18549 1.82891 0.74386
-0.0105353 0.0193272 0.0181973
38
1
-1.16509 1.79044 0.706923
-0.0125275 0.0182195 0.0183408
39
1
-1.14128 1.75405 0.669467
-0.0141998 0.0172294 0.0184794
40
1
-1.11446 1.71934 0.631819
-0.0154427 0.016478 0.0186106
41
1
-1.08552 1.6859 0.593945
-0.0163112 0.0159903 0.018701
42
1
-1.05508 1.6536 0.555675
-0.0169316 0.0157627 0.0186593
43
1
-1.02308 1.62257 0.517162
-0.0173934 0.0157649 0.0184122
44
1
-0.989142 1.5926 0.479232
-0.0177529 0.0159112 0.0179474
45
1
-0.953181 1.56301 0.442961
-0.0180528 0.0160874 0.0172713
46
1
-0.915835 1.5329 0.409102
-0.0182965 0.0161827 0.016421
47
1
-0.878328 1.50174 0.377541
-0.0184333 0.0161438 0.015495
48
1
-0.841948 1.46975 0.347438
-0.0183608 0.0159607 0.0146569
49
1
-0.807629 1.43781 0.317598
-0.0179388 0.0156715 0.0141053
50
1
-0.775882 1.40706 0.287108
-0.0170521 0.0152651 0.0139821
51
1
-0.747064 1.3784 0.255464
-0.0156505 0.014738 0.0143407
52
1
-0.72155 1.35243 0.222485
-0.0137717 0.0139314 0.0151136
53
1
-0.699714 1.3296 0.188089
-0.0115122 0.0127093 0.0161498
54
1
-0.681819 1.31025 0.152316
-0.0090257 0.0110142 0.0172498
55
1
-0.668022 1.29478 0.115299
-0.00648549 0.00884684 0.0182129
56
1
-0.658295 1.28344 0.0773358
-0.0040797 0.00623453 0.0188919
57
1
-0.652501 1.27654 0.0387747
-0.00193793 0.00322799 0.019252
58
1
-0.65051 1.27411 -2.65713e-015
-5.057e-017 -1.44019e-016 0.0193694
59
1
-0.652501 1.27654 -0.0387747
0.00193793 -0.00322799 0.019252
60
1
-0.658295 1.28344 -0.0773358
0.0040797 -0.00623453 0.0188919
61
1
-0.668022 1.29478 -0.115299
0.00648549 -0.00884684 0.0182129
62
1
-0.681819 1.31025 -0.152316
0.0090257 -0.0110142 0.0172498
63
1
-0.699714 1.3296 -0.188089
0.0115122 -0.0127093 0.0161498
64
1
-0.72155 1.35243 -0.222485
0.0137717 -0.0139314 0.0151136
65
1
-0.747064 1.3784 -0.255464
0.0156505 -0.014738 0.0143407
66
1
-0.775882 1.40706 -0.287108
0.0170521 -0.0152651 0.0139821
67
1
-0.807629 1.43781 -0.317598
0.0179388 -0.0156715 0.0141053
68
1
-0.841948 1.46975 -0.347438
0.0183608 -0.0159607 0.0146569
69
1
-0.878328 1.50174 -0.377541
0.0184333 -0.0161438 0.015495
70
1
-0.915835 1.5329 -0.409102
0.0182965 -0.0161827 0.016421
71
1
-0.953181 1.56301 -0.442961
0.0180528 -0.0160874 0.0172713
72
1
-0.989142 1.5926 -0.479232
0.0177529 -0.0159112 0.0179474
73
1
-1.02308 1.62257 -0.517162
0.0173934 -0.0157649 0.0184122
74
1
-1.05508 1.6536 -0.555675
0.0169316 -0.0157627 0.0186593
75
1
-1.08552 1.6859 -0.593945
0.0163112 -0.0159903 0.018701
76
1
-1.11446 1.71934 -0.631819
0.0154427 -0.016478 0.0186106
77
1
-1.14128 1.75405 -0.669467
0.0141998 -0.0172294 0.0184794
78
1
-1.16509 1.79044 -0.706923
0.0125275 -0.0182195 0.0183408
79
1
-1.18549 1.82891 -0.74386
0.0105353 -0.0193272 0.0181973
80
1
-1.20262 1.86934 -0.780224
0.00837688 -0.0202911 0.0181669
81
1
-1.21657 1.91109 -0.816694
0.0059949 -0.0208951 0.0185018
82
1
-1.22685 1.95335 -0.854357
0.00324888 -0.021192 0.0192938
83
1
-1.23269 1.99585 -0.893655
0.000390494 -0.0214802 0.0201306
84
1
-1.23381 2.03874 -0.934382
-0.00197861 -0.0218806 0.0205263
85
1
-1.23078 2.08215 -0.976234
-0.0036095 -0.0221124 0.0208258
86
1
-1.22421 2.12561 -1.01943
-0.00483714 -0.0219145 0.0217381
87
1
-1.21407 2.16871 -1.06392
-0.00614753 -0.0215582 0.0227615
88
1
-1.20026 2.21171 -1.10905
-0.0077865 -0.0214979 0.0228463
89
1
-1.18292 2.25513 -1.15423
-0.00971687 -0.0217478 0.0224753
90
1
-1.16201 2.29917 -1.19947
-0.0117091 -0.0223252 0.0224015
91
1
-1.13685 2.34382 -1.24445
-0.0135898 -0.0230484 0.0219972
92
1
-1.10715 2.38935 -1.28843
-0.0158148 -0.0233732 0.0213691
93
1
-1.07257 2.43536 -1.33197
-0.018743 -0.0233136 0.0213514
94
1
-1.03222 2.48114 -1.37539
-0.0215021 -0.0231806 0.0216027
95
1
-0.985793 2.52636 -1.41861
-0.0249481 -0.0228012 0.0220904
96
1
-0.932888 2.57106 -1.46208
-0.0287953 -0.0223812 0.0222942
97
1
-0.873159 2.61524 -1.50531
-0.0330394 -0.0226632 0.0226638
98
1
-0.806332 2.65933 -1.5475
-0.0359255 -0.0224286 0.0208684
99
1
-0.732541 2.70276 -1.58688
-0.0388437 -0.0216375 0.0185503
100
1
-0.651986 2.74391 -1.62247
-0.0422171 -0.0207203 0.0164389
101
1
-0.564467 2.781 -1.65351
-0.0449937 -0.0177201 0.0139331
102
1
-0.470818 2.81201 -1.6805
-0.0476885 -0.0142984 0.0121163
103
1
-0.371919 2.83645 -1.70348
-0.0503542 -0.0108588 0.0101534
104
1
-0.268708 2.85419 -1.72153
-0.0523768 -0.00751047 0.00782924
105
1
-0.16241 2.86612 -1.73353
-0.0536491 -0.00474868 0.00441721
106
1
-0.0543289 2.87264 -1.73902
-0.054373 -0.00167411 0.00111923
107
1
0.0543289 2.87264 -1.73902
-0.054373 0.00167411 -0.00111923
108
1
0.16241 2.86612 -1.73353
-0.0536491 0.00474868 -0.00441721
109
1
0.268708 2.85419 -1.72153
-0.0523768 0.00751047 -0.00782924
110
1
0.371919 2.83645 -1.70348
-0.0503542 0.0108588 -0.0101534
111
1
0.470818 2.81201 -1.6805
-0.0476885 0.0142984 -0.0121163
112
1
0.564467 2.781 -1.65351
-0.0449937 0.0177201 -0.0139331
113
1
0.651986 2.74391 -1.62247
-0.0422171 0.0207203 -0.0164389
114
1
0.732541 2.70276 -1.58688
-0.0388437 0.0216375 -0.0185503
115
1
0.806332 2.65933 -1.5475
-0.0359255 0.0224286 -0.0208684
116
1
0.873159 2.61524 -1.50531
-0.0330394 0.0226632 -0.0226638
117
1
0.932888 2.57106 -1.46208
-0.0287953 0.0223812 -0.0222942
118
1
0.985793 2.52636 -1.41861
-0.0249481 0.0228012 -0.0220904
119
1
1.03222 2.48114 -1.37539
-0.0215021 0.0231806 -0.0216027
120
1
1.07257 2.43536 -1.33197
-0.018743 0.0233136 -0.0213514
121
1
1.10715 2.38935 -1.28843
-0.0158148 0.0233732 -0.0213691
122
1
1.13685 2.34382 -1.24445
-0.0135898 0.0230484 -0.0219972
123
1
1.16201 2.29917 -1.19947
-0.0117091 0.0223252 -0.0224015
124
1
1.18292 2.25513 -1.15423
-0.00971687 0.0217478 -0.0224753
125
1
1.20026 2.21171 -1.10905
-0.0077865 0.0214979 -0.0228463
126
1
1.21407 2.16871 -1.06392
-0.00614753 0.0215582 -0.0227615
127
1
1.22421 2.12561 -1.01943
-0.00483714 0.0219145 -0.0217381
128
1
1.23078 2.08215 -0.976234
-0.0036095 0.0221124 -0.0208258
129
1
1.23381 2.03874 -0.934382
-0.00197861 0.0218806 -0.0205263
130
1
1.23269 1.99585 -0.893655
0.000390494 0.0214802 -0.0201306
131
1
1.22685 1.95335 -0.854357
0.00324888 0.021192 -0.0192938
132
1
1.21657 1.91109 -0.816694
0.0059949 0.0208951 -0.0185018
133
1
1.20262 1.86934 -0.780224
0.00837688 0.0202911 -0.0181669
134
1
1.18549 1.82891 -0.74386
0.0105353 0.0193272 -0.0181973
135
1
1.16509 1.79044 -0.706923
0.0125275 0.0182195 -0.0183408
136
1
1.14128 1.75405 -0.669467
0.0141998 0.0172294 -0.0184794
137
1
1.11446 1.71934 -0.631819
0.0154427 0.016478 -0.0186106
138
1
1.08552 1.6859 -0.593945
0.0163112 0.0159903 -0.018701
139
1
1.05508 1.6536 -0.555675
0.0169316 0.0157627 -0.0186593
140
1
1.02308 1.62257 -0.517162
0.0173934 0.0157649 -0.0184122
141
1
0.989142 1.5926 -0.479232
0.0177529 0.0159112 -0.0179474
142
1
0.953181 1.56301 -0.442961
0.0180528 0.0160874 -0.0172713
143
1
0.915835 1.5329 -0.409102
0.0182965 0.0161827 -0.016421
144
1
0.878328 1.50174 -0.377541
0.0184333 0.0161438 -0.015495
145
1
0.841948 1.46975 -0.347438
0.0183608 0.0159607 -0.0146569
146
1
0.807629 1.43781 -0.317598
0.0179388 0.0156715 -0.0141053
147
1
0.775882 1.40706 -0.287108
0.0170521 0.0152651 -0.0139821
148
1
0.747064 1.3784 -0.255464
0.0156505 0.014738 -0.0143407
149
1
0.72155 1.35243 -0.222485
0.0137717 0.0139314 -0.0151136
150
1
0.699714 1.3296 -0.188089
0.0115122 0.0127093 -0.0161498
151
1
0.681819 1.31025 -0.152316
0.0090257 0.0110142 -0.0172498
152
1
0.668022 1.29478 -0.115299
0.00648549 0.00884684 -0.0182129
153
1
0.658295 1.28344 -0.0773358
0.0040797 0.00623453 -0.0188919
154
1
0.652501 1.27654 -0.0387747
0.00193793 0.00322799 -0.019252
155
1
0.65051 1.27411 -2.09903e-015
-4.67502e-017 5.77394e-017 -0.0193694
156
1
0.652501 1.27654 0.0387747
-0.00193793 -0.00322799 -0.019252
157
1
0.658295 1.28344 0.0773358
-0.0040797 -0.00623453 -0.0188919
158
1
0.668022 1.29478 0.115299
-0.00648549 -0.00884684 -0.0182129
159
1
0.681819 1.31025 0.152316
-0.0090257 -0.0110142 -0.0172498
160
1
0.699714 1.3296 0.188089
-0.0115122 -0.0127093 -0.0161498
161
1
0.72155 1.35243 0.222485
-0.0137717 -0.0139314 -0.0151136
162
1
0.747064 1.3784 0.255464
-0.0156505 -0.014738 -0.0143407
163
1
0.775882 1.40706 0.287108
-0.0170521 -0.0152651 -0.0139821
164
1
0.807629 1.43781 0.317598
-0.0179388 -0.0156715 -0.0141053
165
1
0.841948 1.46975 0.347438
-0.0183608 -0.0159607 -0.0146569
166
1
0.878328 1.50174 0.377541
-0.0184333 -0.0161438 -0.015495
167
1
0.915835 1.5329 0.409102
-0.0182965 -0.0161827 -0.016421
168
1
0.953181 1.56301 0.442961
-0.0180528 -0.0160874 -0.0172713
169
1
0.989142 1.5926 0.479232
-0.0177529 -0.0159112 -0.0179474
170
1
1.02308 1.62257 0.517162
-0.0173934 -0.0157649 -0.0184122
171
1
1.05508 1.6536 0.555675
-0.0169316 -0.0157627 -0.0186593
172
1
1.08552 1.6859 0.593945
-0.0163112 -0.0159903 -0.018701
173
1
1.11446 1.71934 0.631819
-0.0154427 -0.016478 -0.0186106
174
1
1.14128 1.75405 0.669467
-0.0141998 -0.0172294 -0.0184794
175
1
1.16509 1.79044 0.706923
-0.0125275 -0.0182195 -0.0183408
176
1
1.18549 1.82891 0.74386
-0.0105353 -0.0193272 -0.0181973
177
1
1.20262 1.86934 0.780224
-0.00837688 -0.0202911 -0.0181669
178
1
1.21657 1.91109 0.816694
-0.0059949 -0.0208951 -0.0185018
179
1
1.22685 1.95335 0.854357
-0.00324888 -0.021192 -0.0192938
180
1
1.23269 1.99585 0.893655
-0.000390494 -0.0214802 -0.0201306
181
1
1.23381 2.03874 0.934382
0.00197861 -0.0218806 -0.0205263
182
1
1.23078 2.08215 0.976234
0.0036095 -0.0221124 -0.0208258
183
1
1.22421 2.12561 1.01943
0.00483714 -0.0219145 -0.0217381
184
1
1.21407 2.16871 1.06392
0.00614753 -0.0215582 -0.0227615
185
1
1.20026 2.21171 1.10905
0.0077865 -0.0214979 -0.0228463
186
1
1.18292 2.25513 1.15423
0.00971687 -0.0217478 -0.0224753
187
1
1.16201 2.29917 1.19947
0.0117091 -0.0223252 -0.0224015
188
1
1.13685 2.34382 1.24445
0.0135898 -0.0230484 -0.0219972
189
1
1.10715 2.38935 1.28843
0.0158148 -0.0233732 -0.0213691
190
1
1.07257 2.43536 1.33197
0.018743 -0.0233136 -0.0213514
191
1
1.03222 2.48114 1.37539
0.0215021 -0.0231806 -0.0216027
192
1
0.985793 2.52636 1.41861
0.0249481 -0.0228012 -0.0220904
193
1
0.932888 2.57106 1.46208
0.0287953 -0.0223812 -0.0222942
