194
0
1
1.09504 5.86292 1.06375
0.0236907 -0.0181505 0.0314937
1
1
1.04651 5.89405 0.998497
0.0237428 -0.0143985 0.0362445
2
1
0.999174 5.91985 0.919042
0.0223942 -0.0102524 0.043764
3
1
0.956013 5.93732 0.825885
0.0205487 -0.00461617 0.0513019
4
1
0.920167 5.94665 0.714648
0.0135971 -6.21513e-005 0.0596531
5
1
0.894944 5.94707 0.583244
0.00973785 0.00203528 0.0738687
6
1
0.871877 5.93473 0.423148
0.00577767 0.00687699 0.077272
7
1
0.855672 5.91477 0.205987
0.00750164 0.0145816 0.0755218
8
1
0.657069 5.78228 0.0620068
0.0335297 0.00341268 -0.0187364
9
1
0.0524625 7.4154 0.504705
0.00108194 0.0212021 -0.0749743
10
1
-0.0524625 7.4154 0.504705
0.00108194 -0.0212021 0.0749743
11
1
-0.657069 5.78228 0.0620068
0.0335297 -0.00341268 0.0187364
12
1
-0.855672 5.91477 0.205987
0.00750164 -0.0145816 -0.0755218
13
1
-0.871877 5.93473 0.423148
0.00577767 -0.00687699 -0.077272
14
1
-0.894944 5.94707 0.583244
0.00973785 -0.00203528 -0.0738687
15
1
-0.920167 5.94665 0.714648
0.0135971 6.21513e-005 -0.0596531
16
1
-0.956013 5.93732 0.825885
0.0205487 0.00461617 -0.0513019
17
1
-0.999174 5.91985 0.919042
0.0223942 0.0102524 -0.043764
18
1
-1.04651 5.89405 0.998497
0.0237428 0.0143985 -0.0362445
19
1
-1.09504 5.86292 1.06375
0.0236907 0.0181505 -0.0314937
20
1
-1.14355 5.82963 1.11661
0.022801 0.0189873 -0.0243832
21
1
-1.1923 5.79738 1.15842
0.0224141 0.0165737 -0.0185127
22
1
-1.24119 5.76844 1.19116
0.0240304 0.0153703 -0.0148343
23
1
-1.29162 5.74299 1.21722
0.024227 0.0127408 -0.0114178
24
1
-1.34312 5.72182 1.23735
0.0253349 0.0101416 -0.00852941
25
1
-1.39532 5.70461 1.25204
0.0267047 0.00799083 -0.00529668
26
1
-1.44827 5.69049 1.26124
0.0262137 0.00498614 -0.00203377
27
1
-1.50149 5.67931 1.26462
0.0265909 0.00286377 0.000261831
28
1
-1.55506 5.67068 1.26234
0.0273289 0.00212805 0.00178498
29
1
-1.60879 5.6646 1.25536
0.0267813 0.00165376 0.00419322
30
1
-1.66218 5.66116 1.24436
0.0263839 0.00116912 0.00671367
31
1
-1.71512 5.65974 1.22997
0.0264347 0.000374025 0.00806186
32
1
-1.76782 5.65978 1.21308
0.0261425 -0.000568913 0.00922221
33
1
-1.82022 5.66094 1.19407
0.0259436 -0.000891825 0.0106851
34
1
-1.87213 5.66275 1.17317
0.0259616 -0.00119953 0.0111263
35
1
-1.92331 5.66492 1.1506
0.0254843 -0.00183195 0.0110312
36
1
-1.9737 5.66773 1.1268
0.0245628 -0.00186738 0.0114119
37
1
-2.02363 5.67163 1.10147
0.0242147 -0.00166385 0.0122545
38
1
-2.07362 5.6766 1.07382
0.0247267 -0.00228152 0.01366
39
1
-2.12373 5.68208 1.0436
0.0250516 -0.00316923 0.0155755
40
1
-2.17329 5.68769 1.0109
0.0246877 -0.00315889 0.0176365
41
1
-2.22154 5.69332 0.97552
0.0239684 -0.00294545 0.0193752
42
1
-2.26847 5.6988 0.937411
0.0230715 -0.00337588 0.0206683
43
1
-2.31383 5.7042 0.896071
0.0224696 -0.00353022 0.0218849
44
1
-2.35797 5.70981 0.851489
0.0223004 -0.00312568 0.0234363
45
1
-2.40129 5.71633 0.803486
0.0218888 -0.00352985 0.0253799
46
1
-2.44309 5.72394 0.751818
0.0209125 -0.00468374 0.0273917
47
1
-2.48221 5.73262 0.696779
0.0196339 -0.00536642 0.0292014
48
1
-2.51803 5.74207 0.63886
0.0176921 -0.00568211 0.0310999
49
1
-2.55023 5.75145 0.578494
0.0155719 -0.0055013 0.0328138
50
1
-2.57907 5.76029 0.516573
0.0140497 -0.00433153 0.033293
51
1
-2.60524 5.76771 0.453787
0.0129066 -0.00278491 0.0331906
52
1
-2.62877 5.77321 0.390194
0.0114994 -0.00172433 0.0330627
53
1
-2.6493 5.77658 0.325933
0.00966587 -0.000911548 0.0330926
54
1
-2.66638 5.77785 0.261154
0.00779532 0.000164057 0.0333988
55
1
-2.68025 5.77781 0.196009
0.00644733 0.000960013 0.0338161
56
1
-2.69088 5.77717 0.13073
0.00525548 0.000978896 0.0338051
57
1
-2.69777 5.77678 0.0653414
0.00315257 0.000467528 0.0332676
58
1
-2.70032 5.77663 -3.92827e-015
-1.44288e-015 -7.2588e-016 0.0329107
59
1
-2.69777 5.77678 -0.0653414
-0.00315257 -0.000467528 0.0332676
60
1
-2.69088 5.77717 -0.13073
-0.00525548 -0.000978896 0.0338051
61
1
-2.68025 5.77781 -0.196009
-0.00644733 -0.000960013 0.0338161
62
1
-2.66638 5.77785 -0.261154
-0.00779532 -0.000164057 0.0333988
63
1
-2.6493 5.77658 -0.325933
-0.00966587 0.000911548 0.0330926
64
1
-2.62877 5.77321 -0.390194
-0.0114994 0.00172433 0.0330627
65
1
-2.60524 5.76771 -0.453787
-0.0129066 0.00278491 0.0331906
66
1
-2.57907 5.76029 -0.516573
-0.0140497 0.00433153 0.033293
67
1
-2.55023 5.75145 -0.578494
-0.0155719 0.0055013 0.0328138
68
1
-2.51803 5.74207 -0.63886
-0.0176921 0.00568211 0.0310999
69
1
-2.48221 5.73262 -0.696779
-0.0196339 0.00536642 0.0292014
70
1
-2.44309 5.72394 -0.751818
-0.0209125 0.00468374 0.0273917
71
1
-2.40129 5.71633 -0.803486
-0.0218888 0.00352985 0.0253799
72
1
-2.35797 5.70981 -0.851489
-0.0223004 0.00312568 0.0234363
73
1
-2.31383 5.7042 -0.896071
-0.0224696 0.00353022 0.0218849
74
1
-2.26847 5.6988 -0.937411
-0.0230715 0.00337588 0.0206683
75
1
-2.22154 5.69332 -0.97552
-0.0239684 0.00294545 0.0193752
76
1
-2.17329 5.68769 -1.0109
-0.0246877 0.00315889 0.0176365
77
1
-2.12373 5.68208 -1.0436
-0.0250516 0.00316923 0.0155755
78
1
-2.07362 5.6766 -1.07382
-0.0247267 0.00228152 0.01366
79
1
-2.02363 5.67163 -1.10147
-0.0242147 0.00166385 0.0122545
80
1
-1.9737 5.66773 -1.1268
-0.0245628 0.00186738 0.0114119
81
1
-1.92331 5.66492 -1.1506
-0.0254843 0.00183195 0.0110312
82
1
-1.87213 5.66275 -1.17317
-0.0259616 0.00119953 0.0111263
83
1
-1.82022 5.66094 -1.19407
-0.0259436 0.000891825 0.0106851
84
1
-1.76782 5.65978 -1.21308
-0.0261425 0.000568913 0.00922221
85
1
-1.71512 5.65974 -1.22997
-0.0264347 -0.000374025 0.00806186
86
1
-1.66218 5.66116 -1.24436
-0.0263839 -0.00116912 0.00671367
87
1
-1.60879 5.6646 -1.25536
-0.0267813 -0.00165376 0.00419322
88
1
-1.55506 5.67068 -1.26234
-0.0273289 -0.00212805 0.00178498
89
1
-1.50149 5.67931 -1.26462
-0.0265909 -0.00286377 0.000261831
90
1
-1.44827 5.69049 -1.26124
-0.0262137 -0.00498614 -0.00203377
91
1
-1.39532 5.70461 -1.25204
-0.0267047 -0.00799083 -0.00529668
92
1
-1.34312 5.72182 -1.23735
-0.0253349 -0.0101416 -0.00852941
93
1
-1.29162 5.74299 -1.21722
-0.024227 -0.0127408 -0.0114178
94
1
-1.24119 5.76844 -1.19116
-0.0240304 -0.0153703 -0.0148343
95
1
-1.1923 5.79738 -1.15842
-0.0224141 -0.0165737 -0.0185127
96
1
-1.14355 5.82963 -1.11661
-0.022801 -0.0189873 -0.0243832
97
1
-1.09504 5.86292 -1.06375
-0.0236907 -0.0181505 -0.0314937
98
1
-1.04651 5.89405 -0.998497
-0.0237428 -0.0143985 -0.0362445
99
1
-0.999174 5.91985 -0.919042
-0.0223942 -0.0102524 -0.043764
100
1
-0.956013 5.93732 -0.825885
-0.0205487 -0.00461617 -0.0513019
101
1
-0.920167 5.94665 -0.714648
-0.0135971 -6.21513e-005 -0.0596531
102
1
-0.894944 5.94707 -0.583244
-0.00973785 0.00203528 -0.0738687
103
1
-0.871877 5.93473 -0.423148
-0.00577767 0.00687699 -0.077272
104
1
-0.855672 5.91477 -0.205987
-0.00750164 0.0145816 -0.0755218
105
1
-0.657069 5.78228 -0.0620068
-0.0335297 0.00341268 0.0187364
106
1
-0.0524625 7.4154 -0.504705
-0.00108194 0.0212021 0.0749743
107
1
0.0524625 7.4154 -0.504705
-0.00108194 -0.0212021 -0.0749743
108
1
0.657069 5.78228 -0.0620068
-0.0335297 -0.00341268 -0.0187364
109
1
0.855672 5.91477 -0.205987
-0.00750164 -0.0145816 0.0755218
110
1
0.871877 5.93473 -0.423148
-0.00577767 -0.00687699 0.077272
111
1
0.894944 5.94707 -0.583244
-0.00973785 -0.00203528 0.0738687
112
1
0.920167 5.94665 -0.714648
-0.0135971 6.21513e-005 0.0596531
113
1
0.956013 5.93732 -0.825885
-0.0205487 0.00461617 0.0513019
114
1
0.999174 5.91985 -0.919042
-0.0223942 0.0102524 0.043764
115
1
1.04651 5.89405 -0.998497
-0.0237428 0.0143985 0.0362445
116
1
1.09504 5.86292 -1.06375
-0.0236907 0.0181505 0.0314937
117
1
1.14355 5.82963 -1.11661
-0.022801 0.0189873 0.0243832
118
1
1.1923 5.79738 -1.15842
-0.0224141 0.0165737 0.0185127
119
1
1.24119 5.76844 -1.19116
-0.0240304 0.0153703 0.0148343
120
1
1.29162 5.74299 -1.21722
-0.024227 0.0127408 0.0114178
121
1
1.34312 5.72182 -1.23735
-0.0253349 0.0101416 0.00852941
122
1
1.39532 5.70461 -1.25204
-0.0267047 0.00799083 0.00529668
123
1
1.44827 5.69049 -1.26124
-0.0262137 0.00498614 0.00203377
124
1
1.50149 5.67931 -1.26462
-0.0265909 0.00286377 -0.000261831
125
1
1.55506 5.67068 -1.26234
-0.0273289 0.00212805 -0.00178498
126
1
1.60879 5.6646 -1.25536
-0.0267813 0.00165376 -0.00419322
127
1
1.66218 5.66116 -1.24436
-0.0263839 0.00116912 -0.00671367
128
1
1.71512 5.65974 -1.22997
-0.0264347 0.000374025 -0.00806186
129
1
1.76782 5.65978 -1.21308
-0.0261425 -0.000568913 -0.00922221
130
1
1.82022 5.66094 -1.19407
-0.0259436 -0.000891825 -0.0106851
131
1
1.87213 5.66275 -1.17317
-0.0259616 -0.00119953 -0.0111263
132
1
1.92331 5.66492 -1.1506
-0.0254843 -0.00183195 -0.0110312
133
1
1.9737 5.66773 -1.1268
-0.0245628 -0.00186738 -0.0114119
134
1
2.02363 5.67163 -1.10147
-0.0242147 -0.00166385 -0.0122545
135
1
2.07362 5.6766 -1.07382
-0.0247267 -0.00228152 -0.01366
136
1
2.12373 5.68208 -1.0436
-0.0250516 -0.00316923 -0.0155755
137
1
2.17329 5.68769 -1.0109
-0.0246877 -0.00315889 -0.0176365
138
1
2.22154 5.69332 -0.97552
-0.0239684 -0.00294545 -0.0193752
139
1
2.26847 5.6988 -0.937411
-0.0230715 -0.00337588 -0.0206683
140
1
2.31383 5.7042 -0.896071
-0.0224696 -0.00353022 -0.0218849
141
1
2.35797 5.70981 -0.851489
-0.0223004 -0.00312568 -0.0234363
142
1
2.40129 5.71633 -0.803486
-0.0218888 -0.00352985 -0.0253799
143
1
2.44309 5.72394 -0.751818
-0.0209125 -0.00468374 -0.0273917
144
1
2.48221 5.73262 -0.696779
-0.0196339 -0.00536642 -0.0292014
145
1
2.51803 5.74207 -0.63886
-0.0176921 -0.00568211 -0.0310999
146
1
2.55023 5.75145 -0.578494
-0.0155719 -0.0055013 -0.0328138
147
1
2.57907 5.76029 -0.516573
-0.0140497 -0.00433153 -0.033293
148
1
2.60524 5.76771 -0.453787
-0.0129066 -0.00278491 -0.0331906
149
1
2.62877 5.77321 -0.390194
-0.0114994 -0.00172433 -0.0330627
150
1
2.6493 5.77658 -0.325933
-0.00966587 -0.000911548 -0.0330926
151
1
2.66638 5.77785 -0.261154
-0.00779532 0.000164057 -0.0333988
152
1
2.68025 5.77781 -0.196009
-0.00644733 0.000960013 -0.0338161
153
1
2.69088 5.77717 -0.13073
-0.00525548 0.000978896 -0.0338051
154
1
2.69777 5.77678 -0.0653414
-0.00315257 0.000467528 -0.0332676
155
1
2.70032 5.77663 -7.18836e-015
-3.38433e-016 8.23581e-017 -0.0329107
156
1
2.69777 5.77678 0.0653414
0.00315257 -0.000467528 -0.0332676
157
1
2.69088 5.77717 0.13073
0.00525548 -0.000978896 -0.0338051
158
1
2.68025 5.77781 0.196009
0.00644733 -0.000960013 -0.0338161
159
1
2.66638 5.77785 0.261154
0.00779532 -0.000164057 -0.0333988
160
1
2.6493 5.77658 0.325933
0.00966587 0.000911548 -0.0330926
161
1
2.62877 5.77321 0.390194
0.0114994 0.00172433 -0.0330627
162
1
2.60524 5.76771 0.453787
0.0129066 0.00278491 -0.0331906
163
1
2.57907 5.76029 0.516573
0.0140497 0.00433153 -0.033293
164
1
2.55023 5.75145 0.578494
0.0155719 0.0055013 -0.0328138
165
1
2.51803 5.74207 0.63886
0.0176921 0.00568211 -0.0310999
166
1
2.48221 5.73262 0.696779
0.0196339 0.00536642 -0.0292014
167
1
2.44309 5.72394 0.751818
0.0209125 0.00468374 -0.0273917
168
1
2.40129 5.71633 0.803486
0.0218888 0.00352985 -0.0253799
169
1
2.35797 5.70981 0.851489
0.0223004 0.00312568 -0.0234363
170
1
2.31383 5.7042 0.896071
0.0224696 0.00353022 -0.0218849
171
1
2.26847 5.6988 0.937411
0.0230715 0.00337588 -0.0206683
172
1
2.22154 5.69332 0.97552
0.0239684 0.00294545 -0.0193752
173
1
2.17329 5.68769 1.0109
0.0246877 0.00315889 -0.0176365
174
1
2.12373 5.68208 1.0436
0.0250516 0.00316923 -0.0155755
175
1
2.07362 5.6766 1.07382
0.0247267 0.00228152 -0.01366
176
1
2.02363 5.67163 1.10147
0.0242147 0.00166385 -0.0122545
177
1
1.9737 5.66773 1.1268
0.0245628 0.00186738 -0.0114119
178
1
1.92331 5.66492 1.1506
0.0254843 0.00183195 -0.0110312
179
1
1.87213 5.66275 1.17317
0.0259616 0.00119953 -0.0111263
180
1
1.82022 5.66094 1.19407
0.0259436 0.000891825 -0.0106851
181
1
1.76782 5.65978 1.21308
0.0261425 0.000568913 -0.00922221
182
1
1.71512 5.65974 1.22997
0.0264347 -0.000374025 -0.00806186
183
1
1.66218 5.66116 1.24436
0.0263839 -0.00116912 -0.00671367
184
1
1.60879 5.6646 1.25536
0.0267813 -0.00165376 -0.00419322
185
1
1.55506 5.67068 1.26234
0.0273289 -0.00212805 -0.00178498
186
1
1.50149 5.67931 1.26462
0.0265909 -0.00286377 -0.000261831
187
1
1.44827 5.69049 1.26124
0.0262137 -0.00498614 0.00203377
188
1
1.39532 5.70461 1.25204
0.0267047 -0.00799083 0.00529668
189
1
1.34312 5.72182 1.23735
0.0253349 -0.0101416 0.00852941
190
1
1.29162 5.74299 1.21722
0.024227 -0.0127408 0.0114178
191
1
1.24119 5.76844 1.19116
0.0240304 -0.0153703 0.0148343
192
1
1.1923 5.79738 1.15842
0.0224141 -0.0165737 0.0185127
193
1
1.14355 5.82963 1.11661
0.022801 -0.0189873 0.0243832
