194
0
1
0.805719 2.05897 1.97528
0.0284508 -0.023688 -0.0217086
1
1
0.747149 2.10427 2.01598
0.0322114 -0.0223884 -0.020097
2
1
0.68038 2.14747 2.05418
0.0360729 -0.0204825 -0.0178363
3
1
0.605729 2.18697 2.0894
0.0400472 -0.0184039 -0.0165617
4
1
0.524062 2.22268 2.12142
0.042479 -0.0162982 -0.0148963
5
1
0.436732 2.25416 2.1502
0.0445165 -0.0143401 -0.0137654
6
1
0.345068 2.28175 2.17508
0.0465328 -0.012572 -0.0117905
7
1
0.249711 2.30485 2.19451
0.0483993 -0.00961257 -0.00852777
8
1
0.151166 2.32097 2.20772
0.049848 -0.00559661 -0.00538876
9
1
0.0506082 2.32883 2.2146
0.0506098 -0.00178752 -0.0019578
10
1
-0.0506082 2.32883 2.2146
0.0506098 0.00178752 0.0019578
11
1
-0.151166 2.32097 2.20772
0.049848 0.00559661 0.00538876
12
1
-0.249711 2.30485 2.19451
0.0483993 0.00961257 0.00852777
13
1
-0.345068 2.28175 2.17508
0.0465328 0.012572 0.0117905
14
1
-0.436732 2.25416 2.1502
0.0445165 0.0143401 0.0137654
15
1
-0.524062 2.22268 2.12142
0.042479 0.0162982 0.0148963
16
1
-0.605729 2.18697 2.0894
0.0400472 0.0184039 0.0165617
17
1
-0.68038 2.14747 2.05418
0.0360729 0.0204825 0.0178363
18
1
-0.747149 2.10427 2.01598
0.0322114 0.0223884 0.020097
19
1
-0.805719 2.05897 1.97528
0.0284508 0.023688 0.0217086
20
1
-0.8565 2.01283 1.93348
0.0239978 0.023753 0.0214393
21
1
-0.900243 1.96625 1.89159
0.0208596 0.0233398 0.0211636
22
1
-0.937816 1.91962 1.85053
0.0179138 0.0231399 0.0202199
23
1
-0.969302 1.87298 1.81009
0.0150864 0.0230859 0.0195272
24
1
-0.994441 1.82636 1.7703
0.0117738 0.0227723 0.0194942
25
1
-1.01384 1.78019 1.73086
0.00847772 0.0224734 0.0199272
26
1
-1.02766 1.73514 1.69057
0.00472199 0.0221445 0.0203322
27
1
-1.03582 1.69115 1.64926
0.00118979 0.0218387 0.0206564
28
1
-1.03942 1.6485 1.6067
-0.00103136 0.0213217 0.0212417
29
1
-1.03937 1.60796 1.5622
-0.00239438 0.0202207 0.0222239
30
1
-1.03569 1.57009 1.51557
-0.00375277 0.0187586 0.0233229
31
1
-1.02843 1.53469 1.46736
-0.00510396 0.0174802 0.0241788
32
1
-1.0183 1.5012 1.4181
-0.00613888 0.0166273 0.0247071
33
1
-1.006 1.46955 1.36789
-0.00688992 0.0160076 0.0250474
34
1
-0.991371 1.43996 1.31693
-0.0076398 0.0153789 0.0252601
35
1
-0.973773 1.41246 1.26581
-0.0086233 0.0146376 0.0252768
36
1
-0.952725 1.38658 1.21547
-0.00990068 0.0137346 0.0250753
37
1
-0.928519 1.36183 1.16643
-0.0114184 0.0126033 0.0247372
38
1
-0.901997 1.33822 1.11846
-0.0130826 0.0111991 0.0243705
39
1
-0.873932 1.31658 1.07073
-0.0147393 0.00953496 0.0240605
40
1
-0.8446 1.29826 1.0225
-0.0161732 0.00764608 0.0238677
41
1
-0.813888 1.28438 0.973608
-0.0171984 0.00558332 0.023809
42
1
-0.781786 1.27538 0.924344
-0.0177213 0.00342261 0.0238827
43
1
-0.748653 1.27097 0.874985
-0.0177308 0.00125134 0.0241087
44
1
-0.715252 1.27044 0.825423
-0.0172773 -0.000825648 0.0245076
45
1
-0.682558 1.27315 0.775205
-0.0164402 -0.00269599 0.0250686
46
1
-0.65149 1.27863 0.723837
-0.0152975 -0.00426135 0.0257525
47
1
-0.622759 1.28649 0.671004
-0.0139229 -0.00545771 0.0265141
48
1
-0.596798 1.2963 0.616594
-0.0123899 -0.00626048 0.027317
49
1
-0.573811 1.30749 0.560611
-0.0107737 -0.00667742 0.0281361
50
1
-0.553837 1.31943 0.503095
-0.00914701 -0.00673828 0.0289496
51
1
-0.536825 1.33145 0.444092
-0.00757548 -0.00648711 0.0297343
52
1
-0.52266 1.34294 0.383666
-0.00610897 -0.00597394 0.0304648
53
1
-0.511185 1.3534 0.321925
-0.00477957 -0.00525068 0.0311177
54
1
-0.502205 1.36243 0.259021
-0.00359757 -0.00436595 0.0316738
55
1
-0.495511 1.36973 0.195146
-0.00255663 -0.00336436 0.0321185
56
1
-0.4909 1.37508 0.130522
-0.00163276 -0.00228271 0.0324422
57
1
-0.48821 1.37835 0.0653891
-0.000794211 -0.00115256 0.0326386
58
1
-0.487323 1.37944 -1.8776e-016
-1.08179e-017 2.88692e-017 0.0327045
59
1
-0.48821 1.37835 -0.0653891
0.000794211 0.00115256 0.0326386
60
1
-0.4909 1.37508 -0.130522
0.00163276 0.00228271 0.0324422
61
1
-0.495511 1.36973 -0.195146
0.00255663 0.00336436 0.0321185
62
1
-0.502205 1.36243 -0.259021
0.00359757 0.00436595 0.0316738
63
1
-0.511185 1.3534 -0.321925
0.00477957 0.00525068 0.0311177
64
1
-0.52266 1.34294 -0.383666
0.00610897 0.00597394 0.0304648
65
1
-0.536825 1.33145 -0.444092
0.00757548 0.00648711 0.0297343
66
1
-0.553837 1.31943 -0.503095
0.00914701 0.00673828 0.0289496
67
1
-0.573811 1.30749 -0.560611
0.0107737 0.00667742 0.0281361
68
1
-0.596798 1.2963 -0.616594
0.0123899 0.00626048 0.027317
69
1
-0.622759 1.28649 -0.671004
0.0139229 0.00545771 0.0265141
70
1
-0.65149 1.27863 -0.723837
0.0152975 0.00426135 0.0257525
71
1
-0.682558 1.27315 -0.775205
0.0164402 0.00269599 0.0250686
72
1
-0.715252 1.27044 -0.825423
0.0172773 0.000825648 0.0245076
73
1
-0.748653 1.27097 -0.874985
0.0177308 -0.00125134 0.0241087
74
1
-0.781786 1.27538 -0.924344
0.0177213 -0.00342261 0.0238827
75
1
-0.813888 1.28438 -0.973608
0.0171984 -0.00558332 0.023809
76
1
-0.8446 1.29826 -1.0225
0.0161732 -0.00764608 0.0238677
77
1
-0.873932 1.31658 -1.07073
0.0147393 -0.00953496 0.0240605
78
1
-0.901997 1.33822 -1.11846
0.0130826 -0.0111991 0.0243705
79
1
-0.928519 1.36183 -1.16643
0.0114184 -0.0126033 0.0247372
80
1
-0.952725 1.38658 -1.21547
0.00990068 -0.0137346 0.0250753
81
1
-0.973773 1.41246 -1.26581
0.0086233 -0.0146376 0.0252768
82
1
-0.991371 1.43996 -1.31693
0.0076398 -0.0153789 0.0252601
83
1
-1.006 1.46955 -1.36789
0.00688992 -0.0160076 0.0250474
84
1
-1.0183 1.5012 -1.4181
0.00613888 -0.0166273 0.0247071
85
1
-1.02843 1.53469 -1.46736
0.00510396 -0.0174802 0.0241788
86
1
-1.03569 1.57009 -1.51557
0.00375277 -0.0187586 0.0233229
87
1
-1.03937 1.60796 -1.5622
0.00239438 -0.0202207 0.0222239
88
1
-1.03942 1.6485 -1.6067
0.00103136 -0.0213217 0.0212417
89
1
-1.03582 1.69115 -1.64926
-0.00118979 -0.0218387 0.0206564
90
1
-1.02766 1.73514 -1.69057
-0.00472199 -0.0221445 0.0203322
91
1
-1.01384 1.78019 -1.73086
-0.00847772 -0.0224734 0.0199272
92
1
-0.994441 1.82636 -1.7703
-0.0117738 -0.0227723 0.0194942
93
1
-0.969302 1.87298 -1.81009
-0.0150864 -0.0230859 0.0195272
94
1
-0.937816 1.91962 -1.85053
-0.0179138 -0.0231399 0.0202199
95
1
-0.900243 1.96625 -1.89159
-0.0208596 -0.0233398 0.0211636
96
1
-0.8565 2.01283 -1.93348
-0.0239978 -0.023753 0.0214393
97
1
-0.805719 2.05897 -1.97528
-0.0284508 -0.023688 0.0217086
98
1
-0.747149 2.10427 -2.01598
-0.0322114 -0.0223884 0.020097
99
1
-0.68038 2.14747 -2.05418
-0.0360729 -0.0204825 0.0178363
100
1
-0.605729 2.18697 -2.0894
-0.0400472 -0.0184039 0.0165617
101
1
-0.524062 2.22268 -2.12142
-0.042479 -0.0162982 0.0148963
102
1
-0.436732 2.25416 -2.1502
-0.0445165 -0.0143401 0.0137654
103
1
-0.345068 2.28175 -2.17508
-0.0465328 -0.012572 0.0117905
104
1
-0.249711 2.30485 -2.19451
-0.0483993 -0.00961257 0.00852777
105
1
-0.151166 2.32097 -2.20772
-0.049848 -0.00559661 0.00538876
106
1
-0.0506082 2.32883 -2.2146
-0.0506098 -0.00178752 0.0019578
107
1
0.0506082 2.32883 -2.2146
-0.0506098 0.00178752 -0.0019578
108
1
0.151166 2.32097 -2.20772
-0.049848 0.00559661 -0.00538876
109
1
0.249711 2.30485 -2.19451
-0.0483993 0.00961257 -0.00852777
110
1
0.345068 2.28175 -2.17508
-0.0465328 0.012572 -0.0117905
111
1
0.436732 2.25416 -2.1502
-0.0445165 0.0143401 -0.0137654
112
1
0.524062 2.22268 -2.12142
-0.042479 0.0162982 -0.0148963
113
1
0.605729 2.18697 -2.0894
-0.0400472 0.0184039 -0.0165617
114
1
0.68038 2.14747 -2.05418
-0.0360729 0.0204825 -0.0178363
115
1
0.747149 2.10427 -2.01598
-0.0322114 0.0223884 -0.020097
116
1
0.805719 2.05897 -1.97528
-0.0284508 0.023688 -0.0217086
117
1
0.8565 2.01283 -1.93348
-0.0239978 0.023753 -0.0214393
118
1
0.900243 1.96625 -1.89159
-0.0208596 0.0233398 -0.0211636
119
1
0.937816 1.91962 -1.85053
-0.0179138 0.0231399 -0.0202199
120
1
0.969302 1.87298 -1.81009
-0.0150864 0.0230859 -0.0195272
121
1
0.994441 1.82636 -1.7703
-0.0117738 0.0227723 -0.0194942
122
1
1.01384 1.78019 -1.73086
-0.00847772 0.0224734 -0.0199272
123
1
1.02766 1.73514 -1.69057
-0.00472199 0.0221445 -0.0203322
124
1
1.03582 1.69115 -1.64926
-0.00118979 0.0218387 -0.0206564
125
1
1.03942 1.6485 -1.6067
0.00103136 0.0213217 -0.0212417
126
1
1.03937 1.60796 -1.5622
0.00239438 0.0202207 -0.0222239
127
1
1.03569 1.57009 -1.51557
0.00375277 0.0187586 -0.0233229
128
1
1.02843 1.53469 -1.46736
0.00510396 0.0174802 -0.0241788
129
1
1.0183 1.5012 -1.4181
0.00613888 0.0166273 -0.0247071
130
1
1.006 1.46955 -1.36789
0.00688992 0.0160076 -0.0250474
131
1
0.991371 1.43996 -1.31693
0.0076398 0.0153789 -0.0252601
132
1
0.973773 1.41246 -1.26581
0.0086233 0.0146376 -0.0252768
133
1
0.952725 1.38658 -1.21547
0.00990068 0.0137346 -0.0250753
134
1
0.928519 1.36183 -1.16643
0.0114184 0.0126033 -0.0247372
135
1
0.901997 1.33822 -1.11846
0.0130826 0.0111991 -0.0243705
136
1
0.873932 1.31658 -1.07073
0.0147393 0.00953496 -0.0240605
137
1
0.8446 1.29826 -1.0225
0.0161732 0.00764608 -0.0238677
138
1
0.813888 1.28438 -0.973608
0.0171984 0.00558332 -0.023809
139
1
0.781786 1.27538 -0.924344
0.0177213 0.00342261 -0.0238827
140
1
0.748653 1.27097 -0.874985
0.0177308 0.00125134 -0.0241087
141
1
0.715252 1.27044 -0.825423
0.0172773 -0.000825648 -0.0245076
142
1
0.682558 1.27315 -0.775205
0.0164402 -0.00269599 -0.0250686
143
1
0.65149 1.27863 -0.723837
0.0152975 -0.00426135 -0.0257525
144
1
0.622759 1.28649 -0.671004
0.0139229 -0.00545771 -0.0265141
145
1
0.596798 1.2963 -0.616594
0.0123899 -0.00626048 -0.027317
146
1
0.573811 1.30749 -0.560611
0.0107737 -0.00667742 -0.0281361
147
1
0.553837 1.31943 -0.503095
0.00914701 -0.00673828 -0.0289496
148
1
0.536825 1.33145 -0.444092
0.00757548 -0.00648711 -0.0297343
149
1
0.52266 1.34294 -0.383666
0.00610897 -0.00597394 -0.0304648
150
1
0.511185 1.3534 -0.321925
0.00477957 -0.00525068 -0.0311177
151
1
0.502205 1.36243 -0.259021
0.00359757 -0.00436595 -0.0316738
152
1
0.495511 1.36973 -0.195146
0.00255663 -0.00336436 -0.0321185
153
1
0.4909 1.37508 -0.130522
0.00163276 -0.00228271 -0.0324422
154
1
0.48821 1.37835 -0.0653891
0.000794211 -0.00115256 -0.0326386
155
1
0.487323 1.37944 -8.83528e-017
-2.35393e-018 -1.08917e-016 -0.0327045
156
1
0.48821 1.37835 0.0653891
-0.000794211 0.00115256 -0.0326386
157
1
0.4909 1.37508 0.130522
-0.00163276 0.00228271 -0.0324422
158
1
0.495511 1.36973 0.195146
-0.00255663 0.00336436 -0.0321185
159
1
0.502205 1.36243 0.259021
-0.00359757 0.00436595 -0.0316738
160
1
0.511185 1.3534 0.321925
-0.00477957 0.00525068 -0.0311177
161
1
0.52266 1.34294 0.383666
-0.00610897 0.00597394 -0.0304648
162
1
0.536825 1.33145 0.444092
-0.00757548 0.00648711 -0.0297343
163
1
0.553837 1.31943 0.503095
-0.00914701 0.00673828 -0.0289496
164
1
0.573811 1.30749 0.560611
-0.0107737 0.00667742 -0.0281361
165
1
0.596798 1.2963 0.616594
-0.0123899 0.00626048 -0.027317
166
1
0.622759 1.28649 0.671004
-0.0139229 0.00545771 -0.0265141
167
1
0.65149 1.27863 0.723837
-0.0152975 0.00426135 -0.0257525
168
1
0.682558 1.27315 0.775205
-0.0164402 0.00269599 -0.0250686
169
1
0.715252 1.27044 0.825423
-0.0172773 0.000825648 -0.0245076
170
1
0.748653 1.27097 0.874985
-0.0177308 -0.00125134 -0.0241087
171
1
0.781786 1.27538 0.924344
-0.0177213 -0.00342261 -0.0238827
172
1
0.813888 1.28438 0.973608
-0.0171984 -0.00558332 -0.023809
173
1
0.8446 1.29826 1.0225
-0.0161732 -0.00764608 -0.0238677
174
1
0.873932 1.31658 1.07073
-0.0147393 -0.00953496 -0.0240605
175
1
0.901997 1.33822 1.11846
-0.0130826 -0.0111991 -0.0243705
176
1
0.928519 1.36183 1.16643
-0.0114184 -0.0126033 -0.0247372
177
1
0.952725 1.38658 1.21547
-0.00990068 -0.0137346 -0.0250753
178
1
0.973773 1.41246 1.26581
-0.0086233 -0.0146376 -0.0252768
179
1
0.991371 1.43996 1.31693
-0.0076398 -0.0153789 -0.0252601
180
1
1.006 1.46955 1.36789
-0.00688992 -0.0160076 -0.0250474
181
1
1.0183 1.5012 1.4181
-0.00613888 -0.0166273 -0.0247071
182
1
1.02843 1.53469 1.46736
-0.00510396 -0.0174802 -0.0241788
183
1
1.03569 1.57009 1.51557
-0.00375277 -0.0187586 -0.0233229
184
1
1.03937 1.60796 1.5622
-0.00239438 -0.0202207 -0.0222239
185
1
1.03942 1.6485 1.6067
-0.00103136 -0.0213217 -0.0212417
186
1
1.03582 1.69115 1.64926
0.00118979 -0.0218387 -0.0206564
187
1
1.02766 1.73514 1.69057
0.00472199 -0.0221445 -0.0203322
188
1
1.01384 1.78019 1.73086
0.00847772 -0.0224734 -0.0199272
189
1
0.994441 1.82636 1.7703
0.0117738 -0.0227723 -0.0194942
190
1
0.969302 1.87298 1.81009
0.0150864 -0.0230859 -0.0195272
191
1
0.937816 1.91962 1.85053
0.0179138 -0.0231399 -0.0202199
192
1
0.900243 1.96625 1.89159
0.0208596 -0.0233398 -0.0211636
193
1
0.8565 2.01283 1.93348
0.0239978 -0.023753 -0.0214393
