194
0
1
0.95152 3.49086 0.8427
0.0338411 -0.0261397 -0.0221677
1
1
0.880577 3.53974 0.883572
0.0381925 -0.0240661 -0.0211926
2
1
0.800684 3.58534 0.922929
0.0421652 -0.0220391 -0.019373
3
1
0.712316 3.62666 0.95965
0.046769 -0.0194749 -0.0175424
4
1
0.616092 3.66298 0.992865
0.0496206 -0.0167272 -0.0158281
5
1
0.513317 3.69438 1.0219
0.0523152 -0.0142433 -0.0136045
6
1
0.405163 3.72009 1.04645
0.0548954 -0.0114245 -0.0118671
7
1
0.292715 3.73938 1.06612
0.0569978 -0.00786056 -0.00884517
8
1
0.176968 3.75191 1.07962
0.0584826 -0.00416762 -0.00503747
9
1
0.0592232 3.75791 1.08664
0.059231 -0.00145297 -0.00159758
10
1
-0.0592232 3.75791 1.08664
0.059231 0.00145297 0.00159758
11
1
-0.176968 3.75191 1.07962
0.0584826 0.00416762 0.00503747
12
1
-0.292715 3.73938 1.06612
0.0569978 0.00786056 0.00884517
13
1
-0.405163 3.72009 1.04645
0.0548954 0.0114245 0.0118671
14
1
-0.513317 3.69438 1.0219
0.0523152 0.0142433 0.0136045
15
1
-0.616092 3.66298 0.992865
0.0496206 0.0167272 0.0158281
16
1
-0.712316 3.62666 0.95965
0.046769 0.0194749 0.0175424
17
1
-0.800684 3.58534 0.922929
0.0421652 0.0220391 0.019373
18
1
-0.880577 3.53974 0.883572
0.0381925 0.0240661 0.0211926
19
1
-0.95152 3.49086 0.8427
0.0338411 0.0261397 0.0221677
20
1
-1.01362 3.44001 0.802167
0.0287655 0.0265028 0.0213136
21
1
-1.06799 3.38774 0.763175
0.0252797 0.0265711 0.0197725
22
1
-1.11551 3.33453 0.72737
0.021984 0.0268827 0.0173672
23
1
-1.15717 3.28014 0.695548
0.0189634 0.0270039 0.0154635
24
1
-1.19366 3.22525 0.668617
0.0164799 0.0273945 0.0127239
25
1
-1.22573 3.17006 0.646674
0.0141515 0.0277732 0.00993964
26
1
-1.25374 3.1147 0.629714
0.0116892 0.027522 0.00742511
27
1
-1.27891 3.05985 0.618054
0.0102561 0.0270673 0.00468656
28
1
-1.30243 3.00599 0.611036
0.00983866 0.0267863 0.00182249
29
1
-1.32514 2.95323 0.608455
0.00970856 0.0260144 -0.000542939
30
1
-1.34844 2.90218 0.609924
0.0103497 0.0247931 -0.0023404
31
1
-1.37368 2.85335 0.614242
0.0120335 0.0236577 -0.00376553
32
1
-1.40151 2.80678 0.62011
0.0138969 0.0226393 -0.00471277
33
1
-1.43207 2.76244 0.626762
0.0155476 0.0215343 -0.00504686
34
1
-1.46575 2.72057 0.633624
0.0172544 0.0202797 -0.00482547
35
1
-1.50261 2.68159 0.63974
0.0186059 0.01863 -0.00431574
36
1
-1.54203 2.64554 0.644449
0.0193047 0.0167556 -0.00385419
37
1
-1.58333 2.61172 0.647606
0.0203141 0.0153675 -0.00311032
38
1
-1.62642 2.57918 0.648912
0.0219518 0.0150097 -0.00128926
39
1
-1.67093 2.54704 0.647396
0.0229195 0.0156285 0.00150039
40
1
-1.71554 2.51468 0.641972
0.0226217 0.0163828 0.00414271
41
1
-1.75905 2.48197 0.632495
0.0218652 0.0164392 0.00610178
42
1
-1.80131 2.44944 0.619041
0.0212415 0.0158962 0.00779194
43
1
-1.84281 2.41732 0.601903
0.0209045 0.0154934 0.00977873
44
1
-1.88442 2.38611 0.580613
0.0208049 0.015588 0.012211
45
1
-1.92634 2.35583 0.554729
0.0209972 0.0156582 0.0146328
46
1
-1.96828 2.32689 0.524577
0.0213937 0.0148834 0.0165312
47
1
-2.0099 2.29984 0.491207
0.0218281 0.0131528 0.0179046
48
1
-2.05119 2.27549 0.455605
0.0221286 0.0109009 0.0189795
49
1
-2.09186 2.25456 0.418125
0.0220614 0.00871118 0.0198808
50
1
-2.131 2.23726 0.378901
0.0211097 0.00710349 0.0205188
51
1
-2.16727 2.2229 0.337665
0.0192729 0.00607328 0.0213869
52
1
-2.19954 2.2109 0.293798
0.0168751 0.00522331 0.0226105
53
1
-2.22706 2.20093 0.247552
0.0142836 0.00439442 0.0238643
54
1
-2.2491 2.19255 0.199414
0.0115595 0.00358904 0.0248188
55
1
-2.26544 2.18573 0.150035
0.0085516 0.00270733 0.0254267
56
1
-2.27622 2.18075 0.10006
0.00536846 0.00168101 0.0255825
57
1
-2.28223 2.17785 0.0499925
0.00246739 0.000694695 0.0253406
58
1
-2.2841 2.17677 -1.97066e-015
2.03849e-016 -3.62441e-016 0.0251533
59
1
-2.28223 2.17785 -0.0499925
-0.00246739 -0.000694695 0.0253406
60
1
-2.27622 2.18075 -0.10006
-0.00536846 -0.00168101 0.0255825
61
1
-2.26544 2.18573 -0.150035
-0.0085516 -0.00270733 0.0254267
62
1
-2.2491 2.19255 -0.199414
-0.0115595 -0.00358904 0.0248188
63
1
-2.22706 2.20093 -0.247552
-0.0142836 -0.00439442 0.0238643
64
1
-2.19954 2.2109 -0.293798
-0.0168751 -0.00522331 0.0226105
65
1
-2.16727 2.2229 -0.337665
-0.0192729 -0.00607328 0.0213869
66
1
-2.131 2.23726 -0.378901
-0.0211097 -0.00710349 0.0205188
67
1
-2.09186 2.25456 -0.418125
-0.0220614 -0.00871118 0.0198808
68
1
-2.05119 2.27549 -0.455605
-0.0221286 -0.0109009 0.0189795
69
1
-2.0099 2.29984 -0.491207
-0.0218281 -0.0131528 0.0179046
70
1
-1.96828 2.32689 -0.524577
-0.0213937 -0.0148834 0.0165312
71
1
-1.92634 2.35583 -0.554729
-0.0209972 -0.0156582 0.0146328
72
1
-1.88442 2.38611 -0.580613
-0.0208049 -0.015588 0.012211
73
1
-1.84281 2.41732 -0.601903
-0.0209045 -0.0154934 0.00977873
74
1
-1.80131 2.44944 -0.619041
-0.0212415 -0.0158962 0.00779194
75
1
-1.75905 2.48197 -0.632495
-0.0218652 -0.0164392 0.00610178
76
1
-1.71554 2.51468 -0.641972
-0.0226217 -0.0163828 0.00414271
77
1
-1.67093 2.54704 -0.647396
-0.0229195 -0.0156285 0.00150039
78
1
-1.62642 2.57918 -0.648912
-0.0219518 -0.0150097 -0.00128926
79
1
-1.58333 2.61172 -0.647606
-0.0203141 -0.0153675 -0.00311032
80
1
-1.54203 2.64554 -0.644449
-0.0193047 -0.0167556 -0.00385419
81
1
-1.50261 2.68159 -0.63974
-0.0186059 -0.01863 -0.00431574
82
1
-1.46575 2.72057 -0.633624
-0.0172544 -0.0202797 -0.00482547
83
1
-1.43207 2.76244 -0.626762
-0.0155476 -0.0215343 -0.00504686
84
1
-1.40151 2.80678 -0.62011
-0.0138969 -0.0226393 -0.00471277
85
1
-1.37368 2.85335 -0.614242
-0.0120335 -0.0236577 -0.00376553
86
1
-1.34844 2.90218 -0.609924
-0.0103497 -0.0247931 -0.0023404
87
1
-1.32514 2.95323 -0.608455
-0.00970856 -0.0260144 -0.000542939
88
1
-1.30243 3.00599 -0.611036
-0.00983866 -0.0267863 0.00182249
89
1
-1.27891 3.05985 -0.618054
-0.0102561 -0.0270673 0.00468656
90
1
-1.25374 3.1147 -0.629714
-0.0116892 -0.027522 0.00742511
91
1
-1.22573 3.17006 -0.646674
-0.0141515 -0.0277732 0.00993964
92
1
-1.19366 3.22525 -0.668617
-0.0164799 -0.0273945 0.0127239
93
1
-1.15717 3.28014 -0.695548
-0.0189634 -0.0270039 0.0154635
94
1
-1.11551 3.33453 -0.72737
-0.021984 -0.0268827 0.0173672
95
1
-1.06799 3.38774 -0.763175
-0.0252797 -0.0265711 0.0197725
96
1
-1.01362 3.44001 -0.802167
-0.0287655 -0.0265028 0.0213136
97
1
-0.95152 3.49086 -0.8427
-0.0338411 -0.0261397 0.0221677
98
1
-0.880577 3.53974 -0.883572
-0.0381925 -0.0240661 0.0211926
99
1
-0.800684 3.58534 -0.922929
-0.0421652 -0.0220391 0.019373
100
1
-0.712316 3.62666 -0.95965
-0.046769 -0.0194749 0.0175424
101
1
-0.616092 3.66298 -0.992865
-0.0496206 -0.0167272 0.0158281
102
1
-0.513317 3.69438 -1.0219
-0.0523152 -0.0142433 0.0136045
103
1
-0.405163 3.72009 -1.04645
-0.0548954 -0.0114245 0.0118671
104
1
-0.292715 3.73938 -1.06612
-0.0569978 -0.00786056 0.00884517
105
1
-0.176968 3.75191 -1.07962
-0.0584826 -0.00416762 0.00503747
106
1
-0.0592232 3.75791 -1.08664
-0.059231 -0.00145297 0.00159758
107
1
0.0592232 3.75791 -1.08664
-0.059231 0.00145297 -0.00159758
108
1
0.176968 3.75191 -1.07962
-0.0584826 0.00416762 -0.00503747
109
1
0.292715 3.73938 -1.06612
-0.0569978 0.00786056 -0.00884517
110
1
0.405163 3.72009 -1.04645
-0.0548954 0.0114245 -0.0118671
111
1
0.513317 3.69438 -1.0219
-0.0523152 0.0142433 -0.0136045
112
1
0.616092 3.66298 -0.992865
-0.0496206 0.0167272 -0.0158281
113
1
0.712316 3.62666 -0.95965
-0.046769 0.0194749 -0.0175424
114
1
0.800684 3.58534 -0.922929
-0.0421652 0.0220391 -0.019373
115
1
0.880577 3.53974 -0.883572
-0.0381925 0.0240661 -0.0211926
116
1
0.95152 3.49086 -0.8427
-0.0338411 0.0261397 -0.0221677
117
1
1.01362 3.44001 -0.802167
-0.0287655 0.0265028 -0.0213136
118
1
1.06799 3.38774 -0.763175
-0.0252797 0.0265711 -0.0197725
119
1
1.11551 3.33453 -0.72737
-0.021984 0.0268827 -0.0173672
120
1
1.15717 3.28014 -0.695548
-0.0189634 0.0270039 -0.0154635
121
1
1.19366 3.22525 -0.668617
-0.0164799 0.0273945 -0.0127239
122
1
1.22573 3.17006 -0.646674
-0.0141515 0.0277732 -0.00993964
123
1
1.25374 3.1147 -0.629714
-0.0116892 0.027522 -0.00742511
124
1
1.27891 3.05985 -0.618054
-0.0102561 0.0270673 -0.00468656
125
1
1.30243 3.00599 -0.611036
-0.00983866 0.0267863 -0.00182249
126
1
1.32514 2.95323 -0.608455
-0.00970856 0.0260144 0.000542939
127
1
1.34844 2.90218 -0.609924
-0.0103497 0.0247931 0.0023404
128
1
1.37368 2.85335 -0.614242
-0.0120335 0.0236577 0.00376553
129
1
1.40151 2.80678 -0.62011
-0.0138969 0.0226393 0.00471277
130
1
1.43207 2.76244 -0.626762
-0.0155476 0.0215343 0.00504686
131
1
1.46575 2.72057 -0.633624
-0.0172544 0.0202797 0.00482547
132
1
1.50261 2.68159 -0.63974
-0.0186059 0.01863 0.00431574
133
1
1.54203 2.64554 -0.644449
-0.0193047 0.0167556 0.00385419
134
1
1.58333 2.61172 -0.647606
-0.0203141 0.0153675 0.00311032
135
1
1.62642 2.57918 -0.648912
-0.0219518 0.0150097 0.00128926
136
1
1.67093 2.54704 -0.647396
-0.0229195 0.0156285 -0.00150039
137
1
1.71554 2.51468 -0.641972
-0.0226217 0.0163828 -0.00414271
138
1
1.75905 2.48197 -0.632495
-0.0218652 0.0164392 -0.00610178
139
1
1.80131 2.44944 -0.619041
-0.0212415 0.0158962 -0.00779194
140
1
1.84281 2.41732 -0.601903
-0.0209045 0.0154934 -0.00977873
141
1
1.88442 2.38611 -0.580613
-0.0208049 0.015588 -0.012211
142
1
1.92634 2.35583 -0.554729
-0.0209972 0.0156582 -0.0146328
143
1
1.96828 2.32689 -0.524577
-0.0213937 0.0148834 -0.0165312
144
1
2.0099 2.29984 -0.491207
-0.0218281 0.0131528 -0.0179046
145
1
2.05119 2.27549 -0.455605
-0.0221286 0.0109009 -0.0189795
146
1
2.09186 2.25456 -0.418125
-0.0220614 0.00871118 -0.0198808
147
1
2.131 2.23726 -0.378901
-0.0211097 0.00710349 -0.0205188
148
1
2.16727 2.2229 -0.337665
-0.0192729 0.00607328 -0.0213869
149
1
2.19954 2.2109 -0.293798
-0.0168751 0.00522331 -0.0226105
150
1
2.22706 2.20093 -0.247552
-0.0142836 0.00439442 -0.0238643
151
1
2.2491 2.19255 -0.199414
-0.0115595 0.00358904 -0.0248188
152
1
2.26544 2.18573 -0.150035
-0.0085516 0.00270733 -0.0254267
153
1
2.27622 2.18075 -0.10006
-0.00536846 0.00168101 -0.0255825
154
1
2.28223 2.17785 -0.0499925
-0.00246739 0.000694695 -0.0253406
155
1
2.2841 2.17677 -3.71801e-015
6.94686e-017 3.20777e-016 -0.0251533
156
1
2.28223 2.17785 0.0499925
0.00246739 -0.000694695 -0.0253406
157
1
2.27622 2.18075 0.10006
0.00536846 -0.00168101 -0.0255825
158
1
2.26544 2.18573 0.150035
0.0085516 -0.00270733 -0.0254267
159
1
2.2491 2.19255 0.199414
0.0115595 -0.00358904 -0.0248188
160
1
2.22706 2.20093 0.247552
0.0142836 -0.00439442 -0.0238643
161
1
2.19954 2.2109 0.293798
0.0168751 -0.00522331 -0.0226105
162
1
2.16727 2.2229 0.337665
0.0192729 -0.00607328 -0.0213869
163
1
2.131 2.23726 0.378901
0.0211097 -0.00710349 -0.0205188
164
1
2.09186 2.25456 0.418125
0.0220614 -0.00871118 -0.0198808
165
1
2.05119 2.27549 0.455605
0.0221286 -0.0109009 -0.0189795
166
1
2.0099 2.29984 0.491207
0.0218281 -0.0131528 -0.0179046
167
1
1.96828 2.32689 0.524577
0.0213937 -0.0148834 -0.0165312
168
1
1.92634 2.35583 0.554729
0.0209972 -0.0156582 -0.0146328
169
1
1.88442 2.38611 0.580613
0.0208049 -0.015588 -0.012211
170
1
1.84281 2.41732 0.601903
0.0209045 -0.0154934 -0.00977873
171
1
1.80131 2.44944 0.619041
0.0212415 -0.0158962 -0.00779194
172
1
1.75905 2.48197 0.632495
0.0218652 -0.0164392 -0.00610178
173
1
1.71554 2.51468 0.641972
0.0226217 -0.0163828 -0.00414271
174
1
1.67093 2.54704 0.647396
0.0229195 -0.0156285 -0.00150039
175
1
1.62642 2.57918 0.648912
0.0219518 -0.0150097 0.00128926
176
1
1.58333 2.61172 0.647606
0.0203141 -0.0153675 0.00311032
177
1
1.54203 2.64554 0.644449
0.0193047 -0.0167556 0.00385419
178
1
1.50261 2.68159 0.63974
0.0186059 -0.01863 0.00431574
179
1
1.46575 2.72057 0.633624
0.0172544 -0.0202797 0.00482547
180
1
1.43207 2.76244 0.626762
0.0155476 -0.0215343 0.00504686
181
1
1.40151 2.80678 0.62011
0.0138969 -0.0226393 0.00471277
182
1
1.37368 2.85335 0.614242
0.0120335 -0.0236577 0.00376553
183
1
1.34844 2.90218 0.609924
0.0103497 -0.0247931 0.0023404
184
1
1.32514 2.95323 0.608455
0.00970856 -0.0260144 0.000542939
185
1
1.30243 3.00599 0.611036
0.00983866 -0.0267863 -0.00182249
186
1
1.27891 3.05985 0.618054
0.0102561 -0.0270673 -0.00468656
187
1
1.25374 3.1147 0.629714
0.0116892 -0.027522 -0.00742511
188
1
1.22573 3.17006 0.646674
0.0141515 -0.0277732 -0.00993964
189
1
1.19366 3.22525 0.668617
0.0164799 -0.0273945 -0.0127239
190
1
1.15717 3.28014 0.695548
0.0189634 -0.0270039 -0.0154635
191
1
1.11551 3.33453 0.72737
0.021984 -0.0268827 -0.0173672
192
1
1.06799 3.38774 0.763175
0.0252797 -0.0265711 -0.0197725
193
1
1.01362 3.44001 0.802167
0.0287655 -0.0265028 -0.0213136
