194
0
1
0.918181 4.91152 0.749934
0.0341233 -0.0180801 0.0278293
1
1
0.852817 4.95045 0.692644
0.0340305 -0.0211225 0.0294703
2
1
0.788558 4.99695 0.628701
0.0337661 -0.025875 0.0313479
3
1
0.728892 5.05019 0.558284
0.0292678 -0.0287621 0.0360857
4
1
0.677869 5.11257 0.479377
0.022759 -0.0347855 0.0405481
5
1
0.642715 5.18563 0.390246
0.0111472 -0.0403754 0.0482183
6
1
0.630167 5.27067 0.286104
-0.00384034 -0.0495848 0.0599871
7
1
0.643126 5.37348 0.160374
-0.0214235 -0.0466818 0.0585977
8
1
0.662154 5.58258 0.0808243
0.014547 -0.0670119 -0.00744746
9
1
0.19017 5.94794 0.0631849
0.0728811 0.014283 -0.00846745
10
1
-0.19017 5.94794 0.0631849
0.0728811 -0.014283 0.00846745
11
1
-0.662154 5.58258 0.0808243
0.014547 0.0670119 0.00744746
12
1
-0.643126 5.37348 0.160374
-0.0214235 0.0466818 -0.0585977
13
1
-0.630167 5.27067 0.286104
-0.00384034 0.0495848 -0.0599871
14
1
-0.642715 5.18563 0.390246
0.0111472 0.0403754 -0.0482183
15
1
-0.677869 5.11257 0.479377
0.022759 0.0347855 -0.0405481
16
1
-0.728892 5.05019 0.558284
0.0292678 0.0287621 -0.0360857
17
1
-0.788558 4.99695 0.628701
0.0337661 0.025875 -0.0313479
18
1
-0.852817 4.95045 0.692644
0.0340305 0.0211225 -0.0294703
19
1
-0.918181 4.91152 0.749934
0.0341233 0.0180801 -0.0278293
20
1
-0.983344 4.88023 0.800362
0.0330495 0.0136061 -0.0243738
21
1
-1.04754 4.85678 0.844436
0.0308867 0.00939306 -0.0215228
22
1
-1.11064 4.83981 0.882341
0.0313836 0.00677846 -0.0185123
23
1
-1.17374 4.82778 0.914689
0.0304749 0.00376539 -0.0147443
24
1
-1.2368 4.82002 0.941169
0.0309014 0.00178101 -0.0122021
25
1
-1.29988 4.81532 0.962162
0.0316672 0.00142804 -0.00918073
26
1
-1.36273 4.81226 0.978231
0.0304708 0.00139565 -0.00641407
27
1
-1.42483 4.80926 0.99008
0.0304755 0.00173369 -0.00408082
28
1
-1.48654 4.8058 0.998308
0.031289 0.00232417 -0.00229296
29
1
-1.54807 4.80157 1.00322
0.0305563 0.00225167 -0.00122904
30
1
-1.60914 4.79664 1.00557
0.0300149 0.00248073 -0.000416531
31
1
-1.66972 4.79144 1.00574
0.0303714 0.00334352 0.000426843
32
1
-1.72981 4.78619 1.00337
0.0301242 0.00305683 0.00154313
33
1
-1.78915 4.78148 0.998217
0.0294644 0.00165817 0.00291423
34
1
-1.84752 4.7782 0.990592
0.0292352 0.000657274 0.00356341
35
1
-1.90477 4.77737 0.98106
0.0285437 -0.000186863 0.00377414
36
1
-1.96058 4.77924 0.969611
0.0269981 -0.00139636 0.00455878
37
1
-2.01529 4.78334 0.956197
0.0261609 -0.00228638 0.0058942
38
1
-2.06988 4.78882 0.94084
0.0267714 -0.0026408 0.00760109
39
1
-2.12462 4.79491 0.922868
0.0273219 -0.00300493 0.00976619
40
1
-2.17869 4.80068 0.901394
0.0268371 -0.00331124 0.0123551
41
1
-2.23137 4.80573 0.876154
0.0261696 -0.00316439 0.0145039
42
1
-2.28254 4.80988 0.847208
0.0256864 -0.00269721 0.0157925
43
1
-2.33252 4.81391 0.815019
0.0251396 -0.00216676 0.017168
44
1
-2.38137 4.81807 0.779298
0.0245474 -0.00196107 0.0191658
45
1
-2.42907 4.82236 0.739507
0.0240594 -0.00226933 0.0213
46
1
-2.47493 4.8268 0.695287
0.0229825 -0.0024852 0.0237064
47
1
-2.51805 4.83091 0.646806
0.0208737 -0.00230124 0.0267951
48
1
-2.55781 4.8344 0.594368
0.0188628 -0.00217176 0.0293722
49
1
-2.59375 4.83763 0.538609
0.0175812 -0.00208791 0.0306284
50
1
-2.62607 4.8411 0.480897
0.01623 -0.00210012 0.0308618
51
1
-2.65491 4.84466 0.422046
0.0144621 -0.00219574 0.0309742
52
1
-2.68074 4.84815 0.362271
0.0129252 -0.00166792 0.0310256
53
1
-2.70414 4.85112 0.301976
0.0119271 -0.000776896 0.0309809
54
1
-2.72475 4.85352 0.241493
0.0108507 -0.000418518 0.0309852
55
1
-2.74181 4.85559 0.181016
0.00899644 -0.000690031 0.0310727
56
1
-2.75411 4.85751 0.120603
0.0061752 -0.000834069 0.0309274
57
1
-2.76143 4.85912 0.0602602
0.00294748 -0.000554369 0.030501
58
1
-2.76379 4.85961 -4.22414e-015
-7.27535e-016 2.59169e-016 0.0302482
59
1
-2.76143 4.85912 -0.0602602
-0.00294748 0.000554369 0.030501
60
1
-2.75411 4.85751 -0.120603
-0.0061752 0.000834069 0.0309274
61
1
-2.74181 4.85559 -0.181016
-0.00899644 0.000690031 0.0310727
62
1
-2.72475 4.85352 -0.241493
-0.0108507 0.000418518 0.0309852
63
1
-2.70414 4.85112 -0.301976
-0.0119271 0.000776896 0.0309809
64
1
-2.68074 4.84815 -0.362271
-0.0129252 0.00166792 0.0310256
65
1
-2.65491 4.84466 -0.422046
-0.0144621 0.00219574 0.0309742
66
1
-2.62607 4.8411 -0.480897
-0.01623 0.00210012 0.0308618
67
1
-2.59375 4.83763 -0.538609
-0.0175812 0.00208791 0.0306284
68
1
-2.55781 4.8344 -0.594368
-0.0188628 0.00217176 0.0293722
69
1
-2.51805 4.83091 -0.646806
-0.0208737 0.00230124 0.0267951
70
1
-2.47493 4.8268 -0.695287
-0.0229825 0.0024852 0.0237064
71
1
-2.42907 4.82236 -0.739507
-0.0240594 0.00226933 0.0213
72
1
-2.38137 4.81807 -0.779298
-0.0245474 0.00196107 0.0191658
73
1
-2.33252 4.81391 -0.815019
-0.0251396 0.00216676 0.017168
74
1
-2.28254 4.80988 -0.847208
-0.0256864 0.00269721 0.0157925
75
1
-2.23137 4.80573 -0.876154
-0.0261696 0.00316439 0.0145039
76
1
-2.17869 4.80068 -0.901394
-0.0268371 0.00331124 0.0123551
77
1
-2.12462 4.79491 -0.922868
-0.0273219 0.00300493 0.00976619
78
1
-2.06988 4.78882 -0.94084
-0.0267714 0.0026408 0.00760109
79
1
-2.01529 4.78334 -0.956197
-0.0261609 0.00228638 0.0058942
80
1
-1.96058 4.77924 -0.969611
-0.0269981 0.00139636 0.00455878
81
1
-1.90477 4.77737 -0.98106
-0.0285437 0.000186863 0.00377414
82
1
-1.84752 4.7782 -0.990592
-0.0292352 -0.000657274 0.00356341
83
1
-1.78915 4.78148 -0.998217
-0.0294644 -0.00165817 0.00291423
84
1
-1.72981 4.78619 -1.00337
-0.0301242 -0.00305683 0.00154313
85
1
-1.66972 4.79144 -1.00574
-0.0303714 -0.00334352 0.000426843
86
1
-1.60914 4.79664 -1.00557
-0.0300149 -0.00248073 -0.000416531
87
1
-1.54807 4.80157 -1.00322
-0.0305563 -0.00225167 -0.00122904
88
1
-1.48654 4.8058 -0.998308
-0.031289 -0.00232417 -0.00229296
89
1
-1.42483 4.80926 -0.99008
-0.0304755 -0.00173369 -0.00408082
90
1
-1.36273 4.81226 -0.978231
-0.0304708 -0.00139565 -0.00641407
91
1
-1.29988 4.81532 -0.962162
-0.0316672 -0.00142804 -0.00918073
92
1
-1.2368 4.82002 -0.941169
-0.0309014 -0.00178101 -0.0122021
93
1
-1.17374 4.82778 -0.914689
-0.0304749 -0.00376539 -0.0147443
94
1
-1.11064 4.83981 -0.882341
-0.0313836 -0.00677846 -0.0185123
95
1
-1.04754 4.85678 -0.844436
-0.0308867 -0.00939306 -0.0215228
96
1
-0.983344 4.88023 -0.800362
-0.0330495 -0.0136061 -0.0243738
97
1
-0.918181 4.91152 -0.749934
-0.0341233 -0.0180801 -0.0278293
98
1
-0.852817 4.95045 -0.692644
-0.0340305 -0.0211225 -0.0294703
99
1
-0.788558 4.99695 -0.628701
-0.0337661 -0.025875 -0.0313479
100
1
-0.728892 5.05019 -0.558284
-0.0292678 -0.0287621 -0.0360857
101
1
-0.677869 5.11257 -0.479377
-0.022759 -0.0347855 -0.0405481
102
1
-0.642715 5.18563 -0.390246
-0.0111472 -0.0403754 -0.0482183
103
1
-0.630167 5.27067 -0.286104
0.00384034 -0.0495848 -0.0599871
104
1
-0.643126 5.37348 -0.160374
0.0214235 -0.0466818 -0.0585977
105
1
-0.662154 5.58258 -0.0808243
-0.014547 -0.0670119 0.00744746
106
1
-0.19017 5.94794 -0.0631849
-0.0728811 0.014283 0.00846745
107
1
0.19017 5.94794 -0.0631849
-0.0728811 -0.014283 -0.00846745
108
1
0.662154 5.58258 -0.0808243
-0.014547 0.0670119 -0.00744746
109
1
0.643126 5.37348 -0.160374
0.0214235 0.0466818 0.0585977
110
1
0.630167 5.27067 -0.286104
0.00384034 0.0495848 0.0599871
111
1
0.642715 5.18563 -0.390246
-0.0111472 0.0403754 0.0482183
112
1
0.677869 5.11257 -0.479377
-0.022759 0.0347855 0.0405481
113
1
0.728892 5.05019 -0.558284
-0.0292678 0.0287621 0.0360857
114
1
0.788558 4.99695 -0.628701
-0.0337661 0.025875 0.0313479
115
1
0.852817 4.95045 -0.692644
-0.0340305 0.0211225 0.0294703
116
1
0.918181 4.91152 -0.749934
-0.0341233 0.0180801 0.0278293
117
1
0.983344 4.88023 -0.800362
-0.0330495 0.0136061 0.0243738
118
1
1.04754 4.85678 -0.844436
-0.0308867 0.00939306 0.0215228
119
1
1.11064 4.83981 -0.882341
-0.0313836 0.00677846 0.0185123
120
1
1.17374 4.82778 -0.914689
-0.0304749 0.00376539 0.0147443
121
1
1.2368 4.82002 -0.941169
-0.0309014 0.00178101 0.0122021
122
1
1.29988 4.81532 -0.962162
-0.0316672 0.00142804 0.00918073
123
1
1.36273 4.81226 -0.978231
-0.0304708 0.00139565 0.00641407
124
1
1.42483 4.80926 -0.99008
-0.0304755 0.00173369 0.00408082
125
1
1.48654 4.8058 -0.998308
-0.031289 0.00232417 0.00229296
126
1
1.54807 4.80157 -1.00322
-0.0305563 0.00225167 0.00122904
127
1
1.60914 4.79664 -1.00557
-0.0300149 0.00248073 0.000416531
128
1
1.66972 4.79144 -1.00574
-0.0303714 0.00334352 -0.000426843
129
1
1.72981 4.78619 -1.00337
-0.0301242 0.00305683 -0.00154313
130
1
1.78915 4.78148 -0.998217
-0.0294644 0.00165817 -0.00291423
131
1
1.84752 4.7782 -0.990592
-0.0292352 0.000657274 -0.00356341
132
1
1.90477 4.77737 -0.98106
-0.0285437 -0.000186863 -0.00377414
133
1
1.96058 4.77924 -0.969611
-0.0269981 -0.00139636 -0.00455878
134
1
2.01529 4.78334 -0.956197
-0.0261609 -0.00228638 -0.0058942
135
1
2.06988 4.78882 -0.94084
-0.0267714 -0.0026408 -0.00760109
136
1
2.12462 4.79491 -0.922868
-0.0273219 -0.00300493 -0.00976619
137
1
2.17869 4.80068 -0.901394
-0.0268371 -0.00331124 -0.0123551
138
1
2.23137 4.80573 -0.876154
-0.0261696 -0.00316439 -0.0145039
139
1
2.28254 4.80988 -0.847208
-0.0256864 -0.00269721 -0.0157925
140
1
2.33252 4.81391 -0.815019
-0.0251396 -0.00216676 -0.017168
141
1
2.38137 4.81807 -0.779298
-0.0245474 -0.00196107 -0.0191658
142
1
2.42907 4.82236 -0.739507
-0.0240594 -0.00226933 -0.0213
143
1
2.47493 4.8268 -0.695287
-0.0229825 -0.0024852 -0.0237064
144
1
2.51805 4.83091 -0.646806
-0.0208737 -0.00230124 -0.0267951
145
1
2.55781 4.8344 -0.594368
-0.0188628 -0.00217176 -0.0293722
146
1
2.59375 4.83763 -0.538609
-0.0175812 -0.00208791 -0.0306284
147
1
2.62607 4.8411 -0.480897
-0.01623 -0.00210012 -0.0308618
148
1
2.65491 4.84466 -0.422046
-0.0144621 -0.00219574 -0.0309742
149
1
2.68074 4.84815 -0.362271
-0.0129252 -0.00166792 -0.0310256
150
1
2.70414 4.85112 -0.301976
-0.0119271 -0.000776896 -0.0309809
151
1
2.72475 4.85352 -0.241493
-0.0108507 -0.000418518 -0.0309852
152
1
2.74181 4.85559 -0.181016
-0.00899644 -0.000690031 -0.0310727
153
1
2.75411 4.85751 -0.120603
-0.0061752 -0.000834069 -0.0309274
154
1
2.76143 4.85912 -0.0602602
-0.00294748 -0.000554369 -0.030501
155
1
2.76379 4.85961 -2.85437e-015
-2.25033e-016 4.63346e-016 -0.0302482
156
1
2.76143 4.85912 0.0602602
0.00294748 0.000554369 -0.030501
157
1
2.75411 4.85751 0.120603
0.0061752 0.000834069 -0.0309274
158
1
2.74181 4.85559 0.181016
0.00899644 0.000690031 -0.0310727
159
1
2.72475 4.85352 0.241493
0.0108507 0.000418518 -0.0309852
160
1
2.70414 4.85112 0.301976
0.0119271 0.000776896 -0.0309809
161
1
2.68074 4.84815 0.362271
0.0129252 0.00166792 -0.0310256
162
1
2.65491 4.84466 0.422046
0.0144621 0.00219574 -0.0309742
163
1
2.62607 4.8411 0.480897
0.01623 0.00210012 -0.0308618
164
1
2.59375 4.83763 0.538609
0.0175812 0.00208791 -0.0306284
165
1
2.55781 4.8344 0.594368
0.0188628 0.00217176 -0.0293722
166
1
2.51805 4.83091 0.646806
0.0208737 0.00230124 -0.0267951
167
1
2.47493 4.8268 0.695287
0.0229825 0.0024852 -0.0237064
168
1
2.42907 4.82236 0.739507
0.0240594 0.00226933 -0.0213
169
1
2.38137 4.81807 0.779298
0.0245474 0.00196107 -0.0191658
170
1
2.33252 4.81391 0.815019
0.0251396 0.00216676 -0.017168
171
1
2.28254 4.80988 0.847208
0.0256864 0.00269721 -0.0157925
172
1
2.23137 4.80573 0.876154
0.0261696 0.00316439 -0.0145039
173
1
2.17869 4.80068 0.901394
0.0268371 0.00331124 -0.0123551
174
1
2.12462 4.79491 0.922868
0.0273219 0.00300493 -0.00976619
175
1
2.06988 4.78882 0.94084
0.0267714 0.0026408 -0.00760109
176
1
2.01529 4.78334 0.956197
0.0261609 0.00228638 -0.0058942
177
1
1.96058 4.77924 0.969611
0.0269981 0.00139636 -0.00455878
178
1
1.90477 4.77737 0.98106
0.0285437 0.000186863 -0.00377414
179
1
1.84752 4.7782 0.990592
0.0292352 -0.000657274 -0.00356341
180
1
1.78915 4.78148 0.998217
0.0294644 -0.00165817 -0.00291423
181
1
1.72981 4.78619 1.00337
0.0301242 -0.00305683 -0.00154313
182
1
1.66972 4.79144 1.00574
0.0303714 -0.00334352 -0.000426843
183
1
1.60914 4.79664 1.00557
0.0300149 -0.00248073 0.000416531
184
1
1.54807 4.80157 1.00322
0.0305563 -0.00225167 0.00122904
185
1
1.48654 4.8058 0.998308
0.031289 -0.00232417 0.00229296
186
1
1.42483 4.80926 0.99008
0.0304755 -0.00173369 0.00408082
187
1
1.36273 4.81226 0.978231
0.0304708 -0.00139565 0.00641407
188
1
1.29988 4.81532 0.962162
0.0316672 -0.00142804 0.00918073
189
1
1.2368 4.82002 0.941169
0.0309014 -0.00178101 0.0122021
190
1
1.17374 4.82778 0.914689
0.0304749 -0.00376539 0.0147443
191
1
1.11064 4.83981 0.882341
0.0313836 -0.00677846 0.0185123
192
1
1.04754 4.85678 0.844436
0.0308867 -0.00939306 0.0215228
193
1
0.983344 4.88023 0.800362
0.0330495 -0.0136061 0.0243738
