194
0
1
1.28304 6.4049 1.07561
0.0262075 0.00179388 0.0382733
1
1
1.23224 6.40415 0.997476
0.0236001 0.00120902 0.042842
2
1
1.18519 6.40144 0.904548
0.0211526 0.00204065 0.0503201
3
1
1.14188 6.39484 0.79935
0.022051 0.00306588 0.0562322
4
1
1.09758 6.38052 0.680781
0.0236893 0.00931509 0.0602228
5
1
1.05075 6.35402 0.549966
0.0235868 0.020612 0.0709822
6
1
0.997416 6.30381 0.399098
0.0190241 0.0317434 0.0685733
7
1
0.928787 6.21407 0.202351
0.0276292 0.0348104 0.0640056
8
1
0.699121 6.01724 0.0952961
0.0269325 0.0211267 -0.0112421
9
1
0.0499062 8.1565 0.678606
0.000972404 0.0113888 -0.0770792
10
1
-0.0499062 8.1565 0.678606
0.000972404 -0.0113888 0.0770792
11
1
-0.699121 6.01724 0.0952961
0.0269325 -0.0211267 0.0112421
12
1
-0.928787 6.21407 0.202351
0.0276292 -0.0348104 -0.0640056
13
1
-0.997416 6.30381 0.399098
0.0190241 -0.0317434 -0.0685733
14
1
-1.05075 6.35402 0.549966
0.0235868 -0.020612 -0.0709822
15
1
-1.09758 6.38052 0.680781
0.0236893 -0.00931509 -0.0602228
16
1
-1.14188 6.39484 0.79935
0.022051 -0.00306588 -0.0562322
17
1
-1.18519 6.40144 0.904548
0.0211526 -0.00204065 -0.0503201
18
1
-1.23224 6.40415 0.997476
0.0236001 -0.00120902 -0.042842
19
1
-1.28304 6.4049 1.07561
0.0262075 -0.00179388 -0.0382733
20
1
-1.3361 6.40456 1.14005
0.0262385 -0.000633449 -0.0302194
21
1
-1.38979 6.40206 1.19234
0.0258678 0.00123563 -0.0232861
22
1
-1.44259 6.39678 1.23431
0.0267124 0.00396847 -0.0190461
23
1
-1.49529 6.38765 1.26987
0.0261927 0.00544007 -0.0151458
24
1
-1.54736 6.37416 1.29917
0.0261831 0.00680843 -0.0125461
25
1
-1.59816 6.35682 1.32184
0.0255218 0.00929093 -0.0101205
26
1
-1.6477 6.33706 1.33795
0.0232106 0.010288 -0.0067239
27
1
-1.69558 6.31677 1.34774
0.0226028 0.01025 -0.00371391
28
1
-1.74255 6.29684 1.35248
0.0233327 0.0102799 -0.00181672
29
1
-1.7892 6.27762 1.35242
0.0231379 0.00976224 0.000758263
30
1
-1.83514 6.25919 1.34757
0.0228209 0.00928837 0.00361339
31
1
-1.88029 6.24163 1.33853
0.0226048 0.00845947 0.00580698
32
1
-1.92453 6.22532 1.32509
0.021806 0.00731994 0.00821886
33
1
-1.96743 6.21053 1.30701
0.0210925 0.0067108 0.0109439
34
1
-2.00882 6.19779 1.28462
0.0203565 0.00558872 0.0127391
35
1
-2.0487 6.18772 1.25864
0.0189665 0.00357897 0.0142648
36
1
-2.08703 6.18055 1.22938
0.0177831 0.00225855 0.0156056
37
1
-2.12451 6.17568 1.19706
0.017515 0.00163438 0.0167001
38
1
-2.16222 6.17304 1.16181
0.0178496 0.000537314 0.0184906
39
1
-2.20039 6.17289 1.12359
0.0183495 -0.000714888 0.0204544
40
1
-2.23843 6.17466 1.08285
0.0190101 -0.00118712 0.0214915
41
1
-2.27587 6.17752 1.04013
0.0192467 -0.00162839 0.0220839
42
1
-2.31251 6.18193 0.995434
0.0184729 -0.00269666 0.0231396
43
1
-2.34851 6.18773 0.94866
0.0176837 -0.00349571 0.0245249
44
1
-2.38385 6.19438 0.89912
0.0174861 -0.00363711 0.0260613
45
1
-2.41831 6.20096 0.845722
0.0171151 -0.00357489 0.0281891
46
1
-2.4518 6.20684 0.788451
0.0165065 -0.0031307 0.0305099
47
1
-2.48396 6.21166 0.728007
0.0164135 -0.00223363 0.0321003
48
1
-2.51445 6.21561 0.665099
0.0162678 -0.00137316 0.0333419
49
1
-2.54322 6.21909 0.600669
0.0153523 -0.00114398 0.0344431
50
1
-2.56947 6.2226 0.535402
0.0137437 -0.00176591 0.0345749
51
1
-2.59274 6.22677 0.469704
0.0117444 -0.00262978 0.0343778
52
1
-2.61266 6.23173 0.403422
0.00957117 -0.0032624 0.0342851
53
1
-2.62905 6.23738 0.33665
0.00782285 -0.00341556 0.0341979
54
1
-2.64213 6.24311 0.269689
0.00641269 -0.00310994 0.034222
55
1
-2.65183 6.24842 0.202579
0.00454801 -0.00297064 0.034591
56
1
-2.65842 6.25297 0.135374
0.00220386 -0.00293024 0.0348726
57
1
-2.66201 6.25613 0.0677972
0.000493239 -0.00212373 0.0346016
58
1
-2.6631 6.25743 -4.75809e-012
-7.56617e-014 2.89012e-014 0.0343039
59
1
-2.66201 6.25613 -0.0677972
-0.000493239 0.00212373 0.0346016
60
1
-2.65842 6.25297 -0.135374
-0.00220386 0.00293024 0.0348726
61
1
-2.65183 6.24842 -0.202579
-0.00454801 0.00297064 0.034591
62
1
-2.64213 6.24311 -0.269689
-0.00641269 0.00310994 0.034222
63
1
-2.62905 6.23738 -0.33665
-0.00782285 0.00341556 0.0341979
64
1
-2.61266 6.23173 -0.403422
-0.00957117 0.0032624 0.0342851
65
1
-2.59274 6.22677 -0.469704
-0.0117444 0.00262978 0.0343778
66
1
-2.56947 6.2226 -0.535402
-0.0137437 0.00176591 0.0345749
67
1
-2.54322 6.21909 -0.600669
-0.0153523 0.00114398 0.0344431
68
1
-2.51445 6.21561 -0.665099
-0.0162678 0.00137316 0.0333419
69
1
-2.48396 6.21166 -0.728007
-0.0164135 0.00223363 0.0321003
70
1
-2.4518 6.20684 -0.788451
-0.0165065 0.0031307 0.0305099
71
1
-2.41831 6.20096 -0.845722
-0.0171151 0.00357489 0.0281891
72
1
-2.38385 6.19438 -0.89912
-0.0174861 0.00363711 0.0260613
73
1
-2.34851 6.18773 -0.94866
-0.0176837 0.00349571 0.0245249
74
1
-2.31251 6.18193 -0.995434
-0.0184729 0.00269666 0.0231396
75
1
-2.27587 6.17752 -1.04013
-0.0192467 0.00162839 0.0220839
76
1
-2.23843 6.17466 -1.08285
-0.0190101 0.00118712 0.0214915
77
1
-2.20039 6.17289 -1.12359
-0.0183495 0.000714888 0.0204544
78
1
-2.16222 6.17304 -1.16181
-0.0178496 -0.000537314 0.0184906
79
1
-2.12451 6.17568 -1.19706
-0.017515 -0.00163438 0.0167001
80
1
-2.08703 6.18055 -1.22938
-0.0177831 -0.00225855 0.0156056
81
1
-2.0487 6.18772 -1.25864
-0.0189665 -0.00357897 0.0142648
82
1
-2.00882 6.19779 -1.28462
-0.0203565 -0.00558872 0.0127391
83
1
-1.96743 6.21053 -1.30701
-0.0210925 -0.0067108 0.0109439
84
1
-1.92453 6.22532 -1.32509
-0.021806 -0.00731994 0.00821886
85
1
-1.88029 6.24163 -1.33853
-0.0226048 -0.00845947 0.00580698
86
1
-1.83514 6.25919 -1.34757
-0.0228209 -0.00928837 0.00361339
87
1
-1.7892 6.27762 -1.35242
-0.0231379 -0.00976224 0.000758263
88
1
-1.74255 6.29684 -1.35248
-0.0233327 -0.0102799 -0.00181672
89
1
-1.69558 6.31677 -1.34774
-0.0226028 -0.01025 -0.00371391
90
1
-1.6477 6.33706 -1.33795
-0.0232106 -0.010288 -0.0067239
91
1
-1.59816 6.35682 -1.32184
-0.0255218 -0.00929093 -0.0101205
92
1
-1.54736 6.37416 -1.29917
-0.0261831 -0.00680843 -0.0125461
93
1
-1.49529 6.38765 -1.26987
-0.0261927 -0.00544007 -0.0151458
94
1
-1.44259 6.39678 -1.23431
-0.0267124 -0.00396847 -0.0190461
95
1
-1.38979 6.40206 -1.19234
-0.0258678 -0.00123563 -0.0232861
96
1
-1.3361 6.40456 -1.14005
-0.0262385 0.000633449 -0.0302194
97
1
-1.28304 6.4049 -1.07561
-0.0262075 0.00179388 -0.0382733
98
1
-1.23224 6.40415 -0.997476
-0.0236001 0.00120902 -0.042842
99
1
-1.18519 6.40144 -0.904548
-0.0211526 0.00204065 -0.0503201
100
1
-1.14188 6.39484 -0.79935
-0.022051 0.00306588 -0.0562322
101
1
-1.09758 6.38052 -0.680781
-0.0236893 0.00931509 -0.0602228
102
1
-1.05075 6.35402 -0.549966
-0.0235868 0.020612 -0.0709822
103
1
-0.997416 6.30381 -0.399098
-0.0190241 0.0317434 -0.0685733
104
1
-0.928787 6.21407 -0.202351
-0.0276292 0.0348104 -0.0640056
105
1
-0.699121 6.01724 -0.0952961
-0.0269325 0.0211267 0.0112421
106
1
-0.0499062 8.1565 -0.678606
-0.000972404 0.0113888 0.0770792
107
1
0.0499062 8.1565 -0.678606
-0.000972404 -0.0113888 -0.0770792
108
1
0.699121 6.01724 -0.0952961
-0.0269325 -0.0211267 -0.0112421
109
1
0.928787 6.21407 -0.202351
-0.0276292 -0.0348104 0.0640056
110
1
0.997416 6.30381 -0.399098
-0.0190241 -0.0317434 0.0685733
111
1
1.05075 6.35402 -0.549966
-0.0235868 -0.020612 0.0709822
112
1
1.09758 6.38052 -0.680781
-0.0236893 -0.00931509 0.0602228
113
1
1.14188 6.39484 -0.79935
-0.022051 -0.00306588 0.0562322
114
1
1.18519 6.40144 -0.904548
-0.0211526 -0.00204065 0.0503201
115
1
1.23224 6.40415 -0.997476
-0.0236001 -0.00120902 0.042842
116
1
1.28304 6.4049 -1.07561
-0.0262075 -0.00179388 0.0382733
117
1
1.3361 6.40456 -1.14005
-0.0262385 -0.000633449 0.0302194
118
1
1.38979 6.40206 -1.19234
-0.0258678 0.00123563 0.0232861
119
1
1.44259 6.39678 -1.23431
-0.0267124 0.00396847 0.0190461
120
1
1.49529 6.38765 -1.26987
-0.0261927 0.00544007 0.0151458
121
1
1.54736 6.37416 -1.29917
-0.0261831 0.00680843 0.0125461
122
1
1.59816 6.35682 -1.32184
-0.0255218 0.00929093 0.0101205
123
1
1.6477 6.33706 -1.33795
-0.0232106 0.010288 0.0067239
124
1
1.69558 6.31677 -1.34774
-0.0226028 0.01025 0.00371391
125
1
1.74255 6.29684 -1.35248
-0.0233327 0.0102799 0.00181672
126
1
1.7892 6.27762 -1.35242
-0.0231379 0.00976224 -0.000758263
127
1
1.83514 6.25919 -1.34757
-0.0228209 0.00928837 -0.00361339
128
1
1.88029 6.24163 -1.33853
-0.0226048 0.00845947 -0.00580698
129
1
1.92453 6.22532 -1.32509
-0.021806 0.00731994 -0.00821886
130
1
1.96743 6.21053 -1.30701
-0.0210925 0.0067108 -0.0109439
131
1
2.00882 6.19779 -1.28462
-0.0203565 0.00558872 -0.0127391
132
1
2.0487 6.18772 -1.25864
-0.0189665 0.00357897 -0.0142648
133
1
2.08703 6.18055 -1.22938
-0.0177831 0.00225855 -0.0156056
134
1
2.12451 6.17568 -1.19706
-0.017515 0.00163438 -0.0167001
135
1
2.16222 6.17304 -1.16181
-0.0178496 0.000537314 -0.0184906
136
1
2.20039 6.17289 -1.12359
-0.0183495 -0.000714888 -0.0204544
137
1
2.23843 6.17466 -1.08285
-0.0190101 -0.00118712 -0.0214915
138
1
2.27587 6.17752 -1.04013
-0.0192467 -0.00162839 -0.0220839
139
1
2.31251 6.18193 -0.995434
-0.0184729 -0.00269666 -0.0231396
140
1
2.34851 6.18773 -0.94866
-0.0176837 -0.00349571 -0.0245249
141
1
2.38385 6.19438 -0.89912
-0.0174861 -0.00363711 -0.0260613
142
1
2.41831 6.20096 -0.845722
-0.0171151 -0.00357489 -0.0281891
143
1
2.4518 6.20684 -0.788451
-0.0165065 -0.0031307 -0.0305099
144
1
2.48396 6.21166 -0.728007
-0.0164135 -0.00223363 -0.0321003
145
1
2.51445 6.21561 -0.665099
-0.0162678 -0.00137316 -0.0333419
146
1
2.54322 6.21909 -0.600669
-0.0153523 -0.00114398 -0.0344431
147
1
2.56947 6.2226 -0.535402
-0.0137437 -0.00176591 -0.0345749
148
1
2.59274 6.22677 -0.469704
-0.0117444 -0.00262978 -0.0343778
149
1
2.61266 6.23173 -0.403422
-0.00957117 -0.0032624 -0.0342851
150
1
2.62905 6.23738 -0.33665
-0.00782285 -0.00341556 -0.0341979
151
1
2.64213 6.24311 -0.269689
-0.00641269 -0.00310994 -0.034222
152
1
2.65183 6.24842 -0.202579
-0.00454801 -0.00297064 -0.034591
153
1
2.65842 6.25297 -0.135374
-0.00220386 -0.00293024 -0.0348726
154
1
2.66201 6.25613 -0.0677972
-0.000493239 -0.00212373 -0.0346016
155
1
2.6631 6.25743 5.34397e-012
8.39074e-014 3.71571e-014 -0.0343039
156
1
2.66201 6.25613 0.0677972
0.000493239 0.00212373 -0.0346016
157
1
2.65842 6.25297 0.135374
0.00220386 0.00293024 -0.0348726
158
1
2.65183 6.24842 0.202579
0.00454801 0.00297064 -0.034591
159
1
2.64213 6.24311 0.269689
0.00641269 0.00310994 -0.034222
160
1
2.62905 6.23738 0.33665
0.00782285 0.00341556 -0.0341979
161
1
2.61266 6.23173 0.403422
0.00957117 0.0032624 -0.0342851
162
1
2.59274 6.22677 0.469704
0.0117444 0.00262978 -0.0343778
163
1
2.56947 6.2226 0.535402
0.0137437 0.00176591 -0.0345749
164
1
2.54322 6.21909 0.600669
0.0153523 0.00114398 -0.0344431
165
1
2.51445 6.21561 0.665099
0.0162678 0.00137316 -0.0333419
166
1
2.48396 6.21166 0.728007
0.0164135 0.00223363 -0.0321003
167
1
2.4518 6.20684 0.788451
0.0165065 0.0031307 -0.0305099
168
1
2.41831 6.20096 0.845722
0.0171151 0.00357489 -0.0281891
169
1
2.38385 6.19438 0.89912
0.0174861 0.00363711 -0.0260613
170
1
2.34851 6.18773 0.94866
0.0176837 0.00349571 -0.0245249
171
1
2.31251 6.18193 0.995434
0.0184729 0.00269666 -0.0231396
172
1
2.27587 6.17752 1.04013
0.0192467 0.00162839 -0.0220839
173
1
2.23843 6.17466 1.08285
0.0190101 0.00118712 -0.0214915
174
1
2.20039 6.17289 1.12359
0.0183495 0.000714888 -0.0204544
175
1
2.16222 6.17304 1.16181
0.0178496 -0.000537314 -0.0184906
176
1
2.12451 6.17568 1.19706
0.017515 -0.00163438 -0.0167001
177
1
2.08703 6.18055 1.22938
0.0177831 -0.00225855 -0.0156056
178
1
2.0487 6.18772 1.25864
0.0189665 -0.00357897 -0.0142648
179
1
2.00882 6.19779 1.28462
0.0203565 -0.00558872 -0.0127391
180
1
1.96743 6.21053 1.30701
0.0210925 -0.0067108 -0.0109439
181
1
1.92453 6.22532 1.32509
0.021806 -0.00731994 -0.00821886
182
1
1.88029 6.24163 1.33853
0.0226048 -0.00845947 -0.00580698
183
1
1.83514 6.25919 1.34757
0.0228209 -0.00928837 -0.00361339
184
1
1.7892 6.27762 1.35242
0.0231379 -0.00976224 -0.000758263
185
1
1.74255 6.29684 1.35248
0.0233327 -0.0102799 0.00181672
186
1
1.69558 6.31677 1.34774
0.0226028 -0.01025 0.00371391
187
1
1.6477 6.33706 1.33795
0.0232106 -0.010288 0.0067239
188
1
1.59816 6.35682 1.32184
0.0255218 -0.00929093 0.0101205
189
1
1.54736 6.37416 1.29917
0.0261831 -0.00680843 0.0125461
190
1
1.49529 6.38765 1.26987
0.0261927 -0.00544007 0.0151458
191
1
1.44259 6.39678 1.23431
0.0267124 -0.00396847 0.0190461
192
1
1.38979 6.40206 1.19234
0.0258678 -0.00123563 0.0232861
193
1
1.3361 6.40456 1.14005
0.0262385 0.000633449 0.0302194
