194
0
1
0.84992 2.41463 1.66938
0.032387 -0.0232141 -0.0213594
1
1
0.784749 2.45929 1.7105
0.0351645 -0.022304 -0.0208545
2
1
0.71283 2.50239 1.75068
0.0376758 -0.0210383 -0.0200361
3
1
0.634659 2.54285 1.78853
0.0406226 -0.0200525 -0.0189379
4
1
0.550126 2.5794 1.8228
0.0432079 -0.0178887 -0.0157529
5
1
0.459552 2.61114 1.85133
0.0460646 -0.0151325 -0.0124256
6
1
0.363437 2.63714 1.8734
0.0489983 -0.0119017 -0.00904296
7
1
0.262759 2.6569 1.88944
0.0512515 -0.00830202 -0.006346
8
1
0.158763 2.67029 1.89966
0.0524973 -0.00547077 -0.00405809
9
1
0.05306 2.67707 1.90435
0.0530672 -0.00214201 -0.00134078
10
1
-0.05306 2.67707 1.90435
0.0530672 0.00214201 0.00134078
11
1
-0.158763 2.67029 1.89966
0.0524973 0.00547077 0.00405809
12
1
-0.262759 2.6569 1.88944
0.0512515 0.00830202 0.006346
13
1
-0.363437 2.63714 1.8734
0.0489983 0.0119017 0.00904296
14
1
-0.459552 2.61114 1.85133
0.0460646 0.0151325 0.0124256
15
1
-0.550126 2.5794 1.8228
0.0432079 0.0178887 0.0157529
16
1
-0.634659 2.54285 1.78853
0.0406226 0.0200525 0.0189379
17
1
-0.71283 2.50239 1.75068
0.0376758 0.0210383 0.0200361
18
1
-0.784749 2.45929 1.7105
0.0351645 0.022304 0.0208545
19
1
-0.84992 2.41463 1.66938
0.032387 0.0232141 0.0213594
20
1
-0.907829 2.36948 1.62785
0.0278309 0.0232273 0.0209039
21
1
-0.958603 2.32425 1.58558
0.023612 0.0231557 0.021584
22
1
-1.00231 2.27912 1.54235
0.0198662 0.0229534 0.0219828
23
1
-1.04001 2.23396 1.49849
0.0169839 0.0227267 0.0222203
24
1
-1.07242 2.18916 1.4542
0.0143047 0.0225572 0.0223219
25
1
-1.09991 2.14465 1.40972
0.0125995 0.0224201 0.0223093
26
1
-1.12355 2.10015 1.36586
0.0112258 0.0222632 0.0216456
27
1
-1.14383 2.0563 1.32253
0.00961298 0.0221253 0.0208719
28
1
-1.15991 2.01314 1.27951
0.00777256 0.0219031 0.0207903
29
1
-1.17117 1.97031 1.23703
0.0053429 0.0217292 0.0206884
30
1
-1.17743 1.92765 1.19532
0.00236654 0.0218091 0.0199952
31
1
-1.17858 1.88535 1.15429
-0.000358419 0.0218004 0.0193857
32
1
-1.17456 1.8438 1.1138
-0.00256154 0.0211923 0.0194405
33
1
-1.16596 1.8033 1.07377
-0.00474732 0.0199293 0.0199827
34
1
-1.15373 1.76426 1.03361
-0.00713209 0.0184351 0.020629
35
1
-1.13844 1.72718 0.992559
-0.00931752 0.0170947 0.021231
36
1
-1.12019 1.69248 0.950159
-0.0109571 0.0159517 0.0218159
37
1
-1.09908 1.66 0.906618
-0.0121306 0.0149241 0.0223811
38
1
-1.0756 1.62932 0.862272
-0.0131015 0.0140107 0.02283
39
1
-1.05041 1.6001 0.817225
-0.0140494 0.0132975 0.0230408
40
1
-1.02379 1.57256 0.771388
-0.0150264 0.012797 0.0229834
41
1
-0.995393 1.54724 0.724925
-0.0160355 0.0123892 0.0227123
42
1
-0.96442 1.52457 0.678528
-0.0170875 0.0118828 0.0222774
43
1
-0.930238 1.50447 0.633259
-0.0181709 0.0111197 0.0216986
44
1
-0.89286 1.48645 0.589967
-0.0192446 0.0100221 0.0210134
45
1
-0.852969 1.47001 0.548829
-0.0202511 0.00859748 0.0203021
46
1
-0.811609 1.45508 0.509226
-0.0211114 0.00694593 0.0196603
47
1
-0.769738 1.44215 0.470214
-0.0217067 0.00521858 0.0191726
48
1
-0.728076 1.43196 0.431067
-0.0219075 0.00355835 0.0188957
49
1
-0.687168 1.42498 0.391502
-0.0216342 0.00207855 0.0188479
50
1
-0.647608 1.42108 0.351478
-0.0208667 0.000848792 0.0190301
51
1
-0.610075 1.41964 0.310924
-0.0196264 -7.97802e-005 0.0194315
52
1
-0.575418 1.41987 0.269591
-0.0179422 -0.000697379 0.0200177
53
1
-0.544528 1.421 0.227205
-0.015835 -0.00102257 0.0207275
54
1
-0.518253 1.42243 0.183602
-0.0133179 -0.00109422 0.0214774
55
1
-0.497272 1.42379 0.138825
-0.0104134 -0.000969665 0.0221798
56
1
-0.482069 1.42487 0.0930835
-0.00716096 -0.000713643 0.0227519
57
1
-0.472872 1.4255 0.0466942
-0.00364732 -0.000374682 0.0231291
58
1
-0.469799 1.42571 -9.71545e-016
1.37178e-017 -1.84173e-016 0.0232607
59
1
-0.472872 1.4255 -0.0466942
0.00364732 0.000374682 0.0231291
60
1
-0.482069 1.42487 -0.0930835
0.00716096 0.000713643 0.0227519
61
1
-0.497272 1.42379 -0.138825
0.0104134 0.000969665 0.0221798
62
1
-0.518253 1.42243 -0.183602
0.0133179 0.00109422 0.0214774
63
1
-0.544528 1.421 -0.227205
0.015835 0.00102257 0.0207275
64
1
-0.575418 1.41987 -0.269591
0.0179422 0.000697379 0.0200177
65
1
-0.610075 1.41964 -0.310924
0.0196264 7.97802e-005 0.0194315
66
1
-0.647608 1.42108 -0.351478
0.0208667 -0.000848792 0.0190301
67
1
-0.687168 1.42498 -0.391502
0.0216342 -0.00207855 0.0188479
68
1
-0.728076 1.43196 -0.431067
0.0219075 -0.00355835 0.0188957
69
1
-0.769738 1.44215 -0.470214
0.0217067 -0.00521858 0.0191726
70
1
-0.811609 1.45508 -0.509226
0.0211114 -0.00694593 0.0196603
71
1
-0.852969 1.47001 -0.548829
0.0202511 -0.00859748 0.0203021
72
1
-0.89286 1.48645 -0.589967
0.0192446 -0.0100221 0.0210134
73
1
-0.930238 1.50447 -0.633259
0.0181709 -0.0111197 0.0216986
74
1
-0.96442 1.52457 -0.678528
0.0170875 -0.0118828 0.0222774
75
1
-0.995393 1.54724 -0.724925
0.0160355 -0.0123892 0.0227123
76
1
-1.02379 1.57256 -0.771388
0.0150264 -0.012797 0.0229834
77
1
-1.05041 1.6001 -0.817225
0.0140494 -0.0132975 0.0230408
78
1
-1.0756 1.62932 -0.862272
0.0131015 -0.0140107 0.02283
79
1
-1.09908 1.66 -0.906618
0.0121306 -0.0149241 0.0223811
80
1
-1.12019 1.69248 -0.950159
0.0109571 -0.0159517 0.0218159
81
1
-1.13844 1.72718 -0.992559
0.00931752 -0.0170947 0.021231
82
1
-1.15373 1.76426 -1.03361
0.00713209 -0.0184351 0.020629
83
1
-1.16596 1.8033 -1.07377
0.00474732 -0.0199293 0.0199827
84
1
-1.17456 1.8438 -1.1138
0.00256154 -0.0211923 0.0194405
85
1
-1.17858 1.88535 -1.15429
0.000358419 -0.0218004 0.0193857
86
1
-1.17743 1.92765 -1.19532
-0.00236654 -0.0218091 0.0199952
87
1
-1.17117 1.97031 -1.23703
-0.0053429 -0.0217292 0.0206884
88
1
-1.15991 2.01314 -1.27951
-0.00777256 -0.0219031 0.0207903
89
1
-1.14383 2.0563 -1.32253
-0.00961298 -0.0221253 0.0208719
90
1
-1.12355 2.10015 -1.36586
-0.0112258 -0.0222632 0.0216456
91
1
-1.09991 2.14465 -1.40972
-0.0125995 -0.0224201 0.0223093
92
1
-1.07242 2.18916 -1.4542
-0.0143047 -0.0225572 0.0223219
93
1
-1.04001 2.23396 -1.49849
-0.0169839 -0.0227267 0.0222203
94
1
-1.00231 2.27912 -1.54235
-0.0198662 -0.0229534 0.0219828
95
1
-0.958603 2.32425 -1.58558
-0.023612 -0.0231557 0.021584
96
1
-0.907829 2.36948 -1.62785
-0.0278309 -0.0232273 0.0209039
97
1
-0.84992 2.41463 -1.66938
-0.032387 -0.0232141 0.0213594
98
1
-0.784749 2.45929 -1.7105
-0.0351645 -0.022304 0.0208545
99
1
-0.71283 2.50239 -1.75068
-0.0376758 -0.0210383 0.0200361
100
1
-0.634659 2.54285 -1.78853
-0.0406226 -0.0200525 0.0189379
101
1
-0.550126 2.5794 -1.8228
-0.0432079 -0.0178887 0.0157529
102
1
-0.459552 2.61114 -1.85133
-0.0460646 -0.0151325 0.0124256
103
1
-0.363437 2.63714 -1.8734
-0.0489983 -0.0119017 0.00904296
104
1
-0.262759 2.6569 -1.88944
-0.0512515 -0.00830202 0.006346
105
1
-0.158763 2.67029 -1.89966
-0.0524973 -0.00547077 0.00405809
106
1
-0.05306 2.67707 -1.90435
-0.0530672 -0.00214201 0.00134078
107
1
0.05306 2.67707 -1.90435
-0.0530672 0.00214201 -0.00134078
108
1
0.158763 2.67029 -1.89966
-0.0524973 0.00547077 -0.00405809
109
1
0.262759 2.6569 -1.88944
-0.0512515 0.00830202 -0.006346
110
1
0.363437 2.63714 -1.8734
-0.0489983 0.0119017 -0.00904296
111
1
0.459552 2.61114 -1.85133
-0.0460646 0.0151325 -0.0124256
112
1
0.550126 2.5794 -1.8228
-0.0432079 0.0178887 -0.0157529
113
1
0.634659 2.54285 -1.78853
-0.0406226 0.0200525 -0.0189379
114
1
0.71283 2.50239 -1.75068
-0.0376758 0.0210383 -0.0200361
115
1
0.784749 2.45929 -1.7105
-0.0351645 0.022304 -0.0208545
116
1
0.84992 2.41463 -1.66938
-0.032387 0.0232141 -0.0213594
117
1
0.907829 2.36948 -1.62785
-0.0278309 0.0232273 -0.0209039
118
1
0.958603 2.32425 -1.58558
-0.023612 0.0231557 -0.021584
119
1
1.00231 2.27912 -1.54235
-0.0198662 0.0229534 -0.0219828
120
1
1.04001 2.23396 -1.49849
-0.0169839 0.0227267 -0.0222203
121
1
1.07242 2.18916 -1.4542
-0.0143047 0.0225572 -0.0223219
122
1
1.09991 2.14465 -1.40972
-0.0125995 0.0224201 -0.0223093
123
1
1.12355 2.10015 -1.36586
-0.0112258 0.0222632 -0.0216456
124
1
1.14383 2.0563 -1.32253
-0.00961298 0.0221253 -0.0208719
125
1
1.15991 2.01314 -1.27951
-0.00777256 0.0219031 -0.0207903
126
1
1.17117 1.97031 -1.23703
-0.0053429 0.0217292 -0.0206884
127
1
1.17743 1.92765 -1.19532
-0.00236654 0.0218091 -0.0199952
128
1
1.17858 1.88535 -1.15429
0.000358419 0.0218004 -0.0193857
129
1
1.17456 1.8438 -1.1138
0.00256154 0.0211923 -0.0194405
130
1
1.16596 1.8033 -1.07377
0.00474732 0.0199293 -0.0199827
131
1
1.15373 1.76426 -1.03361
0.00713209 0.0184351 -0.020629
132
1
1.13844 1.72718 -0.992559
0.00931752 0.0170947 -0.021231
133
1
1.12019 1.69248 -0.950159
0.0109571 0.0159517 -0.0218159
134
1
1.09908 1.66 -0.906618
0.0121306 0.0149241 -0.0223811
135
1
1.0756 1.62932 -0.862272
0.0131015 0.0140107 -0.02283
136
1
1.05041 1.6001 -0.817225
0.0140494 0.0132975 -0.0230408
137
1
1.02379 1.57256 -0.771388
0.0150264 0.012797 -0.0229834
138
1
0.995393 1.54724 -0.724925
0.0160355 0.0123892 -0.0227123
139
1
0.96442 1.52457 -0.678528
0.0170875 0.0118828 -0.0222774
140
1
0.930238 1.50447 -0.633259
0.0181709 0.0111197 -0.0216986
141
1
0.89286 1.48645 -0.589967
0.0192446 0.0100221 -0.0210134
142
1
0.852969 1.47001 -0.548829
0.0202511 0.00859748 -0.0203021
143
1
0.811609 1.45508 -0.509226
0.0211114 0.00694593 -0.0196603
144
1
0.769738 1.44215 -0.470214
0.0217067 0.00521858 -0.0191726
145
1
0.728076 1.43196 -0.431067
0.0219075 0.00355835 -0.0188957
146
1
0.687168 1.42498 -0.391502
0.0216342 0.00207855 -0.0188479
147
1
0.647608 1.42108 -0.351478
0.0208667 0.000848792 -0.0190301
148
1
0.610075 1.41964 -0.310924
0.0196264 -7.97802e-005 -0.0194315
149
1
0.575418 1.41987 -0.269591
0.0179422 -0.000697379 -0.0200177
150
1
0.544528 1.421 -0.227205
0.015835 -0.00102257 -0.0207275
151
1
0.518253 1.42243 -0.183602
0.0133179 -0.00109422 -0.0214774
152
1
0.497272 1.42379 -0.138825
0.0104134 -0.000969665 -0.0221798
153
1
0.482069 1.42487 -0.0930835
0.00716096 -0.000713643 -0.0227519
154
1
0.472872 1.4255 -0.0466942
0.00364732 -0.000374682 -0.0231291
155
1
0.469799 1.42571 -7.10609e-016
6.35754e-017 8.98936e-017 -0.0232607
156
1
0.472872 1.4255 0.0466942
-0.00364732 0.000374682 -0.0231291
157
1
0.482069 1.42487 0.0930835
-0.00716096 0.000713643 -0.0227519
158
1
0.497272 1.42379 0.138825
-0.0104134 0.000969665 -0.0221798
159
1
0.518253 1.42243 0.183602
-0.0133179 0.00109422 -0.0214774
160
1
0.544528 1.421 0.227205
-0.015835 0.00102257 -0.0207275
161
1
0.575418 1.41987 0.269591
-0.0179422 0.000697379 -0.0200177
162
1
0.610075 1.41964 0.310924
-0.0196264 7.97802e-005 -0.0194315
163
1
0.647608 1.42108 0.351478
-0.0208667 -0.000848792 -0.0190301
164
1
0.687168 1.42498 0.391502
-0.0216342 -0.00207855 -0.0188479
165
1
0.728076 1.43196 0.431067
-0.0219075 -0.00355835 -0.0188957
166
1
0.769738 1.44215 0.470214
-0.0217067 -0.00521858 -0.0191726
167
1
0.811609 1.45508 0.509226
-0.0211114 -0.00694593 -0.0196603
168
1
0.852969 1.47001 0.548829
-0.0202511 -0.00859748 -0.0203021
169
1
0.89286 1.48645 0.589967
-0.0192446 -0.0100221 -0.0210134
170
1
0.930238 1.50447 0.633259
-0.0181709 -0.0111197 -0.0216986
171
1
0.96442 1.52457 0.678528
-0.0170875 -0.0118828 -0.0222774
172
1
0.995393 1.54724 0.724925
-0.0160355 -0.0123892 -0.0227123
173
1
1.02379 1.57256 0.771388
-0.0150264 -0.012797 -0.0229834
174
1
1.05041 1.6001 0.817225
-0.0140494 -0.0132975 -0.0230408
175
1
1.0756 1.62932 0.862272
-0.0131015 -0.0140107 -0.02283
176
1
1.09908 1.66 0.906618
-0.0121306 -0.0149241 -0.0223811
177
1
1.12019 1.69248 0.950159
-0.0109571 -0.0159517 -0.0218159
178
1
1.13844 1.72718 0.992559
-0.00931752 -0.0170947 -0.021231
179
1
1.15373 1.76426 1.03361
-0.00713209 -0.0184351 -0.020629
180
1
1.16596 1.8033 1.07377
-0.00474732 -0.0199293 -0.0199827
181
1
1.17456 1.8438 1.1138
-0.00256154 -0.0211923 -0.0194405
182
1
1.17858 1.88535 1.15429
-0.000358419 -0.0218004 -0.0193857
183
1
1.17743 1.92765 1.19532
0.00236654 -0.0218091 -0.0199952
184
1
1.17117 1.97031 1.23703
0.0053429 -0.0217292 -0.0206884
185
1
1.15991 2.01314 1.27951
0.00777256 -0.0219031 -0.0207903
186
1
1.14383 2.0563 1.32253
0.00961298 -0.0221253 -0.0208719
187
1
1.12355 2.10015 1.36586
0.0112258 -0.0222632 -0.0216456
188
1
1.09991 2.14465 1.40972
0.0125995 -0.0224201 -0.0223093
189
1
1.07242 2.18916 1.4542
0.0143047 -0.0225572 -0.0223219
190
1
1.04001 2.23396 1.49849
0.0169839 -0.0227267 -0.0222203
191
1
1.00231 2.27912 1.54235
0.0198662 -0.0229534 -0.0219828
192
1
0.958603 2.32425 1.58558
0.023612 -0.0231557 -0.021584
193
1
0.907829 2.36948 1.62785
0.0278309 -0.0232273 -0.0209039
