194
0
1
1.47225 7.13462 0.872303
0.0343821 0.0156459 0.0337725
1
1
1.40056 7.10425 0.80652
0.034676 0.0188498 0.0349635
2
1
1.32381 7.06381 0.735494
0.0401127 0.0250377 0.0356189
3
1
1.24535 7.01036 0.662403
0.038489 0.0310446 0.0370452
4
1
1.16366 6.945 0.583688
0.0382232 0.0363515 0.0400452
5
1
1.07468 6.8739 0.493047
0.0467701 0.0385038 0.0490088
6
1
0.97137 6.80148 0.372405
0.049303 0.0250191 0.0548498
7
1
0.830821 6.73639 0.192072
0.045039 0.0151861 0.0617473
8
1
0.382508 6.43002 0.0772584
-0.00288668 0.0420251 -0.0128523
9
1
0.0482909 9.21929 0.784963
0.000844627 -0.00059268 -0.0779152
10
1
-0.0482909 9.21929 0.784963
0.000844627 0.00059268 0.0779152
11
1
-0.382508 6.43002 0.0772584
-0.00288667 -0.0420251 0.0128523
12
1
-0.830821 6.73639 0.192072
0.045039 -0.0151861 -0.0617472
13
1
-0.97137 6.80148 0.372405
0.049303 -0.0250191 -0.0548498
14
1
-1.07468 6.8739 0.493047
0.0467701 -0.0385038 -0.0490088
15
1
-1.16366 6.945 0.583688
0.0382232 -0.0363515 -0.0400452
16
1
-1.24535 7.01036 0.662403
0.038489 -0.0310446 -0.0370452
17
1
-1.32381 7.06381 0.735494
0.0401127 -0.0250377 -0.0356189
18
1
-1.40056 7.10425 0.80652
0.034676 -0.0188498 -0.0349635
19
1
-1.47225 7.13462 0.872303
0.0343821 -0.0156459 -0.0337725
20
1
-1.53947 7.15888 0.930586
0.0319935 -0.0106987 -0.0288963
21
1
-1.60299 7.1788 0.981816
0.0297507 -0.00867962 -0.0241989
22
1
-1.66307 7.19394 1.02533
0.0290632 -0.00702061 -0.0215263
23
1
-1.72293 7.20482 1.06227
0.0285102 -0.0041244 -0.017219
24
1
-1.78311 7.21178 1.09197
0.030054 -0.00182072 -0.0133459
25
1
-1.84284 7.2157 1.11518
0.0304238 -0.000638831 -0.0105519
26
1
-1.90176 7.2172 1.133
0.0279838 0.000406241 -0.00726001
27
1
-1.95887 7.21612 1.14605
0.0273634 0.00156228 -0.0044369
28
1
-2.01471 7.21232 1.15525
0.028237 0.00281003 -0.00301534
29
1
-2.06994 7.20567 1.16078
0.0276488 0.00397087 -0.00157964
30
1
-2.12397 7.19636 1.16251
0.0268004 0.00513455 0.000133403
31
1
-2.17681 7.18529 1.16056
0.0264552 0.005711 0.0019729
32
1
-2.22828 7.17295 1.15466
0.0256016 0.00603648 0.00416498
33
1
-2.27772 7.15931 1.1449
0.0248604 0.00701499 0.00606535
34
1
-2.32505 7.14435 1.13194
0.023949 0.00770222 0.00737808
35
1
-2.37008 7.12847 1.11616
0.021738 0.00761602 0.00880971
36
1
-2.41215 7.11158 1.09765
0.0199737 0.00810597 0.00982753
37
1
-2.45186 7.09325 1.07675
0.0196274 0.00925171 0.0104541
38
1
-2.4895 7.07359 1.05291
0.0186136 0.0103086 0.0117896
39
1
-2.52434 7.05303 1.0256
0.0164338 0.0112014 0.0136504
40
1
-2.55576 7.03168 0.995505
0.0151755 0.0120682 0.015049
41
1
-2.58374 7.00962 0.963212
0.0137603 0.0123152 0.01626
42
1
-2.60792 6.98775 0.927962
0.0108643 0.0119583 0.01809
43
1
-2.62855 6.96655 0.889558
0.00888865 0.0115313 0.0201163
44
1
-2.64577 6.94651 0.847556
0.00809031 0.0103187 0.0219417
45
1
-2.65955 6.92803 0.801539
0.00607817 0.00824175 0.0244292
46
1
-2.6702 6.91214 0.751328
0.00310443 0.00651435 0.0272739
47
1
-2.67748 6.89914 0.697186
0.000623528 0.00501319 0.0293051
48
1
-2.68107 6.88898 0.639682
-0.00118227 0.00352569 0.0309915
49
1
-2.68228 6.88146 0.579621
-0.00200651 0.0025444 0.0326295
50
1
-2.68245 6.87616 0.517799
-0.0013507 0.00173519 0.033133
51
1
-2.68306 6.87274 0.454848
0.00014455 0.0012906 0.033133
52
1
-2.68468 6.87053 0.39094
0.00117904 0.00121527 0.0332178
53
1
-2.68718 6.86917 0.326359
0.00130925 0.000772934 0.0332263
54
1
-2.69037 6.86834 0.261499
0.00137037 0.000139693 0.0332635
55
1
-2.69375 6.86772 0.196439
0.00199662 9.63748e-005 0.0336319
56
1
-2.6971 6.8672 0.131233
0.00240269 0.000694685 0.0338931
57
1
-2.69958 6.86659 0.0656975
0.00151156 0.000706824 0.0335727
58
1
-2.70045 6.86642 1.65795e-010
1.4839e-012 3.67242e-014 0.0332723
59
1
-2.69958 6.86659 -0.0656975
-0.00151156 -0.000706824 0.0335727
60
1
-2.6971 6.8672 -0.131233
-0.00240269 -0.000694685 0.0338931
61
1
-2.69375 6.86772 -0.196439
-0.00199662 -9.63748e-005 0.0336319
62
1
-2.69037 6.86834 -0.261499
-0.00137037 -0.000139693 0.0332635
63
1
-2.68718 6.86917 -0.326359
-0.00130925 -0.000772934 0.0332263
64
1
-2.68468 6.87053 -0.39094
-0.00117904 -0.00121527 0.0332178
65
1
-2.68306 6.87274 -0.454848
-0.00014455 -0.0012906 0.033133
66
1
-2.68245 6.87616 -0.517799
0.0013507 -0.00173519 0.033133
67
1
-2.68228 6.88146 -0.579621
0.00200651 -0.0025444 0.0326295
68
1
-2.68107 6.88898 -0.639682
0.00118227 -0.00352569 0.0309915
69
1
-2.67748 6.89914 -0.697186
-0.000623528 -0.00501319 0.0293051
70
1
-2.6702 6.91214 -0.751328
-0.00310443 -0.00651435 0.0272739
71
1
-2.65955 6.92803 -0.801539
-0.00607817 -0.00824175 0.0244292
72
1
-2.64577 6.94651 -0.847556
-0.00809031 -0.0103187 0.0219417
73
1
-2.62855 6.96655 -0.889558
-0.00888865 -0.0115313 0.0201163
74
1
-2.60792 6.98775 -0.927962
-0.0108643 -0.0119583 0.01809
75
1
-2.58374 7.00962 -0.963212
-0.0137603 -0.0123152 0.01626
76
1
-2.55576 7.03168 -0.995505
-0.0151755 -0.0120682 0.015049
77
1
-2.52434 7.05303 -1.0256
-0.0164338 -0.0112014 0.0136504
78
1
-2.4895 7.07359 -1.05291
-0.0186136 -0.0103086 0.0117896
79
1
-2.45186 7.09325 -1.07675
-0.0196274 -0.00925171 0.0104541
80
1
-2.41215 7.11158 -1.09765
-0.0199737 -0.00810597 0.00982753
81
1
-2.37008 7.12847 -1.11616
-0.021738 -0.00761602 0.00880971
82
1
-2.32505 7.14435 -1.13194
-0.023949 -0.00770222 0.00737808
83
1
-2.27772 7.15931 -1.1449
-0.0248604 -0.00701499 0.00606535
84
1
-2.22828 7.17295 -1.15466
-0.0256016 -0.00603648 0.00416498
85
1
-2.17681 7.18529 -1.16056
-0.0264552 -0.005711 0.0019729
86
1
-2.12397 7.19636 -1.16251
-0.0268004 -0.00513455 0.000133403
87
1
-2.06994 7.20567 -1.16078
-0.0276488 -0.00397087 -0.00157964
88
1
-2.01471 7.21232 -1.15525
-0.028237 -0.00281003 -0.00301534
89
1
-1.95887 7.21612 -1.14605
-0.0273634 -0.00156228 -0.0044369
90
1
-1.90176 7.2172 -1.133
-0.0279838 -0.000406241 -0.00726001
91
1
-1.84284 7.2157 -1.11518
-0.0304238 0.000638831 -0.0105519
92
1
-1.78311 7.21178 -1.09197
-0.030054 0.00182072 -0.0133459
93
1
-1.72293 7.20482 -1.06227
-0.0285102 0.0041244 -0.017219
94
1
-1.66307 7.19394 -1.02533
-0.0290632 0.00702061 -0.0215263
95
1
-1.60299 7.1788 -0.981816
-0.0297507 0.00867962 -0.0241989
96
1
-1.53947 7.15888 -0.930586
-0.0319935 0.0106987 -0.0288963
97
1
-1.47225 7.13462 -0.872303
-0.0343821 0.0156459 -0.0337725
98
1
-1.40056 7.10425 -0.80652
-0.034676 0.0188498 -0.0349635
99
1
-1.32381 7.06381 -0.735494
-0.0401127 0.0250377 -0.0356189
100
1
-1.24535 7.01036 -0.662403
-0.038489 0.0310446 -0.0370452
101
1
-1.16366 6.945 -0.583688
-0.0382232 0.0363515 -0.0400452
102
1
-1.07468 6.8739 -0.493047
-0.0467701 0.0385038 -0.0490088
103
1
-0.97137 6.80148 -0.372405
-0.049303 0.0250191 -0.0548498
104
1
-0.830821 6.73639 -0.192072
-0.045039 0.0151861 -0.0617473
105
1
-0.382508 6.43002 -0.0772584
0.00288668 0.0420251 0.0128523
106
1
-0.0482909 9.21929 -0.784963
-0.000844627 -0.00059268 0.0779152
107
1
0.0482909 9.21929 -0.784963
-0.000844627 0.00059268 -0.0779152
108
1
0.382508 6.43002 -0.0772584
0.00288667 -0.0420251 -0.0128523
109
1
0.830821 6.73639 -0.192072
-0.045039 -0.0151861 0.0617472
110
1
0.97137 6.80148 -0.372405
-0.049303 -0.0250191 0.0548498
111
1
1.07468 6.8739 -0.493047
-0.0467701 -0.0385038 0.0490088
112
1
1.16366 6.945 -0.583688
-0.0382232 -0.0363515 0.0400452
113
1
1.24535 7.01036 -0.662403
-0.038489 -0.0310446 0.0370452
114
1
1.32381 7.06381 -0.735494
-0.0401127 -0.0250377 0.0356189
115
1
1.40056 7.10425 -0.80652
-0.034676 -0.0188498 0.0349635
116
1
1.47225 7.13462 -0.872303
-0.0343821 -0.0156459 0.0337725
117
1
1.53947 7.15888 -0.930586
-0.0319935 -0.0106987 0.0288963
118
1
1.60299 7.1788 -0.981816
-0.0297507 -0.00867962 0.0241989
119
1
1.66307 7.19394 -1.02533
-0.0290632 -0.00702061 0.0215263
120
1
1.72293 7.20482 -1.06227
-0.0285102 -0.0041244 0.017219
121
1
1.78311 7.21178 -1.09197
-0.030054 -0.00182072 0.0133459
122
1
1.84284 7.2157 -1.11518
-0.0304238 -0.000638831 0.0105519
123
1
1.90176 7.2172 -1.133
-0.0279838 0.000406241 0.00726001
124
1
1.95887 7.21612 -1.14605
-0.0273634 0.00156228 0.0044369
125
1
2.01471 7.21232 -1.15525
-0.028237 0.00281003 0.00301534
126
1
2.06994 7.20567 -1.16078
-0.0276488 0.00397087 0.00157964
127
1
2.12397 7.19636 -1.16251
-0.0268004 0.00513455 -0.000133403
128
1
2.17681 7.18529 -1.16056
-0.0264552 0.005711 -0.0019729
129
1
2.22828 7.17295 -1.15466
-0.0256016 0.00603648 -0.00416498
130
1
2.27772 7.15931 -1.1449
-0.0248604 0.00701499 -0.00606535
131
1
2.32505 7.14435 -1.13194
-0.023949 0.00770222 -0.00737808
132
1
2.37008 7.12847 -1.11616
-0.021738 0.00761602 -0.00880971
133
1
2.41215 7.11158 -1.09765
-0.0199737 0.00810597 -0.00982753
134
1
2.45186 7.09325 -1.07675
-0.0196274 0.00925171 -0.0104541
135
1
2.4895 7.07359 -1.05291
-0.0186136 0.0103086 -0.0117896
136
1
2.52434 7.05303 -1.0256
-0.0164338 0.0112014 -0.0136504
137
1
2.55576 7.03168 -0.995505
-0.0151755 0.0120682 -0.015049
138
1
2.58374 7.00962 -0.963212
-0.0137603 0.0123152 -0.01626
139
1
2.60792 6.98775 -0.927962
-0.0108643 0.0119583 -0.01809
140
1
2.62855 6.96655 -0.889558
-0.00888865 0.0115313 -0.0201163
141
1
2.64577 6.94651 -0.847556
-0.00809031 0.0103187 -0.0219417
142
1
2.65955 6.92803 -0.801539
-0.00607817 0.00824175 -0.0244292
143
1
2.6702 6.91214 -0.751328
-0.00310443 0.00651435 -0.0272739
144
1
2.67748 6.89914 -0.697186
-0.000623528 0.00501319 -0.0293051
145
1
2.68107 6.88898 -0.639682
0.00118227 0.00352569 -0.0309915
146
1
2.68228 6.88146 -0.579621
0.00200651 0.0025444 -0.0326295
147
1
2.68245 6.87616 -0.517799
0.0013507 0.00173519 -0.033133
148
1
2.68306 6.87274 -0.454848
-0.00014455 0.0012906 -0.033133
149
1
2.68468 6.87053 -0.39094
-0.00117904 0.00121527 -0.0332178
150
1
2.68718 6.86917 -0.326359
-0.00130925 0.000772934 -0.0332263
151
1
2.69037 6.86834 -0.261499
-0.00137037 0.000139693 -0.0332635
152
1
2.69375 6.86772 -0.196439
-0.00199662 9.63748e-005 -0.0336319
153
1
2.6971 6.8672 -0.131233
-0.00240269 0.000694685 -0.0338931
154
1
2.69958 6.86659 -0.0656975
-0.00151156 0.000706824 -0.0335727
155
1
2.70045 6.86642 -1.79029e-010
-1.36086e-012 -2.3192e-014 -0.0332723
156
1
2.69958 6.86659 0.0656975
0.00151156 -0.000706824 -0.0335727
157
1
2.6971 6.8672 0.131233
0.00240269 -0.000694685 -0.0338931
158
1
2.69375 6.86772 0.196439
0.00199662 -9.63748e-005 -0.0336319
159
1
2.69037 6.86834 0.261499
0.00137037 -0.000139693 -0.0332635
160
1
2.68718 6.86917 0.326359
0.00130925 -0.000772934 -0.0332263
161
1
2.68468 6.87053 0.39094
0.00117904 -0.00121527 -0.0332178
162
1
2.68306 6.87274 0.454848
0.00014455 -0.0012906 -0.033133
163
1
2.68245 6.87616 0.517799
-0.0013507 -0.00173519 -0.033133
164
1
2.68228 6.88146 0.579621
-0.00200651 -0.0025444 -0.0326295
165
1
2.68107 6.88898 0.639682
-0.00118227 -0.00352569 -0.0309915
166
1
2.67748 6.89914 0.697186
0.000623528 -0.00501319 -0.0293051
167
1
2.6702 6.91214 0.751328
0.00310443 -0.00651435 -0.0272739
168
1
2.65955 6.92803 0.801539
0.00607817 -0.00824175 -0.0244292
169
1
2.64577 6.94651 0.847556
0.00809031 -0.0103187 -0.0219417
170
1
2.62855 6.96655 0.889558
0.00888865 -0.0115313 -0.0201163
171
1
2.60792 6.98775 0.927962
0.0108643 -0.0119583 -0.01809
172
1
2.58374 7.00962 0.963212
0.0137603 -0.0123152 -0.01626
173
1
2.55576 7.03168 0.995505
0.0151755 -0.0120682 -0.015049
174
1
2.52434 7.05303 1.0256
0.0164338 -0.0112014 -0.0136504
175
1
2.4895 7.07359 1.05291
0.0186136 -0.0103086 -0.0117896
176
1
2.45186 7.09325 1.07675
0.0196274 -0.00925171 -0.0104541
177
1
2.41215 7.11158 1.09765
0.0199737 -0.00810597 -0.00982753
178
1
2.37008 7.12847 1.11616
0.021738 -0.00761602 -0.00880971
179
1
2.32505 7.14435 1.13194
0.023949 -0.00770222 -0.00737808
180
1
2.27772 7.15931 1.1449
0.0248604 -0.00701499 -0.00606535
181
1
2.22828 7.17295 1.15466
0.0256016 -0.00603648 -0.00416498
182
1
2.17681 7.18529 1.16056
0.0264552 -0.005711 -0.0019729
183
1
2.12397 7.19636 1.16251
0.0268004 -0.00513455 -0.000133403
184
1
2.06994 7.20567 1.16078
0.0276488 -0.00397087 0.00157964
185
1
2.01471 7.21232 1.15525
0.028237 -0.00281003 0.00301534
186
1
1.95887 7.21612 1.14605
0.0273634 -0.00156228 0.0044369
187
1
1.90176 7.2172 1.133
0.0279838 -0.000406241 0.00726001
188
1
1.84284 7.2157 1.11518
0.0304238 0.000638831 0.0105519
189
1
1.78311 7.21178 1.09197
0.030054 0.00182072 0.0133459
190
1
1.72293 7.20482 1.06227
0.0285102 0.0041244 0.017219
191
1
1.66307 7.19394 1.02533
0.0290632 0.00702061 0.0215263
192
1
1.60299 7.1788 0.981816
0.0297507 0.00867962 0.0241989
193
1
1.53947 7.15888 0.930586
0.0319935 0.0106987 0.0288963
