194
0
1
0.925666 5.22261 0.886416
0.031407 -0.0144689 0.0256847
1
1
0.867663 5.25757 0.833378
0.0275489 -0.0193321 0.0293331
2
1
0.816893 5.30363 0.770804
0.0226493 -0.0264778 0.0334341
3
1
0.777151 5.35837 0.697763
0.0171338 -0.0296122 0.0388354
4
1
0.749327 5.4187 0.610189
0.010168 -0.0332406 0.0458702
5
1
0.733574 5.48023 0.504336
0.00328462 -0.0323895 0.0595167
6
1
0.730762 5.54164 0.369423
-0.00603777 -0.0293673 0.0719233
7
1
0.747387 5.59917 0.177808
-0.0136393 -0.0171 0.0747891
8
1
0.724946 5.86828 0.0681134
0.0169682 -0.0223315 -0.0218453
9
1
0.0609805 6.52968 0.179803
0.00297182 0.0346229 -0.0668518
10
1
-0.0609805 6.52968 0.179803
0.00297182 -0.0346229 0.0668518
11
1
-0.724946 5.86828 0.0681134
0.0169682 0.0223315 0.0218453
12
1
-0.747387 5.59917 0.177808
-0.0136393 0.0171 -0.0747891
13
1
-0.730762 5.54164 0.369423
-0.00603777 0.0293673 -0.0719233
14
1
-0.733574 5.48023 0.504336
0.00328462 0.0323895 -0.0595167
15
1
-0.749327 5.4187 0.610189
0.010168 0.0332406 -0.0458702
16
1
-0.777151 5.35837 0.697763
0.0171338 0.0296122 -0.0388354
17
1
-0.816893 5.30363 0.770804
0.0226493 0.0264778 -0.0334341
18
1
-0.867663 5.25757 0.833378
0.0275489 0.0193321 -0.0293331
19
1
-0.925666 5.22261 0.886416
0.031407 0.0144689 -0.0256847
20
1
-0.987722 5.19672 0.930539
0.0330166 0.0099885 -0.0198895
21
1
-1.05192 5.17763 0.965873
0.0322014 0.00656991 -0.0156535
22
1
-1.11676 5.16329 0.993339
0.0331719 0.00581643 -0.0119341
23
1
-1.1825 5.1519 1.0144
0.0321659 0.00525048 -0.00813595
24
1
-1.248 5.14201 1.0304
0.0323586 0.00486421 -0.00590402
25
1
-1.31287 5.13263 1.04284
0.0328281 0.00515398 -0.00425941
26
1
-1.37691 5.12343 1.05271
0.0310742 0.00459296 -0.00357261
27
1
-1.43961 5.11514 1.06071
0.0306379 0.00422451 -0.00305091
28
1
-1.5013 5.10798 1.06685
0.0310995 0.00390713 -0.00247405
29
1
-1.56231 5.10211 1.07135
0.0301879 0.00233607 -0.00174366
30
1
-1.62259 5.09795 1.07401
0.0296167 0.000895825 -0.00130044
31
1
-1.68219 5.09554 1.07414
0.0298635 0.000414497 -0.00128724
32
1
-1.74098 5.0949 1.07161
0.0294076 -9.79339e-005 -0.000258513
33
1
-1.79858 5.09646 1.06619
0.0284498 -0.000801334 0.00219737
34
1
-1.85468 5.10013 1.0578
0.0278889 -0.00135612 0.00428128
35
1
-1.90922 5.10522 1.04632
0.0268993 -0.00202269 0.00595784
36
1
-1.96237 5.11075 1.03204
0.0252974 -0.0027216 0.00810679
37
1
-2.01481 5.11635 1.01471
0.0245924 -0.00308351 0.0102163
38
1
-2.0673 5.1221 0.993558
0.0253499 -0.00325884 0.0119534
39
1
-2.11979 5.12792 0.968287
0.0261695 -0.00342173 0.0135728
40
1
-2.17165 5.13387 0.939698
0.0260959 -0.00332059 0.0153509
41
1
-2.22238 5.14016 0.908513
0.0256882 -0.00327794 0.0167475
42
1
-2.2722 5.14671 0.87527
0.0252129 -0.00370335 0.0175582
43
1
-2.32091 5.15346 0.839352
0.0245547 -0.00403435 0.0187418
44
1
-2.36859 5.15996 0.800223
0.0238154 -0.00406895 0.0208362
45
1
-2.41549 5.16601 0.75729
0.0233357 -0.00417564 0.0231208
46
1
-2.4611 5.17118 0.71021
0.0229706 -0.00359321 0.0250681
47
1
-2.50454 5.1754 0.659472
0.0223307 -0.0019024 0.0269522
48
1
-2.54528 5.17886 0.605875
0.021305 -0.000835879 0.0285232
49
1
-2.58277 5.18172 0.550123
0.0196895 -0.000945913 0.0296596
50
1
-2.61633 5.18471 0.492836
0.0170992 -0.00129978 0.0303756
51
1
-2.64573 5.18807 0.434323
0.0140373 -0.00158941 0.0310805
52
1
-2.67087 5.19207 0.37435
0.011595 -0.00194286 0.0314873
53
1
-2.69178 5.19703 0.313199
0.00973405 -0.00259164 0.0315923
54
1
-2.70845 5.20269 0.251363
0.00752238 -0.00329212 0.0318687
55
1
-2.72104 5.20844 0.189117
0.00490529 -0.00334343 0.0323846
56
1
-2.72974 5.213 0.126497
0.00253199 -0.0023536 0.0325752
57
1
-2.73471 5.21584 0.0633893
0.000901852 -0.00104809 0.0322699
58
1
-2.73646 5.21674 3.01337e-015
-2.00924e-016 -9.07322e-016 0.0320279
59
1
-2.73471 5.21584 -0.0633893
-0.000901852 0.00104809 0.0322699
60
1
-2.72974 5.213 -0.126497
-0.00253199 0.0023536 0.0325752
61
1
-2.72104 5.20844 -0.189117
-0.00490529 0.00334343 0.0323846
62
1
-2.70845 5.20269 -0.251363
-0.00752238 0.00329212 0.0318687
63
1
-2.69178 5.19703 -0.313199
-0.00973405 0.00259164 0.0315923
64
1
-2.67087 5.19207 -0.37435
-0.011595 0.00194286 0.0314873
65
1
-2.64573 5.18807 -0.434323
-0.0140373 0.00158941 0.0310805
66
1
-2.61633 5.18471 -0.492836
-0.0170992 0.00129978 0.0303756
67
1
-2.58277 5.18172 -0.550123
-0.0196895 0.000945913 0.0296596
68
1
-2.54528 5.17886 -0.605875
-0.021305 0.000835879 0.0285232
69
1
-2.50454 5.1754 -0.659472
-0.0223307 0.0019024 0.0269522
70
1
-2.4611 5.17118 -0.71021
-0.0229706 0.00359321 0.0250681
71
1
-2.41549 5.16601 -0.75729
-0.0233357 0.00417564 0.0231208
72
1
-2.36859 5.15996 -0.800223
-0.0238154 0.00406895 0.0208362
73
1
-2.32091 5.15346 -0.839352
-0.0245547 0.00403435 0.0187418
74
1
-2.2722 5.14671 -0.87527
-0.0252129 0.00370335 0.0175582
75
1
-2.22238 5.14016 -0.908513
-0.0256882 0.00327794 0.0167475
76
1
-2.17165 5.13387 -0.939698
-0.0260959 0.00332059 0.0153509
77
1
-2.11979 5.12792 -0.968287
-0.0261695 0.00342173 0.0135728
78
1
-2.0673 5.1221 -0.993558
-0.0253499 0.00325884 0.0119534
79
1
-2.01481 5.11635 -1.01471
-0.0245924 0.00308351 0.0102163
80
1
-1.96237 5.11075 -1.03204
-0.0252974 0.0027216 0.00810679
81
1
-1.90922 5.10522 -1.04632
-0.0268993 0.00202269 0.00595784
82
1
-1.85468 5.10013 -1.0578
-0.0278889 0.00135612 0.00428128
83
1
-1.79858 5.09646 -1.06619
-0.0284498 0.000801334 0.00219737
84
1
-1.74098 5.0949 -1.07161
-0.0294076 9.79339e-005 -0.000258513
85
1
-1.68219 5.09554 -1.07414
-0.0298635 -0.000414497 -0.00128724
86
1
-1.62259 5.09795 -1.07401
-0.0296167 -0.000895825 -0.00130044
87
1
-1.56231 5.10211 -1.07135
-0.0301879 -0.00233607 -0.00174366
88
1
-1.5013 5.10798 -1.06685
-0.0310995 -0.00390713 -0.00247405
89
1
-1.43961 5.11514 -1.06071
-0.0306379 -0.00422451 -0.00305091
90
1
-1.37691 5.12343 -1.05271
-0.0310742 -0.00459296 -0.00357261
91
1
-1.31287 5.13263 -1.04284
-0.0328281 -0.00515398 -0.00425941
92
1
-1.248 5.14201 -1.0304
-0.0323586 -0.00486421 -0.00590402
93
1
-1.1825 5.1519 -1.0144
-0.0321659 -0.00525048 -0.00813595
94
1
-1.11676 5.16329 -0.993339
-0.0331719 -0.00581643 -0.0119341
95
1
-1.05192 5.17763 -0.965873
-0.0322014 -0.00656991 -0.0156535
96
1
-0.987722 5.19672 -0.930539
-0.0330166 -0.0099885 -0.0198895
97
1
-0.925666 5.22261 -0.886416
-0.031407 -0.0144689 -0.0256847
98
1
-0.867663 5.25757 -0.833378
-0.0275489 -0.0193321 -0.0293331
99
1
-0.816893 5.30363 -0.770804
-0.0226493 -0.0264778 -0.0334341
100
1
-0.777151 5.35837 -0.697763
-0.0171338 -0.0296122 -0.0388354
101
1
-0.749327 5.4187 -0.610189
-0.010168 -0.0332406 -0.0458702
102
1
-0.733574 5.48023 -0.504336
-0.00328462 -0.0323895 -0.0595167
103
1
-0.730762 5.54164 -0.369423
0.00603777 -0.0293673 -0.0719233
104
1
-0.747387 5.59917 -0.177808
0.0136393 -0.0171 -0.0747891
105
1
-0.724946 5.86828 -0.0681134
-0.0169682 -0.0223315 0.0218453
106
1
-0.0609805 6.52968 -0.179803
-0.00297182 0.0346229 0.0668518
107
1
0.0609805 6.52968 -0.179803
-0.00297182 -0.0346229 -0.0668518
108
1
0.724946 5.86828 -0.0681134
-0.0169682 0.0223315 -0.0218453
109
1
0.747387 5.59917 -0.177808
0.0136393 0.0171 0.0747891
110
1
0.730762 5.54164 -0.369423
0.00603777 0.0293673 0.0719233
111
1
0.733574 5.48023 -0.504336
-0.00328462 0.0323895 0.0595167
112
1
0.749327 5.4187 -0.610189
-0.010168 0.0332406 0.0458702
113
1
0.777151 5.35837 -0.697763
-0.0171338 0.0296122 0.0388354
114
1
0.816893 5.30363 -0.770804
-0.0226493 0.0264778 0.0334341
115
1
0.867663 5.25757 -0.833378
-0.0275489 0.0193321 0.0293331
116
1
0.925666 5.22261 -0.886416
-0.031407 0.0144689 0.0256847
117
1
0.987722 5.19672 -0.930539
-0.0330166 0.0099885 0.0198895
118
1
1.05192 5.17763 -0.965873
-0.0322014 0.00656991 0.0156535
119
1
1.11676 5.16329 -0.993339
-0.0331719 0.00581643 0.0119341
120
1
1.1825 5.1519 -1.0144
-0.0321659 0.00525048 0.00813595
121
1
1.248 5.14201 -1.0304
-0.0323586 0.00486421 0.00590402
122
1
1.31287 5.13263 -1.04284
-0.0328281 0.00515398 0.00425941
123
1
1.37691 5.12343 -1.05271
-0.0310742 0.00459296 0.00357261
124
1
1.43961 5.11514 -1.06071
-0.0306379 0.00422451 0.00305091
125
1
1.5013 5.10798 -1.06685
-0.0310995 0.00390713 0.00247405
126
1
1.56231 5.10211 -1.07135
-0.0301879 0.00233607 0.00174366
127
1
1.62259 5.09795 -1.07401
-0.0296167 0.000895825 0.00130044
128
1
1.68219 5.09554 -1.07414
-0.0298635 0.000414497 0.00128724
129
1
1.74098 5.0949 -1.07161
-0.0294076 -9.79339e-005 0.000258513
130
1
1.79858 5.09646 -1.06619
-0.0284498 -0.000801334 -0.00219737
131
1
1.85468 5.10013 -1.0578
-0.0278889 -0.00135612 -0.00428128
132
1
1.90922 5.10522 -1.04632
-0.0268993 -0.00202269 -0.00595784
133
1
1.96237 5.11075 -1.03204
-0.0252974 -0.0027216 -0.00810679
134
1
2.01481 5.11635 -1.01471
-0.0245924 -0.00308351 -0.0102163
135
1
2.0673 5.1221 -0.993558
-0.0253499 -0.00325884 -0.0119534
136
1
2.11979 5.12792 -0.968287
-0.0261695 -0.00342173 -0.0135728
137
1
2.17165 5.13387 -0.939698
-0.0260959 -0.00332059 -0.0153509
138
1
2.22238 5.14016 -0.908513
-0.0256882 -0.00327794 -0.0167475
139
1
2.2722 5.14671 -0.87527
-0.0252129 -0.00370335 -0.0175582
140
1
2.32091 5.15346 -0.839352
-0.0245547 -0.00403435 -0.0187418
141
1
2.36859 5.15996 -0.800223
-0.0238154 -0.00406895 -0.0208362
142
1
2.41549 5.16601 -0.75729
-0.0233357 -0.00417564 -0.0231208
143
1
2.4611 5.17118 -0.71021
-0.0229706 -0.00359321 -0.0250681
144
1
2.50454 5.1754 -0.659472
-0.0223307 -0.0019024 -0.0269522
145
1
2.54528 5.17886 -0.605875
-0.021305 -0.000835879 -0.0285232
146
1
2.58277 5.18172 -0.550123
-0.0196895 -0.000945913 -0.0296596
147
1
2.61633 5.18471 -0.492836
-0.0170992 -0.00129978 -0.0303756
148
1
2.64573 5.18807 -0.434323
-0.0140373 -0.00158941 -0.0310805
149
1
2.67087 5.19207 -0.37435
-0.011595 -0.00194286 -0.0314873
150
1
2.69178 5.19703 -0.313199
-0.00973405 -0.00259164 -0.0315923
151
1
2.70845 5.20269 -0.251363
-0.00752238 -0.00329212 -0.0318687
152
1
2.72104 5.20844 -0.189117
-0.00490529 -0.00334343 -0.0323846
153
1
2.72974 5.213 -0.126497
-0.00253199 -0.0023536 -0.0325752
154
1
2.73471 5.21584 -0.0633893
-0.000901852 -0.00104809 -0.0322699
155
1
2.73646 5.21674 -7.73805e-015
-1.99453e-016 1.03314e-016 -0.0320279
156
1
2.73471 5.21584 0.0633893
0.000901852 0.00104809 -0.0322699
157
1
2.72974 5.213 0.126497
0.00253199 0.0023536 -0.0325752
158
1
2.72104 5.20844 0.189117
0.00490529 0.00334343 -0.0323846
159
1
2.70845 5.20269 0.251363
0.00752238 0.00329212 -0.0318687
160
1
2.69178 5.19703 0.313199
0.00973405 0.00259164 -0.0315923
161
1
2.67087 5.19207 0.37435
0.011595 0.00194286 -0.0314873
162
1
2.64573 5.18807 0.434323
0.0140373 0.00158941 -0.0310805
163
1
2.61633 5.18471 0.492836
0.0170992 0.00129978 -0.0303756
164
1
2.58277 5.18172 0.550123
0.0196895 0.000945913 -0.0296596
165
1
2.54528 5.17886 0.605875
0.021305 0.000835879 -0.0285232
166
1
2.50454 5.1754 0.659472
0.0223307 0.0019024 -0.0269522
167
1
2.4611 5.17118 0.71021
0.0229706 0.00359321 -0.0250681
168
1
2.41549 5.16601 0.75729
0.0233357 0.00417564 -0.0231208
169
1
2.36859 5.15996 0.800223
0.0238154 0.00406895 -0.0208362
170
1
2.32091 5.15346 0.839352
0.0245547 0.00403435 -0.0187418
171
1
2.2722 5.14671 0.87527
0.0252129 0.00370335 -0.0175582
172
1
2.22238 5.14016 0.908513
0.0256882 0.00327794 -0.0167475
173
1
2.17165 5.13387 0.939698
0.0260959 0.00332059 -0.0153509
174
1
2.11979 5.12792 0.968287
0.0261695 0.00342173 -0.0135728
175
1
2.0673 5.1221 0.993558
0.0253499 0.00325884 -0.0119534
176
1
2.01481 5.11635 1.01471
0.0245924 0.00308351 -0.0102163
177
1
1.96237 5.11075 1.03204
0.0252974 0.0027216 -0.00810679
178
1
1.90922 5.10522 1.04632
0.0268993 0.00202269 -0.00595784
179
1
1.85468 5.10013 1.0578
0.0278889 0.00135612 -0.00428128
180
1
1.79858 5.09646 1.06619
0.0284498 0.000801334 -0.00219737
181
1
1.74098 5.0949 1.07161
0.0294076 9.79339e-005 0.000258513
182
1
1.68219 5.09554 1.07414
0.0298635 -0.000414497 0.00128724
183
1
1.62259 5.09795 1.07401
0.0296167 -0.000895825 0.00130044
184
1
1.56231 5.10211 1.07135
0.0301879 -0.00233607 0.00174366
185
1
1.5013 5.10798 1.06685
0.0310995 -0.00390713 0.00247405
186
1
1.43961 5.11514 1.06071
0.0306379 -0.00422451 0.00305091
187
1
1.37691 5.12343 1.05271
0.0310742 -0.00459296 0.00357261
188
1
1.31287 5.13263 1.04284
0.0328281 -0.00515398 0.00425941
189
1
1.248 5.14201 1.0304
0.0323586 -0.00486421 0.00590402
190
1
1.1825 5.1519 1.0144
0.0321659 -0.00525048 0.00813595
191
1
1.11676 5.16329 0.993339
0.0331719 -0.00581643 0.0119341
192
1
1.05192 5.17763 0.965873
0.0322014 -0.00656991 0.0156535
193
1
0.987722 5.19672 0.930539
0.0330166 -0.0099885 0.0198895
