194
0
1
0.664369 1.38569 2.53485
0.016914 -0.0260729 -0.0242528
1
1
0.625383 1.43388 2.58149
0.0212809 -0.0254741 -0.0223328
2
1
0.577416 1.48077 2.62451
0.0258185 -0.0238401 -0.0201266
3
1
0.520668 1.52464 2.66355
0.0307508 -0.0217509 -0.0179807
4
1
0.456051 1.56536 2.69737
0.034101 -0.0197851 -0.0148413
5
1
0.384218 1.60189 2.72478
0.0373046 -0.0173609 -0.0108286
6
1
0.306006 1.63271 2.74539
0.0404876 -0.0140004 -0.00736118
7
1
0.222612 1.65699 2.76005
0.0428975 -0.0101855 -0.00484116
8
1
0.135207 1.67398 2.76926
0.0445444 -0.00621468 -0.00271229
9
1
0.0453411 1.68282 2.77353
0.0454079 -0.00207863 -0.000852244
10
1
-0.0453411 1.68282 2.77353
0.0454079 0.00207863 0.000852244
11
1
-0.135207 1.67398 2.76926
0.0445444 0.00621468 0.00271229
12
1
-0.222612 1.65699 2.76005
0.0428975 0.0101855 0.00484116
13
1
-0.306006 1.63271 2.74539
0.0404876 0.0140004 0.00736118
14
1
-0.384218 1.60189 2.72478
0.0373046 0.0173609 0.0108286
15
1
-0.456051 1.56536 2.69737
0.034101 0.0197851 0.0148413
16
1
-0.520668 1.52464 2.66355
0.0307508 0.0217509 0.0179807
17
1
-0.577416 1.48077 2.62451
0.0258185 0.0238401 0.0201266
18
1
-0.625383 1.43388 2.58149
0.0212809 0.0254741 0.0223328
19
1
-0.664369 1.38569 2.53485
0.016914 0.0260729 0.0242528
20
1
-0.695092 1.33831 2.48514
0.0127264 0.0248501 0.0253845
21
1
-0.718973 1.29278 2.43306
0.0105433 0.0228462 0.0264039
22
1
-0.738101 1.25007 2.37908
0.0088659 0.020759 0.0272168
23
1
-0.753053 1.21043 2.3233
0.00728668 0.0189293 0.0281856
24
1
-0.763806 1.17293 2.26659
0.00523433 0.0178426 0.0286013
25
1
-0.770884 1.13671 2.20977
0.003358 0.0176718 0.0283291
26
1
-0.774027 1.10172 2.15294
0.00177647 0.0174032 0.0280821
27
1
-0.772925 1.06764 2.09666
-0.000117115 0.0165416 0.028038
28
1
-0.768105 1.03445 2.04113
-0.00255968 0.0153947 0.0280117
29
1
-0.760549 1.00282 1.98575
-0.00513254 0.0142009 0.0280357
30
1
-0.750621 0.974181 1.92949
-0.00734201 0.0128572 0.0282181
31
1
-0.738008 0.949723 1.87188
-0.00900272 0.0112137 0.0285439
32
1
-0.722432 0.92986 1.81313
-0.0101098 0.00932435 0.0289419
33
1
-0.704191 0.914211 1.75365
-0.0106842 0.00733594 0.0294044
34
1
-0.684205 0.902045 1.69359
-0.0107809 0.0053862 0.0299539
35
1
-0.663698 0.892791 1.63274
-0.0104931 0.00358839 0.0305794
36
1
-0.643747 0.886149 1.5708
-0.00992344 0.00203445 0.0312388
37
1
-0.625056 0.881953 1.50758
-0.0091603 0.00077503 0.0318903
38
1
-0.607969 0.879948 1.44308
-0.00827677 -0.000186282 0.0325114
39
1
-0.592614 0.879774 1.37737
-0.00733539 -0.000876725 0.033095
40
1
-0.578996 0.881002 1.31055
-0.00638961 -0.00133822 0.0336401
41
1
-0.567066 0.883188 1.24271
-0.00548193 -0.00161623 0.0341467
42
1
-0.556751 0.885967 1.17391
-0.00464267 -0.00175308 0.0346134
43
1
-0.547937 0.889053 1.10424
-0.00388944 -0.0017852 0.0350394
44
1
-0.540495 0.892233 1.03376
-0.0032293 -0.00174274 0.0354246
45
1
-0.534274 0.895364 0.962557
-0.00266136 -0.00164989 0.0357701
46
1
-0.529118 0.898343 0.890704
-0.0021793 -0.00152517 0.0360775
47
1
-0.524877 0.901111 0.818272
-0.00177458 -0.00138269 0.0363492
48
1
-0.521409 0.90363 0.745331
-0.00143747 -0.00123268 0.0365875
49
1
-0.518594 0.905883 0.671945
-0.00115812 -0.0010823 0.0367946
50
1
-0.51632 0.907864 0.598173
-0.000927138 -0.000935821 0.0369729
51
1
-0.514502 0.909577 0.524072
-0.000736278 -0.000795898 0.0371247
52
1
-0.51306 0.911026 0.449692
-0.000577854 -0.000663337 0.0372518
53
1
-0.511933 0.912228 0.37508
-0.000445756 -0.000538555 0.0373562
54
1
-0.511072 0.913192 0.300281
-0.000333991 -0.000420877 0.0374394
55
1
-0.51044 0.913928 0.225336
-0.000238146 -0.00030972 0.0375027
56
1
-0.510005 0.914445 0.150283
-0.000153009 -0.000203238 0.0375472
57
1
-0.509753 0.914754 0.075159
-7.49073e-005 -0.000100611 0.0375736
58
1
-0.509668 0.914855 -3.09882e-017
5.93348e-017 9.42173e-018 0.0375823
59
1
-0.509753 0.914754 -0.075159
7.49073e-005 0.000100611 0.0375736
60
1
-0.510005 0.914445 -0.150283
0.000153009 0.000203238 0.0375472
61
1
-0.51044 0.913928 -0.225336
0.000238146 0.00030972 0.0375027
62
1
-0.511072 0.913192 -0.300281
0.000333991 0.000420877 0.0374394
63
1
-0.511933 0.912228 -0.37508
0.000445756 0.000538555 0.0373562
64
1
-0.51306 0.911026 -0.449692
0.000577854 0.000663337 0.0372518
65
1
-0.514502 0.909577 -0.524072
0.000736278 0.000795898 0.0371247
66
1
-0.51632 0.907864 -0.598173
0.000927138 0.000935821 0.0369729
67
1
-0.518594 0.905883 -0.671945
0.00115812 0.0010823 0.0367946
68
1
-0.521409 0.90363 -0.745331
0.00143747 0.00123268 0.0365875
69
1
-0.524877 0.901111 -0.818272
0.00177458 0.00138269 0.0363492
70
1
-0.529118 0.898343 -0.890704
0.0021793 0.00152517 0.0360775
71
1
-0.534274 0.895364 -0.962557
0.00266136 0.00164989 0.0357701
72
1
-0.540495 0.892233 -1.03376
0.0032293 0.00174274 0.0354246
73
1
-0.547937 0.889053 -1.10424
0.00388944 0.0017852 0.0350394
74
1
-0.556751 0.885967 -1.17391
0.00464267 0.00175308 0.0346134
75
1
-0.567066 0.883188 -1.24271
0.00548193 0.00161623 0.0341467
76
1
-0.578996 0.881002 -1.31055
0.00638961 0.00133822 0.0336401
77
1
-0.592614 0.879774 -1.37737
0.00733539 0.000876725 0.033095
78
1
-0.607969 0.879948 -1.44308
0.00827677 0.000186282 0.0325114
79
1
-0.625056 0.881953 -1.50758
0.0091603 -0.00077503 0.0318903
80
1
-0.643747 0.886149 -1.5708
0.00992344 -0.00203445 0.0312388
81
1
-0.663698 0.892791 -1.63274
0.0104931 -0.00358839 0.0305794
82
1
-0.684205 0.902045 -1.69359
0.0107809 -0.0053862 0.0299539
83
1
-0.704191 0.914211 -1.75365
0.0106842 -0.00733594 0.0294044
84
1
-0.722432 0.92986 -1.81313
0.0101098 -0.00932435 0.0289419
85
1
-0.738008 0.949723 -1.87188
0.00900272 -0.0112137 0.0285439
86
1
-0.750621 0.974181 -1.92949
0.00734201 -0.0128572 0.0282181
87
1
-0.760549 1.00282 -1.98575
0.00513254 -0.0142009 0.0280357
88
1
-0.768105 1.03445 -2.04113
0.00255968 -0.0153947 0.0280117
89
1
-0.772925 1.06764 -2.09666
0.000117115 -0.0165416 0.028038
90
1
-0.774027 1.10172 -2.15294
-0.00177647 -0.0174032 0.0280821
91
1
-0.770884 1.13671 -2.20977
-0.003358 -0.0176718 0.0283291
92
1
-0.763806 1.17293 -2.26659
-0.00523433 -0.0178426 0.0286013
93
1
-0.753053 1.21043 -2.3233
-0.00728668 -0.0189293 0.0281856
94
1
-0.738101 1.25007 -2.37908
-0.0088659 -0.020759 0.0272168
95
1
-0.718973 1.29278 -2.43306
-0.0105433 -0.0228462 0.0264039
96
1
-0.695092 1.33831 -2.48514
-0.0127264 -0.0248501 0.0253845
97
1
-0.664369 1.38569 -2.53485
-0.016914 -0.0260729 0.0242528
98
1
-0.625383 1.43388 -2.58149
-0.0212809 -0.0254741 0.0223328
99
1
-0.577416 1.48077 -2.62451
-0.0258185 -0.0238401 0.0201266
100
1
-0.520668 1.52464 -2.66355
-0.0307508 -0.0217509 0.0179807
101
1
-0.456051 1.56536 -2.69737
-0.034101 -0.0197851 0.0148413
102
1
-0.384218 1.60189 -2.72478
-0.0373046 -0.0173609 0.0108286
103
1
-0.306006 1.63271 -2.74539
-0.0404876 -0.0140004 0.00736118
104
1
-0.222612 1.65699 -2.76005
-0.0428975 -0.0101855 0.00484116
105
1
-0.135207 1.67398 -2.76926
-0.0445444 -0.00621468 0.00271229
106
1
-0.0453411 1.68282 -2.77353
-0.0454079 -0.00207863 0.000852244
107
1
0.0453411 1.68282 -2.77353
-0.0454079 0.00207863 -0.000852244
108
1
0.135207 1.67398 -2.76926
-0.0445444 0.00621468 -0.00271229
109
1
0.222612 1.65699 -2.76005
-0.0428975 0.0101855 -0.00484116
110
1
0.306006 1.63271 -2.74539
-0.0404876 0.0140004 -0.00736118
111
1
0.384218 1.60189 -2.72478
-0.0373046 0.0173609 -0.0108286
112
1
0.456051 1.56536 -2.69737
-0.034101 0.0197851 -0.0148413
113
1
0.520668 1.52464 -2.66355
-0.0307508 0.0217509 -0.0179807
114
1
0.577416 1.48077 -2.62451
-0.0258185 0.0238401 -0.0201266
115
1
0.625383 1.43388 -2.58149
-0.0212809 0.0254741 -0.0223328
116
1
0.664369 1.38569 -2.53485
-0.016914 0.0260729 -0.0242528
117
1
0.695092 1.33831 -2.48514
-0.0127264 0.0248501 -0.0253845
118
1
0.718973 1.29278 -2.43306
-0.0105433 0.0228462 -0.0264039
119
1
0.738101 1.25007 -2.37908
-0.0088659 0.020759 -0.0272168
120
1
0.753053 1.21043 -2.3233
-0.00728668 0.0189293 -0.0281856
121
1
0.763806 1.17293 -2.26659
-0.00523433 0.0178426 -0.0286013
122
1
0.770884 1.13671 -2.20977
-0.003358 0.0176718 -0.0283291
123
1
0.774027 1.10172 -2.15294
-0.00177647 0.0174032 -0.0280821
124
1
0.772925 1.06764 -2.09666
0.000117115 0.0165416 -0.028038
125
1
0.768105 1.03445 -2.04113
0.00255968 0.0153947 -0.0280117
126
1
0.760549 1.00282 -1.98575
0.00513254 0.0142009 -0.0280357
127
1
0.750621 0.974181 -1.92949
0.00734201 0.0128572 -0.0282181
128
1
0.738008 0.949723 -1.87188
0.00900272 0.0112137 -0.0285439
129
1
0.722432 0.92986 -1.81313
0.0101098 0.00932435 -0.0289419
130
1
0.704191 0.914211 -1.75365
0.0106842 0.00733594 -0.0294044
131
1
0.684205 0.902045 -1.69359
0.0107809 0.0053862 -0.0299539
132
1
0.663698 0.892791 -1.63274
0.0104931 0.00358839 -0.0305794
133
1
0.643747 0.886149 -1.5708
0.00992344 0.00203445 -0.0312388
134
1
0.625056 0.881953 -1.50758
0.0091603 0.00077503 -0.0318903
135
1
0.607969 0.879948 -1.44308
0.00827677 -0.000186282 -0.0325114
136
1
0.592614 0.879774 -1.37737
0.00733539 -0.000876725 -0.033095
137
1
0.578996 0.881002 -1.31055
0.00638961 -0.00133822 -0.0336401
138
1
0.567066 0.883188 -1.24271
0.00548193 -0.00161623 -0.0341467
139
1
0.556751 0.885967 -1.17391
0.00464267 -0.00175308 -0.0346134
140
1
0.547937 0.889053 -1.10424
0.00388944 -0.0017852 -0.0350394
141
1
0.540495 0.892233 -1.03376
0.0032293 -0.00174274 -0.0354246
142
1
0.534274 0.895364 -0.962557
0.00266136 -0.00164989 -0.0357701
143
1
0.529118 0.898343 -0.890704
0.0021793 -0.00152517 -0.0360775
144
1
0.524877 0.901111 -0.818272
0.00177458 -0.00138269 -0.0363492
145
1
0.521409 0.90363 -0.745331
0.00143747 -0.00123268 -0.0365875
146
1
0.518594 0.905883 -0.671945
0.00115812 -0.0010823 -0.0367946
147
1
0.51632 0.907864 -0.598173
0.000927138 -0.000935821 -0.0369729
148
1
0.514502 0.909577 -0.524072
0.000736278 -0.000795898 -0.0371247
149
1
0.51306 0.911026 -0.449692
0.000577854 -0.000663337 -0.0372518
150
1
0.511933 0.912228 -0.37508
0.000445756 -0.000538555 -0.0373562
151
1
0.511072 0.913192 -0.300281
0.000333991 -0.000420877 -0.0374394
152
1
0.51044 0.913928 -0.225336
0.000238146 -0.00030972 -0.0375027
153
1
0.510005 0.914445 -0.150283
0.000153009 -0.000203238 -0.0375472
154
1
0.509753 0.914754 -0.075159
7.49073e-005 -0.000100611 -0.0375736
155
1
0.509668 0.914855 -1.98552e-017
3.48209e-017 4.03587e-017 -0.0375823
156
1
0.509753 0.914754 0.075159
-7.49073e-005 0.000100611 -0.0375736
157
1
0.510005 0.914445 0.150283
-0.000153009 0.000203238 -0.0375472
158
1
0.51044 0.913928 0.225336
-0.000238146 0.00030972 -0.0375027
159
1
0.511072 0.913192 0.300281
-0.000333991 0.000420877 -0.0374394
160
1
0.511933 0.912228 0.37508
-0.000445756 0.000538555 -0.0373562
161
1
0.51306 0.911026 0.449692
-0.000577854 0.000663337 -0.0372518
162
1
0.514502 0.909577 0.524072
-0.000736278 0.000795898 -0.0371247
163
1
0.51632 0.907864 0.598173
-0.000927138 0.000935821 -0.0369729
164
1
0.518594 0.905883 0.671945
-0.00115812 0.0010823 -0.0367946
165
1
0.521409 0.90363 0.745331
-0.00143747 0.00123268 -0.0365875
166
1
0.524877 0.901111 0.818272
-0.00177458 0.00138269 -0.0363492
167
1
0.529118 0.898343 0.890704
-0.0021793 0.00152517 -0.0360775
168
1
0.534274 0.895364 0.962557
-0.00266136 0.00164989 -0.0357701
169
1
0.540495 0.892233 1.03376
-0.0032293 0.00174274 -0.0354246
170
1
0.547937 0.889053 1.10424
-0.00388944 0.0017852 -0.0350394
171
1
0.556751 0.885967 1.17391
-0.00464267 0.00175308 -0.0346134
172
1
0.567066 0.883188 1.24271
-0.00548193 0.00161623 -0.0341467
173
1
0.578996 0.881002 1.31055
-0.00638961 0.00133822 -0.0336401
174
1
0.592614 0.879774 1.37737
-0.00733539 0.000876725 -0.033095
175
1
0.607969 0.879948 1.44308
-0.00827677 0.000186282 -0.0325114
176
1
0.625056 0.881953 1.50758
-0.0091603 -0.00077503 -0.0318903
177
1
0.643747 0.886149 1.5708
-0.00992344 -0.00203445 -0.0312388
178
1
0.663698 0.892791 1.63274
-0.0104931 -0.00358839 -0.0305794
179
1
0.684205 0.902045 1.69359
-0.0107809 -0.0053862 -0.0299539
180
1
0.704191 0.914211 1.75365
-0.0106842 -0.00733594 -0.0294044
181
1
0.722432 0.92986 1.81313
-0.0101098 -0.00932435 -0.0289419
182
1
0.738008 0.949723 1.87188
-0.00900272 -0.0112137 -0.0285439
183
1
0.750621 0.974181 1.92949
-0.00734201 -0.0128572 -0.0282181
184
1
0.760549 1.00282 1.98575
-0.00513254 -0.0142009 -0.0280357
185
1
0.768105 1.03445 2.04113
-0.00255968 -0.0153947 -0.0280117
186
1
0.772925 1.06764 2.09666
-0.000117115 -0.0165416 -0.028038
187
1
0.774027 1.10172 2.15294
0.00177647 -0.0174032 -0.0280821
188
1
0.770884 1.13671 2.20977
0.003358 -0.0176718 -0.0283291
189
1
0.763806 1.17293 2.26659
0.00523433 -0.0178426 -0.0286013
190
1
0.753053 1.21043 2.3233
0.00728668 -0.0189293 -0.0281856
191
1
0.738101 1.25007 2.37908
0.0088659 -0.020759 -0.0272168
192
1
0.718973 1.29278 2.43306
0.0105433 -0.0228462 -0.0264039
193
1
0.695092 1.33831 2.48514
0.0127264 -0.0248501 -0.0253845
