194
0
1
0.856996 9.55443 0.615156
0.0272745 -0.0010557 0.0367444
1
1
0.796869 9.54673 0.547013
0.0297125 -0.00209475 0.0340931
2
1
0.729499 9.53592 0.47804
0.0357269 0.00492607 0.0336059
3
1
0.654723 9.51189 0.412527
0.0384424 0.0153126 0.0334025
4
1
0.570912 9.46958 0.360016
0.0409361 0.0262214 0.0191226
5
1
0.476865 9.40521 0.335122
0.0433748 0.0412998 0.00129758
6
1
0.365124 9.31519 0.354464
0.0534732 0.0454309 -0.0287715
7
1
0.188089 9.20191 0.436183
0.0615154 0.0287582 -0.0382188
8
1
0.839499 6.26131 0.0571814
0.0432257 -0.0224666 -0.00933384
9
1
0.738392 13.3122 0.055421
-0.0118969 -0.0663013 0.00753359
10
1
-0.738392 13.3122 0.0554199
-0.011897 0.0663013 -0.00753378
11
1
-0.839549 6.2613 0.0569134
0.0432194 0.0224678 0.00937286
12
1
-0.188089 9.20191 0.436183
0.0615154 -0.0287582 0.0382188
13
1
-0.365124 9.31519 0.354464
0.0534732 -0.0454309 0.0287716
14
1
-0.476866 9.40521 0.335122
0.0433747 -0.0412998 -0.00129756
15
1
-0.570912 9.46958 0.360015
0.0409361 -0.0262214 -0.0191226
16
1
-0.654723 9.51189 0.412527
0.0384424 -0.0153126 -0.0334025
17
1
-0.729499 9.53592 0.47804
0.0357269 -0.00492607 -0.0336059
18
1
-0.796869 9.54673 0.547012
0.0297125 0.00209475 -0.0340931
19
1
-0.856996 9.55443 0.615156
0.0272745 0.0010557 -0.0367444
20
1
-0.910403 9.56692 0.67952
0.0232948 -0.00543925 -0.0337324
21
1
-0.959431 9.58636 0.737956
0.0215947 -0.0107188 -0.0273801
22
1
-1.00549 9.61202 0.789478
0.0215365 -0.0153622 -0.0261315
23
1
-1.05174 9.64318 0.835407
0.0218255 -0.0168545 -0.0216704
24
1
-1.09908 9.67736 0.874357
0.0254333 -0.0181749 -0.0162204
25
1
-1.1479 9.71195 0.905819
0.0259164 -0.0185954 -0.0129166
26
1
-1.19726 9.74584 0.930668
0.0223055 -0.0166154 -0.00928332
27
1
-1.2463 9.7793 0.949912
0.0231945 -0.0164298 -0.00651832
28
1
-1.29562 9.81341 0.966127
0.0267197 -0.0175509 -0.00584123
29
1
-1.34504 9.84901 0.981029
0.0264005 -0.017803 -0.00665514
30
1
-1.39219 9.88514 0.995664
0.0240761 -0.0169496 -0.00824743
31
1
-1.43619 9.92096 1.00949
0.0219112 -0.0168029 -0.00793258
32
1
-1.47727 9.95624 1.02068
0.0195146 -0.0174757 -0.00616082
33
1
-1.51582 9.99118 1.02759
0.0180964 -0.0178942 -0.00453639
34
1
-1.552 10.0264 1.03007
0.0174995 -0.0187211 -0.0017162
35
1
-1.58532 10.0624 1.02829
0.0153311 -0.0194078 0.00045109
36
1
-1.61611 10.0979 1.02339
0.0132607 -0.0180881 0.000655312
37
1
-1.64519 10.1324 1.01536
0.0136174 -0.016974 0.00458165
38
1
-1.67419 10.166 1.00272
0.0133698 -0.0165132 0.0104404
39
1
-1.70282 10.1982 0.984764
0.0112491 -0.0148732 0.0104413
40
1
-1.72937 10.2291 0.962503
0.0119406 -0.0143768 0.0114127
41
1
-1.7551 10.2587 0.936483
0.0139054 -0.014017 0.016665
42
1
-1.78066 10.2859 0.905937
0.0121488 -0.0118902 0.0183288
43
1
-1.80575 10.3107 0.871773
0.0108166 -0.0105707 0.0165496
44
1
-1.83032 10.334 0.833864
0.0134395 -0.0108811 0.0188337
45
1
-1.8544 10.3573 0.791797
0.0155089 -0.0117372 0.0246785
46
1
-1.87729 10.3811 0.745797
0.0112131 -0.0114848 0.0248002
47
1
-1.89627 10.4052 0.696367
0.00752084 -0.0114883 0.0241166
48
1
-1.91076 10.4304 0.643086
0.00575519 -0.0141965 0.030274
49
1
-1.92076 10.4548 0.587778
0.00385337 -0.0144268 0.0311876
50
1
-1.9272 10.4771 0.530874
0.00145634 -0.010535 0.0284356
51
1
-1.93085 10.4964 0.47046
-0.000126261 -0.00784684 0.0317846
52
1
-1.93267 10.5123 0.40708
-9.09741e-005 -0.00766541 0.0355941
53
1
-1.93375 10.5256 0.340302
-0.000387036 -0.00694295 0.0392033
54
1
-1.93523 10.536 0.271427
0.000778526 -0.00444579 0.0398335
55
1
-1.93705 10.5434 0.202263
0.00145996 -0.00338269 0.0378404
56
1
-1.93821 10.5484 0.134207
0.00106551 -0.00238231 0.0355156
57
1
-1.93884 10.5518 0.0661013
-0.000643855 -0.00105942 0.0338996
58
1
-1.93911 10.553 -6.18325e-008
-2.94314e-010 4.60423e-010 0.0333959
59
1
-1.93884 10.5518 -0.0661015
0.000643855 0.00105942 0.0338996
60
1
-1.93821 10.5484 -0.134207
-0.00106551 0.00238232 0.0355156
61
1
-1.93705 10.5434 -0.202263
-0.00145996 0.00338269 0.0378404
62
1
-1.93523 10.536 -0.271428
-0.000778527 0.00444579 0.0398335
63
1
-1.93375 10.5256 -0.340302
0.000387035 0.00694295 0.0392033
64
1
-1.93267 10.5123 -0.40708
9.09735e-005 0.00766542 0.0355941
65
1
-1.93085 10.4964 -0.47046
0.00012626 0.00784684 0.0317846
66
1
-1.9272 10.4771 -0.530874
-0.00145634 0.010535 0.0284356
67
1
-1.92076 10.4548 -0.587778
-0.00385337 0.0144268 0.0311876
68
1
-1.91076 10.4304 -0.643086
-0.00575519 0.0141965 0.030274
69
1
-1.89627 10.4052 -0.696367
-0.00752084 0.0114883 0.0241166
70
1
-1.87729 10.3811 -0.745797
-0.0112131 0.0114848 0.0248002
71
1
-1.8544 10.3573 -0.791797
-0.0155089 0.0117372 0.0246785
72
1
-1.83032 10.334 -0.833864
-0.0134395 0.0108811 0.0188337
73
1
-1.80575 10.3107 -0.871773
-0.0108166 0.0105707 0.0165496
74
1
-1.78066 10.2859 -0.905937
-0.0121488 0.0118902 0.0183288
75
1
-1.7551 10.2587 -0.936483
-0.0139054 0.014017 0.016665
76
1
-1.72937 10.2291 -0.962503
-0.0119406 0.0143768 0.0114127
77
1
-1.70282 10.1982 -0.984765
-0.0112491 0.0148732 0.0104413
78
1
-1.67419 10.166 -1.00272
-0.0133698 0.0165132 0.0104404
79
1
-1.64519 10.1324 -1.01536
-0.0136174 0.016974 0.00458165
80
1
-1.61611 10.0979 -1.02339
-0.0132607 0.0180881 0.000655313
81
1
-1.58532 10.0624 -1.02829
-0.0153311 0.0194078 0.000451091
82
1
-1.552 10.0264 -1.03007
-0.0174995 0.0187211 -0.0017162
83
1
-1.51582 9.99118 -1.02759
-0.0180964 0.0178942 -0.00453639
84
1
-1.47727 9.95624 -1.02068
-0.0195146 0.0174757 -0.00616082
85
1
-1.43619 9.92096 -1.00949
-0.0219112 0.0168029 -0.00793258
86
1
-1.39219 9.88514 -0.995664
-0.0240761 0.0169496 -0.00824743
87
1
-1.34504 9.84901 -0.981029
-0.0264005 0.017803 -0.00665514
88
1
-1.29562 9.81341 -0.966127
-0.0267197 0.0175509 -0.00584123
89
1
-1.2463 9.7793 -0.949912
-0.0231945 0.0164298 -0.00651832
90
1
-1.19726 9.74584 -0.930669
-0.0223055 0.0166154 -0.00928332
91
1
-1.1479 9.71195 -0.905819
-0.0259164 0.0185954 -0.0129166
92
1
-1.09908 9.67736 -0.874357
-0.0254333 0.0181749 -0.0162204
93
1
-1.05174 9.64318 -0.835407
-0.0218255 0.0168545 -0.0216704
94
1
-1.00549 9.61202 -0.789478
-0.0215365 0.0153622 -0.0261315
95
1
-0.959431 9.58636 -0.737956
-0.0215947 0.0107188 -0.0273801
96
1
-0.910403 9.56692 -0.67952
-0.0232948 0.00543925 -0.0337324
97
1
-0.856996 9.55443 -0.615156
-0.0272745 -0.0010557 -0.0367444
98
1
-0.796869 9.54673 -0.547013
-0.0297125 -0.00209475 -0.0340931
99
1
-0.729499 9.53592 -0.47804
-0.0357269 0.00492607 -0.0336059
100
1
-0.654723 9.51189 -0.412527
-0.0384424 0.0153126 -0.0334025
101
1
-0.570912 9.46958 -0.360016
-0.0409361 0.0262214 -0.0191226
102
1
-0.476865 9.40521 -0.335122
-0.0433748 0.0412998 -0.00129758
103
1
-0.365124 9.31519 -0.354464
-0.0534732 0.0454309 0.0287715
104
1
-0.188089 9.20191 -0.436183
-0.0615154 0.0287582 0.0382188
105
1
-0.8395 6.26131 -0.0571774
-0.0432255 -0.0224666 0.00933425
106
1
-0.738392 13.3122 -0.055421
0.0118969 -0.0663013 -0.00753359
107
1
0.738392 13.3122 -0.0554199
0.011897 0.0663013 0.00753378
108
1
0.839549 6.2613 -0.0569094
-0.0432192 0.0224678 -0.00937327
109
1
0.188089 9.20191 -0.436183
-0.0615154 -0.0287582 -0.0382188
110
1
0.365124 9.31519 -0.354464
-0.0534732 -0.0454309 -0.0287716
111
1
0.476866 9.40521 -0.335122
-0.0433747 -0.0412998 0.00129756
112
1
0.570912 9.46958 -0.360015
-0.0409361 -0.0262214 0.0191226
113
1
0.654723 9.51189 -0.412527
-0.0384424 -0.0153126 0.0334025
114
1
0.729499 9.53592 -0.47804
-0.0357269 -0.00492607 0.0336059
115
1
0.796869 9.54673 -0.547012
-0.0297125 0.00209475 0.0340931
116
1
0.856996 9.55443 -0.615156
-0.0272745 0.0010557 0.0367444
117
1
0.910403 9.56692 -0.67952
-0.0232948 -0.00543925 0.0337324
118
1
0.959431 9.58636 -0.737956
-0.0215947 -0.0107188 0.0273801
119
1
1.00549 9.61202 -0.789478
-0.0215365 -0.0153622 0.0261315
120
1
1.05174 9.64318 -0.835407
-0.0218255 -0.0168545 0.0216704
121
1
1.09908 9.67736 -0.874357
-0.0254333 -0.0181749 0.0162204
122
1
1.1479 9.71195 -0.905819
-0.0259164 -0.0185954 0.0129166
123
1
1.19726 9.74584 -0.930668
-0.0223055 -0.0166154 0.00928332
124
1
1.2463 9.7793 -0.949912
-0.0231945 -0.0164298 0.00651832
125
1
1.29562 9.81341 -0.966127
-0.0267197 -0.0175509 0.00584123
126
1
1.34504 9.84901 -0.981029
-0.0264005 -0.017803 0.00665514
127
1
1.39219 9.88514 -0.995664
-0.0240761 -0.0169496 0.00824743
128
1
1.43619 9.92096 -1.00949
-0.0219112 -0.0168029 0.00793258
129
1
1.47727 9.95624 -1.02068
-0.0195146 -0.0174757 0.00616082
130
1
1.51582 9.99118 -1.02759
-0.0180964 -0.0178942 0.00453639
131
1
1.552 10.0264 -1.03007
-0.0174995 -0.0187211 0.0017162
132
1
1.58532 10.0624 -1.02829
-0.0153311 -0.0194078 -0.00045109
133
1
1.61611 10.0979 -1.02339
-0.0132607 -0.0180881 -0.000655312
134
1
1.64519 10.1324 -1.01536
-0.0136174 -0.016974 -0.00458165
135
1
1.67419 10.166 -1.00272
-0.0133698 -0.0165132 -0.0104404
136
1
1.70282 10.1982 -0.984764
-0.0112491 -0.0148732 -0.0104413
137
1
1.72937 10.2291 -0.962503
-0.0119406 -0.0143768 -0.0114127
138
1
1.7551 10.2587 -0.936483
-0.0139054 -0.014017 -0.016665
139
1
1.78066 10.2859 -0.905937
-0.0121488 -0.0118902 -0.0183288
140
1
1.80575 10.3107 -0.871773
-0.0108166 -0.0105707 -0.0165496
141
1
1.83032 10.334 -0.833864
-0.0134395 -0.0108811 -0.0188337
142
1
1.8544 10.3573 -0.791797
-0.0155089 -0.0117372 -0.0246785
143
1
1.87729 10.3811 -0.745797
-0.0112131 -0.0114848 -0.0248002
144
1
1.89627 10.4052 -0.696367
-0.00752084 -0.0114883 -0.0241166
145
1
1.91076 10.4304 -0.643086
-0.00575519 -0.0141965 -0.030274
146
1
1.92076 10.4548 -0.587778
-0.00385337 -0.0144268 -0.0311876
147
1
1.9272 10.4771 -0.530874
-0.00145634 -0.010535 -0.0284356
148
1
1.93085 10.4964 -0.47046
0.000126261 -0.00784684 -0.0317846
149
1
1.93267 10.5123 -0.40708
9.09743e-005 -0.00766541 -0.0355941
150
1
1.93375 10.5256 -0.340302
0.000387036 -0.00694295 -0.0392033
151
1
1.93523 10.536 -0.271427
-0.000778526 -0.00444579 -0.0398335
152
1
1.93705 10.5434 -0.202263
-0.00145996 -0.00338269 -0.0378404
153
1
1.93821 10.5484 -0.134207
-0.00106551 -0.00238231 -0.0355156
154
1
1.93884 10.5518 -0.0661013
0.000643856 -0.00105942 -0.0338996
155
1
1.93911 10.553 5.99054e-008
4.43435e-010 4.27319e-010 -0.0333959
156
1
1.93884 10.5518 0.0661015
-0.000643855 0.00105942 -0.0338996
157
1
1.93821 10.5484 0.134207
0.00106551 0.00238232 -0.0355156
158
1
1.93705 10.5434 0.202263
0.00145996 0.00338269 -0.0378404
159
1
1.93523 10.536 0.271428
0.000778527 0.00444579 -0.0398335
160
1
1.93375 10.5256 0.340302
-0.000387035 0.00694295 -0.0392033
161
1
1.93267 10.5123 0.40708
-9.09733e-005 0.00766542 -0.0355941
162
1
1.93085 10.4964 0.47046
-0.00012626 0.00784684 -0.0317846
163
1
1.9272 10.4771 0.530874
0.00145634 0.010535 -0.0284356
164
1
1.92076 10.4548 0.587778
0.00385337 0.0144268 -0.0311876
165
1
1.91076 10.4304 0.643086
0.00575519 0.0141965 -0.030274
166
1
1.89627 10.4052 0.696367
0.00752084 0.0114883 -0.0241166
167
1
1.87729 10.3811 0.745797
0.0112131 0.0114848 -0.0248002
168
1
1.8544 10.3573 0.791797
0.0155089 0.0117372 -0.0246785
169
1
1.83032 10.334 0.833864
0.0134395 0.0108811 -0.0188337
170
1
1.80575 10.3107 0.871773
0.0108166 0.0105707 -0.0165496
171
1
1.78066 10.2859 0.905937
0.0121488 0.0118902 -0.0183288
172
1
1.7551 10.2587 0.936483
0.0139054 0.014017 -0.016665
173
1
1.72937 10.2291 0.962503
0.0119406 0.0143768 -0.0114127
174
1
1.70282 10.1982 0.984765
0.0112491 0.0148732 -0.0104413
175
1
1.67419 10.166 1.00272
0.0133698 0.0165132 -0.0104404
176
1
1.64519 10.1324 1.01536
0.0136174 0.016974 -0.00458165
177
1
1.61611 10.0979 1.02339
0.0132607 0.0180881 -0.000655313
178
1
1.58532 10.0624 1.02829
0.0153311 0.0194078 -0.000451091
179
1
1.552 10.0264 1.03007
0.0174995 0.0187211 0.0017162
180
1
1.51582 9.99118 1.02759
0.0180964 0.0178942 0.00453639
181
1
1.47727 9.95624 1.02068
0.0195146 0.0174757 0.00616082
182
1
1.43619 9.92096 1.00949
0.0219112 0.0168029 0.00793258
183
1
1.39219 9.88514 0.995664
0.0240761 0.0169496 0.00824743
184
1
1.34504 9.84901 0.981029
0.0264005 0.017803 0.00665514
185
1
1.29562 9.81341 0.966127
0.0267197 0.0175509 0.00584123
186
1
1.2463 9.7793 0.949912
0.0231945 0.0164298 0.00651832
187
1
1.19726 9.74584 0.930669
0.0223055 0.0166154 0.00928332
188
1
1.1479 9.71195 0.905819
0.0259164 0.0185954 0.0129166
189
1
1.09908 9.67736 0.874357
0.0254333 0.0181749 0.0162204
190
1
1.05174 9.64318 0.835407
0.0218255 0.0168545 0.0216704
191
1
1.00549 9.61202 0.789478
0.0215365 0.0153622 0.0261315
192
1
0.959431 9.58636 0.737956
0.0215947 0.0107188 0.0273801
193
1
0.910403 9.56692 0.67952
0.0232948 0.00543925 0.0337324
