194
0
1
0.710063 10.0343 1.12434
0.0060525 0.0502271 -0.010804
1
1
0.6919 9.94843 1.14793
0.00887673 0.0382297 -0.00978296
2
1
0.658063 9.86084 1.16714
0.0233048 0.0430646 -0.0063194
3
1
0.598252 9.76809 1.18364
0.0428885 0.0509299 -0.00458792
4
1
0.51995 9.68656 1.199
0.0434628 0.03664 -0.00915093
5
1
0.425281 9.62129 1.21396
0.0455575 0.0263773 -0.010205
6
1
0.306144 9.56845 1.21388
0.0591528 0.011838 0.0104101
7
1
0.141054 9.5229 1.14546
0.0406798 0.0104387 0.0436125
8
1
0.163253 6.64943 0.0585055
-0.0443144 0.0212114 -0.00869315
9
1
0.870787 12.3797 0.0625301
-0.018893 0.065682 0.00815759
10
1
-0.870787 12.3797 0.0625391
-0.0188932 -0.0656821 -0.00815637
11
1
-0.163248 6.64942 0.0583992
-0.0443037 -0.0212053 0.00868698
12
1
-0.141053 9.5229 1.14546
0.0406798 -0.0104387 -0.0436125
13
1
-0.306144 9.56844 1.21388
0.0591528 -0.0118381 -0.0104101
14
1
-0.42528 9.62129 1.21396
0.0455575 -0.0263773 0.010205
15
1
-0.519949 9.68656 1.199
0.0434628 -0.03664 0.00915094
16
1
-0.598252 9.76809 1.18364
0.0428885 -0.0509299 0.00458792
17
1
-0.658063 9.86084 1.16714
0.0233048 -0.0430646 0.00631939
18
1
-0.691899 9.94843 1.14793
0.00887673 -0.0382298 0.00978296
19
1
-0.710063 10.0343 1.12434
0.00605251 -0.0502271 0.010804
20
1
-0.718375 10.1173 1.09588
-0.00364529 -0.0425694 0.0175514
21
1
-0.718995 10.1958 1.06012
-0.00450051 -0.0303567 0.0198975
22
1
-0.713988 10.2681 1.01991
-0.00196298 -0.0370788 0.0250934
23
1
-0.705338 10.3384 0.981926
-0.00360515 -0.0352414 0.0203874
24
1
-0.695452 10.4024 0.953114
-0.00613798 -0.0245496 0.00914686
25
1
-0.68701 10.4602 0.932569
-0.0060465 -0.026529 0.00880395
26
1
-0.680868 10.5155 0.915509
-0.00385596 -0.027564 0.00893882
27
1
-0.676012 10.5691 0.902502
-0.00276944 -0.0253212 0.00482721
28
1
-0.670746 10.6221 0.895342
-0.0028689 -0.0245111 3.48999e-005
29
1
-0.666601 10.6756 0.894134
-0.00290501 -0.0259111 -0.00131755
30
1
-0.665304 10.7272 0.895903
-0.00110799 -0.0239774 -0.00322578
31
1
-0.666634 10.7773 0.897743
0.000860192 -0.0230995 -0.0028595
32
1
-0.67088 10.8268 0.899172
0.00128297 -0.0250557 -0.00120901
33
1
-0.678912 10.8742 0.899307
0.0024012 -0.025912 -0.00123534
34
1
-0.691845 10.9183 0.897719
0.00684207 -0.0236082 0.000247847
35
1
-0.709532 10.9597 0.893305
0.0102126 -0.0199344 0.0032344
36
1
-0.731396 10.9974 0.887138
0.0110029 -0.0170873 0.00307476
37
1
-0.755708 11.0324 0.878796
0.014517 -0.0161339 0.00306657
38
1
-0.783232 11.0655 0.867964
0.0172787 -0.014126 0.00596688
39
1
-0.813803 11.0959 0.853988
0.014942 -0.0109283 0.00808887
40
1
-0.845921 11.1223 0.835842
0.0153239 -0.0105397 0.00991522
41
1
-0.879415 11.1463 0.813598
0.0192872 -0.0111115 0.0128308
42
1
-0.915286 11.1687 0.788888
0.0190454 -0.00975595 0.0132434
43
1
-0.952183 11.1902 0.762588
0.017133 -0.00905316 0.0123401
44
1
-0.989898 11.2113 0.733883
0.0197069 -0.0102445 0.0146621
45
1
-1.02851 11.233 0.700472
0.0227568 -0.010968 0.020255
46
1
-1.0672 11.2559 0.662212
0.019481 -0.0102853 0.0213291
47
1
-1.1036 11.2788 0.619315
0.0175139 -0.0111774 0.021382
48
1
-1.13783 11.3021 0.571334
0.0183754 -0.0129196 0.0281014
49
1
-1.16907 11.3238 0.520041
0.0161419 -0.010948 0.0298671
50
1
-1.19827 11.3433 0.467147
0.0142286 -0.00819311 0.0266484
51
1
-1.22712 11.3613 0.411593
0.0153489 -0.00927115 0.0290882
52
1
-1.2545 11.3786 0.354063
0.0152491 -0.0112086 0.0320486
53
1
-1.27983 11.3952 0.295091
0.0146092 -0.00952271 0.0333401
54
1
-1.30232 11.4103 0.235543
0.0134687 -0.00843432 0.0334076
55
1
-1.3204 11.4231 0.175644
0.00873068 -0.00736575 0.0322776
56
1
-1.33277 11.4331 0.116694
0.0061655 -0.00504367 0.0307344
57
1
-1.3401 11.4394 0.0574928
0.00333084 -0.00177516 0.0291981
58
1
-1.34253 11.4417 -5.75092e-008
2.94475e-009 5.79816e-010 0.0286834
59
1
-1.3401 11.4394 -0.0574929
-0.00333084 0.00177516 0.0291981
60
1
-1.33277 11.4331 -0.116694
-0.00616549 0.00504367 0.0307344
61
1
-1.3204 11.4231 -0.175644
-0.00873068 0.00736576 0.0322776
62
1
-1.30232 11.4103 -0.235544
-0.0134687 0.00843433 0.0334076
63
1
-1.27983 11.3952 -0.295091
-0.0146092 0.00952272 0.0333401
64
1
-1.2545 11.3786 -0.354063
-0.0152491 0.0112086 0.0320486
65
1
-1.22712 11.3613 -0.411593
-0.0153489 0.00927116 0.0290882
66
1
-1.19827 11.3433 -0.467147
-0.0142286 0.00819311 0.0266484
67
1
-1.16907 11.3238 -0.520042
-0.0161419 0.010948 0.0298671
68
1
-1.13783 11.3021 -0.571334
-0.0183754 0.0129196 0.0281014
69
1
-1.1036 11.2788 -0.619316
-0.0175139 0.0111774 0.021382
70
1
-1.0672 11.2559 -0.662212
-0.019481 0.0102853 0.0213291
71
1
-1.02851 11.233 -0.700472
-0.0227568 0.010968 0.020255
72
1
-0.989898 11.2113 -0.733883
-0.0197069 0.0102445 0.0146622
73
1
-0.952183 11.1902 -0.762588
-0.017133 0.00905316 0.0123401
74
1
-0.915286 11.1687 -0.788888
-0.0190454 0.00975596 0.0132434
75
1
-0.879416 11.1463 -0.813598
-0.0192872 0.0111115 0.0128308
76
1
-0.845921 11.1223 -0.835843
-0.0153238 0.0105397 0.00991523
77
1
-0.813803 11.0959 -0.853988
-0.014942 0.0109283 0.00808888
78
1
-0.783232 11.0655 -0.867964
-0.0172787 0.014126 0.00596689
79
1
-0.755708 11.0324 -0.878796
-0.0145169 0.0161339 0.00306657
80
1
-0.731396 10.9974 -0.887138
-0.0110029 0.0170873 0.00307476
81
1
-0.709532 10.9597 -0.893305
-0.0102126 0.0199344 0.0032344
82
1
-0.691845 10.9183 -0.897719
-0.00684207 0.0236082 0.000247848
83
1
-0.678913 10.8742 -0.899307
-0.00240121 0.025912 -0.00123534
84
1
-0.67088 10.8268 -0.899173
-0.00128297 0.0250557 -0.00120901
85
1
-0.666635 10.7773 -0.897743
-0.000860195 0.0230995 -0.0028595
86
1
-0.665304 10.7272 -0.895903
0.00110799 0.0239774 -0.00322579
87
1
-0.666601 10.6756 -0.894134
0.00290501 0.0259111 -0.00131755
88
1
-0.670746 10.6221 -0.895343
0.0028689 0.0245111 3.48971e-005
89
1
-0.676012 10.5691 -0.902502
0.00276944 0.0253212 0.00482721
90
1
-0.680868 10.5155 -0.915509
0.00385597 0.027564 0.00893882
91
1
-0.68701 10.4602 -0.93257
0.0060465 0.026529 0.00880395
92
1
-0.695452 10.4024 -0.953115
0.00613799 0.0245496 0.00914686
93
1
-0.705338 10.3384 -0.981926
0.00360516 0.0352414 0.0203874
94
1
-0.713988 10.2681 -1.01991
0.00196299 0.0370788 0.0250934
95
1
-0.718995 10.1958 -1.06012
0.00450052 0.0303567 0.0198975
96
1
-0.718376 10.1173 -1.09588
0.0036453 0.0425694 0.0175514
97
1
-0.710063 10.0343 -1.12434
-0.0060525 0.0502271 0.010804
98
1
-0.6919 9.94843 -1.14793
-0.00887673 0.0382297 0.00978296
99
1
-0.658063 9.86084 -1.16714
-0.0233048 0.0430646 0.0063194
100
1
-0.598252 9.76809 -1.18364
-0.0428885 0.0509299 0.00458793
101
1
-0.51995 9.68656 -1.199
-0.0434628 0.03664 0.00915093
102
1
-0.425281 9.62129 -1.21396
-0.0455575 0.0263773 0.010205
103
1
-0.306144 9.56845 -1.21388
-0.0591528 0.011838 -0.0104101
104
1
-0.141054 9.5229 -1.14546
-0.0406798 0.0104387 -0.0436125
105
1
-0.163253 6.64943 -0.0585014
0.0443142 0.0212113 0.00869349
106
1
-0.870787 12.3797 -0.0625301
0.018893 0.065682 -0.00815759
107
1
0.870787 12.3797 -0.0625391
0.0188932 -0.0656821 0.00815637
108
1
0.163247 6.64942 -0.0583951
0.0443036 -0.0212052 -0.00868732
109
1
0.141053 9.5229 -1.14546
-0.0406798 -0.0104387 0.0436125
110
1
0.306144 9.56844 -1.21388
-0.0591528 -0.0118381 0.0104101
111
1
0.42528 9.62129 -1.21396
-0.0455575 -0.0263773 -0.010205
112
1
0.519949 9.68656 -1.199
-0.0434628 -0.03664 -0.00915094
113
1
0.598252 9.76809 -1.18364
-0.0428885 -0.0509299 -0.00458792
114
1
0.658063 9.86084 -1.16714
-0.0233048 -0.0430646 -0.00631939
115
1
0.691899 9.94843 -1.14793
-0.00887673 -0.0382298 -0.00978296
116
1
0.710063 10.0343 -1.12434
-0.00605251 -0.0502271 -0.010804
117
1
0.718375 10.1173 -1.09588
0.00364529 -0.0425694 -0.0175514
118
1
0.718995 10.1958 -1.06012
0.00450051 -0.0303567 -0.0198975
119
1
0.713988 10.2681 -1.01991
0.00196298 -0.0370788 -0.0250934
120
1
0.705338 10.3384 -0.981926
0.00360515 -0.0352414 -0.0203874
121
1
0.695452 10.4024 -0.953114
0.00613798 -0.0245496 -0.00914686
122
1
0.68701 10.4602 -0.932569
0.0060465 -0.026529 -0.00880395
123
1
0.680868 10.5155 -0.915509
0.00385596 -0.027564 -0.00893882
124
1
0.676012 10.5691 -0.902502
0.00276944 -0.0253212 -0.00482721
125
1
0.670746 10.6221 -0.895342
0.0028689 -0.0245111 -3.49001e-005
126
1
0.666601 10.6756 -0.894134
0.00290501 -0.0259111 0.00131755
127
1
0.665304 10.7272 -0.895903
0.00110799 -0.0239774 0.00322578
128
1
0.666634 10.7773 -0.897743
-0.000860192 -0.0230995 0.0028595
129
1
0.67088 10.8268 -0.899172
-0.00128297 -0.0250557 0.00120901
130
1
0.678912 10.8742 -0.899307
-0.0024012 -0.025912 0.00123534
131
1
0.691845 10.9183 -0.897719
-0.00684207 -0.0236082 -0.000247847
132
1
0.709532 10.9597 -0.893305
-0.0102126 -0.0199344 -0.0032344
133
1
0.731396 10.9974 -0.887138
-0.0110029 -0.0170873 -0.00307476
134
1
0.755708 11.0324 -0.878796
-0.014517 -0.0161339 -0.00306657
135
1
0.783232 11.0655 -0.867964
-0.0172787 -0.014126 -0.00596688
136
1
0.813803 11.0959 -0.853988
-0.014942 -0.0109283 -0.00808887
137
1
0.845921 11.1223 -0.835842
-0.0153239 -0.0105397 -0.00991522
138
1
0.879415 11.1463 -0.813598
-0.0192872 -0.0111115 -0.0128308
139
1
0.915286 11.1687 -0.788888
-0.0190454 -0.00975595 -0.0132434
140
1
0.952183 11.1902 -0.762588
-0.017133 -0.00905316 -0.0123401
141
1
0.989898 11.2113 -0.733883
-0.0197069 -0.0102445 -0.0146621
142
1
1.02851 11.233 -0.700472
-0.0227568 -0.010968 -0.020255
143
1
1.0672 11.2559 -0.662212
-0.019481 -0.0102853 -0.0213291
144
1
1.1036 11.2788 -0.619315
-0.0175139 -0.0111774 -0.021382
145
1
1.13783 11.3021 -0.571334
-0.0183754 -0.0129196 -0.0281014
146
1
1.16907 11.3238 -0.520041
-0.0161419 -0.010948 -0.0298671
147
1
1.19827 11.3433 -0.467147
-0.0142286 -0.00819311 -0.0266484
148
1
1.22712 11.3613 -0.411593
-0.0153489 -0.00927115 -0.0290882
149
1
1.2545 11.3786 -0.354063
-0.0152491 -0.0112086 -0.0320486
150
1
1.27983 11.3952 -0.295091
-0.0146092 -0.00952271 -0.0333401
151
1
1.30232 11.4103 -0.235543
-0.0134687 -0.00843432 -0.0334076
152
1
1.3204 11.4231 -0.175644
-0.00873068 -0.00736575 -0.0322776
153
1
1.33277 11.4331 -0.116694
-0.0061655 -0.00504367 -0.0307344
154
1
1.3401 11.4394 -0.0574928
-0.00333084 -0.00177516 -0.0291981
155
1
1.34253 11.4417 6.36063e-008
-3.01597e-009 7.20805e-010 -0.0286834
156
1
1.3401 11.4394 0.0574929
0.00333084 0.00177516 -0.0291981
157
1
1.33277 11.4331 0.116694
0.00616549 0.00504367 -0.0307344
158
1
1.3204 11.4231 0.175644
0.00873068 0.00736576 -0.0322776
159
1
1.30232 11.4103 0.235544
0.0134687 0.00843433 -0.0334076
160
1
1.27983 11.3952 0.295091
0.0146092 0.00952272 -0.0333401
161
1
1.2545 11.3786 0.354063
0.0152491 0.0112086 -0.0320486
162
1
1.22712 11.3613 0.411593
0.0153489 0.00927116 -0.0290882
163
1
1.19827 11.3433 0.467147
0.0142286 0.00819311 -0.0266484
164
1
1.16907 11.3238 0.520042
0.0161419 0.010948 -0.0298671
165
1
1.13783 11.3021 0.571334
0.0183754 0.0129196 -0.0281014
166
1
1.1036 11.2788 0.619316
0.0175139 0.0111774 -0.021382
167
1
1.0672 11.2559 0.662212
0.019481 0.0102853 -0.0213291
168
1
1.02851 11.233 0.700472
0.0227568 0.010968 -0.020255
169
1
0.989898 11.2113 0.733883
0.0197069 0.0102445 -0.0146622
170
1
0.952183 11.1902 0.762588
0.017133 0.00905316 -0.0123401
171
1
0.915286 11.1687 0.788888
0.0190454 0.00975596 -0.0132434
172
1
0.879416 11.1463 0.813598
0.0192872 0.0111115 -0.0128308
173
1
0.845921 11.1223 0.835843
0.0153238 0.0105397 -0.00991523
174
1
0.813803 11.0959 0.853988
0.014942 0.0109283 -0.00808888
175
1
0.783232 11.0655 0.867964
0.0172787 0.014126 -0.00596689
176
1
0.755708 11.0324 0.878796
0.0145169 0.0161339 -0.00306657
177
1
0.731396 10.9974 0.887138
0.0110029 0.0170873 -0.00307476
178
1
0.709532 10.9597 0.893305
0.0102126 0.0199344 -0.0032344
179
1
0.691845 10.9183 0.897719
0.00684207 0.0236082 -0.000247848
180
1
0.678913 10.8742 0.899307
0.00240121 0.025912 0.00123534
181
1
0.67088 10.8268 0.899173
0.00128297 0.0250557 0.00120901
182
1
0.666635 10.7773 0.897743
0.000860195 0.0230995 0.0028595
183
1
0.665304 10.7272 0.895903
-0.00110799 0.0239774 0.00322579
184
1
0.666601 10.6756 0.894134
-0.00290501 0.0259111 0.00131755
185
1
0.670746 10.6221 0.895343
-0.0028689 0.0245111 -3.48969e-005
186
1
0.676012 10.5691 0.902502
-0.00276944 0.0253212 -0.00482721
187
1
0.680868 10.5155 0.915509
-0.00385597 0.027564 -0.00893882
188
1
0.68701 10.4602 0.93257
-0.0060465 0.026529 -0.00880395
189
1
0.695452 10.4024 0.953115
-0.00613799 0.0245496 -0.00914686
190
1
0.705338 10.3384 0.981926
-0.00360516 0.0352414 -0.0203874
191
1
0.713988 10.2681 1.01991
-0.00196299 0.0370788 -0.0250934
192
1
0.718995 10.1958 1.06012
-0.00450052 0.0303567 -0.0198975
193
1
0.718376 10.1173 1.09588
-0.0036453 0.0425694 -0.0175514
