194
0
1
0.809702 12.7617 3.08599
-0.000666274 0.00850445 -0.030205
1
1
0.79895 12.7326 3.14453
0.00407499 0.0148645 -0.0217802
2
1
0.769736 12.6711 3.20806
0.0277266 0.048014 -0.0281294
3
1
0.720219 12.5994 3.2553
0.0316749 0.0379193 -0.0196969
4
1
0.649701 12.5329 3.29181
0.0478199 0.0333395 -0.0123261
5
1
0.574295 12.4855 3.32014
0.0192281 0.0102507 -0.00863177
6
1
0.441571 12.4346 3.36972
0.0663395 0.0158743 -0.0214535
7
1
0.205544 12.3828 3.43497
0.0735317 0.00867996 -0.0129817
8
1
0.856204 6.32543 0.0948836
0.0494949 -0.0117179 -0.00510937
9
1
0.591066 11.5441 0.649493
0.0495917 -0.0148642 -0.0368454
10
1
-0.672304 11.5842 -0.732024
0.0308405 0.0642884 0.00680688
11
1
-0.864947 6.32242 0.0145542
0.046797 0.0119276 0.0127075
12
1
-0.20762 12.3828 3.43414
0.0732311 -0.00846327 0.0131064
13
1
-0.441242 12.435 3.37045
0.0655973 -0.0155257 0.02042
14
1
-0.57052 12.4864 3.32329
0.0184939 -0.010268 0.00795081
15
1
-0.642565 12.5341 3.29668
0.0455437 -0.0330268 0.0102048
16
1
-0.70818 12.6018 3.26203
0.0281813 -0.0397206 0.0191302
17
1
-0.752994 12.6739 3.21562
0.0235677 -0.0491389 0.0279481
18
1
-0.778243 12.7338 3.15248
0.0035402 -0.0140489 0.021856
19
1
-0.787215 12.76 3.09413
-0.000686736 -0.0067786 0.0296758
20
1
-0.783078 12.7849 3.02386
-0.0129234 -0.00561121 0.0465381
21
1
-0.768716 12.8077 2.94505
-0.00044921 -0.00908401 0.0311639
22
1
-0.74521 12.8321 2.85015
-0.0209035 -0.0104472 0.0715065
23
1
-0.717247 12.8586 2.76378
-0.0188212 -0.0119947 0.0337999
24
1
-0.691182 12.8861 2.69934
-0.00051213 -0.00641507 0.00851563
25
1
-0.681867 12.9063 2.64447
-0.0063612 -0.010133 0.0170486
26
1
-0.66539 12.9223 2.58239
-0.0099708 -0.00436105 0.0355376
27
1
-0.655421 12.9405 2.52393
-0.00329791 -0.0183127 0.0516494
28
1
-0.64563 12.9561 2.45603
-0.00801361 -0.0156214 0.0385889
29
1
-0.638072 12.9637 2.39289
-0.00473193 -0.00092578 0.0275141
30
1
-0.635708 12.9616 2.33892
0.00221399 0.00802298 0.0189689
31
1
-0.636511 12.9544 2.291
0.00355541 0.00822664 0.0154138
32
1
-0.636618 12.9465 2.24331
5.16496e-005 0.00368034 0.0121369
33
1
-0.635955 12.9414 2.19471
0.00154171 -2.30846e-005 0.0292382
34
1
-0.632795 12.9383 2.1426
-0.00278906 -0.00108874 0.0309517
35
1
-0.625837 12.9345 2.08497
-0.0067203 0.00411715 0.0225055
36
1
-0.617313 12.9304 2.02301
-0.00817424 0.00278946 0.0377936
37
1
-0.61111 12.925 1.95658
-0.00285 0.00299884 0.0470713
38
1
-0.60801 12.9179 1.8897
0.00382857 0.00641848 0.0317824
39
1
-0.603796 12.9111 1.82564
-0.000317059 0.00507659 0.0176056
40
1
-0.596919 12.9108 1.76196
-0.0103038 0.00320124 0.0331824
41
1
-0.59065 12.9108 1.69823
-0.0177315 -0.00303522 0.0553604
42
1
-0.582551 12.9186 1.63649
0.000622034 -0.0135594 0.0519137
43
1
-0.587289 12.9314 1.57447
0.0152298 -0.00789551 0.0462547
44
1
-0.591623 12.9411 1.51448
-0.00598964 -0.00396246 0.00863479
45
1
-0.596456 12.9539 1.44768
0.017374 -0.0448434 0.0586617
46
1
-0.589565 12.9648 1.39686
0.0185226 0.0206872 0.070929
47
1
-0.586862 12.9728 1.35519
-0.0219573 0.00358143 -0.00470312
48
1
-0.557566 12.9875 1.31368
0.0134334 -0.0191401 0.00473069
49
1
-0.503198 13.0196 1.28742
-0.0204567 0.0398883 0.0435728
50
1
-0.473234 13.0239 1.26808
-0.0230973 0.0178651 0.046523
51
1
-0.505696 13.0201 1.20471
0.0123414 0.00421183 0.0075962
52
1
-0.537443 13.1156 1.23281
-0.0491497 -0.0560917 -0.0225804
53
1
-0.287834 12.9035 1.01867
0.0345057 0.029541 0.063313
54
1
-0.35763 12.8588 0.877824
0.0245765 0.0110501 0.0731146
55
1
-0.344726 12.7145 0.766571
-0.0294268 -0.012483 -0.0155179
56
1
0.458634 15.3951 1.33953
-0.0645632 -0.0192109 -0.0182439
57
1
-0.1752 13.4643 0.00479334
-0.0354035 -0.0245725 -0.019804
58
1
0.0584609 16.7262 -0.0201084
-0.0150758 0.024376 -0.0497375
59
1
-0.165246 13.4698 -0.0531411
0.0357907 0.0216859 -0.00626161
60
1
-0.42125 15.3873 -1.45778
-0.047739 -0.0524127 -0.00790636
61
1
-0.370068 12.5434 -1.00993
0.0166144 -0.00630447 -0.0138108
62
1
-0.225117 12.7103 -1.01631
-0.045524 -0.0192665 0.0602347
63
1
-0.115346 12.8993 -1.1752
-0.0428979 -0.052244 0.0387581
64
1
-0.416581 12.9155 -1.3245
0.0152931 0.0566872 0.0512302
65
1
-0.341241 12.882 -1.33756
-0.0336296 0.0249429 -0.00594198
66
1
-0.325088 12.9159 -1.37779
0.0309819 -0.0172024 0.0198674
67
1
-0.34578 12.9201 -1.40094
0.0300761 -0.0708422 0.0108626
68
1
-0.285803 12.9277 -1.41765
-0.0341513 0.0671852 -0.0197913
69
1
-0.293172 12.9221 -1.45408
0.0412656 -0.0612272 0.0240937
70
1
-0.302375 12.9418 -1.48603
0.0208672 -0.049952 0.0519394
71
1
-0.317454 12.9641 -1.53077
0.0143899 0.0249715 0.0394258
72
1
-0.344417 12.9608 -1.6022
0.025175 -0.00102659 0.0347986
73
1
-0.360618 12.965 -1.65885
0.00886012 -0.0032802 0.0477614
74
1
-0.384153 12.9562 -1.72245
0.0216746 0.0059274 0.0428275
75
1
-0.413964 12.9597 -1.77887
0.0282636 -0.00168931 0.0376244
76
1
-0.440042 12.9599 -1.83736
0.0115859 -0.00532443 0.024869
77
1
-0.463849 12.9704 -1.89215
0.00292917 -0.00643695 0.0189327
78
1
-0.48041 12.9823 -1.94969
0.00361491 -0.00834936 0.0293976
79
1
-0.499258 12.9914 -2.00935
0.0126982 -0.00563316 0.0364322
80
1
-0.522278 12.9985 -2.06658
0.0172591 -0.00400371 0.0294181
81
1
-0.547536 13.0036 -2.11992
0.0149086 -0.00336354 0.0211043
82
1
-0.569438 13.0079 -2.17057
0.00955441 0.00167168 0.025725
83
1
-0.584722 13.0104 -2.21837
0.00419363 0.000573109 0.0252889
84
1
-0.59598 13.0136 -2.26504
0.00343696 -0.00299818 0.0135428
85
1
-0.6058 13.0184 -2.31278
0.000507586 -0.00713013 0.0179593
86
1
-0.614525 13.0221 -2.36193
0.00240464 -0.00669448 0.0214739
87
1
-0.625458 13.0201 -2.41611
0.00928404 0.00230097 0.0274816
88
1
-0.640832 13.0085 -2.47621
0.010188 0.016569 0.03325
89
1
-0.656919 12.9874 -2.53991
0.00609543 0.0228149 0.045137
90
1
-0.672007 12.9635 -2.59653
0.0125107 0.0101249 0.0365559
91
1
-0.691746 12.9413 -2.65619
0.0076529 0.0117333 0.0176582
92
1
-0.704321 12.9147 -2.70951
0.00105264 0.00717153 0.00900438
93
1
-0.732766 12.8829 -2.77022
0.0183193 0.0151181 0.031343
94
1
-0.764127 12.8492 -2.85038
0.0210669 0.016113 0.0623682
95
1
-0.789883 12.8183 -2.93813
0.00160151 0.0118017 0.0302855
96
1
-0.805547 12.7904 -3.01564
0.013571 0.00944329 0.0477426
97
1
-0.809698 12.7617 -3.08598
0.000666596 0.0085043 0.0302051
98
1
-0.798947 12.7326 -3.14452
-0.00407472 0.0148644 0.0217804
99
1
-0.769733 12.6711 -3.20805
-0.0277264 0.0480138 0.0281302
100
1
-0.720217 12.5994 -3.25529
-0.0316748 0.0379192 0.0196976
101
1
-0.6497 12.5329 -3.29181
-0.0478197 0.0333398 0.0123269
102
1
-0.574293 12.4855 -3.32013
-0.0192281 0.0102507 0.008632
103
1
-0.441569 12.4346 -3.36972
-0.0663395 0.0158745 0.0214538
104
1
-0.205543 12.3828 -3.43497
-0.0735318 0.0086801 0.0129818
105
1
-0.856355 6.32543 -0.0941333
-0.0494769 -0.0117193 0.00519421
106
1
-0.590554 11.5444 -0.649412
-0.0496363 -0.0148642 0.0367865
107
1
0.672914 11.5838 0.732038
-0.0308234 0.0642929 -0.00674468
108
1
0.865 6.32242 -0.0137877
-0.046767 0.0119276 -0.0127863
109
1
0.207621 12.3828 -3.43414
-0.0732312 -0.00846346 -0.0131066
110
1
0.441243 12.435 -3.37045
-0.0655974 -0.0155261 -0.0204205
111
1
0.570522 12.4864 -3.32329
-0.018494 -0.0102681 -0.00795113
112
1
0.642568 12.5341 -3.29667
-0.0455439 -0.0330272 -0.0102059
113
1
0.708184 12.6018 -3.26202
-0.0281819 -0.0397203 -0.0191309
114
1
0.752997 12.6739 -3.21561
-0.0235683 -0.0491385 -0.0279489
115
1
0.778247 12.7338 -3.15247
-0.00354012 -0.014049 -0.0218561
116
1
0.787219 12.76 -3.09412
0.000686954 -0.0067787 -0.0296759
117
1
0.783081 12.7849 -3.02385
0.0129238 -0.00561155 -0.0465384
118
1
0.768718 12.8077 -2.94504
0.00044961 -0.00908433 -0.0311639
119
1
0.745212 12.8321 -2.85014
0.0209034 -0.0104479 -0.0715052
120
1
0.717249 12.8586 -2.76377
0.0188209 -0.011995 -0.0338
121
1
0.691183 12.8861 -2.69933
0.000512215 -0.00641517 -0.00851604
122
1
0.681869 12.9063 -2.64446
0.0063611 -0.0101331 -0.0170489
123
1
0.665392 12.9223 -2.58238
0.00997031 -0.00436155 -0.0355377
124
1
0.655423 12.9406 -2.52392
0.00329743 -0.0183132 -0.0516494
125
1
0.645632 12.9561 -2.45602
0.00801348 -0.0156217 -0.0385892
126
1
0.638073 12.9637 -2.39288
0.0047321 -0.000926001 -0.0275147
127
1
0.635709 12.9616 -2.3389
-0.00221375 0.00802276 -0.0189693
128
1
0.636511 12.9544 -2.29099
-0.00355511 0.00822636 -0.0154141
129
1
0.636617 12.9465 -2.2433
-5.13751e-005 0.00368002 -0.0121372
130
1
0.635952 12.9415 -2.1947
-0.00154083 -2.37352e-005 -0.0292384
131
1
0.63279 12.9383 -2.14258
0.00279 -0.0010895 -0.0309521
132
1
0.62583 12.9345 -2.08495
0.00672099 0.00411627 -0.0225056
133
1
0.617301 12.9304 -2.023
0.00817596 0.00278763 -0.0377946
134
1
0.611093 12.925 -1.95656
0.0028533 0.00299618 -0.0470722
135
1
0.607985 12.9179 -1.88968
-0.00382532 0.00641657 -0.0317822
136
1
0.60376 12.9112 -1.82562
0.00031965 0.0050757 -0.0176061
137
1
0.596865 12.9108 -1.76193
0.010313 0.00320165 -0.0331862
138
1
0.590573 12.9108 -1.6982
0.0177543 -0.0030285 -0.0553669
139
1
0.582447 12.9186 -1.63647
-0.00059586 -0.0135442 -0.0519079
140
1
0.58716 12.9314 -1.57447
-0.0152069 -0.00787306 -0.0462327
141
1
0.591471 12.941 -1.5145
0.00600127 -0.00395927 -0.0086329
142
1
0.596279 12.9538 -1.44778
-0.0174327 -0.0447904 -0.0586167
143
1
0.589334 12.9646 -1.39704
-0.0185694 0.0208316 -0.0708764
144
1
0.586657 12.9726 -1.35546
0.0220223 0.00360388 0.00473891
145
1
0.557306 12.9873 -1.31398
-0.0135412 -0.0191312 -0.00471042
146
1
0.503036 13.0195 -1.28758
0.0205895 0.0400625 -0.0437657
147
1
0.473068 13.0237 -1.26815
0.023262 0.0181696 -0.0468015
148
1
0.505734 13.0197 -1.2047
-0.0124055 0.00422551 -0.00753621
149
1
0.537834 13.1151 -1.23286
0.0490729 -0.0562598 0.0223279
150
1
0.287923 12.9038 -1.01835
-0.0345302 0.0294896 -0.0633236
151
1
0.358067 12.8591 -0.877134
-0.0246023 0.0110924 -0.0730995
152
1
0.344564 12.7149 -0.766082
0.0296344 -0.0128 0.0155397
153
1
-0.458551 15.3951 -1.33957
0.0645692 -0.0192151 0.0182268
154
1
0.175193 13.4643 -0.00479092
0.035405 -0.0245735 0.0198027
155
1
-0.0584512 16.7262 0.0201491
0.0150759 0.0243749 0.049738
156
1
0.165242 13.4698 0.0531443
-0.0357907 0.0216847 0.00626265
157
1
0.421298 15.3873 1.45773
0.0477313 -0.052414 0.00792449
158
1
0.370089 12.5435 1.00993
-0.0165589 -0.00629691 0.0138138
159
1
0.225119 12.7103 1.01639
0.045517 -0.019255 -0.0602436
160
1
0.115345 12.8991 1.17521
0.0429165 -0.0522204 -0.0387692
161
1
0.416573 12.9158 1.32424
-0.0153772 0.0567123 -0.0511772
162
1
0.341267 12.8821 1.33741
0.0336674 0.0248424 0.00597758
163
1
0.325108 12.9159 1.37769
-0.0310167 -0.0171337 -0.0198878
164
1
0.345767 12.9201 1.40085
-0.0300682 -0.070853 -0.0108988
165
1
0.285781 12.9277 1.41756
0.0340761 0.067209 0.01984
166
1
0.293159 12.9221 1.45397
-0.0412432 -0.0612185 -0.0241751
167
1
0.30239 12.9418 1.48596
-0.0208548 -0.0499251 -0.052008
168
1
0.317501 12.9641 1.53073
-0.0144089 0.0249908 -0.0394591
169
1
0.344487 12.9608 1.60218
-0.0251504 -0.0010261 -0.0347989
170
1
0.360679 12.9649 1.65883
-0.00883967 -0.00328352 -0.047775
171
1
0.384197 12.9561 1.72244
-0.021663 0.00592486 -0.042834
172
1
0.413993 12.9597 1.77887
-0.0282572 -0.00169296 -0.0376276
173
1
0.440063 12.9598 1.83736
-0.0115832 -0.00532688 -0.0248708
174
1
0.463866 12.9704 1.89216
-0.00292783 -0.00643816 -0.0189335
175
1
0.480423 12.9823 1.9497
-0.00361312 -0.00835103 -0.0293981
176
1
0.499268 12.9914 2.00936
-0.0126962 -0.00563521 -0.036432
177
1
0.522286 12.9985 2.06659
-0.0172582 -0.00400546 -0.0294178
178
1
0.547542 13.0036 2.11993
-0.0149085 -0.00336469 -0.0211047
179
1
0.569443 13.0079 2.17058
-0.00955394 0.00167068 -0.0257251
180
1
0.584726 13.0104 2.21838
-0.00419316 0.000572326 -0.0252891
181
1
0.595983 13.0136 2.26505
-0.00343683 -0.00299859 -0.0135429
182
1
0.605803 13.0184 2.31279
-0.000507523 -0.00713042 -0.0179594
183
1
0.614528 13.0221 2.36194
-0.00240467 -0.00669468 -0.0214738
184
1
0.625461 13.0201 2.41612
-0.00928408 0.00230076 -0.027481
185
1
0.640835 13.0085 2.47622
-0.0101881 0.0165687 -0.0332493
186
1
0.656923 12.9874 2.53992
-0.00609608 0.0228149 -0.0451365
187
1
0.672012 12.9635 2.59654
-0.0125114 0.0101251 -0.036556
188
1
0.691752 12.9413 2.6562
-0.00765304 0.0117334 -0.0176581
189
1
0.704327 12.9147 2.70952
-0.00105258 0.00717155 -0.0090041
190
1
0.732772 12.8829 2.77023
-0.0183193 0.0151182 -0.0313426
191
1
0.764133 12.8492 2.85039
-0.0210669 0.0161132 -0.0623684
192
1
0.789888 12.8183 2.93814
-0.0016012 0.0118018 -0.0302853
193
1
0.805551 12.7904 3.01565
-0.0135705 0.00944351 -0.0477424
