194
0
1
0.637209 13.0292 3.19525
0.0178193 0.014251 -0.0333379
1
1
0.618831 12.9931 3.26781
0.00812798 0.0174236 -0.0294818
2
1
0.593468 12.9321 3.36002
0.00772591 0.0422247 -0.0600002
3
1
0.565159 12.8624 3.44443
0.0139522 0.0376229 -0.0403714
4
1
0.526911 12.791 3.50094
0.0212791 0.040537 -0.0173518
5
1
0.48076 12.7351 3.5383
0.011958 0.0119223 -0.0079131
6
1
0.380935 12.6641 3.56193
0.0547431 0.0231761 -0.000570157
7
1
0.180497 12.5916 3.57886
0.0645745 0.00996372 -0.00512748
8
1
0.813189 6.61273 0.0967012
0.0438245 0.0258725 -0.00499339
9
1
0.556691 11.3678 0.992643
-0.0119981 0.0692116 0.00471201
10
1
-0.446696 11.3431 -0.941155
-0.0243809 -0.0235497 0.049773
11
1
-0.820119 6.61955 0.0127202
0.04118 -0.0249438 0.0128094
12
1
-0.18405 12.5938 3.57862
0.0631836 -0.00979176 0.00464293
13
1
-0.375716 12.6682 3.56454
0.0509374 -0.0236481 -0.00113306
14
1
-0.468471 12.7386 3.54164
0.0100934 -0.0123805 0.00778066
15
1
-0.510088 12.7929 3.50389
0.0174272 -0.0385508 0.0156829
16
1
-0.545135 12.8607 3.44512
0.0126309 -0.0358671 0.0442047
17
1
-0.571546 12.9247 3.3558
0.00784662 -0.0372136 0.0630656
18
1
-0.596605 12.9786 3.26085
0.00880752 -0.0154959 0.0304668
19
1
-0.615216 13.0109 3.18628
0.0175754 -0.0124505 0.033957
20
1
-0.638321 13.0367 3.10447
0.0118286 -0.00973556 0.0462331
21
1
-0.658149 13.0592 3.01832
0.00927924 -0.0126629 0.0349681
22
1
-0.669331 13.074 2.91713
0.00568502 -0.000170982 0.0777142
23
1
-0.667398 13.0783 2.82194
-0.0129082 0.00350033 0.0348742
24
1
-0.65837 13.0846 2.75136
-0.00148224 -0.00207543 0.00733421
25
1
-0.639405 13.0821 2.69582
-0.00828602 -0.00300636 0.0159582
26
1
-0.625445 13.0861 2.63017
-0.00722229 0.0067037 0.0407264
27
1
-0.613144 13.0828 2.56746
-0.00656216 0.000647404 0.0545919
28
1
-0.603361 13.0833 2.49462
-0.0138185 0.00128532 0.0403067
29
1
-0.598053 13.0876 2.42774
-0.00234111 -0.00056065 0.0289364
30
1
-0.599456 13.0932 2.37078
0.00968108 -0.00510133 0.0201955
31
1
-0.6066 13.0999 2.31973
0.00962638 -0.00565602 0.016316
32
1
-0.615715 13.109 2.26934
0.00207347 -0.00319923 0.0126108
33
1
-0.622583 13.1175 2.21821
0.00236661 -0.0078894 0.0318716
34
1
-0.628427 13.1241 2.16397
0.000949607 -0.00329191 0.0321825
35
1
-0.634997 13.128 2.10507
0.00266762 0.00643511 0.0225097
36
1
-0.641149 13.1301 2.04213
0.00355685 0.0027976 0.0377566
37
1
-0.647344 13.1378 1.97421
0.00162745 -0.0115013 0.0499615
38
1
-0.656499 13.15 1.90435
0.00635905 -0.0128838 0.0357955
39
1
-0.667407 13.1582 1.83611
0.00528845 -0.00419383 0.0191573
40
1
-0.659678 13.1621 1.76918
0.00379896 -0.00213689 0.0344662
41
1
-0.648679 13.1791 1.70758
-0.00992645 -0.00326063 0.0552396
42
1
-0.630698 13.1942 1.6433
-0.0221575 -0.0116021 0.0502422
43
1
-0.602391 13.215 1.58251
-0.0208915 -0.00363134 0.0404552
44
1
-0.544448 13.2352 1.52832
-0.0348324 -0.00228465 0.0290194
45
1
-0.447693 13.2805 1.40539
-0.0308601 -0.0210459 0.0683212
46
1
-0.425026 13.271 1.28989
0.0254455 0.0175749 -0.0715227
47
1
-0.415583 13.2265 1.29203
-0.0217564 -0.00890227 0.036048
48
1
-0.422555 13.1959 1.30553
0.0189392 -0.00551916 0.0572431
49
1
-0.469838 13.159 1.27462
-0.0116206 0.0598178 0.0289203
50
1
-0.449553 13.1646 1.21102
-0.059786 0.044344 0.0229406
51
1
-0.420153 13.1106 1.2357
0.0165887 0.015976 0.0206115
52
1
-0.506087 13.1884 1.22488
0.00911056 -0.0571358 -0.0470011
53
1
-0.334385 13.1624 0.909082
0.0343131 0.00646551 0.0665599
54
1
-0.250279 13.1713 0.508441
-0.0729782 -0.0206983 0.0178219
55
1
-0.171123 13.255 0.617363
0.0657297 -0.0389341 0.0153488
56
1
0.486633 15.7915 1.49167
0.0170396 -0.0525723 0.0476876
57
1
-0.097582 13.3554 0.0238925
0.00737055 -0.0300445 -0.0168923
58
1
-0.0600968 17.1036 0.00752574
0.0136977 0.0324672 0.0610975
59
1
-0.0915501 13.3492 -0.0525083
-0.00295377 0.0322574 -0.0249149
60
1
-0.592464 15.7771 -1.42763
0.0340135 -0.0198648 0.059652
61
1
-0.171004 12.6087 -0.950533
0.0232795 0.0102907 -0.0128914
62
1
-0.20639 12.916 -0.949919
-0.0211298 -0.0574702 0.048193
63
1
-0.209752 13.1431 -1.26847
-0.0392962 -0.0643434 0.0196871
64
1
-0.0737606 12.9882 -1.45254
-0.00219278 -0.0224222 0.0745942
65
1
-0.542382 13.0591 -1.55686
-0.033797 -0.0466241 -0.0524434
66
1
-0.48283 13.0335 -1.59177
0.0347751 0.0350356 0.0602914
67
1
-0.4613 13.0462 -1.58991
0.0218119 0.0342843 0.0664882
68
1
-0.497215 13.0127 -1.6699
-0.0183038 0.0260664 0.0711151
69
1
-0.519054 13.0004 -1.70576
0.0362028 -0.0123562 -0.0678862
70
1
-0.484616 12.9804 -1.72643
-0.0086813 -0.00889917 0.00375474
71
1
-0.468808 12.9947 -1.72379
-0.0181855 0.0189956 0.0733506
72
1
-0.44737 12.9985 -1.78015
-0.0199266 0.0134887 0.0654891
73
1
-0.446833 13.0556 -1.82662
-0.0514559 -0.0199237 0.0550199
74
1
-0.466145 13.0216 -1.8376
0.0471364 0.0238047 -0.0573005
75
1
-0.521075 13.0603 -1.86865
0.029422 0.00604253 -0.0344112
76
1
-0.498372 13.1395 -1.91599
-0.0320907 -0.0304334 0.0419729
77
1
-0.494879 13.158 -1.9476
-0.0148688 -0.000293669 0.0289496
78
1
-0.512476 13.1895 -1.98311
-0.00180761 0.0161258 0.0437218
79
1
-0.513451 13.1881 -2.04977
0.00788042 0.00951628 0.039988
80
1
-0.508226 13.1876 -2.11426
0.00386161 -0.00792772 0.0298922
81
1
-0.510481 13.1907 -2.16992
0.00281439 -0.00949935 0.0219787
82
1
-0.515473 13.1901 -2.22114
0.00351214 0.000575878 0.0253361
83
1
-0.520067 13.1875 -2.26924
0.00178298 0.00550364 0.0255422
84
1
-0.522596 13.183 -2.31657
0.00105096 0.00330221 0.0135581
85
1
-0.522261 13.1758 -2.3661
-0.00573552 0.00567247 0.0190349
86
1
-0.523578 13.1686 -2.41806
-0.00521619 0.00558511 0.0232585
87
1
-0.532577 13.161 -2.47518
0.00821612 0.00250627 0.0295033
88
1
-0.550531 13.1521 -2.53862
0.0198404 0.00330747 0.0343506
89
1
-0.57423 13.1446 -2.60612
0.0169619 0.00610674 0.044799
90
1
-0.597997 13.1415 -2.66629
0.01584 -0.00189238 0.0413146
91
1
-0.623383 13.1329 -2.7281
0.0108431 0.00417224 0.0171768
92
1
-0.648044 13.1326 -2.78327
0.00237432 0.0027122 0.00813685
93
1
-0.665708 13.1203 -2.85056
0.014982 0.000530229 0.0334092
94
1
-0.675868 13.1074 -2.94021
0.00204414 0.00427941 0.0694416
95
1
-0.673052 13.0858 -3.03298
-0.00723952 0.0137868 0.032668
96
1
-0.658087 13.0588 -3.11588
-0.0109 0.0133554 0.0461351
97
1
-0.637173 13.0292 -3.19524
-0.0178171 0.0142528 0.0333381
98
1
-0.6188 12.9932 -3.2678
-0.00812598 0.0174253 0.0294827
99
1
-0.593442 12.9322 -3.36002
-0.00772289 0.0422281 0.0600022
100
1
-0.565136 12.8625 -3.44443
-0.0139504 0.0376248 0.0403728
101
1
-0.526892 12.7911 -3.50094
-0.021278 0.0405379 0.0173536
102
1
-0.480742 12.7352 -3.5383
-0.0119577 0.0119225 0.00791348
103
1
-0.380919 12.6642 -3.56193
-0.0547427 0.0231765 0.000570751
104
1
-0.180485 12.5916 -3.57887
-0.0645738 0.00996416 0.00512717
105
1
-0.813343 6.61277 -0.0959026
-0.0438084 0.0258611 0.00508105
106
1
-0.555998 11.3682 -0.992693
0.0120289 0.0692029 -0.00468858
107
1
0.447341 11.3427 0.941188
0.024329 -0.0235491 -0.0497993
108
1
0.820143 6.6196 -0.0119043
-0.0411496 -0.0249318 -0.0128906
109
1
0.18406 12.5939 -3.57862
-0.0631832 -0.00979233 -0.00464407
110
1
0.375726 12.6682 -3.56454
-0.0509376 -0.0236487 0.00113106
111
1
0.468481 12.7387 -3.54163
-0.0100937 -0.0123808 -0.00778132
112
1
0.510099 12.7929 -3.50388
-0.0174275 -0.0385521 -0.0156853
113
1
0.545146 12.8608 -3.44511
-0.0126307 -0.0358692 -0.0442055
114
1
0.571556 12.9247 -3.35579
-0.00784581 -0.0372174 -0.063067
115
1
0.596613 12.9787 -3.26082
-0.00880682 -0.0154976 -0.0304679
116
1
0.615224 13.011 -3.18626
-0.0175747 -0.0124521 -0.0339581
117
1
0.638326 13.0368 -3.10444
-0.0118281 -0.00973806 -0.0462348
118
1
0.658151 13.0593 -3.01829
-0.00927749 -0.0126648 -0.0349694
119
1
0.669327 13.0741 -2.91709
-0.00568084 -0.000179462 -0.0777145
120
1
0.667389 13.0784 -2.82189
0.0129088 0.0034941 -0.0348779
121
1
0.658355 13.0847 -2.75131
0.00148312 -0.00207685 -0.00733608
122
1
0.639386 13.0822 -2.69577
0.00828742 -0.00301057 -0.0159619
123
1
0.625417 13.0862 -2.63011
0.00722634 0.00669119 -0.0407292
124
1
0.613104 13.0829 -2.56739
0.00657047 0.000630246 -0.0545991
125
1
0.603306 13.0835 -2.49454
0.0138257 0.00127356 -0.0403165
126
1
0.597979 13.0878 -2.42765
0.00234803 -0.000569658 -0.028941
127
1
0.599366 13.0934 -2.37068
-0.0096745 -0.00510732 -0.0201937
128
1
0.606493 13.1002 -2.31963
-0.00961996 -0.00566041 -0.0163128
129
1
0.615586 13.1093 -2.26924
-0.00206775 -0.00320342 -0.0126108
130
1
0.622423 13.1177 -2.2181
-0.0023484 -0.00789921 -0.0318746
131
1
0.628228 13.1243 -2.16385
-0.000926345 -0.00330392 -0.0321917
132
1
0.634744 13.1282 -2.10493
-0.00264791 0.00642261 -0.0225189
133
1
0.640829 13.1304 -2.04198
-0.00351224 0.00277698 -0.0377704
134
1
0.64693 13.1381 -1.97405
-0.00154427 -0.0115286 -0.0499699
135
1
0.655965 13.1503 -1.90417
-0.00628603 -0.012897 -0.0357887
136
1
0.666729 13.1585 -1.8359
-0.00524923 -0.00420133 -0.0191579
137
1
0.658806 13.1623 -1.769
-0.00372644 -0.00213171 -0.0344811
138
1
0.647691 13.1794 -1.70738
0.0100644 -0.00318686 -0.0553101
139
1
0.62956 13.1944 -1.643
0.0224514 -0.0115074 -0.050328
140
1
0.600967 13.2151 -1.58212
0.0211702 -0.0036567 -0.0405387
141
1
0.542951 13.2354 -1.52779
0.0350724 -0.00219496 -0.0292168
142
1
0.445393 13.2803 -1.4036
0.0305229 -0.020828 -0.0685643
143
1
0.423536 13.2707 -1.28857
-0.0259059 0.0169466 0.0715091
144
1
0.414417 13.2262 -1.29155
0.022247 -0.0087296 -0.0364996
145
1
0.421546 13.1956 -1.30499
-0.0189308 -0.00561472 -0.0555099
146
1
0.468604 13.1587 -1.27424
0.0109805 0.0602012 -0.0295975
147
1
0.448907 13.1631 -1.21085
0.0594473 0.0445943 -0.023087
148
1
0.41891 13.1091 -1.23625
-0.0169547 0.0161365 -0.0208717
149
1
0.505841 13.1872 -1.22553
-0.00808808 -0.0567474 0.0468886
150
1
0.336925 13.1607 -0.907898
-0.0341056 0.00630591 -0.0662394
151
1
0.24993 13.1722 -0.505988
0.0729176 -0.0217364 -0.0168049
152
1
0.174168 13.257 -0.615847
-0.066055 -0.0379775 -0.0163189
153
1
-0.486562 15.7915 -1.49169
-0.0170569 -0.0525716 -0.0476763
154
1
0.0974381 13.3554 -0.0238883
-0.00736337 -0.0300434 0.0168942
155
1
0.0601083 17.1036 -0.00746142
-0.0136976 0.0324681 -0.0610971
156
1
0.0914239 13.3492 0.0525029
0.00294967 0.0322462 0.0249101
157
1
0.592553 15.7771 1.42764
-0.0339988 -0.0198665 -0.0596625
158
1
0.171018 12.6089 0.950746
-0.0231862 0.0102235 0.0129221
159
1
0.206206 12.9165 0.950497
0.0211319 -0.057474 -0.0481874
160
1
0.209236 13.144 1.26911
0.0392592 -0.0642989 -0.0199053
161
1
0.0737102 12.9883 1.45324
0.00213695 -0.0224735 -0.0745803
162
1
0.542178 13.0632 1.55619
0.0339155 -0.0474349 0.0515735
163
1
0.482475 13.0355 1.59074
-0.0338168 0.0362286 -0.0601312
164
1
0.460953 13.0477 1.58905
-0.0207561 0.0354112 -0.066235
165
1
0.497981 13.0132 1.66954
0.0187495 0.0262994 -0.070913
166
1
0.519871 13.0004 1.70545
-0.0359157 -0.0121042 0.0680838
167
1
0.485015 12.9803 1.72628
0.00731372 -0.0093929 -0.000790848
168
1
0.469231 12.9948 1.72353
0.0179949 0.0191949 -0.0733457
169
1
0.44758 12.9989 1.77914
0.0221482 0.0140201 -0.0696519
170
1
0.447595 13.0549 1.8262
0.0510007 -0.0203859 -0.0552738
171
1
0.466485 13.0203 1.83681
-0.0464488 0.0238535 0.0578392
172
1
0.520847 13.0584 1.86968
-0.0297135 0.00650533 0.0349144
173
1
0.499835 13.137 1.91713
0.0329412 -0.0319076 -0.0430184
174
1
0.496104 13.156 1.94885
0.0152317 -0.00057964 -0.0290739
175
1
0.514095 13.1882 1.98411
0.00209094 0.0165248 -0.0435208
176
1
0.514827 13.1871 2.05046
-0.00770247 0.00972977 -0.0396397
177
1
0.50907 13.1868 2.11476
-0.00379506 -0.00801785 -0.029724
178
1
0.511141 13.19 2.17024
-0.00275336 -0.00958084 -0.0219196
179
1
0.516045 13.1894 2.22132
-0.00343818 0.000525141 -0.0252836
180
1
0.520549 13.1869 2.26936
-0.00172502 0.00547397 -0.0255136
181
1
0.522998 13.1825 2.31665
-0.00102837 0.00329132 -0.0135495
182
1
0.522591 13.1754 2.36617
0.00575733 0.00566106 -0.0190364
183
1
0.523852 13.1682 2.41812
0.0052363 0.00557267 -0.0232591
184
1
0.532803 13.1607 2.47523
-0.00819493 0.00249056 -0.0294939
185
1
0.550711 13.1518 2.53865
-0.0198202 0.00329046 -0.0343372
186
1
0.574375 13.1443 2.60614
-0.0169434 0.00608647 -0.0447908
187
1
0.59812 13.1413 2.66631
-0.0158284 -0.00190856 -0.0413122
188
1
0.623483 13.1327 2.72812
-0.0108384 0.00416717 -0.0171734
189
1
0.648131 13.1324 2.78328
-0.0023724 0.00271056 -0.00813547
190
1
0.66578 13.1202 2.85057
-0.0149769 0.000523939 -0.0334064
191
1
0.675928 13.1073 2.94022
-0.00203621 0.00427055 -0.0694413
192
1
0.673101 13.0857 3.03299
0.00724286 0.0137845 -0.0326678
193
1
0.658129 13.0587 3.11588
0.0109032 0.0133524 -0.0461348
