194
0
1
0.865151 12.1025 2.54709
0.0278672 0.00671772 -0.0274106
1
1
0.814095 12.0738 2.60586
0.0197994 0.0148135 -0.0219593
2
1
0.741982 12.0216 2.68438
0.0461381 0.0411721 -0.0465832
3
1
0.670459 11.966 2.76862
0.0361317 0.0292572 -0.0442135
4
1
0.608523 11.9189 2.8599
0.0273783 0.0184413 -0.0523562
5
1
0.549067 11.8913 2.93859
0.0167076 0.00855881 -0.0167684
6
1
0.430096 11.8649 3.03965
0.0643657 0.00453553 -0.0410016
7
1
0.201734 11.849 3.15341
0.074061 0.0030205 -0.0240352
8
1
0.244524 6.10931 0.056461
-0.0325998 -0.0379527 -0.00997437
9
1
1.18457 12.2632 -0.00220547
0.0169169 0.057878 0.0493538
10
1
-1.08104 12.3206 0.0824925
-0.00453191 -0.0384907 0.0400288
11
1
-0.245167 6.11012 0.0543949
-0.0329895 0.0369589 0.00824362
12
1
-0.202993 11.8489 3.1532
0.0740574 -0.00298464 0.0240508
13
1
-0.431237 11.8647 3.03926
0.0643748 -0.0044789 0.0410432
14
1
-0.550163 11.891 2.93813
0.0167007 -0.00852218 0.0167735
15
1
-0.609569 11.9185 2.85941
0.0273603 -0.0183446 0.0523813
16
1
-0.671474 11.9654 2.76812
0.0361127 -0.0291711 0.0442173
17
1
-0.742977 12.0209 2.68392
0.0461502 -0.0410574 0.0465496
18
1
-0.815108 12.073 2.60552
0.0198285 -0.0147629 0.0219028
19
1
-0.866193 12.1017 2.54697
0.0279206 -0.0067059 0.027271
20
1
-0.914889 12.1259 2.48481
0.0283226 -0.00785469 0.0322553
21
1
-0.953281 12.1523 2.41923
0.0199106 -0.0103346 0.0283403
22
1
-0.974311 12.1885 2.353
-0.00406686 -0.0285546 0.0424283
23
1
-0.981791 12.2315 2.28895
-0.0011423 -0.017203 0.0313077
24
1
-0.982104 12.2713 2.23744
0.00494878 -0.00707609 0.0150974
25
1
-0.974363 12.308 2.19806
-0.000252516 -0.0185229 0.0144417
26
1
-0.960915 12.3501 2.16299
-0.013943 -0.0325967 0.0140578
27
1
-0.943903 12.3919 2.12925
-0.0125397 -0.022565 0.0154336
28
1
-0.922337 12.4297 2.09449
-0.0121616 -0.0160423 0.0189413
29
1
-0.895059 12.4616 2.05878
-0.0144546 -0.0173998 0.0231792
30
1
-0.86583 12.4865 2.02468
-0.0117688 -0.0115994 0.0158285
31
1
-0.835513 12.5041 1.99698
-0.0116392 -0.00646726 0.0090713
32
1
-0.803746 12.5161 1.9738
-0.014055 -0.00334825 0.00486347
33
1
-0.770612 12.5229 1.95489
-0.0145145 0.000458276 0.00742185
34
1
-0.735785 12.5275 1.93726
-0.0178332 0.0035893 0.00656097
35
1
-0.695924 12.5315 1.91896
-0.0215522 0.00372528 0.00451189
36
1
-0.65384 12.5379 1.89857
-0.0218674 -0.000556168 0.0118169
37
1
-0.611195 12.5488 1.87578
-0.0242787 -0.00742449 0.0162268
38
1
-0.569369 12.5661 1.85226
-0.0225442 -0.0146081 0.0102289
39
1
-0.531504 12.5884 1.82984
-0.0151489 -0.0132151 0.005011
40
1
-0.499821 12.6113 1.80623
-0.013417 -0.0122008 0.00629623
41
1
-0.47418 12.6332 1.77971
-0.0139281 -0.0119318 0.00912322
42
1
-0.451412 12.6554 1.74976
-0.010148 -0.0115579 0.0127784
43
1
-0.43341 12.6786 1.7116
-0.00691324 -0.0123578 0.0208626
44
1
-0.417909 12.6956 1.65928
-0.005755 -0.00964425 0.0380257
45
1
-0.399529 12.7108 1.59197
-0.00801853 0.00424323 0.0690982
46
1
-0.381881 12.7254 1.51958
-0.0272363 -0.00529205 0.0561138
47
1
-0.364014 12.7458 1.4545
-0.0132007 -0.0328722 0.0297435
48
1
-0.352011 12.7793 1.39163
0.0157465 -0.00795988 0.0473562
49
1
-0.355249 12.8025 1.33491
-0.0159658 -0.00340749 0.0197736
50
1
-0.361172 12.8274 1.27348
0.014409 -0.0457627 0.0574115
51
1
-0.370376 12.8722 1.18149
0.0379605 0.00990468 0.0673257
52
1
-0.380149 12.8962 1.11185
-0.0357566 -0.00995444 -0.0373051
53
1
-0.416472 12.9495 1.03377
0.0593307 -0.0209246 0.0459769
54
1
-0.451663 12.9805 1.0092
0.00752861 -0.00825643 0.0202146
55
1
-0.505166 13.0586 0.993183
0.00467072 -0.0011985 -0.0119343
56
1
0.227161 14.2458 1.27653
0.037425 -0.0425239 -0.0535064
57
1
-0.137112 13.8283 0.00703526
-0.0209401 0.0258933 -0.0190294
58
1
-0.0293104 15.5879 0.0607094
0.072663 0.0191738 0.0205988
59
1
-0.123468 13.8289 -0.0508603
0.0215609 -0.0277598 -0.00922647
60
1
-0.0890472 14.2855 -1.23541
0.0560217 -0.0334761 -0.0425766
61
1
-0.40756 13.0725 -0.954027
-0.00874742 0.00287348 -0.0100284
62
1
-0.347233 12.9987 -0.992104
-0.0051847 0.00745897 0.029631
63
1
-0.316342 12.9716 -1.03935
-0.0508163 0.0184256 0.0561253
64
1
-0.293814 12.927 -1.13713
0.0353822 0.00615746 -0.0371515
65
1
-0.291693 12.9173 -1.20745
-0.0354388 -0.0120326 0.0683459
66
1
-0.299049 12.8794 -1.28566
-0.00382342 0.0369423 0.0358583
67
1
-0.300555 12.8576 -1.34192
0.018298 -0.00103033 0.023566
68
1
-0.302555 12.8327 -1.39887
-0.013361 0.0126789 0.0398445
69
1
-0.325937 12.799 -1.45432
0.0229481 0.0339306 0.026848
70
1
-0.351422 12.7767 -1.51831
0.0339311 0.00507191 0.0628322
71
1
-0.377751 12.758 -1.59281
0.014633 0.00133593 0.0679421
72
1
-0.404499 12.7389 -1.65956
0.0109253 0.0135579 0.0359542
73
1
-0.42438 12.7168 -1.71146
0.00955752 0.0141687 0.0199577
74
1
-0.446437 12.6899 -1.74895
0.0109992 0.0126068 0.0127835
75
1
-0.471881 12.6647 -1.77821
0.0137875 0.0127956 0.00937966
76
1
-0.49901 12.64 -1.80414
0.0128218 0.0129116 0.00669707
77
1
-0.53118 12.6143 -1.82729
0.0145155 0.0141413 0.00543333
78
1
-0.569191 12.5893 -1.8491
0.02167 0.0162512 0.0100247
79
1
-0.610929 12.5689 -1.87202
0.0235272 0.0094164 0.0151672
80
1
-0.653658 12.5553 -1.89439
0.0221911 0.00209869 0.0113721
81
1
-0.696181 12.5466 -1.91456
0.0228057 -0.00267445 0.00511989
82
1
-0.736789 12.5406 -1.9327
0.0184218 -0.00253858 0.00649123
83
1
-0.772336 12.5344 -1.95027
0.0148491 0.000462302 0.00704393
84
1
-0.806049 12.5259 -1.96917
0.014569 0.00405655 0.00464781
85
1
-0.838141 12.5124 -1.99227
0.0117844 0.00698346 0.00886113
86
1
-0.868446 12.4933 -2.02002
0.0116094 0.0120959 0.0158531
87
1
-0.897332 12.4669 -2.05432
0.0139589 0.0178871 0.0234825
88
1
-0.924048 12.4338 -2.09031
0.0116199 0.0164142 0.0192498
89
1
-0.944979 12.3951 -2.12549
0.0121098 0.0230524 0.0158484
90
1
-0.961405 12.3524 -2.15978
0.0135334 0.0330475 0.014634
91
1
-0.974256 12.3096 -2.19542
9.03111e-005 0.0188368 0.0147804
92
1
-0.981458 12.2725 -2.23538
-0.00499892 0.00725227 0.0152436
93
1
-0.98084 12.2325 -2.28747
0.0010187 0.0172244 0.0315663
94
1
-0.973249 12.1894 -2.35205
0.00408292 0.0284978 0.0427027
95
1
-0.95225 12.1531 -2.41871
-0.0197767 0.0103846 0.0285163
96
1
-0.913851 12.1267 -2.48464
-0.0282472 0.0078702 0.0324686
97
1
-0.86515 12.1025 -2.54709
-0.0278672 0.00671773 0.0274107
98
1
-0.814094 12.0738 -2.60586
-0.0197993 0.0148135 0.0219594
99
1
-0.741982 12.0216 -2.68438
-0.046138 0.0411721 0.0465833
100
1
-0.670458 11.966 -2.76862
-0.0361317 0.0292572 0.0442136
101
1
-0.608523 11.9189 -2.8599
-0.0273783 0.0184414 0.0523562
102
1
-0.549067 11.8913 -2.93859
-0.0167076 0.00855881 0.0167684
103
1
-0.430096 11.8649 -3.03965
-0.0643657 0.00453554 0.0410016
104
1
-0.201734 11.849 -3.15341
-0.074061 0.0030205 0.0240352
105
1
-0.244542 6.1093 -0.0564042
0.0326013 -0.0379444 0.00996616
106
1
-1.18447 12.2633 0.00216471
-0.0168925 0.0578851 -0.0493539
107
1
1.08107 12.3205 -0.0824502
0.00451258 -0.0384763 -0.0400428
108
1
0.245186 6.11011 -0.054338
0.0329905 0.0369512 -0.0082353
109
1
0.202993 11.8489 -3.1532
-0.0740574 -0.00298466 -0.0240508
110
1
0.431237 11.8647 -3.03926
-0.0643748 -0.00447892 -0.0410432
111
1
0.550162 11.891 -2.93813
-0.0167007 -0.00852219 -0.0167735
112
1
0.609569 11.9185 -2.85941
-0.0273602 -0.0183446 -0.0523813
113
1
0.671474 11.9654 -2.76812
-0.0361126 -0.0291712 -0.0442174
114
1
0.742976 12.0209 -2.68392
-0.0461501 -0.0410575 -0.0465496
115
1
0.815107 12.073 -2.60552
-0.0198284 -0.0147629 -0.0219029
116
1
0.866192 12.1017 -2.54697
-0.0279205 -0.00670593 -0.0272711
117
1
0.914888 12.1259 -2.48481
-0.0283226 -0.00785473 -0.0322555
118
1
0.95328 12.1523 -2.41923
-0.0199105 -0.0103347 -0.0283403
119
1
0.97431 12.1885 -2.353
0.00406703 -0.0285546 -0.0424284
120
1
0.981789 12.2315 -2.28895
0.00114243 -0.017203 -0.0313079
121
1
0.982102 12.2713 -2.23744
-0.00494872 -0.00707612 -0.0150974
122
1
0.974361 12.308 -2.19806
0.000252592 -0.0185229 -0.0144418
123
1
0.960913 12.3501 -2.16299
0.013943 -0.0325966 -0.0140579
124
1
0.943901 12.3919 -2.12925
0.0125397 -0.0225649 -0.0154337
125
1
0.922334 12.4297 -2.09449
0.0121616 -0.0160422 -0.0189415
126
1
0.895056 12.4616 -2.05877
0.0144547 -0.0173997 -0.0231794
127
1
0.865827 12.4865 -2.02467
0.0117688 -0.0115993 -0.0158286
128
1
0.83551 12.5041 -1.99697
0.0116392 -0.00646723 -0.00907139
129
1
0.803744 12.5161 -1.97379
0.014055 -0.00334824 -0.00486357
130
1
0.770609 12.5229 -1.95488
0.0145145 0.000458289 -0.00742196
131
1
0.735782 12.5275 -1.93726
0.0178331 0.00358932 -0.00656106
132
1
0.695921 12.5315 -1.91896
0.021552 0.00372525 -0.00451185
133
1
0.653838 12.5379 -1.89857
0.0218673 -0.000556186 -0.011817
134
1
0.611193 12.5488 -1.87577
0.0242785 -0.00742456 -0.016227
135
1
0.569367 12.5661 -1.85226
0.022544 -0.0146083 -0.0102291
136
1
0.531503 12.5884 -1.82983
0.0151487 -0.0132153 -0.00501117
137
1
0.49982 12.6113 -1.80622
0.0134168 -0.0122009 -0.00629637
138
1
0.474179 12.6332 -1.7797
0.0139278 -0.0119319 -0.00912333
139
1
0.451411 12.6554 -1.74975
0.0101477 -0.011558 -0.0127785
140
1
0.43341 12.6786 -1.7116
0.00691316 -0.0123579 -0.0208626
141
1
0.417908 12.6956 -1.65928
0.00575523 -0.00964451 -0.0380254
142
1
0.399529 12.7108 -1.59196
0.00801905 0.00424274 -0.0690975
143
1
0.381881 12.7255 -1.51958
0.0272362 -0.00529213 -0.0561143
144
1
0.364014 12.7458 -1.4545
0.0132006 -0.0328721 -0.0297433
145
1
0.35201 12.7793 -1.39162
-0.015747 -0.0079594 -0.0473554
146
1
0.355248 12.8025 -1.3349
0.0159662 -0.00340736 -0.0197741
147
1
0.361171 12.8274 -1.27348
-0.014408 -0.0457615 -0.0574072
148
1
0.370373 12.8722 -1.18149
-0.0379625 0.00990678 -0.0673243
149
1
0.380146 12.8962 -1.11185
0.0357581 -0.0099554 0.0373069
150
1
0.416466 12.9495 -1.03376
-0.0593302 -0.0209227 -0.0459784
151
1
0.451659 12.9805 -1.00918
-0.00752779 -0.00825732 -0.0202171
152
1
0.505166 13.0586 -0.993166
-0.00467238 -0.00119732 0.0119362
153
1
-0.227144 14.2458 -1.27655
-0.0374167 -0.0425181 0.0535168
154
1
0.137112 13.8283 -0.00703208
0.0209409 0.0258941 0.0190297
155
1
0.0293125 15.5879 -0.0606916
-0.0726629 0.0191745 -0.0205983
156
1
0.123471 13.8289 0.0508642
-0.0215606 -0.0277588 0.0092261
157
1
0.0890791 14.2855 1.23537
-0.0560324 -0.0334704 0.0425671
158
1
0.407545 13.0725 0.95404
0.00874635 0.00287472 0.0100266
159
1
0.347219 12.9987 0.992119
0.00518502 0.0074584 -0.0296296
160
1
0.31633 12.9717 1.03936
0.0508154 0.0184264 -0.0561258
161
1
0.293801 12.927 1.13715
-0.035381 0.00615661 0.0371497
162
1
0.291681 12.9173 1.20746
0.0354377 -0.012031 -0.0683467
163
1
0.299038 12.8794 1.28567
0.00382282 0.0369423 -0.0358594
164
1
0.300543 12.8576 1.34193
-0.0182983 -0.00103001 -0.0235661
165
1
0.302545 12.8327 1.39888
0.0133603 0.012679 -0.0398453
166
1
0.325928 12.7991 1.45433
-0.0229482 0.03393 -0.0268478
167
1
0.351414 12.7767 1.51832
-0.033932 0.00507136 -0.0628308
168
1
0.377745 12.758 1.59282
-0.0146348 0.0013354 -0.0679417
169
1
0.404495 12.7389 1.65957
-0.0109266 0.0135577 -0.0359539
170
1
0.424377 12.7168 1.71147
-0.00955833 0.0141686 -0.0199574
171
1
0.446435 12.6899 1.74896
-0.0109998 0.0126068 -0.0127832
172
1
0.47188 12.6647 1.77822
-0.0137879 0.0127956 -0.00937942
173
1
0.499011 12.64 1.80415
-0.012822 0.0129115 -0.00669682
174
1
0.531182 12.6143 1.8273
-0.0145156 0.0141412 -0.00543306
175
1
0.569193 12.5893 1.84911
-0.0216701 0.0162513 -0.0100243
176
1
0.610931 12.5689 1.87203
-0.0235273 0.00941664 -0.0151668
177
1
0.653661 12.5553 1.8944
-0.0221913 0.00209893 -0.0113719
178
1
0.696184 12.5466 1.91457
-0.0228061 -0.0026743 -0.00511997
179
1
0.736793 12.5406 1.93271
-0.0184219 -0.0025384 -0.0064911
180
1
0.77234 12.5344 1.95027
-0.0148492 0.000462468 -0.00704374
181
1
0.806053 12.5259 1.96918
-0.0145691 0.00405669 -0.00464767
182
1
0.838144 12.5124 1.99227
-0.0117844 0.0069836 -0.00886099
183
1
0.86845 12.4933 2.02002
-0.0116094 0.0120961 -0.0158529
184
1
0.897336 12.4669 2.05433
-0.0139587 0.0178873 -0.0234822
185
1
0.924052 12.4338 2.09032
-0.0116198 0.0164144 -0.0192496
186
1
0.944983 12.3951 2.12549
-0.0121097 0.0230526 -0.0158483
187
1
0.961408 12.3524 2.15979
-0.0135333 0.0330477 -0.0146339
188
1
0.974259 12.3096 2.19543
-9.02186e-005 0.0188368 -0.0147803
189
1
0.981461 12.2725 2.23538
0.00499899 0.00725226 -0.0152435
190
1
0.980842 12.2325 2.28748
-0.00101855 0.0172244 -0.0315662
191
1
0.973251 12.1894 2.35206
-0.00408272 0.0284979 -0.0427025
192
1
0.952251 12.1531 2.41871
0.0197768 0.0103846 -0.0285162
193
1
0.913852 12.1267 2.48464
0.0282473 0.00787018 -0.0324685
