194
0
1
0.903052 4.69152 0.670835
0.0375357 -0.0189912 0.0272223
1
1
0.831826 4.73225 0.613365
0.0368838 -0.020495 0.0307645
2
1
0.7614 4.77826 0.547356
0.0362694 -0.0239081 0.0342886
3
1
0.694555 4.83104 0.474254
0.0318161 -0.0283031 0.0388401
4
1
0.632115 4.89496 0.39537
0.0291409 -0.035521 0.0408804
5
1
0.574874 4.97345 0.31456
0.025233 -0.0440887 0.0414671
6
1
0.520099 5.06936 0.235203
0.0257276 -0.0556895 0.0401362
7
1
0.458272 5.18438 0.162418
0.0307603 -0.0643218 0.0314382
8
1
0.356784 5.31647 0.10585
0.0512009 -0.0575004 0.0120012
9
1
0.14855 5.43764 0.0794401
0.0749159 -0.0213283 -0.00213585
10
1
-0.14855 5.43764 0.0794401
0.0749159 0.0213283 0.00213585
11
1
-0.356784 5.31647 0.10585
0.0512009 0.0575004 -0.0120012
12
1
-0.458272 5.18438 0.162418
0.0307603 0.0643218 -0.0314382
13
1
-0.520099 5.06936 0.235203
0.0257276 0.0556895 -0.0401362
14
1
-0.574874 4.97345 0.31456
0.025233 0.0440887 -0.0414671
15
1
-0.632115 4.89496 0.39537
0.0291409 0.035521 -0.0408804
16
1
-0.694555 4.83104 0.474254
0.0318161 0.0283031 -0.0388401
17
1
-0.7614 4.77826 0.547356
0.0362694 0.0239081 -0.0342886
18
1
-0.831826 4.73225 0.613365
0.0368838 0.020495 -0.0307645
19
1
-0.903052 4.69152 0.670835
0.0375357 0.0189912 -0.0272223
20
1
-0.973533 4.65616 0.720207
0.0359594 0.0159137 -0.0235438
21
1
-1.04193 4.62665 0.763265
0.0327132 0.0129955 -0.0211899
22
1
-1.10762 4.60281 0.80197
0.0322555 0.0111634 -0.0193421
23
1
-1.17155 4.58415 0.837646
0.0301437 0.0080766 -0.0173553
24
1
-1.23377 4.57024 0.869935
0.0297484 0.00578364 -0.0161924
25
1
-1.29513 4.5602 0.897927
0.0302252 0.00438359 -0.0136532
26
1
-1.35596 4.55327 0.920979
0.0291754 0.0026914 -0.0105208
27
1
-1.41614 4.54902 0.939235
0.029344 0.00149754 -0.0076167
28
1
-1.47618 4.54611 0.952779
0.0303533 0.00108798 -0.00505217
29
1
-1.53628 4.54349 0.962102
0.0299149 0.000803671 -0.00287985
30
1
-1.59636 4.54092 0.967087
0.0296027 0.000975839 -0.00068479
31
1
-1.65643 4.53819 0.967501
0.0301483 0.00165085 0.00150757
32
1
-1.71642 4.53527 0.964249
0.030155 0.00153432 0.00301546
33
1
-1.77613 4.53245 0.958527
0.0297498 0.000915481 0.00385481
34
1
-1.83529 4.52985 0.951065
0.0296448 0.00127186 0.00407226
35
1
-1.89357 4.52739 0.941893
0.0290673 0.00194066 0.00403943
36
1
-1.95065 4.52525 0.931265
0.0276434 0.00175387 0.00433882
37
1
-2.00693 4.52394 0.919325
0.0269238 0.00135705 0.00516451
38
1
-2.0632 4.5238 0.905687
0.027685 0.00123502 0.00648603
39
1
-2.11955 4.52439 0.889775
0.0283406 0.000524844 0.00813601
40
1
-2.17519 4.52535 0.871232
0.0278278 -0.000833822 0.0102005
41
1
-2.22938 4.5265 0.849485
0.026977 -0.0016511 0.0123699
42
1
-2.282 4.52783 0.824105
0.0261445 -0.0016572 0.0143387
43
1
-2.33277 4.52928 0.794112
0.0251533 -0.00143752 0.0165965
44
1
-2.38188 4.53108 0.759393
0.024358 -0.00141621 0.0191375
45
1
-2.4298 4.53368 0.720153
0.0241184 -0.00167719 0.021221
46
1
-2.47646 4.53716 0.67691
0.0236657 -0.00229435 0.0230838
47
1
-2.52106 4.54187 0.630166
0.0222761 -0.00338378 0.0253449
48
1
-2.56277 4.54762 0.580265
0.0207018 -0.00414149 0.0273069
49
1
-2.60128 4.55311 0.527738
0.0194174 -0.00356451 0.0284831
50
1
-2.63593 4.55741 0.473197
0.0178002 -0.00249001 0.0289181
51
1
-2.66652 4.56057 0.417312
0.0155339 -0.00181445 0.0292708
52
1
-2.69299 4.56267 0.360035
0.0128563 -0.000813098 0.0297934
53
1
-2.71522 4.56378 0.30141
0.0103147 0.000744467 0.0304502
54
1
-2.73341 4.5636 0.241785
0.00826801 0.00204299 0.0310153
55
1
-2.74761 4.5624 0.181523
0.00651825 0.00234451 0.0313008
56
1
-2.7579 4.56059 0.121065
0.00452042 0.00178717 0.0311664
57
1
-2.764 4.55898 0.0605171
0.00221276 0.000861714 0.0307139
58
1
-2.76611 4.55843 -3.4592e-015
8.5643e-017 3.00637e-017 0.0304568
59
1
-2.764 4.55898 -0.0605171
-0.00221276 -0.000861714 0.0307139
60
1
-2.7579 4.56059 -0.121065
-0.00452042 -0.00178717 0.0311664
61
1
-2.74761 4.5624 -0.181523
-0.00651825 -0.00234451 0.0313008
62
1
-2.73341 4.5636 -0.241785
-0.00826801 -0.00204299 0.0310153
63
1
-2.71522 4.56378 -0.30141
-0.0103147 -0.000744467 0.0304502
64
1
-2.69299 4.56267 -0.360035
-0.0128563 0.000813098 0.0297934
65
1
-2.66652 4.56057 -0.417312
-0.0155339 0.00181445 0.0292708
66
1
-2.63593 4.55741 -0.473197
-0.0178002 0.00249001 0.0289181
67
1
-2.60128 4.55311 -0.527738
-0.0194174 0.00356451 0.0284831
68
1
-2.56277 4.54762 -0.580265
-0.0207018 0.00414149 0.0273069
69
1
-2.52106 4.54187 -0.630166
-0.0222761 0.00338378 0.0253449
70
1
-2.47646 4.53716 -0.67691
-0.0236657 0.00229435 0.0230838
71
1
-2.4298 4.53368 -0.720153
-0.0241184 0.00167719 0.021221
72
1
-2.38188 4.53108 -0.759393
-0.024358 0.00141621 0.0191375
73
1
-2.33277 4.52928 -0.794112
-0.0251533 0.00143752 0.0165965
74
1
-2.282 4.52783 -0.824105
-0.0261445 0.0016572 0.0143387
75
1
-2.22938 4.5265 -0.849485
-0.026977 0.0016511 0.0123699
76
1
-2.17519 4.52535 -0.871232
-0.0278278 0.000833822 0.0102005
77
1
-2.11955 4.52439 -0.889775
-0.0283406 -0.000524844 0.00813601
78
1
-2.0632 4.5238 -0.905687
-0.027685 -0.00123502 0.00648603
79
1
-2.00693 4.52394 -0.919325
-0.0269238 -0.00135705 0.00516451
80
1
-1.95065 4.52525 -0.931265
-0.0276434 -0.00175387 0.00433882
81
1
-1.89357 4.52739 -0.941893
-0.0290673 -0.00194066 0.00403943
82
1
-1.83529 4.52985 -0.951065
-0.0296448 -0.00127186 0.00407226
83
1
-1.77613 4.53245 -0.958527
-0.0297498 -0.000915481 0.00385481
84
1
-1.71642 4.53527 -0.964249
-0.030155 -0.00153432 0.00301546
85
1
-1.65643 4.53819 -0.967501
-0.0301483 -0.00165085 0.00150757
86
1
-1.59636 4.54092 -0.967087
-0.0296027 -0.000975839 -0.00068479
87
1
-1.53628 4.54349 -0.962102
-0.0299149 -0.000803671 -0.00287985
88
1
-1.47618 4.54611 -0.952779
-0.0303533 -0.00108798 -0.00505217
89
1
-1.41614 4.54902 -0.939235
-0.029344 -0.00149754 -0.0076167
90
1
-1.35596 4.55327 -0.920979
-0.0291754 -0.0026914 -0.0105208
91
1
-1.29513 4.5602 -0.897927
-0.0302252 -0.00438359 -0.0136532
92
1
-1.23377 4.57024 -0.869935
-0.0297484 -0.00578364 -0.0161924
93
1
-1.17155 4.58415 -0.837646
-0.0301437 -0.0080766 -0.0173553
94
1
-1.10762 4.60281 -0.80197
-0.0322555 -0.0111634 -0.0193421
95
1
-1.04193 4.62665 -0.763265
-0.0327132 -0.0129955 -0.0211899
96
1
-0.973533 4.65616 -0.720207
-0.0359594 -0.0159137 -0.0235438
97
1
-0.903052 4.69152 -0.670835
-0.0375357 -0.0189912 -0.0272223
98
1
-0.831826 4.73225 -0.613365
-0.0368838 -0.020495 -0.0307645
99
1
-0.7614 4.77826 -0.547356
-0.0362694 -0.0239081 -0.0342886
100
1
-0.694555 4.83104 -0.474254
-0.0318161 -0.0283031 -0.0388401
101
1
-0.632115 4.89496 -0.39537
-0.0291409 -0.035521 -0.0408804
102
1
-0.574874 4.97345 -0.31456
-0.025233 -0.0440887 -0.0414671
103
1
-0.520099 5.06936 -0.235203
-0.0257276 -0.0556895 -0.0401362
104
1
-0.458272 5.18438 -0.162418
-0.0307603 -0.0643218 -0.0314382
105
1
-0.356784 5.31647 -0.10585
-0.0512009 -0.0575004 -0.0120012
106
1
-0.14855 5.43764 -0.0794401
-0.0749159 -0.0213283 0.00213585
107
1
0.14855 5.43764 -0.0794401
-0.0749159 0.0213283 -0.00213585
108
1
0.356784 5.31647 -0.10585
-0.0512009 0.0575004 0.0120012
109
1
0.458272 5.18438 -0.162418
-0.0307603 0.0643218 0.0314382
110
1
0.520099 5.06936 -0.235203
-0.0257276 0.0556895 0.0401362
111
1
0.574874 4.97345 -0.31456
-0.025233 0.0440887 0.0414671
112
1
0.632115 4.89496 -0.39537
-0.0291409 0.035521 0.0408804
113
1
0.694555 4.83104 -0.474254
-0.0318161 0.0283031 0.0388401
114
1
0.7614 4.77826 -0.547356
-0.0362694 0.0239081 0.0342886
115
1
0.831826 4.73225 -0.613365
-0.0368838 0.020495 0.0307645
116
1
0.903052 4.69152 -0.670835
-0.0375357 0.0189912 0.0272223
117
1
0.973533 4.65616 -0.720207
-0.0359594 0.0159137 0.0235438
118
1
1.04193 4.62665 -0.763265
-0.0327132 0.0129955 0.0211899
119
1
1.10762 4.60281 -0.80197
-0.0322555 0.0111634 0.0193421
120
1
1.17155 4.58415 -0.837646
-0.0301437 0.0080766 0.0173553
121
1
1.23377 4.57024 -0.869935
-0.0297484 0.00578364 0.0161924
122
1
1.29513 4.5602 -0.897927
-0.0302252 0.00438359 0.0136532
123
1
1.35596 4.55327 -0.920979
-0.0291754 0.0026914 0.0105208
124
1
1.41614 4.54902 -0.939235
-0.029344 0.00149754 0.0076167
125
1
1.47618 4.54611 -0.952779
-0.0303533 0.00108798 0.00505217
126
1
1.53628 4.54349 -0.962102
-0.0299149 0.000803671 0.00287985
127
1
1.59636 4.54092 -0.967087
-0.0296027 0.000975839 0.00068479
128
1
1.65643 4.53819 -0.967501
-0.0301483 0.00165085 -0.00150757
129
1
1.71642 4.53527 -0.964249
-0.030155 0.00153432 -0.00301546
130
1
1.77613 4.53245 -0.958527
-0.0297498 0.000915481 -0.00385481
131
1
1.83529 4.52985 -0.951065
-0.0296448 0.00127186 -0.00407226
132
1
1.89357 4.52739 -0.941893
-0.0290673 0.00194066 -0.00403943
133
1
1.95065 4.52525 -0.931265
-0.0276434 0.00175387 -0.00433882
134
1
2.00693 4.52394 -0.919325
-0.0269238 0.00135705 -0.00516451
135
1
2.0632 4.5238 -0.905687
-0.027685 0.00123502 -0.00648603
136
1
2.11955 4.52439 -0.889775
-0.0283406 0.000524844 -0.00813601
137
1
2.17519 4.52535 -0.871232
-0.0278278 -0.000833822 -0.0102005
138
1
2.22938 4.5265 -0.849485
-0.026977 -0.0016511 -0.0123699
139
1
2.282 4.52783 -0.824105
-0.0261445 -0.0016572 -0.0143387
140
1
2.33277 4.52928 -0.794112
-0.0251533 -0.00143752 -0.0165965
141
1
2.38188 4.53108 -0.759393
-0.024358 -0.00141621 -0.0191375
142
1
2.4298 4.53368 -0.720153
-0.0241184 -0.00167719 -0.021221
143
1
2.47646 4.53716 -0.67691
-0.0236657 -0.00229435 -0.0230838
144
1
2.52106 4.54187 -0.630166
-0.0222761 -0.00338378 -0.0253449
145
1
2.56277 4.54762 -0.580265
-0.0207018 -0.00414149 -0.0273069
146
1
2.60128 4.55311 -0.527738
-0.0194174 -0.00356451 -0.0284831
147
1
2.63593 4.55741 -0.473197
-0.0178002 -0.00249001 -0.0289181
148
1
2.66652 4.56057 -0.417312
-0.0155339 -0.00181445 -0.0292708
149
1
2.69299 4.56267 -0.360035
-0.0128563 -0.000813098 -0.0297934
150
1
2.71522 4.56378 -0.30141
-0.0103147 0.000744467 -0.0304502
151
1
2.73341 4.5636 -0.241785
-0.00826801 0.00204299 -0.0310153
152
1
2.74761 4.5624 -0.181523
-0.00651825 0.00234451 -0.0313008
153
1
2.7579 4.56059 -0.121065
-0.00452042 0.00178717 -0.0311664
154
1
2.764 4.55898 -0.0605171
-0.00221276 0.000861714 -0.0307139
155
1
2.76611 4.55843 -5.2849e-015
2.62548e-016 2.82062e-016 -0.0304568
156
1
2.764 4.55898 0.0605171
0.00221276 -0.000861714 -0.0307139
157
1
2.7579 4.56059 0.121065
0.00452042 -0.00178717 -0.0311664
158
1
2.74761 4.5624 0.181523
0.00651825 -0.00234451 -0.0313008
159
1
2.73341 4.5636 0.241785
0.00826801 -0.00204299 -0.0310153
160
1
2.71522 4.56378 0.30141
0.0103147 -0.000744467 -0.0304502
161
1
2.69299 4.56267 0.360035
0.0128563 0.000813098 -0.0297934
162
1
2.66652 4.56057 0.417312
0.0155339 0.00181445 -0.0292708
163
1
2.63593 4.55741 0.473197
0.0178002 0.00249001 -0.0289181
164
1
2.60128 4.55311 0.527738
0.0194174 0.00356451 -0.0284831
165
1
2.56277 4.54762 0.580265
0.0207018 0.00414149 -0.0273069
166
1
2.52106 4.54187 0.630166
0.0222761 0.00338378 -0.0253449
167
1
2.47646 4.53716 0.67691
0.0236657 0.00229435 -0.0230838
168
1
2.4298 4.53368 0.720153
0.0241184 0.00167719 -0.021221
169
1
2.38188 4.53108 0.759393
0.024358 0.00141621 -0.0191375
170
1
2.33277 4.52928 0.794112
0.0251533 0.00143752 -0.0165965
171
1
2.282 4.52783 0.824105
0.0261445 0.0016572 -0.0143387
172
1
2.22938 4.5265 0.849485
0.026977 0.0016511 -0.0123699
173
1
2.17519 4.52535 0.871232
0.0278278 0.000833822 -0.0102005
174
1
2.11955 4.52439 0.889775
0.0283406 -0.000524844 -0.00813601
175
1
2.0632 4.5238 0.905687
0.027685 -0.00123502 -0.00648603
176
1
2.00693 4.52394 0.919325
0.0269238 -0.00135705 -0.00516451
177
1
1.95065 4.52525 0.931265
0.0276434 -0.00175387 -0.00433882
178
1
1.89357 4.52739 0.941893
0.0290673 -0.00194066 -0.00403943
179
1
1.83529 4.52985 0.951065
0.0296448 -0.00127186 -0.00407226
180
1
1.77613 4.53245 0.958527
0.0297498 -0.000915481 -0.00385481
181
1
1.71642 4.53527 0.964249
0.030155 -0.00153432 -0.00301546
182
1
1.65643 4.53819 0.967501
0.0301483 -0.00165085 -0.00150757
183
1
1.59636 4.54092 0.967087
0.0296027 -0.000975839 0.00068479
184
1
1.53628 4.54349 0.962102
0.0299149 -0.000803671 0.00287985
185
1
1.47618 4.54611 0.952779
0.0303533 -0.00108798 0.00505217
186
1
1.41614 4.54902 0.939235
0.029344 -0.00149754 0.0076167
187
1
1.35596 4.55327 0.920979
0.0291754 -0.0026914 0.0105208
188
1
1.29513 4.5602 0.897927
0.0302252 -0.00438359 0.0136532
189
1
1.23377 4.57024 0.869935
0.0297484 -0.00578364 0.0161924
190
1
1.17155 4.58415 0.837646
0.0301437 -0.0080766 0.0173553
191
1
1.10762 4.60281 0.80197
0.0322555 -0.0111634 0.0193421
192
1
1.04193 4.62665 0.763265
0.0327132 -0.0129955 0.0211899
193
1
0.973533 4.65616 0.720207
0.0359594 -0.0159137 0.0235438
