194
0
1
0.951291 3.46405 0.861866
0.0343166 -0.0256201 -0.0222608
1
1
0.879778 3.51192 0.903338
0.0385062 -0.023792 -0.0211064
2
1
0.799599 3.55694 0.942998
0.0423054 -0.0220047 -0.0191738
3
1
0.711201 3.59829 0.979568
0.0468042 -0.0196271 -0.0171929
4
1
0.61511 3.63477 1.01268
0.0495998 -0.0169046 -0.0154701
5
1
0.512392 3.66585 1.04156
0.0522237 -0.0143886 -0.0133391
6
1
0.404388 3.69101 1.06617
0.0547869 -0.011409 -0.0116689
7
1
0.292144 3.70985 1.08578
0.0568953 -0.00783421 -0.00861397
8
1
0.176597 3.72214 1.09893
0.0583693 -0.00423583 -0.00479635
9
1
0.059098 3.72844 1.10547
0.0591078 -0.00149183 -0.00152205
10
1
-0.059098 3.72844 1.10547
0.0591078 0.00149183 0.00152205
11
1
-0.176597 3.72214 1.09893
0.0583693 0.00423583 0.00479635
12
1
-0.292144 3.70985 1.08578
0.0568953 0.00783421 0.00861397
13
1
-0.404388 3.69101 1.06617
0.0547869 0.011409 0.0116689
14
1
-0.512392 3.66585 1.04156
0.0522237 0.0143886 0.0133391
15
1
-0.61511 3.63477 1.01268
0.0495998 0.0169046 0.0154701
16
1
-0.711201 3.59829 0.979568
0.0468042 0.0196271 0.0171929
17
1
-0.799599 3.55694 0.942998
0.0423054 0.0220047 0.0191738
18
1
-0.879778 3.51192 0.903338
0.0385062 0.023792 0.0211064
19
1
-0.951291 3.46405 0.861866
0.0343166 0.0256201 0.0222608
20
1
-1.01403 3.41437 0.820361
0.0293437 0.0258798 0.0215286
21
1
-1.06899 3.36299 0.780463
0.0258901 0.0260062 0.0200346
22
1
-1.11702 3.3104 0.743775
0.0225325 0.026411 0.0177539
23
1
-1.15917 3.25653 0.710902
0.0194298 0.0266306 0.0160286
24
1
-1.19594 3.20212 0.682283
0.0167966 0.0271255 0.0135542
25
1
-1.22783 3.14717 0.658041
0.0142815 0.0276026 0.0111231
26
1
-1.25552 3.09184 0.638537
0.0116344 0.0274616 0.00893411
27
1
-1.28017 3.03696 0.623613
0.00999793 0.0271445 0.00642628
28
1
-1.30255 2.98264 0.61325
0.00932194 0.027008 0.00369508
29
1
-1.32405 2.92927 0.607737
0.00897194 0.0263734 0.00128846
30
1
-1.34618 2.87763 0.606345
0.00946099 0.0252476 -0.000739215
31
1
-1.36982 2.82797 0.607974
0.0110165 0.0241662 -0.00251984
32
1
-1.39542 2.78022 0.611889
0.0128214 0.0231818 -0.00386912
33
1
-1.42355 2.7345 0.617458
0.0144942 0.0220929 -0.00460674
34
1
-1.45466 2.69102 0.623581
0.0162513 0.0208533 -0.00479187
35
1
-1.48852 2.64981 0.629182
0.0176611 0.0192505 -0.00466362
36
1
-1.52463 2.61094 0.633862
0.0184092 0.0174628 -0.00450916
37
1
-1.56294 2.5744 0.637527
0.0194215 0.0161458 -0.00400247
38
1
-1.60373 2.53985 0.639344
0.0210348 0.0157454 -0.00231659
39
1
-1.64646 2.50653 0.638029
0.0220347 0.01618 0.000584485
40
1
-1.68962 2.47359 0.632916
0.0218344 0.0167423 0.00357656
41
1
-1.7322 2.44081 0.624147
0.0211796 0.0166944 0.00591451
42
1
-1.77391 2.40828 0.611598
0.0206506 0.0160961 0.00787077
43
1
-1.81523 2.37641 0.59508
0.0204142 0.0156135 0.010038
44
1
-1.85634 2.34516 0.573679
0.0203981 0.0155989 0.0126377
45
1
-1.89741 2.3144 0.547304
0.0206181 0.0156464 0.0152003
46
1
-1.93853 2.28449 0.516792
0.0210103 0.0150439 0.0171131
47
1
-1.97996 2.25634 0.483595
0.0214645 0.0136607 0.0183043
48
1
-2.02168 2.23103 0.448564
0.0218117 0.0118186 0.0190407
49
1
-2.06287 2.20907 0.411832
0.0217748 0.00997213 0.0196061
50
1
-2.1021 2.19049 0.373276
0.0207974 0.00850647 0.0200683
51
1
-2.13821 2.17461 0.332791
0.018899 0.00737297 0.0209196
52
1
-2.17026 2.16059 0.289917
0.0164393 0.0062426 0.0222132
53
1
-2.19756 2.14839 0.244708
0.0138003 0.00507308 0.0235602
54
1
-2.21993 2.13774 0.197726
0.011067 0.00396688 0.0246395
55
1
-2.23725 2.12868 0.149403
0.00811075 0.00285771 0.0254031
56
1
-2.24942 2.12148 0.100118
0.00504247 0.00169767 0.02572
57
1
-2.2565 2.1168 0.0502042
0.00229614 0.000672267 0.0255825
58
1
-2.25894 2.11513 -2.20755e-015
2.54862e-016 -2.84878e-016 0.0254361
59
1
-2.2565 2.1168 -0.0502042
-0.00229614 -0.000672267 0.0255825
60
1
-2.24942 2.12148 -0.100118
-0.00504247 -0.00169767 0.02572
61
1
-2.23725 2.12868 -0.149403
-0.00811075 -0.00285771 0.0254031
62
1
-2.21993 2.13774 -0.197726
-0.011067 -0.00396688 0.0246395
63
1
-2.19756 2.14839 -0.244708
-0.0138003 -0.00507308 0.0235602
64
1
-2.17026 2.16059 -0.289917
-0.0164393 -0.0062426 0.0222132
65
1
-2.13821 2.17461 -0.332791
-0.018899 -0.00737297 0.0209196
66
1
-2.1021 2.19049 -0.373276
-0.0207974 -0.00850647 0.0200683
67
1
-2.06287 2.20907 -0.411832
-0.0217748 -0.00997213 0.0196061
68
1
-2.02168 2.23103 -0.448564
-0.0218117 -0.0118186 0.0190407
69
1
-1.97996 2.25634 -0.483595
-0.0214645 -0.0136607 0.0183043
70
1
-1.93853 2.28449 -0.516792
-0.0210103 -0.0150439 0.0171131
71
1
-1.89741 2.3144 -0.547304
-0.0206181 -0.0156464 0.0152003
72
1
-1.85634 2.34516 -0.573679
-0.0203981 -0.0155989 0.0126377
73
1
-1.81523 2.37641 -0.59508
-0.0204142 -0.0156135 0.010038
74
1
-1.77391 2.40828 -0.611598
-0.0206506 -0.0160961 0.00787077
75
1
-1.7322 2.44081 -0.624147
-0.0211796 -0.0166944 0.00591451
76
1
-1.68962 2.47359 -0.632916
-0.0218344 -0.0167423 0.00357656
77
1
-1.64646 2.50653 -0.638029
-0.0220347 -0.01618 0.000584485
78
1
-1.60373 2.53985 -0.639344
-0.0210348 -0.0157454 -0.00231659
79
1
-1.56294 2.5744 -0.637527
-0.0194215 -0.0161458 -0.00400247
80
1
-1.52463 2.61094 -0.633862
-0.0184092 -0.0174628 -0.00450916
81
1
-1.48852 2.64981 -0.629182
-0.0176611 -0.0192505 -0.00466362
82
1
-1.45466 2.69102 -0.623581
-0.0162513 -0.0208533 -0.00479187
83
1
-1.42355 2.7345 -0.617458
-0.0144942 -0.0220929 -0.00460674
84
1
-1.39542 2.78022 -0.611889
-0.0128214 -0.0231818 -0.00386912
85
1
-1.36982 2.82797 -0.607974
-0.0110165 -0.0241662 -0.00251984
86
1
-1.34618 2.87763 -0.606345
-0.00946099 -0.0252476 -0.000739215
87
1
-1.32405 2.92927 -0.607737
-0.00897194 -0.0263734 0.00128846
88
1
-1.30255 2.98264 -0.61325
-0.00932194 -0.027008 0.00369508
89
1
-1.28017 3.03696 -0.623613
-0.00999793 -0.0271445 0.00642628
90
1
-1.25552 3.09184 -0.638537
-0.0116344 -0.0274616 0.00893411
91
1
-1.22783 3.14717 -0.658041
-0.0142815 -0.0276026 0.0111231
92
1
-1.19594 3.20212 -0.682283
-0.0167966 -0.0271255 0.0135542
93
1
-1.15917 3.25653 -0.710902
-0.0194298 -0.0266306 0.0160286
94
1
-1.11702 3.3104 -0.743775
-0.0225325 -0.026411 0.0177539
95
1
-1.06899 3.36299 -0.780463
-0.0258901 -0.0260062 0.0200346
96
1
-1.01403 3.41437 -0.820361
-0.0293437 -0.0258798 0.0215286
97
1
-0.951291 3.46405 -0.861866
-0.0343166 -0.0256201 0.0222608
98
1
-0.879778 3.51192 -0.903338
-0.0385062 -0.023792 0.0211064
99
1
-0.799599 3.55694 -0.942998
-0.0423054 -0.0220047 0.0191738
100
1
-0.711201 3.59829 -0.979568
-0.0468042 -0.0196271 0.0171929
101
1
-0.61511 3.63477 -1.01268
-0.0495998 -0.0169046 0.0154701
102
1
-0.512392 3.66585 -1.04156
-0.0522237 -0.0143886 0.0133391
103
1
-0.404388 3.69101 -1.06617
-0.0547869 -0.011409 0.0116689
104
1
-0.292144 3.70985 -1.08578
-0.0568953 -0.00783421 0.00861397
105
1
-0.176597 3.72214 -1.09893
-0.0583693 -0.00423583 0.00479635
106
1
-0.059098 3.72844 -1.10547
-0.0591078 -0.00149183 0.00152205
107
1
0.059098 3.72844 -1.10547
-0.0591078 0.00149183 -0.00152205
108
1
0.176597 3.72214 -1.09893
-0.0583693 0.00423583 -0.00479635
109
1
0.292144 3.70985 -1.08578
-0.0568953 0.00783421 -0.00861397
110
1
0.404388 3.69101 -1.06617
-0.0547869 0.011409 -0.0116689
111
1
0.512392 3.66585 -1.04156
-0.0522237 0.0143886 -0.0133391
112
1
0.61511 3.63477 -1.01268
-0.0495998 0.0169046 -0.0154701
113
1
0.711201 3.59829 -0.979568
-0.0468042 0.0196271 -0.0171929
114
1
0.799599 3.55694 -0.942998
-0.0423054 0.0220047 -0.0191738
115
1
0.879778 3.51192 -0.903338
-0.0385062 0.023792 -0.0211064
116
1
0.951291 3.46405 -0.861866
-0.0343166 0.0256201 -0.0222608
117
1
1.01403 3.41437 -0.820361
-0.0293437 0.0258798 -0.0215286
118
1
1.06899 3.36299 -0.780463
-0.0258901 0.0260062 -0.0200346
119
1
1.11702 3.3104 -0.743775
-0.0225325 0.026411 -0.0177539
120
1
1.15917 3.25653 -0.710902
-0.0194298 0.0266306 -0.0160286
121
1
1.19594 3.20212 -0.682283
-0.0167966 0.0271255 -0.0135542
122
1
1.22783 3.14717 -0.658041
-0.0142815 0.0276026 -0.0111231
123
1
1.25552 3.09184 -0.638537
-0.0116344 0.0274616 -0.00893411
124
1
1.28017 3.03696 -0.623613
-0.00999793 0.0271445 -0.00642628
125
1
1.30255 2.98264 -0.61325
-0.00932194 0.027008 -0.00369508
126
1
1.32405 2.92927 -0.607737
-0.00897194 0.0263734 -0.00128846
127
1
1.34618 2.87763 -0.606345
-0.00946099 0.0252476 0.000739215
128
1
1.36982 2.82797 -0.607974
-0.0110165 0.0241662 0.00251984
129
1
1.39542 2.78022 -0.611889
-0.0128214 0.0231818 0.00386912
130
1
1.42355 2.7345 -0.617458
-0.0144942 0.0220929 0.00460674
131
1
1.45466 2.69102 -0.623581
-0.0162513 0.0208533 0.00479187
132
1
1.48852 2.64981 -0.629182
-0.0176611 0.0192505 0.00466362
133
1
1.52463 2.61094 -0.633862
-0.0184092 0.0174628 0.00450916
134
1
1.56294 2.5744 -0.637527
-0.0194215 0.0161458 0.00400247
135
1
1.60373 2.53985 -0.639344
-0.0210348 0.0157454 0.00231659
136
1
1.64646 2.50653 -0.638029
-0.0220347 0.01618 -0.000584485
137
1
1.68962 2.47359 -0.632916
-0.0218344 0.0167423 -0.00357656
138
1
1.7322 2.44081 -0.624147
-0.0211796 0.0166944 -0.00591451
139
1
1.77391 2.40828 -0.611598
-0.0206506 0.0160961 -0.00787077
140
1
1.81523 2.37641 -0.59508
-0.0204142 0.0156135 -0.010038
141
1
1.85634 2.34516 -0.573679
-0.0203981 0.0155989 -0.0126377
142
1
1.89741 2.3144 -0.547304
-0.0206181 0.0156464 -0.0152003
143
1
1.93853 2.28449 -0.516792
-0.0210103 0.0150439 -0.0171131
144
1
1.97996 2.25634 -0.483595
-0.0214645 0.0136607 -0.0183043
145
1
2.02168 2.23103 -0.448564
-0.0218117 0.0118186 -0.0190407
146
1
2.06287 2.20907 -0.411832
-0.0217748 0.00997213 -0.0196061
147
1
2.1021 2.19049 -0.373276
-0.0207974 0.00850647 -0.0200683
148
1
2.13821 2.17461 -0.332791
-0.018899 0.00737297 -0.0209196
149
1
2.17026 2.16059 -0.289917
-0.0164393 0.0062426 -0.0222132
150
1
2.19756 2.14839 -0.244708
-0.0138003 0.00507308 -0.0235602
151
1
2.21993 2.13774 -0.197726
-0.011067 0.00396688 -0.0246395
152
1
2.23725 2.12868 -0.149403
-0.00811075 0.00285771 -0.0254031
153
1
2.24942 2.12148 -0.100118
-0.00504247 0.00169767 -0.02572
154
1
2.2565 2.1168 -0.0502042
-0.00229614 0.000672267 -0.0255825
155
1
2.25894 2.11513 -3.34695e-015
-1.16984e-016 4.73113e-016 -0.0254361
156
1
2.2565 2.1168 0.0502042
0.00229614 -0.000672267 -0.0255825
157
1
2.24942 2.12148 0.100118
0.00504247 -0.00169767 -0.02572
158
1
2.23725 2.12868 0.149403
0.00811075 -0.00285771 -0.0254031
159
1
2.21993 2.13774 0.197726
0.011067 -0.00396688 -0.0246395
160
1
2.19756 2.14839 0.244708
0.0138003 -0.00507308 -0.0235602
161
1
2.17026 2.16059 0.289917
0.0164393 -0.0062426 -0.0222132
162
1
2.13821 2.17461 0.332791
0.018899 -0.00737297 -0.0209196
163
1
2.1021 2.19049 0.373276
0.0207974 -0.00850647 -0.0200683
164
1
2.06287 2.20907 0.411832
0.0217748 -0.00997213 -0.0196061
165
1
2.02168 2.23103 0.448564
0.0218117 -0.0118186 -0.0190407
166
1
1.97996 2.25634 0.483595
0.0214645 -0.0136607 -0.0183043
167
1
1.93853 2.28449 0.516792
0.0210103 -0.0150439 -0.0171131
168
1
1.89741 2.3144 0.547304
0.0206181 -0.0156464 -0.0152003
169
1
1.85634 2.34516 0.573679
0.0203981 -0.0155989 -0.0126377
170
1
1.81523 2.37641 0.59508
0.0204142 -0.0156135 -0.010038
171
1
1.77391 2.40828 0.611598
0.0206506 -0.0160961 -0.00787077
172
1
1.7322 2.44081 0.624147
0.0211796 -0.0166944 -0.00591451
173
1
1.68962 2.47359 0.632916
0.0218344 -0.0167423 -0.00357656
174
1
1.64646 2.50653 0.638029
0.0220347 -0.01618 -0.000584485
175
1
1.60373 2.53985 0.639344
0.0210348 -0.0157454 0.00231659
176
1
1.56294 2.5744 0.637527
0.0194215 -0.0161458 0.00400247
177
1
1.52463 2.61094 0.633862
0.0184092 -0.0174628 0.00450916
178
1
1.48852 2.64981 0.629182
0.0176611 -0.0192505 0.00466362
179
1
1.45466 2.69102 0.623581
0.0162513 -0.0208533 0.00479187
180
1
1.42355 2.7345 0.617458
0.0144942 -0.0220929 0.00460674
181
1
1.39542 2.78022 0.611889
0.0128214 -0.0231818 0.00386912
182
1
1.36982 2.82797 0.607974
0.0110165 -0.0241662 0.00251984
183
1
1.34618 2.87763 0.606345
0.00946099 -0.0252476 0.000739215
184
1
1.32405 2.92927 0.607737
0.00897194 -0.0263734 -0.00128846
185
1
1.30255 2.98264 0.61325
0.00932194 -0.027008 -0.00369508
186
1
1.28017 3.03696 0.623613
0.00999793 -0.0271445 -0.00642628
187
1
1.25552 3.09184 0.638537
0.0116344 -0.0274616 -0.00893411
188
1
1.22783 3.14717 0.658041
0.0142815 -0.0276026 -0.0111231
189
1
1.19594 3.20212 0.682283
0.0167966 -0.0271255 -0.0135542
190
1
1.15917 3.25653 0.710902
0.0194298 -0.0266306 -0.0160286
191
1
1.11702 3.3104 0.743775
0.0225325 -0.026411 -0.0177539
192
1
1.06899 3.36299 0.780463
0.0258901 -0.0260062 -0.0200346
193
1
1.01403 3.41437 0.820361
0.0293437 -0.0258798 -0.0215286
