194
0
1
0.720568 1.6077 2.36443
0.0224946 -0.0259555 -0.0200401
1
1
0.674075 1.65668 2.40477
0.0263121 -0.0250744 -0.0191906
2
1
0.619122 1.70391 2.44309
0.0295858 -0.0235653 -0.0181998
3
1
0.556214 1.74761 2.47868
0.0335005 -0.0214489 -0.0169402
4
1
0.486168 1.78701 2.51076
0.0367216 -0.0186345 -0.0140977
5
1
0.408994 1.82083 2.53759
0.0402903 -0.0147054 -0.0108877
6
1
0.325231 1.84781 2.55868
0.0435766 -0.0106368 -0.00852048
7
1
0.236147 1.86772 2.57464
0.045797 -0.00732634 -0.00628867
8
1
0.143221 1.88125 2.58526
0.0472893 -0.00433232 -0.00370957
9
1
0.0479968 1.88828 2.59041
0.0480887 -0.00140494 -0.00119489
10
1
-0.0479968 1.88828 2.59041
0.0480887 0.00140494 0.00119489
11
1
-0.143221 1.88125 2.58526
0.0472893 0.00433232 0.00370957
12
1
-0.236147 1.86772 2.57464
0.045797 0.00732634 0.00628867
13
1
-0.325231 1.84781 2.55868
0.0435766 0.0106368 0.00852048
14
1
-0.408994 1.82083 2.53759
0.0402903 0.0147054 0.0108877
15
1
-0.486168 1.78701 2.51076
0.0367216 0.0186345 0.0140977
16
1
-0.556214 1.74761 2.47868
0.0335005 0.0214489 0.0169402
17
1
-0.619122 1.70391 2.44309
0.0295858 0.0235653 0.0181998
18
1
-0.674075 1.65668 2.40477
0.0263121 0.0250744 0.0191906
19
1
-0.720568 1.6077 2.36443
0.0224946 0.0259555 0.0200401
20
1
-0.758305 1.55862 2.32242
0.0173525 0.0253396 0.0207408
21
1
-0.787454 1.51067 2.27828
0.0131986 0.0238896 0.0221112
22
1
-0.809168 1.46436 2.23232
0.00918838 0.022259 0.0235678
23
1
-0.825085 1.42018 2.18435
0.00588533 0.0208427 0.0250683
24
1
-0.836076 1.37808 2.13442
0.00348045 0.019745 0.0260572
25
1
-0.84339 1.33747 2.08326
0.00239271 0.0189915 0.0265293
26
1
-0.848444 1.2987 2.03093
0.00169077 0.0180132 0.0270677
27
1
-0.850847 1.26205 1.97755
0.000424144 0.0169786 0.0275117
28
1
-0.85015 1.22691 1.92379
-0.0013697 0.0164004 0.0274828
29
1
-0.846621 1.19282 1.87003
-0.0032564 0.0161468 0.0271832
30
1
-0.84062 1.16037 1.81594
-0.0050732 0.0157619 0.0269423
31
1
-0.831597 1.13072 1.76113
-0.00689065 0.0149482 0.0268242
32
1
-0.818556 1.10461 1.70576
-0.00868553 0.0136732 0.0267665
33
1
-0.801075 1.082 1.65045
-0.0102836 0.0120008 0.0267789
34
1
-0.779734 1.06244 1.59557
-0.01154 0.0099976 0.0269358
35
1
-0.755939 1.04557 1.54088
-0.0124039 0.00778474 0.0272817
36
1
-0.731155 1.03159 1.48566
-0.0128647 0.00555117 0.0277888
37
1
-0.706475 1.02094 1.42924
-0.0129098 0.0034723 0.028396
38
1
-0.682502 1.01397 1.37138
-0.0125533 0.0016512 0.0290475
39
1
-0.659573 1.01056 1.31213
-0.0118525 0.000129843 0.0297163
40
1
-0.637957 1.01021 1.25159
-0.0108943 -0.00108381 0.0303953
41
1
-0.617925 1.01221 1.18982
-0.00977641 -0.00200225 0.0310786
42
1
-0.599738 1.0159 1.12681
-0.00859073 -0.00264931 0.0317532
43
1
-0.58358 1.02072 1.06255
-0.00741164 -0.00305539 0.0324031
44
1
-0.569516 1.02622 0.997066
-0.00629233 -0.00325617 0.0330154
45
1
-0.557499 1.03206 0.930424
-0.00526622 -0.0032907 0.0335821
46
1
-0.547393 1.03796 0.862709
-0.00435041 -0.00319783 0.0340998
47
1
-0.539006 1.04372 0.794016
-0.00355103 -0.00301367 0.0345675
48
1
-0.532128 1.04917 0.724444
-0.00286635 -0.00276921 0.0349855
49
1
-0.526549 1.0542 0.654088
-0.00228918 -0.00248941 0.0353549
50
1
-0.522072 1.05873 0.583045
-0.00180869 -0.00219262 0.0356773
51
1
-0.518522 1.06272 0.511403
-0.00141273 -0.00189187 0.0359547
52
1
-0.515739 1.06616 0.439251
-0.00108812 -0.00159502 0.0361891
53
1
-0.513597 1.06903 0.366672
-0.00082274 -0.0013068 0.0363829
54
1
-0.511985 1.07136 0.293744
-0.000604356 -0.00102869 0.0365381
55
1
-0.510818 1.07315 0.220542
-0.000422801 -0.000760905 0.0366567
56
1
-0.510028 1.07441 0.147139
-0.000267277 -0.00050153 0.0367403
57
1
-0.509574 1.07516 0.0736024
-0.000129324 -0.000248949 0.0367899
58
1
-0.509423 1.07542 -8.24e-017
3.15198e-017 -6.83052e-017 0.0368064
59
1
-0.509574 1.07516 -0.0736024
0.000129324 0.000248949 0.0367899
60
1
-0.510028 1.07441 -0.147139
0.000267277 0.00050153 0.0367403
61
1
-0.510818 1.07315 -0.220542
0.000422801 0.000760905 0.0366567
62
1
-0.511985 1.07136 -0.293744
0.000604356 0.00102869 0.0365381
63
1
-0.513597 1.06903 -0.366672
0.00082274 0.0013068 0.0363829
64
1
-0.515739 1.06616 -0.439251
0.00108812 0.00159502 0.0361891
65
1
-0.518522 1.06272 -0.511403
0.00141273 0.00189187 0.0359547
66
1
-0.522072 1.05873 -0.583045
0.00180869 0.00219262 0.0356773
67
1
-0.526549 1.0542 -0.654088
0.00228918 0.00248941 0.0353549
68
1
-0.532128 1.04917 -0.724444
0.00286635 0.00276921 0.0349855
69
1
-0.539006 1.04372 -0.794016
0.00355103 0.00301367 0.0345675
70
1
-0.547393 1.03796 -0.862709
0.00435041 0.00319783 0.0340998
71
1
-0.557499 1.03206 -0.930424
0.00526622 0.0032907 0.0335821
72
1
-0.569516 1.02622 -0.997066
0.00629233 0.00325617 0.0330154
73
1
-0.58358 1.02072 -1.06255
0.00741164 0.00305539 0.0324031
74
1
-0.599738 1.0159 -1.12681
0.00859073 0.00264931 0.0317532
75
1
-0.617925 1.01221 -1.18982
0.00977641 0.00200225 0.0310786
76
1
-0.637957 1.01021 -1.25159
0.0108943 0.00108381 0.0303953
77
1
-0.659573 1.01056 -1.31213
0.0118525 -0.000129843 0.0297163
78
1
-0.682502 1.01397 -1.37138
0.0125533 -0.0016512 0.0290475
79
1
-0.706475 1.02094 -1.42924
0.0129098 -0.0034723 0.028396
80
1
-0.731155 1.03159 -1.48566
0.0128647 -0.00555117 0.0277888
81
1
-0.755939 1.04557 -1.54088
0.0124039 -0.00778474 0.0272817
82
1
-0.779734 1.06244 -1.59557
0.01154 -0.0099976 0.0269358
83
1
-0.801075 1.082 -1.65045
0.0102836 -0.0120008 0.0267789
84
1
-0.818556 1.10461 -1.70576
0.00868553 -0.0136732 0.0267665
85
1
-0.831597 1.13072 -1.76113
0.00689065 -0.0149482 0.0268242
86
1
-0.84062 1.16037 -1.81594
0.0050732 -0.0157619 0.0269423
87
1
-0.846621 1.19282 -1.87003
0.0032564 -0.0161468 0.0271832
88
1
-0.85015 1.22691 -1.92379
0.0013697 -0.0164004 0.0274828
89
1
-0.850847 1.26205 -1.97755
-0.000424144 -0.0169786 0.0275117
90
1
-0.848444 1.2987 -2.03093
-0.00169077 -0.0180132 0.0270677
91
1
-0.84339 1.33747 -2.08326
-0.00239271 -0.0189915 0.0265293
92
1
-0.836076 1.37808 -2.13442
-0.00348045 -0.019745 0.0260572
93
1
-0.825085 1.42018 -2.18435
-0.00588533 -0.0208427 0.0250683
94
1
-0.809168 1.46436 -2.23232
-0.00918838 -0.022259 0.0235678
95
1
-0.787454 1.51067 -2.27828
-0.0131986 -0.0238896 0.0221112
96
1
-0.758305 1.55862 -2.32242
-0.0173525 -0.0253396 0.0207408
97
1
-0.720568 1.6077 -2.36443
-0.0224946 -0.0259555 0.0200401
98
1
-0.674075 1.65668 -2.40477
-0.0263121 -0.0250744 0.0191906
99
1
-0.619122 1.70391 -2.44309
-0.0295858 -0.0235653 0.0181998
100
1
-0.556214 1.74761 -2.47868
-0.0335005 -0.0214489 0.0169402
101
1
-0.486168 1.78701 -2.51076
-0.0367216 -0.0186345 0.0140977
102
1
-0.408994 1.82083 -2.53759
-0.0402903 -0.0147054 0.0108877
103
1
-0.325231 1.84781 -2.55868
-0.0435766 -0.0106368 0.00852048
104
1
-0.236147 1.86772 -2.57464
-0.045797 -0.00732634 0.00628867
105
1
-0.143221 1.88125 -2.58526
-0.0472893 -0.00433232 0.00370957
106
1
-0.0479968 1.88828 -2.59041
-0.0480887 -0.00140494 0.00119489
107
1
0.0479968 1.88828 -2.59041
-0.0480887 0.00140494 -0.00119489
108
1
0.143221 1.88125 -2.58526
-0.0472893 0.00433232 -0.00370957
109
1
0.236147 1.86772 -2.57464
-0.045797 0.00732634 -0.00628867
110
1
0.325231 1.84781 -2.55868
-0.0435766 0.0106368 -0.00852048
111
1
0.408994 1.82083 -2.53759
-0.0402903 0.0147054 -0.0108877
112
1
0.486168 1.78701 -2.51076
-0.0367216 0.0186345 -0.0140977
113
1
0.556214 1.74761 -2.47868
-0.0335005 0.0214489 -0.0169402
114
1
0.619122 1.70391 -2.44309
-0.0295858 0.0235653 -0.0181998
115
1
0.674075 1.65668 -2.40477
-0.0263121 0.0250744 -0.0191906
116
1
0.720568 1.6077 -2.36443
-0.0224946 0.0259555 -0.0200401
117
1
0.758305 1.55862 -2.32242
-0.0173525 0.0253396 -0.0207408
118
1
0.787454 1.51067 -2.27828
-0.0131986 0.0238896 -0.0221112
119
1
0.809168 1.46436 -2.23232
-0.00918838 0.022259 -0.0235678
120
1
0.825085 1.42018 -2.18435
-0.00588533 0.0208427 -0.0250683
121
1
0.836076 1.37808 -2.13442
-0.00348045 0.019745 -0.0260572
122
1
0.84339 1.33747 -2.08326
-0.00239271 0.0189915 -0.0265293
123
1
0.848444 1.2987 -2.03093
-0.00169077 0.0180132 -0.0270677
124
1
0.850847 1.26205 -1.97755
-0.000424144 0.0169786 -0.0275117
125
1
0.85015 1.22691 -1.92379
0.0013697 0.0164004 -0.0274828
126
1
0.846621 1.19282 -1.87003
0.0032564 0.0161468 -0.0271832
127
1
0.84062 1.16037 -1.81594
0.0050732 0.0157619 -0.0269423
128
1
0.831597 1.13072 -1.76113
0.00689065 0.0149482 -0.0268242
129
1
0.818556 1.10461 -1.70576
0.00868553 0.0136732 -0.0267665
130
1
0.801075 1.082 -1.65045
0.0102836 0.0120008 -0.0267789
131
1
0.779734 1.06244 -1.59557
0.01154 0.0099976 -0.0269358
132
1
0.755939 1.04557 -1.54088
0.0124039 0.00778474 -0.0272817
133
1
0.731155 1.03159 -1.48566
0.0128647 0.00555117 -0.0277888
134
1
0.706475 1.02094 -1.42924
0.0129098 0.0034723 -0.028396
135
1
0.682502 1.01397 -1.37138
0.0125533 0.0016512 -0.0290475
136
1
0.659573 1.01056 -1.31213
0.0118525 0.000129843 -0.0297163
137
1
0.637957 1.01021 -1.25159
0.0108943 -0.00108381 -0.0303953
138
1
0.617925 1.01221 -1.18982
0.00977641 -0.00200225 -0.0310786
139
1
0.599738 1.0159 -1.12681
0.00859073 -0.00264931 -0.0317532
140
1
0.58358 1.02072 -1.06255
0.00741164 -0.00305539 -0.0324031
141
1
0.569516 1.02622 -0.997066
0.00629233 -0.00325617 -0.0330154
142
1
0.557499 1.03206 -0.930424
0.00526622 -0.0032907 -0.0335821
143
1
0.547393 1.03796 -0.862709
0.00435041 -0.00319783 -0.0340998
144
1
0.539006 1.04372 -0.794016
0.00355103 -0.00301367 -0.0345675
145
1
0.532128 1.04917 -0.724444
0.00286635 -0.00276921 -0.0349855
146
1
0.526549 1.0542 -0.654088
0.00228918 -0.00248941 -0.0353549
147
1
0.522072 1.05873 -0.583045
0.00180869 -0.00219262 -0.0356773
148
1
0.518522 1.06272 -0.511403
0.00141273 -0.00189187 -0.0359547
149
1
0.515739 1.06616 -0.439251
0.00108812 -0.00159502 -0.0361891
150
1
0.513597 1.06903 -0.366672
0.00082274 -0.0013068 -0.0363829
151
1
0.511985 1.07136 -0.293744
0.000604356 -0.00102869 -0.0365381
152
1
0.510818 1.07315 -0.220542
0.000422801 -0.000760905 -0.0366567
153
1
0.510028 1.07441 -0.147139
0.000267277 -0.00050153 -0.0367403
154
1
0.509574 1.07516 -0.0736024
0.000129324 -0.000248949 -0.0367899
155
1
0.509423 1.07542 -3.2949e-017
-4.67504e-017 1.49999e-017 -0.0368064
156
1
0.509574 1.07516 0.0736024
-0.000129324 0.000248949 -0.0367899
157
1
0.510028 1.07441 0.147139
-0.000267277 0.00050153 -0.0367403
158
1
0.510818 1.07315 0.220542
-0.000422801 0.000760905 -0.0366567
159
1
0.511985 1.07136 0.293744
-0.000604356 0.00102869 -0.0365381
160
1
0.513597 1.06903 0.366672
-0.00082274 0.0013068 -0.0363829
161
1
0.515739 1.06616 0.439251
-0.00108812 0.00159502 -0.0361891
162
1
0.518522 1.06272 0.511403
-0.00141273 0.00189187 -0.0359547
163
1
0.522072 1.05873 0.583045
-0.00180869 0.00219262 -0.0356773
164
1
0.526549 1.0542 0.654088
-0.00228918 0.00248941 -0.0353549
165
1
0.532128 1.04917 0.724444
-0.00286635 0.00276921 -0.0349855
166
1
0.539006 1.04372 0.794016
-0.00355103 0.00301367 -0.0345675
167
1
0.547393 1.03796 0.862709
-0.00435041 0.00319783 -0.0340998
168
1
0.557499 1.03206 0.930424
-0.00526622 0.0032907 -0.0335821
169
1
0.569516 1.02622 0.997066
-0.00629233 0.00325617 -0.0330154
170
1
0.58358 1.02072 1.06255
-0.00741164 0.00305539 -0.0324031
171
1
0.599738 1.0159 1.12681
-0.00859073 0.00264931 -0.0317532
172
1
0.617925 1.01221 1.18982
-0.00977641 0.00200225 -0.0310786
173
1
0.637957 1.01021 1.25159
-0.0108943 0.00108381 -0.0303953
174
1
0.659573 1.01056 1.31213
-0.0118525 -0.000129843 -0.0297163
175
1
0.682502 1.01397 1.37138
-0.0125533 -0.0016512 -0.0290475
176
1
0.706475 1.02094 1.42924
-0.0129098 -0.0034723 -0.028396
177
1
0.731155 1.03159 1.48566
-0.0128647 -0.00555117 -0.0277888
178
1
0.755939 1.04557 1.54088
-0.0124039 -0.00778474 -0.0272817
179
1
0.779734 1.06244 1.59557
-0.01154 -0.0099976 -0.0269358
180
1
0.801075 1.082 1.65045
-0.0102836 -0.0120008 -0.0267789
181
1
0.818556 1.10461 1.70576
-0.00868553 -0.0136732 -0.0267665
182
1
0.831597 1.13072 1.76113
-0.00689065 -0.0149482 -0.0268242
183
1
0.84062 1.16037 1.81594
-0.0050732 -0.0157619 -0.0269423
184
1
0.846621 1.19282 1.87003
-0.0032564 -0.0161468 -0.0271832
185
1
0.85015 1.22691 1.92379
-0.0013697 -0.0164004 -0.0274828
186
1
0.850847 1.26205 1.97755
0.000424144 -0.0169786 -0.0275117
187
1
0.848444 1.2987 2.03093
0.00169077 -0.0180132 -0.0270677
188
1
0.84339 1.33747 2.08326
0.00239271 -0.0189915 -0.0265293
189
1
0.836076 1.37808 2.13442
0.00348045 -0.019745 -0.0260572
190
1
0.825085 1.42018 2.18435
0.00588533 -0.0208427 -0.0250683
191
1
0.809168 1.46436 2.23232
0.00918838 -0.022259 -0.0235678
192
1
0.787454 1.51067 2.27828
0.0131986 -0.0238896 -0.0221112
193
1
0.758305 1.55862 2.32242
0.0173525 -0.0253396 -0.0207408
