194
0
1
0.896199 2.81184 1.34993
0.0331294 -0.0239548 -0.0220494
1
1
0.827991 2.85678 1.39084
0.0368548 -0.0226223 -0.0197972
2
1
0.751765 2.89916 1.42895
0.0406813 -0.0202712 -0.0175346
3
1
0.66778 2.93796 1.46327
0.044583 -0.0184972 -0.0155607
4
1
0.576803 2.97257 1.49424
0.0471388 -0.0158651 -0.0138984
5
1
0.479996 3.00222 1.52184
0.0492268 -0.0138748 -0.0126012
6
1
0.378438 3.02653 1.54578
0.0514384 -0.011693 -0.0106786
7
1
0.273228 3.04565 1.56483
0.0532291 -0.00866616 -0.0083161
8
1
0.165177 3.05881 1.578
0.054515 -0.00486463 -0.00491009
9
1
0.0552776 3.06527 1.58484
0.0553228 -0.00128203 -0.00144783
10
1
-0.0552776 3.06527 1.58484
0.0553228 0.00128203 0.00144783
11
1
-0.165177 3.05881 1.578
0.054515 0.00486463 0.00491009
12
1
-0.273228 3.04565 1.56483
0.0532291 0.00866616 0.0083161
13
1
-0.378438 3.02653 1.54578
0.0514384 0.011693 0.0106786
14
1
-0.479996 3.00222 1.52184
0.0492268 0.0138748 0.0126012
15
1
-0.576803 2.97257 1.49424
0.0471388 0.0158651 0.0138984
16
1
-0.66778 2.93796 1.46327
0.044583 0.0184972 0.0155607
17
1
-0.751765 2.89916 1.42895
0.0406813 0.0202712 0.0175346
18
1
-0.827991 2.85678 1.39084
0.0368548 0.0226223 0.0197972
19
1
-0.896199 2.81184 1.34993
0.0331294 0.0239548 0.0220494
20
1
-0.956732 2.76602 1.30739
0.0288339 0.023536 0.0222965
21
1
-1.01073 2.71994 1.2641
0.0255859 0.0233341 0.0222716
22
1
-1.05871 2.674 1.22063
0.0228256 0.022944 0.0218901
23
1
-1.10155 2.62829 1.17711
0.0205666 0.0225757 0.0216703
24
1
-1.13907 2.58292 1.13349
0.0177366 0.0227947 0.0212928
25
1
-1.17101 2.53739 1.0898
0.0150282 0.0230273 0.0215371
26
1
-1.19801 2.49157 1.04623
0.0124087 0.0229532 0.0217253
27
1
-1.22017 2.44583 1.00246
0.00983171 0.0230183 0.0215468
28
1
-1.23751 2.39985 0.958771
0.00752222 0.0232072 0.0217524
29
1
-1.25096 2.35367 0.915329
0.0058061 0.0230952 0.0220435
30
1
-1.2614 2.30781 0.871969
0.00470458 0.0227369 0.0218836
31
1
-1.2689 2.26256 0.828646
0.00355601 0.0222697 0.0217842
32
1
-1.27314 2.21772 0.785894
0.00198209 0.0219299 0.0218224
33
1
-1.27432 2.17276 0.744524
0.00035972 0.0220791 0.0211515
34
1
-1.27277 2.1272 0.705061
-0.000959801 0.0227227 0.0196731
35
1
-1.26846 2.08087 0.66791
-0.00214573 0.0233162 0.0181874
36
1
-1.26125 2.03395 0.633453
-0.00361037 0.0234263 0.0169848
37
1
-1.25132 1.9867 0.601998
-0.00550601 0.0231917 0.0156512
38
1
-1.23899 1.93948 0.573257
-0.0075734 0.0229481 0.0140145
39
1
-1.22436 1.89275 0.546494
-0.00940217 0.0227984 0.0124076
40
1
-1.20718 1.84689 0.521145
-0.0107777 0.0225889 0.0111668
41
1
-1.1875 1.80189 0.497166
-0.0116939 0.0222525 0.0103229
42
1
-1.16608 1.75749 0.474575
-0.0121668 0.0219407 0.00973149
43
1
-1.14421 1.71331 0.453036
-0.0121216 0.0218564 0.00929408
44
1
-1.12302 1.66923 0.431843
-0.0114609 0.0220721 0.00901556
45
1
-1.10318 1.62522 0.410477
-0.0101723 0.0225138 0.00893744
46
1
-1.08498 1.58117 0.388884
-0.00836651 0.0229915 0.00909914
47
1
-1.06918 1.53681 0.367214
-0.00623316 0.0233099 0.00950489
48
1
-1.0566 1.49219 0.345322
-0.00400313 0.0232694 0.010154
49
1
-1.04815 1.44794 0.322458
-0.00188878 0.0227599 0.0110733
50
1
-1.04402 1.4053 0.297606
-9.80733e-005 0.021676 0.0123155
51
1
-1.04357 1.36576 0.269816
0.00126004 0.0200294 0.0139698
52
1
-1.04565 1.33059 0.238657
0.00207055 0.0177045 0.0159366
53
1
-1.04906 1.30057 0.204221
0.00238506 0.0147304 0.0180262
54
1
-1.05282 1.27614 0.166839
0.00237504 0.0113518 0.0199361
55
1
-1.05632 1.25736 0.127094
0.00222238 0.00794416 0.0213415
56
1
-1.05918 1.24414 0.0856542
0.00187418 0.00483124 0.0220164
57
1
-1.06114 1.2361 0.0431243
0.00111229 0.00220475 0.0220973
58
1
-1.06172 1.23343 -3.82386e-015
2.10054e-016 -2.14699e-017 0.0220286
59
1
-1.06114 1.2361 -0.0431243
-0.00111229 -0.00220475 0.0220973
60
1
-1.05918 1.24414 -0.0856542
-0.00187418 -0.00483124 0.0220164
61
1
-1.05632 1.25736 -0.127094
-0.00222238 -0.00794416 0.0213415
62
1
-1.05282 1.27614 -0.166839
-0.00237504 -0.0113518 0.0199361
63
1
-1.04906 1.30057 -0.204221
-0.00238506 -0.0147304 0.0180262
64
1
-1.04565 1.33059 -0.238657
-0.00207055 -0.0177045 0.0159366
65
1
-1.04357 1.36576 -0.269816
-0.00126004 -0.0200294 0.0139698
66
1
-1.04402 1.4053 -0.297606
9.80733e-005 -0.021676 0.0123155
67
1
-1.04815 1.44794 -0.322458
0.00188878 -0.0227599 0.0110733
68
1
-1.0566 1.49219 -0.345322
0.00400313 -0.0232694 0.010154
69
1
-1.06918 1.53681 -0.367214
0.00623316 -0.0233099 0.00950489
70
1
-1.08498 1.58117 -0.388884
0.00836651 -0.0229915 0.00909914
71
1
-1.10318 1.62522 -0.410477
0.0101723 -0.0225138 0.00893744
72
1
-1.12302 1.66923 -0.431843
0.0114609 -0.0220721 0.00901556
73
1
-1.14421 1.71331 -0.453036
0.0121216 -0.0218564 0.00929408
74
1
-1.16608 1.75749 -0.474575
0.0121668 -0.0219407 0.00973149
75
1
-1.1875 1.80189 -0.497166
0.0116939 -0.0222525 0.0103229
76
1
-1.20718 1.84689 -0.521145
0.0107777 -0.0225889 0.0111668
77
1
-1.22436 1.89275 -0.546494
0.00940217 -0.0227984 0.0124076
78
1
-1.23899 1.93948 -0.573257
0.0075734 -0.0229481 0.0140145
79
1
-1.25132 1.9867 -0.601998
0.00550601 -0.0231917 0.0156512
80
1
-1.26125 2.03395 -0.633453
0.00361037 -0.0234263 0.0169848
81
1
-1.26846 2.08087 -0.66791
0.00214573 -0.0233162 0.0181874
82
1
-1.27277 2.1272 -0.705061
0.000959801 -0.0227227 0.0196731
83
1
-1.27432 2.17276 -0.744524
-0.00035972 -0.0220791 0.0211515
84
1
-1.27314 2.21772 -0.785894
-0.00198209 -0.0219299 0.0218224
85
1
-1.2689 2.26256 -0.828646
-0.00355601 -0.0222697 0.0217842
86
1
-1.2614 2.30781 -0.871969
-0.00470458 -0.0227369 0.0218836
87
1
-1.25096 2.35367 -0.915329
-0.0058061 -0.0230952 0.0220435
88
1
-1.23751 2.39985 -0.958771
-0.00752222 -0.0232072 0.0217524
89
1
-1.22017 2.44583 -1.00246
-0.00983171 -0.0230183 0.0215468
90
1
-1.19801 2.49157 -1.04623
-0.0124087 -0.0229532 0.0217253
91
1
-1.17101 2.53739 -1.0898
-0.0150282 -0.0230273 0.0215371
92
1
-1.13907 2.58292 -1.13349
-0.0177366 -0.0227947 0.0212928
93
1
-1.10155 2.62829 -1.17711
-0.0205666 -0.0225757 0.0216703
94
1
-1.05871 2.674 -1.22063
-0.0228256 -0.022944 0.0218901
95
1
-1.01073 2.71994 -1.2641
-0.0255859 -0.0233341 0.0222716
96
1
-0.956732 2.76602 -1.30739
-0.0288339 -0.023536 0.0222965
97
1
-0.896199 2.81184 -1.34993
-0.0331294 -0.0239548 0.0220494
98
1
-0.827991 2.85678 -1.39084
-0.0368548 -0.0226223 0.0197972
99
1
-0.751765 2.89916 -1.42895
-0.0406813 -0.0202712 0.0175346
100
1
-0.66778 2.93796 -1.46327
-0.044583 -0.0184972 0.0155607
101
1
-0.576803 2.97257 -1.49424
-0.0471388 -0.0158651 0.0138984
102
1
-0.479996 3.00222 -1.52184
-0.0492268 -0.0138748 0.0126012
103
1
-0.378438 3.02653 -1.54578
-0.0514384 -0.011693 0.0106786
104
1
-0.273228 3.04565 -1.56483
-0.0532291 -0.00866616 0.0083161
105
1
-0.165177 3.05881 -1.578
-0.054515 -0.00486463 0.00491009
106
1
-0.0552776 3.06527 -1.58484
-0.0553228 -0.00128203 0.00144783
107
1
0.0552776 3.06527 -1.58484
-0.0553228 0.00128203 -0.00144783
108
1
0.165177 3.05881 -1.578
-0.054515 0.00486463 -0.00491009
109
1
0.273228 3.04565 -1.56483
-0.0532291 0.00866616 -0.0083161
110
1
0.378438 3.02653 -1.54578
-0.0514384 0.011693 -0.0106786
111
1
0.479996 3.00222 -1.52184
-0.0492268 0.0138748 -0.0126012
112
1
0.576803 2.97257 -1.49424
-0.0471388 0.0158651 -0.0138984
113
1
0.66778 2.93796 -1.46327
-0.044583 0.0184972 -0.0155607
114
1
0.751765 2.89916 -1.42895
-0.0406813 0.0202712 -0.0175346
115
1
0.827991 2.85678 -1.39084
-0.0368548 0.0226223 -0.0197972
116
1
0.896199 2.81184 -1.34993
-0.0331294 0.0239548 -0.0220494
117
1
0.956732 2.76602 -1.30739
-0.0288339 0.023536 -0.0222965
118
1
1.01073 2.71994 -1.2641
-0.0255859 0.0233341 -0.0222716
119
1
1.05871 2.674 -1.22063
-0.0228256 0.022944 -0.0218901
120
1
1.10155 2.62829 -1.17711
-0.0205666 0.0225757 -0.0216703
121
1
1.13907 2.58292 -1.13349
-0.0177366 0.0227947 -0.0212928
122
1
1.17101 2.53739 -1.0898
-0.0150282 0.0230273 -0.0215371
123
1
1.19801 2.49157 -1.04623
-0.0124087 0.0229532 -0.0217253
124
1
1.22017 2.44583 -1.00246
-0.00983171 0.0230183 -0.0215468
125
1
1.23751 2.39985 -0.958771
-0.00752222 0.0232072 -0.0217524
126
1
1.25096 2.35367 -0.915329
-0.0058061 0.0230952 -0.0220435
127
1
1.2614 2.30781 -0.871969
-0.00470458 0.0227369 -0.0218836
128
1
1.2689 2.26256 -0.828646
-0.00355601 0.0222697 -0.0217842
129
1
1.27314 2.21772 -0.785894
-0.00198209 0.0219299 -0.0218224
130
1
1.27432 2.17276 -0.744524
-0.00035972 0.0220791 -0.0211515
131
1
1.27277 2.1272 -0.705061
0.000959801 0.0227227 -0.0196731
132
1
1.26846 2.08087 -0.66791
0.00214573 0.0233162 -0.0181874
133
1
1.26125 2.03395 -0.633453
0.00361037 0.0234263 -0.0169848
134
1
1.25132 1.9867 -0.601998
0.00550601 0.0231917 -0.0156512
135
1
1.23899 1.93948 -0.573257
0.0075734 0.0229481 -0.0140145
136
1
1.22436 1.89275 -0.546494
0.00940217 0.0227984 -0.0124076
137
1
1.20718 1.84689 -0.521145
0.0107777 0.0225889 -0.0111668
138
1
1.1875 1.80189 -0.497166
0.0116939 0.0222525 -0.0103229
139
1
1.16608 1.75749 -0.474575
0.0121668 0.0219407 -0.00973149
140
1
1.14421 1.71331 -0.453036
0.0121216 0.0218564 -0.00929408
141
1
1.12302 1.66923 -0.431843
0.0114609 0.0220721 -0.00901556
142
1
1.10318 1.62522 -0.410477
0.0101723 0.0225138 -0.00893744
143
1
1.08498 1.58117 -0.388884
0.00836651 0.0229915 -0.00909914
144
1
1.06918 1.53681 -0.367214
0.00623316 0.0233099 -0.00950489
145
1
1.0566 1.49219 -0.345322
0.00400313 0.0232694 -0.010154
146
1
1.04815 1.44794 -0.322458
0.00188878 0.0227599 -0.0110733
147
1
1.04402 1.4053 -0.297606
9.80733e-005 0.021676 -0.0123155
148
1
1.04357 1.36576 -0.269816
-0.00126004 0.0200294 -0.0139698
149
1
1.04565 1.33059 -0.238657
-0.00207055 0.0177045 -0.0159366
150
1
1.04906 1.30057 -0.204221
-0.00238506 0.0147304 -0.0180262
151
1
1.05282 1.27614 -0.166839
-0.00237504 0.0113518 -0.0199361
152
1
1.05632 1.25736 -0.127094
-0.00222238 0.00794416 -0.0213415
153
1
1.05918 1.24414 -0.0856542
-0.00187418 0.00483124 -0.0220164
154
1
1.06114 1.2361 -0.0431243
-0.00111229 0.00220475 -0.0220973
155
1
1.06172 1.23343 -2.76079e-015
1.79163e-017 5.88979e-017 -0.0220286
156
1
1.06114 1.2361 0.0431243
0.00111229 -0.00220475 -0.0220973
157
1
1.05918 1.24414 0.0856542
0.00187418 -0.00483124 -0.0220164
158
1
1.05632 1.25736 0.127094
0.00222238 -0.00794416 -0.0213415
159
1
1.05282 1.27614 0.166839
0.00237504 -0.0113518 -0.0199361
160
1
1.04906 1.30057 0.204221
0.00238506 -0.0147304 -0.0180262
161
1
1.04565 1.33059 0.238657
0.00207055 -0.0177045 -0.0159366
162
1
1.04357 1.36576 0.269816
0.00126004 -0.0200294 -0.0139698
163
1
1.04402 1.4053 0.297606
-9.80733e-005 -0.021676 -0.0123155
164
1
1.04815 1.44794 0.322458
-0.00188878 -0.0227599 -0.0110733
165
1
1.0566 1.49219 0.345322
-0.00400313 -0.0232694 -0.010154
166
1
1.06918 1.53681 0.367214
-0.00623316 -0.0233099 -0.00950489
167
1
1.08498 1.58117 0.388884
-0.00836651 -0.0229915 -0.00909914
168
1
1.10318 1.62522 0.410477
-0.0101723 -0.0225138 -0.00893744
169
1
1.12302 1.66923 0.431843
-0.0114609 -0.0220721 -0.00901556
170
1
1.14421 1.71331 0.453036
-0.0121216 -0.0218564 -0.00929408
171
1
1.16608 1.75749 0.474575
-0.0121668 -0.0219407 -0.00973149
172
1
1.1875 1.80189 0.497166
-0.0116939 -0.0222525 -0.0103229
173
1
1.20718 1.84689 0.521145
-0.0107777 -0.0225889 -0.0111668
174
1
1.22436 1.89275 0.546494
-0.00940217 -0.0227984 -0.0124076
175
1
1.23899 1.93948 0.573257
-0.0075734 -0.0229481 -0.0140145
176
1
1.25132 1.9867 0.601998
-0.00550601 -0.0231917 -0.0156512
177
1
1.26125 2.03395 0.633453
-0.00361037 -0.0234263 -0.0169848
178
1
1.26846 2.08087 0.66791
-0.00214573 -0.0233162 -0.0181874
179
1
1.27277 2.1272 0.705061
-0.000959801 -0.0227227 -0.0196731
180
1
1.27432 2.17276 0.744524
0.00035972 -0.0220791 -0.0211515
181
1
1.27314 2.21772 0.785894
0.00198209 -0.0219299 -0.0218224
182
1
1.2689 2.26256 0.828646
0.00355601 -0.0222697 -0.0217842
183
1
1.2614 2.30781 0.871969
0.00470458 -0.0227369 -0.0218836
184
1
1.25096 2.35367 0.915329
0.0058061 -0.0230952 -0.0220435
185
1
1.23751 2.39985 0.958771
0.00752222 -0.0232072 -0.0217524
186
1
1.22017 2.44583 1.00246
0.00983171 -0.0230183 -0.0215468
187
1
1.19801 2.49157 1.04623
0.0124087 -0.0229532 -0.0217253
188
1
1.17101 2.53739 1.0898
0.0150282 -0.0230273 -0.0215371
189
1
1.13907 2.58292 1.13349
0.0177366 -0.0227947 -0.0212928
190
1
1.10155 2.62829 1.17711
0.0205666 -0.0225757 -0.0216703
191
1
1.05871 2.674 1.22063
0.0228256 -0.022944 -0.0218901
192
1
1.01073 2.71994 1.2641
0.0255859 -0.0233341 -0.0222716
193
1
0.956732 2.76602 1.30739
0.0288339 -0.023536 -0.0222965
