194
0
1
1.06237 9.22333 0.583422
0.0550411 0.00858359 0.00787753
1
1
0.954744 9.20387 0.565227
0.0548449 0.0119847 0.00956529
2
1
0.839603 9.17744 0.544252
0.0599229 0.0151852 0.0111917
3
1
0.720121 9.14302 0.520069
0.0614296 0.0176397 0.0126593
4
1
0.596781 9.09799 0.486708
0.0606819 0.0230297 0.0187336
5
1
0.469958 9.04413 0.43537
0.0624043 0.0263049 0.0298485
6
1
0.336555 8.97568 0.354884
0.0497002 0.036916 0.0386284
7
1
0.177137 8.85358 0.241517
0.0472674 0.0485239 0.0343547
8
1
0.247751 6.14312 0.0587777
-0.0361166 -0.0319567 -0.00959018
9
1
0.0574468 12.7785 0.0956863
0.0154252 -0.0334496 -0.0358564
10
1
-0.0574468 12.7785 0.0956863
0.0154252 0.0334496 0.0358564
11
1
-0.247742 6.14312 0.058776
-0.036118 0.0319559 0.00959102
12
1
-0.177137 8.85358 0.241517
0.0472674 -0.0485239 -0.0343547
13
1
-0.336555 8.97568 0.354884
0.0497002 -0.036916 -0.0386284
14
1
-0.469958 9.04413 0.43537
0.0624043 -0.0263049 -0.0298485
15
1
-0.596781 9.09799 0.486708
0.0606819 -0.0230297 -0.0187336
16
1
-0.720121 9.14302 0.520069
0.0614296 -0.0176397 -0.0126593
17
1
-0.839603 9.17744 0.544252
0.0599229 -0.0151852 -0.0111917
18
1
-0.954744 9.20387 0.565227
0.0548449 -0.0119847 -0.00956529
19
1
-1.06237 9.22333 0.583422
0.0550411 -0.00858359 -0.00787753
20
1
-1.16066 9.2349 0.599375
0.0462729 -0.00313869 -0.00733071
21
1
-1.25043 9.23956 0.615224
0.0416776 -0.00104598 -0.00657682
22
1
-1.3315 9.24026 0.632885
0.0396238 0.000888742 -0.00929904
23
1
-1.40728 9.24045 0.654791
0.0351615 0.00121833 -0.0120146
24
1
-1.47754 9.24287 0.680076
0.0332838 -0.000143572 -0.0138103
25
1
-1.54217 9.24754 0.70678
0.0314226 -0.000284682 -0.015205
26
1
-1.60179 9.25394 0.732966
0.0261462 -0.000729497 -0.0140506
27
1
-1.65663 9.26291 0.756664
0.023864 -0.0032964 -0.0130478
28
1
-1.70832 9.27625 0.777963
0.0248486 -0.00709382 -0.0125518
29
1
-1.75873 9.29428 0.79647
0.0248298 -0.0102911 -0.0095868
30
1
-1.80787 9.31637 0.810555
0.0241238 -0.0121907 -0.00546914
31
1
-1.85579 9.34175 0.819317
0.0235217 -0.014042 -0.00113919
32
1
-1.90224 9.36968 0.822566
0.0223055 -0.015208 0.00124316
33
1
-1.94702 9.39916 0.820291
0.0216403 -0.0156095 0.00283614
34
1
-1.99055 9.42972 0.812587
0.0223103 -0.0162528 0.00678005
35
1
-2.03314 9.46065 0.800186
0.0214099 -0.0156929 0.00898188
36
1
-2.07374 9.49164 0.784786
0.0193049 -0.0140837 0.00796267
37
1
-2.11308 9.52274 0.767325
0.0196457 -0.0146873 0.0100938
38
1
-2.15225 9.55459 0.74866
0.0193392 -0.0161133 0.0119934
39
1
-2.19065 9.5872 0.729361
0.0169373 -0.0154783 0.00935255
40
1
-2.22738 9.61985 0.709076
0.0180699 -0.0159579 0.00939673
41
1
-2.26137 9.65369 0.687537
0.0189861 -0.0179087 0.0115056
42
1
-2.29202 9.68921 0.666392
0.0146896 -0.0181864 0.00970307
43
1
-2.31916 9.72598 0.645937
0.012151 -0.018263 0.00725191
44
1
-2.34345 9.76359 0.624796
0.0119899 -0.019478 0.008427
45
1
-2.3654 9.80223 0.601106
0.00993293 -0.0209555 0.0124266
46
1
-2.38468 9.84187 0.573879
0.00791583 -0.021267 0.013393
47
1
-2.4026 9.8814 0.54292
0.00791627 -0.0198831 0.0145336
48
1
-2.41968 9.91919 0.50619
0.00800061 -0.0196078 0.0222635
49
1
-2.43549 9.95376 0.464889
0.00746845 -0.0175401 0.0258293
50
1
-2.45007 9.98512 0.420185
0.00606958 -0.0146709 0.0233714
51
1
-2.46416 10.0145 0.372154
0.00623088 -0.0143268 0.0248421
52
1
-2.47835 10.0417 0.321803
0.00950707 -0.0147762 0.0282969
53
1
-2.49235 10.0668 0.269063
0.0094913 -0.014445 0.0311072
54
1
-2.50424 10.0886 0.214729
0.00585629 -0.0118697 0.0306227
55
1
-2.51324 10.1063 0.160298
0.00417536 -0.009214 0.0290836
56
1
-2.5199 10.1196 0.106545
0.00396472 -0.00637668 0.0278118
57
1
-2.52359 10.1272 0.0525587
0.0017975 -0.00337969 0.0266669
58
1
-2.52442 10.1295 7.57383e-009
3.80738e-011 1.43138e-010 0.0262254
59
1
-2.52359 10.1272 -0.0525587
-0.0017975 0.00337969 0.0266669
60
1
-2.5199 10.1196 -0.106545
-0.00396472 0.00637668 0.0278118
61
1
-2.51324 10.1063 -0.160298
-0.00417536 0.009214 0.0290836
62
1
-2.50424 10.0886 -0.214729
-0.00585629 0.0118697 0.0306227
63
1
-2.49235 10.0668 -0.269063
-0.0094913 0.014445 0.0311072
64
1
-2.47835 10.0417 -0.321803
-0.00950707 0.0147762 0.0282969
65
1
-2.46416 10.0145 -0.372154
-0.00623088 0.0143268 0.0248421
66
1
-2.45007 9.98512 -0.420185
-0.00606958 0.0146709 0.0233714
67
1
-2.43549 9.95376 -0.464889
-0.00746845 0.0175401 0.0258293
68
1
-2.41968 9.91919 -0.50619
-0.00800061 0.0196078 0.0222635
69
1
-2.4026 9.8814 -0.54292
-0.00791627 0.0198831 0.0145336
70
1
-2.38468 9.84187 -0.573879
-0.00791583 0.021267 0.013393
71
1
-2.3654 9.80223 -0.601106
-0.00993293 0.0209555 0.0124266
72
1
-2.34345 9.76359 -0.624795
-0.0119899 0.019478 0.008427
73
1
-2.31916 9.72598 -0.645937
-0.012151 0.018263 0.00725191
74
1
-2.29202 9.68921 -0.666392
-0.0146896 0.0181864 0.00970307
75
1
-2.26137 9.65369 -0.687537
-0.0189861 0.0179087 0.0115056
76
1
-2.22738 9.61985 -0.709076
-0.0180699 0.0159579 0.00939673
77
1
-2.19065 9.5872 -0.729361
-0.0169373 0.0154783 0.00935255
78
1
-2.15225 9.55459 -0.74866
-0.0193392 0.0161133 0.0119934
79
1
-2.11308 9.52274 -0.767325
-0.0196457 0.0146873 0.0100938
80
1
-2.07374 9.49164 -0.784786
-0.0193049 0.0140837 0.00796267
81
1
-2.03314 9.46065 -0.800186
-0.0214099 0.0156929 0.00898188
82
1
-1.99055 9.42972 -0.812587
-0.0223103 0.0162528 0.00678005
83
1
-1.94702 9.39916 -0.820291
-0.0216403 0.0156095 0.00283614
84
1
-1.90224 9.36968 -0.822566
-0.0223055 0.015208 0.00124316
85
1
-1.85579 9.34175 -0.819317
-0.0235217 0.014042 -0.00113919
86
1
-1.80787 9.31637 -0.810555
-0.0241238 0.0121907 -0.00546914
87
1
-1.75873 9.29428 -0.79647
-0.0248298 0.0102911 -0.0095868
88
1
-1.70832 9.27625 -0.777963
-0.0248486 0.00709382 -0.0125518
89
1
-1.65663 9.26291 -0.756664
-0.023864 0.0032964 -0.0130478
90
1
-1.60179 9.25394 -0.732966
-0.0261462 0.000729498 -0.0140506
91
1
-1.54217 9.24754 -0.70678
-0.0314226 0.000284682 -0.015205
92
1
-1.47754 9.24287 -0.680076
-0.0332838 0.000143572 -0.0138103
93
1
-1.40728 9.24045 -0.654791
-0.0351615 -0.00121833 -0.0120146
94
1
-1.3315 9.24026 -0.632885
-0.0396238 -0.000888742 -0.00929904
95
1
-1.25043 9.23956 -0.615224
-0.0416776 0.00104598 -0.00657682
96
1
-1.16066 9.2349 -0.599375
-0.0462729 0.00313869 -0.00733071
97
1
-1.06237 9.22333 -0.583422
-0.0550411 0.00858359 -0.00787753
98
1
-0.954744 9.20387 -0.565227
-0.0548449 0.0119847 -0.00956529
99
1
-0.839603 9.17744 -0.544252
-0.0599229 0.0151852 -0.0111917
100
1
-0.720121 9.14302 -0.520069
-0.0614296 0.0176397 -0.0126593
101
1
-0.596781 9.09799 -0.486708
-0.0606819 0.0230297 -0.0187336
102
1
-0.469958 9.04413 -0.43537
-0.0624043 0.0263049 -0.0298485
103
1
-0.336555 8.97568 -0.354884
-0.0497002 0.036916 -0.0386284
104
1
-0.177137 8.85358 -0.241517
-0.0472674 0.0485239 -0.0343547
105
1
-0.247751 6.14312 -0.0587755
0.0361165 -0.0319566 0.00959035
106
1
-0.0574468 12.7785 -0.0956864
-0.0154252 -0.0334496 0.0358564
107
1
0.0574468 12.7785 -0.0956863
-0.0154252 0.0334496 -0.0358564
108
1
0.247742 6.14312 -0.0587738
0.036118 0.0319558 -0.0095912
109
1
0.177137 8.85358 -0.241517
-0.0472674 -0.0485239 0.0343547
110
1
0.336555 8.97568 -0.354884
-0.0497002 -0.036916 0.0386284
111
1
0.469958 9.04413 -0.43537
-0.0624043 -0.0263049 0.0298485
112
1
0.596781 9.09799 -0.486708
-0.0606819 -0.0230297 0.0187336
113
1
0.720121 9.14302 -0.520069
-0.0614296 -0.0176397 0.0126593
114
1
0.839603 9.17744 -0.544252
-0.0599229 -0.0151852 0.0111917
115
1
0.954744 9.20387 -0.565228
-0.0548449 -0.0119847 0.00956529
116
1
1.06237 9.22333 -0.583422
-0.0550411 -0.00858359 0.00787753
117
1
1.16066 9.2349 -0.599375
-0.0462729 -0.00313869 0.00733071
118
1
1.25043 9.23956 -0.615224
-0.0416776 -0.00104598 0.00657682
119
1
1.3315 9.24026 -0.632885
-0.0396238 0.000888741 0.00929904
120
1
1.40728 9.24045 -0.654791
-0.0351615 0.00121833 0.0120146
121
1
1.47754 9.24287 -0.680076
-0.0332838 -0.000143572 0.0138103
122
1
1.54217 9.24754 -0.70678
-0.0314226 -0.000284682 0.015205
123
1
1.60179 9.25394 -0.732966
-0.0261462 -0.000729498 0.0140506
124
1
1.65663 9.26291 -0.756664
-0.023864 -0.0032964 0.0130478
125
1
1.70832 9.27625 -0.777963
-0.0248486 -0.00709382 0.0125518
126
1
1.75873 9.29428 -0.79647
-0.0248298 -0.0102911 0.0095868
127
1
1.80787 9.31637 -0.810555
-0.0241238 -0.0121907 0.00546914
128
1
1.85579 9.34175 -0.819317
-0.0235217 -0.014042 0.00113919
129
1
1.90224 9.36968 -0.822566
-0.0223055 -0.015208 -0.00124316
130
1
1.94702 9.39916 -0.820291
-0.0216403 -0.0156095 -0.00283614
131
1
1.99055 9.42972 -0.812587
-0.0223103 -0.0162528 -0.00678005
132
1
2.03314 9.46065 -0.800186
-0.0214099 -0.0156929 -0.00898188
133
1
2.07374 9.49164 -0.784786
-0.0193049 -0.0140837 -0.00796267
134
1
2.11308 9.52274 -0.767325
-0.0196457 -0.0146873 -0.0100938
135
1
2.15225 9.55459 -0.74866
-0.0193392 -0.0161133 -0.0119934
136
1
2.19065 9.5872 -0.729361
-0.0169373 -0.0154783 -0.00935255
137
1
2.22738 9.61985 -0.709076
-0.0180699 -0.0159579 -0.00939673
138
1
2.26137 9.65369 -0.687537
-0.0189861 -0.0179087 -0.0115056
139
1
2.29202 9.68921 -0.666392
-0.0146896 -0.0181864 -0.00970307
140
1
2.31916 9.72598 -0.645937
-0.012151 -0.018263 -0.00725191
141
1
2.34345 9.76359 -0.624796
-0.0119899 -0.019478 -0.008427
142
1
2.3654 9.80223 -0.601106
-0.00993293 -0.0209555 -0.0124266
143
1
2.38468 9.84187 -0.573879
-0.00791583 -0.021267 -0.013393
144
1
2.4026 9.8814 -0.54292
-0.00791627 -0.0198831 -0.0145336
145
1
2.41968 9.91919 -0.50619
-0.00800061 -0.0196078 -0.0222635
146
1
2.43549 9.95376 -0.464889
-0.00746845 -0.0175401 -0.0258293
147
1
2.45007 9.98512 -0.420185
-0.00606958 -0.0146709 -0.0233714
148
1
2.46416 10.0145 -0.372154
-0.00623088 -0.0143268 -0.0248421
149
1
2.47835 10.0417 -0.321803
-0.00950707 -0.0147762 -0.0282969
150
1
2.49235 10.0668 -0.269063
-0.0094913 -0.014445 -0.0311072
151
1
2.50424 10.0886 -0.214729
-0.00585629 -0.0118697 -0.0306227
152
1
2.51324 10.1063 -0.160298
-0.00417536 -0.009214 -0.0290836
153
1
2.5199 10.1196 -0.106545
-0.00396472 -0.00637668 -0.0278118
154
1
2.52359 10.1272 -0.0525587
-0.0017975 -0.00337969 -0.0266669
155
1
2.52442 10.1295 -1.11557e-008
2.23885e-012 1.03426e-010 -0.0262254
156
1
2.52359 10.1272 0.0525587
0.0017975 0.00337969 -0.0266669
157
1
2.5199 10.1196 0.106545
0.00396472 0.00637668 -0.0278118
158
1
2.51324 10.1063 0.160298
0.00417536 0.009214 -0.0290836
159
1
2.50424 10.0886 0.214729
0.00585629 0.0118697 -0.0306227
160
1
2.49235 10.0668 0.269063
0.0094913 0.014445 -0.0311072
161
1
2.47835 10.0417 0.321803
0.00950707 0.0147762 -0.0282969
162
1
2.46416 10.0145 0.372154
0.00623088 0.0143268 -0.0248421
163
1
2.45007 9.98512 0.420185
0.00606958 0.0146709 -0.0233714
164
1
2.43549 9.95376 0.464889
0.00746845 0.0175401 -0.0258293
165
1
2.41968 9.91919 0.50619
0.00800061 0.0196078 -0.0222635
166
1
2.4026 9.8814 0.54292
0.00791627 0.0198831 -0.0145336
167
1
2.38468 9.84187 0.573879
0.00791583 0.021267 -0.013393
168
1
2.3654 9.80223 0.601106
0.00993293 0.0209555 -0.0124266
169
1
2.34345 9.76359 0.624795
0.0119899 0.019478 -0.00842699
170
1
2.31916 9.72598 0.645937
0.012151 0.018263 -0.00725191
171
1
2.29202 9.68921 0.666392
0.0146896 0.0181864 -0.00970307
172
1
2.26137 9.65369 0.687536
0.0189861 0.0179087 -0.0115056
173
1
2.22738 9.61985 0.709076
0.0180699 0.0159579 -0.00939673
174
1
2.19065 9.5872 0.729361
0.0169373 0.0154783 -0.00935255
175
1
2.15225 9.55459 0.74866
0.0193392 0.0161133 -0.0119934
176
1
2.11308 9.52274 0.767325
0.0196457 0.0146873 -0.0100938
177
1
2.07374 9.49164 0.784786
0.0193049 0.0140837 -0.00796267
178
1
2.03314 9.46065 0.800186
0.0214099 0.0156929 -0.00898188
179
1
1.99055 9.42972 0.812587
0.0223103 0.0162528 -0.00678005
180
1
1.94702 9.39916 0.820291
0.0216403 0.0156095 -0.00283613
181
1
1.90224 9.36968 0.822566
0.0223055 0.015208 -0.00124316
182
1
1.85579 9.34175 0.819317
0.0235217 0.014042 0.00113919
183
1
1.80787 9.31637 0.810555
0.0241238 0.0121907 0.00546914
184
1
1.75873 9.29428 0.79647
0.0248298 0.0102911 0.0095868
185
1
1.70832 9.27625 0.777963
0.0248486 0.00709382 0.0125518
186
1
1.65663 9.26291 0.756664
0.023864 0.0032964 0.0130478
187
1
1.60179 9.25394 0.732966
0.0261462 0.000729498 0.0140506
188
1
1.54217 9.24754 0.70678
0.0314226 0.000284682 0.015205
189
1
1.47754 9.24287 0.680076
0.0332838 0.000143572 0.0138103
190
1
1.40728 9.24045 0.654791
0.0351615 -0.00121833 0.0120146
191
1
1.3315 9.24026 0.632885
0.0396238 -0.000888742 0.00929904
192
1
1.25043 9.23956 0.615224
0.0416776 0.00104598 0.00657682
193
1
1.16066 9.2349 0.599375
0.0462729 0.00313869 0.00733071
