194
0
1
0.868884 12.2921 2.67824
0.0222182 0.0246478 -0.0147863
1
1
0.828779 12.237 2.72117
0.014244 0.0212628 -0.0203428
2
1
0.776019 12.1743 2.80004
0.0284248 0.0390766 -0.0565321
3
1
0.720354 12.1246 2.88892
0.0306073 0.0220022 -0.046342
4
1
0.653133 12.0926 2.97586
0.0417079 0.00315036 -0.0465641
5
1
0.581878 12.0793 3.04681
0.0186838 0.00477457 -0.0167182
6
1
0.448751 12.0507 3.1335
0.0687832 0.0101474 -0.0348857
7
1
0.210005 12.0211 3.23636
0.075021 0.00429715 -0.0206212
8
1
0.46836 6.0235 0.0651026
-0.00212448 -0.0502805 -0.0096011
9
1
0.937326 12.0235 0.166208
0.0746166 -0.00687738 -0.0213756
10
1
-0.935148 12.1116 -0.267014
0.0536071 0.052977 0.0197882
11
1
-0.476973 6.02359 0.0440984
-0.00293504 0.0486641 0.0084955
12
1
-0.21028 12.021 3.23601
0.0750126 -0.00421842 0.0206678
13
1
-0.448766 12.0502 3.13297
0.0687403 -0.0100064 0.0349391
14
1
-0.581713 12.0786 3.04621
0.0186548 -0.00470102 0.0167024
15
1
-0.652771 12.0916 2.9753
0.0416681 -0.00293685 0.046517
16
1
-0.71978 12.1233 2.88857
0.0304924 -0.0217625 0.0462335
17
1
-0.775076 12.1728 2.80017
0.0281948 -0.0388096 0.056221
18
1
-0.827258 12.2354 2.72219
0.013991 -0.0212263 0.0200506
19
1
-0.866668 12.2906 2.68023
0.0218239 -0.0246953 0.0141931
20
1
-0.907538 12.3478 2.64098
0.023214 -0.0349273 0.0157734
21
1
-0.941712 12.4049 2.59752
0.0187273 -0.0239629 0.0191411
22
1
-0.963412 12.4585 2.54624
0.00248953 -0.0295528 0.0345223
23
1
-0.970619 12.5029 2.49106
0.00563911 -0.0184794 0.0243077
24
1
-0.969862 12.5376 2.44562
0.00796471 -0.00725793 0.0115665
25
1
-0.956225 12.5654 2.40993
-0.00441367 -0.0107512 0.0130164
26
1
-0.935329 12.5887 2.36861
-0.0314586 -0.00767938 0.0242176
27
1
-0.908953 12.6044 2.32362
-0.0244837 -0.00258529 0.0285204
28
1
-0.87597 12.6172 2.27641
-0.0183048 -0.00522999 0.0259679
29
1
-0.840356 12.6316 2.2297
-0.019357 -0.010877 0.0241872
30
1
-0.806775 12.6438 2.18711
-0.0147851 -0.0070555 0.0160006
31
1
-0.777059 12.6519 2.14965
-0.0120819 -0.00270146 0.0115019
32
1
-0.749384 12.6548 2.11289
-0.0111772 -0.000666081 0.00968473
33
1
-0.723435 12.6541 2.07707
-0.00935621 0.0028095 0.020032
34
1
-0.6982 12.6508 2.03841
-0.0102328 0.0045479 0.0228659
35
1
-0.670214 12.6466 1.99463
-0.0130135 0.00432947 0.0182151
36
1
-0.63964 12.6416 1.94681
-0.015841 0.0020301 0.0307158
37
1
-0.605378 12.6368 1.89735
-0.0213413 0.00298894 0.0343655
38
1
-0.568028 12.6319 1.85085
-0.0222304 0.00503259 0.0189885
39
1
-0.530701 12.6276 1.8089
-0.0157092 0.00445618 0.00979121
40
1
-0.494538 12.6265 1.77188
-0.0154783 0.00537818 0.0159125
41
1
-0.463975 12.629 1.73735
-0.017864 0.00398178 0.0210729
42
1
-0.437853 12.6378 1.70164
-0.0163312 -0.0029841 0.0178184
43
1
-0.40901 12.6527 1.66518
-0.0181942 -0.0147205 0.0174481
44
1
-0.38571 12.6829 1.62687
-0.0211303 -0.039744 0.0225309
45
1
-0.369243 12.7157 1.57652
0.0129147 -0.0302049 0.0387384
46
1
-0.361698 12.748 1.51594
-0.0153751 -0.00673274 0.0441802
47
1
-0.356055 12.7666 1.45833
-0.0101551 -0.0156526 0.0256008
48
1
-0.356121 12.7767 1.38427
0.0346957 -0.00796323 0.0686193
49
1
-0.359184 12.7879 1.32298
-0.0146283 0.00357969 0.021703
50
1
-0.364754 12.8036 1.24882
0.0174927 -0.0261876 0.0712746
51
1
-0.396794 12.8535 1.10535
0.0242916 -0.0110537 0.0732092
52
1
-0.435802 12.8869 1.03751
-0.0288831 0.00385501 -0.0550035
53
1
-0.498812 12.9345 1.02213
0.0531512 0.00643986 0.0225262
54
1
-0.521693 12.9652 1.01287
0.00195178 -0.00600245 0.0188507
55
1
-0.591132 12.944 0.982754
0.00449246 0.000608025 -0.00806934
56
1
0.191665 14.646 1.27949
-0.052678 -0.0362271 0.0445475
57
1
-0.18881 13.7237 0.00445817
-0.0409172 0.0152228 -0.0177487
58
1
0.0570142 15.9892 -0.0232114
-0.0366865 0.0345115 -0.0594551
59
1
-0.184626 13.7118 -0.0506792
0.0423112 -0.0143087 -0.00649197
60
1
-0.305748 14.6109 -1.33342
-0.0334613 -0.0432819 0.0554875
61
1
-0.449808 12.962 -0.953
-0.00867693 0.00370956 -0.00773582
62
1
-0.379913 12.9821 -1.01603
-0.0030484 0.00137381 0.0231773
63
1
-0.346277 12.9576 -1.04221
-0.0617794 -0.0149361 0.0326426
64
1
-0.293141 12.9126 -1.09513
0.0355948 0.0157492 -0.0503325
65
1
-0.270041 12.8903 -1.15964
-0.0283315 -0.00792429 0.0721553
66
1
-0.248644 12.8494 -1.27912
-0.00223592 0.0296659 0.0438394
67
1
-0.255614 12.8425 -1.34107
0.0220527 -0.00300114 0.0255165
68
1
-0.259606 12.8336 -1.3989
-0.0343993 0.00220728 0.0698832
69
1
-0.262945 12.8304 -1.47001
0.0192931 0.00831838 0.018655
70
1
-0.273404 12.8139 -1.53041
0.0092343 0.00563071 0.0547977
71
1
-0.287784 12.7809 -1.59748
-0.00383931 0.0372737 0.0440614
72
1
-0.312084 12.7488 -1.64799
0.0306169 0.0362525 0.0237692
73
1
-0.345435 12.7181 -1.68696
0.0247125 0.0133673 0.0186206
74
1
-0.381891 12.703 -1.72573
0.021362 0.0035611 0.0180757
75
1
-0.41637 12.6925 -1.76217
0.0227235 -0.00169882 0.0190923
76
1
-0.455977 12.6867 -1.79456
0.01926 -0.00245784 0.0132737
77
1
-0.500379 12.6843 -1.82666
0.019668 -0.00184421 0.00819949
78
1
-0.546465 12.6827 -1.86119
0.026371 -0.00126365 0.0144791
79
1
-0.590798 12.6821 -1.90098
0.0240401 0.000782863 0.0272201
80
1
-0.63081 12.6822 -1.94445
0.0179695 0.000691101 0.0274335
81
1
-0.665771 12.6827 -1.98901
0.0149491 -0.00214348 0.0198001
82
1
-0.697134 12.6831 -2.03151
0.0115859 -0.00249485 0.0225875
83
1
-0.725135 12.6833 -2.0698
0.0104702 -0.00123801 0.0192337
84
1
-0.753431 12.681 -2.10553
0.0121667 0.00160182 0.00980653
85
1
-0.78311 12.6749 -2.14203
0.0127059 0.003708 0.0114517
86
1
-0.814187 12.6633 -2.17914
0.0150939 0.00862762 0.0159224
87
1
-0.848372 12.6471 -2.22142
0.0192148 0.0132334 0.0239279
88
1
-0.88389 12.6286 -2.26764
0.0177578 0.00746821 0.0254051
89
1
-0.917057 12.6124 -2.31491
0.0241313 0.00485485 0.0285312
90
1
-0.943854 12.5938 -2.36059
0.0316011 0.00949348 0.0254563
91
1
-0.964673 12.5685 -2.40247
0.00453679 0.0114478 0.0135614
92
1
-0.977879 12.5395 -2.4389
-0.0079974 0.00760598 0.0117004
93
1
-0.977773 12.5037 -2.48485
-0.00638219 0.0183333 0.0246789
94
1
-0.96896 12.4591 -2.54087
-0.00375208 0.0285315 0.0349779
95
1
-0.946006 12.4061 -2.5932
-0.0190452 0.0239288 0.0198833
96
1
-0.910716 12.3492 -2.6379
-0.0235921 0.0348082 0.0166744
97
1
-0.868882 12.2921 -2.67824
-0.022218 0.0246478 0.0147865
98
1
-0.828777 12.237 -2.72117
-0.0142439 0.0212628 0.020343
99
1
-0.776017 12.1743 -2.80004
-0.0284245 0.0390766 0.0565323
100
1
-0.720352 12.1246 -2.88892
-0.0306071 0.0220022 0.0463421
101
1
-0.653132 12.0926 -2.97586
-0.0417078 0.0031504 0.0465642
102
1
-0.581877 12.0793 -3.04681
-0.0186837 0.00477458 0.0167183
103
1
-0.448751 12.0507 -3.1335
-0.0687831 0.0101474 0.0348858
104
1
-0.210004 12.0211 -3.23636
-0.075021 0.00429715 0.0206212
105
1
-0.468422 6.02348 -0.0648819
0.00213284 -0.0502673 0.00960843
106
1
-0.937122 12.0237 -0.166189
-0.0746384 -0.00687245 0.0213008
107
1
0.935467 12.1115 0.267064
-0.053609 0.0529998 -0.0197217
108
1
0.477021 6.02357 -0.0438691
0.00294382 0.0486518 -0.00850174
109
1
0.210279 12.021 -3.236
-0.0750126 -0.00421844 -0.0206678
110
1
0.448765 12.0502 -3.13297
-0.0687402 -0.0100065 -0.0349391
111
1
0.581712 12.0786 -3.04621
-0.0186548 -0.00470103 -0.0167024
112
1
0.65277 12.0916 -2.9753
-0.041668 -0.00293689 -0.0465171
113
1
0.719779 12.1233 -2.88857
-0.0304922 -0.0217626 -0.0462336
114
1
0.775075 12.1728 -2.80017
-0.0281946 -0.0388097 -0.0562211
115
1
0.827256 12.2354 -2.72218
-0.0139909 -0.0212264 -0.0200507
116
1
0.866666 12.2906 -2.68023
-0.0218238 -0.0246953 -0.0141933
117
1
0.907536 12.3478 -2.64097
-0.0232138 -0.0349273 -0.0157737
118
1
0.94171 12.4049 -2.59751
-0.0187272 -0.0239628 -0.0191413
119
1
0.963409 12.4585 -2.54623
-0.00248949 -0.0295524 -0.0345227
120
1
0.970616 12.5029 -2.49106
-0.00563903 -0.0184792 -0.024308
121
1
0.969859 12.5376 -2.44561
-0.00796461 -0.00725793 -0.0115667
122
1
0.956222 12.5654 -2.40993
0.0044138 -0.0107512 -0.0130165
123
1
0.935325 12.5887 -2.36861
0.0314586 -0.00767931 -0.0242176
124
1
0.908949 12.6044 -2.32361
0.0244836 -0.0025853 -0.0285203
125
1
0.875966 12.6172 -2.2764
0.0183048 -0.00523003 -0.025968
126
1
0.840352 12.6316 -2.22969
0.0193571 -0.0108771 -0.0241875
127
1
0.806771 12.6438 -2.1871
0.0147852 -0.00705553 -0.0160007
128
1
0.777055 12.6519 -2.14964
0.0120819 -0.00270148 -0.011502
129
1
0.749379 12.6548 -2.11289
0.0111772 -0.000666109 -0.00968487
130
1
0.723431 12.6541 -2.07706
0.00935624 0.00280946 -0.0200321
131
1
0.698196 12.6508 -2.0384
0.0102328 0.00454786 -0.0228659
132
1
0.670209 12.6466 -1.99462
0.0130135 0.00432938 -0.0182147
133
1
0.639635 12.6416 -1.94681
0.0158411 0.00203 -0.0307155
134
1
0.605373 12.6368 -1.89734
0.0213416 0.00298877 -0.0343652
135
1
0.568022 12.6319 -1.85084
0.0222308 0.00503241 -0.0189884
136
1
0.530694 12.6276 -1.8089
0.0157097 0.00445611 -0.00979121
137
1
0.49453 12.6265 -1.77187
0.0154789 0.00537811 -0.0159122
138
1
0.463967 12.629 -1.73735
0.0178645 0.00398169 -0.0210724
139
1
0.437844 12.6378 -1.70163
0.0163314 -0.00298416 -0.0178181
140
1
0.409001 12.6527 -1.66517
0.0181942 -0.0147204 -0.0174481
141
1
0.385701 12.6829 -1.62687
0.0211295 -0.0397427 -0.0225314
142
1
0.369234 12.7157 -1.57651
-0.0129145 -0.0302041 -0.0387393
143
1
0.361689 12.748 -1.51593
0.0153753 -0.00673267 -0.0441815
144
1
0.356045 12.7665 -1.45832
0.0101557 -0.0156524 -0.0256008
145
1
0.356109 12.7767 -1.38426
-0.0346947 -0.00796262 -0.0686193
146
1
0.359171 12.7879 -1.32297
0.0146286 0.00358075 -0.0217045
147
1
0.364739 12.8035 -1.24881
-0.0174891 -0.0261841 -0.0712768
148
1
0.396767 12.8535 -1.10533
-0.0242824 -0.0110546 -0.0732121
149
1
0.435777 12.8869 -1.03749
0.0288782 0.00386355 0.0550197
150
1
0.498791 12.9345 -1.02211
-0.0531502 0.00644687 -0.0225319
151
1
0.521678 12.9652 -1.01286
-0.00195065 -0.00600374 -0.0188567
152
1
0.59111 12.9439 -0.98274
-0.00449336 0.000610352 0.00807081
153
1
-0.191617 14.646 -1.27954
0.0526623 -0.0362345 -0.04456
154
1
0.18881 13.7237 -0.00445389
0.0409185 0.0152229 0.0177475
155
1
-0.0570098 15.9892 0.0232368
0.0366867 0.0345101 0.0594558
156
1
0.18463 13.7118 0.0506841
-0.0423108 -0.0143083 0.00649297
157
1
0.305775 14.6109 1.3334
0.0334745 -0.043289 -0.0554741
158
1
0.449807 12.9621 0.953014
0.00867622 0.00371149 0.00773456
159
1
0.379911 12.9821 1.01605
0.00304862 0.00137586 -0.0231735
160
1
0.346278 12.9576 1.04223
0.0617873 -0.0149257 -0.0326396
161
1
0.293141 12.9126 1.09515
-0.0356021 0.0157451 0.0503179
162
1
0.270043 12.8903 1.15966
0.0283418 -0.00791864 -0.0721518
163
1
0.24864 12.8494 1.27913
0.0022347 0.0296681 -0.0438423
164
1
0.255609 12.8425 1.34109
-0.0220545 -0.00300193 -0.0255183
165
1
0.259601 12.8336 1.39891
0.034398 0.0022088 -0.0698838
166
1
0.262942 12.8304 1.47003
-0.0192932 0.00831864 -0.0186558
167
1
0.273401 12.8139 1.53042
-0.00923664 0.00563113 -0.0547966
168
1
0.287782 12.7809 1.59749
0.00383883 0.0372741 -0.044062
169
1
0.312082 12.7488 1.64801
-0.0306161 0.036252 -0.023769
170
1
0.345434 12.7182 1.68698
-0.0247123 0.0133668 -0.0186203
171
1
0.38189 12.703 1.72575
-0.0213621 0.00356076 -0.0180755
172
1
0.41637 12.6925 1.76219
-0.0227237 -0.00169912 -0.0190919
173
1
0.455978 12.6867 1.79458
-0.01926 -0.00245801 -0.0132732
174
1
0.500379 12.6843 1.82667
-0.0196681 -0.00184435 -0.00819897
175
1
0.546466 12.6828 1.86121
-0.0263712 -0.00126377 -0.0144782
176
1
0.5908 12.6821 1.90099
-0.0240403 0.000782922 -0.0272191
177
1
0.630812 12.6822 1.94446
-0.01797 0.000691323 -0.0274331
178
1
0.665774 12.6827 1.98902
-0.0149496 -0.0021432 -0.0198005
179
1
0.697138 12.6831 2.03152
-0.0115863 -0.00249454 -0.0225873
180
1
0.72514 12.6833 2.06981
-0.0104704 -0.00123779 -0.0192334
181
1
0.753436 12.681 2.10554
-0.0121669 0.00160196 -0.00980639
182
1
0.783116 12.6749 2.14204
-0.0127059 0.00370816 -0.0114515
183
1
0.814192 12.6633 2.17915
-0.0150939 0.00862784 -0.0159221
184
1
0.848377 12.6471 2.22143
-0.0192147 0.0132337 -0.0239275
185
1
0.883895 12.6286 2.26765
-0.0177577 0.00746851 -0.0254049
186
1
0.917062 12.6124 2.31491
-0.0241314 0.00485519 -0.0285312
187
1
0.943859 12.5938 2.3606
-0.0316011 0.00949384 -0.0254564
188
1
0.964678 12.5685 2.40248
-0.00453665 0.011448 -0.0135613
189
1
0.977884 12.5395 2.4389
0.00799753 0.00760603 -0.0117002
190
1
0.977777 12.5037 2.48485
0.00638241 0.0183335 -0.0246786
191
1
0.968964 12.4591 2.54087
0.00375234 0.0285318 -0.0349774
192
1
0.946009 12.4061 2.59321
0.0190454 0.0239288 -0.019883
193
1
0.910719 12.3492 2.63791
0.0235923 0.0348082 -0.0166741
