194
0
1
0.693285 1.50638 2.4442
0.0191915 -0.0261827 -0.0218841
1
1
0.651265 1.55624 2.48624
0.0235826 -0.0251531 -0.0207122
2
1
0.600648 1.60445 2.52612
0.0276671 -0.0232957 -0.0195043
3
1
0.541567 1.64965 2.56285
0.0321556 -0.0210976 -0.0181081
4
1
0.473992 1.69023 2.59481
0.0354256 -0.0187493 -0.0150837
5
1
0.398948 1.7252 2.6209
0.0388675 -0.0156053 -0.0112221
6
1
0.317427 1.75356 2.64094
0.0421995 -0.0119262 -0.00813094
7
1
0.230498 1.77475 2.65514
0.0445273 -0.00849732 -0.00570592
8
1
0.139693 1.78844 2.66429
0.0460478 -0.00519017 -0.00330911
9
1
0.0467769 1.79496 2.6688
0.0468388 -0.00173811 -0.00105435
10
1
-0.0467769 1.79496 2.6688
0.0468388 0.00173811 0.00105435
11
1
-0.139693 1.78844 2.66429
0.0460478 0.00519017 0.00330911
12
1
-0.230498 1.77475 2.65514
0.0445273 0.00849732 0.00570592
13
1
-0.317427 1.75356 2.64094
0.0421995 0.0119262 0.00813094
14
1
-0.398948 1.7252 2.6209
0.0388675 0.0156053 0.0112221
15
1
-0.473992 1.69023 2.59481
0.0354256 0.0187493 0.0150837
16
1
-0.541567 1.64965 2.56285
0.0321556 0.0210976 0.0181081
17
1
-0.600648 1.60445 2.52612
0.0276671 0.0232957 0.0195043
18
1
-0.651265 1.55624 2.48624
0.0235826 0.0251531 0.0207122
19
1
-0.693285 1.50638 2.4442
0.0191915 0.0261827 0.0218841
20
1
-0.727166 1.45675 2.40026
0.0142378 0.0254209 0.0228557
21
1
-0.754439 1.40898 2.35411
0.0108611 0.0236944 0.0242975
22
1
-0.77591 1.36415 2.30506
0.00791118 0.0217631 0.0256525
23
1
-0.792096 1.32202 2.25345
0.00545506 0.0201283 0.026966
24
1
-0.804125 1.28225 2.19996
0.0034022 0.0191742 0.0275871
25
1
-0.812565 1.2446 2.14502
0.00226327 0.0189341 0.0274908
26
1
-0.817693 1.20825 2.08951
0.00151445 0.0185304 0.027453
27
1
-0.820143 1.17334 2.03379
0.000290376 0.0178124 0.0275332
28
1
-0.819428 1.1405 1.97767
-0.00153311 0.0171304 0.0274428
29
1
-0.814327 1.11005 1.92122
-0.00354471 0.0164161 0.0272414
30
1
-0.804089 1.08162 1.86517
-0.005476 0.0153369 0.0271132
31
1
-0.78937 1.05479 1.81003
-0.00732754 0.0137307 0.027146
32
1
-0.77161 1.0297 1.75547
-0.00908414 0.0117437 0.0273548
33
1
-0.752168 1.00713 1.70053
-0.01057 0.00962242 0.0277265
34
1
-0.731814 0.988182 1.64438
-0.0115803 0.0075175 0.0282216
35
1
-0.710782 0.973618 1.58677
-0.0120368 0.00550201 0.0287787
36
1
-0.689255 0.963453 1.52788
-0.011981 0.00364104 0.0293667
37
1
-0.667619 0.957116 1.4679
-0.0115071 0.00199145 0.0299875
38
1
-0.646483 0.953833 1.40688
-0.0107294 0.000590279 0.030641
39
1
-0.626478 0.952915 1.34472
-0.00976189 -0.000541044 0.03131
40
1
-0.608107 0.953816 1.28133
-0.0087011 -0.0013981 0.03197
41
1
-0.591673 0.956118 1.21669
-0.00761939 -0.00199599 0.0326009
42
1
-0.577263 0.959464 1.15084
-0.00656849 -0.00236614 0.0331922
43
1
-0.564826 0.963509 1.08385
-0.00558298 -0.00254896 0.0337397
44
1
-0.554231 0.967954 1.01583
-0.00468467 -0.00258664 0.0342424
45
1
-0.545302 0.972539 0.946857
-0.00388558 -0.00251853 0.0347001
46
1
-0.537855 0.977058 0.877023
-0.00318935 -0.00237798 0.0351132
47
1
-0.531707 0.98136 0.806413
-0.00259357 -0.00219162 0.0354824
48
1
-0.526677 0.985347 0.735111
-0.0020913 -0.00197945 0.0358091
49
1
-0.5226 0.988962 0.663199
-0.00167282 -0.00175607 0.0360953
50
1
-0.519326 0.992171 0.590753
-0.00132694 -0.00153111 0.0363432
51
1
-0.51672 0.994968 0.517849
-0.00104272 -0.00131082 0.036555
52
1
-0.514673 0.997354 0.444556
-0.000809217 -0.00109847 0.0367331
53
1
-0.513088 0.999339 0.370938
-0.00061709 -0.00089579 0.0368798
54
1
-0.511888 1.00094 0.297056
-0.000457318 -0.000702549 0.0369969
55
1
-0.511015 1.00216 0.222968
-0.000322803 -0.000518241 0.0370861
56
1
-0.510424 1.00302 0.148729
-0.00020567 -0.000340838 0.0371489
57
1
-0.51008 1.00354 0.0743891
-0.000100106 -0.000168971 0.0371861
58
1
-0.50997 1.00371 -6.00535e-017
-2.48573e-017 8.38646e-018 0.0371985
59
1
-0.51008 1.00354 -0.0743891
0.000100106 0.000168971 0.0371861
60
1
-0.510424 1.00302 -0.148729
0.00020567 0.000340838 0.0371489
61
1
-0.511015 1.00216 -0.222968
0.000322803 0.000518241 0.0370861
62
1
-0.511888 1.00094 -0.297056
0.000457318 0.000702549 0.0369969
63
1
-0.513088 0.999339 -0.370938
0.00061709 0.00089579 0.0368798
64
1
-0.514673 0.997354 -0.444556
0.000809217 0.00109847 0.0367331
65
1
-0.51672 0.994968 -0.517849
0.00104272 0.00131082 0.036555
66
1
-0.519326 0.992171 -0.590753
0.00132694 0.00153111 0.0363432
67
1
-0.5226 0.988962 -0.663199
0.00167282 0.00175607 0.0360953
68
1
-0.526677 0.985347 -0.735111
0.0020913 0.00197945 0.0358091
69
1
-0.531707 0.98136 -0.806413
0.00259357 0.00219162 0.0354824
70
1
-0.537855 0.977058 -0.877023
0.00318935 0.00237798 0.0351132
71
1
-0.545302 0.972539 -0.946857
0.00388558 0.00251853 0.0347001
72
1
-0.554231 0.967954 -1.01583
0.00468467 0.00258664 0.0342424
73
1
-0.564826 0.963509 -1.08385
0.00558298 0.00254896 0.0337397
74
1
-0.577263 0.959464 -1.15084
0.00656849 0.00236614 0.0331922
75
1
-0.591673 0.956118 -1.21669
0.00761939 0.00199599 0.0326009
76
1
-0.608107 0.953816 -1.28133
0.0087011 0.0013981 0.03197
77
1
-0.626478 0.952915 -1.34472
0.00976189 0.000541044 0.03131
78
1
-0.646483 0.953833 -1.40688
0.0107294 -0.000590279 0.030641
79
1
-0.667619 0.957116 -1.4679
0.0115071 -0.00199145 0.0299875
80
1
-0.689255 0.963453 -1.52788
0.011981 -0.00364104 0.0293667
81
1
-0.710782 0.973618 -1.58677
0.0120368 -0.00550201 0.0287787
82
1
-0.731814 0.988182 -1.64438
0.0115803 -0.0075175 0.0282216
83
1
-0.752168 1.00713 -1.70053
0.01057 -0.00962242 0.0277265
84
1
-0.77161 1.0297 -1.75547
0.00908414 -0.0117437 0.0273548
85
1
-0.78937 1.05479 -1.81003
0.00732754 -0.0137307 0.027146
86
1
-0.804089 1.08162 -1.86517
0.005476 -0.0153369 0.0271132
87
1
-0.814327 1.11005 -1.92122
0.00354471 -0.0164161 0.0272414
88
1
-0.819428 1.1405 -1.97767
0.00153311 -0.0171304 0.0274428
89
1
-0.820143 1.17334 -2.03379
-0.000290376 -0.0178124 0.0275332
90
1
-0.817693 1.20825 -2.08951
-0.00151445 -0.0185304 0.027453
91
1
-0.812565 1.2446 -2.14502
-0.00226327 -0.0189341 0.0274908
92
1
-0.804125 1.28225 -2.19996
-0.0034022 -0.0191742 0.0275871
93
1
-0.792096 1.32202 -2.25345
-0.00545506 -0.0201283 0.026966
94
1
-0.77591 1.36415 -2.30506
-0.00791118 -0.0217631 0.0256525
95
1
-0.754439 1.40898 -2.35411
-0.0108611 -0.0236944 0.0242975
96
1
-0.727166 1.45675 -2.40026
-0.0142378 -0.0254209 0.0228557
97
1
-0.693285 1.50638 -2.4442
-0.0191915 -0.0261827 0.0218841
98
1
-0.651265 1.55624 -2.48624
-0.0235826 -0.0251531 0.0207122
99
1
-0.600648 1.60445 -2.52612
-0.0276671 -0.0232957 0.0195043
100
1
-0.541567 1.64965 -2.56285
-0.0321556 -0.0210976 0.0181081
101
1
-0.473992 1.69023 -2.59481
-0.0354256 -0.0187493 0.0150837
102
1
-0.398948 1.7252 -2.6209
-0.0388675 -0.0156053 0.0112221
103
1
-0.317427 1.75356 -2.64094
-0.0421995 -0.0119262 0.00813094
104
1
-0.230498 1.77475 -2.65514
-0.0445273 -0.00849732 0.00570592
105
1
-0.139693 1.78844 -2.66429
-0.0460478 -0.00519017 0.00330911
106
1
-0.0467769 1.79496 -2.6688
-0.0468388 -0.00173811 0.00105435
107
1
0.0467769 1.79496 -2.6688
-0.0468388 0.00173811 -0.00105435
108
1
0.139693 1.78844 -2.66429
-0.0460478 0.00519017 -0.00330911
109
1
0.230498 1.77475 -2.65514
-0.0445273 0.00849732 -0.00570592
110
1
0.317427 1.75356 -2.64094
-0.0421995 0.0119262 -0.00813094
111
1
0.398948 1.7252 -2.6209
-0.0388675 0.0156053 -0.0112221
112
1
0.473992 1.69023 -2.59481
-0.0354256 0.0187493 -0.0150837
113
1
0.541567 1.64965 -2.56285
-0.0321556 0.0210976 -0.0181081
114
1
0.600648 1.60445 -2.52612
-0.0276671 0.0232957 -0.0195043
115
1
0.651265 1.55624 -2.48624
-0.0235826 0.0251531 -0.0207122
116
1
0.693285 1.50638 -2.4442
-0.0191915 0.0261827 -0.0218841
117
1
0.727166 1.45675 -2.40026
-0.0142378 0.0254209 -0.0228557
118
1
0.754439 1.40898 -2.35411
-0.0108611 0.0236944 -0.0242975
119
1
0.77591 1.36415 -2.30506
-0.00791118 0.0217631 -0.0256525
120
1
0.792096 1.32202 -2.25345
-0.00545506 0.0201283 -0.026966
121
1
0.804125 1.28225 -2.19996
-0.0034022 0.0191742 -0.0275871
122
1
0.812565 1.2446 -2.14502
-0.00226327 0.0189341 -0.0274908
123
1
0.817693 1.20825 -2.08951
-0.00151445 0.0185304 -0.027453
124
1
0.820143 1.17334 -2.03379
-0.000290376 0.0178124 -0.0275332
125
1
0.819428 1.1405 -1.97767
0.00153311 0.0171304 -0.0274428
126
1
0.814327 1.11005 -1.92122
0.00354471 0.0164161 -0.0272414
127
1
0.804089 1.08162 -1.86517
0.005476 0.0153369 -0.0271132
128
1
0.78937 1.05479 -1.81003
0.00732754 0.0137307 -0.027146
129
1
0.77161 1.0297 -1.75547
0.00908414 0.0117437 -0.0273548
130
1
0.752168 1.00713 -1.70053
0.01057 0.00962242 -0.0277265
131
1
0.731814 0.988182 -1.64438
0.0115803 0.0075175 -0.0282216
132
1
0.710782 0.973618 -1.58677
0.0120368 0.00550201 -0.0287787
133
1
0.689255 0.963453 -1.52788
0.011981 0.00364104 -0.0293667
134
1
0.667619 0.957116 -1.4679
0.0115071 0.00199145 -0.0299875
135
1
0.646483 0.953833 -1.40688
0.0107294 0.000590279 -0.030641
136
1
0.626478 0.952915 -1.34472
0.00976189 -0.000541044 -0.03131
137
1
0.608107 0.953816 -1.28133
0.0087011 -0.0013981 -0.03197
138
1
0.591673 0.956118 -1.21669
0.00761939 -0.00199599 -0.0326009
139
1
0.577263 0.959464 -1.15084
0.00656849 -0.00236614 -0.0331922
140
1
0.564826 0.963509 -1.08385
0.00558298 -0.00254896 -0.0337397
141
1
0.554231 0.967954 -1.01583
0.00468467 -0.00258664 -0.0342424
142
1
0.545302 0.972539 -0.946857
0.00388558 -0.00251853 -0.0347001
143
1
0.537855 0.977058 -0.877023
0.00318935 -0.00237798 -0.0351132
144
1
0.531707 0.98136 -0.806413
0.00259357 -0.00219162 -0.0354824
145
1
0.526677 0.985347 -0.735111
0.0020913 -0.00197945 -0.0358091
146
1
0.5226 0.988962 -0.663199
0.00167282 -0.00175607 -0.0360953
147
1
0.519326 0.992171 -0.590753
0.00132694 -0.00153111 -0.0363432
148
1
0.51672 0.994968 -0.517849
0.00104272 -0.00131082 -0.036555
149
1
0.514673 0.997354 -0.444556
0.000809217 -0.00109847 -0.0367331
150
1
0.513088 0.999339 -0.370938
0.00061709 -0.00089579 -0.0368798
151
1
0.511888 1.00094 -0.297056
0.000457318 -0.000702549 -0.0369969
152
1
0.511015 1.00216 -0.222968
0.000322803 -0.000518241 -0.0370861
153
1
0.510424 1.00302 -0.148729
0.00020567 -0.000340838 -0.0371489
154
1
0.51008 1.00354 -0.0743891
0.000100106 -0.000168971 -0.0371861
155
1
0.50997 1.00371 -3.22291e-017
-3.07095e-017 -2.09416e-017 -0.0371985
156
1
0.51008 1.00354 0.0743891
-0.000100106 0.000168971 -0.0371861
157
1
0.510424 1.00302 0.148729
-0.00020567 0.000340838 -0.0371489
158
1
0.511015 1.00216 0.222968
-0.000322803 0.000518241 -0.0370861
159
1
0.511888 1.00094 0.297056
-0.000457318 0.000702549 -0.0369969
160
1
0.513088 0.999339 0.370938
-0.00061709 0.00089579 -0.0368798
161
1
0.514673 0.997354 0.444556
-0.000809217 0.00109847 -0.0367331
162
1
0.51672 0.994968 0.517849
-0.00104272 0.00131082 -0.036555
163
1
0.519326 0.992171 0.590753
-0.00132694 0.00153111 -0.0363432
164
1
0.5226 0.988962 0.663199
-0.00167282 0.00175607 -0.0360953
165
1
0.526677 0.985347 0.735111
-0.0020913 0.00197945 -0.0358091
166
1
0.531707 0.98136 0.806413
-0.00259357 0.00219162 -0.0354824
167
1
0.537855 0.977058 0.877023
-0.00318935 0.00237798 -0.0351132
168
1
0.545302 0.972539 0.946857
-0.00388558 0.00251853 -0.0347001
169
1
0.554231 0.967954 1.01583
-0.00468467 0.00258664 -0.0342424
170
1
0.564826 0.963509 1.08385
-0.00558298 0.00254896 -0.0337397
171
1
0.577263 0.959464 1.15084
-0.00656849 0.00236614 -0.0331922
172
1
0.591673 0.956118 1.21669
-0.00761939 0.00199599 -0.0326009
173
1
0.608107 0.953816 1.28133
-0.0087011 0.0013981 -0.03197
174
1
0.626478 0.952915 1.34472
-0.00976189 0.000541044 -0.03131
175
1
0.646483 0.953833 1.40688
-0.0107294 -0.000590279 -0.030641
176
1
0.667619 0.957116 1.4679
-0.0115071 -0.00199145 -0.0299875
177
1
0.689255 0.963453 1.52788
-0.011981 -0.00364104 -0.0293667
178
1
0.710782 0.973618 1.58677
-0.0120368 -0.00550201 -0.0287787
179
1
0.731814 0.988182 1.64438
-0.0115803 -0.0075175 -0.0282216
180
1
0.752168 1.00713 1.70053
-0.01057 -0.00962242 -0.0277265
181
1
0.77161 1.0297 1.75547
-0.00908414 -0.0117437 -0.0273548
182
1
0.78937 1.05479 1.81003
-0.00732754 -0.0137307 -0.027146
183
1
0.804089 1.08162 1.86517
-0.005476 -0.0153369 -0.0271132
184
1
0.814327 1.11005 1.92122
-0.00354471 -0.0164161 -0.0272414
185
1
0.819428 1.1405 1.97767
-0.00153311 -0.0171304 -0.0274428
186
1
0.820143 1.17334 2.03379
0.000290376 -0.0178124 -0.0275332
187
1
0.817693 1.20825 2.08951
0.00151445 -0.0185304 -0.027453
188
1
0.812565 1.2446 2.14502
0.00226327 -0.0189341 -0.0274908
189
1
0.804125 1.28225 2.19996
0.0034022 -0.0191742 -0.0275871
190
1
0.792096 1.32202 2.25345
0.00545506 -0.0201283 -0.026966
191
1
0.77591 1.36415 2.30506
0.00791118 -0.0217631 -0.0256525
192
1
0.754439 1.40898 2.35411
0.0108611 -0.0236944 -0.0242975
193
1
0.727166 1.45675 2.40026
0.0142378 -0.0254209 -0.0228557
