194
0
1
0.799916 9.62226 0.63412
0.0132085 0.0106742 0.0404011
1
1
0.765337 9.59941 0.556363
0.0138117 0.00784073 0.0394304
2
1
0.724052 9.57039 0.480224
0.0208118 0.0145245 0.0377853
3
1
0.671287 9.52768 0.414726
0.0265671 0.0246231 0.0342056
4
1
0.605034 9.47271 0.368953
0.0351252 0.0274876 0.014349
5
1
0.519827 9.40883 0.35333
0.0459729 0.0325864 -0.00996201
6
1
0.400338 9.33789 0.384046
0.0628647 0.0282428 -0.0363623
7
1
0.203258 9.25699 0.480078
0.0650834 0.0165771 -0.0395121
8
1
0.880149 6.42684 0.0570016
0.0486708 -0.00184535 -0.00930645
9
1
0.937968 13.2515 0.0556711
-0.0341977 -0.0573023 0.00758368
10
1
-0.937968 13.2515 0.0556702
-0.0341977 0.0573023 -0.00758389
11
1
-0.880184 6.42683 0.0567338
0.0486612 0.00184873 0.00933346
12
1
-0.203258 9.25699 0.480078
0.0650834 -0.0165771 0.0395121
13
1
-0.400338 9.33789 0.384046
0.0628647 -0.0282428 0.0363624
14
1
-0.519827 9.40883 0.353329
0.0459729 -0.0325863 0.00996203
15
1
-0.605034 9.47271 0.368953
0.0351252 -0.0274876 -0.014349
16
1
-0.671287 9.52768 0.414726
0.0265671 -0.0246231 -0.0342056
17
1
-0.724052 9.57039 0.480224
0.0208118 -0.0145245 -0.0377853
18
1
-0.765337 9.59941 0.556363
0.0138116 -0.00784073 -0.0394304
19
1
-0.799916 9.62226 0.634119
0.0132085 -0.0106742 -0.0404011
20
1
-0.833946 9.64777 0.70581
0.015678 -0.0151726 -0.0345864
21
1
-0.871068 9.67867 0.767842
0.0193324 -0.0171069 -0.0260441
22
1
-0.911614 9.7136 0.819773
0.0215537 -0.0202585 -0.0239505
23
1
-0.956502 9.75124 0.864192
0.022388 -0.0197473 -0.0203153
24
1
-1.00437 9.78926 0.900987
0.0261232 -0.0183032 -0.0166781
25
1
-1.05319 9.82575 0.931843
0.026272 -0.0172925 -0.0144301
26
1
-1.1011 9.86033 0.95835
0.022248 -0.015119 -0.0110455
27
1
-1.14786 9.89342 0.980731
0.0225961 -0.0145906 -0.00911132
28
1
-1.19413 9.92687 1.00007
0.0249906 -0.0158381 -0.00938798
29
1
-1.23975 9.96196 1.01704
0.0231292 -0.0177709 -0.0096933
30
1
-1.28201 9.99885 1.03175
0.0197719 -0.0187566 -0.00988426
31
1
-1.31985 10.0372 1.04404
0.0171997 -0.0195145 -0.00804006
32
1
-1.35395 10.0763 1.05353
0.015338 -0.0201894 -0.00486584
33
1
-1.386 10.1153 1.0595
0.0147951 -0.0199948 -0.00218697
34
1
-1.41711 10.1541 1.06085
0.0150556 -0.0204272 0.00174356
35
1
-1.44728 10.193 1.05653
0.0136706 -0.0208959 0.00448139
36
1
-1.47575 10.2312 1.04799
0.0121769 -0.0190108 0.00417776
37
1
-1.503 10.2682 1.03522
0.0139475 -0.0172938 0.00725656
38
1
-1.53111 10.304 1.01817
0.0153967 -0.0162611 0.0119191
39
1
-1.56049 10.3376 0.997045
0.013442 -0.0143918 0.0111039
40
1
-1.58964 10.3684 0.972211
0.0144002 -0.0140513 0.011482
41
1
-1.61847 10.3974 0.944416
0.0172082 -0.014007 0.0155558
42
1
-1.64792 10.4246 0.914242
0.0151102 -0.0122637 0.016542
43
1
-1.6771 10.4503 0.882192
0.0129733 -0.0114945 0.0149026
44
1
-1.70562 10.4752 0.847217
0.015322 -0.0130309 0.0167728
45
1
-1.73289 10.4997 0.807744
0.0169371 -0.0144536 0.0221523
46
1
-1.75754 10.524 0.763786
0.0120082 -0.01212 0.023267
47
1
-1.77789 10.5459 0.715513
0.00789675 -0.00961821 0.0238571
48
1
-1.79345 10.566 0.661921
0.00566651 -0.00969431 0.0311882
49
1
-1.80485 10.5831 0.605231
0.0035543 -0.00918458 0.0325693
50
1
-1.81315 10.5976 0.546282
0.00196754 -0.00611348 0.0298346
51
1
-1.8196 10.609 0.483469
0.00185413 -0.00369594 0.0333152
52
1
-1.82464 10.618 0.417667
0.00229097 -0.00390125 0.0369967
53
1
-1.82889 10.6259 0.348615
0.00157065 -0.00404908 0.0404781
54
1
-1.83291 10.6332 0.277764
0.00228233 -0.00313448 0.0409686
55
1
-1.83688 10.6393 0.206881
0.00217356 -0.00311892 0.038753
56
1
-1.83974 10.6436 0.137267
0.00123411 -0.00214629 0.0363125
57
1
-1.84101 10.6465 0.0676073
-0.000589418 -0.000599397 0.0346756
58
1
-1.84118 10.6476 -6.54499e-008
-4.61419e-012 6.26389e-010 0.0341746
59
1
-1.84101 10.6465 -0.0676075
0.000589418 0.000599398 0.0346756
60
1
-1.83974 10.6436 -0.137267
-0.00123411 0.0021463 0.0363125
61
1
-1.83688 10.6393 -0.206881
-0.00217356 0.00311892 0.038753
62
1
-1.83291 10.6332 -0.277764
-0.00228233 0.00313449 0.0409686
63
1
-1.82889 10.6259 -0.348615
-0.00157065 0.00404909 0.0404781
64
1
-1.82464 10.618 -0.417667
-0.00229097 0.00390125 0.0369967
65
1
-1.8196 10.609 -0.483469
-0.00185413 0.00369594 0.0333152
66
1
-1.81315 10.5976 -0.546282
-0.00196754 0.00611348 0.0298346
67
1
-1.80485 10.5831 -0.605231
-0.0035543 0.00918458 0.0325693
68
1
-1.79345 10.566 -0.661922
-0.00566651 0.00969431 0.0311882
69
1
-1.77789 10.5459 -0.715513
-0.00789675 0.00961821 0.0238571
70
1
-1.75754 10.524 -0.763786
-0.0120082 0.01212 0.023267
71
1
-1.73289 10.4997 -0.807744
-0.0169371 0.0144536 0.0221523
72
1
-1.70562 10.4752 -0.847217
-0.015322 0.0130309 0.0167728
73
1
-1.6771 10.4503 -0.882193
-0.0129733 0.0114945 0.0149026
74
1
-1.64792 10.4246 -0.914242
-0.0151102 0.0122637 0.016542
75
1
-1.61847 10.3974 -0.944416
-0.0172082 0.014007 0.0155558
76
1
-1.58964 10.3684 -0.972211
-0.0144002 0.0140513 0.011482
77
1
-1.56049 10.3376 -0.997045
-0.013442 0.0143918 0.0111039
78
1
-1.53111 10.304 -1.01817
-0.0153967 0.0162611 0.0119191
79
1
-1.503 10.2682 -1.03522
-0.0139475 0.0172938 0.00725656
80
1
-1.47575 10.2312 -1.04799
-0.0121769 0.0190108 0.00417776
81
1
-1.44728 10.193 -1.05653
-0.0136706 0.0208959 0.00448139
82
1
-1.41711 10.1541 -1.06085
-0.0150556 0.0204272 0.00174356
83
1
-1.386 10.1153 -1.0595
-0.0147951 0.0199948 -0.00218697
84
1
-1.35395 10.0763 -1.05353
-0.015338 0.0201894 -0.00486584
85
1
-1.31985 10.0372 -1.04404
-0.0171997 0.0195145 -0.00804006
86
1
-1.28201 9.99885 -1.03175
-0.0197719 0.0187566 -0.00988426
87
1
-1.23975 9.96196 -1.01704
-0.0231293 0.0177709 -0.0096933
88
1
-1.19413 9.92687 -1.00007
-0.0249906 0.0158381 -0.00938798
89
1
-1.14786 9.89342 -0.980731
-0.0225961 0.0145906 -0.00911132
90
1
-1.1011 9.86033 -0.95835
-0.022248 0.015119 -0.0110455
91
1
-1.05319 9.82575 -0.931843
-0.026272 0.0172925 -0.0144301
92
1
-1.00437 9.78926 -0.900987
-0.0261232 0.0183032 -0.0166781
93
1
-0.956502 9.75124 -0.864192
-0.022388 0.0197473 -0.0203153
94
1
-0.911614 9.7136 -0.819773
-0.0215537 0.0202585 -0.0239505
95
1
-0.871068 9.67867 -0.767842
-0.0193324 0.0171069 -0.0260441
96
1
-0.833946 9.64777 -0.70581
-0.015678 0.0151726 -0.0345864
97
1
-0.799916 9.62226 -0.63412
-0.0132085 0.0106742 -0.0404011
98
1
-0.765337 9.59941 -0.556363
-0.0138117 0.00784073 -0.0394304
99
1
-0.724052 9.57039 -0.480224
-0.0208118 0.0145245 -0.0377853
100
1
-0.671287 9.52768 -0.414726
-0.0265671 0.0246231 -0.0342056
101
1
-0.605034 9.47271 -0.368953
-0.0351252 0.0274876 -0.014349
102
1
-0.519827 9.40883 -0.35333
-0.0459729 0.0325864 0.00996201
103
1
-0.400338 9.33789 -0.384046
-0.0628647 0.0282428 0.0363623
104
1
-0.203258 9.25699 -0.480078
-0.0650834 0.0165771 0.0395121
105
1
-0.880149 6.42684 -0.0569975
-0.0486707 -0.00184535 0.00930685
106
1
-0.937968 13.2515 -0.0556711
0.0341977 -0.0573023 -0.00758368
107
1
0.937968 13.2515 -0.0556702
0.0341977 0.0573023 0.00758389
108
1
0.880184 6.42683 -0.0567297
-0.048661 0.00184873 -0.00933387
109
1
0.203258 9.25699 -0.480078
-0.0650834 -0.0165771 -0.0395121
110
1
0.400338 9.33789 -0.384046
-0.0628647 -0.0282428 -0.0363624
111
1
0.519827 9.40883 -0.353329
-0.0459729 -0.0325863 -0.00996203
112
1
0.605034 9.47271 -0.368953
-0.0351252 -0.0274876 0.014349
113
1
0.671287 9.52768 -0.414726
-0.0265671 -0.0246231 0.0342056
114
1
0.724052 9.57039 -0.480224
-0.0208118 -0.0145245 0.0377853
115
1
0.765337 9.59941 -0.556363
-0.0138116 -0.00784073 0.0394304
116
1
0.799916 9.62226 -0.634119
-0.0132085 -0.0106742 0.0404011
117
1
0.833946 9.64777 -0.70581
-0.015678 -0.0151726 0.0345864
118
1
0.871068 9.67867 -0.767842
-0.0193324 -0.0171069 0.0260441
119
1
0.911614 9.7136 -0.819773
-0.0215537 -0.0202585 0.0239505
120
1
0.956502 9.75124 -0.864192
-0.022388 -0.0197473 0.0203153
121
1
1.00437 9.78926 -0.900987
-0.0261232 -0.0183032 0.0166781
122
1
1.05319 9.82575 -0.931843
-0.026272 -0.0172925 0.0144301
123
1
1.1011 9.86033 -0.95835
-0.022248 -0.015119 0.0110455
124
1
1.14786 9.89342 -0.980731
-0.0225961 -0.0145906 0.00911132
125
1
1.19413 9.92687 -1.00007
-0.0249906 -0.0158381 0.00938798
126
1
1.23975 9.96196 -1.01704
-0.0231292 -0.0177709 0.0096933
127
1
1.28201 9.99885 -1.03175
-0.0197719 -0.0187566 0.00988426
128
1
1.31985 10.0372 -1.04404
-0.0171997 -0.0195145 0.00804006
129
1
1.35395 10.0763 -1.05353
-0.015338 -0.0201894 0.00486584
130
1
1.386 10.1153 -1.0595
-0.0147951 -0.0199948 0.00218697
131
1
1.41711 10.1541 -1.06085
-0.0150556 -0.0204272 -0.00174356
132
1
1.44728 10.193 -1.05653
-0.0136706 -0.0208959 -0.00448139
133
1
1.47575 10.2312 -1.04799
-0.0121769 -0.0190108 -0.00417776
134
1
1.503 10.2682 -1.03522
-0.0139475 -0.0172938 -0.00725656
135
1
1.53111 10.304 -1.01817
-0.0153967 -0.0162611 -0.0119191
136
1
1.56049 10.3376 -0.997045
-0.013442 -0.0143918 -0.0111039
137
1
1.58964 10.3684 -0.972211
-0.0144002 -0.0140513 -0.011482
138
1
1.61847 10.3974 -0.944416
-0.0172082 -0.014007 -0.0155558
139
1
1.64792 10.4246 -0.914242
-0.0151102 -0.0122637 -0.016542
140
1
1.6771 10.4503 -0.882192
-0.0129733 -0.0114945 -0.0149026
141
1
1.70562 10.4752 -0.847217
-0.015322 -0.0130309 -0.0167728
142
1
1.73289 10.4997 -0.807744
-0.0169371 -0.0144536 -0.0221523
143
1
1.75754 10.524 -0.763786
-0.0120082 -0.01212 -0.023267
144
1
1.77789 10.5459 -0.715513
-0.00789675 -0.00961821 -0.0238571
145
1
1.79345 10.566 -0.661921
-0.00566651 -0.00969431 -0.0311882
146
1
1.80485 10.5831 -0.605231
-0.0035543 -0.00918458 -0.0325693
147
1
1.81315 10.5976 -0.546282
-0.00196754 -0.00611348 -0.0298346
148
1
1.8196 10.609 -0.483469
-0.00185413 -0.00369594 -0.0333152
149
1
1.82464 10.618 -0.417667
-0.00229097 -0.00390125 -0.0369967
150
1
1.82889 10.6259 -0.348615
-0.00157065 -0.00404908 -0.0404781
151
1
1.83291 10.6332 -0.277764
-0.00228233 -0.00313448 -0.0409686
152
1
1.83688 10.6393 -0.206881
-0.00217356 -0.00311892 -0.038753
153
1
1.83974 10.6436 -0.137267
-0.00123411 -0.00214629 -0.0363125
154
1
1.84101 10.6465 -0.0676073
0.000589419 -0.000599397 -0.0346756
155
1
1.84118 10.6476 6.61938e-008
1.68189e-010 6.09869e-010 -0.0341746
156
1
1.84101 10.6465 0.0676075
-0.000589418 0.000599398 -0.0346756
157
1
1.83974 10.6436 0.137267
0.00123411 0.0021463 -0.0363125
158
1
1.83688 10.6393 0.206881
0.00217356 0.00311892 -0.038753
159
1
1.83291 10.6332 0.277764
0.00228233 0.00313449 -0.0409686
160
1
1.82889 10.6259 0.348615
0.00157065 0.00404909 -0.0404781
161
1
1.82464 10.618 0.417667
0.00229097 0.00390125 -0.0369967
162
1
1.8196 10.609 0.483469
0.00185413 0.00369594 -0.0333152
163
1
1.81315 10.5976 0.546282
0.00196754 0.00611348 -0.0298346
164
1
1.80485 10.5831 0.605231
0.0035543 0.00918458 -0.0325693
165
1
1.79345 10.566 0.661922
0.00566651 0.00969431 -0.0311882
166
1
1.77789 10.5459 0.715513
0.00789675 0.00961821 -0.0238571
167
1
1.75754 10.524 0.763787
0.0120082 0.01212 -0.023267
168
1
1.73289 10.4997 0.807744
0.0169371 0.0144536 -0.0221523
169
1
1.70562 10.4752 0.847217
0.015322 0.0130309 -0.0167728
170
1
1.6771 10.4503 0.882193
0.0129733 0.0114945 -0.0149026
171
1
1.64792 10.4246 0.914242
0.0151102 0.0122637 -0.016542
172
1
1.61847 10.3974 0.944416
0.0172082 0.014007 -0.0155558
173
1
1.58964 10.3684 0.972211
0.0144002 0.0140513 -0.011482
174
1
1.56049 10.3376 0.997045
0.013442 0.0143918 -0.0111039
175
1
1.53111 10.304 1.01817
0.0153967 0.0162611 -0.0119191
176
1
1.503 10.2682 1.03522
0.0139475 0.0172938 -0.00725656
177
1
1.47575 10.2312 1.04799
0.0121769 0.0190108 -0.00417776
178
1
1.44728 10.193 1.05653
0.0136706 0.0208959 -0.00448139
179
1
1.41711 10.1541 1.06085
0.0150556 0.0204272 -0.00174356
180
1
1.386 10.1153 1.0595
0.0147951 0.0199948 0.00218697
181
1
1.35395 10.0763 1.05353
0.015338 0.0201894 0.00486584
182
1
1.31985 10.0372 1.04404
0.0171997 0.0195145 0.00804006
183
1
1.28201 9.99885 1.03175
0.0197719 0.0187566 0.00988426
184
1
1.23975 9.96196 1.01704
0.0231293 0.0177709 0.0096933
185
1
1.19413 9.92687 1.00007
0.0249906 0.0158381 0.00938798
186
1
1.14786 9.89342 0.980731
0.0225961 0.0145906 0.00911132
187
1
1.1011 9.86033 0.95835
0.022248 0.015119 0.0110455
188
1
1.05319 9.82575 0.931843
0.026272 0.0172925 0.0144301
189
1
1.00437 9.78926 0.900987
0.0261232 0.0183032 0.0166781
190
1
0.956502 9.75124 0.864192
0.022388 0.0197473 0.0203153
191
1
0.911614 9.7136 0.819773
0.0215537 0.0202585 0.0239505
192
1
0.871068 9.67867 0.767842
0.0193324 0.0171069 0.0260441
193
1
0.833946 9.64777 0.70581
0.015678 0.0151726 0.0345864
