194
0
1
0.8889 3.92985 0.557853
0.0283087 -0.0346954 0.000744517
1
1
0.82877 3.99708 0.561168
0.0302156 -0.0350393 -0.00511366
2
1
0.762136 4.06442 0.57424
0.0340568 -0.033673 -0.0097435
3
1
0.687354 4.12795 0.596247
0.0389361 -0.0306858 -0.014224
4
1
0.603096 4.18484 0.624442
0.0436427 -0.0263896 -0.0159076
5
1
0.509489 4.23287 0.655323
0.0482708 -0.0206352 -0.0166904
6
1
0.406949 4.27092 0.685046
0.0530751 -0.0156278 -0.0145863
7
1
0.296469 4.29883 0.709695
0.0569066 -0.0108594 -0.0106593
8
1
0.18007 4.31704 0.726547
0.059157 -0.00679884 -0.00633053
9
1
0.0603621 4.32608 0.73506
0.0603327 -0.00226643 -0.00188107
10
1
-0.0603621 4.32608 0.73506
0.0603327 0.00226643 0.00188107
11
1
-0.18007 4.31704 0.726547
0.059157 0.00679884 0.00633053
12
1
-0.296469 4.29883 0.709695
0.0569066 0.0108594 0.0106593
13
1
-0.406949 4.27092 0.685046
0.0530751 0.0156278 0.0145863
14
1
-0.509489 4.23287 0.655323
0.0482708 0.0206352 0.0166904
15
1
-0.603096 4.18484 0.624442
0.0436427 0.0263896 0.0159076
16
1
-0.687354 4.12795 0.596247
0.0389361 0.0306858 0.014224
17
1
-0.762136 4.06442 0.57424
0.0340568 0.033673 0.0097435
18
1
-0.82877 3.99708 0.561168
0.0302156 0.0350393 0.00511366
19
1
-0.8889 3.92985 0.557853
0.0283087 0.0346954 -0.000744517
20
1
-0.944056 3.86594 0.564
0.0258631 0.031687 -0.00601124
21
1
-0.996068 3.80717 0.577812
0.0242137 0.0279717 -0.00934681
22
1
-1.04637 3.75437 0.59744
0.0243532 0.0246293 -0.0129334
23
1
-1.09677 3.70702 0.620972
0.0235453 0.0213623 -0.0140202
24
1
-1.14778 3.66509 0.646048
0.0245444 0.0189456 -0.0141838
25
1
-1.20009 3.62798 0.670922
0.0263068 0.0168257 -0.0133292
26
1
-1.25338 3.59464 0.694335
0.0259935 0.0149554 -0.0117485
27
1
-1.30729 3.56435 0.715793
0.0266297 0.0138498 -0.00977476
28
1
-1.36228 3.53622 0.73421
0.0284679 0.0133244 -0.00755701
29
1
-1.4181 3.50919 0.749445
0.0285112 0.0124828 -0.00598633
30
1
-1.47435 3.48305 0.761882
0.0281367 0.011671 -0.00486351
31
1
-1.53111 3.45797 0.771337
0.0288034 0.0114428 -0.00353975
32
1
-1.58827 3.43403 0.777883
0.0291506 0.0111433 -0.00261174
33
1
-1.64542 3.41132 0.782343
0.0288983 0.01046 -0.00224242
34
1
-1.70232 3.39016 0.785689
0.0286861 0.00992337 -0.00189371
35
1
-1.75872 3.37065 0.788028
0.0279699 0.0095273 -0.00151309
36
1
-1.81417 3.35238 0.78898
0.0266407 0.00902674 -0.00120772
37
1
-1.86873 3.33483 0.788091
0.0260984 0.00860381 -0.000469528
38
1
-1.92321 3.31845 0.784818
0.0268496 0.00809003 0.00106025
39
1
-1.97788 3.30413 0.778516
0.0276065 0.0068664 0.00275565
40
1
-2.03195 3.29239 0.768684
0.0273939 0.00505252 0.00448842
41
1
-2.08453 3.28258 0.755027
0.0264849 0.00357451 0.00717637
42
1
-2.13566 3.27405 0.737494
0.0254257 0.00302732 0.0104756
43
1
-2.18563 3.26597 0.715553
0.0245935 0.00311258 0.0132101
44
1
-2.23496 3.25842 0.689079
0.0241019 0.00316761 0.0155287
45
1
-2.28371 3.25152 0.657473
0.0238672 0.00279576 0.0183205
46
1
-2.33153 3.24497 0.620695
0.0235735 0.00223711 0.0213457
47
1
-2.37776 3.23825 0.579514
0.0231429 0.00242113 0.0233116
48
1
-2.42183 3.23076 0.535136
0.0227046 0.00346988 0.0240364
49
1
-2.46317 3.22247 0.488494
0.0218843 0.00423289 0.0246084
50
1
-2.50052 3.21363 0.43992
0.0199841 0.00434753 0.0252025
51
1
-2.53281 3.20488 0.389312
0.0172059 0.00438978 0.0259773
52
1
-2.55994 3.19638 0.336622
0.0140392 0.00452447 0.0269712
53
1
-2.5821 3.18804 0.282331
0.0108756 0.00437857 0.0279965
54
1
-2.59995 3.18045 0.227048
0.00801611 0.00384434 0.028816
55
1
-2.6139 3.17419 0.171011
0.00558576 0.00312007 0.0293427
56
1
-2.6242 3.16985 0.114388
0.00345539 0.00226947 0.0294415
57
1
-2.63056 3.16725 0.0573037
0.00159682 0.00117393 0.0291373
58
1
-2.63263 3.16651 -2.35613e-015
4.60372e-017 2.87845e-016 0.0289133
59
1
-2.63056 3.16725 -0.0573037
-0.00159682 -0.00117393 0.0291373
60
1
-2.6242 3.16985 -0.114388
-0.00345539 -0.00226947 0.0294415
61
1
-2.6139 3.17419 -0.171011
-0.00558576 -0.00312007 0.0293427
62
1
-2.59995 3.18045 -0.227048
-0.00801611 -0.00384434 0.028816
63
1
-2.5821 3.18804 -0.282331
-0.0108756 -0.00437857 0.0279965
64
1
-2.55994 3.19638 -0.336622
-0.0140392 -0.00452447 0.0269712
65
1
-2.53281 3.20488 -0.389312
-0.0172059 -0.00438978 0.0259773
66
1
-2.50052 3.21363 -0.43992
-0.0199841 -0.00434753 0.0252025
67
1
-2.46317 3.22247 -0.488494
-0.0218843 -0.00423289 0.0246084
68
1
-2.42183 3.23076 -0.535136
-0.0227046 -0.00346988 0.0240364
69
1
-2.37776 3.23825 -0.579514
-0.0231429 -0.00242113 0.0233116
70
1
-2.33153 3.24497 -0.620695
-0.0235735 -0.00223711 0.0213457
71
1
-2.28371 3.25152 -0.657473
-0.0238672 -0.00279576 0.0183205
72
1
-2.23496 3.25842 -0.689079
-0.0241019 -0.00316761 0.0155287
73
1
-2.18563 3.26597 -0.715553
-0.0245935 -0.00311258 0.0132101
74
1
-2.13566 3.27405 -0.737494
-0.0254257 -0.00302732 0.0104756
75
1
-2.08453 3.28258 -0.755027
-0.0264849 -0.00357451 0.00717637
76
1
-2.03195 3.29239 -0.768684
-0.0273939 -0.00505252 0.00448842
77
1
-1.97788 3.30413 -0.778516
-0.0276065 -0.0068664 0.00275565
78
1
-1.92321 3.31845 -0.784818
-0.0268496 -0.00809003 0.00106025
79
1
-1.86873 3.33483 -0.788091
-0.0260984 -0.00860381 -0.000469528
80
1
-1.81417 3.35238 -0.78898
-0.0266407 -0.00902674 -0.00120772
81
1
-1.75872 3.37065 -0.788028
-0.0279699 -0.0095273 -0.00151309
82
1
-1.70232 3.39016 -0.785689
-0.0286861 -0.00992337 -0.00189371
83
1
-1.64542 3.41132 -0.782343
-0.0288983 -0.01046 -0.00224242
84
1
-1.58827 3.43403 -0.777883
-0.0291506 -0.0111433 -0.00261174
85
1
-1.53111 3.45797 -0.771337
-0.0288034 -0.0114428 -0.00353975
86
1
-1.47435 3.48305 -0.761882
-0.0281367 -0.011671 -0.00486351
87
1
-1.4181 3.50919 -0.749445
-0.0285112 -0.0124828 -0.00598633
88
1
-1.36228 3.53622 -0.73421
-0.0284679 -0.0133244 -0.00755701
89
1
-1.30729 3.56435 -0.715793
-0.0266297 -0.0138498 -0.00977476
90
1
-1.25338 3.59464 -0.694335
-0.0259935 -0.0149554 -0.0117485
91
1
-1.20009 3.62798 -0.670922
-0.0263068 -0.0168257 -0.0133292
92
1
-1.14778 3.66509 -0.646048
-0.0245444 -0.0189456 -0.0141838
93
1
-1.09677 3.70702 -0.620972
-0.0235453 -0.0213623 -0.0140202
94
1
-1.04637 3.75437 -0.59744
-0.0243532 -0.0246293 -0.0129334
95
1
-0.996068 3.80717 -0.577812
-0.0242137 -0.0279717 -0.00934681
96
1
-0.944056 3.86594 -0.564
-0.0258631 -0.031687 -0.00601124
97
1
-0.8889 3.92985 -0.557853
-0.0283087 -0.0346954 -0.000744517
98
1
-0.82877 3.99708 -0.561168
-0.0302156 -0.0350393 0.00511366
99
1
-0.762136 4.06442 -0.57424
-0.0340568 -0.033673 0.0097435
100
1
-0.687354 4.12795 -0.596247
-0.0389361 -0.0306858 0.014224
101
1
-0.603096 4.18484 -0.624442
-0.0436427 -0.0263896 0.0159076
102
1
-0.509489 4.23287 -0.655323
-0.0482708 -0.0206352 0.0166904
103
1
-0.406949 4.27092 -0.685046
-0.0530751 -0.0156278 0.0145863
104
1
-0.296469 4.29883 -0.709695
-0.0569066 -0.0108594 0.0106593
105
1
-0.18007 4.31704 -0.726547
-0.059157 -0.00679884 0.00633053
106
1
-0.0603621 4.32608 -0.73506
-0.0603327 -0.00226643 0.00188107
107
1
0.0603621 4.32608 -0.73506
-0.0603327 0.00226643 -0.00188107
108
1
0.18007 4.31704 -0.726547
-0.059157 0.00679884 -0.00633053
109
1
0.296469 4.29883 -0.709695
-0.0569066 0.0108594 -0.0106593
110
1
0.406949 4.27092 -0.685046
-0.0530751 0.0156278 -0.0145863
111
1
0.509489 4.23287 -0.655323
-0.0482708 0.0206352 -0.0166904
112
1
0.603096 4.18484 -0.624442
-0.0436427 0.0263896 -0.0159076
113
1
0.687354 4.12795 -0.596247
-0.0389361 0.0306858 -0.014224
114
1
0.762136 4.06442 -0.57424
-0.0340568 0.033673 -0.0097435
115
1
0.82877 3.99708 -0.561168
-0.0302156 0.0350393 -0.00511366
116
1
0.8889 3.92985 -0.557853
-0.0283087 0.0346954 0.000744517
117
1
0.944056 3.86594 -0.564
-0.0258631 0.031687 0.00601124
118
1
0.996068 3.80717 -0.577812
-0.0242137 0.0279717 0.00934681
119
1
1.04637 3.75437 -0.59744
-0.0243532 0.0246293 0.0129334
120
1
1.09677 3.70702 -0.620972
-0.0235453 0.0213623 0.0140202
121
1
1.14778 3.66509 -0.646048
-0.0245444 0.0189456 0.0141838
122
1
1.20009 3.62798 -0.670922
-0.0263068 0.0168257 0.0133292
123
1
1.25338 3.59464 -0.694335
-0.0259935 0.0149554 0.0117485
124
1
1.30729 3.56435 -0.715793
-0.0266297 0.0138498 0.00977476
125
1
1.36228 3.53622 -0.73421
-0.0284679 0.0133244 0.00755701
126
1
1.4181 3.50919 -0.749445
-0.0285112 0.0124828 0.00598633
127
1
1.47435 3.48305 -0.761882
-0.0281367 0.011671 0.00486351
128
1
1.53111 3.45797 -0.771337
-0.0288034 0.0114428 0.00353975
129
1
1.58827 3.43403 -0.777883
-0.0291506 0.0111433 0.00261174
130
1
1.64542 3.41132 -0.782343
-0.0288983 0.01046 0.00224242
131
1
1.70232 3.39016 -0.785689
-0.0286861 0.00992337 0.00189371
132
1
1.75872 3.37065 -0.788028
-0.0279699 0.0095273 0.00151309
133
1
1.81417 3.35238 -0.78898
-0.0266407 0.00902674 0.00120772
134
1
1.86873 3.33483 -0.788091
-0.0260984 0.00860381 0.000469528
135
1
1.92321 3.31845 -0.784818
-0.0268496 0.00809003 -0.00106025
136
1
1.97788 3.30413 -0.778516
-0.0276065 0.0068664 -0.00275565
137
1
2.03195 3.29239 -0.768684
-0.0273939 0.00505252 -0.00448842
138
1
2.08453 3.28258 -0.755027
-0.0264849 0.00357451 -0.00717637
139
1
2.13566 3.27405 -0.737494
-0.0254257 0.00302732 -0.0104756
140
1
2.18563 3.26597 -0.715553
-0.0245935 0.00311258 -0.0132101
141
1
2.23496 3.25842 -0.689079
-0.0241019 0.00316761 -0.0155287
142
1
2.28371 3.25152 -0.657473
-0.0238672 0.00279576 -0.0183205
143
1
2.33153 3.24497 -0.620695
-0.0235735 0.00223711 -0.0213457
144
1
2.37776 3.23825 -0.579514
-0.0231429 0.00242113 -0.0233116
145
1
2.42183 3.23076 -0.535136
-0.0227046 0.00346988 -0.0240364
146
1
2.46317 3.22247 -0.488494
-0.0218843 0.00423289 -0.0246084
147
1
2.50052 3.21363 -0.43992
-0.0199841 0.00434753 -0.0252025
148
1
2.53281 3.20488 -0.389312
-0.0172059 0.00438978 -0.0259773
149
1
2.55994 3.19638 -0.336622
-0.0140392 0.00452447 -0.0269712
150
1
2.5821 3.18804 -0.282331
-0.0108756 0.00437857 -0.0279965
151
1
2.59995 3.18045 -0.227048
-0.00801611 0.00384434 -0.028816
152
1
2.6139 3.17419 -0.171011
-0.00558576 0.00312007 -0.0293427
153
1
2.6242 3.16985 -0.114388
-0.00345539 0.00226947 -0.0294415
154
1
2.63056 3.16725 -0.0573037
-0.00159682 0.00117393 -0.0291373
155
1
2.63263 3.16651 -4.64936e-015
1.43736e-016 -5.82312e-017 -0.0289133
156
1
2.63056 3.16725 0.0573037
0.00159682 -0.00117393 -0.0291373
157
1
2.6242 3.16985 0.114388
0.00345539 -0.00226947 -0.0294415
158
1
2.6139 3.17419 0.171011
0.00558576 -0.00312007 -0.0293427
159
1
2.59995 3.18045 0.227048
0.00801611 -0.00384434 -0.028816
160
1
2.5821 3.18804 0.282331
0.0108756 -0.00437857 -0.0279965
161
1
2.55994 3.19638 0.336622
0.0140392 -0.00452447 -0.0269712
162
1
2.53281 3.20488 0.389312
0.0172059 -0.00438978 -0.0259773
163
1
2.50052 3.21363 0.43992
0.0199841 -0.00434753 -0.0252025
164
1
2.46317 3.22247 0.488494
0.0218843 -0.00423289 -0.0246084
165
1
2.42183 3.23076 0.535136
0.0227046 -0.00346988 -0.0240364
166
1
2.37776 3.23825 0.579514
0.0231429 -0.00242113 -0.0233116
167
1
2.33153 3.24497 0.620695
0.0235735 -0.00223711 -0.0213457
168
1
2.28371 3.25152 0.657473
0.0238672 -0.00279576 -0.0183205
169
1
2.23496 3.25842 0.689079
0.0241019 -0.00316761 -0.0155287
170
1
2.18563 3.26597 0.715553
0.0245935 -0.00311258 -0.0132101
171
1
2.13566 3.27405 0.737494
0.0254257 -0.00302732 -0.0104756
172
1
2.08453 3.28258 0.755027
0.0264849 -0.00357451 -0.00717637
173
1
2.03195 3.29239 0.768684
0.0273939 -0.00505252 -0.00448842
174
1
1.97788 3.30413 0.778516
0.0276065 -0.0068664 -0.00275565
175
1
1.92321 3.31845 0.784818
0.0268496 -0.00809003 -0.00106025
176
1
1.86873 3.33483 0.788091
0.0260984 -0.00860381 0.000469528
177
1
1.81417 3.35238 0.78898
0.0266407 -0.00902674 0.00120772
178
1
1.75872 3.37065 0.788028
0.0279699 -0.0095273 0.00151309
179
1
1.70232 3.39016 0.785689
0.0286861 -0.00992337 0.00189371
180
1
1.64542 3.41132 0.782343
0.0288983 -0.01046 0.00224242
181
1
1.58827 3.43403 0.777883
0.0291506 -0.0111433 0.00261174
182
1
1.53111 3.45797 0.771337
0.0288034 -0.0114428 0.00353975
183
1
1.47435 3.48305 0.761882
0.0281367 -0.011671 0.00486351
184
1
1.4181 3.50919 0.749445
0.0285112 -0.0124828 0.00598633
185
1
1.36228 3.53622 0.73421
0.0284679 -0.0133244 0.00755701
186
1
1.30729 3.56435 0.715793
0.0266297 -0.0138498 0.00977476
187
1
1.25338 3.59464 0.694335
0.0259935 -0.0149554 0.0117485
188
1
1.20009 3.62798 0.670922
0.0263068 -0.0168257 0.0133292
189
1
1.14778 3.66509 0.646048
0.0245444 -0.0189456 0.0141838
190
1
1.09677 3.70702 0.620972
0.0235453 -0.0213623 0.0140202
191
1
1.04637 3.75437 0.59744
0.0243532 -0.0246293 0.0129334
192
1
0.996068 3.80717 0.577812
0.0242137 -0.0279717 0.00934681
193
1
0.944056 3.86594 0.564
0.0258631 -0.031687 0.00601124
