194
0
1
0.812755 2.10975 1.93109
0.0288054 -0.0241638 -0.0214457
1
1
0.752996 2.15464 1.97194
0.0325544 -0.0226584 -0.0199606
2
1
0.685217 2.19707 2.01071
0.0364344 -0.0204298 -0.0179788
3
1
0.609695 2.23605 2.04629
0.0403598 -0.0182458 -0.0168783
4
1
0.527423 2.27147 2.07888
0.0427587 -0.0162941 -0.0150311
5
1
0.439642 2.30341 2.10769
0.0447986 -0.0146665 -0.0134148
6
1
0.347451 2.33131 2.13242
0.0468794 -0.0130671 -0.0109057
7
1
0.251487 2.35403 2.1523
0.0488199 -0.00999108 -0.00758002
8
1
0.152277 2.37001 2.166
0.0502561 -0.00587046 -0.00483978
9
1
0.0509834 2.37809 2.17286
0.0509907 -0.00191508 -0.00180463
10
1
-0.0509834 2.37809 2.17286
0.0509907 0.00191508 0.00180463
11
1
-0.152277 2.37001 2.166
0.0502561 0.00587046 0.00483978
12
1
-0.251487 2.35403 2.1523
0.0488199 0.00999108 0.00758002
13
1
-0.347451 2.33131 2.13242
0.0468794 0.0130671 0.0109057
14
1
-0.439642 2.30341 2.10769
0.0447986 0.0146665 0.0134148
15
1
-0.527423 2.27147 2.07888
0.0427587 0.0162941 0.0150311
16
1
-0.609695 2.23605 2.04629
0.0403598 0.0182458 0.0168783
17
1
-0.685217 2.19707 2.01071
0.0364344 0.0204298 0.0179788
18
1
-0.752996 2.15464 1.97194
0.0325544 0.0226584 0.0199606
19
1
-0.812755 2.10975 1.93109
0.0288054 0.0241638 0.0214457
20
1
-0.864799 2.06363 1.8894
0.0244306 0.0241638 0.0212502
21
1
-0.910064 2.01725 1.84739
0.0214306 0.0235129 0.0212258
22
1
-0.948954 1.97094 1.80563
0.0187405 0.0230159 0.020497
23
1
-0.98214 1.92489 1.76436
0.0161972 0.0227847 0.0198886
24
1
-1.00921 1.87942 1.72322
0.0130808 0.0224931 0.0197637
25
1
-1.0296 1.83416 1.68233
0.00990925 0.0223331 0.0199198
26
1
-1.04417 1.789 1.64199
0.00621812 0.0222232 0.0199104
27
1
-1.05329 1.74445 1.60159
0.00264951 0.0220833 0.0198929
28
1
-1.05743 1.70074 1.56078
0.000199947 0.0215464 0.0203892
29
1
-1.0577 1.65839 1.51899
-0.00164776 0.0203401 0.0214485
30
1
-1.05487 1.61826 1.47537
-0.00362213 0.0188377 0.0226413
31
1
-1.04887 1.58092 1.42951
-0.00547425 0.0175757 0.0235678
32
1
-1.03955 1.54609 1.38187
-0.00676636 0.0167084 0.0241641
33
1
-1.02751 1.51308 1.33312
-0.00758884 0.0160301 0.0246016
34
1
-1.01352 1.48172 1.28346
-0.00831408 0.0153916 0.0249269
35
1
-0.997775 1.45235 1.23293
-0.00918426 0.014792 0.0250547
36
1
-0.979519 1.42545 1.18184
-0.0102431 0.0141913 0.0249582
37
1
-0.957846 1.40105 1.131
-0.011453 0.0134424 0.0246985
38
1
-0.932374 1.37875 1.08131
-0.0127797 0.0123702 0.024344
39
1
-0.903583 1.35814 1.0332
-0.0141933 0.0108888 0.023958
40
1
-0.872492 1.33921 0.986273
-0.0156196 0.00904858 0.0236151
41
1
-0.840058 1.32271 0.939591
-0.0169013 0.00697618 0.0233894
42
1
-0.806848 1.30975 0.89238
-0.0178434 0.0047863 0.0233251
43
1
-0.773127 1.30127 0.844409
-0.0183118 0.00257093 0.0234164
44
1
-0.73912 1.29755 0.795858
-0.0182659 0.000418566 0.023651
45
1
-0.705261 1.29817 0.746871
-0.0177366 -0.00158324 0.0240384
46
1
-0.672214 1.30238 0.697292
-0.0167995 -0.00335138 0.0245825
47
1
-0.640749 1.30938 0.646754
-0.0155485 -0.00481097 0.0252614
48
1
-0.61158 1.31854 0.594885
-0.0140743 -0.00590422 0.0260333
49
1
-0.585236 1.32926 0.541458
-0.012459 -0.00660124 0.026854
50
1
-0.562023 1.34099 0.486407
-0.0107758 -0.00690152 0.0276873
51
1
-0.542028 1.35313 0.429769
-0.00909216 -0.00682965 0.0285048
52
1
-0.525198 1.36505 0.371629
-0.00746478 -0.00642715 0.0292808
53
1
-0.511401 1.37616 0.312096
-0.00593727 -0.00574631 0.0299896
54
1
-0.500468 1.38593 0.251315
-0.00453347 -0.004842 0.0306057
55
1
-0.492215 1.39394 0.189472
-0.00325937 -0.00376862 0.0311073
56
1
-0.486469 1.39987 0.126795
-0.00209953 -0.00257484 0.0314771
57
1
-0.483085 1.40352 0.0635437
-0.00102665 -0.00130531 0.0317033
58
1
-0.481969 1.40475 -1.77547e-016
7.35581e-017 8.05526e-017 0.0317795
59
1
-0.483085 1.40352 -0.0635437
0.00102665 0.00130531 0.0317033
60
1
-0.486469 1.39987 -0.126795
0.00209953 0.00257484 0.0314771
61
1
-0.492215 1.39394 -0.189472
0.00325937 0.00376862 0.0311073
62
1
-0.500468 1.38593 -0.251315
0.00453347 0.004842 0.0306057
63
1
-0.511401 1.37616 -0.312096
0.00593727 0.00574631 0.0299896
64
1
-0.525198 1.36505 -0.371629
0.00746478 0.00642715 0.0292808
65
1
-0.542028 1.35313 -0.429769
0.00909216 0.00682965 0.0285048
66
1
-0.562023 1.34099 -0.486407
0.0107758 0.00690152 0.0276873
67
1
-0.585236 1.32926 -0.541458
0.012459 0.00660124 0.026854
68
1
-0.61158 1.31854 -0.594885
0.0140743 0.00590422 0.0260333
69
1
-0.640749 1.30938 -0.646754
0.0155485 0.00481097 0.0252614
70
1
-0.672214 1.30238 -0.697292
0.0167995 0.00335138 0.0245825
71
1
-0.705261 1.29817 -0.746871
0.0177366 0.00158324 0.0240384
72
1
-0.73912 1.29755 -0.795858
0.0182659 -0.000418566 0.023651
73
1
-0.773127 1.30127 -0.844409
0.0183118 -0.00257093 0.0234164
74
1
-0.806848 1.30975 -0.89238
0.0178434 -0.0047863 0.0233251
75
1
-0.840058 1.32271 -0.939591
0.0169013 -0.00697618 0.0233894
76
1
-0.872492 1.33921 -0.986273
0.0156196 -0.00904858 0.0236151
77
1
-0.903583 1.35814 -1.0332
0.0141933 -0.0108888 0.023958
78
1
-0.932374 1.37875 -1.08131
0.0127797 -0.0123702 0.024344
79
1
-0.957846 1.40105 -1.131
0.011453 -0.0134424 0.0246985
80
1
-0.979519 1.42545 -1.18184
0.0102431 -0.0141913 0.0249582
81
1
-0.997775 1.45235 -1.23293
0.00918426 -0.014792 0.0250547
82
1
-1.01352 1.48172 -1.28346
0.00831408 -0.0153916 0.0249269
83
1
-1.02751 1.51308 -1.33312
0.00758884 -0.0160301 0.0246016
84
1
-1.03955 1.54609 -1.38187
0.00676636 -0.0167084 0.0241641
85
1
-1.04887 1.58092 -1.42951
0.00547425 -0.0175757 0.0235678
86
1
-1.05487 1.61826 -1.47537
0.00362213 -0.0188377 0.0226413
87
1
-1.0577 1.65839 -1.51899
0.00164776 -0.0203401 0.0214485
88
1
-1.05743 1.70074 -1.56078
-0.000199947 -0.0215464 0.0203892
89
1
-1.05329 1.74445 -1.60159
-0.00264951 -0.0220833 0.0198929
90
1
-1.04417 1.789 -1.64199
-0.00621812 -0.0222232 0.0199104
91
1
-1.0296 1.83416 -1.68233
-0.00990925 -0.0223331 0.0199198
92
1
-1.00921 1.87942 -1.72322
-0.0130808 -0.0224931 0.0197637
93
1
-0.98214 1.92489 -1.76436
-0.0161972 -0.0227847 0.0198886
94
1
-0.948954 1.97094 -1.80563
-0.0187405 -0.0230159 0.020497
95
1
-0.910064 2.01725 -1.84739
-0.0214306 -0.0235129 0.0212258
96
1
-0.864799 2.06363 -1.8894
-0.0244306 -0.0241638 0.0212502
97
1
-0.812755 2.10975 -1.93109
-0.0288054 -0.0241638 0.0214457
98
1
-0.752996 2.15464 -1.97194
-0.0325544 -0.0226584 0.0199606
99
1
-0.685217 2.19707 -2.01071
-0.0364344 -0.0204298 0.0179788
100
1
-0.609695 2.23605 -2.04629
-0.0403598 -0.0182458 0.0168783
101
1
-0.527423 2.27147 -2.07888
-0.0427587 -0.0162941 0.0150311
102
1
-0.439642 2.30341 -2.10769
-0.0447986 -0.0146665 0.0134148
103
1
-0.347451 2.33131 -2.13242
-0.0468794 -0.0130671 0.0109057
104
1
-0.251487 2.35403 -2.1523
-0.0488199 -0.00999108 0.00758002
105
1
-0.152277 2.37001 -2.166
-0.0502561 -0.00587046 0.00483978
106
1
-0.0509834 2.37809 -2.17286
-0.0509907 -0.00191508 0.00180463
107
1
0.0509834 2.37809 -2.17286
-0.0509907 0.00191508 -0.00180463
108
1
0.152277 2.37001 -2.166
-0.0502561 0.00587046 -0.00483978
109
1
0.251487 2.35403 -2.1523
-0.0488199 0.00999108 -0.00758002
110
1
0.347451 2.33131 -2.13242
-0.0468794 0.0130671 -0.0109057
111
1
0.439642 2.30341 -2.10769
-0.0447986 0.0146665 -0.0134148
112
1
0.527423 2.27147 -2.07888
-0.0427587 0.0162941 -0.0150311
113
1
0.609695 2.23605 -2.04629
-0.0403598 0.0182458 -0.0168783
114
1
0.685217 2.19707 -2.01071
-0.0364344 0.0204298 -0.0179788
115
1
0.752996 2.15464 -1.97194
-0.0325544 0.0226584 -0.0199606
116
1
0.812755 2.10975 -1.93109
-0.0288054 0.0241638 -0.0214457
117
1
0.864799 2.06363 -1.8894
-0.0244306 0.0241638 -0.0212502
118
1
0.910064 2.01725 -1.84739
-0.0214306 0.0235129 -0.0212258
119
1
0.948954 1.97094 -1.80563
-0.0187405 0.0230159 -0.020497
120
1
0.98214 1.92489 -1.76436
-0.0161972 0.0227847 -0.0198886
121
1
1.00921 1.87942 -1.72322
-0.0130808 0.0224931 -0.0197637
122
1
1.0296 1.83416 -1.68233
-0.00990925 0.0223331 -0.0199198
123
1
1.04417 1.789 -1.64199
-0.00621812 0.0222232 -0.0199104
124
1
1.05329 1.74445 -1.60159
-0.00264951 0.0220833 -0.0198929
125
1
1.05743 1.70074 -1.56078
-0.000199947 0.0215464 -0.0203892
126
1
1.0577 1.65839 -1.51899
0.00164776 0.0203401 -0.0214485
127
1
1.05487 1.61826 -1.47537
0.00362213 0.0188377 -0.0226413
128
1
1.04887 1.58092 -1.42951
0.00547425 0.0175757 -0.0235678
129
1
1.03955 1.54609 -1.38187
0.00676636 0.0167084 -0.0241641
130
1
1.02751 1.51308 -1.33312
0.00758884 0.0160301 -0.0246016
131
1
1.01352 1.48172 -1.28346
0.00831408 0.0153916 -0.0249269
132
1
0.997775 1.45235 -1.23293
0.00918426 0.014792 -0.0250547
133
1
0.979519 1.42545 -1.18184
0.0102431 0.0141913 -0.0249582
134
1
0.957846 1.40105 -1.131
0.011453 0.0134424 -0.0246985
135
1
0.932374 1.37875 -1.08131
0.0127797 0.0123702 -0.024344
136
1
0.903583 1.35814 -1.0332
0.0141933 0.0108888 -0.023958
137
1
0.872492 1.33921 -0.986273
0.0156196 0.00904858 -0.0236151
138
1
0.840058 1.32271 -0.939591
0.0169013 0.00697618 -0.0233894
139
1
0.806848 1.30975 -0.89238
0.0178434 0.0047863 -0.0233251
140
1
0.773127 1.30127 -0.844409
0.0183118 0.00257093 -0.0234164
141
1
0.73912 1.29755 -0.795858
0.0182659 0.000418566 -0.023651
142
1
0.705261 1.29817 -0.746871
0.0177366 -0.00158324 -0.0240384
143
1
0.672214 1.30238 -0.697292
0.0167995 -0.00335138 -0.0245825
144
1
0.640749 1.30938 -0.646754
0.0155485 -0.00481097 -0.0252614
145
1
0.61158 1.31854 -0.594885
0.0140743 -0.00590422 -0.0260333
146
1
0.585236 1.32926 -0.541458
0.012459 -0.00660124 -0.026854
147
1
0.562023 1.34099 -0.486407
0.0107758 -0.00690152 -0.0276873
148
1
0.542028 1.35313 -0.429769
0.00909216 -0.00682965 -0.0285048
149
1
0.525198 1.36505 -0.371629
0.00746478 -0.00642715 -0.0292808
150
1
0.511401 1.37616 -0.312096
0.00593727 -0.00574631 -0.0299896
151
1
0.500468 1.38593 -0.251315
0.00453347 -0.004842 -0.0306057
152
1
0.492215 1.39394 -0.189472
0.00325937 -0.00376862 -0.0311073
153
1
0.486469 1.39987 -0.126795
0.00209953 -0.00257484 -0.0314771
154
1
0.483085 1.40352 -0.0635437
0.00102665 -0.00130531 -0.0317033
155
1
0.481969 1.40475 -1.08808e-016
4.70779e-017 -5.41358e-017 -0.0317795
156
1
0.483085 1.40352 0.0635437
-0.00102665 0.00130531 -0.0317033
157
1
0.486469 1.39987 0.126795
-0.00209953 0.00257484 -0.0314771
158
1
0.492215 1.39394 0.189472
-0.00325937 0.00376862 -0.0311073
159
1
0.500468 1.38593 0.251315
-0.00453347 0.004842 -0.0306057
160
1
0.511401 1.37616 0.312096
-0.00593727 0.00574631 -0.0299896
161
1
0.525198 1.36505 0.371629
-0.00746478 0.00642715 -0.0292808
162
1
0.542028 1.35313 0.429769
-0.00909216 0.00682965 -0.0285048
163
1
0.562023 1.34099 0.486407
-0.0107758 0.00690152 -0.0276873
164
1
0.585236 1.32926 0.541458
-0.012459 0.00660124 -0.026854
165
1
0.61158 1.31854 0.594885
-0.0140743 0.00590422 -0.0260333
166
1
0.640749 1.30938 0.646754
-0.0155485 0.00481097 -0.0252614
167
1
0.672214 1.30238 0.697292
-0.0167995 0.00335138 -0.0245825
168
1
0.705261 1.29817 0.746871
-0.0177366 0.00158324 -0.0240384
169
1
0.73912 1.29755 0.795858
-0.0182659 -0.000418566 -0.023651
170
1
0.773127 1.30127 0.844409
-0.0183118 -0.00257093 -0.0234164
171
1
0.806848 1.30975 0.89238
-0.0178434 -0.0047863 -0.0233251
172
1
0.840058 1.32271 0.939591
-0.0169013 -0.00697618 -0.0233894
173
1
0.872492 1.33921 0.986273
-0.0156196 -0.00904858 -0.0236151
174
1
0.903583 1.35814 1.0332
-0.0141933 -0.0108888 -0.023958
175
1
0.932374 1.37875 1.08131
-0.0127797 -0.0123702 -0.024344
176
1
0.957846 1.40105 1.131
-0.011453 -0.0134424 -0.0246985
177
1
0.979519 1.42545 1.18184
-0.0102431 -0.0141913 -0.0249582
178
1
0.997775 1.45235 1.23293
-0.00918426 -0.014792 -0.0250547
179
1
1.01352 1.48172 1.28346
-0.00831408 -0.0153916 -0.0249269
180
1
1.02751 1.51308 1.33312
-0.00758884 -0.0160301 -0.0246016
181
1
1.03955 1.54609 1.38187
-0.00676636 -0.0167084 -0.0241641
182
1
1.04887 1.58092 1.42951
-0.00547425 -0.0175757 -0.0235678
183
1
1.05487 1.61826 1.47537
-0.00362213 -0.0188377 -0.0226413
184
1
1.0577 1.65839 1.51899
-0.00164776 -0.0203401 -0.0214485
185
1
1.05743 1.70074 1.56078
0.000199947 -0.0215464 -0.0203892
186
1
1.05329 1.74445 1.60159
0.00264951 -0.0220833 -0.0198929
187
1
1.04417 1.789 1.64199
0.00621812 -0.0222232 -0.0199104
188
1
1.0296 1.83416 1.68233
0.00990925 -0.0223331 -0.0199198
189
1
1.00921 1.87942 1.72322
0.0130808 -0.0224931 -0.0197637
190
1
0.98214 1.92489 1.76436
0.0161972 -0.0227847 -0.0198886
191
1
0.948954 1.97094 1.80563
0.0187405 -0.0230159 -0.020497
192
1
0.910064 2.01725 1.84739
0.0214306 -0.0235129 -0.0212258
193
1
0.864799 2.06363 1.8894
0.0244306 -0.0241638 -0.0212502
