194
0
1
0.726021 10.0123 1.08833
0.00740159 0.050442 -0.0086527
1
1
0.70627 9.92616 1.10745
0.00946458 0.03843 -0.00840418
2
1
0.669946 9.83913 1.12606
0.0240723 0.0429868 -0.00629405
3
1
0.606552 9.74755 1.1429
0.0440732 0.0508423 -0.00527474
4
1
0.526865 9.66529 1.15785
0.0430395 0.0385123 -0.00955786
5
1
0.434114 9.5944 1.17184
0.0444405 0.0297896 -0.0103295
6
1
0.314908 9.54202 1.17434
0.0583589 0.0125324 0.00764614
7
1
0.148257 9.50655 1.10913
0.0426566 0.00133638 0.0428742
8
1
0.184903 6.6887 0.0576372
-0.0420406 0.0262351 -0.00901053
9
1
0.923489 12.3836 0.06164
-0.0252777 0.0646114 0.00815767
10
1
-0.923489 12.3836 0.0616481
-0.0252778 -0.0646116 -0.00815678
11
1
-0.184904 6.6887 0.057539
-0.0420306 -0.0262283 0.0090006
12
1
-0.148257 9.50655 1.10913
0.0426566 -0.00133635 -0.0428742
13
1
-0.314908 9.54202 1.17434
0.0583589 -0.0125324 -0.00764612
14
1
-0.434114 9.5944 1.17184
0.0444405 -0.0297896 0.0103295
15
1
-0.526865 9.66529 1.15785
0.0430394 -0.0385123 0.00955787
16
1
-0.606551 9.74755 1.1429
0.0440732 -0.0508423 0.00527473
17
1
-0.669946 9.83913 1.12606
0.0240724 -0.0429868 0.00629404
18
1
-0.70627 9.92616 1.10745
0.00946459 -0.03843 0.00840417
19
1
-0.726021 10.0123 1.08833
0.00740159 -0.050442 0.0086527
20
1
-0.733199 10.0964 1.06675
-0.00408534 -0.0425382 0.014817
21
1
-0.729375 10.1756 1.03826
-0.00663831 -0.0301235 0.0175309
22
1
-0.720914 10.2473 1.00292
-0.00520226 -0.0362342 0.0225269
23
1
-0.71031 10.316 0.967683
-0.0058159 -0.0346231 0.0179935
24
1
-0.698913 10.379 0.941594
-0.00671908 -0.0245887 0.00739892
25
1
-0.688843 10.4365 0.925082
-0.00638214 -0.0264163 0.0069964
26
1
-0.682369 10.4918 0.913846
-0.00404966 -0.0270821 0.00720759
27
1
-0.678813 10.545 0.906607
-0.0023353 -0.0247499 0.00331496
28
1
-0.676192 10.597 0.902796
-0.00155009 -0.0240657 -0.00144573
29
1
-0.674188 10.6494 0.903525
-0.000823768 -0.0254488 -0.00305365
30
1
-0.675015 10.7002 0.907797
0.00123908 -0.023718 -0.00493547
31
1
-0.679981 10.7495 0.912797
0.00314272 -0.0228436 -0.00468089
32
1
-0.688181 10.7981 0.916847
0.00349305 -0.0244534 -0.00329017
33
1
-0.699458 10.8446 0.919115
0.00441964 -0.0251788 -0.00327616
34
1
-0.714201 10.8881 0.919625
0.00838561 -0.0230766 -0.00108608
35
1
-0.733593 10.9291 0.917276
0.0112759 -0.019499 0.00289525
36
1
-0.756233 10.9668 0.912366
0.0117252 -0.0167465 0.00335008
37
1
-0.781695 11.0013 0.903569
0.0149598 -0.0158155 0.00385525
38
1
-0.809925 11.0336 0.890796
0.0173745 -0.0139415 0.00716774
39
1
-0.840257 11.0636 0.87429
0.0147085 -0.0109775 0.00927348
40
1
-0.872273 11.0898 0.8543
0.0148525 -0.010729 0.0111544
41
1
-0.906196 11.113 0.830611
0.0186226 -0.011254 0.0142771
42
1
-0.941773 11.1354 0.804359
0.0185313 -0.0096919 0.0145847
43
1
-0.977794 11.1572 0.775993
0.0168498 -0.00878261 0.0134318
44
1
-1.01442 11.1786 0.744988
0.0195292 -0.00982235 0.0157469
45
1
-1.05231 11.2 0.70926
0.0227111 -0.0106056 0.0213283
46
1
-1.08995 11.2223 0.668304
0.0195939 -0.0102077 0.0219509
47
1
-1.12605 11.2446 0.623638
0.0177551 -0.011378 0.0216154
48
1
-1.16024 11.2672 0.574397
0.0186342 -0.0134866 0.0280864
49
1
-1.19193 11.2881 0.522506
0.0161475 -0.0115554 0.0298627
50
1
-1.22141 11.3071 0.469156
0.0140995 -0.00840848 0.0267976
51
1
-1.25075 11.325 0.413442
0.0153856 -0.00902675 0.0293368
52
1
-1.27939 11.3417 0.355969
0.0156119 -0.0105018 0.0322805
53
1
-1.30597 11.3571 0.29676
0.0151471 -0.00844484 0.0336447
54
1
-1.32938 11.3707 0.236768
0.0141803 -0.00724878 0.0337163
55
1
-1.34835 11.382 0.176451
0.00949904 -0.00644171 0.0324305
56
1
-1.36154 11.39 0.117092
0.00676547 -0.00439573 0.0308161
57
1
-1.36931 11.3948 0.0576141
0.00362182 -0.00144015 0.0292497
58
1
-1.37157 11.3963 -6.11241e-008
2.89421e-009 6.09833e-010 0.028699
59
1
-1.36931 11.3948 -0.0576143
-0.00362181 0.00144015 0.0292497
60
1
-1.36154 11.39 -0.117092
-0.00676546 0.00439573 0.0308161
61
1
-1.34835 11.382 -0.176451
-0.00949903 0.00644171 0.0324305
62
1
-1.32938 11.3707 -0.236768
-0.0141803 0.00724878 0.0337163
63
1
-1.30597 11.3571 -0.29676
-0.0151471 0.00844484 0.0336447
64
1
-1.27939 11.3417 -0.35597
-0.0156119 0.0105018 0.0322805
65
1
-1.25075 11.325 -0.413442
-0.0153856 0.00902675 0.0293368
66
1
-1.22141 11.3071 -0.469156
-0.0140995 0.00840849 0.0267976
67
1
-1.19193 11.2881 -0.522506
-0.0161475 0.0115554 0.0298627
68
1
-1.16024 11.2672 -0.574397
-0.0186342 0.0134867 0.0280864
69
1
-1.12605 11.2446 -0.623638
-0.0177551 0.011378 0.0216154
70
1
-1.08995 11.2223 -0.668304
-0.0195939 0.0102077 0.0219509
71
1
-1.05231 11.2 -0.709261
-0.0227111 0.0106056 0.0213283
72
1
-1.01442 11.1786 -0.744988
-0.0195292 0.00982235 0.0157469
73
1
-0.977794 11.1572 -0.775993
-0.0168498 0.00878262 0.0134318
74
1
-0.941773 11.1354 -0.804359
-0.0185313 0.0096919 0.0145847
75
1
-0.906196 11.113 -0.830611
-0.0186226 0.011254 0.0142771
76
1
-0.872273 11.0898 -0.8543
-0.0148525 0.010729 0.0111544
77
1
-0.840257 11.0636 -0.87429
-0.0147085 0.0109775 0.00927348
78
1
-0.809925 11.0336 -0.890796
-0.0173745 0.0139415 0.00716774
79
1
-0.781695 11.0013 -0.903569
-0.0149598 0.0158155 0.00385525
80
1
-0.756233 10.9668 -0.912366
-0.0117252 0.0167465 0.00335008
81
1
-0.733593 10.9291 -0.917276
-0.0112759 0.019499 0.00289525
82
1
-0.714201 10.8881 -0.919625
-0.00838561 0.0230766 -0.00108608
83
1
-0.699458 10.8446 -0.919116
-0.00441965 0.0251788 -0.00327616
84
1
-0.688181 10.7981 -0.916847
-0.00349305 0.0244534 -0.00329017
85
1
-0.679981 10.7495 -0.912797
-0.00314273 0.0228436 -0.00468089
86
1
-0.675015 10.7002 -0.907798
-0.00123908 0.023718 -0.00493547
87
1
-0.674188 10.6494 -0.903525
0.000823765 0.0254488 -0.00305366
88
1
-0.676193 10.597 -0.902796
0.00155009 0.0240657 -0.00144573
89
1
-0.678813 10.545 -0.906607
0.0023353 0.0247499 0.00331496
90
1
-0.682369 10.4918 -0.913846
0.00404967 0.0270821 0.00720758
91
1
-0.688843 10.4365 -0.925083
0.00638214 0.0264163 0.0069964
92
1
-0.698913 10.379 -0.941595
0.00671909 0.0245887 0.00739892
93
1
-0.710311 10.316 -0.967683
0.00581591 0.0346231 0.0179935
94
1
-0.720914 10.2473 -1.00292
0.00520227 0.0362342 0.0225269
95
1
-0.729375 10.1756 -1.03826
0.00663832 0.0301235 0.0175309
96
1
-0.733199 10.0964 -1.06675
0.00408535 0.0425382 0.014817
97
1
-0.726021 10.0123 -1.08833
-0.00740159 0.050442 0.0086527
98
1
-0.70627 9.92616 -1.10745
-0.00946458 0.03843 0.00840418
99
1
-0.669946 9.83913 -1.12606
-0.0240723 0.0429868 0.00629405
100
1
-0.606552 9.74755 -1.1429
-0.0440732 0.0508423 0.00527474
101
1
-0.526865 9.66529 -1.15785
-0.0430395 0.0385123 0.00955786
102
1
-0.434114 9.5944 -1.17184
-0.0444405 0.0297896 0.0103295
103
1
-0.314908 9.54202 -1.17434
-0.0583589 0.0125324 -0.00764614
104
1
-0.148257 9.50655 -1.10913
-0.0426566 0.00133638 -0.0428742
105
1
-0.184903 6.6887 -0.0576333
0.0420404 0.0262351 0.00901083
106
1
-0.923489 12.3836 -0.06164
0.0252777 0.0646114 -0.00815767
107
1
0.923489 12.3836 -0.0616481
0.0252778 -0.0646116 0.00815678
108
1
0.184904 6.6887 -0.0575351
0.0420305 -0.0262282 -0.00900091
109
1
0.148257 9.50655 -1.10913
-0.0426566 -0.00133635 0.0428742
110
1
0.314908 9.54202 -1.17434
-0.0583589 -0.0125324 0.00764612
111
1
0.434114 9.5944 -1.17184
-0.0444405 -0.0297896 -0.0103295
112
1
0.526865 9.66529 -1.15785
-0.0430394 -0.0385123 -0.00955787
113
1
0.606551 9.74755 -1.1429
-0.0440732 -0.0508423 -0.00527473
114
1
0.669946 9.83913 -1.12606
-0.0240724 -0.0429868 -0.00629404
115
1
0.70627 9.92616 -1.10745
-0.00946459 -0.03843 -0.00840417
116
1
0.726021 10.0123 -1.08833
-0.00740159 -0.050442 -0.0086527
117
1
0.733199 10.0964 -1.06675
0.00408534 -0.0425382 -0.014817
118
1
0.729375 10.1756 -1.03826
0.00663831 -0.0301235 -0.0175309
119
1
0.720914 10.2473 -1.00292
0.00520226 -0.0362342 -0.0225269
120
1
0.71031 10.316 -0.967683
0.0058159 -0.0346231 -0.0179935
121
1
0.698913 10.379 -0.941594
0.00671908 -0.0245887 -0.00739892
122
1
0.688843 10.4365 -0.925082
0.00638214 -0.0264163 -0.0069964
123
1
0.682369 10.4918 -0.913846
0.00404966 -0.0270821 -0.00720759
124
1
0.678813 10.545 -0.906607
0.0023353 -0.0247499 -0.00331496
125
1
0.676192 10.597 -0.902796
0.00155009 -0.0240657 0.00144573
126
1
0.674188 10.6494 -0.903525
0.000823768 -0.0254488 0.00305365
127
1
0.675015 10.7002 -0.907797
-0.00123908 -0.023718 0.00493547
128
1
0.679981 10.7495 -0.912797
-0.00314272 -0.0228436 0.00468089
129
1
0.688181 10.7981 -0.916847
-0.00349305 -0.0244534 0.00329017
130
1
0.699458 10.8446 -0.919115
-0.00441964 -0.0251788 0.00327616
131
1
0.714201 10.8881 -0.919625
-0.00838561 -0.0230766 0.00108608
132
1
0.733593 10.9291 -0.917276
-0.0112759 -0.019499 -0.00289525
133
1
0.756233 10.9668 -0.912366
-0.0117252 -0.0167465 -0.00335008
134
1
0.781695 11.0013 -0.903569
-0.0149598 -0.0158155 -0.00385525
135
1
0.809925 11.0336 -0.890796
-0.0173745 -0.0139415 -0.00716774
136
1
0.840257 11.0636 -0.87429
-0.0147085 -0.0109775 -0.00927348
137
1
0.872273 11.0898 -0.8543
-0.0148525 -0.010729 -0.0111544
138
1
0.906196 11.113 -0.830611
-0.0186226 -0.011254 -0.0142771
139
1
0.941773 11.1354 -0.804359
-0.0185313 -0.0096919 -0.0145847
140
1
0.977794 11.1572 -0.775993
-0.0168498 -0.00878261 -0.0134318
141
1
1.01442 11.1786 -0.744988
-0.0195292 -0.00982235 -0.0157469
142
1
1.05231 11.2 -0.70926
-0.0227111 -0.0106056 -0.0213283
143
1
1.08995 11.2223 -0.668304
-0.0195939 -0.0102077 -0.0219509
144
1
1.12605 11.2446 -0.623638
-0.0177551 -0.011378 -0.0216154
145
1
1.16024 11.2672 -0.574397
-0.0186342 -0.0134866 -0.0280864
146
1
1.19193 11.2881 -0.522506
-0.0161475 -0.0115554 -0.0298627
147
1
1.22141 11.3071 -0.469156
-0.0140995 -0.00840848 -0.0267976
148
1
1.25075 11.325 -0.413442
-0.0153856 -0.00902675 -0.0293368
149
1
1.27939 11.3417 -0.355969
-0.0156119 -0.0105018 -0.0322805
150
1
1.30597 11.3571 -0.29676
-0.0151471 -0.00844484 -0.0336447
151
1
1.32938 11.3707 -0.236768
-0.0141803 -0.00724878 -0.0337163
152
1
1.34835 11.382 -0.176451
-0.00949904 -0.00644171 -0.0324305
153
1
1.36154 11.39 -0.117092
-0.00676547 -0.00439573 -0.0308161
154
1
1.36931 11.3948 -0.0576141
-0.00362182 -0.00144015 -0.0292497
155
1
1.37157 11.3963 6.78997e-008
-2.94221e-009 7.75698e-010 -0.028699
156
1
1.36931 11.3948 0.0576143
0.00362181 0.00144015 -0.0292497
157
1
1.36154 11.39 0.117092
0.00676546 0.00439573 -0.0308161
158
1
1.34835 11.382 0.176451
0.00949903 0.00644171 -0.0324305
159
1
1.32938 11.3707 0.236768
0.0141803 0.00724878 -0.0337163
160
1
1.30597 11.3571 0.29676
0.0151471 0.00844484 -0.0336447
161
1
1.27939 11.3417 0.35597
0.0156119 0.0105018 -0.0322805
162
1
1.25075 11.325 0.413442
0.0153856 0.00902675 -0.0293368
163
1
1.22141 11.3071 0.469156
0.0140995 0.00840849 -0.0267976
164
1
1.19193 11.2881 0.522506
0.0161475 0.0115554 -0.0298627
165
1
1.16024 11.2672 0.574397
0.0186342 0.0134867 -0.0280864
166
1
1.12605 11.2446 0.623638
0.0177551 0.011378 -0.0216154
167
1
1.08995 11.2223 0.668304
0.0195939 0.0102077 -0.0219509
168
1
1.05231 11.2 0.709261
0.0227111 0.0106056 -0.0213283
169
1
1.01442 11.1786 0.744988
0.0195292 0.00982235 -0.0157469
170
1
0.977794 11.1572 0.775994
0.0168498 0.00878262 -0.0134318
171
1
0.941773 11.1354 0.804359
0.0185313 0.0096919 -0.0145847
172
1
0.906196 11.113 0.830611
0.0186226 0.011254 -0.0142771
173
1
0.872273 11.0898 0.8543
0.0148525 0.010729 -0.0111544
174
1
0.840257 11.0636 0.87429
0.0147085 0.0109775 -0.00927348
175
1
0.809925 11.0336 0.890796
0.0173745 0.0139415 -0.00716774
176
1
0.781695 11.0013 0.903569
0.0149598 0.0158155 -0.00385525
177
1
0.756233 10.9668 0.912366
0.0117252 0.0167465 -0.00335008
178
1
0.733593 10.9291 0.917276
0.0112759 0.019499 -0.00289525
179
1
0.714201 10.8881 0.919625
0.00838561 0.0230766 0.00108608
180
1
0.699458 10.8446 0.919116
0.00441965 0.0251788 0.00327616
181
1
0.688181 10.7981 0.916847
0.00349305 0.0244534 0.00329017
182
1
0.679981 10.7495 0.912797
0.00314272 0.0228436 0.00468089
183
1
0.675015 10.7002 0.907798
0.00123908 0.023718 0.00493547
184
1
0.674188 10.6494 0.903525
-0.000823765 0.0254488 0.00305366
185
1
0.676193 10.597 0.902796
-0.00155009 0.0240657 0.00144573
186
1
0.678813 10.545 0.906607
-0.0023353 0.0247499 -0.00331496
187
1
0.682369 10.4918 0.913846
-0.00404967 0.0270821 -0.00720758
188
1
0.688843 10.4365 0.925083
-0.00638214 0.0264163 -0.0069964
189
1
0.698913 10.379 0.941595
-0.00671909 0.0245887 -0.00739892
190
1
0.710311 10.316 0.967683
-0.00581591 0.0346231 -0.0179935
191
1
0.720914 10.2473 1.00292
-0.00520227 0.0362342 -0.0225269
192
1
0.729375 10.1756 1.03826
-0.00663832 0.0301235 -0.0175309
193
1
0.733199 10.0964 1.06675
-0.00408535 0.0425382 -0.014817
