194
0
1
0.923348 5.17851 0.867451
0.0316771 -0.0148196 0.0260456
1
1
0.865039 5.21394 0.813387
0.028389 -0.0199913 0.0289263
2
1
0.813419 5.26031 0.750471
0.0241859 -0.0274859 0.0321148
3
1
0.771286 5.31493 0.678288
0.0186388 -0.0308514 0.0371895
4
1
0.739488 5.37597 0.593229
0.0112724 -0.0347105 0.0441572
5
1
0.720656 5.44041 0.49111
0.00304635 -0.0339939 0.0577038
6
1
0.71789 5.50685 0.360994
-0.00755808 -0.0316151 0.0708182
7
1
0.737851 5.5701 0.175965
-0.0164542 -0.0191823 0.0737099
8
1
0.745151 5.83616 0.0694881
0.0160183 -0.027945 -0.0213069
9
1
0.0634251 6.4544 0.1487
0.00498224 0.0355049 -0.0614892
10
1
-0.0634251 6.4544 0.1487
0.00498224 -0.0355049 0.0614892
11
1
-0.745151 5.83616 0.0694881
0.0160183 0.027945 0.0213069
12
1
-0.737851 5.5701 0.175965
-0.0164542 0.0191823 -0.0737099
13
1
-0.71789 5.50685 0.360994
-0.00755808 0.0316151 -0.0708182
14
1
-0.720656 5.44041 0.49111
0.00304635 0.0339939 -0.0577038
15
1
-0.739488 5.37597 0.593229
0.0112724 0.0347105 -0.0441572
16
1
-0.771286 5.31493 0.678288
0.0186388 0.0308514 -0.0371895
17
1
-0.813419 5.26031 0.750471
0.0241859 0.0274859 -0.0321148
18
1
-0.865039 5.21394 0.813387
0.028389 0.0199913 -0.0289263
19
1
-0.923348 5.17851 0.867451
0.0316771 0.0148196 -0.0260456
20
1
-0.985558 5.15268 0.913
0.0329385 0.00996013 -0.0207809
21
1
-1.04948 5.13377 0.950244
0.0320355 0.00627828 -0.0167575
22
1
-1.11401 5.11961 0.979543
0.0330326 0.00523319 -0.0130174
23
1
-1.1796 5.10823 1.00175
0.0320999 0.00443448 -0.00902048
24
1
-1.24514 5.09885 1.01827
0.0323451 0.0039936 -0.00658996
25
1
-1.31021 5.09068 1.0309
0.0328475 0.00442198 -0.00468522
26
1
-1.37448 5.08297 1.04097
0.0311381 0.00417488 -0.00374099
27
1
-1.43747 5.07588 1.04879
0.0307275 0.00406521 -0.00302239
28
1
-1.49942 5.06933 1.05473
0.0312113 0.00393212 -0.00234742
29
1
-1.56069 5.06397 1.05931
0.0302959 0.00250814 -0.00169216
30
1
-1.62119 5.05992 1.06248
0.0297141 0.00121057 -0.00134361
31
1
-1.68099 5.05657 1.06388
0.0299892 0.000841686 -0.00134279
32
1
-1.74009 5.05422 1.06278
0.0295875 0.000305147 -0.000356788
33
1
-1.79808 5.05363 1.05805
0.028673 -0.00059464 0.00197719
34
1
-1.85454 5.05522 1.04941
0.0281292 -0.00131952 0.0038908
35
1
-1.90932 5.05864 1.03745
0.0271307 -0.00208474 0.00542486
36
1
-1.96255 5.06381 1.02297
0.0254719 -0.00288931 0.00749222
37
1
-2.01493 5.07031 1.00586
0.0246984 -0.00331956 0.00960623
38
1
-2.06741 5.07713 0.985416
0.0254098 -0.00347533 0.0114367
39
1
-2.12017 5.08352 0.961398
0.0261986 -0.00356534 0.0132047
40
1
-2.17242 5.08964 0.934005
0.0260976 -0.00338728 0.0151206
41
1
-2.2234 5.09579 0.903564
0.0256918 -0.00322446 0.016586
42
1
-2.27323 5.10243 0.870664
0.0252446 -0.00348627 0.0173887
43
1
-2.32205 5.1091 0.83523
0.0246059 -0.00371572 0.0185442
44
1
-2.37007 5.11577 0.796909
0.0238613 -0.00375774 0.020625
45
1
-2.41737 5.1224 0.75489
0.0233381 -0.00390871 0.0229331
46
1
-2.46355 5.12813 0.708806
0.0228481 -0.00336062 0.0250106
47
1
-2.50739 5.13217 0.658689
0.021982 -0.00172075 0.0271224
48
1
-2.54801 5.13472 0.605087
0.0208366 -0.000659289 0.0288253
49
1
-2.58525 5.13664 0.549123
0.0193215 -0.000759441 0.029943
50
1
-2.61855 5.13885 0.491533
0.016948 -0.00120907 0.0305624
51
1
-2.64772 5.14202 0.432722
0.0141108 -0.00164136 0.0311558
52
1
-2.67282 5.14602 0.372571
0.0118913 -0.00203121 0.0314664
53
1
-2.69388 5.15079 0.311337
0.01028 -0.00262465 0.0314845
54
1
-2.71097 5.15618 0.249588
0.00828651 -0.00332328 0.0316692
55
1
-2.7239 5.16194 0.187577
0.00571241 -0.00346063 0.0320927
56
1
-2.73297 5.16718 0.125401
0.00315308 -0.00254551 0.0322441
57
1
-2.73826 5.17076 0.0628316
0.00121169 -0.00119699 0.0319504
58
1
-2.74003 5.17215 1.74406e-015
-8.59417e-016 -1.66699e-016 0.0317219
59
1
-2.73826 5.17076 -0.0628316
-0.00121169 0.00119699 0.0319504
60
1
-2.73297 5.16718 -0.125401
-0.00315308 0.00254551 0.0322441
61
1
-2.7239 5.16194 -0.187577
-0.00571241 0.00346063 0.0320927
62
1
-2.71097 5.15618 -0.249588
-0.00828651 0.00332328 0.0316692
63
1
-2.69388 5.15079 -0.311337
-0.01028 0.00262465 0.0314845
64
1
-2.67282 5.14602 -0.372571
-0.0118913 0.00203121 0.0314664
65
1
-2.64772 5.14202 -0.432722
-0.0141108 0.00164136 0.0311558
66
1
-2.61855 5.13885 -0.491533
-0.016948 0.00120907 0.0305624
67
1
-2.58525 5.13664 -0.549123
-0.0193215 0.000759441 0.029943
68
1
-2.54801 5.13472 -0.605087
-0.0208366 0.000659289 0.0288253
69
1
-2.50739 5.13217 -0.658689
-0.021982 0.00172075 0.0271224
70
1
-2.46355 5.12813 -0.708806
-0.0228481 0.00336062 0.0250106
71
1
-2.41737 5.1224 -0.75489
-0.0233381 0.00390871 0.0229331
72
1
-2.37007 5.11577 -0.796909
-0.0238613 0.00375774 0.020625
73
1
-2.32205 5.1091 -0.83523
-0.0246059 0.00371572 0.0185442
74
1
-2.27323 5.10243 -0.870664
-0.0252446 0.00348627 0.0173887
75
1
-2.2234 5.09579 -0.903564
-0.0256918 0.00322446 0.016586
76
1
-2.17242 5.08964 -0.934005
-0.0260976 0.00338728 0.0151206
77
1
-2.12017 5.08352 -0.961398
-0.0261986 0.00356534 0.0132047
78
1
-2.06741 5.07713 -0.985416
-0.0254098 0.00347533 0.0114367
79
1
-2.01493 5.07031 -1.00586
-0.0246984 0.00331956 0.00960623
80
1
-1.96255 5.06381 -1.02297
-0.0254719 0.00288931 0.00749222
81
1
-1.90932 5.05864 -1.03745
-0.0271307 0.00208474 0.00542486
82
1
-1.85454 5.05522 -1.04941
-0.0281292 0.00131952 0.0038908
83
1
-1.79808 5.05363 -1.05805
-0.028673 0.00059464 0.00197719
84
1
-1.74009 5.05422 -1.06278
-0.0295875 -0.000305147 -0.000356788
85
1
-1.68099 5.05657 -1.06388
-0.0299892 -0.000841686 -0.00134279
86
1
-1.62119 5.05992 -1.06248
-0.0297141 -0.00121057 -0.00134361
87
1
-1.56069 5.06397 -1.05931
-0.0302959 -0.00250814 -0.00169216
88
1
-1.49942 5.06933 -1.05473
-0.0312113 -0.00393212 -0.00234742
89
1
-1.43747 5.07588 -1.04879
-0.0307275 -0.00406521 -0.00302239
90
1
-1.37448 5.08297 -1.04097
-0.0311381 -0.00417488 -0.00374099
91
1
-1.31021 5.09068 -1.0309
-0.0328475 -0.00442198 -0.00468522
92
1
-1.24514 5.09885 -1.01827
-0.0323451 -0.0039936 -0.00658996
93
1
-1.1796 5.10823 -1.00175
-0.0320999 -0.00443448 -0.00902048
94
1
-1.11401 5.11961 -0.979543
-0.0330326 -0.00523319 -0.0130174
95
1
-1.04948 5.13377 -0.950244
-0.0320355 -0.00627828 -0.0167575
96
1
-0.985558 5.15268 -0.913
-0.0329385 -0.00996013 -0.0207809
97
1
-0.923348 5.17851 -0.867451
-0.0316771 -0.0148196 -0.0260456
98
1
-0.865039 5.21394 -0.813387
-0.028389 -0.0199913 -0.0289263
99
1
-0.813419 5.26031 -0.750471
-0.0241859 -0.0274859 -0.0321148
100
1
-0.771286 5.31493 -0.678288
-0.0186388 -0.0308514 -0.0371895
101
1
-0.739488 5.37597 -0.593229
-0.0112724 -0.0347105 -0.0441572
102
1
-0.720656 5.44041 -0.49111
-0.00304635 -0.0339939 -0.0577038
103
1
-0.71789 5.50685 -0.360994
0.00755808 -0.0316151 -0.0708182
104
1
-0.737851 5.5701 -0.175965
0.0164542 -0.0191823 -0.0737099
105
1
-0.745151 5.83616 -0.0694881
-0.0160183 -0.027945 0.0213069
106
1
-0.0634251 6.4544 -0.1487
-0.00498224 0.0355049 0.0614892
107
1
0.0634251 6.4544 -0.1487
-0.00498224 -0.0355049 -0.0614892
108
1
0.745151 5.83616 -0.0694881
-0.0160183 0.027945 -0.0213069
109
1
0.737851 5.5701 -0.175965
0.0164542 0.0191823 0.0737099
110
1
0.71789 5.50685 -0.360994
0.00755808 0.0316151 0.0708182
111
1
0.720656 5.44041 -0.49111
-0.00304635 0.0339939 0.0577038
112
1
0.739488 5.37597 -0.593229
-0.0112724 0.0347105 0.0441572
113
1
0.771286 5.31493 -0.678288
-0.0186388 0.0308514 0.0371895
114
1
0.813419 5.26031 -0.750471
-0.0241859 0.0274859 0.0321148
115
1
0.865039 5.21394 -0.813387
-0.028389 0.0199913 0.0289263
116
1
0.923348 5.17851 -0.867451
-0.0316771 0.0148196 0.0260456
117
1
0.985558 5.15268 -0.913
-0.0329385 0.00996013 0.0207809
118
1
1.04948 5.13377 -0.950244
-0.0320355 0.00627828 0.0167575
119
1
1.11401 5.11961 -0.979543
-0.0330326 0.00523319 0.0130174
120
1
1.1796 5.10823 -1.00175
-0.0320999 0.00443448 0.00902048
121
1
1.24514 5.09885 -1.01827
-0.0323451 0.0039936 0.00658996
122
1
1.31021 5.09068 -1.0309
-0.0328475 0.00442198 0.00468522
123
1
1.37448 5.08297 -1.04097
-0.0311381 0.00417488 0.00374099
124
1
1.43747 5.07588 -1.04879
-0.0307275 0.00406521 0.00302239
125
1
1.49942 5.06933 -1.05473
-0.0312113 0.00393212 0.00234742
126
1
1.56069 5.06397 -1.05931
-0.0302959 0.00250814 0.00169216
127
1
1.62119 5.05992 -1.06248
-0.0297141 0.00121057 0.00134361
128
1
1.68099 5.05657 -1.06388
-0.0299892 0.000841686 0.00134279
129
1
1.74009 5.05422 -1.06278
-0.0295875 0.000305147 0.000356788
130
1
1.79808 5.05363 -1.05805
-0.028673 -0.00059464 -0.00197719
131
1
1.85454 5.05522 -1.04941
-0.0281292 -0.00131952 -0.0038908
132
1
1.90932 5.05864 -1.03745
-0.0271307 -0.00208474 -0.00542486
133
1
1.96255 5.06381 -1.02297
-0.0254719 -0.00288931 -0.00749222
134
1
2.01493 5.07031 -1.00586
-0.0246984 -0.00331956 -0.00960623
135
1
2.06741 5.07713 -0.985416
-0.0254098 -0.00347533 -0.0114367
136
1
2.12017 5.08352 -0.961398
-0.0261986 -0.00356534 -0.0132047
137
1
2.17242 5.08964 -0.934005
-0.0260976 -0.00338728 -0.0151206
138
1
2.2234 5.09579 -0.903564
-0.0256918 -0.00322446 -0.016586
139
1
2.27323 5.10243 -0.870664
-0.0252446 -0.00348627 -0.0173887
140
1
2.32205 5.1091 -0.83523
-0.0246059 -0.00371572 -0.0185442
141
1
2.37007 5.11577 -0.796909
-0.0238613 -0.00375774 -0.020625
142
1
2.41737 5.1224 -0.75489
-0.0233381 -0.00390871 -0.0229331
143
1
2.46355 5.12813 -0.708806
-0.0228481 -0.00336062 -0.0250106
144
1
2.50739 5.13217 -0.658689
-0.021982 -0.00172075 -0.0271224
145
1
2.54801 5.13472 -0.605087
-0.0208366 -0.000659289 -0.0288253
146
1
2.58525 5.13664 -0.549123
-0.0193215 -0.000759441 -0.029943
147
1
2.61855 5.13885 -0.491533
-0.016948 -0.00120907 -0.0305624
148
1
2.64772 5.14202 -0.432722
-0.0141108 -0.00164136 -0.0311558
149
1
2.67282 5.14602 -0.372571
-0.0118913 -0.00203121 -0.0314664
150
1
2.69388 5.15079 -0.311337
-0.01028 -0.00262465 -0.0314845
151
1
2.71097 5.15618 -0.249588
-0.00828651 -0.00332328 -0.0316692
152
1
2.7239 5.16194 -0.187577
-0.00571241 -0.00346063 -0.0320927
153
1
2.73297 5.16718 -0.125401
-0.00315308 -0.00254551 -0.0322441
154
1
2.73826 5.17076 -0.0628316
-0.00121169 -0.00119699 -0.0319504
155
1
2.74003 5.17215 -6.1036e-015
-3.83468e-016 1.31376e-016 -0.0317219
156
1
2.73826 5.17076 0.0628316
0.00121169 0.00119699 -0.0319504
157
1
2.73297 5.16718 0.125401
0.00315308 0.00254551 -0.0322441
158
1
2.7239 5.16194 0.187577
0.00571241 0.00346063 -0.0320927
159
1
2.71097 5.15618 0.249588
0.00828651 0.00332328 -0.0316692
160
1
2.69388 5.15079 0.311337
0.01028 0.00262465 -0.0314845
161
1
2.67282 5.14602 0.372571
0.0118913 0.00203121 -0.0314664
162
1
2.64772 5.14202 0.432722
0.0141108 0.00164136 -0.0311558
163
1
2.61855 5.13885 0.491533
0.016948 0.00120907 -0.0305624
164
1
2.58525 5.13664 0.549123
0.0193215 0.000759441 -0.029943
165
1
2.54801 5.13472 0.605087
0.0208366 0.000659289 -0.0288253
166
1
2.50739 5.13217 0.658689
0.021982 0.00172075 -0.0271224
167
1
2.46355 5.12813 0.708806
0.0228481 0.00336062 -0.0250106
168
1
2.41737 5.1224 0.75489
0.0233381 0.00390871 -0.0229331
169
1
2.37007 5.11577 0.796909
0.0238613 0.00375774 -0.020625
170
1
2.32205 5.1091 0.83523
0.0246059 0.00371572 -0.0185442
171
1
2.27323 5.10243 0.870664
0.0252446 0.00348627 -0.0173887
172
1
2.2234 5.09579 0.903564
0.0256918 0.00322446 -0.016586
173
1
2.17242 5.08964 0.934005
0.0260976 0.00338728 -0.0151206
174
1
2.12017 5.08352 0.961398
0.0261986 0.00356534 -0.0132047
175
1
2.06741 5.07713 0.985416
0.0254098 0.00347533 -0.0114367
176
1
2.01493 5.07031 1.00586
0.0246984 0.00331956 -0.00960623
177
1
1.96255 5.06381 1.02297
0.0254719 0.00288931 -0.00749222
178
1
1.90932 5.05864 1.03745
0.0271307 0.00208474 -0.00542486
179
1
1.85454 5.05522 1.04941
0.0281292 0.00131952 -0.0038908
180
1
1.79808 5.05363 1.05805
0.028673 0.00059464 -0.00197719
181
1
1.74009 5.05422 1.06278
0.0295875 -0.000305147 0.000356788
182
1
1.68099 5.05657 1.06388
0.0299892 -0.000841686 0.00134279
183
1
1.62119 5.05992 1.06248
0.0297141 -0.00121057 0.00134361
184
1
1.56069 5.06397 1.05931
0.0302959 -0.00250814 0.00169216
185
1
1.49942 5.06933 1.05473
0.0312113 -0.00393212 0.00234742
186
1
1.43747 5.07588 1.04879
0.0307275 -0.00406521 0.00302239
187
1
1.37448 5.08297 1.04097
0.0311381 -0.00417488 0.00374099
188
1
1.31021 5.09068 1.0309
0.0328475 -0.00442198 0.00468522
189
1
1.24514 5.09885 1.01827
0.0323451 -0.0039936 0.00658996
190
1
1.1796 5.10823 1.00175
0.0320999 -0.00443448 0.00902048
191
1
1.11401 5.11961 0.979543
0.0330326 -0.00523319 0.0130174
192
1
1.04948 5.13377 0.950244
0.0320355 -0.00627828 0.0167575
193
1
0.985558 5.15268 0.913
0.0329385 -0.00996013 0.0207809
