194
0
1
1.06702 9.20897 0.584804
0.0552228 0.00907811 0.00762861
1
1
0.959131 9.18872 0.567044
0.0549102 0.0123669 0.00959516
2
1
0.843962 9.16162 0.5458
0.0598641 0.0156896 0.0112991
3
1
0.724328 9.1269 0.521872
0.0612488 0.0182712 0.0129095
4
1
0.60048 9.08166 0.489408
0.0606575 0.0233268 0.0193185
5
1
0.472821 9.02759 0.438471
0.0630496 0.0259719 0.0300227
6
1
0.33973 8.95918 0.355652
0.0501823 0.0354805 0.0395883
7
1
0.179926 8.83997 0.237779
0.0471317 0.0474017 0.0365785
8
1
0.232917 6.15962 0.0589999
-0.0381049 -0.0295581 -0.00957876
9
1
0.0551447 12.7446 0.106103
0.0114236 -0.0329669 -0.0430728
10
1
-0.0551447 12.7446 0.106103
0.0114236 0.0329669 0.0430728
11
1
-0.232907 6.15963 0.0589947
-0.0381062 0.0295579 0.00958121
12
1
-0.179926 8.83997 0.237779
0.0471317 -0.0474017 -0.0365785
13
1
-0.33973 8.95918 0.355652
0.0501823 -0.0354805 -0.0395883
14
1
-0.472821 9.02759 0.438471
0.0630496 -0.0259719 -0.0300227
15
1
-0.60048 9.08166 0.489408
0.0606575 -0.0233268 -0.0193185
16
1
-0.724328 9.1269 0.521872
0.0612488 -0.0182712 -0.0129095
17
1
-0.843962 9.16162 0.5458
0.0598641 -0.0156896 -0.0112991
18
1
-0.959131 9.18872 0.567044
0.0549102 -0.0123669 -0.00959517
19
1
-1.06702 9.20897 0.584804
0.0552228 -0.00907811 -0.00762861
20
1
-1.16578 9.22117 0.599965
0.0465442 -0.00362898 -0.0067253
21
1
-1.25607 9.22648 0.615045
0.0420496 -0.00149784 -0.00581324
22
1
-1.3377 9.22768 0.631931
0.0400276 0.00067401 -0.00842748
23
1
-1.41419 9.22807 0.652484
0.0355464 0.0013511 -0.011231
24
1
-1.48552 9.22991 0.675645
0.0337185 0.000237072 -0.0131091
25
1
-1.55148 9.23337 0.700038
0.0319663 0.000273287 -0.0144729
26
1
-1.61239 9.23816 0.724454
0.0267114 -0.000105783 -0.0134096
27
1
-1.66831 9.2452 0.747308
0.0244172 -0.0025852 -0.0126011
28
1
-1.721 9.25689 0.768076
0.0253868 -0.00627929 -0.012359
29
1
-1.77213 9.27402 0.786249
0.02524 -0.00955945 -0.00968798
30
1
-1.82156 9.2959 0.80018
0.0243426 -0.0116905 -0.00579632
31
1
-1.86937 9.32153 0.808976
0.0235449 -0.0137802 -0.00162282
32
1
-1.9155 9.34984 0.812376
0.0222252 -0.0151212 0.000711605
33
1
-1.95993 9.37958 0.810457
0.0215039 -0.0156721 0.00233765
34
1
-2.00319 9.41028 0.803205
0.0220554 -0.0164823 0.00638048
35
1
-2.04562 9.44131 0.791287
0.0211241 -0.0160172 0.00874533
36
1
-2.08608 9.47234 0.775917
0.0190809 -0.014377 0.00785917
37
1
-2.12522 9.50366 0.758323
0.0194566 -0.0149634 0.0100868
38
1
-2.16392 9.53625 0.739606
0.0192403 -0.0163352 0.0120598
39
1
-2.20183 9.56979 0.72036
0.0169471 -0.0155797 0.00946739
40
1
-2.23875 9.60297 0.700557
0.0181468 -0.0159998 0.00959257
41
1
-2.27378 9.63655 0.679326
0.0192396 -0.0179211 0.0117083
42
1
-2.30554 9.67166 0.658077
0.0151535 -0.0181558 0.00969952
43
1
-2.33375 9.70812 0.637506
0.0127497 -0.0182304 0.00708221
44
1
-2.35922 9.74556 0.616647
0.0127323 -0.019475 0.00811502
45
1
-2.38248 9.78414 0.593644
0.0107372 -0.0209646 0.0118861
46
1
-2.40305 9.82358 0.567037
0.00865016 -0.0213215 0.0127785
47
1
-2.4216 9.86322 0.536826
0.00844833 -0.0199982 0.0139641
48
1
-2.43916 9.90135 0.501147
0.00815102 -0.0197857 0.0216665
49
1
-2.45525 9.93636 0.460886
0.0073333 -0.0177752 0.0253077
50
1
-2.47018 9.96807 0.417124
0.0059633 -0.0148484 0.0229866
51
1
-2.48466 9.99754 0.369836
0.00624629 -0.014345 0.0245371
52
1
-2.49924 10.0246 0.320022
0.00966886 -0.014545 0.0281169
53
1
-2.51359 10.0494 0.267638
0.00985069 -0.0141181 0.0309821
54
1
-2.52607 10.0707 0.213588
0.00632874 -0.0116493 0.0304455
55
1
-2.53556 10.088 0.15939
0.00465002 -0.0090487 0.0288832
56
1
-2.54242 10.1009 0.105898
0.00436619 -0.00621869 0.0276339
57
1
-2.54672 10.1081 0.0522387
0.00201749 -0.0032747 0.0264962
58
1
-2.54803 10.1101 8.02407e-009
4.89488e-011 1.31931e-010 0.0260559
59
1
-2.54672 10.1081 -0.0522387
-0.00201749 0.0032747 0.0264962
60
1
-2.54242 10.1009 -0.105898
-0.00436619 0.00621869 0.0276339
61
1
-2.53556 10.088 -0.15939
-0.00465001 0.0090487 0.0288832
62
1
-2.52607 10.0707 -0.213588
-0.00632874 0.0116493 0.0304455
63
1
-2.51359 10.0494 -0.267638
-0.00985069 0.0141181 0.0309821
64
1
-2.49924 10.0246 -0.320022
-0.00966886 0.014545 0.0281169
65
1
-2.48466 9.99754 -0.369836
-0.00624629 0.014345 0.0245371
66
1
-2.47018 9.96807 -0.417124
-0.0059633 0.0148484 0.0229866
67
1
-2.45525 9.93636 -0.460886
-0.0073333 0.0177752 0.0253077
68
1
-2.43916 9.90135 -0.501147
-0.00815102 0.0197857 0.0216665
69
1
-2.4216 9.86322 -0.536826
-0.00844833 0.0199982 0.0139641
70
1
-2.40305 9.82358 -0.567037
-0.00865016 0.0213215 0.0127785
71
1
-2.38248 9.78414 -0.593644
-0.0107372 0.0209646 0.0118861
72
1
-2.35922 9.74556 -0.616647
-0.0127323 0.019475 0.00811502
73
1
-2.33375 9.70812 -0.637506
-0.0127497 0.0182304 0.00708221
74
1
-2.30554 9.67166 -0.658077
-0.0151535 0.0181558 0.00969952
75
1
-2.27378 9.63655 -0.679326
-0.0192396 0.0179211 0.0117083
76
1
-2.23875 9.60297 -0.700557
-0.0181468 0.0159998 0.00959257
77
1
-2.20183 9.56979 -0.72036
-0.0169471 0.0155797 0.00946738
78
1
-2.16392 9.53625 -0.739606
-0.0192403 0.0163352 0.0120598
79
1
-2.12522 9.50366 -0.758323
-0.0194566 0.0149634 0.0100868
80
1
-2.08608 9.47234 -0.775917
-0.0190809 0.014377 0.00785917
81
1
-2.04562 9.44131 -0.791286
-0.0211241 0.0160172 0.00874533
82
1
-2.00319 9.41028 -0.803205
-0.0220554 0.0164823 0.00638048
83
1
-1.95993 9.37958 -0.810457
-0.0215039 0.0156721 0.00233765
84
1
-1.9155 9.34984 -0.812376
-0.0222252 0.0151212 0.000711605
85
1
-1.86937 9.32153 -0.808976
-0.0235449 0.0137802 -0.00162282
86
1
-1.82156 9.2959 -0.80018
-0.0243426 0.0116905 -0.00579632
87
1
-1.77213 9.27402 -0.786249
-0.02524 0.00955945 -0.00968798
88
1
-1.721 9.25689 -0.768076
-0.0253868 0.0062793 -0.012359
89
1
-1.66831 9.2452 -0.747307
-0.0244172 0.0025852 -0.0126011
90
1
-1.61239 9.23816 -0.724454
-0.0267114 0.000105783 -0.0134096
91
1
-1.55148 9.23337 -0.700037
-0.0319663 -0.000273287 -0.0144729
92
1
-1.48552 9.22991 -0.675645
-0.0337185 -0.000237072 -0.0131091
93
1
-1.41419 9.22807 -0.652484
-0.0355464 -0.0013511 -0.011231
94
1
-1.3377 9.22768 -0.631931
-0.0400276 -0.00067401 -0.00842747
95
1
-1.25607 9.22648 -0.615045
-0.0420496 0.00149784 -0.00581324
96
1
-1.16578 9.22117 -0.599965
-0.0465442 0.00362898 -0.0067253
97
1
-1.06702 9.20897 -0.584804
-0.0552228 0.00907811 -0.00762861
98
1
-0.959131 9.18872 -0.567044
-0.0549102 0.0123669 -0.00959516
99
1
-0.843962 9.16162 -0.5458
-0.0598641 0.0156896 -0.0112991
100
1
-0.724328 9.1269 -0.521872
-0.0612488 0.0182712 -0.0129095
101
1
-0.60048 9.08166 -0.489408
-0.0606575 0.0233268 -0.0193185
102
1
-0.472821 9.02759 -0.438471
-0.0630496 0.0259719 -0.0300227
103
1
-0.33973 8.95918 -0.355652
-0.0501823 0.0354805 -0.0395883
104
1
-0.179926 8.83997 -0.237779
-0.0471317 0.0474017 -0.0365785
105
1
-0.232917 6.15962 -0.0589977
0.0381049 -0.029558 0.00957893
106
1
-0.0551447 12.7446 -0.106103
-0.0114236 -0.0329669 0.0430728
107
1
0.0551447 12.7446 -0.106103
-0.0114236 0.0329669 -0.0430728
108
1
0.232907 6.15963 -0.0589926
0.0381062 0.0295578 -0.00958138
109
1
0.179926 8.83997 -0.237779
-0.0471317 -0.0474017 0.0365785
110
1
0.33973 8.95918 -0.355652
-0.0501823 -0.0354805 0.0395883
111
1
0.472821 9.02759 -0.438471
-0.0630496 -0.0259719 0.0300227
112
1
0.60048 9.08166 -0.489408
-0.0606575 -0.0233268 0.0193185
113
1
0.724328 9.1269 -0.521872
-0.0612488 -0.0182712 0.0129095
114
1
0.843962 9.16162 -0.5458
-0.0598641 -0.0156896 0.0112991
115
1
0.959131 9.18872 -0.567044
-0.0549102 -0.0123669 0.00959516
116
1
1.06702 9.20897 -0.584804
-0.0552228 -0.00907811 0.00762861
117
1
1.16578 9.22117 -0.599965
-0.0465442 -0.00362898 0.0067253
118
1
1.25607 9.22648 -0.615045
-0.0420496 -0.00149784 0.00581324
119
1
1.3377 9.22768 -0.631931
-0.0400276 0.000674009 0.00842748
120
1
1.41419 9.22807 -0.652484
-0.0355464 0.0013511 0.011231
121
1
1.48552 9.22991 -0.675645
-0.0337185 0.000237072 0.0131091
122
1
1.55148 9.23337 -0.700038
-0.0319663 0.000273287 0.0144729
123
1
1.61239 9.23816 -0.724454
-0.0267114 -0.000105783 0.0134096
124
1
1.66831 9.2452 -0.747308
-0.0244172 -0.0025852 0.0126011
125
1
1.721 9.25689 -0.768076
-0.0253868 -0.00627929 0.012359
126
1
1.77213 9.27402 -0.786249
-0.02524 -0.00955945 0.00968798
127
1
1.82156 9.2959 -0.80018
-0.0243426 -0.0116905 0.00579632
128
1
1.86937 9.32153 -0.808976
-0.0235449 -0.0137802 0.00162282
129
1
1.9155 9.34984 -0.812376
-0.0222252 -0.0151212 -0.000711606
130
1
1.95993 9.37958 -0.810457
-0.0215039 -0.0156721 -0.00233765
131
1
2.00319 9.41028 -0.803205
-0.0220554 -0.0164823 -0.00638048
132
1
2.04562 9.44131 -0.791287
-0.0211241 -0.0160172 -0.00874533
133
1
2.08608 9.47234 -0.775917
-0.0190809 -0.014377 -0.00785917
134
1
2.12522 9.50366 -0.758323
-0.0194566 -0.0149634 -0.0100868
135
1
2.16392 9.53625 -0.739606
-0.0192403 -0.0163352 -0.0120598
136
1
2.20183 9.56979 -0.72036
-0.0169471 -0.0155797 -0.00946739
137
1
2.23875 9.60297 -0.700557
-0.0181468 -0.0159998 -0.00959257
138
1
2.27378 9.63655 -0.679326
-0.0192396 -0.0179211 -0.0117083
139
1
2.30554 9.67166 -0.658077
-0.0151535 -0.0181558 -0.00969952
140
1
2.33375 9.70812 -0.637506
-0.0127497 -0.0182304 -0.00708221
141
1
2.35922 9.74556 -0.616647
-0.0127323 -0.019475 -0.00811502
142
1
2.38248 9.78414 -0.593644
-0.0107372 -0.0209646 -0.0118861
143
1
2.40305 9.82358 -0.567037
-0.00865016 -0.0213215 -0.0127785
144
1
2.4216 9.86322 -0.536826
-0.00844833 -0.0199982 -0.0139641
145
1
2.43916 9.90135 -0.501147
-0.00815102 -0.0197857 -0.0216665
146
1
2.45525 9.93636 -0.460886
-0.0073333 -0.0177752 -0.0253077
147
1
2.47018 9.96807 -0.417124
-0.0059633 -0.0148484 -0.0229866
148
1
2.48466 9.99754 -0.369836
-0.00624629 -0.014345 -0.0245371
149
1
2.49924 10.0246 -0.320022
-0.00966886 -0.014545 -0.0281169
150
1
2.51359 10.0494 -0.267638
-0.00985069 -0.0141181 -0.0309821
151
1
2.52607 10.0707 -0.213588
-0.00632874 -0.0116493 -0.0304455
152
1
2.53556 10.088 -0.15939
-0.00465002 -0.0090487 -0.0288832
153
1
2.54242 10.1009 -0.105898
-0.00436619 -0.00621869 -0.0276339
154
1
2.54672 10.1081 -0.0522387
-0.00201749 -0.0032747 -0.0264962
155
1
2.54803 10.1101 -1.14261e-008
-1.18902e-011 9.42793e-011 -0.0260559
156
1
2.54672 10.1081 0.0522387
0.00201749 0.0032747 -0.0264962
157
1
2.54242 10.1009 0.105898
0.00436619 0.00621869 -0.0276339
158
1
2.53556 10.088 0.15939
0.00465002 0.0090487 -0.0288832
159
1
2.52607 10.0707 0.213588
0.00632874 0.0116493 -0.0304455
160
1
2.51359 10.0494 0.267638
0.00985069 0.0141181 -0.0309821
161
1
2.49924 10.0246 0.320022
0.00966886 0.014545 -0.0281169
162
1
2.48466 9.99754 0.369836
0.00624629 0.014345 -0.0245371
163
1
2.47018 9.96807 0.417124
0.0059633 0.0148484 -0.0229866
164
1
2.45525 9.93636 0.460886
0.0073333 0.0177752 -0.0253077
165
1
2.43916 9.90135 0.501147
0.00815102 0.0197857 -0.0216665
166
1
2.4216 9.86322 0.536826
0.00844833 0.0199982 -0.0139641
167
1
2.40305 9.82358 0.567037
0.00865016 0.0213215 -0.0127785
168
1
2.38248 9.78414 0.593644
0.0107372 0.0209646 -0.0118861
169
1
2.35922 9.74556 0.616647
0.0127323 0.019475 -0.00811502
170
1
2.33375 9.70812 0.637506
0.0127497 0.0182304 -0.00708221
171
1
2.30554 9.67166 0.658077
0.0151535 0.0181558 -0.00969952
172
1
2.27378 9.63655 0.679326
0.0192396 0.0179211 -0.0117083
173
1
2.23875 9.60297 0.700557
0.0181468 0.0159998 -0.00959257
174
1
2.20183 9.56979 0.72036
0.0169471 0.0155797 -0.00946738
175
1
2.16392 9.53625 0.739606
0.0192403 0.0163352 -0.0120598
176
1
2.12522 9.50366 0.758323
0.0194566 0.0149634 -0.0100868
177
1
2.08608 9.47234 0.775917
0.0190809 0.014377 -0.00785917
178
1
2.04562 9.44131 0.791286
0.0211241 0.0160172 -0.00874533
179
1
2.00319 9.41028 0.803205
0.0220554 0.0164823 -0.00638048
180
1
1.95993 9.37958 0.810457
0.0215039 0.0156721 -0.00233765
181
1
1.9155 9.34984 0.812376
0.0222252 0.0151212 -0.000711605
182
1
1.86937 9.32153 0.808976
0.0235449 0.0137802 0.00162282
183
1
1.82156 9.2959 0.80018
0.0243426 0.0116905 0.00579632
184
1
1.77213 9.27402 0.786249
0.02524 0.00955945 0.00968798
185
1
1.721 9.25689 0.768076
0.0253868 0.0062793 0.012359
186
1
1.66831 9.2452 0.747307
0.0244172 0.0025852 0.0126011
187
1
1.61239 9.23816 0.724454
0.0267114 0.000105783 0.0134096
188
1
1.55148 9.23337 0.700037
0.0319663 -0.000273288 0.0144729
189
1
1.48552 9.22991 0.675645
0.0337185 -0.000237072 0.0131091
190
1
1.41419 9.22807 0.652484
0.0355464 -0.0013511 0.011231
191
1
1.3377 9.22768 0.631931
0.0400276 -0.00067401 0.00842747
192
1
1.25607 9.22648 0.615045
0.0420496 0.00149784 0.00581324
193
1
1.16578 9.22117 0.599965
0.0465442 0.00362898 0.0067253
