194
0
1
0.870538 4.00343 0.544352
0.0290495 -0.0338924 0.00888023
1
1
0.809318 4.06998 0.53228
0.0298278 -0.0356839 0.00341472
2
1
0.743435 4.13946 0.529913
0.0328997 -0.0356991 -0.00219354
3
1
0.671182 4.20813 0.538182
0.0369985 -0.0339535 -0.00861898
4
1
0.590362 4.27238 0.556041
0.0415911 -0.0303903 -0.0123517
5
1
0.50024 4.32826 0.580439
0.046014 -0.0250098 -0.015346
6
1
0.400843 4.37324 0.607116
0.0510752 -0.0193112 -0.0147775
7
1
0.293064 4.40655 0.631196
0.0555169 -0.012955 -0.0116983
8
1
0.178589 4.42821 0.648976
0.0584049 -0.00756105 -0.00711481
9
1
0.0599861 4.43905 0.658151
0.0599376 -0.00230082 -0.002222
10
1
-0.0599861 4.43905 0.658151
0.0599376 0.00230082 0.002222
11
1
-0.178589 4.42821 0.648976
0.0584049 0.00756105 0.00711481
12
1
-0.293064 4.40655 0.631196
0.0555169 0.012955 0.0116983
13
1
-0.400843 4.37324 0.607116
0.0510752 0.0193112 0.0147775
14
1
-0.50024 4.32826 0.580439
0.046014 0.0250098 0.015346
15
1
-0.590362 4.27238 0.556041
0.0415911 0.0303903 0.0123517
16
1
-0.671182 4.20813 0.538182
0.0369985 0.0339535 0.00861898
17
1
-0.743435 4.13946 0.529913
0.0328997 0.0356991 0.00219354
18
1
-0.809318 4.06998 0.53228
0.0298278 0.0356839 -0.00341472
19
1
-0.870538 4.00343 0.544352
0.0290495 0.0338924 -0.00888023
20
1
-0.92879 3.94296 0.564268
0.0276202 0.0296895 -0.0125933
21
1
-0.985376 3.88967 0.589306
0.0266592 0.0251417 -0.0139415
22
1
-1.0413 3.84372 0.617357
0.0277846 0.0211234 -0.0155861
23
1
-1.09771 3.8036 0.646774
0.0271355 0.0176586 -0.0153167
24
1
-1.15451 3.7683 0.67548
0.0280268 0.0155634 -0.0145384
25
1
-1.2122 3.73657 0.70187
0.0295106 0.0140763 -0.0130561
26
1
-1.27038 3.70744 0.725211
0.0284237 0.012904 -0.0115447
27
1
-1.32876 3.6806 0.74494
0.0282368 0.0126087 -0.00987836
28
1
-1.38732 3.65505 0.76084
0.0293048 0.0129251 -0.00789351
29
1
-1.44587 3.63063 0.773977
0.0287817 0.0125321 -0.00649664
30
1
-1.5042 3.60766 0.78508
0.028098 0.0118214 -0.00545384
31
1
-1.56229 3.58578 0.794256
0.028561 0.0115807 -0.0041342
32
1
-1.62007 3.56477 0.801724
0.0288476 0.0110378 -0.00307906
33
1
-1.67755 3.54516 0.80772
0.0287045 0.00979095 -0.00242672
34
1
-1.73478 3.52768 0.812134
0.0286889 0.00844775 -0.00181567
35
1
-1.79156 3.51243 0.814731
0.0281727 0.0071607 -0.0013681
36
1
-1.84748 3.49912 0.815739
0.0269784 0.00595645 -0.00114193
37
1
-1.90276 3.48744 0.815259
0.0264779 0.00513817 -0.000386758
38
1
-1.95804 3.47725 0.812095
0.0271786 0.00454239 0.00153463
39
1
-2.01329 3.46843 0.804815
0.0278083 0.0036626 0.00398677
40
1
-2.06765 3.46085 0.792834
0.0274332 0.00269138 0.0064149
41
1
-2.12044 3.45405 0.776378
0.0264463 0.00248056 0.00931746
42
1
-2.17167 3.44773 0.755404
0.0254514 0.00323847 0.0122136
43
1
-2.22158 3.44101 0.729984
0.024772 0.00418427 0.0142269
44
1
-2.27031 3.43393 0.699836
0.024336 0.00469306 0.0159905
45
1
-2.31779 3.42652 0.664569
0.0238942 0.00474516 0.0186325
46
1
-2.36399 3.41919 0.624483
0.0232272 0.00442904 0.0218477
47
1
-2.40872 3.41239 0.580516
0.0226085 0.0040462 0.0240643
48
1
-2.45191 3.40634 0.53396
0.0222193 0.00373794 0.0249244
49
1
-2.49326 3.40102 0.485787
0.0214133 0.0031083 0.0256329
50
1
-2.53201 3.39573 0.43659
0.0195938 0.00251783 0.0263234
51
1
-2.56715 3.38975 0.386153
0.0171896 0.00269023 0.0269693
52
1
-2.59833 3.38291 0.334021
0.0146741 0.00344333 0.0276209
53
1
-2.62516 3.37554 0.280298
0.0121715 0.00398814 0.0282706
54
1
-2.64703 3.36871 0.225259
0.00970213 0.00393856 0.0287834
55
1
-2.66353 3.36305 0.169291
0.00731753 0.0034232 0.0290811
56
1
-2.67466 3.3591 0.112856
0.00488162 0.00257493 0.0290025
57
1
-2.68104 3.35676 0.0563706
0.0023988 0.0013552 0.0285933
58
1
-2.68295 3.35597 -2.94251e-015
8.8407e-017 5.20955e-016 0.0283359
59
1
-2.68104 3.35676 -0.0563706
-0.0023988 -0.0013552 0.0285933
60
1
-2.67466 3.3591 -0.112856
-0.00488162 -0.00257493 0.0290025
61
1
-2.66353 3.36305 -0.169291
-0.00731753 -0.0034232 0.0290811
62
1
-2.64703 3.36871 -0.225259
-0.00970213 -0.00393856 0.0287834
63
1
-2.62516 3.37554 -0.280298
-0.0121715 -0.00398814 0.0282706
64
1
-2.59833 3.38291 -0.334021
-0.0146741 -0.00344333 0.0276209
65
1
-2.56715 3.38975 -0.386153
-0.0171896 -0.00269023 0.0269693
66
1
-2.53201 3.39573 -0.43659
-0.0195938 -0.00251783 0.0263234
67
1
-2.49326 3.40102 -0.485787
-0.0214133 -0.0031083 0.0256329
68
1
-2.45191 3.40634 -0.53396
-0.0222193 -0.00373794 0.0249244
69
1
-2.40872 3.41239 -0.580516
-0.0226085 -0.0040462 0.0240643
70
1
-2.36399 3.41919 -0.624483
-0.0232272 -0.00442904 0.0218477
71
1
-2.31779 3.42652 -0.664569
-0.0238942 -0.00474516 0.0186325
72
1
-2.27031 3.43393 -0.699836
-0.024336 -0.00469306 0.0159905
73
1
-2.22158 3.44101 -0.729984
-0.024772 -0.00418427 0.0142269
74
1
-2.17167 3.44773 -0.755404
-0.0254514 -0.00323847 0.0122136
75
1
-2.12044 3.45405 -0.776378
-0.0264463 -0.00248056 0.00931746
76
1
-2.06765 3.46085 -0.792834
-0.0274332 -0.00269138 0.0064149
77
1
-2.01329 3.46843 -0.804815
-0.0278083 -0.0036626 0.00398677
78
1
-1.95804 3.47725 -0.812095
-0.0271786 -0.00454239 0.00153463
79
1
-1.90276 3.48744 -0.815259
-0.0264779 -0.00513817 -0.000386758
80
1
-1.84748 3.49912 -0.815739
-0.0269784 -0.00595645 -0.00114193
81
1
-1.79156 3.51243 -0.814731
-0.0281727 -0.0071607 -0.0013681
82
1
-1.73478 3.52768 -0.812134
-0.0286889 -0.00844775 -0.00181567
83
1
-1.67755 3.54516 -0.80772
-0.0287045 -0.00979095 -0.00242672
84
1
-1.62007 3.56477 -0.801724
-0.0288476 -0.0110378 -0.00307906
85
1
-1.56229 3.58578 -0.794256
-0.028561 -0.0115807 -0.0041342
86
1
-1.5042 3.60766 -0.78508
-0.028098 -0.0118214 -0.00545384
87
1
-1.44587 3.63063 -0.773977
-0.0287817 -0.0125321 -0.00649664
88
1
-1.38732 3.65505 -0.76084
-0.0293048 -0.0129251 -0.00789351
89
1
-1.32876 3.6806 -0.74494
-0.0282368 -0.0126087 -0.00987836
90
1
-1.27038 3.70744 -0.725211
-0.0284237 -0.012904 -0.0115447
91
1
-1.2122 3.73657 -0.70187
-0.0295106 -0.0140763 -0.0130561
92
1
-1.15451 3.7683 -0.67548
-0.0280268 -0.0155634 -0.0145384
93
1
-1.09771 3.8036 -0.646774
-0.0271355 -0.0176586 -0.0153167
94
1
-1.0413 3.84372 -0.617357
-0.0277846 -0.0211234 -0.0155861
95
1
-0.985376 3.88967 -0.589306
-0.0266592 -0.0251417 -0.0139415
96
1
-0.92879 3.94296 -0.564268
-0.0276202 -0.0296895 -0.0125933
97
1
-0.870538 4.00343 -0.544352
-0.0290495 -0.0338924 -0.00888023
98
1
-0.809318 4.06998 -0.53228
-0.0298278 -0.0356839 -0.00341472
99
1
-0.743435 4.13946 -0.529913
-0.0328997 -0.0356991 0.00219354
100
1
-0.671182 4.20813 -0.538182
-0.0369985 -0.0339535 0.00861898
101
1
-0.590362 4.27238 -0.556041
-0.0415911 -0.0303903 0.0123517
102
1
-0.50024 4.32826 -0.580439
-0.046014 -0.0250098 0.015346
103
1
-0.400843 4.37324 -0.607116
-0.0510752 -0.0193112 0.0147775
104
1
-0.293064 4.40655 -0.631196
-0.0555169 -0.012955 0.0116983
105
1
-0.178589 4.42821 -0.648976
-0.0584049 -0.00756105 0.00711481
106
1
-0.0599861 4.43905 -0.658151
-0.0599376 -0.00230082 0.002222
107
1
0.0599861 4.43905 -0.658151
-0.0599376 0.00230082 -0.002222
108
1
0.178589 4.42821 -0.648976
-0.0584049 0.00756105 -0.00711481
109
1
0.293064 4.40655 -0.631196
-0.0555169 0.012955 -0.0116983
110
1
0.400843 4.37324 -0.607116
-0.0510752 0.0193112 -0.0147775
111
1
0.50024 4.32826 -0.580439
-0.046014 0.0250098 -0.015346
112
1
0.590362 4.27238 -0.556041
-0.0415911 0.0303903 -0.0123517
113
1
0.671182 4.20813 -0.538182
-0.0369985 0.0339535 -0.00861898
114
1
0.743435 4.13946 -0.529913
-0.0328997 0.0356991 -0.00219354
115
1
0.809318 4.06998 -0.53228
-0.0298278 0.0356839 0.00341472
116
1
0.870538 4.00343 -0.544352
-0.0290495 0.0338924 0.00888023
117
1
0.92879 3.94296 -0.564268
-0.0276202 0.0296895 0.0125933
118
1
0.985376 3.88967 -0.589306
-0.0266592 0.0251417 0.0139415
119
1
1.0413 3.84372 -0.617357
-0.0277846 0.0211234 0.0155861
120
1
1.09771 3.8036 -0.646774
-0.0271355 0.0176586 0.0153167
121
1
1.15451 3.7683 -0.67548
-0.0280268 0.0155634 0.0145384
122
1
1.2122 3.73657 -0.70187
-0.0295106 0.0140763 0.0130561
123
1
1.27038 3.70744 -0.725211
-0.0284237 0.012904 0.0115447
124
1
1.32876 3.6806 -0.74494
-0.0282368 0.0126087 0.00987836
125
1
1.38732 3.65505 -0.76084
-0.0293048 0.0129251 0.00789351
126
1
1.44587 3.63063 -0.773977
-0.0287817 0.0125321 0.00649664
127
1
1.5042 3.60766 -0.78508
-0.028098 0.0118214 0.00545384
128
1
1.56229 3.58578 -0.794256
-0.028561 0.0115807 0.0041342
129
1
1.62007 3.56477 -0.801724
-0.0288476 0.0110378 0.00307906
130
1
1.67755 3.54516 -0.80772
-0.0287045 0.00979095 0.00242672
131
1
1.73478 3.52768 -0.812134
-0.0286889 0.00844775 0.00181567
132
1
1.79156 3.51243 -0.814731
-0.0281727 0.0071607 0.0013681
133
1
1.84748 3.49912 -0.815739
-0.0269784 0.00595645 0.00114193
134
1
1.90276 3.48744 -0.815259
-0.0264779 0.00513817 0.000386758
135
1
1.95804 3.47725 -0.812095
-0.0271786 0.00454239 -0.00153463
136
1
2.01329 3.46843 -0.804815
-0.0278083 0.0036626 -0.00398677
137
1
2.06765 3.46085 -0.792834
-0.0274332 0.00269138 -0.0064149
138
1
2.12044 3.45405 -0.776378
-0.0264463 0.00248056 -0.00931746
139
1
2.17167 3.44773 -0.755404
-0.0254514 0.00323847 -0.0122136
140
1
2.22158 3.44101 -0.729984
-0.024772 0.00418427 -0.0142269
141
1
2.27031 3.43393 -0.699836
-0.024336 0.00469306 -0.0159905
142
1
2.31779 3.42652 -0.664569
-0.0238942 0.00474516 -0.0186325
143
1
2.36399 3.41919 -0.624483
-0.0232272 0.00442904 -0.0218477
144
1
2.40872 3.41239 -0.580516
-0.0226085 0.0040462 -0.0240643
145
1
2.45191 3.40634 -0.53396
-0.0222193 0.00373794 -0.0249244
146
1
2.49326 3.40102 -0.485787
-0.0214133 0.0031083 -0.0256329
147
1
2.53201 3.39573 -0.43659
-0.0195938 0.00251783 -0.0263234
148
1
2.56715 3.38975 -0.386153
-0.0171896 0.00269023 -0.0269693
149
1
2.59833 3.38291 -0.334021
-0.0146741 0.00344333 -0.0276209
150
1
2.62516 3.37554 -0.280298
-0.0121715 0.00398814 -0.0282706
151
1
2.64703 3.36871 -0.225259
-0.00970213 0.00393856 -0.0287834
152
1
2.66353 3.36305 -0.169291
-0.00731753 0.0034232 -0.0290811
153
1
2.67466 3.3591 -0.112856
-0.00488162 0.00257493 -0.0290025
154
1
2.68104 3.35676 -0.0563706
-0.0023988 0.0013552 -0.0285933
155
1
2.68295 3.35597 -4.77326e-015
-1.12439e-016 4.90732e-017 -0.0283359
156
1
2.68104 3.35676 0.0563706
0.0023988 -0.0013552 -0.0285933
157
1
2.67466 3.3591 0.112856
0.00488162 -0.00257493 -0.0290025
158
1
2.66353 3.36305 0.169291
0.00731753 -0.0034232 -0.0290811
159
1
2.64703 3.36871 0.225259
0.00970213 -0.00393856 -0.0287834
160
1
2.62516 3.37554 0.280298
0.0121715 -0.00398814 -0.0282706
161
1
2.59833 3.38291 0.334021
0.0146741 -0.00344333 -0.0276209
162
1
2.56715 3.38975 0.386153
0.0171896 -0.00269023 -0.0269693
163
1
2.53201 3.39573 0.43659
0.0195938 -0.00251783 -0.0263234
164
1
2.49326 3.40102 0.485787
0.0214133 -0.0031083 -0.0256329
165
1
2.45191 3.40634 0.53396
0.0222193 -0.00373794 -0.0249244
166
1
2.40872 3.41239 0.580516
0.0226085 -0.0040462 -0.0240643
167
1
2.36399 3.41919 0.624483
0.0232272 -0.00442904 -0.0218477
168
1
2.31779 3.42652 0.664569
0.0238942 -0.00474516 -0.0186325
169
1
2.27031 3.43393 0.699836
0.024336 -0.00469306 -0.0159905
170
1
2.22158 3.44101 0.729984
0.024772 -0.00418427 -0.0142269
171
1
2.17167 3.44773 0.755404
0.0254514 -0.00323847 -0.0122136
172
1
2.12044 3.45405 0.776378
0.0264463 -0.00248056 -0.00931746
173
1
2.06765 3.46085 0.792834
0.0274332 -0.00269138 -0.0064149
174
1
2.01329 3.46843 0.804815
0.0278083 -0.0036626 -0.00398677
175
1
1.95804 3.47725 0.812095
0.0271786 -0.00454239 -0.00153463
176
1
1.90276 3.48744 0.815259
0.0264779 -0.00513817 0.000386758
177
1
1.84748 3.49912 0.815739
0.0269784 -0.00595645 0.00114193
178
1
1.79156 3.51243 0.814731
0.0281727 -0.0071607 0.0013681
179
1
1.73478 3.52768 0.812134
0.0286889 -0.00844775 0.00181567
180
1
1.67755 3.54516 0.80772
0.0287045 -0.00979095 0.00242672
181
1
1.62007 3.56477 0.801724
0.0288476 -0.0110378 0.00307906
182
1
1.56229 3.58578 0.794256
0.028561 -0.0115807 0.0041342
183
1
1.5042 3.60766 0.78508
0.028098 -0.0118214 0.00545384
184
1
1.44587 3.63063 0.773977
0.0287817 -0.0125321 0.00649664
185
1
1.38732 3.65505 0.76084
0.0293048 -0.0129251 0.00789351
186
1
1.32876 3.6806 0.74494
0.0282368 -0.0126087 0.00987836
187
1
1.27038 3.70744 0.725211
0.0284237 -0.012904 0.0115447
188
1
1.2122 3.73657 0.70187
0.0295106 -0.0140763 0.0130561
189
1
1.15451 3.7683 0.67548
0.0280268 -0.0155634 0.0145384
190
1
1.09771 3.8036 0.646774
0.0271355 -0.0176586 0.0153167
191
1
1.0413 3.84372 0.617357
0.0277846 -0.0211234 0.0155861
192
1
0.985376 3.88967 0.589306
0.0266592 -0.0251417 0.0139415
193
1
0.92879 3.94296 0.564268
0.0276202 -0.0296895 0.0125933
