194
0
1
0.923207 5.04878 0.806864
0.0316792 -0.0165323 0.0277628
1
1
0.860659 5.08418 0.751677
0.0301376 -0.0211466 0.0296821
2
1
0.80026 5.13052 0.690584
0.0284143 -0.0275748 0.0317309
3
1
0.746963 5.18727 0.62266
0.0239878 -0.0304533 0.0364347
4
1
0.705712 5.25332 0.543409
0.0171022 -0.0351292 0.042097
5
1
0.682028 5.32479 0.448728
0.00628133 -0.0368983 0.053214
6
1
0.680186 5.40016 0.33047
-0.00831 -0.0388901 0.0670101
7
1
0.706432 5.48024 0.17029
-0.022999 -0.027337 0.0692502
8
1
0.757325 5.71829 0.0737204
0.00980721 -0.0472991 -0.0175037
9
1
0.100846 6.22073 0.0704856
0.0398467 0.0370053 -0.0205189
10
1
-0.100846 6.22073 0.0704856
0.0398467 -0.0370053 0.0205189
11
1
-0.757325 5.71829 0.0737204
0.00980721 0.0472991 0.0175037
12
1
-0.706432 5.48024 0.17029
-0.022999 0.027337 -0.0692502
13
1
-0.680186 5.40016 0.33047
-0.00831 0.0388901 -0.0670101
14
1
-0.682028 5.32479 0.448728
0.00628133 0.0368983 -0.053214
15
1
-0.705712 5.25332 0.543409
0.0171022 0.0351292 -0.042097
16
1
-0.746963 5.18727 0.62266
0.0239878 0.0304533 -0.0364347
17
1
-0.80026 5.13052 0.690584
0.0284143 0.0275748 -0.0317309
18
1
-0.860659 5.08418 0.751677
0.0301376 0.0211466 -0.0296821
19
1
-0.923207 5.04878 0.806864
0.0316792 0.0165323 -0.0277628
20
1
-0.986169 5.02228 0.855661
0.0319965 0.0113889 -0.0233346
21
1
-1.04928 5.0033 0.897359
0.0308456 0.00710308 -0.0195858
22
1
-1.11214 4.98995 0.932119
0.0319553 0.00509268 -0.0157257
23
1
-1.17576 4.98038 0.960625
0.0314153 0.00316065 -0.0113621
24
1
-1.23974 4.97296 0.982872
0.0320039 0.00197469 -0.00861375
25
1
-1.30396 4.96631 0.999409
0.0327204 0.00217394 -0.00612318
26
1
-1.36798 4.95975 1.01105
0.0311801 0.00235926 -0.00445044
27
1
-1.431 4.95335 1.01923
0.0308773 0.00281734 -0.00311044
28
1
-1.49326 4.94726 1.02471
0.0314424 0.00333768 -0.00205372
29
1
-1.55497 4.94148 1.02827
0.0305423 0.00277186 -0.00139042
30
1
-1.61596 4.93653 1.03036
0.029905 0.00239208 -0.000978426
31
1
-1.67625 4.93275 1.03084
0.0301294 0.00277842 -0.000604166
32
1
-1.73577 4.93 1.02968
0.0296959 0.00235887 0.000595371
33
1
-1.79439 4.92856 1.0268
0.0288476 0.000981238 0.00270463
34
1
-1.85198 4.9286 1.02182
0.0284704 -0.000269604 0.00418642
35
1
-1.90838 4.93016 1.01396
0.0276759 -0.00149407 0.00511729
36
1
-1.96338 4.93282 1.00272
0.0261632 -0.00280264 0.00652787
37
1
-2.01733 4.93659 0.987767
0.0254319 -0.00358438 0.0081808
38
1
-2.07094 4.94189 0.968939
0.0261314 -0.00377677 0.00981995
39
1
-2.12429 4.94847 0.946223
0.0268172 -0.00376057 0.0116725
40
1
-2.17693 4.95549 0.92032
0.0265485 -0.00350195 0.0138487
41
1
-2.22848 4.96238 0.891718
0.0260924 -0.00309801 0.0155509
42
1
-2.2791 4.96869 0.860677
0.0257767 -0.00289357 0.0164225
43
1
-2.32856 4.97476 0.826646
0.0253275 -0.00275715 0.0174869
44
1
-2.3767 4.98057 0.789072
0.0247111 -0.00273349 0.019376
45
1
-2.42356 4.98613 0.74749
0.0241316 -0.00296038 0.0215698
46
1
-2.46857 4.99126 0.701646
0.0231461 -0.00257861 0.0239308
47
1
-2.51109 4.9958 0.65198
0.0213847 -0.00126957 0.0267776
48
1
-2.55084 4.99951 0.599034
0.0195797 -0.000424005 0.0291704
49
1
-2.58738 5.00229 0.543368
0.0180608 -0.000545038 0.0304961
50
1
-2.6204 5.00487 0.485876
0.0161581 -0.00117757 0.0309753
51
1
-2.64987 5.00751 0.427147
0.01391 -0.00188286 0.0313374
52
1
-2.67592 5.01055 0.367178
0.0122179 -0.00217108 0.0314608
53
1
-2.69883 5.01422 0.306379
0.0111864 -0.00234037 0.0313317
54
1
-2.71835 5.01831 0.245235
0.0098446 -0.00280524 0.0313261
55
1
-2.73403 5.02245 0.184014
0.00763968 -0.00315749 0.0315388
56
1
-2.7452 5.02573 0.122758
0.00482299 -0.00264349 0.031521
57
1
-2.75168 5.02785 0.061394
0.00212067 -0.00142773 0.0311441
58
1
-2.7539 5.02847 -3.31526e-015
8.60559e-016 2.11757e-016 0.0308996
59
1
-2.75168 5.02785 -0.061394
-0.00212067 0.00142773 0.0311441
60
1
-2.7452 5.02573 -0.122758
-0.00482299 0.00264349 0.031521
61
1
-2.73403 5.02245 -0.184014
-0.00763968 0.00315749 0.0315388
62
1
-2.71835 5.01831 -0.245235
-0.0098446 0.00280524 0.0313261
63
1
-2.69883 5.01422 -0.306379
-0.0111864 0.00234037 0.0313317
64
1
-2.67592 5.01055 -0.367178
-0.0122179 0.00217108 0.0314608
65
1
-2.64987 5.00751 -0.427147
-0.01391 0.00188286 0.0313374
66
1
-2.6204 5.00487 -0.485876
-0.0161581 0.00117757 0.0309753
67
1
-2.58738 5.00229 -0.543368
-0.0180608 0.000545038 0.0304961
68
1
-2.55084 4.99951 -0.599034
-0.0195797 0.000424005 0.0291704
69
1
-2.51109 4.9958 -0.65198
-0.0213847 0.00126957 0.0267776
70
1
-2.46857 4.99126 -0.701646
-0.0231461 0.00257861 0.0239308
71
1
-2.42356 4.98613 -0.74749
-0.0241316 0.00296038 0.0215698
72
1
-2.3767 4.98057 -0.789072
-0.0247111 0.00273349 0.019376
73
1
-2.32856 4.97476 -0.826646
-0.0253275 0.00275715 0.0174869
74
1
-2.2791 4.96869 -0.860677
-0.0257767 0.00289357 0.0164225
75
1
-2.22848 4.96238 -0.891718
-0.0260924 0.00309801 0.0155509
76
1
-2.17693 4.95549 -0.92032
-0.0265485 0.00350195 0.0138487
77
1
-2.12429 4.94847 -0.946223
-0.0268172 0.00376057 0.0116725
78
1
-2.07094 4.94189 -0.968939
-0.0261314 0.00377677 0.00981995
79
1
-2.01733 4.93659 -0.987767
-0.0254319 0.00358438 0.0081808
80
1
-1.96338 4.93282 -1.00272
-0.0261632 0.00280264 0.00652787
81
1
-1.90838 4.93016 -1.01396
-0.0276759 0.00149407 0.00511729
82
1
-1.85198 4.9286 -1.02182
-0.0284704 0.000269604 0.00418642
83
1
-1.79439 4.92856 -1.0268
-0.0288476 -0.000981238 0.00270463
84
1
-1.73577 4.93 -1.02968
-0.0296959 -0.00235887 0.000595371
85
1
-1.67625 4.93275 -1.03084
-0.0301294 -0.00277842 -0.000604166
86
1
-1.61596 4.93653 -1.03036
-0.029905 -0.00239208 -0.000978426
87
1
-1.55497 4.94148 -1.02827
-0.0305423 -0.00277186 -0.00139042
88
1
-1.49326 4.94726 -1.02471
-0.0314424 -0.00333768 -0.00205372
89
1
-1.431 4.95335 -1.01923
-0.0308773 -0.00281734 -0.00311044
90
1
-1.36798 4.95975 -1.01105
-0.0311801 -0.00235926 -0.00445044
91
1
-1.30396 4.96631 -0.999409
-0.0327204 -0.00217394 -0.00612318
92
1
-1.23974 4.97296 -0.982872
-0.0320039 -0.00197469 -0.00861375
93
1
-1.17576 4.98038 -0.960625
-0.0314153 -0.00316065 -0.0113621
94
1
-1.11214 4.98995 -0.932119
-0.0319553 -0.00509268 -0.0157257
95
1
-1.04928 5.0033 -0.897359
-0.0308456 -0.00710308 -0.0195858
96
1
-0.986169 5.02228 -0.855661
-0.0319965 -0.0113889 -0.0233346
97
1
-0.923207 5.04878 -0.806864
-0.0316792 -0.0165323 -0.0277628
98
1
-0.860659 5.08418 -0.751677
-0.0301376 -0.0211466 -0.0296821
99
1
-0.80026 5.13052 -0.690584
-0.0284143 -0.0275748 -0.0317309
100
1
-0.746963 5.18727 -0.62266
-0.0239878 -0.0304533 -0.0364347
101
1
-0.705712 5.25332 -0.543409
-0.0171022 -0.0351292 -0.042097
102
1
-0.682028 5.32479 -0.448728
-0.00628133 -0.0368983 -0.053214
103
1
-0.680186 5.40016 -0.33047
0.00831 -0.0388901 -0.0670101
104
1
-0.706432 5.48024 -0.17029
0.022999 -0.027337 -0.0692502
105
1
-0.757325 5.71829 -0.0737204
-0.00980721 -0.0472991 0.0175037
106
1
-0.100846 6.22073 -0.0704856
-0.0398467 0.0370053 0.0205189
107
1
0.100846 6.22073 -0.0704856
-0.0398467 -0.0370053 -0.0205189
108
1
0.757325 5.71829 -0.0737204
-0.00980721 0.0472991 -0.0175037
109
1
0.706432 5.48024 -0.17029
0.022999 0.027337 0.0692502
110
1
0.680186 5.40016 -0.33047
0.00831 0.0388901 0.0670101
111
1
0.682028 5.32479 -0.448728
-0.00628133 0.0368983 0.053214
112
1
0.705712 5.25332 -0.543409
-0.0171022 0.0351292 0.042097
113
1
0.746963 5.18727 -0.62266
-0.0239878 0.0304533 0.0364347
114
1
0.80026 5.13052 -0.690584
-0.0284143 0.0275748 0.0317309
115
1
0.860659 5.08418 -0.751677
-0.0301376 0.0211466 0.0296821
116
1
0.923207 5.04878 -0.806864
-0.0316792 0.0165323 0.0277628
117
1
0.986169 5.02228 -0.855661
-0.0319965 0.0113889 0.0233346
118
1
1.04928 5.0033 -0.897359
-0.0308456 0.00710308 0.0195858
119
1
1.11214 4.98995 -0.932119
-0.0319553 0.00509268 0.0157257
120
1
1.17576 4.98038 -0.960625
-0.0314153 0.00316065 0.0113621
121
1
1.23974 4.97296 -0.982872
-0.0320039 0.00197469 0.00861375
122
1
1.30396 4.96631 -0.999409
-0.0327204 0.00217394 0.00612318
123
1
1.36798 4.95975 -1.01105
-0.0311801 0.00235926 0.00445044
124
1
1.431 4.95335 -1.01923
-0.0308773 0.00281734 0.00311044
125
1
1.49326 4.94726 -1.02471
-0.0314424 0.00333768 0.00205372
126
1
1.55497 4.94148 -1.02827
-0.0305423 0.00277186 0.00139042
127
1
1.61596 4.93653 -1.03036
-0.029905 0.00239208 0.000978426
128
1
1.67625 4.93275 -1.03084
-0.0301294 0.00277842 0.000604166
129
1
1.73577 4.93 -1.02968
-0.0296959 0.00235887 -0.000595371
130
1
1.79439 4.92856 -1.0268
-0.0288476 0.000981238 -0.00270463
131
1
1.85198 4.9286 -1.02182
-0.0284704 -0.000269604 -0.00418642
132
1
1.90838 4.93016 -1.01396
-0.0276759 -0.00149407 -0.00511729
133
1
1.96338 4.93282 -1.00272
-0.0261632 -0.00280264 -0.00652787
134
1
2.01733 4.93659 -0.987767
-0.0254319 -0.00358438 -0.0081808
135
1
2.07094 4.94189 -0.968939
-0.0261314 -0.00377677 -0.00981995
136
1
2.12429 4.94847 -0.946223
-0.0268172 -0.00376057 -0.0116725
137
1
2.17693 4.95549 -0.92032
-0.0265485 -0.00350195 -0.0138487
138
1
2.22848 4.96238 -0.891718
-0.0260924 -0.00309801 -0.0155509
139
1
2.2791 4.96869 -0.860677
-0.0257767 -0.00289357 -0.0164225
140
1
2.32856 4.97476 -0.826646
-0.0253275 -0.00275715 -0.0174869
141
1
2.3767 4.98057 -0.789072
-0.0247111 -0.00273349 -0.019376
142
1
2.42356 4.98613 -0.74749
-0.0241316 -0.00296038 -0.0215698
143
1
2.46857 4.99126 -0.701646
-0.0231461 -0.00257861 -0.0239308
144
1
2.51109 4.9958 -0.65198
-0.0213847 -0.00126957 -0.0267776
145
1
2.55084 4.99951 -0.599034
-0.0195797 -0.000424005 -0.0291704
146
1
2.58738 5.00229 -0.543368
-0.0180608 -0.000545038 -0.0304961
147
1
2.6204 5.00487 -0.485876
-0.0161581 -0.00117757 -0.0309753
148
1
2.64987 5.00751 -0.427147
-0.01391 -0.00188286 -0.0313374
149
1
2.67592 5.01055 -0.367178
-0.0122179 -0.00217108 -0.0314608
150
1
2.69883 5.01422 -0.306379
-0.0111864 -0.00234037 -0.0313317
151
1
2.71835 5.01831 -0.245235
-0.0098446 -0.00280524 -0.0313261
152
1
2.73403 5.02245 -0.184014
-0.00763968 -0.00315749 -0.0315388
153
1
2.7452 5.02573 -0.122758
-0.00482299 -0.00264349 -0.031521
154
1
2.75168 5.02785 -0.061394
-0.00212067 -0.00142773 -0.0311441
155
1
2.7539 5.02847 -2.60659e-015
-5.72009e-016 1.7362e-016 -0.0308996
156
1
2.75168 5.02785 0.061394
0.00212067 0.00142773 -0.0311441
157
1
2.7452 5.02573 0.122758
0.00482299 0.00264349 -0.031521
158
1
2.73403 5.02245 0.184014
0.00763968 0.00315749 -0.0315388
159
1
2.71835 5.01831 0.245235
0.0098446 0.00280524 -0.0313261
160
1
2.69883 5.01422 0.306379
0.0111864 0.00234037 -0.0313317
161
1
2.67592 5.01055 0.367178
0.0122179 0.00217108 -0.0314608
162
1
2.64987 5.00751 0.427147
0.01391 0.00188286 -0.0313374
163
1
2.6204 5.00487 0.485876
0.0161581 0.00117757 -0.0309753
164
1
2.58738 5.00229 0.543368
0.0180608 0.000545038 -0.0304961
165
1
2.55084 4.99951 0.599034
0.0195797 0.000424005 -0.0291704
166
1
2.51109 4.9958 0.65198
0.0213847 0.00126957 -0.0267776
167
1
2.46857 4.99126 0.701646
0.0231461 0.00257861 -0.0239308
168
1
2.42356 4.98613 0.74749
0.0241316 0.00296038 -0.0215698
169
1
2.3767 4.98057 0.789072
0.0247111 0.00273349 -0.019376
170
1
2.32856 4.97476 0.826646
0.0253275 0.00275715 -0.0174869
171
1
2.2791 4.96869 0.860677
0.0257767 0.00289357 -0.0164225
172
1
2.22848 4.96238 0.891718
0.0260924 0.00309801 -0.0155509
173
1
2.17693 4.95549 0.92032
0.0265485 0.00350195 -0.0138487
174
1
2.12429 4.94847 0.946223
0.0268172 0.00376057 -0.0116725
175
1
2.07094 4.94189 0.968939
0.0261314 0.00377677 -0.00981995
176
1
2.01733 4.93659 0.987767
0.0254319 0.00358438 -0.0081808
177
1
1.96338 4.93282 1.00272
0.0261632 0.00280264 -0.00652787
178
1
1.90838 4.93016 1.01396
0.0276759 0.00149407 -0.00511729
179
1
1.85198 4.9286 1.02182
0.0284704 0.000269604 -0.00418642
180
1
1.79439 4.92856 1.0268
0.0288476 -0.000981238 -0.00270463
181
1
1.73577 4.93 1.02968
0.0296959 -0.00235887 -0.000595371
182
1
1.67625 4.93275 1.03084
0.0301294 -0.00277842 0.000604166
183
1
1.61596 4.93653 1.03036
0.029905 -0.00239208 0.000978426
184
1
1.55497 4.94148 1.02827
0.0305423 -0.00277186 0.00139042
185
1
1.49326 4.94726 1.02471
0.0314424 -0.00333768 0.00205372
186
1
1.431 4.95335 1.01923
0.0308773 -0.00281734 0.00311044
187
1
1.36798 4.95975 1.01105
0.0311801 -0.00235926 0.00445044
188
1
1.30396 4.96631 0.999409
0.0327204 -0.00217394 0.00612318
189
1
1.23974 4.97296 0.982872
0.0320039 -0.00197469 0.00861375
190
1
1.17576 4.98038 0.960625
0.0314153 -0.00316065 0.0113621
191
1
1.11214 4.98995 0.932119
0.0319553 -0.00509268 0.0157257
192
1
1.04928 5.0033 0.897359
0.0308456 -0.00710308 0.0195858
193
1
0.986169 5.02228 0.855661
0.0319965 -0.0113889 0.0233346
