194
0
1
0.986285 9.39775 0.576861
0.0485807 0.000485703 0.0162115
1
1
0.888614 9.39304 0.544798
0.0505923 0.00365149 0.0138885
2
1
0.781333 9.37979 0.513816
0.0562311 0.00746705 0.0159615
3
1
0.669075 9.35733 0.478926
0.0577318 0.0108057 0.0190608
4
1
0.553992 9.32061 0.438123
0.0561519 0.0203605 0.0194904
5
1
0.439518 9.26267 0.390443
0.0527838 0.0337295 0.026133
6
1
0.318586 9.17396 0.3434
0.0464222 0.0500121 0.0139765
7
1
0.162934 9.02394 0.326514
0.0526047 0.0544141 -0.00847542
8
1
0.540288 6.04412 0.0575359
0.00340304 -0.0481803 -0.00946362
9
1
0.278941 13.1835 0.0554648
0.0399618 -0.0556424 0.00743381
10
1
-0.278941 13.1835 0.0554646
0.0399618 0.0556423 -0.00743372
11
1
-0.540319 6.04413 0.0575117
0.00339927 0.0481743 0.00945076
12
1
-0.162934 9.02394 0.326514
0.0526047 -0.054414 0.00847544
13
1
-0.318586 9.17396 0.3434
0.0464222 -0.0500121 -0.0139765
14
1
-0.439518 9.26267 0.390443
0.0527838 -0.0337294 -0.026133
15
1
-0.553992 9.32061 0.438123
0.0561519 -0.0203605 -0.0194904
16
1
-0.669075 9.35733 0.478926
0.0577318 -0.0108057 -0.0190608
17
1
-0.781333 9.37979 0.513816
0.0562311 -0.00746705 -0.0159615
18
1
-0.888614 9.39304 0.544798
0.0505923 -0.00365149 -0.0138885
19
1
-0.986285 9.39776 0.576861
0.0485807 -0.0004857 -0.0162115
20
1
-1.07148 9.39837 0.612785
0.0386913 0.00109696 -0.0195643
21
1
-1.14597 9.39937 0.651692
0.0327711 0.000563121 -0.0199462
22
1
-1.21126 9.40367 0.69163
0.0303257 -0.00107687 -0.0226959
23
1
-1.27158 9.41315 0.732692
0.0271764 -0.00466267 -0.0218462
24
1
-1.32737 9.42878 0.772635
0.0263989 -0.00977393 -0.0197901
25
1
-1.37892 9.45057 0.809213
0.0247383 -0.0125792 -0.0187005
26
1
-1.42652 9.47748 0.841273
0.0204168 -0.0126927 -0.0152077
27
1
-1.47116 9.50767 0.867956
0.019966 -0.0147338 -0.0117489
28
1
-1.51651 9.53922 0.888996
0.0229742 -0.017665 -0.00919672
29
1
-1.56454 9.57119 0.904589
0.024829 -0.0176105 -0.00628331
30
1
-1.61444 9.6016 0.915058
0.0255347 -0.0151748 -0.00383564
31
1
-1.66497 9.62996 0.920967
0.0259018 -0.0135314 -0.00117642
32
1
-1.71473 9.65706 0.923268
0.0247375 -0.0131406 0.000367287
33
1
-1.7628 9.68411 0.922812
0.0240029 -0.0129817 0.0011602
34
1
-1.80945 9.71166 0.91998
0.0248067 -0.0131299 0.00323772
35
1
-1.85441 9.73996 0.915243
0.0232886 -0.0131103 0.00399105
36
1
-1.89673 9.76788 0.908237
0.0204472 -0.0125749 0.00283848
37
1
-1.93611 9.79595 0.898344
0.0197965 -0.0134527 0.00481679
38
1
-1.97225 9.82545 0.8844
0.0176138 -0.0152419 0.00775718
39
1
-2.00436 9.85658 0.866874
0.013983 -0.0152491 0.00669079
40
1
-2.03243 9.88896 0.848256
0.0137265 -0.0160437 0.00711232
41
1
-2.05766 9.92179 0.827916
0.0126963 -0.0175636 0.0113512
42
1
-2.07934 9.95469 0.804253
0.00800263 -0.0167894 0.0135295
43
1
-2.09725 9.98728 0.777183
0.00572774 -0.0155839 0.01302
44
1
-2.11236 10.0197 0.746327
0.00594955 -0.015426 0.0161589
45
1
-2.12591 10.0525 0.710329
0.00545806 -0.015958 0.023174
46
1
-2.13923 10.085 0.668742
0.00445167 -0.0160512 0.0236616
47
1
-2.15194 10.1174 0.622742
0.00563595 -0.0158889 0.0224192
48
1
-2.1655 10.15 0.572977
0.00856245 -0.0180586 0.0281274
49
1
-2.17915 10.1815 0.521709
0.00948174 -0.0176338 0.0291959
50
1
-2.19153 10.2114 0.469643
0.00620043 -0.0148002 0.0257609
51
1
-2.20135 10.2401 0.415498
0.00347705 -0.0145811 0.027461
52
1
-2.20835 10.2671 0.359646
0.0034916 -0.0158141 0.0306403
53
1
-2.21293 10.2918 0.301306
0.00181495 -0.0146165 0.033874
54
1
-2.21542 10.3122 0.241051
-0.000546241 -0.00983385 0.0345651
55
1
-2.21606 10.3277 0.180206
-0.00101325 -0.00655 0.0332816
56
1
-2.21575 10.3389 0.119852
-0.000368703 -0.00445002 0.0315836
57
1
-2.21593 10.3458 0.0591238
-0.000885765 -0.00250114 0.0302724
58
1
-2.21632 10.348 -3.18592e-008
-3.67888e-010 3.60295e-010 0.0297905
59
1
-2.21593 10.3458 -0.0591238
0.000885764 0.00250114 0.0302724
60
1
-2.21575 10.3389 -0.119852
0.000368702 0.00445002 0.0315836
61
1
-2.21606 10.3277 -0.180206
0.00101325 0.00655 0.0332816
62
1
-2.21542 10.3122 -0.241051
0.00054624 0.00983385 0.0345651
63
1
-2.21293 10.2918 -0.301306
-0.00181495 0.0146165 0.033874
64
1
-2.20835 10.2671 -0.359646
-0.0034916 0.0158141 0.0306403
65
1
-2.20135 10.2401 -0.415498
-0.00347705 0.0145811 0.027461
66
1
-2.19153 10.2114 -0.469643
-0.00620043 0.0148002 0.0257609
67
1
-2.17915 10.1815 -0.521709
-0.00948174 0.0176338 0.0291959
68
1
-2.1655 10.15 -0.572977
-0.00856245 0.0180586 0.0281274
69
1
-2.15194 10.1174 -0.622742
-0.00563595 0.0158889 0.0224192
70
1
-2.13923 10.085 -0.668742
-0.00445167 0.0160512 0.0236616
71
1
-2.12591 10.0525 -0.710329
-0.00545806 0.015958 0.023174
72
1
-2.11236 10.0197 -0.746327
-0.00594955 0.015426 0.0161589
73
1
-2.09725 9.98728 -0.777183
-0.00572774 0.0155839 0.01302
74
1
-2.07934 9.95469 -0.804253
-0.00800264 0.0167894 0.0135295
75
1
-2.05766 9.92179 -0.827916
-0.0126963 0.0175637 0.0113512
76
1
-2.03243 9.88896 -0.848256
-0.0137265 0.0160437 0.00711232
77
1
-2.00436 9.85658 -0.866874
-0.013983 0.0152491 0.00669079
78
1
-1.97225 9.82545 -0.8844
-0.0176138 0.0152419 0.00775718
79
1
-1.93611 9.79595 -0.898344
-0.0197965 0.0134527 0.0048168
80
1
-1.89673 9.76788 -0.908237
-0.0204472 0.0125749 0.00283848
81
1
-1.85441 9.73996 -0.915243
-0.0232886 0.0131103 0.00399105
82
1
-1.80945 9.71166 -0.91998
-0.0248067 0.0131299 0.00323772
83
1
-1.76279 9.68411 -0.922812
-0.0240029 0.0129817 0.0011602
84
1
-1.71473 9.65706 -0.923268
-0.0247375 0.0131406 0.000367287
85
1
-1.66497 9.62996 -0.920967
-0.0259018 0.0135314 -0.00117642
86
1
-1.61444 9.6016 -0.915058
-0.0255347 0.0151748 -0.00383564
87
1
-1.56454 9.57119 -0.904589
-0.024829 0.0176105 -0.00628331
88
1
-1.51651 9.53922 -0.888996
-0.0229742 0.017665 -0.00919672
89
1
-1.47116 9.50767 -0.867956
-0.019966 0.0147338 -0.0117489
90
1
-1.42652 9.47748 -0.841273
-0.0204168 0.0126927 -0.0152077
91
1
-1.37892 9.45057 -0.809213
-0.0247383 0.0125792 -0.0187005
92
1
-1.32737 9.42878 -0.772635
-0.0263989 0.00977393 -0.0197901
93
1
-1.27158 9.41315 -0.732692
-0.0271764 0.00466267 -0.0218462
94
1
-1.21126 9.40367 -0.691631
-0.0303257 0.00107687 -0.0226959
95
1
-1.14597 9.39937 -0.651692
-0.0327711 -0.00056312 -0.0199462
96
1
-1.07148 9.39837 -0.612785
-0.0386913 -0.00109696 -0.0195643
97
1
-0.986285 9.39775 -0.576861
-0.0485807 0.000485703 -0.0162115
98
1
-0.888614 9.39304 -0.544798
-0.0505923 0.00365149 -0.0138885
99
1
-0.781333 9.37979 -0.513816
-0.0562311 0.00746705 -0.0159615
100
1
-0.669075 9.35733 -0.478926
-0.0577318 0.0108057 -0.0190608
101
1
-0.553992 9.32061 -0.438123
-0.0561519 0.0203605 -0.0194904
102
1
-0.439518 9.26267 -0.390443
-0.0527838 0.0337295 -0.026133
103
1
-0.318586 9.17396 -0.3434
-0.0464222 0.0500121 -0.0139765
104
1
-0.162934 9.02394 -0.326514
-0.0526047 0.0544141 0.00847542
105
1
-0.540289 6.04411 -0.0575328
-0.003403 -0.0481802 0.00946391
106
1
-0.278941 13.1835 -0.0554648
-0.0399618 -0.0556424 -0.00743381
107
1
0.278941 13.1835 -0.0554646
-0.0399618 0.0556423 0.00743372
108
1
0.540319 6.04413 -0.0575087
-0.00339923 0.0481742 -0.00945105
109
1
0.162934 9.02394 -0.326514
-0.0526047 -0.054414 -0.00847545
110
1
0.318586 9.17396 -0.3434
-0.0464222 -0.0500121 0.0139765
111
1
0.439518 9.26267 -0.390443
-0.0527838 -0.0337294 0.0261329
112
1
0.553992 9.32061 -0.438123
-0.0561519 -0.0203605 0.0194904
113
1
0.669075 9.35733 -0.478926
-0.0577318 -0.0108057 0.0190608
114
1
0.781333 9.37979 -0.513816
-0.0562311 -0.00746705 0.0159615
115
1
0.888614 9.39304 -0.544798
-0.0505923 -0.00365149 0.0138885
116
1
0.986285 9.39776 -0.576861
-0.0485807 -0.0004857 0.0162115
117
1
1.07148 9.39837 -0.612785
-0.0386913 0.00109696 0.0195643
118
1
1.14597 9.39937 -0.651692
-0.0327711 0.000563121 0.0199462
119
1
1.21126 9.40367 -0.69163
-0.0303257 -0.00107687 0.0226959
120
1
1.27158 9.41315 -0.732692
-0.0271764 -0.00466267 0.0218462
121
1
1.32737 9.42878 -0.772635
-0.0263989 -0.00977393 0.0197901
122
1
1.37892 9.45057 -0.809213
-0.0247383 -0.0125792 0.0187005
123
1
1.42652 9.47748 -0.841273
-0.0204168 -0.0126927 0.0152077
124
1
1.47116 9.50767 -0.867956
-0.019966 -0.0147338 0.0117489
125
1
1.51651 9.53922 -0.888996
-0.0229742 -0.017665 0.00919672
126
1
1.56454 9.57119 -0.904589
-0.024829 -0.0176105 0.00628331
127
1
1.61444 9.6016 -0.915058
-0.0255347 -0.0151748 0.00383564
128
1
1.66497 9.62996 -0.920967
-0.0259018 -0.0135314 0.00117642
129
1
1.71473 9.65706 -0.923268
-0.0247375 -0.0131406 -0.000367287
130
1
1.7628 9.68411 -0.922812
-0.0240029 -0.0129817 -0.0011602
131
1
1.80945 9.71166 -0.91998
-0.0248067 -0.0131299 -0.00323772
132
1
1.85441 9.73996 -0.915243
-0.0232886 -0.0131103 -0.00399105
133
1
1.89673 9.76788 -0.908237
-0.0204472 -0.0125749 -0.00283848
134
1
1.93611 9.79595 -0.898344
-0.0197965 -0.0134527 -0.00481679
135
1
1.97225 9.82545 -0.8844
-0.0176138 -0.0152419 -0.00775718
136
1
2.00436 9.85658 -0.866874
-0.013983 -0.0152491 -0.00669079
137
1
2.03243 9.88896 -0.848256
-0.0137265 -0.0160437 -0.00711232
138
1
2.05766 9.92179 -0.827916
-0.0126963 -0.0175636 -0.0113512
139
1
2.07934 9.95469 -0.804253
-0.00800263 -0.0167894 -0.0135295
140
1
2.09725 9.98728 -0.777183
-0.00572774 -0.0155839 -0.01302
141
1
2.11236 10.0197 -0.746327
-0.00594955 -0.015426 -0.0161589
142
1
2.12591 10.0525 -0.710329
-0.00545806 -0.015958 -0.023174
143
1
2.13923 10.085 -0.668742
-0.00445167 -0.0160512 -0.0236616
144
1
2.15194 10.1174 -0.622742
-0.00563595 -0.0158889 -0.0224192
145
1
2.1655 10.15 -0.572977
-0.00856245 -0.0180586 -0.0281274
146
1
2.17915 10.1815 -0.521709
-0.00948174 -0.0176338 -0.0291959
147
1
2.19153 10.2114 -0.469643
-0.00620043 -0.0148002 -0.0257609
148
1
2.20135 10.2401 -0.415498
-0.00347705 -0.0145811 -0.027461
149
1
2.20835 10.2671 -0.359646
-0.0034916 -0.0158141 -0.0306403
150
1
2.21293 10.2918 -0.301306
-0.00181495 -0.0146165 -0.033874
151
1
2.21542 10.3122 -0.241051
0.000546241 -0.00983385 -0.0345651
152
1
2.21606 10.3277 -0.180206
0.00101325 -0.00655 -0.0332816
153
1
2.21575 10.3389 -0.119852
0.000368703 -0.00445002 -0.0315836
154
1
2.21593 10.3458 -0.0591238
0.000885765 -0.00250114 -0.0302724
155
1
2.21632 10.348 2.6995e-008
4.65652e-010 3.08196e-010 -0.0297905
156
1
2.21593 10.3458 0.0591238
-0.000885764 0.00250114 -0.0302724
157
1
2.21575 10.3389 0.119852
-0.000368702 0.00445002 -0.0315836
158
1
2.21606 10.3277 0.180206
-0.00101325 0.00655 -0.0332816
159
1
2.21542 10.3122 0.241051
-0.00054624 0.00983385 -0.0345651
160
1
2.21293 10.2918 0.301306
0.00181495 0.0146165 -0.033874
161
1
2.20835 10.2671 0.359646
0.0034916 0.0158141 -0.0306403
162
1
2.20135 10.2401 0.415498
0.00347705 0.0145811 -0.027461
163
1
2.19153 10.2114 0.469643
0.00620043 0.0148002 -0.0257609
164
1
2.17915 10.1815 0.521709
0.00948174 0.0176338 -0.0291959
165
1
2.1655 10.15 0.572977
0.00856245 0.0180586 -0.0281274
166
1
2.15194 10.1174 0.622742
0.00563595 0.0158889 -0.0224192
167
1
2.13923 10.085 0.668742
0.00445167 0.0160512 -0.0236616
168
1
2.12591 10.0525 0.710329
0.00545806 0.015958 -0.023174
169
1
2.11236 10.0197 0.746327
0.00594955 0.015426 -0.0161589
170
1
2.09725 9.98728 0.777183
0.00572774 0.0155839 -0.01302
171
1
2.07934 9.95469 0.804253
0.00800264 0.0167894 -0.0135295
172
1
2.05766 9.92179 0.827916
0.0126963 0.0175637 -0.0113512
173
1
2.03243 9.88896 0.848256
0.0137265 0.0160437 -0.00711232
174
1
2.00436 9.85658 0.866874
0.013983 0.0152491 -0.00669079
175
1
1.97225 9.82545 0.8844
0.0176138 0.0152419 -0.00775718
176
1
1.93611 9.79595 0.898344
0.0197965 0.0134527 -0.0048168
177
1
1.89673 9.76788 0.908237
0.0204472 0.0125749 -0.00283848
178
1
1.85441 9.73996 0.915243
0.0232886 0.0131103 -0.00399105
179
1
1.80945 9.71166 0.91998
0.0248067 0.0131299 -0.00323772
180
1
1.76279 9.68411 0.922812
0.0240029 0.0129817 -0.0011602
181
1
1.71473 9.65706 0.923268
0.0247375 0.0131406 -0.000367287
182
1
1.66497 9.62996 0.920967
0.0259018 0.0135314 0.00117642
183
1
1.61444 9.6016 0.915058
0.0255347 0.0151748 0.00383564
184
1
1.56454 9.57119 0.904589
0.024829 0.0176105 0.00628331
185
1
1.51651 9.53922 0.888996
0.0229742 0.017665 0.00919672
186
1
1.47116 9.50767 0.867956
0.019966 0.0147338 0.0117489
187
1
1.42652 9.47748 0.841273
0.0204168 0.0126927 0.0152077
188
1
1.37892 9.45057 0.809213
0.0247383 0.0125792 0.0187005
189
1
1.32737 9.42878 0.772635
0.0263989 0.00977393 0.0197901
190
1
1.27158 9.41315 0.732692
0.0271764 0.00466267 0.0218462
191
1
1.21126 9.40367 0.691631
0.0303257 0.00107687 0.0226959
192
1
1.14597 9.39937 0.651692
0.0327711 -0.00056312 0.0199462
193
1
1.07148 9.39837 0.612785
0.0386913 -0.00109696 0.0195643
