194
0
1
0.725744 1.62707 2.34912
0.0229655 -0.0259723 -0.0198378
1
1
0.678269 1.67589 2.38907
0.0266803 -0.0251082 -0.0190456
2
1
0.622475 1.72306 2.42696
0.0298365 -0.0236852 -0.0180729
3
1
0.558854 1.76685 2.46202
0.033668 -0.0216283 -0.0168312
4
1
0.488097 1.80594 2.49378
0.0368623 -0.0187614 -0.0140175
5
1
0.41041 1.83936 2.52065
0.0404323 -0.0147151 -0.01093
6
1
0.326302 1.86603 2.54209
0.043717 -0.010598 -0.00867896
7
1
0.236905 1.88564 2.5585
0.0459338 -0.00730221 -0.00643151
8
1
0.143699 1.89893 2.56973
0.0474419 -0.00431217 -0.00377673
9
1
0.0481676 1.90585 2.5754
0.0482589 -0.0013944 -0.00121161
10
1
-0.0481676 1.90585 2.5754
0.0482589 0.0013944 0.00121161
11
1
-0.143699 1.89893 2.56973
0.0474419 0.00431217 0.00377673
12
1
-0.236905 1.88564 2.5585
0.0459338 0.00730221 0.00643151
13
1
-0.326302 1.86603 2.54209
0.043717 0.010598 0.00867896
14
1
-0.41041 1.83936 2.52065
0.0404323 0.0147151 0.01093
15
1
-0.488097 1.80594 2.49378
0.0368623 0.0187614 0.0140175
16
1
-0.558854 1.76685 2.46202
0.033668 0.0216283 0.0168312
17
1
-0.622475 1.72306 2.42696
0.0298365 0.0236852 0.0180729
18
1
-0.678269 1.67589 2.38907
0.0266803 0.0251082 0.0190456
19
1
-0.725744 1.62707 2.34912
0.0229655 0.0259723 0.0198378
20
1
-0.764479 1.57815 2.30746
0.0178302 0.0254363 0.0204424
21
1
-0.794656 1.53044 2.26359
0.013604 0.0241226 0.0217223
22
1
-0.81695 1.48425 2.21778
0.00947658 0.0226087 0.0230895
23
1
-0.833048 1.43983 2.1702
0.00608434 0.021252 0.0245406
24
1
-0.844094 1.39739 2.12079
0.00365645 0.0201166 0.025569
25
1
-0.851102 1.35653 2.07004
0.00259542 0.0192259 0.0261614
26
1
-0.855711 1.31736 2.01824
0.00189706 0.018091 0.026849
27
1
-0.857907 1.28042 1.96529
0.000632166 0.0169505 0.0274122
28
1
-0.856992 1.24523 1.91179
-0.00111712 0.016316 0.0274508
29
1
-0.852995 1.211 1.85834
-0.00295131 0.016025 0.0271761
30
1
-0.846573 1.17787 1.80493
-0.00477058 0.0156416 0.0269252
31
1
-0.837738 1.14701 1.75096
-0.00664966 0.0149096 0.0267793
32
1
-0.825629 1.11956 1.69619
-0.00853738 0.0137756 0.0267018
33
1
-0.80943 1.09598 1.64099
-0.010231 0.0122669 0.0266869
34
1
-0.789126 1.076 1.58595
-0.0115655 0.0104059 0.0267851
35
1
-0.765695 1.05909 1.53122
-0.0124871 0.00826836 0.0270524
36
1
-0.740604 1.04504 1.47634
-0.013004 0.00602593 0.0274948
37
1
-0.715201 1.03404 1.42059
-0.0131219 0.00387645 0.0280689
38
1
-0.690389 1.02644 1.36351
-0.0128461 0.00195695 0.0287147
39
1
-0.666665 1.02234 1.30497
-0.012218 0.000334152 0.0293886
40
1
-0.644326 1.02142 1.24507
-0.0113121 -0.000971728 0.0300727
41
1
-0.6236 1.02311 1.18388
-0.0102189 -0.00196831 0.0307607
42
1
-0.604707 1.02671 1.12144
-0.00903005 -0.00267957 0.0314441
43
1
-0.587827 1.03161 1.05775
-0.00782534 -0.00313748 0.0321087
44
1
-0.573043 1.03731 0.992817
-0.00666576 -0.00337839 0.0327406
45
1
-0.560345 1.04341 0.926694
-0.00559233 -0.00344141 0.0333295
46
1
-0.549624 1.04961 0.859458
-0.00462779 -0.00336574 0.0338697
47
1
-0.540704 1.05568 0.791201
-0.00378178 -0.00318842 0.0343593
48
1
-0.533379 1.06145 0.722023
-0.00305451 -0.00294205 0.0347978
49
1
-0.527432 1.06679 0.652022
-0.00243979 -0.00265355 0.035186
50
1
-0.522662 1.07162 0.581298
-0.00192708 -0.00234325 0.0355254
51
1
-0.518878 1.07588 0.509944
-0.00150408 -0.00202583 0.0358178
52
1
-0.515915 1.07955 0.438052
-0.00115723 -0.00171051 0.0360653
53
1
-0.513636 1.08264 0.365709
-0.000873824 -0.00140303 0.0362701
54
1
-0.511923 1.08513 0.292997
-0.000640944 -0.00110536 0.0364342
55
1
-0.510682 1.08705 0.219996
-0.000447743 -0.000818091 0.0365597
56
1
-0.509845 1.08841 0.146781
-0.000282696 -0.000539456 0.0366482
57
1
-0.509361 1.08922 0.0734255
-0.000136675 -0.000267843 0.0367007
58
1
-0.509203 1.08949 -8.37379e-017
5.69609e-017 -4.11638e-017 0.0367182
59
1
-0.509361 1.08922 -0.0734255
0.000136675 0.000267843 0.0367007
60
1
-0.509845 1.08841 -0.146781
0.000282696 0.000539456 0.0366482
61
1
-0.510682 1.08705 -0.219996
0.000447743 0.000818091 0.0365597
62
1
-0.511923 1.08513 -0.292997
0.000640944 0.00110536 0.0364342
63
1
-0.513636 1.08264 -0.365709
0.000873824 0.00140303 0.0362701
64
1
-0.515915 1.07955 -0.438052
0.00115723 0.00171051 0.0360653
65
1
-0.518878 1.07588 -0.509944
0.00150408 0.00202583 0.0358178
66
1
-0.522662 1.07162 -0.581298
0.00192708 0.00234325 0.0355254
67
1
-0.527432 1.06679 -0.652022
0.00243979 0.00265355 0.035186
68
1
-0.533379 1.06145 -0.722023
0.00305451 0.00294205 0.0347978
69
1
-0.540704 1.05568 -0.791201
0.00378178 0.00318842 0.0343593
70
1
-0.549624 1.04961 -0.859458
0.00462779 0.00336574 0.0338697
71
1
-0.560345 1.04341 -0.926694
0.00559233 0.00344141 0.0333295
72
1
-0.573043 1.03731 -0.992817
0.00666576 0.00337839 0.0327406
73
1
-0.587827 1.03161 -1.05775
0.00782534 0.00313748 0.0321087
74
1
-0.604707 1.02671 -1.12144
0.00903005 0.00267957 0.0314441
75
1
-0.6236 1.02311 -1.18388
0.0102189 0.00196831 0.0307607
76
1
-0.644326 1.02142 -1.24507
0.0113121 0.000971728 0.0300727
77
1
-0.666665 1.02234 -1.30497
0.012218 -0.000334152 0.0293886
78
1
-0.690389 1.02644 -1.36351
0.0128461 -0.00195695 0.0287147
79
1
-0.715201 1.03404 -1.42059
0.0131219 -0.00387645 0.0280689
80
1
-0.740604 1.04504 -1.47634
0.013004 -0.00602593 0.0274948
81
1
-0.765695 1.05909 -1.53122
0.0124871 -0.00826836 0.0270524
82
1
-0.789126 1.076 -1.58595
0.0115655 -0.0104059 0.0267851
83
1
-0.80943 1.09598 -1.64099
0.010231 -0.0122669 0.0266869
84
1
-0.825629 1.11956 -1.69619
0.00853738 -0.0137756 0.0267018
85
1
-0.837738 1.14701 -1.75096
0.00664966 -0.0149096 0.0267793
86
1
-0.846573 1.17787 -1.80493
0.00477058 -0.0156416 0.0269252
87
1
-0.852995 1.211 -1.85834
0.00295131 -0.016025 0.0271761
88
1
-0.856992 1.24523 -1.91179
0.00111712 -0.016316 0.0274508
89
1
-0.857907 1.28042 -1.96529
-0.000632166 -0.0169505 0.0274122
90
1
-0.855711 1.31736 -2.01824
-0.00189706 -0.018091 0.026849
91
1
-0.851102 1.35653 -2.07004
-0.00259542 -0.0192259 0.0261614
92
1
-0.844094 1.39739 -2.12079
-0.00365645 -0.0201166 0.025569
93
1
-0.833048 1.43983 -2.1702
-0.00608434 -0.021252 0.0245406
94
1
-0.81695 1.48425 -2.21778
-0.00947658 -0.0226087 0.0230895
95
1
-0.794656 1.53044 -2.26359
-0.013604 -0.0241226 0.0217223
96
1
-0.764479 1.57815 -2.30746
-0.0178302 -0.0254363 0.0204424
97
1
-0.725744 1.62707 -2.34912
-0.0229655 -0.0259723 0.0198378
98
1
-0.678269 1.67589 -2.38907
-0.0266803 -0.0251082 0.0190456
99
1
-0.622475 1.72306 -2.42696
-0.0298365 -0.0236852 0.0180729
100
1
-0.558854 1.76685 -2.46202
-0.033668 -0.0216283 0.0168312
101
1
-0.488097 1.80594 -2.49378
-0.0368623 -0.0187614 0.0140175
102
1
-0.41041 1.83936 -2.52065
-0.0404323 -0.0147151 0.01093
103
1
-0.326302 1.86603 -2.54209
-0.043717 -0.010598 0.00867896
104
1
-0.236905 1.88564 -2.5585
-0.0459338 -0.00730221 0.00643151
105
1
-0.143699 1.89893 -2.56973
-0.0474419 -0.00431217 0.00377673
106
1
-0.0481676 1.90585 -2.5754
-0.0482589 -0.0013944 0.00121161
107
1
0.0481676 1.90585 -2.5754
-0.0482589 0.0013944 -0.00121161
108
1
0.143699 1.89893 -2.56973
-0.0474419 0.00431217 -0.00377673
109
1
0.236905 1.88564 -2.5585
-0.0459338 0.00730221 -0.00643151
110
1
0.326302 1.86603 -2.54209
-0.043717 0.010598 -0.00867896
111
1
0.41041 1.83936 -2.52065
-0.0404323 0.0147151 -0.01093
112
1
0.488097 1.80594 -2.49378
-0.0368623 0.0187614 -0.0140175
113
1
0.558854 1.76685 -2.46202
-0.033668 0.0216283 -0.0168312
114
1
0.622475 1.72306 -2.42696
-0.0298365 0.0236852 -0.0180729
115
1
0.678269 1.67589 -2.38907
-0.0266803 0.0251082 -0.0190456
116
1
0.725744 1.62707 -2.34912
-0.0229655 0.0259723 -0.0198378
117
1
0.764479 1.57815 -2.30746
-0.0178302 0.0254363 -0.0204424
118
1
0.794656 1.53044 -2.26359
-0.013604 0.0241226 -0.0217223
119
1
0.81695 1.48425 -2.21778
-0.00947658 0.0226087 -0.0230895
120
1
0.833048 1.43983 -2.1702
-0.00608434 0.021252 -0.0245406
121
1
0.844094 1.39739 -2.12079
-0.00365645 0.0201166 -0.025569
122
1
0.851102 1.35653 -2.07004
-0.00259542 0.0192259 -0.0261614
123
1
0.855711 1.31736 -2.01824
-0.00189706 0.018091 -0.026849
124
1
0.857907 1.28042 -1.96529
-0.000632166 0.0169505 -0.0274122
125
1
0.856992 1.24523 -1.91179
0.00111712 0.016316 -0.0274508
126
1
0.852995 1.211 -1.85834
0.00295131 0.016025 -0.0271761
127
1
0.846573 1.17787 -1.80493
0.00477058 0.0156416 -0.0269252
128
1
0.837738 1.14701 -1.75096
0.00664966 0.0149096 -0.0267793
129
1
0.825629 1.11956 -1.69619
0.00853738 0.0137756 -0.0267018
130
1
0.80943 1.09598 -1.64099
0.010231 0.0122669 -0.0266869
131
1
0.789126 1.076 -1.58595
0.0115655 0.0104059 -0.0267851
132
1
0.765695 1.05909 -1.53122
0.0124871 0.00826836 -0.0270524
133
1
0.740604 1.04504 -1.47634
0.013004 0.00602593 -0.0274948
134
1
0.715201 1.03404 -1.42059
0.0131219 0.00387645 -0.0280689
135
1
0.690389 1.02644 -1.36351
0.0128461 0.00195695 -0.0287147
136
1
0.666665 1.02234 -1.30497
0.012218 0.000334152 -0.0293886
137
1
0.644326 1.02142 -1.24507
0.0113121 -0.000971728 -0.0300727
138
1
0.6236 1.02311 -1.18388
0.0102189 -0.00196831 -0.0307607
139
1
0.604707 1.02671 -1.12144
0.00903005 -0.00267957 -0.0314441
140
1
0.587827 1.03161 -1.05775
0.00782534 -0.00313748 -0.0321087
141
1
0.573043 1.03731 -0.992817
0.00666576 -0.00337839 -0.0327406
142
1
0.560345 1.04341 -0.926694
0.00559233 -0.00344141 -0.0333295
143
1
0.549624 1.04961 -0.859458
0.00462779 -0.00336574 -0.0338697
144
1
0.540704 1.05568 -0.791201
0.00378178 -0.00318842 -0.0343593
145
1
0.533379 1.06145 -0.722023
0.00305451 -0.00294205 -0.0347978
146
1
0.527432 1.06679 -0.652022
0.00243979 -0.00265355 -0.035186
147
1
0.522662 1.07162 -0.581298
0.00192708 -0.00234325 -0.0355254
148
1
0.518878 1.07588 -0.509944
0.00150408 -0.00202583 -0.0358178
149
1
0.515915 1.07955 -0.438052
0.00115723 -0.00171051 -0.0360653
150
1
0.513636 1.08264 -0.365709
0.000873824 -0.00140303 -0.0362701
151
1
0.511923 1.08513 -0.292997
0.000640944 -0.00110536 -0.0364342
152
1
0.510682 1.08705 -0.219996
0.000447743 -0.000818091 -0.0365597
153
1
0.509845 1.08841 -0.146781
0.000282696 -0.000539456 -0.0366482
154
1
0.509361 1.08922 -0.0734255
0.000136675 -0.000267843 -0.0367007
155
1
0.509203 1.08949 -3.28769e-017
-3.27613e-017 8.54061e-018 -0.0367182
156
1
0.509361 1.08922 0.0734255
-0.000136675 0.000267843 -0.0367007
157
1
0.509845 1.08841 0.146781
-0.000282696 0.000539456 -0.0366482
158
1
0.510682 1.08705 0.219996
-0.000447743 0.000818091 -0.0365597
159
1
0.511923 1.08513 0.292997
-0.000640944 0.00110536 -0.0364342
160
1
0.513636 1.08264 0.365709
-0.000873824 0.00140303 -0.0362701
161
1
0.515915 1.07955 0.438052
-0.00115723 0.00171051 -0.0360653
162
1
0.518878 1.07588 0.509944
-0.00150408 0.00202583 -0.0358178
163
1
0.522662 1.07162 0.581298
-0.00192708 0.00234325 -0.0355254
164
1
0.527432 1.06679 0.652022
-0.00243979 0.00265355 -0.035186
165
1
0.533379 1.06145 0.722023
-0.00305451 0.00294205 -0.0347978
166
1
0.540704 1.05568 0.791201
-0.00378178 0.00318842 -0.0343593
167
1
0.549624 1.04961 0.859458
-0.00462779 0.00336574 -0.0338697
168
1
0.560345 1.04341 0.926694
-0.00559233 0.00344141 -0.0333295
169
1
0.573043 1.03731 0.992817
-0.00666576 0.00337839 -0.0327406
170
1
0.587827 1.03161 1.05775
-0.00782534 0.00313748 -0.0321087
171
1
0.604707 1.02671 1.12144
-0.00903005 0.00267957 -0.0314441
172
1
0.6236 1.02311 1.18388
-0.0102189 0.00196831 -0.0307607
173
1
0.644326 1.02142 1.24507
-0.0113121 0.000971728 -0.0300727
174
1
0.666665 1.02234 1.30497
-0.012218 -0.000334152 -0.0293886
175
1
0.690389 1.02644 1.36351
-0.0128461 -0.00195695 -0.0287147
176
1
0.715201 1.03404 1.42059
-0.0131219 -0.00387645 -0.0280689
177
1
0.740604 1.04504 1.47634
-0.013004 -0.00602593 -0.0274948
178
1
0.765695 1.05909 1.53122
-0.0124871 -0.00826836 -0.0270524
179
1
0.789126 1.076 1.58595
-0.0115655 -0.0104059 -0.0267851
180
1
0.80943 1.09598 1.64099
-0.010231 -0.0122669 -0.0266869
181
1
0.825629 1.11956 1.69619
-0.00853738 -0.0137756 -0.0267018
182
1
0.837738 1.14701 1.75096
-0.00664966 -0.0149096 -0.0267793
183
1
0.846573 1.17787 1.80493
-0.00477058 -0.0156416 -0.0269252
184
1
0.852995 1.211 1.85834
-0.00295131 -0.016025 -0.0271761
185
1
0.856992 1.24523 1.91179
-0.00111712 -0.016316 -0.0274508
186
1
0.857907 1.28042 1.96529
0.000632166 -0.0169505 -0.0274122
187
1
0.855711 1.31736 2.01824
0.00189706 -0.018091 -0.026849
188
1
0.851102 1.35653 2.07004
0.00259542 -0.0192259 -0.0261614
189
1
0.844094 1.39739 2.12079
0.00365645 -0.0201166 -0.025569
190
1
0.833048 1.43983 2.1702
0.00608434 -0.021252 -0.0245406
191
1
0.81695 1.48425 2.21778
0.00947658 -0.0226087 -0.0230895
192
1
0.794656 1.53044 2.26359
0.013604 -0.0241226 -0.0217223
193
1
0.764479 1.57815 2.30746
0.0178302 -0.0254363 -0.0204424
