194
0
1
0.769233 1.83209 2.17402
0.0268788 -0.0237185 -0.020466
1
1
0.715063 1.87855 2.21329
0.0302732 -0.0231491 -0.0192729
2
1
0.652928 1.92369 2.25027
0.0332814 -0.0223734 -0.0172964
3
1
0.583555 1.9663 2.28414
0.0369794 -0.020678 -0.0157652
4
1
0.507117 2.00426 2.31503
0.0398611 -0.0177172 -0.013768
5
1
0.42443 2.03665 2.34285
0.0427653 -0.0138028 -0.0125898
6
1
0.336235 2.06286 2.36703
0.0453154 -0.0104838 -0.0115317
7
1
0.243505 2.0827 2.38635
0.0471843 -0.00765243 -0.0089292
8
1
0.147489 2.09623 2.39988
0.0486332 -0.00444773 -0.00540041
9
1
0.0494101 2.10319 2.40689
0.0494597 -0.00138246 -0.00180074
10
1
-0.0494101 2.10319 2.40689
0.0494597 0.00138246 0.00180074
11
1
-0.147489 2.09623 2.39988
0.0486332 0.00444773 0.00540041
12
1
-0.243505 2.0827 2.38635
0.0471843 0.00765243 0.0089292
13
1
-0.336235 2.06286 2.36703
0.0453154 0.0104838 0.0115317
14
1
-0.42443 2.03665 2.34285
0.0427653 0.0138028 0.0125898
15
1
-0.507117 2.00426 2.31503
0.0398611 0.0177172 0.013768
16
1
-0.583555 1.9663 2.28414
0.0369794 0.020678 0.0157652
17
1
-0.652928 1.92369 2.25027
0.0332814 0.0223734 0.0172964
18
1
-0.715063 1.87855 2.21329
0.0302732 0.0231491 0.0192729
19
1
-0.769233 1.83209 2.17402
0.0268788 0.0237185 0.020466
20
1
-0.814774 1.78503 2.13359
0.0218288 0.023784 0.0202641
21
1
-0.85194 1.7377 2.09274
0.0174209 0.0237581 0.0202556
22
1
-0.880881 1.69024 2.05159
0.0128383 0.0238295 0.0200748
23
1
-0.902687 1.64258 2.01049
0.008861 0.023738 0.0203033
24
1
-0.918894 1.5958 1.96877
0.00566484 0.0230121 0.021091
25
1
-0.930192 1.55096 1.92525
0.00355596 0.0217776 0.0223024
26
1
-0.937294 1.50825 1.87978
0.00149987 0.0201099 0.0237804
27
1
-0.941076 1.46819 1.83203
-0.000671298 0.0187126 0.0249824
28
1
-0.941514 1.43074 1.78213
-0.0022116 0.0179899 0.0255577
29
1
-0.938797 1.39517 1.73084
-0.00304946 0.017523 0.0258374
30
1
-0.933648 1.36097 1.67885
-0.00378161 0.0169618 0.0260811
31
1
-0.92653 1.32836 1.62626
-0.0048225 0.0163569 0.0261857
32
1
-0.916868 1.29799 1.57303
-0.00618001 0.0157906 0.0260686
33
1
-0.903534 1.27011 1.51961
-0.00768904 0.0151084 0.0258303
34
1
-0.885856 1.24453 1.46678
-0.00925548 0.0140703 0.025582
35
1
-0.864101 1.22083 1.41516
-0.0108549 0.0125614 0.0253844
36
1
-0.839399 1.19891 1.36455
-0.0124253 0.0106538 0.0252978
37
1
-0.812976 1.17933 1.31409
-0.013813 0.00852375 0.0253706
38
1
-0.78568 1.1631 1.26283
-0.0148223 0.00631757 0.0256112
39
1
-0.757887 1.15119 1.21039
-0.0153295 0.00413306 0.0259821
40
1
-0.729799 1.14392 1.15686
-0.0153153 0.0020564 0.0264484
41
1
-0.70178 1.14093 1.10241
-0.0148296 0.000163411 0.0270067
42
1
-0.674396 1.1415 1.04704
-0.0139636 -0.00148486 0.0276584
43
1
-0.648336 1.14484 0.990553
-0.0128263 -0.002842 0.0283855
44
1
-0.624226 1.1503 0.932721
-0.0115213 -0.00387899 0.0291535
45
1
-0.602501 1.15738 0.873407
-0.0101366 -0.00459019 0.0299286
46
1
-0.583378 1.1656 0.812587
-0.00874331 -0.00499411 0.030686
47
1
-0.566878 1.17453 0.750314
-0.00739758 -0.00512775 0.0314101
48
1
-0.552886 1.18373 0.686672
-0.00614205 -0.00503829 0.0320908
49
1
-0.541208 1.19281 0.621761
-0.00500644 -0.00477606 0.03272
50
1
-0.531626 1.20145 0.55568
-0.00400727 -0.0043881 0.0332903
51
1
-0.523893 1.20938 0.488546
-0.00314952 -0.003915 0.0337964
52
1
-0.517772 1.21643 0.420481
-0.00242736 -0.00338889 0.034235
53
1
-0.51303 1.22249 0.351616
-0.00182844 -0.00283405 0.0346047
54
1
-0.509458 1.22749 0.282086
-0.00133451 -0.00226631 0.0349053
55
1
-0.506874 1.2314 0.212025
-0.000926228 -0.00169593 0.0351375
56
1
-0.505136 1.23419 0.141569
-0.000581392 -0.00112735 0.0353024
57
1
-0.504134 1.23586 0.0708498
-0.000279865 -0.000562474 0.035401
58
1
-0.50381 1.23642 -1.55681e-016
-5.73553e-017 -8.33908e-017 0.0354337
59
1
-0.504134 1.23586 -0.0708498
0.000279865 0.000562474 0.035401
60
1
-0.505136 1.23419 -0.141569
0.000581392 0.00112735 0.0353024
61
1
-0.506874 1.2314 -0.212025
0.000926228 0.00169593 0.0351375
62
1
-0.509458 1.22749 -0.282086
0.00133451 0.00226631 0.0349053
63
1
-0.51303 1.22249 -0.351616
0.00182844 0.00283405 0.0346047
64
1
-0.517772 1.21643 -0.420481
0.00242736 0.00338889 0.034235
65
1
-0.523893 1.20938 -0.488546
0.00314952 0.003915 0.0337964
66
1
-0.531626 1.20145 -0.55568
0.00400727 0.0043881 0.0332903
67
1
-0.541208 1.19281 -0.621761
0.00500644 0.00477606 0.03272
68
1
-0.552886 1.18373 -0.686672
0.00614205 0.00503829 0.0320908
69
1
-0.566878 1.17453 -0.750314
0.00739758 0.00512775 0.0314101
70
1
-0.583378 1.1656 -0.812587
0.00874331 0.00499411 0.030686
71
1
-0.602501 1.15738 -0.873407
0.0101366 0.00459019 0.0299286
72
1
-0.624226 1.1503 -0.932721
0.0115213 0.00387899 0.0291535
73
1
-0.648336 1.14484 -0.990553
0.0128263 0.002842 0.0283855
74
1
-0.674396 1.1415 -1.04704
0.0139636 0.00148486 0.0276584
75
1
-0.70178 1.14093 -1.10241
0.0148296 -0.000163411 0.0270067
76
1
-0.729799 1.14392 -1.15686
0.0153153 -0.0020564 0.0264484
77
1
-0.757887 1.15119 -1.21039
0.0153295 -0.00413306 0.0259821
78
1
-0.78568 1.1631 -1.26283
0.0148223 -0.00631757 0.0256112
79
1
-0.812976 1.17933 -1.31409
0.013813 -0.00852375 0.0253706
80
1
-0.839399 1.19891 -1.36455
0.0124253 -0.0106538 0.0252978
81
1
-0.864101 1.22083 -1.41516
0.0108549 -0.0125614 0.0253844
82
1
-0.885856 1.24453 -1.46678
0.00925548 -0.0140703 0.025582
83
1
-0.903534 1.27011 -1.51961
0.00768904 -0.0151084 0.0258303
84
1
-0.916868 1.29799 -1.57303
0.00618001 -0.0157906 0.0260686
85
1
-0.92653 1.32836 -1.62626
0.0048225 -0.0163569 0.0261857
86
1
-0.933648 1.36097 -1.67885
0.00378161 -0.0169618 0.0260811
87
1
-0.938797 1.39517 -1.73084
0.00304946 -0.017523 0.0258374
88
1
-0.941514 1.43074 -1.78213
0.0022116 -0.0179899 0.0255577
89
1
-0.941076 1.46819 -1.83203
0.000671298 -0.0187126 0.0249824
90
1
-0.937294 1.50825 -1.87978
-0.00149987 -0.0201099 0.0237804
91
1
-0.930192 1.55096 -1.92525
-0.00355596 -0.0217776 0.0223024
92
1
-0.918894 1.5958 -1.96877
-0.00566484 -0.0230121 0.021091
93
1
-0.902687 1.64258 -2.01049
-0.008861 -0.023738 0.0203033
94
1
-0.880881 1.69024 -2.05159
-0.0128383 -0.0238295 0.0200748
95
1
-0.85194 1.7377 -2.09274
-0.0174209 -0.0237581 0.0202556
96
1
-0.814774 1.78503 -2.13359
-0.0218288 -0.023784 0.0202641
97
1
-0.769233 1.83209 -2.17402
-0.0268788 -0.0237185 0.020466
98
1
-0.715063 1.87855 -2.21329
-0.0302732 -0.0231491 0.0192729
99
1
-0.652928 1.92369 -2.25027
-0.0332814 -0.0223734 0.0172964
100
1
-0.583555 1.9663 -2.28414
-0.0369794 -0.020678 0.0157652
101
1
-0.507117 2.00426 -2.31503
-0.0398611 -0.0177172 0.013768
102
1
-0.42443 2.03665 -2.34285
-0.0427653 -0.0138028 0.0125898
103
1
-0.336235 2.06286 -2.36703
-0.0453154 -0.0104838 0.0115317
104
1
-0.243505 2.0827 -2.38635
-0.0471843 -0.00765243 0.0089292
105
1
-0.147489 2.09623 -2.39988
-0.0486332 -0.00444773 0.00540041
106
1
-0.0494101 2.10319 -2.40689
-0.0494597 -0.00138246 0.00180074
107
1
0.0494101 2.10319 -2.40689
-0.0494597 0.00138246 -0.00180074
108
1
0.147489 2.09623 -2.39988
-0.0486332 0.00444773 -0.00540041
109
1
0.243505 2.0827 -2.38635
-0.0471843 0.00765243 -0.0089292
110
1
0.336235 2.06286 -2.36703
-0.0453154 0.0104838 -0.0115317
111
1
0.42443 2.03665 -2.34285
-0.0427653 0.0138028 -0.0125898
112
1
0.507117 2.00426 -2.31503
-0.0398611 0.0177172 -0.013768
113
1
0.583555 1.9663 -2.28414
-0.0369794 0.020678 -0.0157652
114
1
0.652928 1.92369 -2.25027
-0.0332814 0.0223734 -0.0172964
115
1
0.715063 1.87855 -2.21329
-0.0302732 0.0231491 -0.0192729
116
1
0.769233 1.83209 -2.17402
-0.0268788 0.0237185 -0.020466
117
1
0.814774 1.78503 -2.13359
-0.0218288 0.023784 -0.0202641
118
1
0.85194 1.7377 -2.09274
-0.0174209 0.0237581 -0.0202556
119
1
0.880881 1.69024 -2.05159
-0.0128383 0.0238295 -0.0200748
120
1
0.902687 1.64258 -2.01049
-0.008861 0.023738 -0.0203033
121
1
0.918894 1.5958 -1.96877
-0.00566484 0.0230121 -0.021091
122
1
0.930192 1.55096 -1.92525
-0.00355596 0.0217776 -0.0223024
123
1
0.937294 1.50825 -1.87978
-0.00149987 0.0201099 -0.0237804
124
1
0.941076 1.46819 -1.83203
0.000671298 0.0187126 -0.0249824
125
1
0.941514 1.43074 -1.78213
0.0022116 0.0179899 -0.0255577
126
1
0.938797 1.39517 -1.73084
0.00304946 0.017523 -0.0258374
127
1
0.933648 1.36097 -1.67885
0.00378161 0.0169618 -0.0260811
128
1
0.92653 1.32836 -1.62626
0.0048225 0.0163569 -0.0261857
129
1
0.916868 1.29799 -1.57303
0.00618001 0.0157906 -0.0260686
130
1
0.903534 1.27011 -1.51961
0.00768904 0.0151084 -0.0258303
131
1
0.885856 1.24453 -1.46678
0.00925548 0.0140703 -0.025582
132
1
0.864101 1.22083 -1.41516
0.0108549 0.0125614 -0.0253844
133
1
0.839399 1.19891 -1.36455
0.0124253 0.0106538 -0.0252978
134
1
0.812976 1.17933 -1.31409
0.013813 0.00852375 -0.0253706
135
1
0.78568 1.1631 -1.26283
0.0148223 0.00631757 -0.0256112
136
1
0.757887 1.15119 -1.21039
0.0153295 0.00413306 -0.0259821
137
1
0.729799 1.14392 -1.15686
0.0153153 0.0020564 -0.0264484
138
1
0.70178 1.14093 -1.10241
0.0148296 0.000163411 -0.0270067
139
1
0.674396 1.1415 -1.04704
0.0139636 -0.00148486 -0.0276584
140
1
0.648336 1.14484 -0.990553
0.0128263 -0.002842 -0.0283855
141
1
0.624226 1.1503 -0.932721
0.0115213 -0.00387899 -0.0291535
142
1
0.602501 1.15738 -0.873407
0.0101366 -0.00459019 -0.0299286
143
1
0.583378 1.1656 -0.812587
0.00874331 -0.00499411 -0.030686
144
1
0.566878 1.17453 -0.750314
0.00739758 -0.00512775 -0.0314101
145
1
0.552886 1.18373 -0.686672
0.00614205 -0.00503829 -0.0320908
146
1
0.541208 1.19281 -0.621761
0.00500644 -0.00477606 -0.03272
147
1
0.531626 1.20145 -0.55568
0.00400727 -0.0043881 -0.0332903
148
1
0.523893 1.20938 -0.488546
0.00314952 -0.003915 -0.0337964
149
1
0.517772 1.21643 -0.420481
0.00242736 -0.00338889 -0.034235
150
1
0.51303 1.22249 -0.351616
0.00182844 -0.00283405 -0.0346047
151
1
0.509458 1.22749 -0.282086
0.00133451 -0.00226631 -0.0349053
152
1
0.506874 1.2314 -0.212025
0.000926228 -0.00169593 -0.0351375
153
1
0.505136 1.23419 -0.141569
0.000581392 -0.00112735 -0.0353024
154
1
0.504134 1.23586 -0.0708498
0.000279865 -0.000562474 -0.035401
155
1
0.50381 1.23642 -6.92882e-017
-7.79748e-017 -2.09793e-017 -0.0354337
156
1
0.504134 1.23586 0.0708498
-0.000279865 0.000562474 -0.035401
157
1
0.505136 1.23419 0.141569
-0.000581392 0.00112735 -0.0353024
158
1
0.506874 1.2314 0.212025
-0.000926228 0.00169593 -0.0351375
159
1
0.509458 1.22749 0.282086
-0.00133451 0.00226631 -0.0349053
160
1
0.51303 1.22249 0.351616
-0.00182844 0.00283405 -0.0346047
161
1
0.517772 1.21643 0.420481
-0.00242736 0.00338889 -0.034235
162
1
0.523893 1.20938 0.488546
-0.00314952 0.003915 -0.0337964
163
1
0.531626 1.20145 0.55568
-0.00400727 0.0043881 -0.0332903
164
1
0.541208 1.19281 0.621761
-0.00500644 0.00477606 -0.03272
165
1
0.552886 1.18373 0.686672
-0.00614205 0.00503829 -0.0320908
166
1
0.566878 1.17453 0.750314
-0.00739758 0.00512775 -0.0314101
167
1
0.583378 1.1656 0.812587
-0.00874331 0.00499411 -0.030686
168
1
0.602501 1.15738 0.873407
-0.0101366 0.00459019 -0.0299286
169
1
0.624226 1.1503 0.932721
-0.0115213 0.00387899 -0.0291535
170
1
0.648336 1.14484 0.990553
-0.0128263 0.002842 -0.0283855
171
1
0.674396 1.1415 1.04704
-0.0139636 0.00148486 -0.0276584
172
1
0.70178 1.14093 1.10241
-0.0148296 -0.000163411 -0.0270067
173
1
0.729799 1.14392 1.15686
-0.0153153 -0.0020564 -0.0264484
174
1
0.757887 1.15119 1.21039
-0.0153295 -0.00413306 -0.0259821
175
1
0.78568 1.1631 1.26283
-0.0148223 -0.00631757 -0.0256112
176
1
0.812976 1.17933 1.31409
-0.013813 -0.00852375 -0.0253706
177
1
0.839399 1.19891 1.36455
-0.0124253 -0.0106538 -0.0252978
178
1
0.864101 1.22083 1.41516
-0.0108549 -0.0125614 -0.0253844
179
1
0.885856 1.24453 1.46678
-0.00925548 -0.0140703 -0.025582
180
1
0.903534 1.27011 1.51961
-0.00768904 -0.0151084 -0.0258303
181
1
0.916868 1.29799 1.57303
-0.00618001 -0.0157906 -0.0260686
182
1
0.92653 1.32836 1.62626
-0.0048225 -0.0163569 -0.0261857
183
1
0.933648 1.36097 1.67885
-0.00378161 -0.0169618 -0.0260811
184
1
0.938797 1.39517 1.73084
-0.00304946 -0.017523 -0.0258374
185
1
0.941514 1.43074 1.78213
-0.0022116 -0.0179899 -0.0255577
186
1
0.941076 1.46819 1.83203
-0.000671298 -0.0187126 -0.0249824
187
1
0.937294 1.50825 1.87978
0.00149987 -0.0201099 -0.0237804
188
1
0.930192 1.55096 1.92525
0.00355596 -0.0217776 -0.0223024
189
1
0.918894 1.5958 1.96877
0.00566484 -0.0230121 -0.021091
190
1
0.902687 1.64258 2.01049
0.008861 -0.023738 -0.0203033
191
1
0.880881 1.69024 2.05159
0.0128383 -0.0238295 -0.0200748
192
1
0.85194 1.7377 2.09274
0.0174209 -0.0237581 -0.0202556
193
1
0.814774 1.78503 2.13359
0.0218288 -0.023784 -0.0202641
