194
0
1
0.591461 10.2564 1.40187
0.0140036 0.0408618 -0.0344505
1
1
0.559462 10.1815 1.46223
0.0168716 0.0323774 -0.0291543
2
1
0.51623 10.1051 1.51449
0.0215492 0.0397411 -0.0249586
3
1
0.458006 10.0221 1.55512
0.0329747 0.0476803 -0.0202486
4
1
0.391019 9.94395 1.5729
0.0357045 0.0332782 0.00222007
5
1
0.317937 9.86993 1.56461
0.0369311 0.025068 0.0115687
6
1
0.233964 9.78318 1.54061
0.0313383 0.0438162 0.0219801
7
1
0.113941 9.64508 1.53453
0.0416592 0.0527958 -0.021872
8
1
0.181161 6.23919 0.0573079
-0.0420802 -0.0256703 -0.00890925
9
1
0.415768 12.6953 0.0730318
0.0375489 0.0355111 0.00816778
10
1
-0.415763 12.6954 0.0730064
0.0375388 -0.0355134 -0.00814806
11
1
-0.180889 6.23925 0.0572679
-0.0421378 0.0256654 0.0089681
12
1
-0.11394 9.64508 1.53453
0.0416592 -0.0527958 0.021872
13
1
-0.233963 9.78318 1.54061
0.0313384 -0.0438161 -0.02198
14
1
-0.317937 9.86993 1.56461
0.0369312 -0.025068 -0.0115687
15
1
-0.391019 9.94395 1.5729
0.0357046 -0.0332782 -0.00222004
16
1
-0.458006 10.0221 1.55512
0.0329747 -0.0476803 0.0202487
17
1
-0.51623 10.1051 1.51449
0.0215492 -0.0397412 0.0249587
18
1
-0.559461 10.1815 1.46223
0.0168716 -0.0323774 0.0291543
19
1
-0.59146 10.2564 1.40187
0.0140036 -0.0408618 0.0344505
20
1
-0.61604 10.3306 1.33934
0.0123062 -0.037254 0.0362222
21
1
-0.637879 10.4059 1.27648
0.011006 -0.0316357 0.0275733
22
1
-0.655625 10.4802 1.21675
0.00991309 -0.0443884 0.0290254
23
1
-0.666458 10.5531 1.15872
0.00327147 -0.0392082 0.028756
24
1
-0.668932 10.6173 1.10599
-0.00283226 -0.0230004 0.0205066
25
1
-0.665239 10.6743 1.06076
-0.0029639 -0.0251624 0.0222043
26
1
-0.659995 10.7291 1.01885
-0.00227204 -0.0279717 0.0218358
27
1
-0.652927 10.7816 0.978941
-0.00463251 -0.0246452 0.0182907
28
1
-0.641964 10.8315 0.93979
-0.00749879 -0.021425 0.0168526
29
1
-0.629215 10.8805 0.900841
-0.00880473 -0.0225677 0.020544
30
1
-0.619088 10.9278 0.864067
-0.00624926 -0.0207217 0.0161723
31
1
-0.61249 10.9743 0.829105
-0.0029632 -0.0213023 0.0145443
32
1
-0.608716 11.023 0.795989
-0.0012564 -0.0258291 0.0180924
33
1
-0.608113 11.0727 0.766534
0.000137756 -0.0280748 0.0166161
34
1
-0.611081 11.1224 0.741155
0.00256208 -0.0271875 0.0127323
35
1
-0.616152 11.1729 0.719068
0.00334057 -0.0255972 0.011186
36
1
-0.623135 11.2223 0.701167
0.00223046 -0.0242504 0.00762212
37
1
-0.630898 11.27 0.687525
0.00311812 -0.024662 0.00409167
38
1
-0.640994 11.3164 0.67682
0.00550798 -0.0223167 0.00267409
39
1
-0.654903 11.3599 0.668192
0.00632902 -0.0172401 0.00217935
40
1
-0.672073 11.3989 0.66024
0.00809432 -0.0166702 0.00166325
41
1
-0.691865 11.4355 0.651837
0.0117938 -0.0182789 0.00168504
42
1
-0.714737 11.4712 0.642827
0.0122161 -0.0170931 0.00301727
43
1
-0.739513 11.5061 0.632411
0.0114169 -0.0164014 0.00451311
44
1
-0.766327 11.5401 0.618925
0.014442 -0.0183855 0.00661178
45
1
-0.795701 11.5736 0.600879
0.0188846 -0.0175512 0.0105194
46
1
-0.828268 11.605 0.578237
0.0181401 -0.0135432 0.0121315
47
1
-0.86181 11.6329 0.550575
0.0177978 -0.0127159 0.0131363
48
1
-0.896186 11.6584 0.518057
0.0201475 -0.0128429 0.0185967
49
1
-0.928879 11.6817 0.481978
0.0183309 -0.0112041 0.0204978
50
1
-0.958976 11.7029 0.44313
0.0148287 -0.0098696 0.0191481
51
1
-0.985632 11.723 0.399554
0.0122927 -0.0104654 0.0235542
52
1
-1.00702 11.7421 0.350683
0.00821767 -0.0101203 0.0297421
53
1
-1.02344 11.7592 0.296996
0.00596646 -0.00786462 0.032753
54
1
-1.03527 11.7732 0.23966
0.0045985 -0.00643614 0.033428
55
1
-1.04251 11.7837 0.179796
0.000811776 -0.00439906 0.0336191
56
1
-1.04603 11.791 0.119926
0.000545581 -0.00272725 0.0321746
57
1
-1.04741 11.7951 0.0591876
0.000909462 -0.000927153 0.0303311
58
1
-1.04801 11.7964 5.35198e-007
2.53498e-008 1.71484e-008 0.0296686
59
1
-1.04741 11.7951 -0.0591866
-0.000909412 0.000927188 0.0303311
60
1
-1.04603 11.791 -0.119925
-0.000545534 0.00272728 0.0321746
61
1
-1.04251 11.7837 -0.179795
-0.000811735 0.00439909 0.0336192
62
1
-1.03527 11.7732 -0.239659
-0.00459847 0.00643617 0.033428
63
1
-1.02344 11.7592 -0.296995
-0.00596643 0.00786465 0.032753
64
1
-1.00702 11.7421 -0.350682
-0.00821765 0.0101204 0.0297422
65
1
-0.985633 11.723 -0.399554
-0.0122927 0.0104654 0.0235542
66
1
-0.958977 11.7029 -0.44313
-0.0148287 0.00986961 0.0191481
67
1
-0.928879 11.6817 -0.481977
-0.0183309 0.0112041 0.0204978
68
1
-0.896186 11.6584 -0.518056
-0.0201475 0.012843 0.0185967
69
1
-0.861811 11.6329 -0.550575
-0.0177978 0.0127159 0.0131363
70
1
-0.828269 11.605 -0.578236
-0.0181401 0.0135432 0.0121316
71
1
-0.795702 11.5736 -0.600879
-0.0188846 0.0175512 0.0105194
72
1
-0.766327 11.5401 -0.618925
-0.014442 0.0183855 0.00661179
73
1
-0.739513 11.5061 -0.632411
-0.0114169 0.0164014 0.00451312
74
1
-0.714737 11.4712 -0.642827
-0.0122161 0.0170931 0.00301728
75
1
-0.691865 11.4355 -0.651837
-0.0117938 0.0182789 0.00168505
76
1
-0.672073 11.3989 -0.66024
-0.00809433 0.0166702 0.00166326
77
1
-0.654903 11.3599 -0.668191
-0.00632903 0.0172401 0.00217936
78
1
-0.640994 11.3164 -0.67682
-0.00550799 0.0223167 0.0026741
79
1
-0.630899 11.27 -0.687525
-0.00311813 0.024662 0.00409168
80
1
-0.623135 11.2223 -0.701167
-0.00223046 0.0242504 0.00762213
81
1
-0.616152 11.1729 -0.719068
-0.00334058 0.0255972 0.011186
82
1
-0.611081 11.1224 -0.741155
-0.00256208 0.0271875 0.0127323
83
1
-0.608113 11.0727 -0.766534
-0.000137754 0.0280748 0.0166162
84
1
-0.608716 11.023 -0.795988
0.0012564 0.0258291 0.0180924
85
1
-0.612491 10.9743 -0.829105
0.00296321 0.0213023 0.0145443
86
1
-0.619089 10.9278 -0.864067
0.00624926 0.0207217 0.0161723
87
1
-0.629215 10.8805 -0.900841
0.00880474 0.0225677 0.020544
88
1
-0.641965 10.8315 -0.93979
0.0074988 0.021425 0.0168526
89
1
-0.652927 10.7816 -0.978941
0.00463251 0.0246452 0.0182907
90
1
-0.659996 10.7291 -1.01885
0.00227205 0.0279717 0.0218358
91
1
-0.66524 10.6743 -1.06076
0.00296391 0.0251624 0.0222043
92
1
-0.668932 10.6173 -1.10599
0.00283227 0.0230004 0.0205066
93
1
-0.666459 10.5531 -1.15872
-0.00327145 0.0392082 0.028756
94
1
-0.655625 10.4802 -1.21675
-0.00991307 0.0443884 0.0290254
95
1
-0.63788 10.4059 -1.27648
-0.011006 0.0316357 0.0275733
96
1
-0.616041 10.3306 -1.33934
-0.0123062 0.0372539 0.0362222
97
1
-0.591461 10.2564 -1.40187
-0.0140036 0.0408618 0.0344505
98
1
-0.559462 10.1815 -1.46223
-0.0168716 0.0323774 0.0291543
99
1
-0.51623 10.1051 -1.51449
-0.0215492 0.0397411 0.0249586
100
1
-0.458006 10.0221 -1.55512
-0.0329747 0.0476803 0.0202486
101
1
-0.391019 9.94395 -1.5729
-0.0357045 0.0332782 -0.00222007
102
1
-0.317937 9.86993 -1.56461
-0.0369311 0.025068 -0.0115687
103
1
-0.233964 9.78318 -1.54061
-0.0313383 0.0438162 -0.0219801
104
1
-0.113941 9.64508 -1.53453
-0.0416592 0.0527958 0.021872
105
1
-0.181159 6.23918 -0.0573012
0.04208 -0.0256705 0.00891066
106
1
-0.415768 12.6953 -0.0730318
-0.0375489 0.0355111 -0.0081678
107
1
0.415763 12.6954 -0.0730065
-0.0375388 -0.0355134 0.00814809
108
1
0.180888 6.23924 -0.0572612
0.0421377 0.0256656 -0.0089695
109
1
0.11394 9.64508 -1.53453
-0.0416592 -0.0527958 -0.021872
110
1
0.233963 9.78318 -1.54061
-0.0313384 -0.0438161 0.02198
111
1
0.317937 9.86993 -1.56461
-0.0369312 -0.025068 0.0115687
112
1
0.391019 9.94395 -1.5729
-0.0357046 -0.0332782 0.00222004
113
1
0.458006 10.0221 -1.55512
-0.0329747 -0.0476803 -0.0202487
114
1
0.51623 10.1051 -1.51449
-0.0215492 -0.0397412 -0.0249587
115
1
0.559461 10.1815 -1.46223
-0.0168716 -0.0323774 -0.0291543
116
1
0.59146 10.2564 -1.40187
-0.0140036 -0.0408618 -0.0344505
117
1
0.61604 10.3306 -1.33934
-0.0123062 -0.037254 -0.0362222
118
1
0.637879 10.4059 -1.27648
-0.011006 -0.0316357 -0.0275733
119
1
0.655625 10.4802 -1.21675
-0.00991309 -0.0443884 -0.0290254
120
1
0.666458 10.5531 -1.15872
-0.00327146 -0.0392082 -0.028756
121
1
0.668932 10.6173 -1.10599
0.00283226 -0.0230004 -0.0205066
122
1
0.665239 10.6743 -1.06076
0.0029639 -0.0251624 -0.0222043
123
1
0.659995 10.7291 -1.01885
0.00227204 -0.0279717 -0.0218358
124
1
0.652927 10.7816 -0.978941
0.00463251 -0.0246452 -0.0182907
125
1
0.641964 10.8315 -0.93979
0.00749879 -0.021425 -0.0168526
126
1
0.629215 10.8805 -0.900841
0.00880473 -0.0225677 -0.020544
127
1
0.619088 10.9278 -0.864067
0.00624926 -0.0207217 -0.0161723
128
1
0.61249 10.9743 -0.829105
0.0029632 -0.0213023 -0.0145443
129
1
0.608716 11.023 -0.795989
0.0012564 -0.0258291 -0.0180924
130
1
0.608113 11.0727 -0.766534
-0.000137756 -0.0280748 -0.0166161
131
1
0.611081 11.1224 -0.741155
-0.00256208 -0.0271875 -0.0127323
132
1
0.616152 11.1729 -0.719068
-0.00334057 -0.0255972 -0.011186
133
1
0.623135 11.2223 -0.701167
-0.00223046 -0.0242504 -0.00762212
134
1
0.630898 11.27 -0.687525
-0.00311812 -0.024662 -0.00409167
135
1
0.640994 11.3164 -0.67682
-0.00550798 -0.0223167 -0.00267409
136
1
0.654903 11.3599 -0.668192
-0.00632902 -0.0172401 -0.00217935
137
1
0.672073 11.3989 -0.66024
-0.00809432 -0.0166702 -0.00166325
138
1
0.691865 11.4355 -0.651837
-0.0117938 -0.0182789 -0.00168504
139
1
0.714737 11.4712 -0.642827
-0.0122161 -0.0170931 -0.00301727
140
1
0.739513 11.5061 -0.632411
-0.0114169 -0.0164014 -0.00451311
141
1
0.766327 11.5401 -0.618925
-0.014442 -0.0183855 -0.00661178
142
1
0.795701 11.5736 -0.600879
-0.0188846 -0.0175512 -0.0105194
143
1
0.828268 11.605 -0.578237
-0.0181401 -0.0135432 -0.0121315
144
1
0.86181 11.6329 -0.550575
-0.0177978 -0.0127159 -0.0131363
145
1
0.896186 11.6584 -0.518057
-0.0201475 -0.0128429 -0.0185967
146
1
0.928879 11.6817 -0.481978
-0.0183309 -0.0112041 -0.0204978
147
1
0.958976 11.7029 -0.44313
-0.0148287 -0.0098696 -0.0191481
148
1
0.985632 11.723 -0.399554
-0.0122927 -0.0104654 -0.0235542
149
1
1.00702 11.7421 -0.350683
-0.00821767 -0.0101203 -0.0297421
150
1
1.02344 11.7592 -0.296996
-0.00596646 -0.00786462 -0.032753
151
1
1.03527 11.7732 -0.23966
-0.0045985 -0.00643614 -0.033428
152
1
1.04251 11.7837 -0.179796
-0.000811776 -0.00439906 -0.0336191
153
1
1.04603 11.791 -0.119926
-0.000545581 -0.00272725 -0.0321746
154
1
1.04741 11.7951 -0.0591876
-0.000909462 -0.000927153 -0.0303311
155
1
1.04801 11.7964 -5.34873e-007
-2.5369e-008 1.68711e-008 -0.0296686
156
1
1.04741 11.7951 0.0591866
0.000909412 0.000927188 -0.0303311
157
1
1.04603 11.791 0.119925
0.000545534 0.00272728 -0.0321746
158
1
1.04251 11.7837 0.179795
0.000811735 0.00439909 -0.0336192
159
1
1.03527 11.7732 0.239659
0.00459847 0.00643617 -0.033428
160
1
1.02344 11.7592 0.296995
0.00596643 0.00786465 -0.032753
161
1
1.00702 11.7421 0.350682
0.00821765 0.0101204 -0.0297422
162
1
0.985633 11.723 0.399554
0.0122927 0.0104654 -0.0235542
163
1
0.958977 11.7029 0.44313
0.0148287 0.00986961 -0.0191481
164
1
0.928879 11.6817 0.481977
0.0183309 0.0112041 -0.0204978
165
1
0.896186 11.6584 0.518056
0.0201475 0.012843 -0.0185967
166
1
0.861811 11.6329 0.550575
0.0177978 0.0127159 -0.0131363
167
1
0.828269 11.605 0.578236
0.0181401 0.0135432 -0.0121316
168
1
0.795702 11.5736 0.600879
0.0188846 0.0175512 -0.0105194
169
1
0.766327 11.5401 0.618925
0.014442 0.0183855 -0.00661179
170
1
0.739513 11.5061 0.632411
0.0114169 0.0164014 -0.00451312
171
1
0.714737 11.4712 0.642827
0.0122161 0.0170931 -0.00301728
172
1
0.691865 11.4355 0.651837
0.0117938 0.0182789 -0.00168505
173
1
0.672073 11.3989 0.66024
0.00809433 0.0166702 -0.00166326
174
1
0.654903 11.3599 0.668191
0.00632903 0.0172401 -0.00217936
175
1
0.640994 11.3164 0.67682
0.00550799 0.0223167 -0.0026741
176
1
0.630899 11.27 0.687525
0.00311813 0.024662 -0.00409168
177
1
0.623135 11.2223 0.701167
0.00223046 0.0242504 -0.00762213
178
1
0.616152 11.1729 0.719068
0.00334058 0.0255972 -0.011186
179
1
0.611081 11.1224 0.741155
0.00256208 0.0271875 -0.0127323
180
1
0.608113 11.0727 0.766534
0.000137754 0.0280748 -0.0166161
181
1
0.608716 11.023 0.795988
-0.0012564 0.0258291 -0.0180924
182
1
0.612491 10.9743 0.829105
-0.00296321 0.0213023 -0.0145443
183
1
0.619089 10.9278 0.864067
-0.00624926 0.0207217 -0.0161723
184
1
0.629215 10.8805 0.900841
-0.00880474 0.0225677 -0.020544
185
1
0.641965 10.8315 0.93979
-0.0074988 0.021425 -0.0168526
186
1
0.652927 10.7816 0.978941
-0.00463251 0.0246452 -0.0182907
187
1
0.659996 10.7291 1.01885
-0.00227205 0.0279717 -0.0218358
188
1
0.66524 10.6743 1.06076
-0.00296391 0.0251624 -0.0222043
189
1
0.668932 10.6173 1.10599
-0.00283227 0.0230004 -0.0205066
190
1
0.666459 10.5531 1.15872
0.00327145 0.0392082 -0.028756
191
1
0.655625 10.4802 1.21675
0.00991308 0.0443884 -0.0290254
192
1
0.63788 10.4059 1.27648
0.011006 0.0316357 -0.0275733
193
1
0.616041 10.3306 1.33934
0.0123062 0.0372539 -0.0362222
