194
0
1
0.509624 0.590208 2.93499
0.0128642 -0.0165691 -0.0357019
1
1
0.481592 0.622724 3.00441
0.0153076 -0.0154772 -0.0358647
2
1
0.447874 0.653732 3.0732
0.0168876 -0.0143555 -0.0351293
3
1
0.407789 0.681652 3.1393
0.0197645 -0.0133091 -0.0333063
4
1
0.361218 0.705998 3.20098
0.0234131 -0.0114702 -0.0305645
5
1
0.307987 0.726357 3.2567
0.0272983 -0.00927804 -0.0268745
6
1
0.247906 0.742673 3.30402
0.0309642 -0.0070633 -0.0221621
7
1
0.181866 0.75479 3.34133
0.0340215 -0.00491092 -0.0165919
8
1
0.111118 0.762799 3.36708
0.0362125 -0.00289159 -0.0102939
9
1
0.0373771 0.766792 3.38019
0.0373556 -0.000954577 -0.00349117
10
1
-0.0373771 0.766792 3.38019
0.0373556 0.000954577 0.00349117
11
1
-0.111118 0.762799 3.36708
0.0362125 0.00289159 0.0102939
12
1
-0.181866 0.75479 3.34133
0.0340215 0.00491092 0.0165919
13
1
-0.247906 0.742673 3.30402
0.0309642 0.0070633 0.0221621
14
1
-0.307987 0.726357 3.2567
0.0272983 0.00927804 0.0268745
15
1
-0.361218 0.705998 3.20098
0.0234131 0.0114702 0.0305645
16
1
-0.407789 0.681652 3.1393
0.0197645 0.0133091 0.0333063
17
1
-0.447874 0.653732 3.0732
0.0168876 0.0143555 0.0351293
18
1
-0.481592 0.622724 3.00441
0.0153076 0.0154772 0.0358647
19
1
-0.509624 0.590208 2.93499
0.0128642 0.0165691 0.0357019
20
1
-0.532016 0.557939 2.86607
0.00909546 0.0159314 0.0351164
21
1
-0.548187 0.5271 2.79735
0.00519541 0.0143758 0.0350411
22
1
-0.558794 0.499117 2.72813
0.00111482 0.0129176 0.0350104
23
1
-0.564288 0.475395 2.65777
-0.00133593 0.011656 0.0351363
24
1
-0.564887 0.455914 2.58643
-0.00251341 0.0100391 0.0353517
25
1
-0.561652 0.439643 2.51466
-0.00308546 0.00823673 0.0356374
26
1
-0.556302 0.425881 2.44257
-0.00329768 0.00655793 0.0359724
27
1
-0.550159 0.414282 2.37008
-0.00325132 0.0051367 0.0363168
28
1
-0.544075 0.404696 2.29706
-0.0030453 0.00399595 0.0366361
29
1
-0.538452 0.396934 2.22349
-0.00275875 0.00311123 0.036915
30
1
-0.53341 0.390752 2.14942
-0.00244385 0.00243997 0.0371534
31
1
-0.528952 0.385845 2.07491
-0.00213044 0.00193416 0.0373578
32
1
-0.525045 0.381931 2.00001
-0.00183723 0.00155303 0.0375349
33
1
-0.52165 0.378785 1.92478
-0.00157228 0.00126333 0.0376898
34
1
-0.518721 0.376225 1.84927
-0.0013393 0.00104085 0.0378263
35
1
-0.516206 0.374118 1.77349
-0.00113772 0.000867952 0.0379469
36
1
-0.514055 0.372365 1.69749
-0.000965345 0.00073191 0.0380536
37
1
-0.512219 0.370891 1.62129
-0.000818911 0.000623499 0.0381482
38
1
-0.510655 0.369639 1.5449
-0.000695037 0.000535978 0.038232
39
1
-0.509322 0.368565 1.46836
-0.000590447 0.000464425 0.0383061
40
1
-0.508186 0.367639 1.39169
-0.00050219 0.000405176 0.0383716
41
1
-0.507217 0.366834 1.31488
-0.000427704 0.000355466 0.0384295
42
1
-0.506391 0.366131 1.23797
-0.000364723 0.000313211 0.0384804
43
1
-0.505685 0.365513 1.16097
-0.000311353 0.000276897 0.0385253
44
1
-0.505083 0.36497 1.08387
-0.000265962 0.000245389 0.0385647
45
1
-0.504568 0.36449 1.00671
-0.000227223 0.000217581 0.0385992
46
1
-0.504127 0.364067 0.929481
-0.000194044 0.000192776 0.0386294
47
1
-0.503751 0.363694 0.852195
-0.000165458 0.000170417 0.0386558
48
1
-0.503431 0.363366 0.77486
-0.000140716 0.000150039 0.0386786
49
1
-0.503159 0.363077 0.697483
-0.000119206 0.00013135 0.0386983
50
1
-0.502927 0.362827 0.620069
-0.000100575 0.000114073 0.0387152
51
1
-0.502735 0.362611 0.542623
-8.40883e-005 9.77059e-005 0.0387296
52
1
-0.502575 0.362428 0.465152
-6.92407e-005 8.22204e-005 0.0387416
53
1
-0.502446 0.362277 0.387658
-5.56712e-005 6.73714e-005 0.0387515
54
1
-0.502343 0.362153 0.310147
-4.30105e-005 5.31877e-005 0.0387593
55
1
-0.502264 0.362058 0.232622
-3.13881e-005 3.94614e-005 0.0387653
56
1
-0.502209 0.361991 0.155087
-2.05499e-005 2.61165e-005 0.0387696
57
1
-0.502177 0.361952 0.0775452
-1.0174e-005 1.30079e-005 0.0387721
58
1
-0.502166 0.361938 2.26348e-018
-1.03016e-017 1.16601e-017 0.0387729
59
1
-0.502177 0.361952 -0.0775452
1.0174e-005 -1.30079e-005 0.0387721
60
1
-0.502209 0.361991 -0.155087
2.05499e-005 -2.61165e-005 0.0387696
61
1
-0.502264 0.362058 -0.232622
3.13881e-005 -3.94614e-005 0.0387653
62
1
-0.502343 0.362153 -0.310147
4.30105e-005 -5.31877e-005 0.0387593
63
1
-0.502446 0.362277 -0.387658
5.56712e-005 -6.73714e-005 0.0387515
64
1
-0.502575 0.362428 -0.465152
6.92407e-005 -8.22204e-005 0.0387416
65
1
-0.502735 0.362611 -0.542623
8.40883e-005 -9.77059e-005 0.0387296
66
1
-0.502927 0.362827 -0.620069
0.000100575 -0.000114073 0.0387152
67
1
-0.503159 0.363077 -0.697483
0.000119206 -0.00013135 0.0386983
68
1
-0.503431 0.363366 -0.77486
0.000140716 -0.000150039 0.0386786
69
1
-0.503751 0.363694 -0.852195
0.000165458 -0.000170417 0.0386558
70
1
-0.504127 0.364067 -0.929481
0.000194044 -0.000192776 0.0386294
71
1
-0.504568 0.36449 -1.00671
0.000227223 -0.000217581 0.0385992
72
1
-0.505083 0.36497 -1.08387
0.000265962 -0.000245389 0.0385647
73
1
-0.505685 0.365513 -1.16097
0.000311353 -0.000276897 0.0385253
74
1
-0.506391 0.366131 -1.23797
0.000364723 -0.000313211 0.0384804
75
1
-0.507217 0.366834 -1.31488
0.000427704 -0.000355466 0.0384295
76
1
-0.508186 0.367639 -1.39169
0.00050219 -0.000405176 0.0383716
77
1
-0.509322 0.368565 -1.46836
0.000590447 -0.000464425 0.0383061
78
1
-0.510655 0.369639 -1.5449
0.000695037 -0.000535978 0.038232
79
1
-0.512219 0.370891 -1.62129
0.000818911 -0.000623499 0.0381482
80
1
-0.514055 0.372365 -1.69749
0.000965345 -0.00073191 0.0380536
81
1
-0.516206 0.374118 -1.77349
0.00113772 -0.000867952 0.0379469
82
1
-0.518721 0.376225 -1.84927
0.0013393 -0.00104085 0.0378263
83
1
-0.52165 0.378785 -1.92478
0.00157228 -0.00126333 0.0376898
84
1
-0.525045 0.381931 -2.00001
0.00183723 -0.00155303 0.0375349
85
1
-0.528952 0.385845 -2.07491
0.00213044 -0.00193416 0.0373578
86
1
-0.53341 0.390752 -2.14942
0.00244385 -0.00243997 0.0371534
87
1
-0.538452 0.396934 -2.22349
0.00275875 -0.00311123 0.036915
88
1
-0.544075 0.404696 -2.29706
0.0030453 -0.00399595 0.0366361
89
1
-0.550159 0.414282 -2.37008
0.00325132 -0.0051367 0.0363168
90
1
-0.556302 0.425881 -2.44257
0.00329768 -0.00655793 0.0359724
91
1
-0.561652 0.439643 -2.51466
0.00308546 -0.00823673 0.0356374
92
1
-0.564887 0.455914 -2.58643
0.00251341 -0.0100391 0.0353517
93
1
-0.564288 0.475395 -2.65777
0.00133593 -0.011656 0.0351363
94
1
-0.558794 0.499117 -2.72813
-0.00111482 -0.0129176 0.0350104
95
1
-0.548187 0.5271 -2.79735
-0.00519541 -0.0143758 0.0350411
96
1
-0.532016 0.557939 -2.86607
-0.00909546 -0.0159314 0.0351164
97
1
-0.509624 0.590208 -2.93499
-0.0128642 -0.0165691 0.0357019
98
1
-0.481592 0.622724 -3.00441
-0.0153076 -0.0154772 0.0358647
99
1
-0.447874 0.653732 -3.0732
-0.0168876 -0.0143555 0.0351293
100
1
-0.407789 0.681652 -3.1393
-0.0197645 -0.0133091 0.0333063
101
1
-0.361218 0.705998 -3.20098
-0.0234131 -0.0114702 0.0305645
102
1
-0.307987 0.726357 -3.2567
-0.0272983 -0.00927804 0.0268745
103
1
-0.247906 0.742673 -3.30402
-0.0309642 -0.0070633 0.0221621
104
1
-0.181866 0.75479 -3.34133
-0.0340215 -0.00491092 0.0165919
105
1
-0.111118 0.762799 -3.36708
-0.0362125 -0.00289159 0.0102939
106
1
-0.0373771 0.766792 -3.38019
-0.0373556 -0.000954577 0.00349117
107
1
0.0373771 0.766792 -3.38019
-0.0373556 0.000954577 -0.00349117
108
1
0.111118 0.762799 -3.36708
-0.0362125 0.00289159 -0.0102939
109
1
0.181866 0.75479 -3.34133
-0.0340215 0.00491092 -0.0165919
110
1
0.247906 0.742673 -3.30402
-0.0309642 0.0070633 -0.0221621
111
1
0.307987 0.726357 -3.2567
-0.0272983 0.00927804 -0.0268745
112
1
0.361218 0.705998 -3.20098
-0.0234131 0.0114702 -0.0305645
113
1
0.407789 0.681652 -3.1393
-0.0197645 0.0133091 -0.0333063
114
1
0.447874 0.653732 -3.0732
-0.0168876 0.0143555 -0.0351293
115
1
0.481592 0.622724 -3.00441
-0.0153076 0.0154772 -0.0358647
116
1
0.509624 0.590208 -2.93499
-0.0128642 0.0165691 -0.0357019
117
1
0.532016 0.557939 -2.86607
-0.00909546 0.0159314 -0.0351164
118
1
0.548187 0.5271 -2.79735
-0.00519541 0.0143758 -0.0350411
119
1
0.558794 0.499117 -2.72813
-0.00111482 0.0129176 -0.0350104
120
1
0.564288 0.475395 -2.65777
0.00133593 0.011656 -0.0351363
121
1
0.564887 0.455914 -2.58643
0.00251341 0.0100391 -0.0353517
122
1
0.561652 0.439643 -2.51466
0.00308546 0.00823673 -0.0356374
123
1
0.556302 0.425881 -2.44257
0.00329768 0.00655793 -0.0359724
124
1
0.550159 0.414282 -2.37008
0.00325132 0.0051367 -0.0363168
125
1
0.544075 0.404696 -2.29706
0.0030453 0.00399595 -0.0366361
126
1
0.538452 0.396934 -2.22349
0.00275875 0.00311123 -0.036915
127
1
0.53341 0.390752 -2.14942
0.00244385 0.00243997 -0.0371534
128
1
0.528952 0.385845 -2.07491
0.00213044 0.00193416 -0.0373578
129
1
0.525045 0.381931 -2.00001
0.00183723 0.00155303 -0.0375349
130
1
0.52165 0.378785 -1.92478
0.00157228 0.00126333 -0.0376898
131
1
0.518721 0.376225 -1.84927
0.0013393 0.00104085 -0.0378263
132
1
0.516206 0.374118 -1.77349
0.00113772 0.000867952 -0.0379469
133
1
0.514055 0.372365 -1.69749
0.000965345 0.00073191 -0.0380536
134
1
0.512219 0.370891 -1.62129
0.000818911 0.000623499 -0.0381482
135
1
0.510655 0.369639 -1.5449
0.000695037 0.000535978 -0.038232
136
1
0.509322 0.368565 -1.46836
0.000590447 0.000464425 -0.0383061
137
1
0.508186 0.367639 -1.39169
0.00050219 0.000405176 -0.0383716
138
1
0.507217 0.366834 -1.31488
0.000427704 0.000355466 -0.0384295
139
1
0.506391 0.366131 -1.23797
0.000364723 0.000313211 -0.0384804
140
1
0.505685 0.365513 -1.16097
0.000311353 0.000276897 -0.0385253
141
1
0.505083 0.36497 -1.08387
0.000265962 0.000245389 -0.0385647
142
1
0.504568 0.36449 -1.00671
0.000227223 0.000217581 -0.0385992
143
1
0.504127 0.364067 -0.929481
0.000194044 0.000192776 -0.0386294
144
1
0.503751 0.363694 -0.852195
0.000165458 0.000170417 -0.0386558
145
1
0.503431 0.363366 -0.77486
0.000140716 0.000150039 -0.0386786
146
1
0.503159 0.363077 -0.697483
0.000119206 0.00013135 -0.0386983
147
1
0.502927 0.362827 -0.620069
0.000100575 0.000114073 -0.0387152
148
1
0.502735 0.362611 -0.542623
8.40883e-005 9.77059e-005 -0.0387296
149
1
0.502575 0.362428 -0.465152
6.92407e-005 8.22204e-005 -0.0387416
150
1
0.502446 0.362277 -0.387658
5.56712e-005 6.73714e-005 -0.0387515
151
1
0.502343 0.362153 -0.310147
4.30105e-005 5.31877e-005 -0.0387593
152
1
0.502264 0.362058 -0.232622
3.13881e-005 3.94614e-005 -0.0387653
153
1
0.502209 0.361991 -0.155087
2.05499e-005 2.61165e-005 -0.0387696
154
1
0.502177 0.361952 -0.0775452
1.0174e-005 1.30079e-005 -0.0387721
155
1
0.502166 0.361938 1.75675e-018
7.58527e-018 2.41768e-017 -0.0387729
156
1
0.502177 0.361952 0.0775452
-1.0174e-005 -1.30079e-005 -0.0387721
157
1
0.502209 0.361991 0.155087
-2.05499e-005 -2.61165e-005 -0.0387696
158
1
0.502264 0.362058 0.232622
-3.13881e-005 -3.94614e-005 -0.0387653
159
1
0.502343 0.362153 0.310147
-4.30105e-005 -5.31877e-005 -0.0387593
160
1
0.502446 0.362277 0.387658
-5.56712e-005 -6.73714e-005 -0.0387515
161
1
0.502575 0.362428 0.465152
-6.92407e-005 -8.22204e-005 -0.0387416
162
1
0.502735 0.362611 0.542623
-8.40883e-005 -9.77059e-005 -0.0387296
163
1
0.502927 0.362827 0.620069
-0.000100575 -0.000114073 -0.0387152
164
1
0.503159 0.363077 0.697483
-0.000119206 -0.00013135 -0.0386983
165
1
0.503431 0.363366 0.77486
-0.000140716 -0.000150039 -0.0386786
166
1
0.503751 0.363694 0.852195
-0.000165458 -0.000170417 -0.0386558
167
1
0.504127 0.364067 0.929481
-0.000194044 -0.000192776 -0.0386294
168
1
0.504568 0.36449 1.00671
-0.000227223 -0.000217581 -0.0385992
169
1
0.505083 0.36497 1.08387
-0.000265962 -0.000245389 -0.0385647
170
1
0.505685 0.365513 1.16097
-0.000311353 -0.000276897 -0.0385253
171
1
0.506391 0.366131 1.23797
-0.000364723 -0.000313211 -0.0384804
172
1
0.507217 0.366834 1.31488
-0.000427704 -0.000355466 -0.0384295
173
1
0.508186 0.367639 1.39169
-0.00050219 -0.000405176 -0.0383716
174
1
0.509322 0.368565 1.46836
-0.000590447 -0.000464425 -0.0383061
175
1
0.510655 0.369639 1.5449
-0.000695037 -0.000535978 -0.038232
176
1
0.512219 0.370891 1.62129
-0.000818911 -0.000623499 -0.0381482
177
1
0.514055 0.372365 1.69749
-0.000965345 -0.00073191 -0.0380536
178
1
0.516206 0.374118 1.77349
-0.00113772 -0.000867952 -0.0379469
179
1
0.518721 0.376225 1.84927
-0.0013393 -0.00104085 -0.0378263
180
1
0.52165 0.378785 1.92478
-0.00157228 -0.00126333 -0.0376898
181
1
0.525045 0.381931 2.00001
-0.00183723 -0.00155303 -0.0375349
182
1
0.528952 0.385845 2.07491
-0.00213044 -0.00193416 -0.0373578
183
1
0.53341 0.390752 2.14942
-0.00244385 -0.00243997 -0.0371534
184
1
0.538452 0.396934 2.22349
-0.00275875 -0.00311123 -0.036915
185
1
0.544075 0.404696 2.29706
-0.0030453 -0.00399595 -0.0366361
186
1
0.550159 0.414282 2.37008
-0.00325132 -0.0051367 -0.0363168
187
1
0.556302 0.425881 2.44257
-0.00329768 -0.00655793 -0.0359724
188
1
0.561652 0.439643 2.51466
-0.00308546 -0.00823673 -0.0356374
189
1
0.564887 0.455914 2.58643
-0.00251341 -0.0100391 -0.0353517
190
1
0.564288 0.475395 2.65777
-0.00133593 -0.011656 -0.0351363
191
1
0.558794 0.499117 2.72813
0.00111482 -0.0129176 -0.0350104
192
1
0.548187 0.5271 2.79735
0.00519541 -0.0143758 -0.0350411
193
1
0.532016 0.557939 2.86607
0.00909546 -0.0159314 -0.0351164
