194
0
1
0.946177 3.66221 0.719528
0.0317682 -0.0296292 -0.0181606
1
1
0.878961 3.71725 0.754861
0.0363904 -0.0266489 -0.0196119
2
1
0.802048 3.76752 0.792478
0.0408133 -0.0236983 -0.019642
3
1
0.71568 3.81177 0.830199
0.0456891 -0.0204775 -0.0192924
4
1
0.620818 3.85019 0.866011
0.0490286 -0.017575 -0.0174843
5
1
0.518422 3.88287 0.897684
0.052444 -0.0145996 -0.0144945
6
1
0.409717 3.91002 0.923721
0.0554936 -0.0122138 -0.0118385
7
1
0.296078 3.93109 0.944148
0.0576854 -0.00899554 -0.00911454
8
1
0.178994 3.94501 0.959122
0.0590951 -0.00503806 -0.0061427
9
1
0.0598772 3.95159 0.967075
0.059846 -0.00173978 -0.00207559
10
1
-0.0598772 3.95159 0.967075
0.059846 0.00173978 0.00207559
11
1
-0.178994 3.94501 0.959122
0.0590951 0.00503806 0.0061427
12
1
-0.296078 3.93109 0.944148
0.0576854 0.00899554 0.00911454
13
1
-0.409717 3.91002 0.923721
0.0554936 0.0122138 0.0118385
14
1
-0.518422 3.88287 0.897684
0.052444 0.0145996 0.0144945
15
1
-0.620818 3.85019 0.866011
0.0490286 0.017575 0.0174843
16
1
-0.71568 3.81177 0.830199
0.0456891 0.0204775 0.0192924
17
1
-0.802048 3.76752 0.792478
0.0408133 0.0236983 0.019642
18
1
-0.878961 3.71725 0.754861
0.0363904 0.0266489 0.0196119
19
1
-0.946177 3.66221 0.719528
0.0317682 0.0296292 0.0181606
20
1
-1.00383 3.60425 0.687883
0.0262195 0.0304034 0.0156844
21
1
-1.05353 3.54497 0.660605
0.022151 0.0302426 0.0134253
22
1
-1.09668 3.48572 0.638377
0.0188983 0.0300584 0.0101344
23
1
-1.13518 3.42684 0.6218
0.0163892 0.0292552 0.00732933
24
1
-1.17038 3.36944 0.611551
0.0154737 0.0283435 0.00365457
25
1
-1.2039 3.31416 0.607941
0.015279 0.0271679 -0.000123303
26
1
-1.23703 3.26173 0.610242
0.0147526 0.0253527 -0.00310741
27
1
-1.27017 3.21232 0.617277
0.0153344 0.0234862 -0.00564882
28
1
-1.30436 3.16596 0.628457
0.016934 0.0219477 -0.00779293
29
1
-1.34041 3.12262 0.6421
0.017853 0.0202809 -0.0088906
30
1
-1.37832 3.0818 0.65652
0.0187748 0.018723 -0.00897143
31
1
-1.41835 3.0432 0.670667
0.0205277 0.0176721 -0.00832998
32
1
-1.46083 3.00688 0.683479
0.0219799 0.0169542 -0.00728654
33
1
-1.50565 2.97281 0.693768
0.0227391 0.0163355 -0.00595303
34
1
-1.55226 2.94065 0.70081
0.0234517 0.0157685 -0.00405775
35
1
-1.60015 2.91037 0.704688
0.023836 0.0149239 -0.00176831
36
1
-1.64904 2.88206 0.705522
0.0236768 0.0137486 0.00022904
37
1
-1.69892 2.85527 0.703128
0.0240972 0.0129135 0.00208691
38
1
-1.74971 2.82859 0.697477
0.0254237 0.0130268 0.00412018
39
1
-1.80097 2.80101 0.689054
0.0261824 0.0138638 0.00547297
40
1
-1.8518 2.77283 0.678807
0.0258105 0.014363 0.00569477
41
1
-1.90166 2.74528 0.66703
0.0251578 0.0138249 0.00579401
42
1
-1.95047 2.71893 0.653757
0.0246633 0.0127586 0.00649835
43
1
-1.99855 2.694 0.638236
0.0243799 0.0120845 0.00766547
44
1
-2.04628 2.66986 0.620106
0.0243398 0.0119723 0.00910075
45
1
-2.09395 2.64667 0.598685
0.0245543 0.0117052 0.0108171
46
1
-2.14092 2.62527 0.573064
0.0244104 0.0106708 0.0130597
47
1
-2.18588 2.60659 0.542558
0.0232468 0.00903514 0.0160401
48
1
-2.22762 2.59086 0.506906
0.0212487 0.00705383 0.0194758
49
1
-2.2656 2.57778 0.466513
0.0190892 0.00492069 0.0226504
50
1
-2.29971 2.56708 0.422196
0.0170494 0.00307281 0.0246116
51
1
-2.33024 2.55884 0.374776
0.0151747 0.00186884 0.0257858
52
1
-2.35745 2.55275 0.324652
0.013416 0.00124661 0.0267197
53
1
-2.38071 2.54871 0.272233
0.0117365 0.000917898 0.0274446
54
1
-2.39977 2.54665 0.218383
0.00992705 0.000757815 0.0278766
55
1
-2.41446 2.54617 0.16384
0.0076735 0.000705174 0.028085
56
1
-2.42491 2.5465 0.109178
0.00498417 0.000575914 0.028004
57
1
-2.43108 2.54694 0.0545495
0.00233562 0.000274549 0.0276421
58
1
-2.43318 2.54725 -1.34584e-015
-6.25808e-017 -5.04721e-016 0.027419
59
1
-2.43108 2.54694 -0.0545495
-0.00233562 -0.000274549 0.0276421
60
1
-2.42491 2.5465 -0.109178
-0.00498417 -0.000575914 0.028004
61
1
-2.41446 2.54617 -0.16384
-0.0076735 -0.000705174 0.028085
62
1
-2.39977 2.54665 -0.218383
-0.00992705 -0.000757815 0.0278766
63
1
-2.38071 2.54871 -0.272233
-0.0117365 -0.000917898 0.0274446
64
1
-2.35745 2.55275 -0.324652
-0.013416 -0.00124661 0.0267197
65
1
-2.33024 2.55884 -0.374776
-0.0151747 -0.00186884 0.0257858
66
1
-2.29971 2.56708 -0.422196
-0.0170494 -0.00307281 0.0246116
67
1
-2.2656 2.57778 -0.466513
-0.0190892 -0.00492069 0.0226504
68
1
-2.22762 2.59086 -0.506906
-0.0212487 -0.00705383 0.0194758
69
1
-2.18588 2.60659 -0.542558
-0.0232468 -0.00903514 0.0160401
70
1
-2.14092 2.62527 -0.573064
-0.0244104 -0.0106708 0.0130597
71
1
-2.09395 2.64667 -0.598685
-0.0245543 -0.0117052 0.0108171
72
1
-2.04628 2.66986 -0.620106
-0.0243398 -0.0119723 0.00910075
73
1
-1.99855 2.694 -0.638236
-0.0243799 -0.0120845 0.00766547
74
1
-1.95047 2.71893 -0.653757
-0.0246633 -0.0127586 0.00649835
75
1
-1.90166 2.74528 -0.66703
-0.0251578 -0.0138249 0.00579401
76
1
-1.8518 2.77283 -0.678807
-0.0258105 -0.014363 0.00569477
77
1
-1.80097 2.80101 -0.689054
-0.0261824 -0.0138638 0.00547297
78
1
-1.74971 2.82859 -0.697477
-0.0254237 -0.0130268 0.00412018
79
1
-1.69892 2.85527 -0.703128
-0.0240972 -0.0129135 0.00208691
80
1
-1.64904 2.88206 -0.705522
-0.0236768 -0.0137486 0.00022904
81
1
-1.60015 2.91037 -0.704688
-0.023836 -0.0149239 -0.00176831
82
1
-1.55226 2.94065 -0.70081
-0.0234517 -0.0157685 -0.00405775
83
1
-1.50565 2.97281 -0.693768
-0.0227391 -0.0163355 -0.00595303
84
1
-1.46083 3.00688 -0.683479
-0.0219799 -0.0169542 -0.00728654
85
1
-1.41835 3.0432 -0.670667
-0.0205277 -0.0176721 -0.00832998
86
1
-1.37832 3.0818 -0.65652
-0.0187748 -0.018723 -0.00897143
87
1
-1.34041 3.12262 -0.6421
-0.017853 -0.0202809 -0.0088906
88
1
-1.30436 3.16596 -0.628457
-0.016934 -0.0219477 -0.00779293
89
1
-1.27017 3.21232 -0.617277
-0.0153344 -0.0234862 -0.00564882
90
1
-1.23703 3.26173 -0.610242
-0.0147526 -0.0253527 -0.00310741
91
1
-1.2039 3.31416 -0.607941
-0.015279 -0.0271679 -0.000123303
92
1
-1.17038 3.36944 -0.611551
-0.0154737 -0.0283435 0.00365457
93
1
-1.13518 3.42684 -0.6218
-0.0163892 -0.0292552 0.00732933
94
1
-1.09668 3.48572 -0.638377
-0.0188983 -0.0300584 0.0101344
95
1
-1.05353 3.54497 -0.660605
-0.022151 -0.0302426 0.0134253
96
1
-1.00383 3.60425 -0.687883
-0.0262195 -0.0304034 0.0156844
97
1
-0.946177 3.66221 -0.719528
-0.0317682 -0.0296292 0.0181606
98
1
-0.878961 3.71725 -0.754861
-0.0363904 -0.0266489 0.0196119
99
1
-0.802048 3.76752 -0.792478
-0.0408133 -0.0236983 0.019642
100
1
-0.71568 3.81177 -0.830199
-0.0456891 -0.0204775 0.0192924
101
1
-0.620818 3.85019 -0.866011
-0.0490286 -0.017575 0.0174843
102
1
-0.518422 3.88287 -0.897684
-0.052444 -0.0145996 0.0144945
103
1
-0.409717 3.91002 -0.923721
-0.0554936 -0.0122138 0.0118385
104
1
-0.296078 3.93109 -0.944148
-0.0576854 -0.00899554 0.00911454
105
1
-0.178994 3.94501 -0.959122
-0.0590951 -0.00503806 0.0061427
106
1
-0.0598772 3.95159 -0.967075
-0.059846 -0.00173978 0.00207559
107
1
0.0598772 3.95159 -0.967075
-0.059846 0.00173978 -0.00207559
108
1
0.178994 3.94501 -0.959122
-0.0590951 0.00503806 -0.0061427
109
1
0.296078 3.93109 -0.944148
-0.0576854 0.00899554 -0.00911454
110
1
0.409717 3.91002 -0.923721
-0.0554936 0.0122138 -0.0118385
111
1
0.518422 3.88287 -0.897684
-0.052444 0.0145996 -0.0144945
112
1
0.620818 3.85019 -0.866011
-0.0490286 0.017575 -0.0174843
113
1
0.71568 3.81177 -0.830199
-0.0456891 0.0204775 -0.0192924
114
1
0.802048 3.76752 -0.792478
-0.0408133 0.0236983 -0.019642
115
1
0.878961 3.71725 -0.754861
-0.0363904 0.0266489 -0.0196119
116
1
0.946177 3.66221 -0.719528
-0.0317682 0.0296292 -0.0181606
117
1
1.00383 3.60425 -0.687883
-0.0262195 0.0304034 -0.0156844
118
1
1.05353 3.54497 -0.660605
-0.022151 0.0302426 -0.0134253
119
1
1.09668 3.48572 -0.638377
-0.0188983 0.0300584 -0.0101344
120
1
1.13518 3.42684 -0.6218
-0.0163892 0.0292552 -0.00732933
121
1
1.17038 3.36944 -0.611551
-0.0154737 0.0283435 -0.00365457
122
1
1.2039 3.31416 -0.607941
-0.015279 0.0271679 0.000123303
123
1
1.23703 3.26173 -0.610242
-0.0147526 0.0253527 0.00310741
124
1
1.27017 3.21232 -0.617277
-0.0153344 0.0234862 0.00564882
125
1
1.30436 3.16596 -0.628457
-0.016934 0.0219477 0.00779293
126
1
1.34041 3.12262 -0.6421
-0.017853 0.0202809 0.0088906
127
1
1.37832 3.0818 -0.65652
-0.0187748 0.018723 0.00897143
128
1
1.41835 3.0432 -0.670667
-0.0205277 0.0176721 0.00832998
129
1
1.46083 3.00688 -0.683479
-0.0219799 0.0169542 0.00728654
130
1
1.50565 2.97281 -0.693768
-0.0227391 0.0163355 0.00595303
131
1
1.55226 2.94065 -0.70081
-0.0234517 0.0157685 0.00405775
132
1
1.60015 2.91037 -0.704688
-0.023836 0.0149239 0.00176831
133
1
1.64904 2.88206 -0.705522
-0.0236768 0.0137486 -0.00022904
134
1
1.69892 2.85527 -0.703128
-0.0240972 0.0129135 -0.00208691
135
1
1.74971 2.82859 -0.697477
-0.0254237 0.0130268 -0.00412018
136
1
1.80097 2.80101 -0.689054
-0.0261824 0.0138638 -0.00547297
137
1
1.8518 2.77283 -0.678807
-0.0258105 0.014363 -0.00569477
138
1
1.90166 2.74528 -0.66703
-0.0251578 0.0138249 -0.00579401
139
1
1.95047 2.71893 -0.653757
-0.0246633 0.0127586 -0.00649835
140
1
1.99855 2.694 -0.638236
-0.0243799 0.0120845 -0.00766547
141
1
2.04628 2.66986 -0.620106
-0.0243398 0.0119723 -0.00910075
142
1
2.09395 2.64667 -0.598685
-0.0245543 0.0117052 -0.0108171
143
1
2.14092 2.62527 -0.573064
-0.0244104 0.0106708 -0.0130597
144
1
2.18588 2.60659 -0.542558
-0.0232468 0.00903514 -0.0160401
145
1
2.22762 2.59086 -0.506906
-0.0212487 0.00705383 -0.0194758
146
1
2.2656 2.57778 -0.466513
-0.0190892 0.00492069 -0.0226504
147
1
2.29971 2.56708 -0.422196
-0.0170494 0.00307281 -0.0246116
148
1
2.33024 2.55884 -0.374776
-0.0151747 0.00186884 -0.0257858
149
1
2.35745 2.55275 -0.324652
-0.013416 0.00124661 -0.0267197
150
1
2.38071 2.54871 -0.272233
-0.0117365 0.000917898 -0.0274446
151
1
2.39977 2.54665 -0.218383
-0.00992705 0.000757815 -0.0278766
152
1
2.41446 2.54617 -0.16384
-0.0076735 0.000705174 -0.028085
153
1
2.42491 2.5465 -0.109178
-0.00498417 0.000575914 -0.028004
154
1
2.43108 2.54694 -0.0545495
-0.00233562 0.000274549 -0.0276421
155
1
2.43318 2.54725 -3.82655e-015
-2.2703e-016 -9.41503e-017 -0.027419
156
1
2.43108 2.54694 0.0545495
0.00233562 -0.000274549 -0.0276421
157
1
2.42491 2.5465 0.109178
0.00498417 -0.000575914 -0.028004
158
1
2.41446 2.54617 0.16384
0.0076735 -0.000705174 -0.028085
159
1
2.39977 2.54665 0.218383
0.00992705 -0.000757815 -0.0278766
160
1
2.38071 2.54871 0.272233
0.0117365 -0.000917898 -0.0274446
161
1
2.35745 2.55275 0.324652
0.013416 -0.00124661 -0.0267197
162
1
2.33024 2.55884 0.374776
0.0151747 -0.00186884 -0.0257858
163
1
2.29971 2.56708 0.422196
0.0170494 -0.00307281 -0.0246116
164
1
2.2656 2.57778 0.466513
0.0190892 -0.00492069 -0.0226504
165
1
2.22762 2.59086 0.506906
0.0212487 -0.00705383 -0.0194758
166
1
2.18588 2.60659 0.542558
0.0232468 -0.00903514 -0.0160401
167
1
2.14092 2.62527 0.573064
0.0244104 -0.0106708 -0.0130597
168
1
2.09395 2.64667 0.598685
0.0245543 -0.0117052 -0.0108171
169
1
2.04628 2.66986 0.620106
0.0243398 -0.0119723 -0.00910075
170
1
1.99855 2.694 0.638236
0.0243799 -0.0120845 -0.00766547
171
1
1.95047 2.71893 0.653757
0.0246633 -0.0127586 -0.00649835
172
1
1.90166 2.74528 0.66703
0.0251578 -0.0138249 -0.00579401
173
1
1.8518 2.77283 0.678807
0.0258105 -0.014363 -0.00569477
174
1
1.80097 2.80101 0.689054
0.0261824 -0.0138638 -0.00547297
175
1
1.74971 2.82859 0.697477
0.0254237 -0.0130268 -0.00412018
176
1
1.69892 2.85527 0.703128
0.0240972 -0.0129135 -0.00208691
177
1
1.64904 2.88206 0.705522
0.0236768 -0.0137486 -0.00022904
178
1
1.60015 2.91037 0.704688
0.023836 -0.0149239 0.00176831
179
1
1.55226 2.94065 0.70081
0.0234517 -0.0157685 0.00405775
180
1
1.50565 2.97281 0.693768
0.0227391 -0.0163355 0.00595303
181
1
1.46083 3.00688 0.683479
0.0219799 -0.0169542 0.00728654
182
1
1.41835 3.0432 0.670667
0.0205277 -0.0176721 0.00832998
183
1
1.37832 3.0818 0.65652
0.0187748 -0.018723 0.00897143
184
1
1.34041 3.12262 0.6421
0.017853 -0.0202809 0.0088906
185
1
1.30436 3.16596 0.628457
0.016934 -0.0219477 0.00779293
186
1
1.27017 3.21232 0.617277
0.0153344 -0.0234862 0.00564882
187
1
1.23703 3.26173 0.610242
0.0147526 -0.0253527 0.00310741
188
1
1.2039 3.31416 0.607941
0.015279 -0.0271679 0.000123303
189
1
1.17038 3.36944 0.611551
0.0154737 -0.0283435 -0.00365457
190
1
1.13518 3.42684 0.6218
0.0163892 -0.0292552 -0.00732933
191
1
1.09668 3.48572 0.638377
0.0188983 -0.0300584 -0.0101344
192
1
1.05353 3.54497 0.660605
0.022151 -0.0302426 -0.0134253
193
1
1.00383 3.60425 0.687883
0.0262195 -0.0304034 -0.0156844
