194
0
1
0.765594 1.81375 2.18988
0.0266039 -0.0237784 -0.0204262
1
1
0.711959 1.86049 2.22897
0.0300133 -0.0232038 -0.0193063
2
1
0.650379 1.9059 2.26593
0.0329819 -0.0224296 -0.0174435
3
1
0.58153 1.94871 2.29982
0.036664 -0.0207262 -0.0159461
4
1
0.505747 1.98705 2.33086
0.0395942 -0.0177471 -0.0138969
5
1
0.423526 2.01978 2.35851
0.0425829 -0.013777 -0.0126045
6
1
0.33554 2.04593 2.38226
0.0451912 -0.0103824 -0.0115034
7
1
0.242941 2.06531 2.40124
0.0470607 -0.00755494 -0.00895048
8
1
0.147098 2.07847 2.41438
0.0484946 -0.00440845 -0.00543334
9
1
0.0492648 2.08527 2.42101
0.0493106 -0.00137434 -0.00181211
10
1
-0.0492648 2.08527 2.42101
0.0493106 0.00137434 0.00181211
11
1
-0.147098 2.07847 2.41438
0.0484946 0.00440845 0.00543334
12
1
-0.242941 2.06531 2.40124
0.0470607 0.00755494 0.00895048
13
1
-0.33554 2.04593 2.38226
0.0451912 0.0103824 0.0115034
14
1
-0.423526 2.01978 2.35851
0.0425829 0.013777 0.0126045
15
1
-0.505747 1.98705 2.33086
0.0395942 0.0177471 0.0138969
16
1
-0.58153 1.94871 2.29982
0.036664 0.0207262 0.0159461
17
1
-0.650379 1.9059 2.26593
0.0329819 0.0224296 0.0174435
18
1
-0.711959 1.86049 2.22897
0.0300133 0.0232038 0.0193063
19
1
-0.765594 1.81375 2.18988
0.0266039 0.0237784 0.0204262
20
1
-0.810563 1.76631 2.14977
0.0214806 0.0238294 0.0202654
21
1
-0.847029 1.7187 2.10909
0.0169605 0.0237645 0.0203558
22
1
-0.87524 1.67095 2.06809
0.0122744 0.0237901 0.0203085
23
1
-0.89669 1.62332 2.02688
0.00826182 0.0236912 0.0206505
24
1
-0.91268 1.57692 1.98451
0.00514022 0.02299 0.021463
25
1
-0.923737 1.53247 1.9402
0.0032033 0.0217885 0.022617
26
1
-0.930951 1.49025 1.89386
0.00138305 0.0201372 0.0240385
27
1
-0.934794 1.4509 1.8451
-0.000595708 0.0187255 0.0251917
28
1
-0.935055 1.41408 1.79435
-0.00205234 0.0180035 0.0257131
29
1
-0.932165 1.37893 1.74251
-0.0028797 0.0175774 0.0259355
30
1
-0.926988 1.34513 1.69004
-0.00361573 0.0170599 0.0261313
31
1
-0.919666 1.31318 1.63693
-0.00466659 0.0164411 0.0262109
32
1
-0.909233 1.28356 1.58337
-0.00606271 0.0157793 0.0260835
33
1
-0.894682 1.25616 1.53009
-0.00764179 0.0149458 0.0258383
34
1
-0.875846 1.23054 1.47781
-0.00929376 0.0137431 0.0256006
35
1
-0.853548 1.20643 1.42675
-0.0109761 0.0121043 0.02545
36
1
-0.829055 1.18419 1.37622
-0.0125944 0.0101437 0.0254317
37
1
-0.803301 1.16482 1.32524
-0.0139479 0.00802703 0.0255722
38
1
-0.776701 1.14948 1.27314
-0.0148446 0.00586237 0.0258591
39
1
-0.749392 1.13883 1.21992
-0.0152053 0.00373 0.0262529
40
1
-0.721612 1.13276 1.1658
-0.0150474 0.00170882 0.0267409
41
1
-0.693896 1.13064 1.11089
-0.0144462 -0.000125017 0.0273295
42
1
-0.666972 1.13169 1.05501
-0.013506 -0.00170638 0.0280111
43
1
-0.641595 1.13524 0.99791
-0.012334 -0.00298602 0.028755
44
1
-0.618347 1.14076 0.939379
-0.0110243 -0.00393851 0.0295235
45
1
-0.597575 1.14781 0.879343
-0.00965585 -0.00456704 0.0302869
46
1
-0.5794 1.15593 0.817827
-0.00829295 -0.00489881 0.0310262
47
1
-0.56378 1.16469 0.754902
-0.00698753 -0.00497658 0.0317296
48
1
-0.550567 1.17365 0.690659
-0.00577907 -0.00484985 0.0323886
49
1
-0.539566 1.18242 0.625188
-0.00469428 -0.00456831 0.0329952
50
1
-0.530559 1.1907 0.558592
-0.00374655 -0.00417652 0.0335426
51
1
-0.523308 1.19827 0.490984
-0.002938 -0.00371193 0.0340264
52
1
-0.517581 1.20497 0.422485
-0.00226073 -0.0032035 0.0344442
53
1
-0.513152 1.2107 0.353224
-0.00170124 -0.00267284 0.0347953
54
1
-0.509823 1.21542 0.28333
-0.001241 -0.00213363 0.0350802
55
1
-0.507418 1.2191 0.212933
-0.000861132 -0.00159457 0.0353
56
1
-0.5058 1.22173 0.142162
-0.000540483 -0.00105901 0.035456
57
1
-0.504868 1.2233 0.071143
-0.00026016 -0.000528096 0.0355491
58
1
-0.504567 1.22383 -1.47289e-016
-6.98965e-017 -6.843e-017 0.03558
59
1
-0.504868 1.2233 -0.071143
0.00026016 0.000528096 0.0355491
60
1
-0.5058 1.22173 -0.142162
0.000540483 0.00105901 0.035456
61
1
-0.507418 1.2191 -0.212933
0.000861132 0.00159457 0.0353
62
1
-0.509823 1.21542 -0.28333
0.001241 0.00213363 0.0350802
63
1
-0.513152 1.2107 -0.353224
0.00170124 0.00267284 0.0347953
64
1
-0.517581 1.20497 -0.422485
0.00226073 0.0032035 0.0344442
65
1
-0.523308 1.19827 -0.490984
0.002938 0.00371193 0.0340264
66
1
-0.530559 1.1907 -0.558592
0.00374655 0.00417652 0.0335426
67
1
-0.539566 1.18242 -0.625188
0.00469428 0.00456831 0.0329952
68
1
-0.550567 1.17365 -0.690659
0.00577907 0.00484985 0.0323886
69
1
-0.56378 1.16469 -0.754902
0.00698753 0.00497658 0.0317296
70
1
-0.5794 1.15593 -0.817827
0.00829295 0.00489881 0.0310262
71
1
-0.597575 1.14781 -0.879343
0.00965585 0.00456704 0.0302869
72
1
-0.618347 1.14076 -0.939379
0.0110243 0.00393851 0.0295235
73
1
-0.641595 1.13524 -0.99791
0.012334 0.00298602 0.028755
74
1
-0.666972 1.13169 -1.05501
0.013506 0.00170638 0.0280111
75
1
-0.693896 1.13064 -1.11089
0.0144462 0.000125017 0.0273295
76
1
-0.721612 1.13276 -1.1658
0.0150474 -0.00170882 0.0267409
77
1
-0.749392 1.13883 -1.21992
0.0152053 -0.00373 0.0262529
78
1
-0.776701 1.14948 -1.27314
0.0148446 -0.00586237 0.0258591
79
1
-0.803301 1.16482 -1.32524
0.0139479 -0.00802703 0.0255722
80
1
-0.829055 1.18419 -1.37622
0.0125944 -0.0101437 0.0254317
81
1
-0.853548 1.20643 -1.42675
0.0109761 -0.0121043 0.02545
82
1
-0.875846 1.23054 -1.47781
0.00929376 -0.0137431 0.0256006
83
1
-0.894682 1.25616 -1.53009
0.00764179 -0.0149458 0.0258383
84
1
-0.909233 1.28356 -1.58337
0.00606271 -0.0157793 0.0260835
85
1
-0.919666 1.31318 -1.63693
0.00466659 -0.0164411 0.0262109
86
1
-0.926988 1.34513 -1.69004
0.00361573 -0.0170599 0.0261313
87
1
-0.932165 1.37893 -1.74251
0.0028797 -0.0175774 0.0259355
88
1
-0.935055 1.41408 -1.79435
0.00205234 -0.0180035 0.0257131
89
1
-0.934794 1.4509 -1.8451
0.000595708 -0.0187255 0.0251917
90
1
-0.930951 1.49025 -1.89386
-0.00138305 -0.0201372 0.0240385
91
1
-0.923737 1.53247 -1.9402
-0.0032033 -0.0217885 0.022617
92
1
-0.91268 1.57692 -1.98451
-0.00514022 -0.02299 0.021463
93
1
-0.89669 1.62332 -2.02688
-0.00826182 -0.0236912 0.0206505
94
1
-0.87524 1.67095 -2.06809
-0.0122744 -0.0237901 0.0203085
95
1
-0.847029 1.7187 -2.10909
-0.0169605 -0.0237645 0.0203558
96
1
-0.810563 1.76631 -2.14977
-0.0214806 -0.0238294 0.0202654
97
1
-0.765594 1.81375 -2.18988
-0.0266039 -0.0237784 0.0204262
98
1
-0.711959 1.86049 -2.22897
-0.0300133 -0.0232038 0.0193063
99
1
-0.650379 1.9059 -2.26593
-0.0329819 -0.0224296 0.0174435
100
1
-0.58153 1.94871 -2.29982
-0.036664 -0.0207262 0.0159461
101
1
-0.505747 1.98705 -2.33086
-0.0395942 -0.0177471 0.0138969
102
1
-0.423526 2.01978 -2.35851
-0.0425829 -0.013777 0.0126045
103
1
-0.33554 2.04593 -2.38226
-0.0451912 -0.0103824 0.0115034
104
1
-0.242941 2.06531 -2.40124
-0.0470607 -0.00755494 0.00895048
105
1
-0.147098 2.07847 -2.41438
-0.0484946 -0.00440845 0.00543334
106
1
-0.0492648 2.08527 -2.42101
-0.0493106 -0.00137434 0.00181211
107
1
0.0492648 2.08527 -2.42101
-0.0493106 0.00137434 -0.00181211
108
1
0.147098 2.07847 -2.41438
-0.0484946 0.00440845 -0.00543334
109
1
0.242941 2.06531 -2.40124
-0.0470607 0.00755494 -0.00895048
110
1
0.33554 2.04593 -2.38226
-0.0451912 0.0103824 -0.0115034
111
1
0.423526 2.01978 -2.35851
-0.0425829 0.013777 -0.0126045
112
1
0.505747 1.98705 -2.33086
-0.0395942 0.0177471 -0.0138969
113
1
0.58153 1.94871 -2.29982
-0.036664 0.0207262 -0.0159461
114
1
0.650379 1.9059 -2.26593
-0.0329819 0.0224296 -0.0174435
115
1
0.711959 1.86049 -2.22897
-0.0300133 0.0232038 -0.0193063
116
1
0.765594 1.81375 -2.18988
-0.0266039 0.0237784 -0.0204262
117
1
0.810563 1.76631 -2.14977
-0.0214806 0.0238294 -0.0202654
118
1
0.847029 1.7187 -2.10909
-0.0169605 0.0237645 -0.0203558
119
1
0.87524 1.67095 -2.06809
-0.0122744 0.0237901 -0.0203085
120
1
0.89669 1.62332 -2.02688
-0.00826182 0.0236912 -0.0206505
121
1
0.91268 1.57692 -1.98451
-0.00514022 0.02299 -0.021463
122
1
0.923737 1.53247 -1.9402
-0.0032033 0.0217885 -0.022617
123
1
0.930951 1.49025 -1.89386
-0.00138305 0.0201372 -0.0240385
124
1
0.934794 1.4509 -1.8451
0.000595708 0.0187255 -0.0251917
125
1
0.935055 1.41408 -1.79435
0.00205234 0.0180035 -0.0257131
126
1
0.932165 1.37893 -1.74251
0.0028797 0.0175774 -0.0259355
127
1
0.926988 1.34513 -1.69004
0.00361573 0.0170599 -0.0261313
128
1
0.919666 1.31318 -1.63693
0.00466659 0.0164411 -0.0262109
129
1
0.909233 1.28356 -1.58337
0.00606271 0.0157793 -0.0260835
130
1
0.894682 1.25616 -1.53009
0.00764179 0.0149458 -0.0258383
131
1
0.875846 1.23054 -1.47781
0.00929376 0.0137431 -0.0256006
132
1
0.853548 1.20643 -1.42675
0.0109761 0.0121043 -0.02545
133
1
0.829055 1.18419 -1.37622
0.0125944 0.0101437 -0.0254317
134
1
0.803301 1.16482 -1.32524
0.0139479 0.00802703 -0.0255722
135
1
0.776701 1.14948 -1.27314
0.0148446 0.00586237 -0.0258591
136
1
0.749392 1.13883 -1.21992
0.0152053 0.00373 -0.0262529
137
1
0.721612 1.13276 -1.1658
0.0150474 0.00170882 -0.0267409
138
1
0.693896 1.13064 -1.11089
0.0144462 -0.000125017 -0.0273295
139
1
0.666972 1.13169 -1.05501
0.013506 -0.00170638 -0.0280111
140
1
0.641595 1.13524 -0.99791
0.012334 -0.00298602 -0.028755
141
1
0.618347 1.14076 -0.939379
0.0110243 -0.00393851 -0.0295235
142
1
0.597575 1.14781 -0.879343
0.00965585 -0.00456704 -0.0302869
143
1
0.5794 1.15593 -0.817827
0.00829295 -0.00489881 -0.0310262
144
1
0.56378 1.16469 -0.754902
0.00698753 -0.00497658 -0.0317296
145
1
0.550567 1.17365 -0.690659
0.00577907 -0.00484985 -0.0323886
146
1
0.539566 1.18242 -0.625188
0.00469428 -0.00456831 -0.0329952
147
1
0.530559 1.1907 -0.558592
0.00374655 -0.00417652 -0.0335426
148
1
0.523308 1.19827 -0.490984
0.002938 -0.00371193 -0.0340264
149
1
0.517581 1.20497 -0.422485
0.00226073 -0.0032035 -0.0344442
150
1
0.513152 1.2107 -0.353224
0.00170124 -0.00267284 -0.0347953
151
1
0.509823 1.21542 -0.28333
0.001241 -0.00213363 -0.0350802
152
1
0.507418 1.2191 -0.212933
0.000861132 -0.00159457 -0.0353
153
1
0.5058 1.22173 -0.142162
0.000540483 -0.00105901 -0.035456
154
1
0.504868 1.2233 -0.071143
0.00026016 -0.000528096 -0.0355491
155
1
0.504567 1.22383 -6.68249e-017
-7.07252e-017 -1.49874e-017 -0.03558
156
1
0.504868 1.2233 0.071143
-0.00026016 0.000528096 -0.0355491
157
1
0.5058 1.22173 0.142162
-0.000540483 0.00105901 -0.035456
158
1
0.507418 1.2191 0.212933
-0.000861132 0.00159457 -0.0353
159
1
0.509823 1.21542 0.28333
-0.001241 0.00213363 -0.0350802
160
1
0.513152 1.2107 0.353224
-0.00170124 0.00267284 -0.0347953
161
1
0.517581 1.20497 0.422485
-0.00226073 0.0032035 -0.0344442
162
1
0.523308 1.19827 0.490984
-0.002938 0.00371193 -0.0340264
163
1
0.530559 1.1907 0.558592
-0.00374655 0.00417652 -0.0335426
164
1
0.539566 1.18242 0.625188
-0.00469428 0.00456831 -0.0329952
165
1
0.550567 1.17365 0.690659
-0.00577907 0.00484985 -0.0323886
166
1
0.56378 1.16469 0.754902
-0.00698753 0.00497658 -0.0317296
167
1
0.5794 1.15593 0.817827
-0.00829295 0.00489881 -0.0310262
168
1
0.597575 1.14781 0.879343
-0.00965585 0.00456704 -0.0302869
169
1
0.618347 1.14076 0.939379
-0.0110243 0.00393851 -0.0295235
170
1
0.641595 1.13524 0.99791
-0.012334 0.00298602 -0.028755
171
1
0.666972 1.13169 1.05501
-0.013506 0.00170638 -0.0280111
172
1
0.693896 1.13064 1.11089
-0.0144462 0.000125017 -0.0273295
173
1
0.721612 1.13276 1.1658
-0.0150474 -0.00170882 -0.0267409
174
1
0.749392 1.13883 1.21992
-0.0152053 -0.00373 -0.0262529
175
1
0.776701 1.14948 1.27314
-0.0148446 -0.00586237 -0.0258591
176
1
0.803301 1.16482 1.32524
-0.0139479 -0.00802703 -0.0255722
177
1
0.829055 1.18419 1.37622
-0.0125944 -0.0101437 -0.0254317
178
1
0.853548 1.20643 1.42675
-0.0109761 -0.0121043 -0.02545
179
1
0.875846 1.23054 1.47781
-0.00929376 -0.0137431 -0.0256006
180
1
0.894682 1.25616 1.53009
-0.00764179 -0.0149458 -0.0258383
181
1
0.909233 1.28356 1.58337
-0.00606271 -0.0157793 -0.0260835
182
1
0.919666 1.31318 1.63693
-0.00466659 -0.0164411 -0.0262109
183
1
0.926988 1.34513 1.69004
-0.00361573 -0.0170599 -0.0261313
184
1
0.932165 1.37893 1.74251
-0.0028797 -0.0175774 -0.0259355
185
1
0.935055 1.41408 1.79435
-0.00205234 -0.0180035 -0.0257131
186
1
0.934794 1.4509 1.8451
-0.000595708 -0.0187255 -0.0251917
187
1
0.930951 1.49025 1.89386
0.00138305 -0.0201372 -0.0240385
188
1
0.923737 1.53247 1.9402
0.0032033 -0.0217885 -0.022617
189
1
0.91268 1.57692 1.98451
0.00514022 -0.02299 -0.021463
190
1
0.89669 1.62332 2.02688
0.00826182 -0.0236912 -0.0206505
191
1
0.87524 1.67095 2.06809
0.0122744 -0.0237901 -0.0203085
192
1
0.847029 1.7187 2.10909
0.0169605 -0.0237645 -0.0203558
193
1
0.810563 1.76631 2.14977
0.0214806 -0.0238294 -0.0202654
