194
0
1
1.22385 8.57411 0.669668
0.0556283 0.0146163 0.00426005
1
1
1.11573 8.54574 0.657665
0.0544661 0.015791 0.00913513
2
1
1.00302 8.51203 0.632179
0.0577275 0.0179798 0.0167906
3
1
0.888454 8.4752 0.590807
0.0580759 0.0193386 0.0239663
4
1
0.768889 8.43549 0.534934
0.0600963 0.0202261 0.0292883
5
1
0.64426 8.38546 0.46479
0.0610459 0.0268139 0.0400635
6
1
0.504485 8.32185 0.372647
0.0561076 0.0292139 0.0441466
7
1
0.351293 8.25101 0.203322
0.039862 0.0174984 0.0639457
8
1
0.55158 6.68336 0.0616777
0.00512308 0.0463537 -0.0100066
9
1
0.0482104 11.6643 0.473535
0.000772576 -0.0237181 -0.0742206
10
1
-0.0482104 11.6643 0.473535
0.000772577 0.0237181 0.0742206
11
1
-0.551579 6.68336 0.0616728
0.00512302 -0.0463534 0.010007
12
1
-0.351293 8.25101 0.203322
0.039862 -0.0174984 -0.0639457
13
1
-0.504485 8.32185 0.372647
0.0561076 -0.0292139 -0.0441466
14
1
-0.64426 8.38546 0.46479
0.0610459 -0.0268139 -0.0400635
15
1
-0.768889 8.43549 0.534934
0.0600963 -0.0202261 -0.0292883
16
1
-0.888454 8.4752 0.590807
0.0580759 -0.0193386 -0.0239663
17
1
-1.00302 8.51203 0.632179
0.0577275 -0.0179798 -0.0167906
18
1
-1.11573 8.54574 0.657665
0.0544661 -0.015791 -0.00913513
19
1
-1.22385 8.57411 0.669668
0.0556283 -0.0146163 -0.00426005
20
1
-1.32495 8.59639 0.672364
0.0480166 -0.00956204 0.000878944
21
1
-1.41921 8.61526 0.668066
0.0447507 -0.00846508 0.00333394
22
1
-1.50638 8.63326 0.65767
0.0433499 -0.00862017 0.00735288
23
1
-1.58992 8.65118 0.641379
0.0391883 -0.00812806 0.0103898
24
1
-1.6702 8.66796 0.621016
0.0386687 -0.00827665 0.0108918
25
1
-1.74765 8.68343 0.599478
0.0389872 -0.00864254 0.0114524
26
1
-1.82269 8.69812 0.578351
0.0348512 -0.00821002 0.0106967
27
1
-1.89448 8.71205 0.558874
0.0330234 -0.00750325 0.00981476
28
1
-1.96423 8.72522 0.541555
0.0345623 -0.0065914 0.00941473
29
1
-2.03361 8.73736 0.526298
0.0347893 -0.00572869 0.00840543
30
1
-2.10196 8.74863 0.513425
0.0339185 -0.00542862 0.00630532
31
1
-2.16925 8.75972 0.503514
0.0334674 -0.00549409 0.00460913
32
1
-2.23519 8.77091 0.497052
0.0326528 -0.00510985 0.00264953
33
1
-2.299 8.78201 0.494438
0.0320872 -0.00492805 0.000228155
34
1
-2.36076 8.79339 0.495603
0.0311069 -0.00574221 -0.00168016
35
1
-2.42016 8.80555 0.500031
0.028373 -0.00631796 -0.003472
36
1
-2.47643 8.81881 0.506277
0.0263099 -0.00620437 -0.00486658
37
1
-2.53079 8.83306 0.513288
0.0261766 -0.00719947 -0.00456708
38
1
-2.58391 8.84914 0.520296
0.0256597 -0.00864408 -0.00413186
39
1
-2.63517 8.86766 0.525916
0.0240086 -0.00906679 -0.00486045
40
1
-2.68392 8.88818 0.529467
0.0234275 -0.0106684 -0.00361271
41
1
-2.73034 8.91026 0.529983
0.022919 -0.0128799 -0.000452574
42
1
-2.77455 8.93367 0.52727
0.0209928 -0.0123113 0.000703953
43
1
-2.81749 8.95691 0.520889
0.020284 -0.0114441 0.00211504
44
1
-2.86008 8.97921 0.509316
0.0209452 -0.0121137 0.00759095
45
1
-2.90259 9.00109 0.491798
0.0207869 -0.0126649 0.0123831
46
1
-2.94486 9.02199 0.468774
0.0207603 -0.0114951 0.0122835
47
1
-2.98691 9.0415 0.441226
0.0217845 -0.0084056 0.0147216
48
1
-3.02937 9.05822 0.409662
0.0228668 -0.00609175 0.0203867
49
1
-3.07038 9.07155 0.374966
0.0220635 -0.00465221 0.0210259
50
1
-3.10927 9.0823 0.338582
0.0192823 -0.00376732 0.0180208
51
1
-3.14599 9.09139 0.300336
0.0179767 -0.00390759 0.0189102
52
1
-3.18039 9.10002 0.259882
0.0194155 -0.00426616 0.0227977
53
1
-3.21216 9.10841 0.21733
0.0191586 -0.00540325 0.0245216
54
1
-3.23964 9.11657 0.173958
0.0156588 -0.00572739 0.0228061
55
1
-3.26112 9.12326 0.13058
0.0112596 -0.00432984 0.0218475
56
1
-3.27541 9.12744 0.0872394
0.0063251 -0.00192188 0.0220196
57
1
-3.28379 9.13002 0.0436185
0.00170507 -0.000531097 0.0220034
58
1
-3.287 9.13094 -1.91633e-009
2.71422e-011 5.29038e-011 0.0219984
59
1
-3.28379 9.13002 -0.0436186
-0.00170507 0.000531097 0.0220034
60
1
-3.27541 9.12744 -0.0872394
-0.0063251 0.00192188 0.0220196
61
1
-3.26112 9.12326 -0.13058
-0.0112596 0.00432984 0.0218475
62
1
-3.23964 9.11657 -0.173958
-0.0156588 0.00572739 0.0228061
63
1
-3.21216 9.10841 -0.21733
-0.0191586 0.00540325 0.0245216
64
1
-3.18039 9.10002 -0.259882
-0.0194155 0.00426616 0.0227977
65
1
-3.14599 9.09139 -0.300336
-0.0179767 0.00390759 0.0189102
66
1
-3.10927 9.0823 -0.338582
-0.0192823 0.00376732 0.0180208
67
1
-3.07038 9.07155 -0.374966
-0.0220635 0.00465221 0.0210259
68
1
-3.02937 9.05822 -0.409662
-0.0228668 0.00609175 0.0203867
69
1
-2.98691 9.0415 -0.441226
-0.0217845 0.0084056 0.0147216
70
1
-2.94486 9.02199 -0.468774
-0.0207603 0.0114951 0.0122835
71
1
-2.90259 9.00109 -0.491798
-0.0207869 0.0126649 0.0123831
72
1
-2.86008 8.97921 -0.509317
-0.0209452 0.0121137 0.00759095
73
1
-2.81749 8.95691 -0.520889
-0.020284 0.0114441 0.00211504
74
1
-2.77455 8.93367 -0.52727
-0.0209928 0.0123113 0.000703953
75
1
-2.73034 8.91026 -0.529983
-0.022919 0.0128799 -0.000452574
76
1
-2.68392 8.88818 -0.529467
-0.0234275 0.0106684 -0.00361271
77
1
-2.63517 8.86766 -0.525916
-0.0240086 0.00906679 -0.00486045
78
1
-2.58391 8.84914 -0.520296
-0.0256597 0.00864408 -0.00413186
79
1
-2.53079 8.83306 -0.513288
-0.0261766 0.00719947 -0.00456708
80
1
-2.47643 8.81881 -0.506277
-0.0263099 0.00620437 -0.00486658
81
1
-2.42016 8.80555 -0.500031
-0.028373 0.00631796 -0.003472
82
1
-2.36076 8.79339 -0.495603
-0.0311069 0.00574221 -0.00168016
83
1
-2.299 8.78201 -0.494438
-0.0320872 0.00492805 0.000228155
84
1
-2.23519 8.77091 -0.497052
-0.0326528 0.00510985 0.00264953
85
1
-2.16925 8.75972 -0.503514
-0.0334674 0.00549409 0.00460913
86
1
-2.10196 8.74863 -0.513425
-0.0339185 0.00542862 0.00630532
87
1
-2.03361 8.73736 -0.526298
-0.0347893 0.00572869 0.00840543
88
1
-1.96423 8.72522 -0.541555
-0.0345623 0.0065914 0.00941473
89
1
-1.89448 8.71205 -0.558874
-0.0330234 0.00750325 0.00981476
90
1
-1.82269 8.69812 -0.578351
-0.0348512 0.00821002 0.0106967
91
1
-1.74765 8.68343 -0.599478
-0.0389872 0.00864254 0.0114524
92
1
-1.6702 8.66796 -0.621016
-0.0386687 0.00827665 0.0108918
93
1
-1.58992 8.65118 -0.641379
-0.0391883 0.00812806 0.0103898
94
1
-1.50638 8.63326 -0.65767
-0.0433499 0.00862017 0.00735288
95
1
-1.41921 8.61526 -0.668066
-0.0447507 0.00846508 0.00333394
96
1
-1.32495 8.59639 -0.672364
-0.0480166 0.00956204 0.000878945
97
1
-1.22385 8.57411 -0.669668
-0.0556283 0.0146163 -0.00426005
98
1
-1.11573 8.54574 -0.657665
-0.0544661 0.015791 -0.00913513
99
1
-1.00302 8.51203 -0.632179
-0.0577275 0.0179798 -0.0167906
100
1
-0.888454 8.4752 -0.590807
-0.0580759 0.0193386 -0.0239663
101
1
-0.768889 8.43549 -0.534934
-0.0600963 0.0202261 -0.0292883
102
1
-0.64426 8.38546 -0.46479
-0.0610459 0.0268139 -0.0400635
103
1
-0.504485 8.32185 -0.372647
-0.0561076 0.0292139 -0.0441466
104
1
-0.351293 8.25101 -0.203322
-0.039862 0.0174984 -0.0639457
105
1
-0.55158 6.68336 -0.0616773
-0.00512309 0.0463537 0.0100066
106
1
-0.0482104 11.6643 -0.473535
-0.000772576 -0.0237181 0.0742206
107
1
0.0482104 11.6643 -0.473535
-0.000772577 0.0237181 -0.0742206
108
1
0.551579 6.68336 -0.0616724
-0.00512303 -0.0463534 -0.0100071
109
1
0.351293 8.25101 -0.203322
-0.039862 -0.0174984 0.0639457
110
1
0.504485 8.32185 -0.372647
-0.0561076 -0.0292139 0.0441466
111
1
0.64426 8.38546 -0.46479
-0.0610459 -0.0268139 0.0400635
112
1
0.768889 8.43549 -0.534934
-0.0600963 -0.0202261 0.0292883
113
1
0.888454 8.4752 -0.590807
-0.0580759 -0.0193386 0.0239663
114
1
1.00302 8.51203 -0.632179
-0.0577275 -0.0179798 0.0167906
115
1
1.11573 8.54574 -0.657665
-0.0544661 -0.015791 0.00913513
116
1
1.22385 8.57411 -0.669668
-0.0556283 -0.0146163 0.00426005
117
1
1.32495 8.59639 -0.672364
-0.0480166 -0.00956204 -0.000878944
118
1
1.41921 8.61526 -0.668066
-0.0447507 -0.00846508 -0.00333394
119
1
1.50638 8.63326 -0.65767
-0.0433499 -0.00862017 -0.00735288
120
1
1.58992 8.65118 -0.641379
-0.0391883 -0.00812806 -0.0103898
121
1
1.6702 8.66796 -0.621016
-0.0386687 -0.00827665 -0.0108918
122
1
1.74765 8.68343 -0.599478
-0.0389872 -0.00864254 -0.0114524
123
1
1.82269 8.69812 -0.578351
-0.0348512 -0.00821002 -0.0106967
124
1
1.89448 8.71205 -0.558874
-0.0330234 -0.00750325 -0.00981476
125
1
1.96423 8.72522 -0.541555
-0.0345623 -0.0065914 -0.00941473
126
1
2.03361 8.73736 -0.526298
-0.0347893 -0.00572869 -0.00840543
127
1
2.10196 8.74863 -0.513425
-0.0339185 -0.00542862 -0.00630532
128
1
2.16925 8.75972 -0.503514
-0.0334674 -0.00549409 -0.00460912
129
1
2.23519 8.77091 -0.497052
-0.0326528 -0.00510985 -0.00264953
130
1
2.299 8.78201 -0.494438
-0.0320872 -0.00492805 -0.000228155
131
1
2.36076 8.79339 -0.495603
-0.0311069 -0.00574221 0.00168016
132
1
2.42016 8.80555 -0.500031
-0.028373 -0.00631796 0.003472
133
1
2.47643 8.81881 -0.506277
-0.0263099 -0.00620437 0.00486658
134
1
2.53079 8.83306 -0.513288
-0.0261766 -0.00719947 0.00456708
135
1
2.58391 8.84914 -0.520296
-0.0256597 -0.00864408 0.00413186
136
1
2.63517 8.86766 -0.525916
-0.0240086 -0.00906679 0.00486045
137
1
2.68392 8.88818 -0.529467
-0.0234275 -0.0106684 0.00361271
138
1
2.73034 8.91026 -0.529983
-0.022919 -0.0128799 0.000452574
139
1
2.77455 8.93367 -0.52727
-0.0209928 -0.0123113 -0.000703953
140
1
2.81749 8.95691 -0.520889
-0.020284 -0.0114441 -0.00211504
141
1
2.86008 8.97921 -0.509316
-0.0209452 -0.0121137 -0.00759095
142
1
2.90259 9.00109 -0.491798
-0.0207869 -0.0126649 -0.0123831
143
1
2.94486 9.02199 -0.468774
-0.0207603 -0.0114951 -0.0122835
144
1
2.98691 9.0415 -0.441226
-0.0217845 -0.0084056 -0.0147216
145
1
3.02937 9.05822 -0.409662
-0.0228668 -0.00609175 -0.0203867
146
1
3.07038 9.07155 -0.374966
-0.0220635 -0.00465221 -0.0210259
147
1
3.10927 9.0823 -0.338582
-0.0192823 -0.00376732 -0.0180208
148
1
3.14599 9.09139 -0.300336
-0.0179767 -0.00390759 -0.0189102
149
1
3.18039 9.10002 -0.259882
-0.0194155 -0.00426616 -0.0227977
150
1
3.21216 9.10841 -0.21733
-0.0191586 -0.00540325 -0.0245216
151
1
3.23964 9.11657 -0.173958
-0.0156588 -0.00572739 -0.0228061
152
1
3.26112 9.12326 -0.13058
-0.0112596 -0.00432984 -0.0218475
153
1
3.27541 9.12744 -0.0872394
-0.0063251 -0.00192188 -0.0220196
154
1
3.28379 9.13002 -0.0436185
-0.00170507 -0.000531097 -0.0220034
155
1
3.287 9.13094 3.18161e-009
-3.50898e-011 7.17363e-011 -0.0219984
156
1
3.28379 9.13002 0.0436186
0.00170507 0.000531097 -0.0220034
157
1
3.27541 9.12744 0.0872394
0.0063251 0.00192188 -0.0220196
158
1
3.26112 9.12326 0.13058
0.0112596 0.00432984 -0.0218475
159
1
3.23964 9.11657 0.173958
0.0156588 0.00572739 -0.0228061
160
1
3.21216 9.10841 0.21733
0.0191586 0.00540325 -0.0245216
161
1
3.18039 9.10002 0.259882
0.0194155 0.00426616 -0.0227977
162
1
3.14599 9.09139 0.300336
0.0179767 0.00390759 -0.0189102
163
1
3.10927 9.0823 0.338582
0.0192823 0.00376732 -0.0180208
164
1
3.07038 9.07155 0.374966
0.0220635 0.00465221 -0.0210259
165
1
3.02937 9.05822 0.409662
0.0228668 0.00609175 -0.0203867
166
1
2.98691 9.0415 0.441226
0.0217845 0.0084056 -0.0147216
167
1
2.94486 9.02199 0.468774
0.0207603 0.0114951 -0.0122835
168
1
2.90259 9.00109 0.491798
0.0207869 0.0126649 -0.0123831
169
1
2.86008 8.97921 0.509317
0.0209452 0.0121137 -0.00759095
170
1
2.81749 8.95691 0.520889
0.020284 0.0114441 -0.00211504
171
1
2.77455 8.93367 0.52727
0.0209928 0.0123113 -0.000703953
172
1
2.73034 8.91026 0.529983
0.022919 0.0128799 0.000452574
173
1
2.68392 8.88818 0.529467
0.0234275 0.0106684 0.00361271
174
1
2.63517 8.86766 0.525916
0.0240086 0.00906679 0.00486045
175
1
2.58391 8.84914 0.520296
0.0256597 0.00864408 0.00413186
176
1
2.53079 8.83306 0.513288
0.0261766 0.00719947 0.00456708
177
1
2.47643 8.81881 0.506277
0.0263099 0.00620437 0.00486658
178
1
2.42016 8.80555 0.500031
0.028373 0.00631796 0.003472
179
1
2.36076 8.79339 0.495603
0.0311069 0.00574221 0.00168016
180
1
2.299 8.78201 0.494438
0.0320872 0.00492805 -0.000228155
181
1
2.23519 8.77091 0.497052
0.0326528 0.00510985 -0.00264953
182
1
2.16925 8.75972 0.503514
0.0334674 0.00549409 -0.00460913
183
1
2.10196 8.74863 0.513425
0.0339185 0.00542862 -0.00630532
184
1
2.03361 8.73736 0.526298
0.0347893 0.00572869 -0.00840543
185
1
1.96423 8.72522 0.541555
0.0345623 0.0065914 -0.00941473
186
1
1.89448 8.71205 0.558874
0.0330234 0.00750325 -0.00981476
187
1
1.82269 8.69812 0.578351
0.0348512 0.00821002 -0.0106967
188
1
1.74765 8.68343 0.599478
0.0389872 0.00864254 -0.0114524
189
1
1.6702 8.66796 0.621016
0.0386687 0.00827665 -0.0108918
190
1
1.58992 8.65118 0.641379
0.0391883 0.00812806 -0.0103898
191
1
1.50638 8.63326 0.65767
0.0433499 0.00862017 -0.00735288
192
1
1.41921 8.61526 0.668066
0.0447507 0.00846508 -0.00333394
193
1
1.32495 8.59639 0.672364
0.0480166 0.00956204 -0.000878945
