194
0
1
0.772729 1.85028 2.15832
0.02707 -0.0237189 -0.0205237
1
1
0.718041 1.89646 2.19775
0.0304668 -0.0231395 -0.0192631
2
1
0.655392 1.94139 2.23475
0.0335346 -0.0223437 -0.0171854
3
1
0.585499 1.98374 2.26863
0.0372582 -0.0206462 -0.0156315
4
1
0.508442 2.02146 2.29928
0.0400964 -0.01772 -0.0136873
5
1
0.42526 2.05353 2.32712
0.0429147 -0.0138936 -0.0125931
6
1
0.336838 2.07971 2.35169
0.0454085 -0.0106642 -0.0115391
7
1
0.244012 2.09993 2.37149
0.0472873 -0.00782768 -0.00887376
8
1
0.14784 2.11372 2.38547
0.0487541 -0.00454673 -0.00534794
9
1
0.049535 2.12067 2.39283
0.049586 -0.00141324 -0.00178545
10
1
-0.049535 2.12067 2.39283
0.049586 0.00141324 0.00178545
11
1
-0.14784 2.11372 2.38547
0.0487541 0.00454673 0.00534794
12
1
-0.244012 2.09993 2.37149
0.0472873 0.00782768 0.00887376
13
1
-0.336838 2.07971 2.35169
0.0454085 0.0106642 0.0115391
14
1
-0.42526 2.05353 2.32712
0.0429147 0.0138936 0.0125931
15
1
-0.508442 2.02146 2.29928
0.0400964 0.01772 0.0136873
16
1
-0.585499 1.98374 2.26863
0.0372582 0.0206462 0.0156315
17
1
-0.655392 1.94139 2.23475
0.0335346 0.0223437 0.0171854
18
1
-0.718041 1.89646 2.19775
0.0304668 0.0231395 0.0192631
19
1
-0.772729 1.85028 2.15832
0.02707 0.0237189 0.0205237
20
1
-0.818919 1.80359 2.11763
0.0220976 0.0238012 0.0202855
21
1
-0.856863 1.75653 2.07665
0.0178222 0.0238069 0.0201819
22
1
-0.886757 1.70933 2.03543
0.0133854 0.0239228 0.0198724
23
1
-0.909168 1.66179 1.99428
0.00949309 0.0238391 0.019982
24
1
-0.925605 1.61478 1.95288
0.00625932 0.0230791 0.0207236
25
1
-0.937116 1.56963 1.90999
0.00400304 0.0218111 0.0219684
26
1
-0.944084 1.52661 1.86517
0.00172277 0.0201232 0.0234835
27
1
-0.94758 1.48596 1.81834
-0.00064039 0.0187256 0.0247249
28
1
-0.947974 1.44781 1.76937
-0.00226989 0.0179835 0.0253659
29
1
-0.945373 1.41173 1.71877
-0.00312945 0.0174555 0.0257262
30
1
-0.940206 1.37717 1.66728
-0.00387228 0.0168233 0.0260391
31
1
-0.933024 1.34401 1.61526
-0.00492517 0.0161968 0.0261794
32
1
-0.923731 1.3128 1.56258
-0.00627435 0.0156936 0.0260691
33
1
-0.911388 1.28409 1.50937
-0.00774591 0.0151461 0.0258327
34
1
-0.895024 1.25806 1.45625
-0.00925928 0.0142781 0.0255833
35
1
-0.874309 1.23445 1.40403
-0.0108007 0.0129357 0.0253551
36
1
-0.84994 1.2129 1.35301
-0.0123211 0.0111423 0.0252028
37
1
-0.823151 1.19346 1.30269
-0.0137007 0.0090436 0.0252
38
1
-0.795146 1.1768 1.2521
-0.0147783 0.00680895 0.0253777
39
1
-0.766674 1.16389 1.2005
-0.0154096 0.00456846 0.0257129
40
1
-0.738081 1.15542 1.14768
-0.0155358 0.00242676 0.0261586
41
1
-0.709665 1.1514 1.09378
-0.0151768 0.000466272 0.0266929
42
1
-0.681842 1.15128 1.03891
-0.0144033 -0.00125166 0.0273156
43
1
-0.655182 1.15428 0.982996
-0.0133174 -0.00268361 0.0280201
44
1
-0.63029 1.15963 0.925824
-0.012028 -0.0038011 0.0287801
45
1
-0.607657 1.16673 0.867223
-0.0106328 -0.00459352 0.0295616
46
1
-0.587584 1.17506 0.807115
-0.00921131 -0.00507156 0.0303347
47
1
-0.570171 1.18416 0.745518
-0.00782573 -0.00526557 0.0310792
48
1
-0.555353 1.1936 0.682506
-0.00652296 -0.00521901 0.0317819
49
1
-0.542956 1.20298 0.618175
-0.00533597 -0.00498144 0.0324339
50
1
-0.532758 1.21196 0.552632
-0.00428434 -0.0046015 0.0330272
51
1
-0.52451 1.22025 0.485992
-0.00337587 -0.00412269 0.0335561
52
1
-0.51797 1.22767 0.41838
-0.00260684 -0.00358033 0.034016
53
1
-0.512891 1.23406 0.34993
-0.00196625 -0.0030016 0.0344048
54
1
-0.509058 1.23935 0.28078
-0.00143631 -0.0024048 0.0347217
55
1
-0.506282 1.24349 0.211072
-0.00099736 -0.00180205 0.0349669
56
1
-0.504413 1.24645 0.140946
-0.00062622 -0.00119905 0.0351413
57
1
-0.503335 1.24823 0.0705421
-0.000301494 -0.000598573 0.0352455
58
1
-0.502986 1.24882 -1.60094e-016
-3.71317e-017 -8.34807e-017 0.0352802
59
1
-0.503335 1.24823 -0.0705421
0.000301494 0.000598573 0.0352455
60
1
-0.504413 1.24645 -0.140946
0.00062622 0.00119905 0.0351413
61
1
-0.506282 1.24349 -0.211072
0.00099736 0.00180205 0.0349669
62
1
-0.509058 1.23935 -0.28078
0.00143631 0.0024048 0.0347217
63
1
-0.512891 1.23406 -0.34993
0.00196625 0.0030016 0.0344048
64
1
-0.51797 1.22767 -0.41838
0.00260684 0.00358033 0.034016
65
1
-0.52451 1.22025 -0.485992
0.00337587 0.00412269 0.0335561
66
1
-0.532758 1.21196 -0.552632
0.00428434 0.0046015 0.0330272
67
1
-0.542956 1.20298 -0.618175
0.00533597 0.00498144 0.0324339
68
1
-0.555353 1.1936 -0.682506
0.00652296 0.00521901 0.0317819
69
1
-0.570171 1.18416 -0.745518
0.00782573 0.00526557 0.0310792
70
1
-0.587584 1.17506 -0.807115
0.00921131 0.00507156 0.0303347
71
1
-0.607657 1.16673 -0.867223
0.0106328 0.00459352 0.0295616
72
1
-0.63029 1.15963 -0.925824
0.012028 0.0038011 0.0287801
73
1
-0.655182 1.15428 -0.982996
0.0133174 0.00268361 0.0280201
74
1
-0.681842 1.15128 -1.03891
0.0144033 0.00125166 0.0273156
75
1
-0.709665 1.1514 -1.09378
0.0151768 -0.000466272 0.0266929
76
1
-0.738081 1.15542 -1.14768
0.0155358 -0.00242676 0.0261586
77
1
-0.766674 1.16389 -1.2005
0.0154096 -0.00456846 0.0257129
78
1
-0.795146 1.1768 -1.2521
0.0147783 -0.00680895 0.0253777
79
1
-0.823151 1.19346 -1.30269
0.0137007 -0.0090436 0.0252
80
1
-0.84994 1.2129 -1.35301
0.0123211 -0.0111423 0.0252028
81
1
-0.874309 1.23445 -1.40403
0.0108007 -0.0129357 0.0253551
82
1
-0.895024 1.25806 -1.45625
0.00925928 -0.0142781 0.0255833
83
1
-0.911388 1.28409 -1.50937
0.00774591 -0.0151461 0.0258327
84
1
-0.923731 1.3128 -1.56258
0.00627435 -0.0156936 0.0260691
85
1
-0.933024 1.34401 -1.61526
0.00492517 -0.0161968 0.0261794
86
1
-0.940206 1.37717 -1.66728
0.00387228 -0.0168233 0.0260391
87
1
-0.945373 1.41173 -1.71877
0.00312945 -0.0174555 0.0257262
88
1
-0.947974 1.44781 -1.76937
0.00226989 -0.0179835 0.0253659
89
1
-0.94758 1.48596 -1.81834
0.00064039 -0.0187256 0.0247249
90
1
-0.944084 1.52661 -1.86517
-0.00172277 -0.0201232 0.0234835
91
1
-0.937116 1.56963 -1.90999
-0.00400304 -0.0218111 0.0219684
92
1
-0.925605 1.61478 -1.95288
-0.00625932 -0.0230791 0.0207236
93
1
-0.909168 1.66179 -1.99428
-0.00949309 -0.0238391 0.019982
94
1
-0.886757 1.70933 -2.03543
-0.0133854 -0.0239228 0.0198724
95
1
-0.856863 1.75653 -2.07665
-0.0178222 -0.0238069 0.0201819
96
1
-0.818919 1.80359 -2.11763
-0.0220976 -0.0238012 0.0202855
97
1
-0.772729 1.85028 -2.15832
-0.02707 -0.0237189 0.0205237
98
1
-0.718041 1.89646 -2.19775
-0.0304668 -0.0231395 0.0192631
99
1
-0.655392 1.94139 -2.23475
-0.0335346 -0.0223437 0.0171854
100
1
-0.585499 1.98374 -2.26863
-0.0372582 -0.0206462 0.0156315
101
1
-0.508442 2.02146 -2.29928
-0.0400964 -0.01772 0.0136873
102
1
-0.42526 2.05353 -2.32712
-0.0429147 -0.0138936 0.0125931
103
1
-0.336838 2.07971 -2.35169
-0.0454085 -0.0106642 0.0115391
104
1
-0.244012 2.09993 -2.37149
-0.0472873 -0.00782768 0.00887376
105
1
-0.14784 2.11372 -2.38547
-0.0487541 -0.00454673 0.00534794
106
1
-0.049535 2.12067 -2.39283
-0.049586 -0.00141324 0.00178545
107
1
0.049535 2.12067 -2.39283
-0.049586 0.00141324 -0.00178545
108
1
0.14784 2.11372 -2.38547
-0.0487541 0.00454673 -0.00534794
109
1
0.244012 2.09993 -2.37149
-0.0472873 0.00782768 -0.00887376
110
1
0.336838 2.07971 -2.35169
-0.0454085 0.0106642 -0.0115391
111
1
0.42526 2.05353 -2.32712
-0.0429147 0.0138936 -0.0125931
112
1
0.508442 2.02146 -2.29928
-0.0400964 0.01772 -0.0136873
113
1
0.585499 1.98374 -2.26863
-0.0372582 0.0206462 -0.0156315
114
1
0.655392 1.94139 -2.23475
-0.0335346 0.0223437 -0.0171854
115
1
0.718041 1.89646 -2.19775
-0.0304668 0.0231395 -0.0192631
116
1
0.772729 1.85028 -2.15832
-0.02707 0.0237189 -0.0205237
117
1
0.818919 1.80359 -2.11763
-0.0220976 0.0238012 -0.0202855
118
1
0.856863 1.75653 -2.07665
-0.0178222 0.0238069 -0.0201819
119
1
0.886757 1.70933 -2.03543
-0.0133854 0.0239228 -0.0198724
120
1
0.909168 1.66179 -1.99428
-0.00949309 0.0238391 -0.019982
121
1
0.925605 1.61478 -1.95288
-0.00625932 0.0230791 -0.0207236
122
1
0.937116 1.56963 -1.90999
-0.00400304 0.0218111 -0.0219684
123
1
0.944084 1.52661 -1.86517
-0.00172277 0.0201232 -0.0234835
124
1
0.94758 1.48596 -1.81834
0.00064039 0.0187256 -0.0247249
125
1
0.947974 1.44781 -1.76937
0.00226989 0.0179835 -0.0253659
126
1
0.945373 1.41173 -1.71877
0.00312945 0.0174555 -0.0257262
127
1
0.940206 1.37717 -1.66728
0.00387228 0.0168233 -0.0260391
128
1
0.933024 1.34401 -1.61526
0.00492517 0.0161968 -0.0261794
129
1
0.923731 1.3128 -1.56258
0.00627435 0.0156936 -0.0260691
130
1
0.911388 1.28409 -1.50937
0.00774591 0.0151461 -0.0258327
131
1
0.895024 1.25806 -1.45625
0.00925928 0.0142781 -0.0255833
132
1
0.874309 1.23445 -1.40403
0.0108007 0.0129357 -0.0253551
133
1
0.84994 1.2129 -1.35301
0.0123211 0.0111423 -0.0252028
134
1
0.823151 1.19346 -1.30269
0.0137007 0.0090436 -0.0252
135
1
0.795146 1.1768 -1.2521
0.0147783 0.00680895 -0.0253777
136
1
0.766674 1.16389 -1.2005
0.0154096 0.00456846 -0.0257129
137
1
0.738081 1.15542 -1.14768
0.0155358 0.00242676 -0.0261586
138
1
0.709665 1.1514 -1.09378
0.0151768 0.000466272 -0.0266929
139
1
0.681842 1.15128 -1.03891
0.0144033 -0.00125166 -0.0273156
140
1
0.655182 1.15428 -0.982996
0.0133174 -0.00268361 -0.0280201
141
1
0.63029 1.15963 -0.925824
0.012028 -0.0038011 -0.0287801
142
1
0.607657 1.16673 -0.867223
0.0106328 -0.00459352 -0.0295616
143
1
0.587584 1.17506 -0.807115
0.00921131 -0.00507156 -0.0303347
144
1
0.570171 1.18416 -0.745518
0.00782573 -0.00526557 -0.0310792
145
1
0.555353 1.1936 -0.682506
0.00652296 -0.00521901 -0.0317819
146
1
0.542956 1.20298 -0.618175
0.00533597 -0.00498144 -0.0324339
147
1
0.532758 1.21196 -0.552632
0.00428434 -0.0046015 -0.0330272
148
1
0.52451 1.22025 -0.485992
0.00337587 -0.00412269 -0.0335561
149
1
0.51797 1.22767 -0.41838
0.00260684 -0.00358033 -0.034016
150
1
0.512891 1.23406 -0.34993
0.00196625 -0.0030016 -0.0344048
151
1
0.509058 1.23935 -0.28078
0.00143631 -0.0024048 -0.0347217
152
1
0.506282 1.24349 -0.211072
0.00099736 -0.00180205 -0.0349669
153
1
0.504413 1.24645 -0.140946
0.00062622 -0.00119905 -0.0351413
154
1
0.503335 1.24823 -0.0705421
0.000301494 -0.000598573 -0.0352455
155
1
0.502986 1.24882 -7.11525e-017
-8.04349e-017 -2.85268e-017 -0.0352802
156
1
0.503335 1.24823 0.0705421
-0.000301494 0.000598573 -0.0352455
157
1
0.504413 1.24645 0.140946
-0.00062622 0.00119905 -0.0351413
158
1
0.506282 1.24349 0.211072
-0.00099736 0.00180205 -0.0349669
159
1
0.509058 1.23935 0.28078
-0.00143631 0.0024048 -0.0347217
160
1
0.512891 1.23406 0.34993
-0.00196625 0.0030016 -0.0344048
161
1
0.51797 1.22767 0.41838
-0.00260684 0.00358033 -0.034016
162
1
0.52451 1.22025 0.485992
-0.00337587 0.00412269 -0.0335561
163
1
0.532758 1.21196 0.552632
-0.00428434 0.0046015 -0.0330272
164
1
0.542956 1.20298 0.618175
-0.00533597 0.00498144 -0.0324339
165
1
0.555353 1.1936 0.682506
-0.00652296 0.00521901 -0.0317819
166
1
0.570171 1.18416 0.745518
-0.00782573 0.00526557 -0.0310792
167
1
0.587584 1.17506 0.807115
-0.00921131 0.00507156 -0.0303347
168
1
0.607657 1.16673 0.867223
-0.0106328 0.00459352 -0.0295616
169
1
0.63029 1.15963 0.925824
-0.012028 0.0038011 -0.0287801
170
1
0.655182 1.15428 0.982996
-0.0133174 0.00268361 -0.0280201
171
1
0.681842 1.15128 1.03891
-0.0144033 0.00125166 -0.0273156
172
1
0.709665 1.1514 1.09378
-0.0151768 -0.000466272 -0.0266929
173
1
0.738081 1.15542 1.14768
-0.0155358 -0.00242676 -0.0261586
174
1
0.766674 1.16389 1.2005
-0.0154096 -0.00456846 -0.0257129
175
1
0.795146 1.1768 1.2521
-0.0147783 -0.00680895 -0.0253777
176
1
0.823151 1.19346 1.30269
-0.0137007 -0.0090436 -0.0252
177
1
0.84994 1.2129 1.35301
-0.0123211 -0.0111423 -0.0252028
178
1
0.874309 1.23445 1.40403
-0.0108007 -0.0129357 -0.0253551
179
1
0.895024 1.25806 1.45625
-0.00925928 -0.0142781 -0.0255833
180
1
0.911388 1.28409 1.50937
-0.00774591 -0.0151461 -0.0258327
181
1
0.923731 1.3128 1.56258
-0.00627435 -0.0156936 -0.0260691
182
1
0.933024 1.34401 1.61526
-0.00492517 -0.0161968 -0.0261794
183
1
0.940206 1.37717 1.66728
-0.00387228 -0.0168233 -0.0260391
184
1
0.945373 1.41173 1.71877
-0.00312945 -0.0174555 -0.0257262
185
1
0.947974 1.44781 1.76937
-0.00226989 -0.0179835 -0.0253659
186
1
0.94758 1.48596 1.81834
-0.00064039 -0.0187256 -0.0247249
187
1
0.944084 1.52661 1.86517
0.00172277 -0.0201232 -0.0234835
188
1
0.937116 1.56963 1.90999
0.00400304 -0.0218111 -0.0219684
189
1
0.925605 1.61478 1.95288
0.00625932 -0.0230791 -0.0207236
190
1
0.909168 1.66179 1.99428
0.00949309 -0.0238391 -0.019982
191
1
0.886757 1.70933 2.03543
0.0133854 -0.0239228 -0.0198724
192
1
0.856863 1.75653 2.07665
0.0178222 -0.0238069 -0.0201819
193
1
0.818919 1.80359 2.11763
0.0220976 -0.0238012 -0.0202855
