194
0
1
0.564407 10.3293 1.46841
0.0184058 0.0382252 -0.0359408
1
1
0.521901 10.2596 1.53147
0.0227088 0.0299977 -0.0299214
2
1
0.471224 10.1868 1.58718
0.0273466 0.0370521 -0.0263229
3
1
0.410131 10.1027 1.63023
0.0365494 0.0461615 -0.0218961
4
1
0.348512 10.0188 1.65093
0.0285939 0.0387585 0.00264703
5
1
0.288151 9.9366 1.65165
0.0242429 0.0319501 0.00969665
6
1
0.23031 9.8331 1.64089
0.0123779 0.0584143 0.00955915
7
1
0.123561 9.70101 1.66588
0.0537077 0.032472 -0.0328294
8
1
0.252837 6.1552 0.0555967
-0.0328824 -0.0369935 -0.0093255
9
1
0.349182 12.8707 0.0758518
0.0465618 0.0207807 0.00825989
10
1
-0.349184 12.8708 0.0757497
0.0465415 -0.0207922 -0.0082215
11
1
-0.252738 6.15554 0.0561042
-0.0329572 0.036878 0.00903543
12
1
-0.12356 9.70101 1.66588
0.0537077 -0.032472 0.0328294
13
1
-0.23031 9.8331 1.64089
0.0123781 -0.0584142 -0.00955916
14
1
-0.288151 9.9366 1.65165
0.024243 -0.0319501 -0.00969665
15
1
-0.348512 10.0188 1.65093
0.0285939 -0.0387586 -0.00264699
16
1
-0.410131 10.1027 1.63023
0.0365494 -0.0461615 0.0218962
17
1
-0.471224 10.1868 1.58718
0.0273466 -0.0370521 0.026323
18
1
-0.521901 10.2596 1.53147
0.0227087 -0.0299977 0.0299215
19
1
-0.564407 10.3293 1.46841
0.0184058 -0.0382253 0.0359408
20
1
-0.59923 10.3982 1.40307
0.0160703 -0.0359038 0.0371473
21
1
-0.627689 10.4699 1.33701
0.0114671 -0.0313462 0.0282709
22
1
-0.645438 10.5456 1.27757
0.00664946 -0.0437384 0.0313486
23
1
-0.653807 10.6213 1.22007
0.00208355 -0.0380765 0.0321536
24
1
-0.655339 10.6862 1.16458
-0.0016352 -0.0219561 0.0232461
25
1
-0.65421 10.7395 1.11191
-0.00173827 -0.0243808 0.0246954
26
1
-0.650936 10.7903 1.0621
-0.00201884 -0.0273812 0.0240842
27
1
-0.645128 10.8399 1.0155
-0.00432495 -0.0236367 0.0209898
28
1
-0.637669 10.8879 0.969984
-0.0059507 -0.019939 0.0204653
29
1
-0.628683 10.9345 0.923475
-0.00588358 -0.0209693 0.0254461
30
1
-0.6196 10.9798 0.879679
-0.00405949 -0.0196989 0.0197299
31
1
-0.613043 11.0264 0.840296
-0.00178896 -0.021024 0.0170732
32
1
-0.610145 11.0758 0.802792
-0.000502321 -0.0262729 0.0205125
33
1
-0.609537 11.1259 0.768022
-4.07861e-005 -0.0290638 0.0187372
34
1
-0.609985 11.1765 0.737191
0.00129604 -0.0283923 0.0148258
35
1
-0.611759 11.2286 0.709126
0.00146704 -0.0269029 0.013969
36
1
-0.613517 11.2803 0.685201
-0.000421909 -0.0255928 0.0112044
37
1
-0.616412 11.3302 0.665228
-0.000664344 -0.0259583 0.00806367
38
1
-0.621226 11.3789 0.648877
0.00124024 -0.0235452 0.00595686
39
1
-0.627941 11.4249 0.635552
0.00257981 -0.0184527 0.00412456
40
1
-0.636814 11.4673 0.625041
0.00417536 -0.0180913 0.00281022
41
1
-0.648582 11.5075 0.615678
0.00721635 -0.0199249 0.00230153
42
1
-0.662839 11.5472 0.605408
0.00806612 -0.0188508 0.0034888
43
1
-0.679696 11.5859 0.59331
0.00790589 -0.0183627 0.00501105
44
1
-0.69985 11.6237 0.579352
0.0110888 -0.0206763 0.00662412
45
1
-0.724605 11.6609 0.56311
0.0160737 -0.0200177 0.00881522
46
1
-0.752643 11.6974 0.544041
0.0162834 -0.0160492 0.00934978
47
1
-0.783034 11.7312 0.522263
0.0165746 -0.0156464 0.0101074
48
1
-0.814214 11.7631 0.495651
0.0190741 -0.0164426 0.014914
49
1
-0.84399 11.7915 0.464068
0.0175045 -0.014435 0.0172071
50
1
-0.870296 11.8164 0.428055
0.0143627 -0.0119802 0.0167351
51
1
-0.893541 11.8381 0.386818
0.0123447 -0.0107298 0.0215872
52
1
-0.913683 11.8555 0.34011
0.00930868 -0.00794567 0.0281432
53
1
-0.930375 11.8688 0.288471
0.00786266 -0.00456908 0.0314636
54
1
-0.943914 11.8784 0.233252
0.0066469 -0.00313603 0.0322921
55
1
-0.954379 11.8848 0.175461
0.00250878 -0.00130333 0.0326627
56
1
-0.961528 11.8885 0.117347
0.00172129 -0.000552531 0.0314752
57
1
-0.966156 11.8904 0.0580402
0.00153555 -3.05249e-005 0.0297621
58
1
-0.9676 11.891 7.24497e-007
3.89234e-008 3.17374e-008 0.0290963
59
1
-0.966156 11.8904 -0.0580388
-0.00153548 3.05917e-005 0.0297621
60
1
-0.961528 11.8885 -0.117345
-0.00172122 0.0005526 0.0314753
61
1
-0.95438 11.8848 -0.17546
-0.00250872 0.0013034 0.0326627
62
1
-0.943914 11.8784 -0.233251
-0.00664684 0.00313611 0.0322922
63
1
-0.930376 11.8688 -0.288469
-0.00786262 0.00456914 0.0314637
64
1
-0.913683 11.8555 -0.340109
-0.00930866 0.00794572 0.0281432
65
1
-0.893542 11.8381 -0.386817
-0.0123447 0.0107299 0.0215873
66
1
-0.870297 11.8164 -0.428054
-0.0143627 0.0119802 0.0167351
67
1
-0.843991 11.7915 -0.464067
-0.0175045 0.014435 0.0172071
68
1
-0.814215 11.7631 -0.49565
-0.0190741 0.0164426 0.014914
69
1
-0.783035 11.7312 -0.522263
-0.0165746 0.0156464 0.0101075
70
1
-0.752644 11.6974 -0.54404
-0.0162834 0.0160492 0.00934981
71
1
-0.724605 11.6609 -0.563109
-0.0160737 0.0200177 0.00881525
72
1
-0.69985 11.6237 -0.579352
-0.0110888 0.0206762 0.00662414
73
1
-0.679697 11.5859 -0.593309
-0.00790591 0.0183627 0.00501106
74
1
-0.66284 11.5472 -0.605408
-0.00806613 0.0188508 0.00348881
75
1
-0.648583 11.5075 -0.615678
-0.00721637 0.0199249 0.00230154
76
1
-0.636815 11.4673 -0.62504
-0.00417538 0.0180913 0.00281023
77
1
-0.627941 11.4249 -0.635552
-0.00257982 0.0184527 0.00412457
78
1
-0.621226 11.3789 -0.648877
-0.00124025 0.0235452 0.00595687
79
1
-0.616412 11.3302 -0.665228
0.000664331 0.0259583 0.00806368
80
1
-0.613517 11.2803 -0.685201
0.000421898 0.0255928 0.0112045
81
1
-0.611759 11.2286 -0.709126
-0.00146704 0.0269029 0.0139691
82
1
-0.609986 11.1765 -0.737191
-0.00129604 0.0283923 0.0148258
83
1
-0.609537 11.1259 -0.768022
4.07816e-005 0.0290638 0.0187372
84
1
-0.610146 11.0758 -0.802791
0.00050232 0.0262729 0.0205125
85
1
-0.613043 11.0264 -0.840296
0.00178896 0.021024 0.0170732
86
1
-0.6196 10.9798 -0.879679
0.00405949 0.0196988 0.0197299
87
1
-0.628684 10.9345 -0.923475
0.00588358 0.0209693 0.0254461
88
1
-0.637669 10.8879 -0.969984
0.00595071 0.019939 0.0204653
89
1
-0.645129 10.8399 -1.0155
0.00432495 0.0236366 0.0209898
90
1
-0.650937 10.7903 -1.0621
0.00201885 0.0273811 0.0240842
91
1
-0.65421 10.7395 -1.11191
0.00173827 0.0243808 0.0246954
92
1
-0.655339 10.6862 -1.16458
0.00163521 0.0219561 0.0232461
93
1
-0.653807 10.6213 -1.22007
-0.00208355 0.0380765 0.0321536
94
1
-0.645438 10.5456 -1.27757
-0.00664946 0.0437384 0.0313486
95
1
-0.627689 10.4699 -1.33701
-0.0114672 0.0313462 0.0282709
96
1
-0.59923 10.3982 -1.40307
-0.0160703 0.0359038 0.0371473
97
1
-0.564407 10.3293 -1.46841
-0.0184058 0.0382252 0.0359408
98
1
-0.521901 10.2596 -1.53147
-0.0227088 0.0299977 0.0299214
99
1
-0.471224 10.1868 -1.58718
-0.0273466 0.0370521 0.0263229
100
1
-0.410131 10.1027 -1.63023
-0.0365494 0.0461615 0.0218961
101
1
-0.348512 10.0188 -1.65093
-0.0285939 0.0387585 -0.00264703
102
1
-0.288151 9.9366 -1.65165
-0.0242429 0.0319501 -0.00969665
103
1
-0.23031 9.8331 -1.64089
-0.0123779 0.0584143 -0.00955915
104
1
-0.123561 9.70101 -1.66588
-0.0537078 0.032472 0.0328294
105
1
-0.252835 6.1552 -0.0555913
0.0328822 -0.0369938 0.009327
106
1
-0.349182 12.8707 -0.0758519
-0.0465618 0.0207807 -0.00825993
107
1
0.349184 12.8708 -0.0757498
-0.0465415 -0.0207921 0.00822154
108
1
0.252736 6.15554 -0.0560988
0.032957 0.0368783 -0.00903693
109
1
0.12356 9.70101 -1.66588
-0.0537077 -0.032472 -0.0328294
110
1
0.23031 9.8331 -1.64089
-0.0123781 -0.0584142 0.00955916
111
1
0.288151 9.9366 -1.65165
-0.024243 -0.0319501 0.00969665
112
1
0.348512 10.0188 -1.65093
-0.0285939 -0.0387586 0.00264699
113
1
0.410131 10.1027 -1.63023
-0.0365494 -0.0461615 -0.0218962
114
1
0.471224 10.1868 -1.58718
-0.0273466 -0.0370521 -0.026323
115
1
0.521901 10.2596 -1.53147
-0.0227088 -0.0299977 -0.0299215
116
1
0.564407 10.3293 -1.46841
-0.0184058 -0.0382253 -0.0359408
117
1
0.59923 10.3982 -1.40307
-0.0160703 -0.0359038 -0.0371473
118
1
0.627689 10.4699 -1.33701
-0.0114671 -0.0313462 -0.0282709
119
1
0.645438 10.5456 -1.27757
-0.00664946 -0.0437384 -0.0313486
120
1
0.653807 10.6213 -1.22007
-0.00208355 -0.0380765 -0.0321536
121
1
0.655339 10.6862 -1.16458
0.0016352 -0.0219561 -0.0232461
122
1
0.65421 10.7395 -1.11191
0.00173827 -0.0243808 -0.0246954
123
1
0.650936 10.7903 -1.0621
0.00201884 -0.0273812 -0.0240842
124
1
0.645128 10.8399 -1.0155
0.00432495 -0.0236367 -0.0209898
125
1
0.637669 10.8879 -0.969984
0.0059507 -0.019939 -0.0204653
126
1
0.628683 10.9345 -0.923475
0.00588358 -0.0209693 -0.0254461
127
1
0.6196 10.9798 -0.879679
0.00405949 -0.0196989 -0.0197299
128
1
0.613043 11.0264 -0.840296
0.00178896 -0.021024 -0.0170732
129
1
0.610145 11.0758 -0.802792
0.000502321 -0.0262729 -0.0205125
130
1
0.609537 11.1259 -0.768022
4.07861e-005 -0.0290638 -0.0187372
131
1
0.609985 11.1765 -0.737191
-0.00129604 -0.0283923 -0.0148258
132
1
0.611759 11.2286 -0.709126
-0.00146704 -0.0269029 -0.013969
133
1
0.613517 11.2803 -0.685201
0.000421909 -0.0255928 -0.0112044
134
1
0.616412 11.3302 -0.665228
0.000664344 -0.0259583 -0.00806367
135
1
0.621226 11.3789 -0.648877
-0.00124024 -0.0235452 -0.00595686
136
1
0.627941 11.4249 -0.635552
-0.00257981 -0.0184527 -0.00412456
137
1
0.636814 11.4673 -0.625041
-0.00417536 -0.0180913 -0.00281022
138
1
0.648582 11.5075 -0.615678
-0.00721635 -0.0199249 -0.00230153
139
1
0.662839 11.5472 -0.605408
-0.00806612 -0.0188508 -0.0034888
140
1
0.679696 11.5859 -0.59331
-0.00790589 -0.0183627 -0.00501105
141
1
0.69985 11.6237 -0.579352
-0.0110888 -0.0206763 -0.00662412
142
1
0.724605 11.6609 -0.56311
-0.0160737 -0.0200177 -0.00881522
143
1
0.752643 11.6974 -0.544041
-0.0162834 -0.0160492 -0.00934978
144
1
0.783034 11.7312 -0.522263
-0.0165746 -0.0156464 -0.0101074
145
1
0.814214 11.7631 -0.495651
-0.0190741 -0.0164426 -0.014914
146
1
0.84399 11.7915 -0.464068
-0.0175045 -0.014435 -0.0172071
147
1
0.870296 11.8164 -0.428055
-0.0143627 -0.0119802 -0.0167351
148
1
0.893541 11.8381 -0.386818
-0.0123447 -0.0107298 -0.0215872
149
1
0.913683 11.8555 -0.34011
-0.00930868 -0.00794567 -0.0281432
150
1
0.930375 11.8688 -0.288471
-0.00786266 -0.00456908 -0.0314636
151
1
0.943914 11.8784 -0.233252
-0.0066469 -0.00313603 -0.0322921
152
1
0.954379 11.8848 -0.175461
-0.00250878 -0.00130333 -0.0326627
153
1
0.961528 11.8885 -0.117347
-0.00172129 -0.000552532 -0.0314752
154
1
0.966156 11.8904 -0.0580402
-0.00153555 -3.05254e-005 -0.0297621
155
1
0.9676 11.891 -7.25056e-007
-3.88194e-008 3.12387e-008 -0.0290963
156
1
0.966156 11.8904 0.0580388
0.00153548 3.05912e-005 -0.0297621
157
1
0.961528 11.8885 0.117345
0.00172122 0.0005526 -0.0314753
158
1
0.95438 11.8848 0.17546
0.00250872 0.0013034 -0.0326627
159
1
0.943914 11.8784 0.233251
0.00664684 0.00313611 -0.0322922
160
1
0.930376 11.8688 0.288469
0.00786262 0.00456914 -0.0314637
161
1
0.913683 11.8555 0.340109
0.00930866 0.00794572 -0.0281432
162
1
0.893542 11.8381 0.386817
0.0123447 0.0107299 -0.0215873
163
1
0.870297 11.8164 0.428054
0.0143627 0.0119802 -0.0167351
164
1
0.843991 11.7915 0.464067
0.0175045 0.014435 -0.0172071
165
1
0.814215 11.7631 0.49565
0.0190741 0.0164426 -0.014914
166
1
0.783035 11.7312 0.522263
0.0165746 0.0156464 -0.0101075
167
1
0.752644 11.6974 0.54404
0.0162834 0.0160492 -0.00934981
168
1
0.724605 11.6609 0.563109
0.0160737 0.0200177 -0.00881525
169
1
0.69985 11.6237 0.579352
0.0110888 0.0206762 -0.00662414
170
1
0.679697 11.5859 0.593309
0.00790591 0.0183627 -0.00501106
171
1
0.66284 11.5472 0.605408
0.00806613 0.0188508 -0.00348881
172
1
0.648583 11.5075 0.615678
0.00721637 0.0199249 -0.00230154
173
1
0.636815 11.4673 0.62504
0.00417538 0.0180913 -0.00281023
174
1
0.627941 11.4249 0.635552
0.00257982 0.0184527 -0.00412457
175
1
0.621226 11.3789 0.648877
0.00124025 0.0235452 -0.00595687
176
1
0.616412 11.3302 0.665228
-0.000664331 0.0259583 -0.00806368
177
1
0.613517 11.2803 0.685201
-0.000421898 0.0255928 -0.0112045
178
1
0.611759 11.2286 0.709126
0.00146704 0.0269029 -0.0139691
179
1
0.609986 11.1765 0.737191
0.00129604 0.0283923 -0.0148258
180
1
0.609537 11.1259 0.768022
-4.07816e-005 0.0290638 -0.0187372
181
1
0.610146 11.0758 0.802791
-0.000502319 0.0262729 -0.0205125
182
1
0.613043 11.0264 0.840296
-0.00178896 0.021024 -0.0170732
183
1
0.6196 10.9798 0.879679
-0.00405949 0.0196988 -0.0197299
184
1
0.628684 10.9345 0.923475
-0.00588358 0.0209693 -0.0254461
185
1
0.637669 10.8879 0.969984
-0.00595071 0.019939 -0.0204653
186
1
0.645129 10.8399 1.0155
-0.00432495 0.0236366 -0.0209898
187
1
0.650937 10.7903 1.0621
-0.00201885 0.0273811 -0.0240842
188
1
0.65421 10.7395 1.11191
-0.00173827 0.0243808 -0.0246954
189
1
0.655339 10.6862 1.16458
-0.00163521 0.0219561 -0.0232461
190
1
0.653807 10.6213 1.22007
0.00208355 0.0380765 -0.0321536
191
1
0.645438 10.5456 1.27757
0.00664946 0.0437384 -0.0313486
192
1
0.627689 10.4699 1.33701
0.0114672 0.0313462 -0.0282709
193
1
0.59923 10.3982 1.40307
0.0160703 0.0359038 -0.0371473
