194
0
1
0.877664 3.97153 0.548926
0.0283695 -0.0346242 0.00555413
1
1
0.817239 4.03876 0.543492
0.029626 -0.035822 -0.000265033
2
1
0.751333 4.10767 0.548033
0.0330656 -0.0352018 -0.0056282
3
1
0.678039 4.17424 0.562245
0.0375924 -0.0328247 -0.0113481
4
1
0.595782 4.23545 0.584601
0.0423185 -0.0288445 -0.0142153
5
1
0.504205 4.28786 0.612305
0.0468823 -0.0232094 -0.0162053
6
1
0.403513 4.32943 0.641156
0.0518698 -0.0177441 -0.0148789
7
1
0.294541 4.35991 0.665845
0.0560873 -0.0120095 -0.0113271
8
1
0.179247 4.38004 0.683202
0.0587322 -0.00719422 -0.00679098
9
1
0.060138 4.38999 0.691693
0.0600969 -0.00227204 -0.00207338
10
1
-0.060138 4.38999 0.691693
0.0600969 0.00227204 0.00207338
11
1
-0.179247 4.38004 0.683202
0.0587322 0.00719422 0.00679098
12
1
-0.294541 4.35991 0.665845
0.0560873 0.0120095 0.0113271
13
1
-0.403513 4.32943 0.641156
0.0518698 0.0177441 0.0148789
14
1
-0.504205 4.28786 0.612305
0.0468823 0.0232094 0.0162053
15
1
-0.595782 4.23545 0.584601
0.0423185 0.0288445 0.0142153
16
1
-0.678039 4.17424 0.562245
0.0375924 0.0328247 0.0113481
17
1
-0.751333 4.10767 0.548033
0.0330656 0.0352018 0.0056282
18
1
-0.817239 4.03876 0.543492
0.029626 0.035822 0.000265033
19
1
-0.877664 3.97153 0.548926
0.0283695 0.0346242 -0.00555413
20
1
-0.934443 3.90926 0.56275
0.0265948 0.0308541 -0.0100749
21
1
-0.989112 3.85344 0.582958
0.0254314 0.0265587 -0.0123492
22
1
-1.04294 3.80466 0.607514
0.0262059 0.0227201 -0.0148687
23
1
-1.09714 3.7619 0.634899
0.0255428 0.0192314 -0.0151335
24
1
-1.15178 3.72453 0.662841
0.0265372 0.0168888 -0.0146907
25
1
-1.20724 3.69118 0.689599
0.0282206 0.0150348 -0.0134199
26
1
-1.26336 3.66072 0.71387
0.0275339 0.0135017 -0.0118485
27
1
-1.31966 3.63184 0.734468
0.027741 0.0128301 -0.0100348
28
1
-1.37629 3.60396 0.751516
0.0291517 0.0128007 -0.00793965
29
1
-1.43354 3.57741 0.765094
0.0288258 0.0122857 -0.0064873
30
1
-1.49109 3.5523 0.775515
0.0282095 0.0116286 -0.00541858
31
1
-1.54879 3.52867 0.783669
0.0287053 0.0114955 -0.00408119
32
1
-1.60661 3.50675 0.790223
0.0289875 0.0111499 -0.00304719
33
1
-1.66437 3.48667 0.795412
0.028792 0.0101777 -0.00250341
34
1
-1.72174 3.46812 0.799306
0.0287002 0.00917674 -0.00204317
35
1
-1.77839 3.45084 0.802155
0.028117 0.00827422 -0.00168186
36
1
-1.83415 3.43515 0.803851
0.0268826 0.00738641 -0.00147131
37
1
-1.88937 3.42145 0.803685
0.0263667 0.00672979 -0.000762834
38
1
-1.94456 3.40936 0.800832
0.0270871 0.006099 0.000966897
39
1
-1.99975 3.39867 0.794589
0.0277977 0.0049508 0.00311338
40
1
-2.0542 3.38945 0.784412
0.02755 0.00351946 0.00530756
41
1
-2.1072 3.38175 0.769766
0.0266365 0.00271252 0.0081903
42
1
-2.15838 3.37458 0.750024
0.0256009 0.002882 0.0113103
43
1
-2.20805 3.36739 0.725401
0.0248264 0.0034498 0.0136483
44
1
-2.25647 3.35948 0.696019
0.0243469 0.00376167 0.0156536
45
1
-2.30402 3.35107 0.661924
0.0240056 0.00362984 0.0183803
46
1
-2.35051 3.34294 0.622932
0.0235336 0.00323179 0.0215224
47
1
-2.39543 3.33544 0.579698
0.0230591 0.00318111 0.0235883
48
1
-2.43841 3.32847 0.533471
0.0227328 0.00362399 0.024302
49
1
-2.47909 3.32184 0.485394
0.0219452 0.00379309 0.0248714
50
1
-2.51691 3.31583 0.436243
0.0200167 0.00369178 0.0254892
51
1
-2.55144 3.31009 0.386157
0.0173384 0.00396052 0.0262552
52
1
-2.58202 3.30413 0.33438
0.0144498 0.0045307 0.0271789
53
1
-2.60778 3.29795 0.280708
0.0116055 0.00476824 0.0280806
54
1
-2.62808 3.29149 0.225581
0.00894287 0.00441414 0.0287356
55
1
-2.64313 3.28514 0.169608
0.00653949 0.00365656 0.0291119
56
1
-2.65335 3.27936 0.113233
0.00424819 0.00265075 0.029109
57
1
-2.65927 3.27535 0.0566433
0.00204564 0.00136167 0.0287598
58
1
-2.66129 3.2738 -2.95925e-015
1.08235e-016 6.11766e-016 0.0285386
59
1
-2.65927 3.27535 -0.0566433
-0.00204564 -0.00136167 0.0287598
60
1
-2.65335 3.27936 -0.113233
-0.00424819 -0.00265075 0.029109
61
1
-2.64313 3.28514 -0.169608
-0.00653949 -0.00365656 0.0291119
62
1
-2.62808 3.29149 -0.225581
-0.00894287 -0.00441414 0.0287356
63
1
-2.60778 3.29795 -0.280708
-0.0116055 -0.00476824 0.0280806
64
1
-2.58202 3.30413 -0.33438
-0.0144498 -0.0045307 0.0271789
65
1
-2.55144 3.31009 -0.386157
-0.0173384 -0.00396052 0.0262552
66
1
-2.51691 3.31583 -0.436243
-0.0200167 -0.00369178 0.0254892
67
1
-2.47909 3.32184 -0.485394
-0.0219452 -0.00379309 0.0248714
68
1
-2.43841 3.32847 -0.533471
-0.0227328 -0.00362399 0.024302
69
1
-2.39543 3.33544 -0.579698
-0.0230591 -0.00318111 0.0235883
70
1
-2.35051 3.34294 -0.622932
-0.0235336 -0.00323179 0.0215224
71
1
-2.30402 3.35107 -0.661924
-0.0240056 -0.00362984 0.0183803
72
1
-2.25647 3.35948 -0.696019
-0.0243469 -0.00376167 0.0156536
73
1
-2.20805 3.36739 -0.725401
-0.0248264 -0.0034498 0.0136483
74
1
-2.15838 3.37458 -0.750024
-0.0256009 -0.002882 0.0113103
75
1
-2.1072 3.38175 -0.769766
-0.0266365 -0.00271252 0.0081903
76
1
-2.0542 3.38945 -0.784412
-0.02755 -0.00351946 0.00530756
77
1
-1.99975 3.39867 -0.794589
-0.0277977 -0.0049508 0.00311338
78
1
-1.94456 3.40936 -0.800832
-0.0270871 -0.006099 0.000966897
79
1
-1.88937 3.42145 -0.803685
-0.0263667 -0.00672979 -0.000762834
80
1
-1.83415 3.43515 -0.803851
-0.0268826 -0.00738641 -0.00147131
81
1
-1.77839 3.45084 -0.802155
-0.028117 -0.00827422 -0.00168186
82
1
-1.72174 3.46812 -0.799306
-0.0287002 -0.00917674 -0.00204317
83
1
-1.66437 3.48667 -0.795412
-0.028792 -0.0101777 -0.00250341
84
1
-1.60661 3.50675 -0.790223
-0.0289875 -0.0111499 -0.00304719
85
1
-1.54879 3.52867 -0.783669
-0.0287053 -0.0114955 -0.00408119
86
1
-1.49109 3.5523 -0.775515
-0.0282095 -0.0116286 -0.00541858
87
1
-1.43354 3.57741 -0.765094
-0.0288258 -0.0122857 -0.0064873
88
1
-1.37629 3.60396 -0.751516
-0.0291517 -0.0128007 -0.00793965
89
1
-1.31966 3.63184 -0.734468
-0.027741 -0.0128301 -0.0100348
90
1
-1.26336 3.66072 -0.71387
-0.0275339 -0.0135017 -0.0118485
91
1
-1.20724 3.69118 -0.689599
-0.0282206 -0.0150348 -0.0134199
92
1
-1.15178 3.72453 -0.662841
-0.0265372 -0.0168888 -0.0146907
93
1
-1.09714 3.7619 -0.634899
-0.0255428 -0.0192314 -0.0151335
94
1
-1.04294 3.80466 -0.607514
-0.0262059 -0.0227201 -0.0148687
95
1
-0.989112 3.85344 -0.582958
-0.0254314 -0.0265587 -0.0123492
96
1
-0.934443 3.90926 -0.56275
-0.0265948 -0.0308541 -0.0100749
97
1
-0.877664 3.97153 -0.548926
-0.0283695 -0.0346242 -0.00555413
98
1
-0.817239 4.03876 -0.543492
-0.029626 -0.035822 0.000265033
99
1
-0.751333 4.10767 -0.548033
-0.0330656 -0.0352018 0.0056282
100
1
-0.678039 4.17424 -0.562245
-0.0375924 -0.0328247 0.0113481
101
1
-0.595782 4.23545 -0.584601
-0.0423185 -0.0288445 0.0142153
102
1
-0.504205 4.28786 -0.612305
-0.0468823 -0.0232094 0.0162053
103
1
-0.403513 4.32943 -0.641156
-0.0518698 -0.0177441 0.0148789
104
1
-0.294541 4.35991 -0.665845
-0.0560873 -0.0120095 0.0113271
105
1
-0.179247 4.38004 -0.683202
-0.0587322 -0.00719422 0.00679098
106
1
-0.060138 4.38999 -0.691693
-0.0600969 -0.00227204 0.00207338
107
1
0.060138 4.38999 -0.691693
-0.0600969 0.00227204 -0.00207338
108
1
0.179247 4.38004 -0.683202
-0.0587322 0.00719422 -0.00679098
109
1
0.294541 4.35991 -0.665845
-0.0560873 0.0120095 -0.0113271
110
1
0.403513 4.32943 -0.641156
-0.0518698 0.0177441 -0.0148789
111
1
0.504205 4.28786 -0.612305
-0.0468823 0.0232094 -0.0162053
112
1
0.595782 4.23545 -0.584601
-0.0423185 0.0288445 -0.0142153
113
1
0.678039 4.17424 -0.562245
-0.0375924 0.0328247 -0.0113481
114
1
0.751333 4.10767 -0.548033
-0.0330656 0.0352018 -0.0056282
115
1
0.817239 4.03876 -0.543492
-0.029626 0.035822 -0.000265033
116
1
0.877664 3.97153 -0.548926
-0.0283695 0.0346242 0.00555413
117
1
0.934443 3.90926 -0.56275
-0.0265948 0.0308541 0.0100749
118
1
0.989112 3.85344 -0.582958
-0.0254314 0.0265587 0.0123492
119
1
1.04294 3.80466 -0.607514
-0.0262059 0.0227201 0.0148687
120
1
1.09714 3.7619 -0.634899
-0.0255428 0.0192314 0.0151335
121
1
1.15178 3.72453 -0.662841
-0.0265372 0.0168888 0.0146907
122
1
1.20724 3.69118 -0.689599
-0.0282206 0.0150348 0.0134199
123
1
1.26336 3.66072 -0.71387
-0.0275339 0.0135017 0.0118485
124
1
1.31966 3.63184 -0.734468
-0.027741 0.0128301 0.0100348
125
1
1.37629 3.60396 -0.751516
-0.0291517 0.0128007 0.00793965
126
1
1.43354 3.57741 -0.765094
-0.0288258 0.0122857 0.0064873
127
1
1.49109 3.5523 -0.775515
-0.0282095 0.0116286 0.00541858
128
1
1.54879 3.52867 -0.783669
-0.0287053 0.0114955 0.00408119
129
1
1.60661 3.50675 -0.790223
-0.0289875 0.0111499 0.00304719
130
1
1.66437 3.48667 -0.795412
-0.028792 0.0101777 0.00250341
131
1
1.72174 3.46812 -0.799306
-0.0287002 0.00917674 0.00204317
132
1
1.77839 3.45084 -0.802155
-0.028117 0.00827422 0.00168186
133
1
1.83415 3.43515 -0.803851
-0.0268826 0.00738641 0.00147131
134
1
1.88937 3.42145 -0.803685
-0.0263667 0.00672979 0.000762834
135
1
1.94456 3.40936 -0.800832
-0.0270871 0.006099 -0.000966897
136
1
1.99975 3.39867 -0.794589
-0.0277977 0.0049508 -0.00311338
137
1
2.0542 3.38945 -0.784412
-0.02755 0.00351946 -0.00530756
138
1
2.1072 3.38175 -0.769766
-0.0266365 0.00271252 -0.0081903
139
1
2.15838 3.37458 -0.750024
-0.0256009 0.002882 -0.0113103
140
1
2.20805 3.36739 -0.725401
-0.0248264 0.0034498 -0.0136483
141
1
2.25647 3.35948 -0.696019
-0.0243469 0.00376167 -0.0156536
142
1
2.30402 3.35107 -0.661924
-0.0240056 0.00362984 -0.0183803
143
1
2.35051 3.34294 -0.622932
-0.0235336 0.00323179 -0.0215224
144
1
2.39543 3.33544 -0.579698
-0.0230591 0.00318111 -0.0235883
145
1
2.43841 3.32847 -0.533471
-0.0227328 0.00362399 -0.024302
146
1
2.47909 3.32184 -0.485394
-0.0219452 0.00379309 -0.0248714
147
1
2.51691 3.31583 -0.436243
-0.0200167 0.00369178 -0.0254892
148
1
2.55144 3.31009 -0.386157
-0.0173384 0.00396052 -0.0262552
149
1
2.58202 3.30413 -0.33438
-0.0144498 0.0045307 -0.0271789
150
1
2.60778 3.29795 -0.280708
-0.0116055 0.00476824 -0.0280806
151
1
2.62808 3.29149 -0.225581
-0.00894287 0.00441414 -0.0287356
152
1
2.64313 3.28514 -0.169608
-0.00653949 0.00365656 -0.0291119
153
1
2.65335 3.27936 -0.113233
-0.00424819 0.00265075 -0.029109
154
1
2.65927 3.27535 -0.0566433
-0.00204564 0.00136167 -0.0287598
155
1
2.66129 3.2738 -4.8571e-015
1.43401e-017 -2.12042e-016 -0.0285386
156
1
2.65927 3.27535 0.0566433
0.00204564 -0.00136167 -0.0287598
157
1
2.65335 3.27936 0.113233
0.00424819 -0.00265075 -0.029109
158
1
2.64313 3.28514 0.169608
0.00653949 -0.00365656 -0.0291119
159
1
2.62808 3.29149 0.225581
0.00894287 -0.00441414 -0.0287356
160
1
2.60778 3.29795 0.280708
0.0116055 -0.00476824 -0.0280806
161
1
2.58202 3.30413 0.33438
0.0144498 -0.0045307 -0.0271789
162
1
2.55144 3.31009 0.386157
0.0173384 -0.00396052 -0.0262552
163
1
2.51691 3.31583 0.436243
0.0200167 -0.00369178 -0.0254892
164
1
2.47909 3.32184 0.485394
0.0219452 -0.00379309 -0.0248714
165
1
2.43841 3.32847 0.533471
0.0227328 -0.00362399 -0.024302
166
1
2.39543 3.33544 0.579698
0.0230591 -0.00318111 -0.0235883
167
1
2.35051 3.34294 0.622932
0.0235336 -0.00323179 -0.0215224
168
1
2.30402 3.35107 0.661924
0.0240056 -0.00362984 -0.0183803
169
1
2.25647 3.35948 0.696019
0.0243469 -0.00376167 -0.0156536
170
1
2.20805 3.36739 0.725401
0.0248264 -0.0034498 -0.0136483
171
1
2.15838 3.37458 0.750024
0.0256009 -0.002882 -0.0113103
172
1
2.1072 3.38175 0.769766
0.0266365 -0.00271252 -0.0081903
173
1
2.0542 3.38945 0.784412
0.02755 -0.00351946 -0.00530756
174
1
1.99975 3.39867 0.794589
0.0277977 -0.0049508 -0.00311338
175
1
1.94456 3.40936 0.800832
0.0270871 -0.006099 -0.000966897
176
1
1.88937 3.42145 0.803685
0.0263667 -0.00672979 0.000762834
177
1
1.83415 3.43515 0.803851
0.0268826 -0.00738641 0.00147131
178
1
1.77839 3.45084 0.802155
0.028117 -0.00827422 0.00168186
179
1
1.72174 3.46812 0.799306
0.0287002 -0.00917674 0.00204317
180
1
1.66437 3.48667 0.795412
0.028792 -0.0101777 0.00250341
181
1
1.60661 3.50675 0.790223
0.0289875 -0.0111499 0.00304719
182
1
1.54879 3.52867 0.783669
0.0287053 -0.0114955 0.00408119
183
1
1.49109 3.5523 0.775515
0.0282095 -0.0116286 0.00541858
184
1
1.43354 3.57741 0.765094
0.0288258 -0.0122857 0.0064873
185
1
1.37629 3.60396 0.751516
0.0291517 -0.0128007 0.00793965
186
1
1.31966 3.63184 0.734468
0.027741 -0.0128301 0.0100348
187
1
1.26336 3.66072 0.71387
0.0275339 -0.0135017 0.0118485
188
1
1.20724 3.69118 0.689599
0.0282206 -0.0150348 0.0134199
189
1
1.15178 3.72453 0.662841
0.0265372 -0.0168888 0.0146907
190
1
1.09714 3.7619 0.634899
0.0255428 -0.0192314 0.0151335
191
1
1.04294 3.80466 0.607514
0.0262059 -0.0227201 0.0148687
192
1
0.989112 3.85344 0.582958
0.0254314 -0.0265587 0.0123492
193
1
0.934443 3.90926 0.56275
0.0265948 -0.0308541 0.0100749
