194
0
1
0.739128 1.68351 2.30293
0.0239821 -0.0256572 -0.019734
1
1
0.689279 1.73194 2.34178
0.0275626 -0.0248371 -0.0190311
2
1
0.631484 1.77901 2.37869
0.0305505 -0.0236632 -0.0179989
3
1
0.566359 1.82323 2.41289
0.0342689 -0.0217893 -0.0168139
4
1
0.493736 1.86241 2.44335
0.0373735 -0.01887 -0.0141988
5
1
0.414362 1.89514 2.46977
0.0408394 -0.0146973 -0.0115379
6
1
0.329041 1.92082 2.49209
0.0440253 -0.0106477 -0.0095814
7
1
0.238723 1.93961 2.50979
0.0462075 -0.007487 -0.00721253
8
1
0.144708 1.95174 2.52236
0.0477253 -0.00447708 -0.0042397
9
1
0.0484831 1.95757 2.52899
0.0485526 -0.00145141 -0.00136281
10
1
-0.0484831 1.95757 2.52899
0.0485526 0.00145141 0.00136281
11
1
-0.144708 1.95174 2.52236
0.0477253 0.00447708 0.0042397
12
1
-0.238723 1.93961 2.50979
0.0462075 0.007487 0.00721253
13
1
-0.329041 1.92082 2.49209
0.0440253 0.0106477 0.0095814
14
1
-0.414362 1.89514 2.46977
0.0408394 0.0146973 0.0115379
15
1
-0.493736 1.86241 2.44335
0.0373735 0.01887 0.0141988
16
1
-0.566359 1.82323 2.41289
0.0342689 0.0217893 0.0168139
17
1
-0.631484 1.77901 2.37869
0.0305505 0.0236632 0.0179989
18
1
-0.689279 1.73194 2.34178
0.0275626 0.0248371 0.0190311
19
1
-0.739128 1.68351 2.30293
0.0239821 0.0256572 0.019734
20
1
-0.780511 1.63504 2.26247
0.0187902 0.02541 0.0200423
21
1
-0.813752 1.58738 2.2203
0.014375 0.0246148 0.0209936
22
1
-0.839044 1.54117 2.17584
0.010007 0.0236592 0.0220048
23
1
-0.856851 1.49615 2.1294
0.00644535 0.022678 0.0231303
24
1
-0.868842 1.45263 2.08137
0.00398115 0.0215852 0.024092
25
1
-0.876421 1.41126 2.03157
0.00295944 0.0204371 0.0248938
26
1
-0.880401 1.37185 1.98043
0.00224334 0.0189139 0.0258968
27
1
-0.881866 1.33446 1.92832
0.000995509 0.0174895 0.0267624
28
1
-0.880713 1.29914 1.87534
-0.000530928 0.0167125 0.0270406
29
1
-0.876302 1.26539 1.82198
-0.00199838 0.0162973 0.026953
30
1
-0.868516 1.23246 1.76901
-0.00353857 0.0157499 0.0268134
31
1
-0.858032 1.20025 1.71667
-0.00539768 0.0149302 0.0266584
32
1
-0.845499 1.16959 1.66437
-0.0075188 0.0139309 0.0264833
33
1
-0.830777 1.14181 1.61135
-0.00958162 0.0127416 0.0263786
34
1
-0.813255 1.11806 1.55736
-0.011313 0.0112517 0.0264013
35
1
-0.792442 1.09877 1.50279
-0.0125941 0.00943086 0.0265321
36
1
-0.768613 1.08362 1.44811
-0.0133985 0.00735958 0.0267803
37
1
-0.742732 1.07202 1.39333
-0.0137438 0.00518866 0.0271779
38
1
-0.716106 1.06353 1.33804
-0.0136729 0.00308055 0.0277222
39
1
-0.689915 1.05806 1.2817
-0.0132355 0.00117371 0.028369
40
1
-0.664985 1.05558 1.22397
-0.012489 -0.000439857 0.0290658
41
1
-0.641795 1.05597 1.16477
-0.0115027 -0.00172208 0.0297767
42
1
-0.620577 1.05881 1.10417
-0.0103532 -0.00267506 0.0304857
43
1
-0.601455 1.06354 1.04223
-0.00911881 -0.00332546 0.0311848
44
1
-0.584498 1.06956 0.978993
-0.00787194 -0.00371249 0.0318644
45
1
-0.569711 1.07633 0.914501
-0.00667269 -0.00387989 0.0325128
46
1
-0.557048 1.0834 0.848799
-0.00556363 -0.00387115 0.0331194
47
1
-0.546392 1.09044 0.781958
-0.00457022 -0.00372734 0.0336766
48
1
-0.537571 1.09722 0.71407
-0.00370318 -0.00348558 0.0341806
49
1
-0.530375 1.10356 0.645237
-0.00296231 -0.00317815 0.03463
50
1
-0.524587 1.10933 0.575564
-0.00233983 -0.00283109 0.035025
51
1
-0.519992 1.11448 0.505158
-0.001824 -0.00246439 0.0353671
52
1
-0.516401 1.11894 0.434121
-0.00140024 -0.00209185 0.0356578
53
1
-0.51364 1.1227 0.362554
-0.00105413 -0.00172268 0.0358991
54
1
-0.511569 1.12576 0.290552
-0.0007706 -0.00136127 0.0360931
55
1
-0.510073 1.12813 0.218208
-0.000536507 -0.00100965 0.0362418
56
1
-0.509068 1.1298 0.145611
-0.000337787 -0.000666873 0.0363467
57
1
-0.508488 1.13081 0.0728472
-0.000162999 -0.00033146 0.0364091
58
1
-0.508301 1.13114 -9.17577e-017
3.2085e-017 4.95334e-017 0.0364299
59
1
-0.508488 1.13081 -0.0728472
0.000162999 0.00033146 0.0364091
60
1
-0.509068 1.1298 -0.145611
0.000337787 0.000666873 0.0363467
61
1
-0.510073 1.12813 -0.218208
0.000536507 0.00100965 0.0362418
62
1
-0.511569 1.12576 -0.290552
0.0007706 0.00136127 0.0360931
63
1
-0.51364 1.1227 -0.362554
0.00105413 0.00172268 0.0358991
64
1
-0.516401 1.11894 -0.434121
0.00140024 0.00209185 0.0356578
65
1
-0.519992 1.11448 -0.505158
0.001824 0.00246439 0.0353671
66
1
-0.524587 1.10933 -0.575564
0.00233983 0.00283109 0.035025
67
1
-0.530375 1.10356 -0.645237
0.00296231 0.00317815 0.03463
68
1
-0.537571 1.09722 -0.71407
0.00370318 0.00348558 0.0341806
69
1
-0.546392 1.09044 -0.781958
0.00457022 0.00372734 0.0336766
70
1
-0.557048 1.0834 -0.848799
0.00556363 0.00387115 0.0331194
71
1
-0.569711 1.07633 -0.914501
0.00667269 0.00387989 0.0325128
72
1
-0.584498 1.06956 -0.978993
0.00787194 0.00371249 0.0318644
73
1
-0.601455 1.06354 -1.04223
0.00911881 0.00332546 0.0311848
74
1
-0.620577 1.05881 -1.10417
0.0103532 0.00267506 0.0304857
75
1
-0.641795 1.05597 -1.16477
0.0115027 0.00172208 0.0297767
76
1
-0.664985 1.05558 -1.22397
0.012489 0.000439857 0.0290658
77
1
-0.689915 1.05806 -1.2817
0.0132355 -0.00117371 0.028369
78
1
-0.716106 1.06353 -1.33804
0.0136729 -0.00308055 0.0277222
79
1
-0.742732 1.07202 -1.39333
0.0137438 -0.00518866 0.0271779
80
1
-0.768613 1.08362 -1.44811
0.0133985 -0.00735958 0.0267803
81
1
-0.792442 1.09877 -1.50279
0.0125941 -0.00943086 0.0265321
82
1
-0.813255 1.11806 -1.55736
0.011313 -0.0112517 0.0264013
83
1
-0.830777 1.14181 -1.61135
0.00958162 -0.0127416 0.0263786
84
1
-0.845499 1.16959 -1.66437
0.0075188 -0.0139309 0.0264833
85
1
-0.858032 1.20025 -1.71667
0.00539768 -0.0149302 0.0266584
86
1
-0.868516 1.23246 -1.76901
0.00353857 -0.0157499 0.0268134
87
1
-0.876302 1.26539 -1.82198
0.00199838 -0.0162973 0.026953
88
1
-0.880713 1.29914 -1.87534
0.000530928 -0.0167125 0.0270406
89
1
-0.881866 1.33446 -1.92832
-0.000995509 -0.0174895 0.0267624
90
1
-0.880401 1.37185 -1.98043
-0.00224334 -0.0189139 0.0258968
91
1
-0.876421 1.41126 -2.03157
-0.00295944 -0.0204371 0.0248938
92
1
-0.868842 1.45263 -2.08137
-0.00398115 -0.0215852 0.024092
93
1
-0.856851 1.49615 -2.1294
-0.00644535 -0.022678 0.0231303
94
1
-0.839044 1.54117 -2.17584
-0.010007 -0.0236592 0.0220048
95
1
-0.813752 1.58738 -2.2203
-0.014375 -0.0246148 0.0209936
96
1
-0.780511 1.63504 -2.26247
-0.0187902 -0.02541 0.0200423
97
1
-0.739128 1.68351 -2.30293
-0.0239821 -0.0256572 0.019734
98
1
-0.689279 1.73194 -2.34178
-0.0275626 -0.0248371 0.0190311
99
1
-0.631484 1.77901 -2.37869
-0.0305505 -0.0236632 0.0179989
100
1
-0.566359 1.82323 -2.41289
-0.0342689 -0.0217893 0.0168139
101
1
-0.493736 1.86241 -2.44335
-0.0373735 -0.01887 0.0141988
102
1
-0.414362 1.89514 -2.46977
-0.0408394 -0.0146973 0.0115379
103
1
-0.329041 1.92082 -2.49209
-0.0440253 -0.0106477 0.0095814
104
1
-0.238723 1.93961 -2.50979
-0.0462075 -0.007487 0.00721253
105
1
-0.144708 1.95174 -2.52236
-0.0477253 -0.00447708 0.0042397
106
1
-0.0484831 1.95757 -2.52899
-0.0485526 -0.00145141 0.00136281
107
1
0.0484831 1.95757 -2.52899
-0.0485526 0.00145141 -0.00136281
108
1
0.144708 1.95174 -2.52236
-0.0477253 0.00447708 -0.0042397
109
1
0.238723 1.93961 -2.50979
-0.0462075 0.007487 -0.00721253
110
1
0.329041 1.92082 -2.49209
-0.0440253 0.0106477 -0.0095814
111
1
0.414362 1.89514 -2.46977
-0.0408394 0.0146973 -0.0115379
112
1
0.493736 1.86241 -2.44335
-0.0373735 0.01887 -0.0141988
113
1
0.566359 1.82323 -2.41289
-0.0342689 0.0217893 -0.0168139
114
1
0.631484 1.77901 -2.37869
-0.0305505 0.0236632 -0.0179989
115
1
0.689279 1.73194 -2.34178
-0.0275626 0.0248371 -0.0190311
116
1
0.739128 1.68351 -2.30293
-0.0239821 0.0256572 -0.019734
117
1
0.780511 1.63504 -2.26247
-0.0187902 0.02541 -0.0200423
118
1
0.813752 1.58738 -2.2203
-0.014375 0.0246148 -0.0209936
119
1
0.839044 1.54117 -2.17584
-0.010007 0.0236592 -0.0220048
120
1
0.856851 1.49615 -2.1294
-0.00644535 0.022678 -0.0231303
121
1
0.868842 1.45263 -2.08137
-0.00398115 0.0215852 -0.024092
122
1
0.876421 1.41126 -2.03157
-0.00295944 0.0204371 -0.0248938
123
1
0.880401 1.37185 -1.98043
-0.00224334 0.0189139 -0.0258968
124
1
0.881866 1.33446 -1.92832
-0.000995509 0.0174895 -0.0267624
125
1
0.880713 1.29914 -1.87534
0.000530928 0.0167125 -0.0270406
126
1
0.876302 1.26539 -1.82198
0.00199838 0.0162973 -0.026953
127
1
0.868516 1.23246 -1.76901
0.00353857 0.0157499 -0.0268134
128
1
0.858032 1.20025 -1.71667
0.00539768 0.0149302 -0.0266584
129
1
0.845499 1.16959 -1.66437
0.0075188 0.0139309 -0.0264833
130
1
0.830777 1.14181 -1.61135
0.00958162 0.0127416 -0.0263786
131
1
0.813255 1.11806 -1.55736
0.011313 0.0112517 -0.0264013
132
1
0.792442 1.09877 -1.50279
0.0125941 0.00943086 -0.0265321
133
1
0.768613 1.08362 -1.44811
0.0133985 0.00735958 -0.0267803
134
1
0.742732 1.07202 -1.39333
0.0137438 0.00518866 -0.0271779
135
1
0.716106 1.06353 -1.33804
0.0136729 0.00308055 -0.0277222
136
1
0.689915 1.05806 -1.2817
0.0132355 0.00117371 -0.028369
137
1
0.664985 1.05558 -1.22397
0.012489 -0.000439857 -0.0290658
138
1
0.641795 1.05597 -1.16477
0.0115027 -0.00172208 -0.0297767
139
1
0.620577 1.05881 -1.10417
0.0103532 -0.00267506 -0.0304857
140
1
0.601455 1.06354 -1.04223
0.00911881 -0.00332546 -0.0311848
141
1
0.584498 1.06956 -0.978993
0.00787194 -0.00371249 -0.0318644
142
1
0.569711 1.07633 -0.914501
0.00667269 -0.00387989 -0.0325128
143
1
0.557048 1.0834 -0.848799
0.00556363 -0.00387115 -0.0331194
144
1
0.546392 1.09044 -0.781958
0.00457022 -0.00372734 -0.0336766
145
1
0.537571 1.09722 -0.71407
0.00370318 -0.00348558 -0.0341806
146
1
0.530375 1.10356 -0.645237
0.00296231 -0.00317815 -0.03463
147
1
0.524587 1.10933 -0.575564
0.00233983 -0.00283109 -0.035025
148
1
0.519992 1.11448 -0.505158
0.001824 -0.00246439 -0.0353671
149
1
0.516401 1.11894 -0.434121
0.00140024 -0.00209185 -0.0356578
150
1
0.51364 1.1227 -0.362554
0.00105413 -0.00172268 -0.0358991
151
1
0.511569 1.12576 -0.290552
0.0007706 -0.00136127 -0.0360931
152
1
0.510073 1.12813 -0.218208
0.000536507 -0.00100965 -0.0362418
153
1
0.509068 1.1298 -0.145611
0.000337787 -0.000666873 -0.0363467
154
1
0.508488 1.13081 -0.0728472
0.000162999 -0.00033146 -0.0364091
155
1
0.508301 1.13114 -3.53928e-017
-2.23344e-017 -3.03193e-017 -0.0364299
156
1
0.508488 1.13081 0.0728472
-0.000162999 0.00033146 -0.0364091
157
1
0.509068 1.1298 0.145611
-0.000337787 0.000666873 -0.0363467
158
1
0.510073 1.12813 0.218208
-0.000536507 0.00100965 -0.0362418
159
1
0.511569 1.12576 0.290552
-0.0007706 0.00136127 -0.0360931
160
1
0.51364 1.1227 0.362554
-0.00105413 0.00172268 -0.0358991
161
1
0.516401 1.11894 0.434121
-0.00140024 0.00209185 -0.0356578
162
1
0.519992 1.11448 0.505158
-0.001824 0.00246439 -0.0353671
163
1
0.524587 1.10933 0.575564
-0.00233983 0.00283109 -0.035025
164
1
0.530375 1.10356 0.645237
-0.00296231 0.00317815 -0.03463
165
1
0.537571 1.09722 0.71407
-0.00370318 0.00348558 -0.0341806
166
1
0.546392 1.09044 0.781958
-0.00457022 0.00372734 -0.0336766
167
1
0.557048 1.0834 0.848799
-0.00556363 0.00387115 -0.0331194
168
1
0.569711 1.07633 0.914501
-0.00667269 0.00387989 -0.0325128
169
1
0.584498 1.06956 0.978993
-0.00787194 0.00371249 -0.0318644
170
1
0.601455 1.06354 1.04223
-0.00911881 0.00332546 -0.0311848
171
1
0.620577 1.05881 1.10417
-0.0103532 0.00267506 -0.0304857
172
1
0.641795 1.05597 1.16477
-0.0115027 0.00172208 -0.0297767
173
1
0.664985 1.05558 1.22397
-0.012489 0.000439857 -0.0290658
174
1
0.689915 1.05806 1.2817
-0.0132355 -0.00117371 -0.028369
175
1
0.716106 1.06353 1.33804
-0.0136729 -0.00308055 -0.0277222
176
1
0.742732 1.07202 1.39333
-0.0137438 -0.00518866 -0.0271779
177
1
0.768613 1.08362 1.44811
-0.0133985 -0.00735958 -0.0267803
178
1
0.792442 1.09877 1.50279
-0.0125941 -0.00943086 -0.0265321
179
1
0.813255 1.11806 1.55736
-0.011313 -0.0112517 -0.0264013
180
1
0.830777 1.14181 1.61135
-0.00958162 -0.0127416 -0.0263786
181
1
0.845499 1.16959 1.66437
-0.0075188 -0.0139309 -0.0264833
182
1
0.858032 1.20025 1.71667
-0.00539768 -0.0149302 -0.0266584
183
1
0.868516 1.23246 1.76901
-0.00353857 -0.0157499 -0.0268134
184
1
0.876302 1.26539 1.82198
-0.00199838 -0.0162973 -0.026953
185
1
0.880713 1.29914 1.87534
-0.000530928 -0.0167125 -0.0270406
186
1
0.881866 1.33446 1.92832
0.000995509 -0.0174895 -0.0267624
187
1
0.880401 1.37185 1.98043
0.00224334 -0.0189139 -0.0258968
188
1
0.876421 1.41126 2.03157
0.00295944 -0.0204371 -0.0248938
189
1
0.868842 1.45263 2.08137
0.00398115 -0.0215852 -0.024092
190
1
0.856851 1.49615 2.1294
0.00644535 -0.022678 -0.0231303
191
1
0.839044 1.54117 2.17584
0.010007 -0.0236592 -0.0220048
192
1
0.813752 1.58738 2.2203
0.014375 -0.0246148 -0.0209936
193
1
0.780511 1.63504 2.26247
0.0187902 -0.02541 -0.0200423
