194
0
1
0.774217 9.87368 0.83148
0.0131406 0.0487632 -0.00397614
1
1
0.75532 9.78872 0.835251
0.00942674 0.0390819 -0.00699819
2
1
0.720001 9.70066 0.84525
0.0202142 0.0440707 -0.0102328
3
1
0.661856 9.60689 0.85922
0.0378584 0.0521475 -0.0117474
4
1
0.591066 9.51923 0.867344
0.0377765 0.0423226 -0.00083844
5
1
0.506516 9.4388 0.862044
0.0419337 0.0353851 0.00968192
6
1
0.390369 9.38141 0.839962
0.0582916 0.0151779 0.011683
7
1
0.201382 9.38241 0.818813
0.0599031 -0.0296381 0.000959324
8
1
0.470525 6.8444 0.0562764
-0.00472134 0.048695 -0.00922387
9
1
1.20728 12.6139 0.057691
-0.0608831 0.0287015 0.00793523
10
1
-1.20728 12.6139 0.0576947
-0.0608832 -0.0287016 -0.00793496
11
1
-0.47055 6.84444 0.0560117
-0.00472181 -0.0486884 0.00925863
12
1
-0.201382 9.38241 0.818813
0.0599031 0.0296381 -0.000959277
13
1
-0.390369 9.38141 0.839962
0.0582916 -0.0151779 -0.011683
14
1
-0.506516 9.4388 0.862044
0.0419337 -0.0353851 -0.00968191
15
1
-0.591066 9.51923 0.867344
0.0377765 -0.0423227 0.000838435
16
1
-0.661856 9.60689 0.85922
0.0378584 -0.0521475 0.0117474
17
1
-0.720001 9.70066 0.84525
0.0202142 -0.0440707 0.0102328
18
1
-0.75532 9.78872 0.835251
0.00942674 -0.0390819 0.00699819
19
1
-0.774217 9.87368 0.83148
0.0131406 -0.0487632 0.00397614
20
1
-0.782029 9.9525 0.835733
0.000278692 -0.0385308 -0.00698176
21
1
-0.778572 10.0224 0.848804
-0.00847548 -0.0256517 -0.0120986
22
1
-0.76805 10.0836 0.869528
-0.010846 -0.0276573 -0.0133131
23
1
-0.757175 10.1408 0.89539
-0.0087359 -0.02642 -0.0132263
24
1
-0.749594 10.1933 0.921932
-0.00504099 -0.0216441 -0.0142918
25
1
-0.745574 10.2418 0.946241
-0.00339453 -0.022527 -0.013386
26
1
-0.744864 10.2889 0.966783
-0.00102944 -0.0217679 -0.00989241
27
1
-0.748298 10.3345 0.984306
0.00219908 -0.0204691 -0.00843071
28
1
-0.75733 10.3792 1.00044
0.00600631 -0.0209937 -0.00828904
29
1
-0.77392 10.4235 1.01454
0.0100437 -0.0222037 -0.00589785
30
1
-0.796812 10.4665 1.02483
0.014048 -0.0210829 -0.00379141
31
1
-0.824185 10.5087 1.03125
0.0172953 -0.019919 -0.00198232
32
1
-0.855309 10.5501 1.03517
0.0184517 -0.0195988 -0.00125573
33
1
-0.888748 10.5898 1.03669
0.0191628 -0.0190243 -0.00213371
34
1
-0.923423 10.6274 1.03502
0.0204202 -0.0187438 -0.000102088
35
1
-0.958092 10.664 1.02851
0.0180838 -0.0180954 0.00449127
36
1
-0.991621 10.6989 1.01795
0.0148866 -0.0166241 0.00561058
37
1
-1.02345 10.733 1.00409
0.016195 -0.0166073 0.00689967
38
1
-1.05497 10.7672 0.986974
0.0163777 -0.016859 0.0103007
39
1
-1.08591 10.801 0.966617
0.0122851 -0.0155443 0.0112472
40
1
-1.11442 10.8336 0.942496
0.0116633 -0.0162241 0.0123871
41
1
-1.14103 10.8653 0.91456
0.0141245 -0.0165688 0.0159072
42
1
-1.16764 10.8947 0.882765
0.0135128 -0.0128474 0.0174117
43
1
-1.19407 10.9209 0.847612
0.0119522 -0.0102443 0.0170697
44
1
-1.22098 10.9444 0.808346
0.0136556 -0.0104919 0.020528
45
1
-1.24935 10.9661 0.763609
0.0162667 -0.0108683 0.0272577
46
1
-1.28017 10.9866 0.714786
0.0158155 -0.00959803 0.0263581
47
1
-1.31278 11.0055 0.664011
0.0172533 -0.00922283 0.0238519
48
1
-1.34725 11.0239 0.611436
0.0207921 -0.0106693 0.0286589
49
1
-1.38058 11.0407 0.558013
0.0181959 -0.00965134 0.0295588
50
1
-1.41164 11.0553 0.503707
0.0146596 -0.0064083 0.0270688
51
1
-1.44096 11.0668 0.446187
0.0153557 -0.00504234 0.0302819
52
1
-1.46742 11.0749 0.385802
0.0148433 -0.00425042 0.0336894
53
1
-1.49071 11.0797 0.322625
0.012269 -0.000680949 0.0366075
54
1
-1.51067 11.0814 0.257816
0.0105367 0.00122758 0.0373984
55
1
-1.52673 11.0809 0.19245
0.00695706 0.000673561 0.0356494
56
1
-1.53814 11.0798 0.127922
0.0047898 0.00102356 0.0337487
57
1
-1.54532 11.0786 0.063067
0.00228711 0.00163211 0.0322872
58
1
-1.54778 11.0782 -7.14482e-008
2.13703e-009 1.5858e-009 0.0317772
59
1
-1.54532 11.0786 -0.0630671
-0.0022871 -0.00163211 0.0322872
60
1
-1.53814 11.0798 -0.127922
-0.00478979 -0.00102356 0.0337487
61
1
-1.52673 11.0809 -0.19245
-0.00695706 -0.000673558 0.0356494
62
1
-1.51067 11.0814 -0.257816
-0.0105367 -0.00122758 0.0373984
63
1
-1.49071 11.0797 -0.322625
-0.012269 0.000680952 0.0366075
64
1
-1.46742 11.0749 -0.385803
-0.0148433 0.00425042 0.0336894
65
1
-1.44096 11.0668 -0.446187
-0.0153557 0.00504234 0.0302819
66
1
-1.41164 11.0553 -0.503707
-0.0146596 0.0064083 0.0270688
67
1
-1.38058 11.0407 -0.558013
-0.0181959 0.00965134 0.0295588
68
1
-1.34725 11.0239 -0.611436
-0.0207921 0.0106693 0.0286589
69
1
-1.31278 11.0055 -0.664011
-0.0172533 0.00922283 0.0238519
70
1
-1.28017 10.9866 -0.714786
-0.0158155 0.00959804 0.0263581
71
1
-1.24935 10.9661 -0.763609
-0.0162666 0.0108683 0.0272577
72
1
-1.22098 10.9444 -0.808346
-0.0136556 0.0104919 0.020528
73
1
-1.19407 10.9209 -0.847612
-0.0119522 0.0102443 0.0170697
74
1
-1.16764 10.8947 -0.882765
-0.0135128 0.0128474 0.0174117
75
1
-1.14103 10.8653 -0.91456
-0.0141245 0.0165688 0.0159072
76
1
-1.11442 10.8336 -0.942496
-0.0116633 0.0162241 0.0123871
77
1
-1.08591 10.801 -0.966617
-0.0122851 0.0155443 0.0112472
78
1
-1.05497 10.7672 -0.986974
-0.0163777 0.016859 0.0103007
79
1
-1.02345 10.733 -1.00409
-0.016195 0.0166073 0.00689967
80
1
-0.991621 10.6989 -1.01795
-0.0148866 0.0166242 0.00561058
81
1
-0.958092 10.664 -1.02851
-0.0180838 0.0180954 0.00449127
82
1
-0.923423 10.6274 -1.03502
-0.0204202 0.0187438 -0.000102086
83
1
-0.888748 10.5898 -1.03669
-0.0191628 0.0190243 -0.0021337
84
1
-0.855309 10.5501 -1.03517
-0.0184517 0.0195988 -0.00125572
85
1
-0.824185 10.5087 -1.03125
-0.0172953 0.019919 -0.00198231
86
1
-0.796812 10.4665 -1.02483
-0.014048 0.0210829 -0.00379141
87
1
-0.77392 10.4235 -1.01455
-0.0100437 0.0222037 -0.00589785
88
1
-0.75733 10.3792 -1.00044
-0.00600631 0.0209937 -0.00828904
89
1
-0.748299 10.3345 -0.984307
-0.00219909 0.0204691 -0.00843071
90
1
-0.744864 10.2889 -0.966783
0.00102943 0.0217679 -0.00989241
91
1
-0.745574 10.2418 -0.946242
0.00339452 0.022527 -0.013386
92
1
-0.749594 10.1933 -0.921932
0.00504098 0.0216441 -0.0142918
93
1
-0.757175 10.1408 -0.89539
0.00873589 0.02642 -0.0132263
94
1
-0.76805 10.0836 -0.869529
0.010846 0.0276573 -0.0133131
95
1
-0.778572 10.0224 -0.848804
0.00847547 0.0256517 -0.0120986
96
1
-0.782029 9.9525 -0.835733
-0.000278696 0.0385308 -0.00698176
97
1
-0.774217 9.87368 -0.83148
-0.0131406 0.0487632 0.00397614
98
1
-0.75532 9.78872 -0.835251
-0.00942674 0.0390819 0.00699819
99
1
-0.720001 9.70066 -0.84525
-0.0202142 0.0440707 0.0102328
100
1
-0.661856 9.60689 -0.85922
-0.0378584 0.0521475 0.0117474
101
1
-0.591066 9.51923 -0.867344
-0.0377765 0.0423226 0.000838439
102
1
-0.506516 9.4388 -0.862044
-0.0419337 0.0353851 -0.00968192
103
1
-0.390369 9.38141 -0.839962
-0.0582916 0.0151779 -0.011683
104
1
-0.201382 9.38241 -0.818813
-0.0599031 -0.0296381 -0.000959325
105
1
-0.470525 6.8444 -0.0562726
0.00472132 0.0486949 0.0092242
106
1
-1.20728 12.6139 -0.057691
0.0608831 0.0287015 -0.00793523
107
1
1.20728 12.6139 -0.0576947
0.0608832 -0.0287016 0.00793495
108
1
0.47055 6.84444 -0.0560079
0.0047218 -0.0486882 -0.00925895
109
1
0.201382 9.38241 -0.818813
-0.0599031 0.0296381 0.000959278
110
1
0.390369 9.38141 -0.839962
-0.0582916 -0.0151779 0.011683
111
1
0.506516 9.4388 -0.862043
-0.0419337 -0.0353851 0.00968191
112
1
0.591066 9.51923 -0.867344
-0.0377765 -0.0423227 -0.000838434
113
1
0.661856 9.60689 -0.85922
-0.0378584 -0.0521475 -0.0117474
114
1
0.720001 9.70066 -0.84525
-0.0202142 -0.0440707 -0.0102328
115
1
0.75532 9.78872 -0.835251
-0.00942674 -0.0390819 -0.00699819
116
1
0.774217 9.87368 -0.83148
-0.0131406 -0.0487632 -0.00397614
117
1
0.782029 9.9525 -0.835733
-0.000278693 -0.0385308 0.00698176
118
1
0.778572 10.0224 -0.848804
0.00847548 -0.0256517 0.0120986
119
1
0.76805 10.0836 -0.869528
0.010846 -0.0276573 0.0133131
120
1
0.757175 10.1408 -0.89539
0.0087359 -0.02642 0.0132263
121
1
0.749594 10.1933 -0.921932
0.00504099 -0.0216441 0.0142918
122
1
0.745574 10.2418 -0.946241
0.00339453 -0.022527 0.013386
123
1
0.744864 10.2889 -0.966783
0.00102944 -0.0217679 0.00989241
124
1
0.748298 10.3345 -0.984306
-0.00219908 -0.0204691 0.00843071
125
1
0.75733 10.3792 -1.00044
-0.00600631 -0.0209937 0.00828904
126
1
0.77392 10.4235 -1.01454
-0.0100437 -0.0222037 0.00589785
127
1
0.796812 10.4665 -1.02483
-0.014048 -0.0210829 0.00379141
128
1
0.824185 10.5087 -1.03125
-0.0172953 -0.019919 0.00198232
129
1
0.855309 10.5501 -1.03517
-0.0184517 -0.0195988 0.00125573
130
1
0.888748 10.5898 -1.03669
-0.0191628 -0.0190243 0.00213371
131
1
0.923423 10.6274 -1.03502
-0.0204202 -0.0187438 0.000102088
132
1
0.958092 10.664 -1.02851
-0.0180838 -0.0180954 -0.00449127
133
1
0.991621 10.6989 -1.01795
-0.0148866 -0.0166241 -0.00561058
134
1
1.02345 10.733 -1.00409
-0.016195 -0.0166073 -0.00689967
135
1
1.05497 10.7672 -0.986974
-0.0163777 -0.016859 -0.0103007
136
1
1.08591 10.801 -0.966617
-0.0122851 -0.0155443 -0.0112472
137
1
1.11442 10.8336 -0.942496
-0.0116633 -0.0162241 -0.0123871
138
1
1.14103 10.8653 -0.91456
-0.0141245 -0.0165688 -0.0159072
139
1
1.16764 10.8947 -0.882765
-0.0135128 -0.0128474 -0.0174117
140
1
1.19407 10.9209 -0.847612
-0.0119522 -0.0102443 -0.0170697
141
1
1.22098 10.9444 -0.808346
-0.0136556 -0.0104919 -0.020528
142
1
1.24935 10.9661 -0.763609
-0.0162667 -0.0108683 -0.0272577
143
1
1.28017 10.9866 -0.714785
-0.0158155 -0.00959803 -0.0263581
144
1
1.31278 11.0055 -0.664011
-0.0172533 -0.00922283 -0.0238519
145
1
1.34725 11.0239 -0.611436
-0.0207921 -0.0106693 -0.0286589
146
1
1.38058 11.0407 -0.558013
-0.0181959 -0.00965134 -0.0295588
147
1
1.41164 11.0553 -0.503707
-0.0146596 -0.0064083 -0.0270688
148
1
1.44096 11.0668 -0.446187
-0.0153557 -0.00504234 -0.0302819
149
1
1.46742 11.0749 -0.385802
-0.0148433 -0.00425041 -0.0336894
150
1
1.49071 11.0797 -0.322625
-0.012269 -0.000680949 -0.0366075
151
1
1.51067 11.0814 -0.257816
-0.0105367 0.00122758 -0.0373984
152
1
1.52673 11.0809 -0.19245
-0.00695706 0.000673561 -0.0356494
153
1
1.53814 11.0798 -0.127922
-0.0047898 0.00102356 -0.0337487
154
1
1.54532 11.0786 -0.063067
-0.00228711 0.00163211 -0.0322872
155
1
1.54778 11.0782 8.06623e-008
-2.01037e-009 1.75872e-009 -0.0317772
156
1
1.54532 11.0786 0.0630671
0.0022871 -0.0016321 -0.0322872
157
1
1.53814 11.0798 0.127922
0.00478979 -0.00102356 -0.0337487
158
1
1.52673 11.0809 0.19245
0.00695706 -0.000673558 -0.0356494
159
1
1.51067 11.0814 0.257816
0.0105367 -0.00122758 -0.0373984
160
1
1.49071 11.0797 0.322625
0.012269 0.000680952 -0.0366075
161
1
1.46742 11.0749 0.385803
0.0148433 0.00425042 -0.0336894
162
1
1.44096 11.0668 0.446187
0.0153557 0.00504234 -0.0302819
163
1
1.41164 11.0553 0.503707
0.0146596 0.0064083 -0.0270688
164
1
1.38058 11.0407 0.558013
0.0181959 0.00965134 -0.0295588
165
1
1.34725 11.0239 0.611436
0.0207921 0.0106693 -0.0286589
166
1
1.31278 11.0055 0.664011
0.0172533 0.00922283 -0.0238519
167
1
1.28017 10.9866 0.714786
0.0158155 0.00959804 -0.0263581
168
1
1.24935 10.9661 0.763609
0.0162666 0.0108683 -0.0272577
169
1
1.22098 10.9444 0.808346
0.0136556 0.0104919 -0.020528
170
1
1.19407 10.9209 0.847612
0.0119522 0.0102443 -0.0170697
171
1
1.16764 10.8947 0.882765
0.0135128 0.0128474 -0.0174117
172
1
1.14103 10.8653 0.91456
0.0141245 0.0165688 -0.0159072
173
1
1.11442 10.8336 0.942496
0.0116633 0.0162241 -0.0123871
174
1
1.08591 10.801 0.966617
0.0122851 0.0155443 -0.0112472
175
1
1.05497 10.7672 0.986974
0.0163777 0.016859 -0.0103007
176
1
1.02345 10.733 1.00409
0.016195 0.0166073 -0.00689967
177
1
0.991621 10.6989 1.01795
0.0148866 0.0166242 -0.00561058
178
1
0.958092 10.664 1.02851
0.0180838 0.0180954 -0.00449127
179
1
0.923423 10.6274 1.03502
0.0204202 0.0187438 0.000102086
180
1
0.888748 10.5898 1.03669
0.0191628 0.0190243 0.0021337
181
1
0.855309 10.5501 1.03517
0.0184517 0.0195988 0.00125572
182
1
0.824185 10.5087 1.03125
0.0172953 0.019919 0.00198231
183
1
0.796812 10.4665 1.02483
0.014048 0.0210829 0.00379141
184
1
0.77392 10.4235 1.01455
0.0100437 0.0222037 0.00589785
185
1
0.75733 10.3792 1.00044
0.00600631 0.0209937 0.00828904
186
1
0.748299 10.3345 0.984307
0.00219909 0.0204691 0.00843071
187
1
0.744864 10.2889 0.966783
-0.00102943 0.0217679 0.00989241
188
1
0.745574 10.2418 0.946242
-0.00339452 0.022527 0.013386
189
1
0.749594 10.1933 0.921932
-0.00504098 0.0216441 0.0142918
190
1
0.757175 10.1408 0.89539
-0.00873589 0.02642 0.0132263
191
1
0.76805 10.0836 0.869529
-0.010846 0.0276573 0.0133131
192
1
0.778572 10.0224 0.848804
-0.00847547 0.0256517 0.0120986
193
1
0.782029 9.9525 0.835733
0.000278695 0.0385308 0.00698176
