194
0
1
0.978561 5.54462 1.00134
0.0290616 -0.0171335 0.0237725
1
1
0.925547 5.57845 0.947723
0.0244557 -0.0165214 0.0309767
2
1
0.880027 5.61351 0.87835
0.0179618 -0.0171258 0.0401487
3
1
0.845831 5.64902 0.792972
0.0125083 -0.0160732 0.0484547
4
1
0.824196 5.68428 0.688194
0.00605988 -0.0171516 0.056612
5
1
0.811298 5.71609 0.56272
0.00476592 -0.017059 0.0703135
6
1
0.799679 5.74348 0.406758
0.00249817 -0.0121133 0.0769342
7
1
0.794324 5.76542 0.189486
0.00360235 -0.00187682 0.0778161
8
1
0.557138 5.87209 0.0600418
0.0141216 -0.00844116 -0.021585
9
1
0.055141 6.98399 0.361136
0.00117982 0.0274811 -0.0729058
10
1
-0.055141 6.98399 0.361136
0.00117982 -0.0274811 0.0729058
11
1
-0.557138 5.87209 0.0600418
0.0141216 0.00844116 0.021585
12
1
-0.794324 5.76542 0.189486
0.00360235 0.00187682 -0.0778161
13
1
-0.799679 5.74348 0.406758
0.00249817 0.0121133 -0.0769342
14
1
-0.811298 5.71609 0.56272
0.00476592 0.017059 -0.0703135
15
1
-0.824196 5.68428 0.688194
0.00605988 0.0171516 -0.056612
16
1
-0.845831 5.64902 0.792972
0.0125083 0.0160732 -0.0484547
17
1
-0.880027 5.61351 0.87835
0.0179618 0.0171258 -0.0401487
18
1
-0.925547 5.57845 0.947723
0.0244557 0.0165214 -0.0309767
19
1
-0.978561 5.54462 1.00134
0.0290616 0.0171335 -0.0237725
20
1
-1.03626 5.51246 1.04132
0.0308033 0.0162639 -0.0159355
21
1
-1.09637 5.4833 1.07078
0.0301274 0.0135613 -0.0113204
22
1
-1.15722 5.45788 1.09265
0.0311007 0.0128406 -0.00862657
23
1
-1.21884 5.43542 1.10998
0.0299599 0.0113726 -0.00665921
24
1
-1.28016 5.41613 1.12386
0.0299999 0.00970272 -0.00567487
25
1
-1.34091 5.40021 1.13504
0.0304887 0.00818086 -0.00479689
26
1
-1.40097 5.38777 1.14432
0.0290346 0.0053957 -0.00410617
27
1
-1.45987 5.37839 1.15175
0.0288512 0.00334858 -0.00341577
28
1
-1.51806 5.37161 1.15691
0.0294114 0.00220126 -0.00235674
29
1
-1.57597 5.36745 1.15829
0.0286576 0.000484575 -0.000136544
30
1
-1.63334 5.36619 1.15539
0.0281874 -0.00127109 0.00193516
31
1
-1.69011 5.36818 1.14914
0.0283665 -0.00244501 0.00283035
32
1
-1.74626 5.37283 1.14012
0.0280073 -0.00315219 0.00398551
33
1
-1.80163 5.37873 1.12865
0.0274182 -0.00307643 0.00607463
34
1
-1.85612 5.38466 1.11495
0.0271536 -0.00265529 0.00757089
35
1
-1.90974 5.39008 1.09914
0.0264449 -0.00240116 0.0085855
36
1
-1.96219 5.39482 1.08046
0.0251639 -0.00195521 0.0100638
37
1
-2.01374 5.39882 1.05832
0.0246252 -0.00151021 0.011627
38
1
-2.06523 5.40266 1.03289
0.0253086 -0.00175749 0.0130674
39
1
-2.1169 5.40735 1.00466
0.0259264 -0.00249235 0.0146181
40
1
-2.16794 5.41291 0.97382
0.0256596 -0.00284313 0.0164362
41
1
-2.21775 5.41882 0.94055
0.024938 -0.00316866 0.0180867
42
1
-2.26611 5.42501 0.904528
0.024035 -0.00391482 0.0193437
43
1
-2.31335 5.43129 0.865743
0.0232085 -0.00414123 0.0208327
44
1
-2.35941 5.43747 0.823414
0.022657 -0.0036562 0.0229205
45
1
-2.40428 5.44352 0.776782
0.0224187 -0.00370779 0.0249947
46
1
-2.44819 5.4501 0.726545
0.0224157 -0.00413365 0.0264651
47
1
-2.49098 5.45728 0.673937
0.0223523 -0.00406727 0.0275426
48
1
-2.53178 5.46482 0.619452
0.0214202 -0.00433303 0.0286651
49
1
-2.56934 5.47274 0.563218
0.0194748 -0.00462854 0.029912
50
1
-2.60261 5.48008 0.505334
0.0168017 -0.00380044 0.0307305
51
1
-2.63102 5.48621 0.445877
0.013864 -0.00238344 0.0313899
52
1
-2.65489 5.49101 0.384929
0.0111168 -0.00152331 0.0318675
53
1
-2.67442 5.49475 0.322738
0.00842026 -0.00132744 0.0322579
54
1
-2.68966 5.49758 0.25956
0.0056008 -0.000979025 0.032899
55
1
-2.70049 5.49906 0.195439
0.00332895 -0.00013044 0.0336255
56
1
-2.70737 5.49932 0.130669
0.00199045 0.000766026 0.0338066
57
1
-2.71116 5.49876 0.0654244
0.00103809 0.000813981 0.0333795
58
1
-2.71224 5.49845 2.20801e-014
-3.82438e-016 -6.68106e-016 0.0330608
59
1
-2.71116 5.49876 -0.0654244
-0.00103809 -0.000813981 0.0333795
60
1
-2.70737 5.49932 -0.130669
-0.00199045 -0.000766026 0.0338066
61
1
-2.70049 5.49906 -0.195439
-0.00332895 0.00013044 0.0336255
62
1
-2.68966 5.49758 -0.25956
-0.0056008 0.000979025 0.032899
63
1
-2.67442 5.49475 -0.322738
-0.00842026 0.00132744 0.0322579
64
1
-2.65489 5.49101 -0.384929
-0.0111168 0.00152331 0.0318675
65
1
-2.63102 5.48621 -0.445877
-0.013864 0.00238344 0.0313899
66
1
-2.60261 5.48008 -0.505334
-0.0168017 0.00380044 0.0307305
67
1
-2.56934 5.47274 -0.563218
-0.0194748 0.00462854 0.029912
68
1
-2.53178 5.46482 -0.619452
-0.0214202 0.00433303 0.0286651
69
1
-2.49098 5.45728 -0.673937
-0.0223523 0.00406727 0.0275426
70
1
-2.44819 5.4501 -0.726545
-0.0224157 0.00413365 0.0264651
71
1
-2.40428 5.44352 -0.776782
-0.0224187 0.00370779 0.0249947
72
1
-2.35941 5.43747 -0.823414
-0.022657 0.0036562 0.0229205
73
1
-2.31335 5.43129 -0.865743
-0.0232085 0.00414123 0.0208327
74
1
-2.26611 5.42501 -0.904528
-0.024035 0.00391482 0.0193437
75
1
-2.21775 5.41882 -0.94055
-0.024938 0.00316866 0.0180867
76
1
-2.16794 5.41291 -0.97382
-0.0256596 0.00284313 0.0164362
77
1
-2.1169 5.40735 -1.00466
-0.0259264 0.00249235 0.0146181
78
1
-2.06523 5.40266 -1.03289
-0.0253086 0.00175749 0.0130674
79
1
-2.01374 5.39882 -1.05832
-0.0246252 0.00151021 0.011627
80
1
-1.96219 5.39482 -1.08046
-0.0251639 0.00195521 0.0100638
81
1
-1.90974 5.39008 -1.09914
-0.0264449 0.00240116 0.0085855
82
1
-1.85612 5.38466 -1.11495
-0.0271536 0.00265529 0.00757089
83
1
-1.80163 5.37873 -1.12865
-0.0274182 0.00307643 0.00607463
84
1
-1.74626 5.37283 -1.14012
-0.0280073 0.00315219 0.00398551
85
1
-1.69011 5.36818 -1.14914
-0.0283665 0.00244501 0.00283035
86
1
-1.63334 5.36619 -1.15539
-0.0281874 0.00127109 0.00193516
87
1
-1.57597 5.36745 -1.15829
-0.0286576 -0.000484575 -0.000136544
88
1
-1.51806 5.37161 -1.15691
-0.0294114 -0.00220126 -0.00235674
89
1
-1.45987 5.37839 -1.15175
-0.0288512 -0.00334858 -0.00341577
90
1
-1.40097 5.38777 -1.14432
-0.0290346 -0.0053957 -0.00410617
91
1
-1.34091 5.40021 -1.13504
-0.0304887 -0.00818086 -0.00479689
92
1
-1.28016 5.41613 -1.12386
-0.0299999 -0.00970272 -0.00567487
93
1
-1.21884 5.43542 -1.10998
-0.0299599 -0.0113726 -0.00665921
94
1
-1.15722 5.45788 -1.09265
-0.0311007 -0.0128406 -0.00862657
95
1
-1.09637 5.4833 -1.07078
-0.0301274 -0.0135613 -0.0113204
96
1
-1.03626 5.51246 -1.04132
-0.0308033 -0.0162639 -0.0159355
97
1
-0.978561 5.54462 -1.00134
-0.0290616 -0.0171335 -0.0237725
98
1
-0.925547 5.57845 -0.947723
-0.0244557 -0.0165214 -0.0309767
99
1
-0.880027 5.61351 -0.87835
-0.0179618 -0.0171258 -0.0401487
100
1
-0.845831 5.64902 -0.792972
-0.0125083 -0.0160732 -0.0484547
101
1
-0.824196 5.68428 -0.688194
-0.00605988 -0.0171516 -0.056612
102
1
-0.811298 5.71609 -0.56272
-0.00476592 -0.017059 -0.0703135
103
1
-0.799679 5.74348 -0.406758
-0.00249817 -0.0121133 -0.0769342
104
1
-0.794324 5.76542 -0.189486
-0.00360235 -0.00187682 -0.0778161
105
1
-0.557138 5.87209 -0.0600418
-0.0141216 -0.00844116 0.021585
106
1
-0.055141 6.98399 -0.361136
-0.00117982 0.0274811 0.0729058
107
1
0.055141 6.98399 -0.361136
-0.00117982 -0.0274811 -0.0729058
108
1
0.557138 5.87209 -0.0600418
-0.0141216 0.00844116 -0.021585
109
1
0.794324 5.76542 -0.189486
-0.00360235 0.00187682 0.0778161
110
1
0.799679 5.74348 -0.406758
-0.00249817 0.0121133 0.0769342
111
1
0.811298 5.71609 -0.56272
-0.00476592 0.017059 0.0703135
112
1
0.824196 5.68428 -0.688194
-0.00605988 0.0171516 0.056612
113
1
0.845831 5.64902 -0.792972
-0.0125083 0.0160732 0.0484547
114
1
0.880027 5.61351 -0.87835
-0.0179618 0.0171258 0.0401487
115
1
0.925547 5.57845 -0.947723
-0.0244557 0.0165214 0.0309767
116
1
0.978561 5.54462 -1.00134
-0.0290616 0.0171335 0.0237725
117
1
1.03626 5.51246 -1.04132
-0.0308033 0.0162639 0.0159355
118
1
1.09637 5.4833 -1.07078
-0.0301274 0.0135613 0.0113204
119
1
1.15722 5.45788 -1.09265
-0.0311007 0.0128406 0.00862657
120
1
1.21884 5.43542 -1.10998
-0.0299599 0.0113726 0.00665921
121
1
1.28016 5.41613 -1.12386
-0.0299999 0.00970272 0.00567487
122
1
1.34091 5.40021 -1.13504
-0.0304887 0.00818086 0.00479689
123
1
1.40097 5.38777 -1.14432
-0.0290346 0.0053957 0.00410617
124
1
1.45987 5.37839 -1.15175
-0.0288512 0.00334858 0.00341577
125
1
1.51806 5.37161 -1.15691
-0.0294114 0.00220126 0.00235674
126
1
1.57597 5.36745 -1.15829
-0.0286576 0.000484575 0.000136544
127
1
1.63334 5.36619 -1.15539
-0.0281874 -0.00127109 -0.00193516
128
1
1.69011 5.36818 -1.14914
-0.0283665 -0.00244501 -0.00283035
129
1
1.74626 5.37283 -1.14012
-0.0280073 -0.00315219 -0.00398551
130
1
1.80163 5.37873 -1.12865
-0.0274182 -0.00307643 -0.00607463
131
1
1.85612 5.38466 -1.11495
-0.0271536 -0.00265529 -0.00757089
132
1
1.90974 5.39008 -1.09914
-0.0264449 -0.00240116 -0.0085855
133
1
1.96219 5.39482 -1.08046
-0.0251639 -0.00195521 -0.0100638
134
1
2.01374 5.39882 -1.05832
-0.0246252 -0.00151021 -0.011627
135
1
2.06523 5.40266 -1.03289
-0.0253086 -0.00175749 -0.0130674
136
1
2.1169 5.40735 -1.00466
-0.0259264 -0.00249235 -0.0146181
137
1
2.16794 5.41291 -0.97382
-0.0256596 -0.00284313 -0.0164362
138
1
2.21775 5.41882 -0.94055
-0.024938 -0.00316866 -0.0180867
139
1
2.26611 5.42501 -0.904528
-0.024035 -0.00391482 -0.0193437
140
1
2.31335 5.43129 -0.865743
-0.0232085 -0.00414123 -0.0208327
141
1
2.35941 5.43747 -0.823414
-0.022657 -0.0036562 -0.0229205
142
1
2.40428 5.44352 -0.776782
-0.0224187 -0.00370779 -0.0249947
143
1
2.44819 5.4501 -0.726545
-0.0224157 -0.00413365 -0.0264651
144
1
2.49098 5.45728 -0.673937
-0.0223523 -0.00406727 -0.0275426
145
1
2.53178 5.46482 -0.619452
-0.0214202 -0.00433303 -0.0286651
146
1
2.56934 5.47274 -0.563218
-0.0194748 -0.00462854 -0.029912
147
1
2.60261 5.48008 -0.505334
-0.0168017 -0.00380044 -0.0307305
148
1
2.63102 5.48621 -0.445877
-0.013864 -0.00238344 -0.0313899
149
1
2.65489 5.49101 -0.384929
-0.0111168 -0.00152331 -0.0318675
150
1
2.67442 5.49475 -0.322738
-0.00842026 -0.00132744 -0.0322579
151
1
2.68966 5.49758 -0.25956
-0.0056008 -0.000979025 -0.032899
152
1
2.70049 5.49906 -0.195439
-0.00332895 -0.00013044 -0.0336255
153
1
2.70737 5.49932 -0.130669
-0.00199045 0.000766026 -0.0338066
154
1
2.71116 5.49876 -0.0654244
-0.00103809 0.000813981 -0.0333795
155
1
2.71224 5.49845 -2.91589e-014
-1.62837e-016 1.20164e-016 -0.0330608
156
1
2.71116 5.49876 0.0654244
0.00103809 -0.000813981 -0.0333795
157
1
2.70737 5.49932 0.130669
0.00199045 -0.000766026 -0.0338066
158
1
2.70049 5.49906 0.195439
0.00332895 0.00013044 -0.0336255
159
1
2.68966 5.49758 0.25956
0.0056008 0.000979025 -0.032899
160
1
2.67442 5.49475 0.322738
0.00842026 0.00132744 -0.0322579
161
1
2.65489 5.49101 0.384929
0.0111168 0.00152331 -0.0318675
162
1
2.63102 5.48621 0.445877
0.013864 0.00238344 -0.0313899
163
1
2.60261 5.48008 0.505334
0.0168017 0.00380044 -0.0307305
164
1
2.56934 5.47274 0.563218
0.0194748 0.00462854 -0.029912
165
1
2.53178 5.46482 0.619452
0.0214202 0.00433303 -0.0286651
166
1
2.49098 5.45728 0.673937
0.0223523 0.00406727 -0.0275426
167
1
2.44819 5.4501 0.726545
0.0224157 0.00413365 -0.0264651
168
1
2.40428 5.44352 0.776782
0.0224187 0.00370779 -0.0249947
169
1
2.35941 5.43747 0.823414
0.022657 0.0036562 -0.0229205
170
1
2.31335 5.43129 0.865743
0.0232085 0.00414123 -0.0208327
171
1
2.26611 5.42501 0.904528
0.024035 0.00391482 -0.0193437
172
1
2.21775 5.41882 0.94055
0.024938 0.00316866 -0.0180867
173
1
2.16794 5.41291 0.97382
0.0256596 0.00284313 -0.0164362
174
1
2.1169 5.40735 1.00466
0.0259264 0.00249235 -0.0146181
175
1
2.06523 5.40266 1.03289
0.0253086 0.00175749 -0.0130674
176
1
2.01374 5.39882 1.05832
0.0246252 0.00151021 -0.011627
177
1
1.96219 5.39482 1.08046
0.0251639 0.00195521 -0.0100638
178
1
1.90974 5.39008 1.09914
0.0264449 0.00240116 -0.0085855
179
1
1.85612 5.38466 1.11495
0.0271536 0.00265529 -0.00757089
180
1
1.80163 5.37873 1.12865
0.0274182 0.00307643 -0.00607463
181
1
1.74626 5.37283 1.14012
0.0280073 0.00315219 -0.00398551
182
1
1.69011 5.36818 1.14914
0.0283665 0.00244501 -0.00283035
183
1
1.63334 5.36619 1.15539
0.0281874 0.00127109 -0.00193516
184
1
1.57597 5.36745 1.15829
0.0286576 -0.000484575 0.000136544
185
1
1.51806 5.37161 1.15691
0.0294114 -0.00220126 0.00235674
186
1
1.45987 5.37839 1.15175
0.0288512 -0.00334858 0.00341577
187
1
1.40097 5.38777 1.14432
0.0290346 -0.0053957 0.00410617
188
1
1.34091 5.40021 1.13504
0.0304887 -0.00818086 0.00479689
189
1
1.28016 5.41613 1.12386
0.0299999 -0.00970272 0.00567487
190
1
1.21884 5.43542 1.10998
0.0299599 -0.0113726 0.00665921
191
1
1.15722 5.45788 1.09265
0.0311007 -0.0128406 0.00862657
192
1
1.09637 5.4833 1.07078
0.0301274 -0.0135613 0.0113204
193
1
1.03626 5.51246 1.04132
0.0308033 -0.0162639 0.0159355
