194
0
1
0.86555 9.54547 0.612127
0.0289052 -0.00168391 0.0356588
1
1
0.801569 9.54017 0.546505
0.0315791 -0.0025885 0.032836
2
1
0.730352 9.5306 0.480054
0.0376784 0.00414661 0.0325372
3
1
0.652488 9.50731 0.416365
0.0400673 0.0140785 0.0326674
4
1
0.567078 9.46539 0.363883
0.0418146 0.0254976 0.0193157
5
1
0.472645 9.40078 0.336265
0.0434221 0.0416348 0.00300734
6
1
0.360631 9.30982 0.35172
0.0523042 0.0470924 -0.0268
7
1
0.185777 9.19279 0.429568
0.0609061 0.0305881 -0.0377713
8
1
0.828126 6.23967 0.0572039
0.0417137 -0.0251461 -0.00933912
9
1
0.708295 13.3151 0.0553901
-0.00851808 -0.0669064 0.00752745
10
1
-0.708295 13.3151 0.055389
-0.0085181 0.0669064 -0.00752762
11
1
-0.828177 6.23966 0.0569424
0.0417078 0.025147 0.00937785
12
1
-0.185777 9.19279 0.429568
0.0609061 -0.030588 0.0377713
13
1
-0.360631 9.30982 0.35172
0.0523042 -0.0470924 0.0268
14
1
-0.472645 9.40078 0.336265
0.0434221 -0.0416348 -0.00300733
15
1
-0.567078 9.46539 0.363883
0.0418146 -0.0254976 -0.0193157
16
1
-0.652488 9.50731 0.416364
0.0400673 -0.0140785 -0.0326674
17
1
-0.730352 9.5306 0.480054
0.0376784 -0.00414661 -0.0325372
18
1
-0.801569 9.54017 0.546505
0.0315791 0.0025885 -0.032836
19
1
-0.86555 9.54547 0.612127
0.0289052 0.00168392 -0.0356588
20
1
-0.922181 9.55516 0.674692
0.024234 -0.00475665 -0.0332884
21
1
-0.973109 9.57228 0.732607
0.0219828 -0.0100213 -0.0275059
22
1
-1.02004 9.59635 0.784304
0.0216754 -0.0145688 -0.0265398
23
1
-1.06681 9.62638 0.83044
0.0218216 -0.0162206 -0.0220664
24
1
-1.11433 9.66019 0.869217
0.0252535 -0.0178912 -0.0164422
25
1
-1.16273 9.69487 0.900769
0.0257395 -0.0185367 -0.0129944
26
1
-1.21146 9.72896 0.926208
0.0222102 -0.0166641 -0.0092811
27
1
-1.2601 9.76259 0.94603
0.0231477 -0.0165862 -0.00641417
28
1
-1.30928 9.79707 0.962226
0.0267721 -0.0177329 -0.00561046
29
1
-1.35904 9.83283 0.976429
0.0266726 -0.0177802 -0.00638307
30
1
-1.40693 9.86883 0.989881
0.0245542 -0.0166717 -0.00798469
31
1
-1.45184 9.90427 1.00265
0.0224986 -0.0163601 -0.00770575
32
1
-1.49375 9.93896 1.01348
0.0200744 -0.0169781 -0.0060335
33
1
-1.53329 9.97297 1.02094
0.0186219 -0.0174475 -0.00452682
34
1
-1.57072 10.0071 1.02447
0.018066 -0.0183137 -0.00184809
35
1
-1.60556 10.0419 1.02349
0.0158967 -0.0190031 0.000201263
36
1
-1.63727 10.0767 1.01912
0.0137586 -0.0177468 0.000375365
37
1
-1.66641 10.1112 1.01134
0.0139251 -0.0167548 0.00429028
38
1
-1.69496 10.1452 0.999225
0.0134185 -0.0164434 0.0101713
39
1
-1.72322 10.178 0.982104
0.0112095 -0.014916 0.0102399
40
1
-1.74938 10.2091 0.960023
0.0118031 -0.0144707 0.0112413
41
1
-1.77415 10.2389 0.933697
0.0135222 -0.0141163 0.0166069
42
1
-1.79896 10.2663 0.903152
0.0116724 -0.0119746 0.0184103
43
1
-1.82354 10.2912 0.869143
0.0103808 -0.0106019 0.0166955
44
1
-1.8478 10.3145 0.831233
0.012953 -0.0107783 0.0190884
45
1
-1.87147 10.3375 0.788808
0.0150362 -0.0115551 0.0250487
46
1
-1.89366 10.3615 0.742432
0.0109908 -0.0114955 0.0250354
47
1
-1.91232 10.386 0.692802
0.00755058 -0.0117618 0.0241462
48
1
-1.92657 10.4118 0.639443
0.00604542 -0.0147511 0.0301073
49
1
-1.93666 10.4369 0.584283
0.00423738 -0.0150733 0.0309405
50
1
-1.94316 10.46 0.527665
0.00165483 -0.0111281 0.0281667
51
1
-1.9468 10.4802 0.467675
-0.000172747 -0.00848113 0.0314622
52
1
-1.94851 10.497 0.404778
-0.000248182 -0.00828771 0.0352803
53
1
-1.94936 10.5111 0.338494
-0.000585958 -0.00741611 0.0389143
54
1
-1.95052 10.5223 0.270098
0.000516197 -0.00465103 0.0395908
55
1
-1.95227 10.5302 0.201345
0.00124161 -0.00341501 0.0376544
56
1
-1.95355 10.5352 0.133607
0.000950739 -0.00240538 0.0353567
57
1
-1.95406 10.5386 0.0658067
-0.000681784 -0.00111151 0.0337496
58
1
-1.95412 10.54 -6.13763e-008
-3.25266e-010 4.44816e-010 0.0332456
59
1
-1.95406 10.5386 -0.0658068
0.000681783 0.00111151 0.0337496
60
1
-1.95355 10.5352 -0.133607
-0.00095074 0.00240538 0.0353567
61
1
-1.95227 10.5302 -0.201346
-0.00124161 0.00341502 0.0376544
62
1
-1.95052 10.5223 -0.270098
-0.000516198 0.00465103 0.0395908
63
1
-1.94936 10.5111 -0.338495
0.000585958 0.00741612 0.0389143
64
1
-1.94851 10.497 -0.404778
0.000248182 0.00828771 0.0352803
65
1
-1.9468 10.4802 -0.467675
0.000172746 0.00848113 0.0314622
66
1
-1.94316 10.46 -0.527665
-0.00165483 0.0111281 0.0281667
67
1
-1.93666 10.4369 -0.584283
-0.00423739 0.0150733 0.0309405
68
1
-1.92657 10.4118 -0.639443
-0.00604542 0.0147511 0.0301073
69
1
-1.91232 10.386 -0.692802
-0.00755058 0.0117619 0.0241462
70
1
-1.89366 10.3615 -0.742432
-0.0109908 0.0114955 0.0250354
71
1
-1.87147 10.3375 -0.788808
-0.0150362 0.0115551 0.0250487
72
1
-1.8478 10.3145 -0.831233
-0.012953 0.0107783 0.0190884
73
1
-1.82354 10.2912 -0.869143
-0.0103808 0.0106019 0.0166955
74
1
-1.79896 10.2663 -0.903152
-0.0116724 0.0119746 0.0184103
75
1
-1.77415 10.2389 -0.933698
-0.0135222 0.0141163 0.0166069
76
1
-1.74938 10.2091 -0.960023
-0.0118031 0.0144707 0.0112413
77
1
-1.72322 10.178 -0.982105
-0.0112095 0.014916 0.0102399
78
1
-1.69496 10.1452 -0.999225
-0.0134185 0.0164434 0.0101713
79
1
-1.66641 10.1112 -1.01134
-0.0139251 0.0167548 0.00429028
80
1
-1.63727 10.0767 -1.01912
-0.0137586 0.0177468 0.000375366
81
1
-1.60556 10.0419 -1.02349
-0.0158967 0.0190031 0.000201265
82
1
-1.57072 10.0071 -1.02447
-0.018066 0.0183137 -0.00184809
83
1
-1.53329 9.97297 -1.02094
-0.0186219 0.0174475 -0.00452682
84
1
-1.49375 9.93896 -1.01348
-0.0200744 0.0169781 -0.0060335
85
1
-1.45184 9.90427 -1.00265
-0.0224986 0.0163601 -0.00770575
86
1
-1.40693 9.86883 -0.989881
-0.0245542 0.0166717 -0.00798469
87
1
-1.35903 9.83283 -0.976429
-0.0266726 0.0177802 -0.00638307
88
1
-1.30928 9.79707 -0.962226
-0.0267721 0.0177329 -0.00561046
89
1
-1.2601 9.76259 -0.94603
-0.0231477 0.0165862 -0.00641417
90
1
-1.21146 9.72896 -0.926208
-0.0222102 0.0166641 -0.0092811
91
1
-1.16273 9.69487 -0.900769
-0.0257395 0.0185367 -0.0129944
92
1
-1.11433 9.66019 -0.869217
-0.0252535 0.0178912 -0.0164422
93
1
-1.06681 9.62638 -0.830441
-0.0218216 0.0162206 -0.0220664
94
1
-1.02004 9.59635 -0.784304
-0.0216754 0.0145688 -0.0265398
95
1
-0.973109 9.57228 -0.732607
-0.0219828 0.0100213 -0.0275059
96
1
-0.922181 9.55516 -0.674692
-0.024234 0.00475665 -0.0332884
97
1
-0.86555 9.54547 -0.612127
-0.0289052 -0.00168391 -0.0356588
98
1
-0.801569 9.54017 -0.546505
-0.0315791 -0.0025885 -0.032836
99
1
-0.730352 9.5306 -0.480054
-0.0376784 0.00414661 -0.0325372
100
1
-0.652488 9.50731 -0.416365
-0.0400673 0.0140785 -0.0326674
101
1
-0.567078 9.46539 -0.363883
-0.0418146 0.0254976 -0.0193157
102
1
-0.472645 9.40078 -0.336265
-0.0434221 0.0416348 -0.00300734
103
1
-0.360631 9.30982 -0.35172
-0.0523042 0.0470924 0.0268
104
1
-0.185777 9.19279 -0.429568
-0.0609061 0.0305881 0.0377713
105
1
-0.828127 6.23967 -0.0572
-0.0417136 -0.025146 0.00933953
106
1
-0.708295 13.3151 -0.0553901
0.00851808 -0.0669064 -0.00752745
107
1
0.708295 13.3151 -0.055389
0.0085181 0.0669064 0.00752762
108
1
0.828177 6.23966 -0.0569385
-0.0417076 0.0251469 -0.00937826
109
1
0.185777 9.19279 -0.429568
-0.0609061 -0.0305881 -0.0377713
110
1
0.360631 9.30982 -0.35172
-0.0523042 -0.0470924 -0.0268
111
1
0.472645 9.40078 -0.336265
-0.0434221 -0.0416348 0.00300733
112
1
0.567078 9.46539 -0.363883
-0.0418146 -0.0254976 0.0193157
113
1
0.652488 9.50731 -0.416364
-0.0400673 -0.0140785 0.0326674
114
1
0.730352 9.5306 -0.480054
-0.0376784 -0.00414661 0.0325372
115
1
0.801569 9.54017 -0.546505
-0.0315791 0.0025885 0.032836
116
1
0.86555 9.54547 -0.612127
-0.0289052 0.00168392 0.0356588
117
1
0.922181 9.55516 -0.674692
-0.024234 -0.00475665 0.0332884
118
1
0.973109 9.57228 -0.732607
-0.0219828 -0.0100213 0.0275059
119
1
1.02004 9.59635 -0.784304
-0.0216754 -0.0145688 0.0265398
120
1
1.06681 9.62638 -0.83044
-0.0218216 -0.0162206 0.0220664
121
1
1.11433 9.66019 -0.869217
-0.0252535 -0.0178912 0.0164422
122
1
1.16273 9.69487 -0.900769
-0.0257395 -0.0185367 0.0129944
123
1
1.21146 9.72896 -0.926208
-0.0222102 -0.0166641 0.0092811
124
1
1.2601 9.76259 -0.94603
-0.0231477 -0.0165862 0.00641417
125
1
1.30928 9.79707 -0.962226
-0.0267721 -0.0177329 0.00561046
126
1
1.35904 9.83283 -0.976429
-0.0266726 -0.0177802 0.00638307
127
1
1.40693 9.86883 -0.989881
-0.0245542 -0.0166717 0.00798469
128
1
1.45184 9.90427 -1.00265
-0.0224986 -0.0163601 0.00770575
129
1
1.49375 9.93896 -1.01348
-0.0200744 -0.0169781 0.0060335
130
1
1.53329 9.97297 -1.02094
-0.0186219 -0.0174475 0.00452682
131
1
1.57072 10.0071 -1.02447
-0.018066 -0.0183137 0.00184809
132
1
1.60556 10.0419 -1.02349
-0.0158967 -0.0190031 -0.000201263
133
1
1.63727 10.0767 -1.01912
-0.0137586 -0.0177468 -0.000375365
134
1
1.66641 10.1112 -1.01134
-0.0139251 -0.0167548 -0.00429028
135
1
1.69496 10.1452 -0.999225
-0.0134185 -0.0164434 -0.0101713
136
1
1.72322 10.178 -0.982104
-0.0112095 -0.014916 -0.0102399
137
1
1.74938 10.2091 -0.960023
-0.0118031 -0.0144707 -0.0112413
138
1
1.77415 10.2389 -0.933697
-0.0135222 -0.0141163 -0.0166069
139
1
1.79896 10.2663 -0.903152
-0.0116724 -0.0119746 -0.0184103
140
1
1.82354 10.2912 -0.869143
-0.0103808 -0.0106019 -0.0166955
141
1
1.8478 10.3145 -0.831233
-0.012953 -0.0107783 -0.0190884
142
1
1.87147 10.3375 -0.788808
-0.0150362 -0.0115551 -0.0250487
143
1
1.89366 10.3615 -0.742432
-0.0109908 -0.0114955 -0.0250354
144
1
1.91232 10.386 -0.692802
-0.00755058 -0.0117618 -0.0241462
145
1
1.92657 10.4118 -0.639443
-0.00604542 -0.0147511 -0.0301073
146
1
1.93666 10.4369 -0.584283
-0.00423738 -0.0150733 -0.0309405
147
1
1.94316 10.46 -0.527665
-0.00165483 -0.0111281 -0.0281667
148
1
1.9468 10.4802 -0.467675
0.000172747 -0.00848113 -0.0314622
149
1
1.94851 10.497 -0.404778
0.000248183 -0.00828771 -0.0352803
150
1
1.94936 10.5111 -0.338494
0.000585959 -0.00741611 -0.0389143
151
1
1.95052 10.5223 -0.270098
-0.000516197 -0.00465103 -0.0395908
152
1
1.95227 10.5302 -0.201345
-0.00124161 -0.00341501 -0.0376544
153
1
1.95355 10.5352 -0.133607
-0.000950739 -0.00240538 -0.0353567
154
1
1.95406 10.5386 -0.0658067
0.000681784 -0.00111151 -0.0337496
155
1
1.95412 10.54 5.91257e-008
4.71976e-010 4.09616e-010 -0.0332456
156
1
1.95406 10.5386 0.0658068
-0.000681783 0.00111151 -0.0337496
157
1
1.95355 10.5352 0.133607
0.00095074 0.00240538 -0.0353567
158
1
1.95227 10.5302 0.201346
0.00124161 0.00341502 -0.0376544
159
1
1.95052 10.5223 0.270098
0.000516198 0.00465103 -0.0395908
160
1
1.94936 10.5111 0.338495
-0.000585958 0.00741612 -0.0389143
161
1
1.94851 10.497 0.404778
-0.000248182 0.00828771 -0.0352803
162
1
1.9468 10.4802 0.467675
-0.000172746 0.00848113 -0.0314622
163
1
1.94316 10.46 0.527665
0.00165483 0.0111281 -0.0281667
164
1
1.93666 10.4369 0.584283
0.00423739 0.0150733 -0.0309405
165
1
1.92657 10.4118 0.639443
0.00604542 0.0147511 -0.0301073
166
1
1.91232 10.386 0.692802
0.00755058 0.0117619 -0.0241462
167
1
1.89366 10.3615 0.742432
0.0109908 0.0114955 -0.0250354
168
1
1.87147 10.3375 0.788808
0.0150362 0.0115551 -0.0250487
169
1
1.8478 10.3145 0.831233
0.012953 0.0107783 -0.0190884
170
1
1.82354 10.2912 0.869143
0.0103808 0.0106019 -0.0166955
171
1
1.79896 10.2663 0.903152
0.0116724 0.0119746 -0.0184103
172
1
1.77415 10.2389 0.933698
0.0135222 0.0141163 -0.0166069
173
1
1.74938 10.2091 0.960023
0.0118031 0.0144707 -0.0112413
174
1
1.72322 10.178 0.982105
0.0112095 0.014916 -0.0102399
175
1
1.69496 10.1452 0.999225
0.0134185 0.0164434 -0.0101713
176
1
1.66641 10.1112 1.01134
0.0139251 0.0167548 -0.00429028
177
1
1.63727 10.0767 1.01912
0.0137586 0.0177468 -0.000375366
178
1
1.60556 10.0419 1.02349
0.0158967 0.0190031 -0.000201265
179
1
1.57072 10.0071 1.02447
0.018066 0.0183137 0.00184809
180
1
1.53329 9.97297 1.02094
0.0186219 0.0174475 0.00452682
181
1
1.49375 9.93896 1.01348
0.0200744 0.0169781 0.0060335
182
1
1.45184 9.90427 1.00265
0.0224986 0.0163601 0.00770575
183
1
1.40693 9.86883 0.989881
0.0245542 0.0166717 0.00798469
184
1
1.35903 9.83283 0.976429
0.0266726 0.0177802 0.00638307
185
1
1.30928 9.79707 0.962226
0.0267721 0.0177329 0.00561046
186
1
1.2601 9.76259 0.94603
0.0231477 0.0165862 0.00641417
187
1
1.21146 9.72896 0.926208
0.0222102 0.0166641 0.0092811
188
1
1.16273 9.69487 0.900769
0.0257395 0.0185367 0.0129944
189
1
1.11433 9.66019 0.869217
0.0252535 0.0178912 0.0164422
190
1
1.06681 9.62638 0.830441
0.0218216 0.0162206 0.0220664
191
1
1.02004 9.59635 0.784304
0.0216754 0.0145688 0.0265398
192
1
0.973109 9.57228 0.732607
0.0219828 0.0100213 0.0275059
193
1
0.922181 9.55516 0.674692
0.024234 0.00475665 0.0332884
