194
0
1
1.3763 7.95885 0.681804
0.0537595 0.0193599 0.00230279
1
1
1.27237 7.9191 0.672836
0.053775 0.0181336 0.00464499
2
1
1.16244 7.87717 0.655366
0.0574859 0.0201076 0.00986367
3
1
1.04932 7.83633 0.625358
0.0570669 0.0198516 0.0187724
4
1
0.932244 7.79556 0.575276
0.0560473 0.0213008 0.0321508
5
1
0.811179 7.75072 0.500657
0.0589455 0.0212373 0.0455841
6
1
0.680439 7.71222 0.38618
0.051464 0.0151749 0.0565069
7
1
0.537014 7.65727 0.199277
0.0390357 0.0203024 0.0643108
8
1
0.709208 5.97695 0.0677793
0.0274738 -0.0355566 -0.0108255
9
1
0.0478902 10.7112 0.685114
0.000758261 -0.0149237 -0.0764759
10
1
-0.0478902 10.7112 0.685114
0.000758261 0.0149237 0.0764759
11
1
-0.70921 5.97695 0.0677754
0.0274736 0.0355565 0.010826
12
1
-0.537014 7.65727 0.199277
0.0390357 -0.0203025 -0.0643108
13
1
-0.680439 7.71222 0.38618
0.051464 -0.0151749 -0.0565069
14
1
-0.811179 7.75072 0.500657
0.0589455 -0.0212373 -0.0455841
15
1
-0.932244 7.79556 0.575276
0.0560473 -0.0213008 -0.0321508
16
1
-1.04932 7.83633 0.625358
0.0570669 -0.0198516 -0.0187724
17
1
-1.16244 7.87717 0.655366
0.0574859 -0.0201076 -0.00986367
18
1
-1.27237 7.9191 0.672836
0.053775 -0.0181336 -0.00464499
19
1
-1.3763 7.95885 0.681804
0.0537595 -0.0193599 -0.00230279
20
1
-1.4717 7.99696 0.685458
0.0442406 -0.0202273 -0.000536648
21
1
-1.55985 8.03343 0.686203
0.040832 -0.0191041 -2.383e-006
22
1
-1.64158 8.0674 0.685801
0.040225 -0.0182802 0.000268498
23
1
-1.72035 8.09976 0.684608
0.0367607 -0.0166778 0.000400875
24
1
-1.79611 8.12977 0.68221
0.0362304 -0.0152876 0.0012151
25
1
-1.86892 8.15671 0.678041
0.0363922 -0.0140096 0.00267412
26
1
-1.93928 8.18068 0.672854
0.0329632 -0.0114412 0.00238195
27
1
-2.00661 8.20142 0.667753
0.031484 -0.00960233 0.0019919
28
1
-2.07202 8.21891 0.662593
0.0325535 -0.00865005 0.00272507
29
1
-2.1369 8.23315 0.656808
0.0324534 -0.00699991 0.00355572
30
1
-2.20089 8.24369 0.650316
0.0318249 -0.00455828 0.00351049
31
1
-2.2642 8.2502 0.642637
0.0317256 -0.00254126 0.00383963
32
1
-2.32665 8.25297 0.633374
0.0311356 -0.000721159 0.0049952
33
1
-2.3875 8.25254 0.62259
0.0307704 0.00109296 0.00619262
34
1
-2.4468 8.24905 0.610438
0.0301136 0.00270024 0.00691123
35
1
-2.50434 8.24209 0.597308
0.0277334 0.00452047 0.00698485
36
1
-2.55959 8.2318 0.584
0.0261373 0.00624357 0.00683438
37
1
-2.61365 8.21896 0.570099
0.0266489 0.00719591 0.00711546
38
1
-2.66731 8.20367 0.555526
0.0266068 0.00840636 0.00720841
39
1
-2.72015 8.18582 0.540903
0.0253509 0.0102163 0.0067463
40
1
-2.77155 8.16609 0.526002
0.0252703 0.0112322 0.00706713
41
1
-2.82156 8.14528 0.510295
0.02518 0.0112456 0.00800637
42
1
-2.87008 8.12342 0.49382
0.0239157 0.0115193 0.00823205
43
1
-2.91736 8.10103 0.476173
0.0237385 0.0120784 0.0085329
44
1
-2.96422 8.07862 0.456737
0.0240318 0.0119042 0.00987829
45
1
-3.0111 8.05639 0.435091
0.0233634 0.0115998 0.0112329
46
1
-3.05755 8.03468 0.410648
0.0238961 0.0122218 0.0119963
47
1
-3.10316 8.01434 0.383283
0.0243281 0.0116423 0.014119
48
1
-3.1471 7.99655 0.353435
0.0234931 0.00913935 0.0165694
49
1
-3.18868 7.98339 0.322231
0.0227964 0.00699252 0.0161684
50
1
-3.22722 7.97518 0.290491
0.0205328 0.00470549 0.0141165
51
1
-3.26231 7.97189 0.258227
0.0178248 0.00104728 0.0147109
52
1
-3.29429 7.97256 0.224706
0.0165151 -0.00306339 0.0180321
53
1
-3.32248 7.97563 0.189171
0.0147636 -0.0052544 0.0199015
54
1
-3.34582 7.97995 0.152354
0.0113632 -0.00460556 0.0188463
55
1
-3.36334 7.98418 0.114771
0.00763215 -0.0040577 0.0186016
56
1
-3.37477 7.98782 0.0766859
0.0044717 -0.00381029 0.0193703
57
1
-3.38189 7.98968 0.038355
0.00176677 -0.00253362 0.0195473
58
1
-3.38433 7.99011 -4.90234e-009
-1.804e-011 2.00741e-011 0.0194159
59
1
-3.38189 7.98968 -0.0383551
-0.00176677 0.00253362 0.0195473
60
1
-3.37477 7.98782 -0.0766859
-0.0044717 0.00381029 0.0193703
61
1
-3.36334 7.98418 -0.114771
-0.00763215 0.0040577 0.0186016
62
1
-3.34582 7.97995 -0.152354
-0.0113632 0.00460556 0.0188463
63
1
-3.32248 7.97563 -0.189171
-0.0147636 0.0052544 0.0199015
64
1
-3.29429 7.97256 -0.224706
-0.0165151 0.00306339 0.0180321
65
1
-3.26231 7.97189 -0.258227
-0.0178248 -0.00104728 0.0147109
66
1
-3.22722 7.97518 -0.290491
-0.0205328 -0.00470549 0.0141165
67
1
-3.18868 7.98339 -0.322231
-0.0227964 -0.00699252 0.0161684
68
1
-3.1471 7.99655 -0.353435
-0.0234931 -0.00913935 0.0165694
69
1
-3.10316 8.01434 -0.383283
-0.0243281 -0.0116423 0.014119
70
1
-3.05755 8.03468 -0.410648
-0.0238961 -0.0122218 0.0119963
71
1
-3.0111 8.05639 -0.435091
-0.0233634 -0.0115998 0.0112329
72
1
-2.96422 8.07862 -0.456737
-0.0240318 -0.0119042 0.00987829
73
1
-2.91736 8.10103 -0.476173
-0.0237385 -0.0120784 0.0085329
74
1
-2.87008 8.12342 -0.49382
-0.0239157 -0.0115193 0.00823205
75
1
-2.82156 8.14528 -0.510295
-0.02518 -0.0112456 0.00800637
76
1
-2.77155 8.16609 -0.526002
-0.0252703 -0.0112322 0.00706713
77
1
-2.72015 8.18582 -0.540903
-0.0253509 -0.0102163 0.0067463
78
1
-2.66731 8.20367 -0.555526
-0.0266068 -0.00840636 0.00720841
79
1
-2.61365 8.21896 -0.570099
-0.0266489 -0.00719591 0.00711546
80
1
-2.55959 8.2318 -0.584
-0.0261373 -0.00624357 0.00683438
81
1
-2.50434 8.24209 -0.597308
-0.0277334 -0.00452047 0.00698485
82
1
-2.4468 8.24905 -0.610438
-0.0301136 -0.00270024 0.00691123
83
1
-2.3875 8.25254 -0.62259
-0.0307704 -0.00109296 0.00619262
84
1
-2.32665 8.25297 -0.633374
-0.0311356 0.000721159 0.0049952
85
1
-2.2642 8.2502 -0.642637
-0.0317256 0.00254126 0.00383963
86
1
-2.20089 8.24369 -0.650316
-0.0318249 0.00455828 0.00351049
87
1
-2.1369 8.23315 -0.656808
-0.0324534 0.00699991 0.00355572
88
1
-2.07202 8.21891 -0.662593
-0.0325535 0.00865005 0.00272507
89
1
-2.00661 8.20142 -0.667753
-0.031484 0.00960233 0.0019919
90
1
-1.93928 8.18068 -0.672854
-0.0329632 0.0114412 0.00238195
91
1
-1.86892 8.15671 -0.678041
-0.0363922 0.0140096 0.00267412
92
1
-1.79611 8.12977 -0.68221
-0.0362304 0.0152876 0.0012151
93
1
-1.72035 8.09976 -0.684608
-0.0367607 0.0166778 0.000400875
94
1
-1.64158 8.0674 -0.685801
-0.040225 0.0182802 0.000268498
95
1
-1.55985 8.03343 -0.686203
-0.040832 0.0191041 -2.38295e-006
96
1
-1.4717 7.99696 -0.685459
-0.0442406 0.0202273 -0.000536648
97
1
-1.3763 7.95885 -0.681804
-0.0537595 0.0193599 -0.00230279
98
1
-1.27237 7.9191 -0.672836
-0.053775 0.0181336 -0.00464499
99
1
-1.16244 7.87717 -0.655366
-0.0574859 0.0201076 -0.00986367
100
1
-1.04932 7.83633 -0.625358
-0.0570669 0.0198516 -0.0187724
101
1
-0.932244 7.79556 -0.575276
-0.0560473 0.0213008 -0.0321508
102
1
-0.811179 7.75072 -0.500657
-0.0589455 0.0212373 -0.0455841
103
1
-0.680439 7.71222 -0.38618
-0.051464 0.0151749 -0.0565069
104
1
-0.537014 7.65727 -0.199277
-0.0390357 0.0203024 -0.0643108
105
1
-0.709208 5.97695 -0.0677791
-0.0274738 -0.0355566 0.0108255
106
1
-0.0478902 10.7112 -0.685114
-0.000758261 -0.0149237 0.0764759
107
1
0.0478902 10.7112 -0.685114
-0.000758261 0.0149237 -0.0764759
108
1
0.70921 5.97695 -0.0677752
-0.0274736 0.0355565 -0.010826
109
1
0.537014 7.65727 -0.199277
-0.0390357 -0.0203025 0.0643108
110
1
0.680439 7.71222 -0.38618
-0.051464 -0.0151749 0.0565069
111
1
0.811179 7.75072 -0.500657
-0.0589455 -0.0212373 0.0455841
112
1
0.932244 7.79556 -0.575276
-0.0560473 -0.0213008 0.0321508
113
1
1.04932 7.83633 -0.625358
-0.0570669 -0.0198516 0.0187724
114
1
1.16244 7.87717 -0.655366
-0.0574859 -0.0201076 0.00986367
115
1
1.27237 7.9191 -0.672836
-0.053775 -0.0181336 0.00464499
116
1
1.3763 7.95885 -0.681804
-0.0537595 -0.0193599 0.00230279
117
1
1.4717 7.99696 -0.685458
-0.0442406 -0.0202273 0.000536648
118
1
1.55985 8.03343 -0.686203
-0.040832 -0.0191041 2.38297e-006
119
1
1.64158 8.0674 -0.685801
-0.040225 -0.0182802 -0.000268498
120
1
1.72035 8.09976 -0.684608
-0.0367607 -0.0166778 -0.000400875
121
1
1.79611 8.12977 -0.68221
-0.0362304 -0.0152876 -0.0012151
122
1
1.86892 8.15671 -0.678041
-0.0363922 -0.0140096 -0.00267412
123
1
1.93928 8.18068 -0.672854
-0.0329632 -0.0114412 -0.00238195
124
1
2.00661 8.20142 -0.667753
-0.031484 -0.00960233 -0.0019919
125
1
2.07202 8.21891 -0.662593
-0.0325535 -0.00865005 -0.00272507
126
1
2.1369 8.23315 -0.656808
-0.0324534 -0.00699991 -0.00355572
127
1
2.20089 8.24369 -0.650316
-0.0318249 -0.00455828 -0.00351049
128
1
2.2642 8.2502 -0.642637
-0.0317256 -0.00254126 -0.00383963
129
1
2.32665 8.25297 -0.633374
-0.0311356 -0.000721159 -0.0049952
130
1
2.3875 8.25254 -0.62259
-0.0307704 0.00109296 -0.00619262
131
1
2.4468 8.24905 -0.610438
-0.0301136 0.00270024 -0.00691123
132
1
2.50434 8.24209 -0.597308
-0.0277334 0.00452047 -0.00698485
133
1
2.55959 8.2318 -0.584
-0.0261373 0.00624357 -0.00683438
134
1
2.61365 8.21896 -0.570099
-0.0266489 0.00719591 -0.00711546
135
1
2.66731 8.20367 -0.555526
-0.0266068 0.00840636 -0.00720841
136
1
2.72015 8.18582 -0.540903
-0.0253509 0.0102163 -0.0067463
137
1
2.77155 8.16609 -0.526002
-0.0252703 0.0112322 -0.00706713
138
1
2.82156 8.14528 -0.510295
-0.02518 0.0112456 -0.00800637
139
1
2.87008 8.12342 -0.49382
-0.0239157 0.0115193 -0.00823205
140
1
2.91736 8.10103 -0.476173
-0.0237385 0.0120784 -0.0085329
141
1
2.96422 8.07862 -0.456737
-0.0240318 0.0119042 -0.00987829
142
1
3.0111 8.05639 -0.435091
-0.0233634 0.0115998 -0.0112329
143
1
3.05755 8.03468 -0.410648
-0.0238961 0.0122218 -0.0119963
144
1
3.10316 8.01434 -0.383283
-0.0243281 0.0116423 -0.014119
145
1
3.1471 7.99655 -0.353435
-0.0234931 0.00913935 -0.0165694
146
1
3.18868 7.98339 -0.322231
-0.0227964 0.00699252 -0.0161684
147
1
3.22722 7.97518 -0.290491
-0.0205328 0.00470549 -0.0141165
148
1
3.26231 7.97189 -0.258227
-0.0178248 0.00104728 -0.0147109
149
1
3.29429 7.97256 -0.224706
-0.0165151 -0.00306339 -0.0180321
150
1
3.32248 7.97563 -0.189171
-0.0147636 -0.0052544 -0.0199015
151
1
3.34582 7.97995 -0.152354
-0.0113632 -0.00460556 -0.0188463
152
1
3.36334 7.98418 -0.114771
-0.00763215 -0.0040577 -0.0186016
153
1
3.37477 7.98782 -0.0766859
-0.0044717 -0.00381029 -0.0193703
154
1
3.38189 7.98968 -0.038355
-0.00176677 -0.00253362 -0.0195473
155
1
3.38433 7.99011 5.02044e-009
1.7063e-011 1.96209e-011 -0.0194159
156
1
3.38189 7.98968 0.0383551
0.00176677 0.00253362 -0.0195473
157
1
3.37477 7.98782 0.0766859
0.0044717 0.00381029 -0.0193703
158
1
3.36334 7.98418 0.114771
0.00763215 0.0040577 -0.0186016
159
1
3.34582 7.97995 0.152354
0.0113632 0.00460556 -0.0188463
160
1
3.32248 7.97563 0.189171
0.0147636 0.0052544 -0.0199015
161
1
3.29429 7.97256 0.224706
0.0165151 0.00306339 -0.0180321
162
1
3.26231 7.97189 0.258227
0.0178248 -0.00104728 -0.0147109
163
1
3.22722 7.97518 0.290491
0.0205328 -0.00470549 -0.0141165
164
1
3.18868 7.98339 0.322231
0.0227964 -0.00699252 -0.0161684
165
1
3.1471 7.99655 0.353435
0.0234931 -0.00913935 -0.0165694
166
1
3.10316 8.01434 0.383283
0.0243281 -0.0116423 -0.014119
167
1
3.05755 8.03468 0.410648
0.0238961 -0.0122218 -0.0119963
168
1
3.0111 8.05639 0.435091
0.0233634 -0.0115998 -0.0112329
169
1
2.96422 8.07862 0.456737
0.0240318 -0.0119042 -0.00987829
170
1
2.91736 8.10103 0.476173
0.0237385 -0.0120784 -0.0085329
171
1
2.87008 8.12342 0.49382
0.0239157 -0.0115193 -0.00823205
172
1
2.82156 8.14528 0.510295
0.02518 -0.0112456 -0.00800637
173
1
2.77155 8.16609 0.526002
0.0252703 -0.0112322 -0.00706713
174
1
2.72015 8.18582 0.540903
0.0253509 -0.0102163 -0.0067463
175
1
2.66731 8.20367 0.555526
0.0266068 -0.00840636 -0.00720841
176
1
2.61365 8.21896 0.570099
0.0266489 -0.00719591 -0.00711546
177
1
2.55959 8.2318 0.584
0.0261373 -0.00624357 -0.00683438
178
1
2.50434 8.24209 0.597308
0.0277334 -0.00452047 -0.00698485
179
1
2.4468 8.24905 0.610438
0.0301136 -0.00270024 -0.00691123
180
1
2.3875 8.25254 0.62259
0.0307704 -0.00109296 -0.00619262
181
1
2.32665 8.25297 0.633374
0.0311356 0.000721159 -0.0049952
182
1
2.2642 8.2502 0.642637
0.0317256 0.00254126 -0.00383963
183
1
2.20089 8.24369 0.650316
0.0318249 0.00455828 -0.00351049
184
1
2.1369 8.23315 0.656808
0.0324534 0.00699991 -0.00355572
185
1
2.07202 8.21891 0.662593
0.0325535 0.00865005 -0.00272507
186
1
2.00661 8.20142 0.667753
0.031484 0.00960233 -0.0019919
187
1
1.93928 8.18068 0.672854
0.0329632 0.0114412 -0.00238195
188
1
1.86892 8.15671 0.678041
0.0363922 0.0140096 -0.00267412
189
1
1.79611 8.12977 0.68221
0.0362304 0.0152876 -0.0012151
190
1
1.72035 8.09976 0.684608
0.0367607 0.0166778 -0.000400875
191
1
1.64158 8.0674 0.685801
0.040225 0.0182802 -0.000268498
192
1
1.55985 8.03343 0.686203
0.040832 0.0191041 2.38298e-006
193
1
1.4717 7.99696 0.685459
0.0442406 0.0202273 0.000536648
