194
0
1
0.774716 9.65791 0.648653
0.00541533 0.0189812 0.0393733
1
1
0.75326 9.61653 0.576908
0.00461458 0.0159433 0.0379466
2
1
0.727581 9.57128 0.50621
0.0120707 0.0226446 0.0346741
3
1
0.688852 9.51676 0.444085
0.0206036 0.0330975 0.0299334
4
1
0.628897 9.45715 0.401641
0.0334051 0.0298167 0.0118501
5
1
0.542649 9.39824 0.390318
0.0481464 0.0269893 -0.0100668
6
1
0.417724 9.34232 0.420469
0.0673891 0.0185016 -0.0331885
7
1
0.209885 9.28367 0.508596
0.0667725 0.0101974 -0.0388497
8
1
0.871151 6.52451 0.0568913
0.0475468 0.0103454 -0.0092937
9
1
1.03695 13.1877 0.0558407
-0.045144 -0.0486635 0.0076179
10
1
-1.03695 13.1877 0.0558403
-0.045144 0.0486635 -0.00761803
11
1
-0.871176 6.52451 0.0566364
0.0475356 -0.0103405 0.00931168
12
1
-0.209885 9.28367 0.508596
0.0667725 -0.0101974 0.0388497
13
1
-0.417724 9.34232 0.420469
0.0673891 -0.0185016 0.0331885
14
1
-0.542649 9.39824 0.390318
0.0481464 -0.0269893 0.0100668
15
1
-0.628897 9.45715 0.401641
0.0334051 -0.0298167 -0.0118501
16
1
-0.688852 9.51676 0.444084
0.0206036 -0.0330975 -0.0299334
17
1
-0.727581 9.57128 0.50621
0.0120707 -0.0226447 -0.0346741
18
1
-0.75326 9.61653 0.576908
0.00461457 -0.0159433 -0.0379466
19
1
-0.774716 9.65791 0.648653
0.00541532 -0.0189812 -0.0393733
20
1
-0.799501 9.6987 0.715057
0.010987 -0.020207 -0.0338565
21
1
-0.831561 9.73884 0.772688
0.0173016 -0.0185116 -0.0255688
22
1
-0.869182 9.77816 0.821959
0.0207614 -0.0205275 -0.0234435
23
1
-0.910694 9.81781 0.866513
0.0220444 -0.0195752 -0.0202106
24
1
-0.955344 9.85534 0.90657
0.025538 -0.0174689 -0.0177624
25
1
-1.00179 9.89029 0.941202
0.0252425 -0.0164347 -0.0160928
26
1
-1.0477 9.9235 0.970503
0.0210708 -0.014505 -0.0126207
27
1
-1.0917 9.95612 0.995111
0.0210795 -0.0139836 -0.0108631
28
1
-1.13412 9.98979 1.01677
0.0228927 -0.0154231 -0.011126
29
1
-1.17407 10.0265 1.03647
0.0206869 -0.0180947 -0.0102903
30
1
-1.21028 10.0656 1.05364
0.0173766 -0.0197582 -0.00914948
31
1
-1.24354 10.1058 1.06673
0.0152121 -0.0208691 -0.0063525
32
1
-1.27532 10.1465 1.07385
0.0140373 -0.0214228 -0.00278596
33
1
-1.30579 10.1868 1.07459
0.0140565 -0.0206292 -0.000130144
34
1
-1.33517 10.2268 1.0698
0.0148199 -0.0205563 0.00392753
35
1
-1.36399 10.2665 1.06143
0.0136743 -0.0208696 0.00677077
36
1
-1.39279 10.3045 1.04978
0.0121417 -0.0189192 0.00617443
37
1
-1.42249 10.3403 1.03545
0.0143863 -0.0172574 0.00858176
38
1
-1.45355 10.3748 1.01732
0.0163035 -0.016353 0.0123481
39
1
-1.48489 10.4085 0.995773
0.0141732 -0.0145484 0.0112008
40
1
-1.516 10.4406 0.972582
0.0151038 -0.0144515 0.0113418
41
1
-1.54756 10.4708 0.947049
0.0179569 -0.0148373 0.0149275
42
1
-1.57802 10.4996 0.91789
0.0155157 -0.0131513 0.0158825
43
1
-1.60658 10.5268 0.885701
0.0129307 -0.0124409 0.0144415
44
1
-1.6337 10.5536 0.850697
0.0147541 -0.01442 0.0163181
45
1
-1.66006 10.58 0.811856
0.0160422 -0.0158669 0.0217776
46
1
-1.68486 10.6043 0.768099
0.0117817 -0.0122668 0.0231552
47
1
-1.70592 10.6255 0.720018
0.00858963 -0.00831901 0.0240117
48
1
-1.72367 10.6431 0.666429
0.00734489 -0.0068167 0.0316432
49
1
-1.73766 10.6573 0.609445
0.00549719 -0.00593541 0.0330537
50
1
-1.74888 10.6682 0.549961
0.00393997 -0.00353159 0.0302564
51
1
-1.7583 10.6762 0.486484
0.00425915 -0.00162982 0.0337072
52
1
-1.76665 10.6822 0.420125
0.0044554 -0.00233305 0.0372709
53
1
-1.7741 10.6874 0.350607
0.00302765 -0.00291368 0.0406844
54
1
-1.78025 10.6919 0.279279
0.00303091 -0.00262651 0.0411745
55
1
-1.7849 10.6961 0.207943
0.00231158 -0.0029816 0.0389272
56
1
-1.78804 10.6999 0.137997
0.00119751 -0.00194081 0.0364878
57
1
-1.78963 10.702 0.0679719
-0.000547572 -0.000289817 0.0348648
58
1
-1.7901 10.7024 -6.82642e-008
2.73287e-010 7.62932e-010 0.0343634
59
1
-1.78963 10.702 -0.067972
0.000547573 0.000289819 0.0348648
60
1
-1.78804 10.6999 -0.137997
-0.00119751 0.00194081 0.0364878
61
1
-1.7849 10.6961 -0.207943
-0.00231158 0.0029816 0.0389272
62
1
-1.78025 10.6919 -0.279279
-0.00303091 0.00262651 0.0411745
63
1
-1.7741 10.6874 -0.350607
-0.00302765 0.00291369 0.0406844
64
1
-1.76665 10.6822 -0.420125
-0.00445539 0.00233305 0.0372709
65
1
-1.7583 10.6762 -0.486485
-0.00425915 0.00162982 0.0337072
66
1
-1.74888 10.6682 -0.549961
-0.00393997 0.00353159 0.0302564
67
1
-1.73766 10.6573 -0.609445
-0.00549719 0.00593541 0.0330537
68
1
-1.72367 10.6431 -0.666429
-0.00734489 0.0068167 0.0316432
69
1
-1.70592 10.6255 -0.720019
-0.00858963 0.00831901 0.0240117
70
1
-1.68486 10.6043 -0.768099
-0.0117817 0.0122668 0.0231552
71
1
-1.66006 10.58 -0.811856
-0.0160422 0.0158669 0.0217776
72
1
-1.6337 10.5536 -0.850697
-0.0147541 0.01442 0.0163181
73
1
-1.60658 10.5268 -0.885702
-0.0129307 0.0124409 0.0144415
74
1
-1.57802 10.4996 -0.91789
-0.0155157 0.0131513 0.0158825
75
1
-1.54756 10.4708 -0.947049
-0.0179569 0.0148373 0.0149275
76
1
-1.516 10.4406 -0.972582
-0.0151038 0.0144515 0.0113418
77
1
-1.48489 10.4085 -0.995773
-0.0141732 0.0145484 0.0112008
78
1
-1.45355 10.3748 -1.01732
-0.0163035 0.016353 0.0123481
79
1
-1.4225 10.3403 -1.03545
-0.0143863 0.0172574 0.00858176
80
1
-1.39279 10.3045 -1.04978
-0.0121417 0.0189192 0.00617443
81
1
-1.36399 10.2665 -1.06143
-0.0136743 0.0208696 0.00677077
82
1
-1.33517 10.2268 -1.0698
-0.0148199 0.0205563 0.00392753
83
1
-1.30579 10.1868 -1.07459
-0.0140565 0.0206292 -0.000130144
84
1
-1.27532 10.1465 -1.07385
-0.0140373 0.0214228 -0.00278596
85
1
-1.24354 10.1058 -1.06673
-0.0152121 0.0208691 -0.0063525
86
1
-1.21028 10.0656 -1.05364
-0.0173766 0.0197582 -0.00914948
87
1
-1.17407 10.0265 -1.03647
-0.0206869 0.0180947 -0.0102903
88
1
-1.13412 9.98979 -1.01677
-0.0228927 0.0154231 -0.011126
89
1
-1.0917 9.95612 -0.995111
-0.0210795 0.0139836 -0.0108631
90
1
-1.0477 9.9235 -0.970503
-0.0210708 0.014505 -0.0126207
91
1
-1.00179 9.89029 -0.941202
-0.0252425 0.0164347 -0.0160928
92
1
-0.955344 9.85534 -0.90657
-0.025538 0.0174689 -0.0177624
93
1
-0.910694 9.81781 -0.866513
-0.0220444 0.0195752 -0.0202106
94
1
-0.869182 9.77816 -0.82196
-0.0207614 0.0205275 -0.0234435
95
1
-0.831561 9.73884 -0.772688
-0.0173017 0.0185116 -0.0255688
96
1
-0.799501 9.6987 -0.715057
-0.010987 0.020207 -0.0338565
97
1
-0.774716 9.65791 -0.648653
-0.00541533 0.0189812 -0.0393733
98
1
-0.75326 9.61653 -0.576908
-0.00461458 0.0159433 -0.0379466
99
1
-0.727581 9.57128 -0.50621
-0.0120707 0.0226446 -0.0346741
100
1
-0.688852 9.51676 -0.444085
-0.0206036 0.0330975 -0.0299334
101
1
-0.628897 9.45715 -0.401641
-0.0334051 0.0298167 -0.0118501
102
1
-0.542649 9.39824 -0.390318
-0.0481464 0.0269893 0.0100668
103
1
-0.417724 9.34232 -0.420469
-0.0673891 0.0185016 0.0331885
104
1
-0.209885 9.28367 -0.508596
-0.0667725 0.0101974 0.0388497
105
1
-0.871151 6.52451 -0.0568872
-0.0475466 0.0103454 0.00929412
106
1
-1.03695 13.1877 -0.0558408
0.045144 -0.0486635 -0.0076179
107
1
1.03695 13.1877 -0.0558404
0.045144 0.0486635 0.00761803
108
1
0.871177 6.52451 -0.0566322
-0.0475355 -0.0103405 -0.0093121
109
1
0.209885 9.28367 -0.508596
-0.0667725 -0.0101974 -0.0388497
110
1
0.417724 9.34232 -0.420469
-0.0673891 -0.0185016 -0.0331885
111
1
0.542649 9.39824 -0.390318
-0.0481464 -0.0269893 -0.0100668
112
1
0.628897 9.45715 -0.401641
-0.0334051 -0.0298167 0.0118501
113
1
0.688852 9.51676 -0.444084
-0.0206036 -0.0330975 0.0299334
114
1
0.727581 9.57128 -0.50621
-0.0120707 -0.0226447 0.0346741
115
1
0.75326 9.61653 -0.576908
-0.00461457 -0.0159433 0.0379466
116
1
0.774716 9.65791 -0.648653
-0.00541533 -0.0189812 0.0393733
117
1
0.799501 9.6987 -0.715057
-0.010987 -0.020207 0.0338565
118
1
0.831561 9.73884 -0.772688
-0.0173016 -0.0185116 0.0255688
119
1
0.869182 9.77816 -0.821959
-0.0207614 -0.0205275 0.0234435
120
1
0.910694 9.81781 -0.866513
-0.0220444 -0.0195752 0.0202106
121
1
0.955344 9.85534 -0.90657
-0.025538 -0.0174689 0.0177624
122
1
1.00179 9.89029 -0.941202
-0.0252425 -0.0164347 0.0160928
123
1
1.0477 9.9235 -0.970503
-0.0210708 -0.014505 0.0126207
124
1
1.0917 9.95612 -0.995111
-0.0210795 -0.0139836 0.0108631
125
1
1.13412 9.98979 -1.01677
-0.0228927 -0.0154231 0.011126
126
1
1.17407 10.0265 -1.03647
-0.0206869 -0.0180947 0.0102903
127
1
1.21028 10.0656 -1.05364
-0.0173766 -0.0197582 0.00914948
128
1
1.24354 10.1058 -1.06673
-0.0152121 -0.0208691 0.0063525
129
1
1.27532 10.1465 -1.07385
-0.0140373 -0.0214228 0.00278596
130
1
1.30579 10.1868 -1.07459
-0.0140565 -0.0206292 0.000130144
131
1
1.33517 10.2268 -1.0698
-0.0148199 -0.0205563 -0.00392753
132
1
1.36399 10.2665 -1.06143
-0.0136743 -0.0208696 -0.00677077
133
1
1.39279 10.3045 -1.04978
-0.0121417 -0.0189192 -0.00617443
134
1
1.4225 10.3403 -1.03545
-0.0143863 -0.0172574 -0.00858176
135
1
1.45355 10.3748 -1.01732
-0.0163035 -0.016353 -0.0123481
136
1
1.48489 10.4085 -0.995773
-0.0141732 -0.0145484 -0.0112008
137
1
1.516 10.4406 -0.972582
-0.0151038 -0.0144515 -0.0113418
138
1
1.54756 10.4708 -0.947049
-0.0179569 -0.0148373 -0.0149275
139
1
1.57802 10.4996 -0.91789
-0.0155157 -0.0131513 -0.0158825
140
1
1.60658 10.5268 -0.885701
-0.0129307 -0.0124409 -0.0144415
141
1
1.6337 10.5536 -0.850697
-0.0147541 -0.01442 -0.0163181
142
1
1.66006 10.58 -0.811856
-0.0160422 -0.0158669 -0.0217776
143
1
1.68486 10.6043 -0.768099
-0.0117817 -0.0122668 -0.0231552
144
1
1.70592 10.6255 -0.720018
-0.00858963 -0.00831901 -0.0240117
145
1
1.72367 10.6431 -0.666429
-0.00734489 -0.0068167 -0.0316432
146
1
1.73766 10.6573 -0.609445
-0.00549719 -0.00593541 -0.0330537
147
1
1.74888 10.6682 -0.549961
-0.00393997 -0.00353159 -0.0302564
148
1
1.7583 10.6762 -0.486484
-0.00425915 -0.00162982 -0.0337072
149
1
1.76665 10.6822 -0.420125
-0.0044554 -0.00233305 -0.0372709
150
1
1.7741 10.6874 -0.350607
-0.00302765 -0.00291368 -0.0406844
151
1
1.78025 10.6919 -0.279279
-0.00303091 -0.00262651 -0.0411745
152
1
1.7849 10.6961 -0.207943
-0.00231158 -0.0029816 -0.0389272
153
1
1.78804 10.6999 -0.137997
-0.00119751 -0.00194081 -0.0364878
154
1
1.78963 10.702 -0.0679719
0.000547572 -0.000289817 -0.0348648
155
1
1.7901 10.7024 7.07182e-008
-1.03987e-010 7.61138e-010 -0.0343634
156
1
1.78963 10.702 0.067972
-0.000547572 0.000289819 -0.0348648
157
1
1.78804 10.6999 0.137997
0.00119751 0.00194081 -0.0364878
158
1
1.7849 10.6961 0.207943
0.00231158 0.0029816 -0.0389272
159
1
1.78025 10.6919 0.279279
0.00303091 0.00262651 -0.0411745
160
1
1.7741 10.6874 0.350607
0.00302765 0.00291369 -0.0406844
161
1
1.76665 10.6822 0.420125
0.00445539 0.00233305 -0.0372709
162
1
1.7583 10.6762 0.486485
0.00425915 0.00162982 -0.0337072
163
1
1.74888 10.6682 0.549961
0.00393997 0.00353159 -0.0302564
164
1
1.73766 10.6573 0.609445
0.00549719 0.00593541 -0.0330537
165
1
1.72367 10.6431 0.666429
0.00734489 0.0068167 -0.0316432
166
1
1.70592 10.6255 0.720019
0.00858963 0.00831901 -0.0240117
167
1
1.68486 10.6043 0.768099
0.0117817 0.0122668 -0.0231552
168
1
1.66006 10.58 0.811856
0.0160422 0.0158669 -0.0217776
169
1
1.6337 10.5536 0.850697
0.0147541 0.01442 -0.0163181
170
1
1.60658 10.5268 0.885702
0.0129307 0.0124409 -0.0144415
171
1
1.57802 10.4996 0.91789
0.0155157 0.0131513 -0.0158825
172
1
1.54756 10.4708 0.947049
0.0179569 0.0148373 -0.0149275
173
1
1.516 10.4406 0.972582
0.0151038 0.0144515 -0.0113418
174
1
1.48489 10.4085 0.995773
0.0141732 0.0145484 -0.0112008
175
1
1.45355 10.3748 1.01732
0.0163035 0.016353 -0.0123481
176
1
1.4225 10.3403 1.03545
0.0143863 0.0172574 -0.00858176
177
1
1.39279 10.3045 1.04978
0.0121417 0.0189192 -0.00617443
178
1
1.36399 10.2665 1.06143
0.0136743 0.0208696 -0.00677077
179
1
1.33517 10.2268 1.0698
0.0148199 0.0205563 -0.00392753
180
1
1.30579 10.1868 1.07459
0.0140565 0.0206292 0.000130144
181
1
1.27532 10.1465 1.07385
0.0140373 0.0214228 0.00278596
182
1
1.24354 10.1058 1.06673
0.0152121 0.0208691 0.0063525
183
1
1.21028 10.0656 1.05364
0.0173766 0.0197582 0.00914948
184
1
1.17407 10.0265 1.03647
0.0206869 0.0180947 0.0102903
185
1
1.13412 9.98979 1.01677
0.0228927 0.0154231 0.011126
186
1
1.0917 9.95612 0.995111
0.0210795 0.0139836 0.0108631
187
1
1.0477 9.9235 0.970503
0.0210708 0.014505 0.0126207
188
1
1.00179 9.89029 0.941202
0.0252425 0.0164347 0.0160928
189
1
0.955344 9.85534 0.90657
0.025538 0.0174689 0.0177624
190
1
0.910694 9.81781 0.866513
0.0220444 0.0195752 0.0202106
191
1
0.869182 9.77816 0.82196
0.0207614 0.0205275 0.0234435
192
1
0.831561 9.73884 0.772688
0.0173017 0.0185116 0.0255688
193
1
0.799501 9.6987 0.715057
0.010987 0.020207 0.0338565
