194
0
1
0.86997 12.2438 2.63812
0.0277333 0.020537 -0.0170049
1
1
0.825239 12.1956 2.68747
0.0170738 0.0201155 -0.0205421
2
1
0.766099 12.1314 2.76528
0.0323296 0.0424121 -0.0542625
3
1
0.704637 12.0771 2.8519
0.0311243 0.0246237 -0.0465708
4
1
0.639875 12.0452 2.9428
0.0364565 0.00491164 -0.0501784
5
1
0.572543 12.0236 3.01473
0.0177263 0.00478481 -0.017153
6
1
0.445363 11.9967 3.10783
0.06853 0.00773333 -0.035665
7
1
0.208491 11.9736 3.21433
0.0748489 0.00385939 -0.0213213
8
1
0.401931 6.03125 0.0604884
-0.0111191 -0.0490303 -0.0103928
9
1
1.01782 12.0927 0.119988
0.0731817 0.019936 0.0178562
10
1
-0.936388 12.1868 -0.181026
0.047629 0.0142431 0.0465338
11
1
-0.408232 6.03204 0.0489507
-0.0117595 0.0473643 0.00775331
12
1
-0.20929 11.9734 3.21401
0.0748412 -0.0037884 0.0213612
13
1
-0.445951 11.9963 3.10731
0.0685071 -0.00761722 0.0357239
14
1
-0.573001 12.0229 3.01411
0.0177054 -0.00472338 0.0171477
15
1
-0.640221 12.0443 2.94217
0.0364271 -0.00472642 0.0501736
16
1
-0.704812 12.076 2.85135
0.031045 -0.0244369 0.0465177
17
1
-0.766082 12.13 2.76501
0.0322234 -0.0422067 0.054057
18
1
-0.824943 12.1941 2.68773
0.0169807 -0.0200759 0.0203331
19
1
-0.869253 12.2424 2.63903
0.0275792 -0.0205968 0.0165821
20
1
-0.916851 12.2933 2.59564
0.0295947 -0.027678 0.0189509
21
1
-0.958308 12.3427 2.54796
0.0220567 -0.020306 0.0215874
22
1
-0.984735 12.3889 2.49198
0.00384278 -0.0258714 0.0375892
23
1
-0.994162 12.4316 2.43471
0.00599213 -0.0163486 0.0271779
24
1
-0.990679 12.4647 2.38724
0.0079332 -0.00675433 0.012892
25
1
-0.978039 12.487 2.34716
-0.00401926 -0.0129062 0.0126482
26
1
-0.955038 12.5124 2.30843
-0.0305794 -0.016742 0.0180986
27
1
-0.926663 12.5387 2.27077
-0.0239788 -0.01018 0.0215331
28
1
-0.893644 12.5626 2.23062
-0.0181821 -0.00972338 0.0222331
29
1
-0.856987 12.5837 2.18952
-0.0186001 -0.0139039 0.0232103
30
1
-0.823689 12.6016 2.1502
-0.014054 -0.00889061 0.0157825
31
1
-0.793603 12.6137 2.11548
-0.0119739 -0.00376026 0.0110115
32
1
-0.764997 12.6206 2.0818
-0.0118378 -0.00102767 0.0089462
33
1
-0.738177 12.6212 2.04852
-0.0111571 0.00330844 0.0172598
34
1
-0.71064 12.6187 2.01372
-0.0126176 0.00571691 0.0194945
35
1
-0.679065 12.6134 1.97499
-0.0151707 0.00524607 0.0159242
36
1
-0.643889 12.6092 1.93332
-0.0179513 0.00281592 0.0268344
37
1
-0.604668 12.6067 1.89086
-0.023743 0.00164271 0.0296842
38
1
-0.561736 12.6057 1.8521
-0.0253599 0.00121311 0.0154094
39
1
-0.517085 12.6068 1.81964
-0.018779 0.00114306 0.00711732
40
1
-0.477228 12.6118 1.78971
-0.0187133 0.00173518 0.0109236
41
1
-0.445384 12.6205 1.76005
-0.0206523 0.000201477 0.0149359
42
1
-0.419186 12.6354 1.72837
-0.0161184 -0.00554223 0.0146523
43
1
-0.401041 12.6574 1.69127
-0.0123146 -0.0157439 0.0171342
44
1
-0.385226 12.6809 1.64667
-0.00597272 -0.0344295 0.0282927
45
1
-0.37815 12.7127 1.59034
0.0206698 -0.0267115 0.0534711
46
1
-0.373412 12.7393 1.52439
-0.0144973 -0.00555343 0.0504653
47
1
-0.367872 12.7607 1.4625
-0.0151631 -0.0152854 0.0274481
48
1
-0.370795 12.7806 1.38925
0.0257085 0.0018231 0.0633752
49
1
-0.37288 12.7881 1.32884
-0.0173241 0.00132665 0.0228961
50
1
-0.377719 12.8066 1.26093
0.0172543 -0.0292005 0.064334
51
1
-0.391974 12.8498 1.13021
0.0345315 -0.00459524 0.0697016
52
1
-0.431852 12.886 1.06887
-0.0343865 -0.00392144 -0.0509996
53
1
-0.481307 12.9484 1.03142
0.061915 -0.00105818 0.0311604
54
1
-0.502256 12.9721 1.00633
0.00624749 -0.00498102 0.0175191
55
1
-0.585377 12.9694 0.993465
0.00297657 -0.000172983 -0.00805821
56
1
0.166255 14.5369 1.32707
0.00192411 -0.0511285 0.058771
57
1
-0.177812 13.754 0.000190619
-0.0374736 0.0192482 -0.0199745
58
1
0.0579222 15.8847 0.0247342
0.014374 0.0318713 -0.0696381
59
1
-0.169273 13.7432 -0.0548065
0.0377762 -0.0184086 -0.00478014
60
1
-0.280488 14.5185 -1.2594
0.0208401 -0.0276707 0.0697988
61
1
-0.452442 12.9806 -0.956741
-0.0069088 0.00375021 -0.00767703
62
1
-0.365999 12.9933 -1.00556
-0.00626006 0.0020432 0.0257819
63
1
-0.337589 12.9718 -1.04708
-0.0625624 -0.00442323 0.042783
64
1
-0.297572 12.9251 -1.1218
0.040161 0.015391 -0.0475581
65
1
-0.271284 12.8984 -1.18285
-0.0385535 -0.00908289 0.0671042
66
1
-0.280347 12.8578 -1.28537
-0.00281896 0.0335968 0.0381126
67
1
-0.278282 12.8441 -1.34262
0.0235834 -0.00405346 0.0270113
68
1
-0.282222 12.8409 -1.40114
-0.021555 -0.00657573 0.0591452
69
1
-0.29158 12.8213 -1.46871
0.0244629 0.00833349 0.0222801
70
1
-0.305311 12.8057 -1.53322
0.0128742 0.00168844 0.0630988
71
1
-0.319296 12.7814 -1.60566
-0.0121236 0.0328822 0.0588896
72
1
-0.335463 12.7489 -1.66253
0.0146265 0.0327093 0.0280522
73
1
-0.357303 12.7222 -1.70857
0.0179921 0.0154559 0.0174654
74
1
-0.384065 12.6956 -1.74538
0.0194874 0.0066615 0.0147342
75
1
-0.418236 12.6781 -1.77607
0.0227787 0.00234067 0.0138169
76
1
-0.457709 12.6677 -1.80333
0.0199043 0.0013212 0.00945779
77
1
-0.502615 12.6589 -1.82943
0.0204526 0.00209651 0.00604774
78
1
-0.550614 12.6524 -1.85777
0.0271513 0.00323372 0.0121155
79
1
-0.597155 12.6475 -1.89177
0.0248125 0.0023833 0.0243119
80
1
-0.638796 12.6447 -1.93058
0.0192802 -0.000219598 0.0243816
81
1
-0.676581 12.6443 -1.96996
0.0168204 -0.00358426 0.0173719
82
1
-0.710617 12.6458 -2.0078
0.0136805 -0.00412112 0.019352
83
1
-0.740195 12.6453 -2.04235
0.0119973 -0.00202619 0.0166062
84
1
-0.768805 12.6419 -2.07548
0.0126815 0.0018074 0.00895785
85
1
-0.798698 12.6322 -2.1088
0.0124165 0.00455318 0.0108767
86
1
-0.829535 12.6171 -2.14318
0.0140927 0.0101061 0.0157164
87
1
-0.862905 12.596 -2.18227
0.0180709 0.0157106 0.0231853
88
1
-0.899112 12.5719 -2.22322
0.0173844 0.0113896 0.0221105
89
1
-0.931864 12.5454 -2.2636
0.0234848 0.011943 0.021823
90
1
-0.960234 12.5168 -2.30193
0.0304453 0.0183509 0.0191428
91
1
-0.982795 12.4895 -2.34136
0.00408415 0.0136208 0.0131096
92
1
-0.994605 12.4658 -2.38216
-0.00792319 0.00702765 0.0129503
93
1
-0.997127 12.4322 -2.43041
-0.00638065 0.0162146 0.0274083
94
1
-0.986868 12.3895 -2.48842
-0.00435657 0.0251261 0.0380273
95
1
-0.959963 12.3437 -2.54521
-0.0220947 0.0202331 0.0220844
96
1
-0.918015 12.2945 -2.59385
-0.0296959 0.0275895 0.0195641
97
1
-0.869968 12.2438 -2.63812
-0.0277331 0.020537 0.0170051
98
1
-0.825237 12.1956 -2.68747
-0.0170737 0.0201155 0.0205422
99
1
-0.766097 12.1314 -2.76528
-0.0323293 0.0424121 0.0542627
100
1
-0.704637 12.0771 -2.85189
-0.0311242 0.0246237 0.0465709
101
1
-0.639874 12.0452 -2.9428
-0.0364564 0.00491166 0.0501785
102
1
-0.572543 12.0236 -3.01473
-0.0177262 0.00478482 0.0171531
103
1
-0.445363 11.9967 -3.10783
-0.0685299 0.00773335 0.0356651
104
1
-0.208491 11.9736 -3.21433
-0.0748489 0.00385939 0.0213214
105
1
-0.401977 6.03123 -0.0603282
0.0111257 -0.0490176 0.0103922
106
1
-1.01763 12.0928 -0.120003
-0.0731647 0.0199473 -0.0179133
107
1
0.936639 12.1867 0.181112
-0.0476724 0.0142781 -0.046501
108
1
0.408273 6.03203 -0.0487857
0.0117652 0.0473526 -0.00775214
109
1
0.209289 11.9734 -3.21401
-0.0748411 -0.00378842 -0.0213612
110
1
0.445951 11.9963 -3.10731
-0.0685071 -0.00761726 -0.035724
111
1
0.573 12.0229 -3.01411
-0.0177054 -0.00472339 -0.0171477
112
1
0.64022 12.0443 -2.94217
-0.036427 -0.00472646 -0.0501737
113
1
0.704811 12.076 -2.85135
-0.0310449 -0.0244369 -0.0465177
114
1
0.766081 12.13 -2.765
-0.0322232 -0.0422067 -0.0540571
115
1
0.824941 12.1941 -2.68773
-0.0169807 -0.020076 -0.0203332
116
1
0.869251 12.2424 -2.63903
-0.0275791 -0.0205968 -0.0165823
117
1
0.916849 12.2933 -2.59563
-0.0295945 -0.027678 -0.0189511
118
1
0.958305 12.3427 -2.54796
-0.0220565 -0.0203059 -0.0215876
119
1
0.984732 12.3889 -2.49197
-0.00384259 -0.0258711 -0.0375895
120
1
0.994159 12.4316 -2.43471
-0.00599197 -0.0163484 -0.0271781
121
1
0.990676 12.4647 -2.38724
-0.00793308 -0.00675433 -0.0128921
122
1
0.978036 12.487 -2.34716
0.0040194 -0.0129062 -0.0126483
123
1
0.955035 12.5124 -2.30842
0.0305794 -0.016742 -0.0180987
124
1
0.926659 12.5387 -2.27076
0.0239788 -0.01018 -0.0215332
125
1
0.89364 12.5626 -2.23061
0.0181821 -0.00972337 -0.0222333
126
1
0.856983 12.5837 -2.18951
0.0186002 -0.0139039 -0.0232106
127
1
0.823685 12.6016 -2.1502
0.0140541 -0.00889059 -0.0157827
128
1
0.793599 12.6137 -2.11547
0.0119739 -0.00376025 -0.0110116
129
1
0.764993 12.6206 -2.08179
0.0118378 -0.00102767 -0.00894632
130
1
0.738173 12.6212 -2.04851
0.011157 0.00330844 -0.0172599
131
1
0.710636 12.6186 -2.01371
0.0126176 0.0057169 -0.0194945
132
1
0.679062 12.6134 -1.97499
0.0151706 0.00524598 -0.0159239
133
1
0.643885 12.6092 -1.93331
0.0179513 0.00281583 -0.0268342
134
1
0.604664 12.6067 -1.89085
0.0237431 0.00164251 -0.0296841
135
1
0.561733 12.6057 -1.85209
0.0253602 0.00121279 -0.0154093
136
1
0.517081 12.6068 -1.81963
0.0187793 0.00114281 -0.00711731
137
1
0.477224 12.6118 -1.78971
0.0187135 0.00173492 -0.0109234
138
1
0.44538 12.6205 -1.76005
0.0206525 0.000201209 -0.0149357
139
1
0.41918 12.6354 -1.72836
0.0161185 -0.00554236 -0.0146521
140
1
0.401035 12.6574 -1.69126
0.0123147 -0.0157438 -0.0171342
141
1
0.385221 12.6809 -1.64666
0.00597268 -0.0344281 -0.0282928
142
1
0.378145 12.7126 -1.59033
-0.0206694 -0.0267101 -0.0534716
143
1
0.373406 12.7393 -1.52438
0.014497 -0.00555305 -0.0504663
144
1
0.367866 12.7607 -1.46249
0.0151631 -0.015285 -0.0274476
145
1
0.370789 12.7806 -1.38925
-0.0257092 0.00182405 -0.0633752
146
1
0.372873 12.7881 -1.32883
0.0173244 0.00132735 -0.0228968
147
1
0.37771 12.8066 -1.26092
-0.0172531 -0.029199 -0.0643348
148
1
0.391959 12.8498 -1.13019
-0.0345266 -0.00459213 -0.0697042
149
1
0.431834 12.886 -1.06886
0.0343848 -0.00391989 0.0510132
150
1
0.481289 12.9484 -1.0314
-0.0619164 -0.00105277 -0.0311666
151
1
0.502242 12.9721 -1.00631
-0.00624794 -0.00498044 -0.017524
152
1
0.585362 12.9694 -0.993446
-0.00297728 -0.000171087 0.00805979
153
1
-0.16623 14.5369 -1.32712
-0.00194404 -0.0511329 -0.0587665
154
1
0.177811 13.754 -0.000187119
0.0374749 0.0192484 0.0199734
155
1
-0.0579185 15.8847 -0.0247107
-0.0143738 0.0318699 0.0696387
156
1
0.169276 13.7432 0.0548108
-0.037776 -0.0184081 0.00478112
157
1
0.28053 14.5185 1.25938
-0.0208227 -0.027675 -0.0698023
158
1
0.452435 12.9807 0.956755
0.00690848 0.00375172 0.00767546
159
1
0.365993 12.9933 1.00558
0.0062593 0.00204513 -0.0257786
160
1
0.337586 12.9718 1.0471
0.0625654 -0.00441594 -0.0427802
161
1
0.297567 12.9251 1.12181
-0.0401636 0.0153869 0.0475476
162
1
0.271277 12.8984 1.18287
0.0385578 -0.00907793 -0.0671025
163
1
0.280338 12.8578 1.28538
0.00281673 0.0335974 -0.0381138
164
1
0.278273 12.8441 1.34264
-0.0235852 -0.00405372 -0.0270127
165
1
0.282213 12.8409 1.40116
0.0215544 -0.00657448 -0.0591464
166
1
0.291573 12.8213 1.46872
-0.0244632 0.00833396 -0.0222806
167
1
0.305306 12.8057 1.53323
-0.0128761 0.00168924 -0.0630975
168
1
0.319292 12.7814 1.60567
0.0121226 0.0328822 -0.0588906
169
1
0.335459 12.7489 1.66254
-0.0146268 0.0327086 -0.0280524
170
1
0.3573 12.7222 1.70858
-0.0179925 0.0154553 -0.0174653
171
1
0.384064 12.6957 1.7454
-0.0194878 0.00666117 -0.014734
172
1
0.418236 12.6782 1.77609
-0.0227789 0.00234043 -0.0138165
173
1
0.457709 12.6677 1.80334
-0.0199044 0.0013211 -0.0094573
174
1
0.502615 12.6589 1.82944
-0.0204526 0.00209647 -0.00604725
175
1
0.550616 12.6524 1.85778
-0.0271514 0.00323377 -0.0121147
176
1
0.597157 12.6475 1.89178
-0.0248127 0.00238351 -0.024311
177
1
0.638799 12.6447 1.93059
-0.0192806 -0.000219317 -0.0243813
178
1
0.676584 12.6443 1.96997
-0.0168208 -0.00358403 -0.0173723
179
1
0.71062 12.6458 2.00781
-0.0136808 -0.00412082 -0.0193519
180
1
0.7402 12.6453 2.04236
-0.0119975 -0.00202594 -0.0166059
181
1
0.768809 12.6419 2.07549
-0.0126817 0.00180756 -0.0089577
182
1
0.798703 12.6322 2.10881
-0.0124165 0.00455336 -0.0108765
183
1
0.82954 12.6172 2.14319
-0.0140927 0.0101064 -0.0157162
184
1
0.86291 12.596 2.18228
-0.0180708 0.015711 -0.0231849
185
1
0.899117 12.5719 2.22322
-0.0173844 0.0113899 -0.0221102
186
1
0.931869 12.5454 2.2636
-0.0234848 0.0119433 -0.0218229
187
1
0.960238 12.5168 2.30193
-0.0304453 0.0183512 -0.0191428
188
1
0.982799 12.4895 2.34136
-0.004084 0.0136209 -0.0131095
189
1
0.994609 12.4658 2.38217
0.00792334 0.00702768 -0.0129502
190
1
0.997131 12.4322 2.43042
0.00638092 0.0162148 -0.027408
191
1
0.986871 12.3895 2.48843
0.0043569 0.0251264 -0.0380269
192
1
0.959966 12.3437 2.54521
0.022095 0.0202331 -0.0220843
193
1
0.918017 12.2945 2.59385
0.0296961 0.0275895 -0.0195638
