194
0
1
0.881435 12.4535 2.84411
0.00110279 0.0259972 -0.0150922
1
1
0.867875 12.3995 2.88452
0.00607514 0.0190022 -0.0188178
2
1
0.826701 12.3461 2.95537
0.0354883 0.0232712 -0.0496386
3
1
0.766308 12.3073 3.03062
0.0388836 0.0153302 -0.0381026
4
1
0.683472 12.2766 3.0973
0.0561114 0.00980053 -0.0297868
5
1
0.598924 12.2556 3.14838
0.0221092 0.00598544 -0.0127294
6
1
0.459909 12.2197 3.22968
0.0695742 0.0151535 -0.0316318
7
1
0.212474 12.1794 3.31472
0.0753128 0.00638736 -0.0182101
8
1
0.683802 6.08571 0.0860304
0.0264586 -0.0425534 -0.00508124
9
1
0.79438 11.8794 0.469132
-0.0502301 0.0415031 -0.042735
10
1
-0.81941 11.7957 -0.383583
-0.076045 0.0161922 0.00517863
11
1
-0.696147 6.08223 0.0228463
0.0250722 0.0419038 0.0128794
12
1
-0.211304 12.1792 3.31427
0.0752896 -0.00630137 0.0182548
13
1
-0.458211 12.219 3.22918
0.0696138 -0.0149576 0.0315957
14
1
-0.596847 12.2547 3.14841
0.0220488 -0.00589327 0.0125892
15
1
-0.681149 12.2755 3.09804
0.0561187 -0.00966248 0.0292318
16
1
-0.763699 12.3062 3.03262
0.0390711 -0.015361 0.0371293
17
1
-0.823023 12.3451 2.95924
0.0353413 -0.0231043 0.0482276
18
1
-0.862179 12.3982 2.89047
0.00524361 -0.0186083 0.0183101
19
1
-0.873987 12.4512 2.85159
-0.000383974 -0.025372 0.0142837
20
1
-0.873937 12.5113 2.81065
-0.0108701 -0.0424183 0.0176306
21
1
-0.864654 12.5738 2.76607
0.000635102 -0.0256344 0.0173122
22
1
-0.845074 12.6368 2.71113
-0.0196895 -0.0365071 0.0404154
23
1
-0.823879 12.6889 2.65348
-0.00845947 -0.0251679 0.0233772
24
1
-0.812589 12.7252 2.60258
0.00400435 -0.00854199 0.00920512
25
1
-0.801785 12.7542 2.55963
-0.00376272 -0.00989643 0.0153077
26
1
-0.793855 12.7717 2.5049
-0.0133287 0.00097894 0.0338238
27
1
-0.784906 12.7758 2.44764
-0.000363983 0.00188042 0.0490934
28
1
-0.772667 12.7801 2.38548
-0.00332779 -0.00232685 0.0371297
29
1
-0.756555 12.7827 2.32641
-0.0133434 -0.00195235 0.0261433
30
1
-0.736335 12.7824 2.27645
-0.01288 0.00235787 0.0163791
31
1
-0.716005 12.7797 2.23316
-0.0104982 0.00403301 0.0125503
32
1
-0.697041 12.7748 2.19006
-0.00879902 0.00267395 0.0109449
33
1
-0.679607 12.7707 2.14659
-0.0051425 0.00123922 0.0254677
34
1
-0.663075 12.7673 2.09932
-0.00571489 0.000186897 0.0287333
35
1
-0.645188 12.765 2.04574
-0.0093387 0.00204584 0.0215166
36
1
-0.625182 12.7623 1.98777
-0.0118707 -0.000918775 0.0366839
37
1
-0.604078 12.7586 1.92625
-0.013254 0.00265844 0.0431247
38
1
-0.583738 12.7533 1.86544
-0.0101829 0.00824016 0.0264014
39
1
-0.566863 12.7473 1.80716
-0.00601269 0.00506898 0.0148776
40
1
-0.552858 12.7432 1.74892
-0.00454473 -0.00118919 0.0304689
41
1
-0.535069 12.7379 1.69212
-0.00507143 -0.00231787 0.0479364
42
1
-0.514023 12.7325 1.63969
-0.00858665 0.00621421 0.0403956
43
1
-0.493006 12.7272 1.58738
-0.0206355 0.0179696 0.0347196
44
1
-0.46785 12.719 1.54001
-0.0352587 0.00581368 0.01574
45
1
-0.435235 12.7228 1.48852
0.00552914 -0.00790532 0.0240739
46
1
-0.406066 12.7401 1.43618
-0.0258064 0.0049092 0.0434486
47
1
-0.390927 12.7593 1.39751
-0.0218934 -0.0342552 0.0176028
48
1
-0.37809 12.7914 1.34953
0.0109672 -0.0431557 0.038802
49
1
-0.368136 12.8169 1.30028
-0.00365141 0.00936944 0.0137778
50
1
-0.366909 12.8403 1.24037
0.0209679 -0.024989 0.0639036
51
1
-0.383739 12.863 1.10845
0.00864919 -0.0263443 0.0513455
52
1
-0.446501 12.8521 1.04144
-0.0181676 0.0357417 -0.0385097
53
1
-0.499473 12.8257 0.986077
0.0517679 -0.0076016 0.0121511
54
1
-0.537337 12.8102 0.979334
0.0146849 -0.0365963 0.0331775
55
1
-0.617559 12.8792 0.992978
0.0048243 0.0131217 -0.0087191
56
1
0.379158 14.9462 1.38348
0.0347355 -0.0444147 -0.0537832
57
1
-0.204077 13.6046 0.0185977
-0.0447609 -0.00275121 -0.0112459
58
1
-0.0586535 16.3285 0.0116358
0.0107599 0.0365769 0.0670191
59
1
-0.208363 13.6034 -0.0385419
0.0490002 0.00179053 -0.0125148
60
1
-0.284224 14.9789 -1.31105
0.0539653 -0.0360014 -0.0431682
61
1
-0.490798 12.897 -1.00374
-0.00531542 -0.00433148 -0.0114512
62
1
-0.397067 12.8269 -1.02416
-0.00877036 0.0117525 0.0241587
63
1
-0.354482 12.8479 -1.03745
-0.0736301 0.000418999 0.0255005
64
1
-0.274372 12.8795 -1.07797
0.0502038 -0.0254479 -0.0496381
65
1
-0.205986 12.9033 -1.12958
-0.0319225 0.00580896 0.068884
66
1
-0.179747 12.8831 -1.27484
-0.00213274 0.0113869 0.0451465
67
1
-0.194491 12.8615 -1.32402
0.0153529 -0.00720624 0.0210703
68
1
-0.207452 12.8416 -1.37311
-0.0154274 0.0427195 0.0343932
69
1
-0.230866 12.8104 -1.41695
0.0276267 0.0239425 0.0154791
70
1
-0.255075 12.7873 -1.45966
0.0183819 0.00615734 0.0381993
71
1
-0.291352 12.7677 -1.51891
0.00303151 0.0123527 0.029432
72
1
-0.333497 12.7683 -1.57432
0.0492152 -0.0123424 0.0319481
73
1
-0.369778 12.7766 -1.62516
0.0289012 -0.0171734 0.0412397
74
1
-0.405794 12.7809 -1.68081
0.0172319 -0.00430543 0.0399005
75
1
-0.438869 12.7908 -1.73418
0.0156208 -0.000729773 0.0390853
76
1
-0.466141 12.8 -1.78883
0.0121183 -0.00345765 0.0238173
77
1
-0.496383 12.8065 -1.83967
0.0115908 -0.00710762 0.0143252
78
1
-0.529589 12.8145 -1.88925
0.0171589 -0.00940022 0.0218894
79
1
-0.563513 12.8213 -1.94121
0.0196583 -0.00211685 0.0332393
80
1
-0.596086 12.8239 -1.99425
0.0169976 0.00311596 0.0309706
81
1
-0.625162 12.8236 -2.04681
0.0135593 0.00129043 0.022405
82
1
-0.650477 12.8214 -2.09739
0.00932322 0.00284134 0.0268244
83
1
-0.673172 12.8202 -2.14313
0.00803234 0.000881724 0.0235545
84
1
-0.69628 12.8199 -2.18585
0.0108176 -0.00146464 0.011503
85
1
-0.720788 12.8202 -2.22854
0.0123386 -0.00258005 0.0130831
86
1
-0.745988 12.8183 -2.27146
0.0149971 -0.000238509 0.016689
87
1
-0.770738 12.8134 -2.32058
0.0158737 0.00478049 0.02542
88
1
-0.790522 12.8057 -2.37792
0.00538853 0.00476342 0.0345182
89
1
-0.805187 12.797 -2.4393
0.00170575 0.00116708 0.0474793
90
1
-0.815832 12.7888 -2.49749
0.013217 0.00151753 0.0365669
91
1
-0.824875 12.7682 -2.55218
0.00400053 0.0108744 0.0159351
92
1
-0.836192 12.7371 -2.59519
-0.0036583 0.00911135 0.00936974
93
1
-0.846108 12.698 -2.64509
0.00651571 0.0257337 0.0224654
94
1
-0.86355 12.644 -2.70216
0.015221 0.036731 0.0376535
95
1
-0.87837 12.5799 -2.75651
-0.00188926 0.0269438 0.0180996
96
1
-0.884024 12.5152 -2.802
0.00868915 0.0433988 0.0189784
97
1
-0.881431 12.4535 -2.8441
-0.00110266 0.0259971 0.0150924
98
1
-0.867872 12.3995 -2.88451
-0.00607494 0.0190022 0.018818
99
1
-0.826699 12.3461 -2.95536
-0.0354878 0.0232714 0.0496391
100
1
-0.766306 12.3073 -3.03061
-0.0388833 0.0153303 0.038103
101
1
-0.68347 12.2766 -3.0973
-0.0561112 0.00980074 0.029787
102
1
-0.598923 12.2556 -3.14837
-0.0221092 0.0059855 0.0127295
103
1
-0.459908 12.2197 -3.22968
-0.0695741 0.0151536 0.0316319
104
1
-0.212474 12.1794 -3.31472
-0.0753128 0.00638742 0.0182102
105
1
-0.683923 6.08569 -0.0855483
-0.0264486 -0.0425444 0.00513048
106
1
-0.793919 11.8796 -0.46906
0.0501994 0.0414661 0.042807
107
1
0.819742 11.7955 0.383588
0.076045 0.0161679 -0.00525454
108
1
0.696202 6.08221 -0.022343
-0.0250491 0.0418941 -0.0129255
109
1
0.211304 12.1792 -3.31427
-0.0752896 -0.00630142 -0.0182548
110
1
0.458211 12.219 -3.22918
-0.0696138 -0.0149577 -0.0315958
111
1
0.596847 12.2547 -3.14841
-0.0220488 -0.00589333 -0.0125893
112
1
0.681148 12.2755 -3.09804
-0.0561186 -0.00966268 -0.029232
113
1
0.763698 12.3062 -3.03262
-0.0390709 -0.0153611 -0.0371296
114
1
0.823022 12.3451 -2.95923
-0.035341 -0.0231044 -0.0482281
115
1
0.862178 12.3983 -2.89047
-0.00524356 -0.0186083 -0.0183103
116
1
0.873986 12.4512 -2.85158
0.000383888 -0.025372 -0.0142839
117
1
0.873935 12.5113 -2.81064
0.01087 -0.0424183 -0.017631
118
1
0.864653 12.5738 -2.76607
-0.00063514 -0.0256345 -0.0173125
119
1
0.845073 12.6368 -2.71113
0.0196888 -0.0365069 -0.0404152
120
1
0.823879 12.6889 -2.65347
0.00845925 -0.0251678 -0.0233773
121
1
0.812589 12.7252 -2.60257
-0.00400425 -0.00854203 -0.00920528
122
1
0.801784 12.7542 -2.55962
0.00376278 -0.00989635 -0.0153077
123
1
0.793854 12.7717 -2.50489
0.0133286 0.000979012 -0.0338239
124
1
0.784905 12.7758 -2.44764
0.000364207 0.00188041 -0.0490931
125
1
0.772665 12.7801 -2.38547
0.00332807 -0.00232697 -0.0371297
126
1
0.756553 12.7827 -2.3264
0.0133438 -0.00195256 -0.0261436
127
1
0.736332 12.7824 -2.27644
0.0128803 0.00235769 -0.0163793
128
1
0.716002 12.7797 -2.23315
0.0104984 0.00403284 -0.0125505
129
1
0.697038 12.7748 -2.19005
0.00879911 0.00267374 -0.010945
130
1
0.679604 12.7707 -2.14659
0.00514268 0.00123887 -0.0254676
131
1
0.663071 12.7673 -2.09931
0.00571507 0.000186586 -0.0287331
132
1
0.645183 12.7651 -2.04573
0.0093388 0.0020456 -0.0215161
133
1
0.625177 12.7623 -1.98776
0.0118709 -0.00091918 -0.0366834
134
1
0.604073 12.7586 -1.92624
0.0132544 0.00265791 -0.0431243
135
1
0.583732 12.7533 -1.86544
0.0101833 0.00823978 -0.0264013
136
1
0.566857 12.7473 -1.80716
0.00601285 0.00506884 -0.0148778
137
1
0.552852 12.7432 -1.74892
0.00454473 -0.001189 -0.0304687
138
1
0.535061 12.7379 -1.69212
0.00507162 -0.00231776 -0.0479352
139
1
0.514014 12.7325 -1.63968
0.00858749 0.00621331 -0.0403937
140
1
0.492996 12.7272 -1.58738
0.0206373 0.0179673 -0.0347172
141
1
0.467838 12.719 -1.54001
0.0352604 0.00581135 -0.0157403
142
1
0.435221 12.7228 -1.48852
-0.00552865 -0.00790674 -0.0240741
143
1
0.40605 12.7401 -1.43618
0.025806 0.00490647 -0.0434478
144
1
0.390911 12.7594 -1.39752
0.0218952 -0.0342562 -0.0176033
145
1
0.378073 12.7915 -1.34954
-0.010966 -0.0431585 -0.0388044
146
1
0.368116 12.8169 -1.30028
0.00365016 0.00936842 -0.0137778
147
1
0.366887 12.8403 -1.24037
-0.0209656 -0.0249893 -0.0639076
148
1
0.383711 12.863 -1.10844
-0.00863055 -0.0263741 -0.0513273
149
1
0.446507 12.8521 -1.04146
0.0181909 0.0358018 0.0385255
150
1
0.49945 12.8256 -0.986058
-0.0518079 -0.00765117 -0.0121689
151
1
0.537348 12.8101 -0.979328
-0.0147207 -0.0366189 -0.0332038
152
1
0.617618 12.8792 -0.993061
-0.00481957 0.0131436 0.00871017
153
1
-0.379124 14.9462 -1.3835
-0.0347218 -0.0444075 0.053798
154
1
0.204074 13.6046 -0.0185901
0.0447624 -0.00275164 0.0112457
155
1
0.0586594 16.3285 -0.0116031
-0.0107597 0.0365784 -0.0670183
156
1
0.208362 13.6034 0.0385494
-0.0489991 0.00179037 0.0125148
157
1
0.284286 14.9789 1.311
-0.0539816 -0.0359936 0.0431543
158
1
0.490811 12.897 1.00373
0.00531754 -0.0043252 0.0114502
159
1
0.397087 12.8269 1.02414
0.00876219 0.0117497 -0.0241508
160
1
0.354511 12.8479 1.03745
0.073633 0.000430115 -0.025492
161
1
0.274395 12.8795 1.07799
-0.0502014 -0.0254294 0.0496164
162
1
0.206028 12.9033 1.12962
0.0319255 0.00580213 -0.068869
163
1
0.179769 12.8831 1.27485
0.00213569 0.0113925 -0.0451416
164
1
0.194505 12.8615 1.32403
-0.0153496 -0.00720854 -0.0210699
165
1
0.207463 12.8415 1.37312
0.0154288 0.042716 -0.0344008
166
1
0.230874 12.8104 1.41696
-0.0276227 0.023942 -0.0154786
167
1
0.25508 12.7873 1.45967
-0.0183812 0.00615346 -0.0382003
168
1
0.291357 12.7677 1.51892
-0.00303113 0.0123504 -0.0294308
169
1
0.333502 12.7683 1.57433
-0.0492127 -0.0123439 -0.0319442
170
1
0.369781 12.7766 1.62518
-0.0289004 -0.0171748 -0.0412395
171
1
0.405797 12.7809 1.68082
-0.0172314 -0.0043063 -0.0399015
172
1
0.438872 12.7908 1.7342
-0.0156207 -0.000730609 -0.0390861
173
1
0.466144 12.8 1.78885
-0.0121182 -0.00345824 -0.0238173
174
1
0.496385 12.8065 1.83968
-0.0115905 -0.00710807 -0.0143251
175
1
0.529591 12.8145 1.88926
-0.0171586 -0.0094011 -0.0218889
176
1
0.563515 12.8213 1.94122
-0.0196581 -0.00211775 -0.0332385
177
1
0.596089 12.8239 1.99426
-0.0169979 0.00311549 -0.0309703
178
1
0.625165 12.8236 2.04682
-0.0135599 0.00129044 -0.0224056
179
1
0.650481 12.8214 2.09741
-0.00932367 0.00284117 -0.0268243
180
1
0.673177 12.8202 2.14314
-0.00803267 0.0008815 -0.0235543
181
1
0.696285 12.8199 2.18586
-0.0108179 -0.00146478 -0.0115029
182
1
0.720794 12.8202 2.22855
-0.0123387 -0.00258011 -0.0130829
183
1
0.745994 12.8183 2.27147
-0.0149972 -0.000238482 -0.0166887
184
1
0.770743 12.8134 2.32059
-0.0158737 0.00478061 -0.0254195
185
1
0.790528 12.8057 2.37793
-0.00538849 0.00476369 -0.0345178
186
1
0.805192 12.797 2.43931
-0.00170567 0.00116765 -0.0474794
187
1
0.815837 12.7888 2.4975
-0.013217 0.00151811 -0.036567
188
1
0.82488 12.7682 2.55219
-0.00400047 0.0108746 -0.0159351
189
1
0.836197 12.7371 2.5952
0.00365838 0.00911139 -0.00936958
190
1
0.846112 12.698 2.6451
-0.00651567 0.0257339 -0.022465
191
1
0.863555 12.644 2.70217
-0.0152211 0.0367315 -0.0376532
192
1
0.878375 12.5799 2.75651
0.00188942 0.0269439 -0.0180993
193
1
0.884028 12.5152 2.80201
-0.0086889 0.0433989 -0.018978
