194
0
1
1.44795 7.02702 0.913876
0.0347779 0.0108644 0.0341326
1
1
1.38074 6.99847 0.845348
0.0340512 0.0149014 0.0355615
2
1
1.31054 6.95893 0.771374
0.0370058 0.0232211 0.0371475
3
1
1.24075 6.90995 0.691127
0.0337162 0.0293374 0.0409826
4
1
1.17233 6.84967 0.599514
0.0323089 0.0336672 0.0461685
5
1
1.09845 6.78028 0.495905
0.0404145 0.0370217 0.0553074
6
1
0.997413 6.70883 0.373435
0.0476371 0.0269305 0.0554734
7
1
0.863544 6.63701 0.193599
0.0445177 0.0188164 0.0611226
8
1
0.504441 6.41396 0.0784206
0.0166339 0.0428431 -0.0126208
9
1
0.0484626 9.03373 0.777539
0.000863315 0.00135006 -0.0779056
10
1
-0.0484626 9.03373 0.777539
0.000863315 -0.00135006 0.0779056
11
1
-0.504441 6.41396 0.0784206
0.0166339 -0.0428431 0.0126208
12
1
-0.863544 6.63701 0.193599
0.0445177 -0.0188164 -0.0611226
13
1
-0.997413 6.70883 0.373435
0.0476371 -0.0269305 -0.0554734
14
1
-1.09845 6.78028 0.495905
0.0404145 -0.0370217 -0.0553074
15
1
-1.17233 6.84967 0.599514
0.0323089 -0.0336672 -0.0461685
16
1
-1.24075 6.90995 0.691127
0.0337162 -0.0293374 -0.0409826
17
1
-1.31054 6.95893 0.771374
0.0370058 -0.0232211 -0.0371475
18
1
-1.38074 6.99847 0.845348
0.0340512 -0.0149014 -0.0355615
19
1
-1.44795 7.02702 0.913876
0.0347779 -0.0108644 -0.0341326
20
1
-1.51278 7.04579 0.975647
0.0326904 -0.00658656 -0.0291177
21
1
-1.57574 7.05697 1.0297
0.0299058 -0.00488991 -0.0249062
22
1
-1.63588 7.0638 1.07495
0.0289128 -0.00343201 -0.0225491
23
1
-1.69559 7.06796 1.11341
0.0283819 -0.0017753 -0.0180213
24
1
-1.75514 7.06994 1.14511
0.0298994 -0.000812701 -0.0140491
25
1
-1.81411 7.06984 1.17041
0.0300992 -0.000252945 -0.0115713
26
1
-1.87217 7.06776 1.19001
0.0275124 0.000510098 -0.00849729
27
1
-1.92831 7.06372 1.20382
0.0267346 0.00155706 -0.0056327
28
1
-1.98298 7.05762 1.21261
0.0274506 0.00299152 -0.00401296
29
1
-2.03681 7.04969 1.21717
0.0267863 0.00452466 -0.00220504
30
1
-2.08942 7.04019 1.21776
0.0259296 0.00597763 -0.000236702
31
1
-2.14073 7.02887 1.21498
0.0255763 0.00663943 0.00155983
32
1
-2.19061 7.01608 1.20895
0.0247279 0.00686796 0.0036117
33
1
-2.23851 7.00217 1.1995
0.0239616 0.00779727 0.00546111
34
1
-2.28409 6.98699 1.18659
0.0229776 0.00846802 0.00676228
35
1
-2.32689 6.97048 1.17068
0.0206361 0.00832826 0.00827921
36
1
-2.3665 6.95315 1.15188
0.0186182 0.00880281 0.00957658
37
1
-2.40317 6.93458 1.12995
0.0178614 0.00988087 0.0105969
38
1
-2.43743 6.91456 1.10498
0.0164522 0.0106347 0.0125573
39
1
-2.4693 6.89366 1.07688
0.0140715 0.011032 0.015243
40
1
-2.49795 6.87245 1.04528
0.0126511 0.0113613 0.0172178
41
1
-2.52273 6.85147 1.00999
0.0112417 0.011051 0.0187282
42
1
-2.54443 6.83155 0.97129
0.00880998 0.0102118 0.0208151
43
1
-2.56357 6.81321 0.929076
0.00745833 0.00949591 0.022848
44
1
-2.58083 6.79725 0.883059
0.00755603 0.008183 0.0244106
45
1
-2.59635 6.7845 0.832814
0.00708579 0.00590219 0.0265427
46
1
-2.60993 6.77482 0.778555
0.00586066 0.00352368 0.0290222
47
1
-2.62121 6.7685 0.720793
0.00468503 0.00120585 0.0307924
48
1
-2.63028 6.76579 0.660131
0.00357802 -0.000786595 0.0323314
49
1
-2.63741 6.76553 0.597254
0.00275971 -0.00171146 0.0338555
50
1
-2.64348 6.76658 0.532916
0.00275354 -0.00171923 0.0343185
51
1
-2.64939 6.76754 0.467691
0.00328641 -0.00100838 0.0342935
52
1
-2.65527 6.76786 0.401658
0.00345503 -0.00015836 0.0343065
53
1
-2.66083 6.76765 0.335068
0.00307484 -2.67742e-005 0.0342232
54
1
-2.66569 6.76709 0.268281
0.00278288 -0.000168295 0.0341817
55
1
-2.67 6.76639 0.20141
0.00278176 0.000345372 0.0345127
56
1
-2.67388 6.76513 0.134516
0.00239667 0.00131614 0.0347634
57
1
-2.67663 6.76382 0.0673392
0.00120346 0.00121036 0.034425
58
1
-2.67777 6.76324 4.59682e-011
8.82194e-014 8.27363e-013 0.0341149
59
1
-2.67663 6.76382 -0.0673392
-0.00120346 -0.00121036 0.034425
60
1
-2.67388 6.76513 -0.134516
-0.00239667 -0.00131614 0.0347634
61
1
-2.67 6.76639 -0.20141
-0.00278176 -0.000345372 0.0345127
62
1
-2.66569 6.76709 -0.268281
-0.00278288 0.000168295 0.0341817
63
1
-2.66083 6.76765 -0.335068
-0.00307484 2.67742e-005 0.0342232
64
1
-2.65527 6.76786 -0.401658
-0.00345503 0.00015836 0.0343065
65
1
-2.64939 6.76754 -0.467691
-0.00328641 0.00100838 0.0342935
66
1
-2.64348 6.76658 -0.532916
-0.00275354 0.00171923 0.0343185
67
1
-2.63741 6.76553 -0.597254
-0.00275971 0.00171146 0.0338555
68
1
-2.63028 6.76579 -0.660131
-0.00357802 0.000786595 0.0323314
69
1
-2.62121 6.7685 -0.720793
-0.00468503 -0.00120585 0.0307924
70
1
-2.60993 6.77482 -0.778555
-0.00586066 -0.00352368 0.0290222
71
1
-2.59635 6.7845 -0.832814
-0.00708579 -0.00590219 0.0265427
72
1
-2.58083 6.79725 -0.883059
-0.00755603 -0.008183 0.0244106
73
1
-2.56357 6.81321 -0.929076
-0.00745833 -0.00949591 0.022848
74
1
-2.54443 6.83155 -0.97129
-0.00880998 -0.0102118 0.0208151
75
1
-2.52273 6.85147 -1.00999
-0.0112417 -0.011051 0.0187282
76
1
-2.49795 6.87245 -1.04528
-0.0126511 -0.0113613 0.0172178
77
1
-2.4693 6.89366 -1.07688
-0.0140715 -0.011032 0.015243
78
1
-2.43743 6.91456 -1.10498
-0.0164522 -0.0106347 0.0125573
79
1
-2.40317 6.93458 -1.12995
-0.0178614 -0.00988087 0.0105969
80
1
-2.3665 6.95315 -1.15188
-0.0186182 -0.00880281 0.00957658
81
1
-2.32689 6.97048 -1.17068
-0.0206361 -0.00832826 0.00827921
82
1
-2.28409 6.98699 -1.18659
-0.0229776 -0.00846802 0.00676228
83
1
-2.23851 7.00217 -1.1995
-0.0239616 -0.00779727 0.00546111
84
1
-2.19061 7.01608 -1.20895
-0.0247279 -0.00686796 0.0036117
85
1
-2.14073 7.02887 -1.21498
-0.0255763 -0.00663943 0.00155983
86
1
-2.08942 7.04019 -1.21776
-0.0259296 -0.00597763 -0.000236702
87
1
-2.03681 7.04969 -1.21717
-0.0267863 -0.00452466 -0.00220504
88
1
-1.98298 7.05762 -1.21261
-0.0274506 -0.00299152 -0.00401296
89
1
-1.92831 7.06372 -1.20382
-0.0267346 -0.00155706 -0.0056327
90
1
-1.87217 7.06776 -1.19001
-0.0275124 -0.000510098 -0.00849729
91
1
-1.81411 7.06984 -1.17041
-0.0300992 0.000252945 -0.0115713
92
1
-1.75514 7.06994 -1.14511
-0.0298994 0.000812701 -0.0140491
93
1
-1.69559 7.06796 -1.11341
-0.0283819 0.0017753 -0.0180213
94
1
-1.63588 7.0638 -1.07495
-0.0289128 0.00343201 -0.0225491
95
1
-1.57574 7.05697 -1.0297
-0.0299058 0.00488991 -0.0249062
96
1
-1.51278 7.04579 -0.975647
-0.0326904 0.00658656 -0.0291177
97
1
-1.44795 7.02702 -0.913876
-0.0347779 0.0108644 -0.0341326
98
1
-1.38074 6.99847 -0.845348
-0.0340512 0.0149014 -0.0355615
99
1
-1.31054 6.95893 -0.771374
-0.0370058 0.0232211 -0.0371475
100
1
-1.24075 6.90995 -0.691127
-0.0337162 0.0293374 -0.0409826
101
1
-1.17233 6.84967 -0.599514
-0.0323089 0.0336672 -0.0461685
102
1
-1.09845 6.78028 -0.495905
-0.0404145 0.0370217 -0.0553074
103
1
-0.997413 6.70883 -0.373435
-0.0476371 0.0269305 -0.0554734
104
1
-0.863544 6.63701 -0.193599
-0.0445177 0.0188164 -0.0611226
105
1
-0.504441 6.41396 -0.0784206
-0.0166339 0.0428431 0.0126208
106
1
-0.0484626 9.03373 -0.777539
-0.000863315 0.00135006 0.0779056
107
1
0.0484626 9.03373 -0.777539
-0.000863315 -0.00135006 -0.0779056
108
1
0.504441 6.41396 -0.0784206
-0.0166339 -0.0428431 -0.0126208
109
1
0.863544 6.63701 -0.193599
-0.0445177 -0.0188164 0.0611226
110
1
0.997413 6.70883 -0.373435
-0.0476371 -0.0269305 0.0554734
111
1
1.09845 6.78028 -0.495905
-0.0404145 -0.0370217 0.0553074
112
1
1.17233 6.84967 -0.599514
-0.0323089 -0.0336672 0.0461685
113
1
1.24075 6.90995 -0.691127
-0.0337162 -0.0293374 0.0409826
114
1
1.31054 6.95893 -0.771374
-0.0370058 -0.0232211 0.0371475
115
1
1.38074 6.99847 -0.845348
-0.0340512 -0.0149014 0.0355615
116
1
1.44795 7.02702 -0.913876
-0.0347779 -0.0108644 0.0341326
117
1
1.51278 7.04579 -0.975647
-0.0326904 -0.00658656 0.0291177
118
1
1.57574 7.05697 -1.0297
-0.0299058 -0.00488991 0.0249062
119
1
1.63588 7.0638 -1.07495
-0.0289128 -0.00343201 0.0225491
120
1
1.69559 7.06796 -1.11341
-0.0283819 -0.0017753 0.0180213
121
1
1.75514 7.06994 -1.14511
-0.0298994 -0.000812701 0.0140491
122
1
1.81411 7.06984 -1.17041
-0.0300992 -0.000252945 0.0115713
123
1
1.87217 7.06776 -1.19001
-0.0275124 0.000510098 0.00849729
124
1
1.92831 7.06372 -1.20382
-0.0267346 0.00155706 0.0056327
125
1
1.98298 7.05762 -1.21261
-0.0274506 0.00299152 0.00401296
126
1
2.03681 7.04969 -1.21717
-0.0267863 0.00452466 0.00220504
127
1
2.08942 7.04019 -1.21776
-0.0259296 0.00597763 0.000236702
128
1
2.14073 7.02887 -1.21498
-0.0255763 0.00663943 -0.00155983
129
1
2.19061 7.01608 -1.20895
-0.0247279 0.00686796 -0.0036117
130
1
2.23851 7.00217 -1.1995
-0.0239616 0.00779727 -0.00546111
131
1
2.28409 6.98699 -1.18659
-0.0229776 0.00846802 -0.00676228
132
1
2.32689 6.97048 -1.17068
-0.0206361 0.00832826 -0.00827921
133
1
2.3665 6.95315 -1.15188
-0.0186182 0.00880281 -0.00957658
134
1
2.40317 6.93458 -1.12995
-0.0178614 0.00988087 -0.0105969
135
1
2.43743 6.91456 -1.10498
-0.0164522 0.0106347 -0.0125573
136
1
2.4693 6.89366 -1.07688
-0.0140715 0.011032 -0.015243
137
1
2.49795 6.87245 -1.04528
-0.0126511 0.0113613 -0.0172178
138
1
2.52273 6.85147 -1.00999
-0.0112417 0.011051 -0.0187282
139
1
2.54443 6.83155 -0.97129
-0.00880998 0.0102118 -0.0208151
140
1
2.56357 6.81321 -0.929076
-0.00745833 0.00949591 -0.022848
141
1
2.58083 6.79725 -0.883059
-0.00755603 0.008183 -0.0244106
142
1
2.59635 6.7845 -0.832814
-0.00708579 0.00590219 -0.0265427
143
1
2.60993 6.77482 -0.778555
-0.00586066 0.00352368 -0.0290222
144
1
2.62121 6.7685 -0.720793
-0.00468503 0.00120585 -0.0307924
145
1
2.63028 6.76579 -0.660131
-0.00357802 -0.000786595 -0.0323314
146
1
2.63741 6.76553 -0.597254
-0.00275971 -0.00171146 -0.0338555
147
1
2.64348 6.76658 -0.532916
-0.00275354 -0.00171923 -0.0343185
148
1
2.64939 6.76754 -0.467691
-0.00328641 -0.00100838 -0.0342935
149
1
2.65527 6.76786 -0.401658
-0.00345503 -0.00015836 -0.0343065
150
1
2.66083 6.76765 -0.335068
-0.00307484 -2.67742e-005 -0.0342232
151
1
2.66569 6.76709 -0.268281
-0.00278288 -0.000168295 -0.0341817
152
1
2.67 6.76639 -0.20141
-0.00278176 0.000345372 -0.0345127
153
1
2.67388 6.76513 -0.134516
-0.00239667 0.00131614 -0.0347634
154
1
2.67663 6.76382 -0.0673392
-0.00120346 0.00121036 -0.034425
155
1
2.67777 6.76324 -4.57136e-011
8.49977e-014 1.08441e-012 -0.0341149
156
1
2.67663 6.76382 0.0673392
0.00120346 -0.00121036 -0.034425
157
1
2.67388 6.76513 0.134516
0.00239667 -0.00131614 -0.0347634
158
1
2.67 6.76639 0.20141
0.00278176 -0.000345372 -0.0345127
159
1
2.66569 6.76709 0.268281
0.00278288 0.000168295 -0.0341817
160
1
2.66083 6.76765 0.335068
0.00307484 2.67742e-005 -0.0342232
161
1
2.65527 6.76786 0.401658
0.00345503 0.00015836 -0.0343065
162
1
2.64939 6.76754 0.467691
0.00328641 0.00100838 -0.0342935
163
1
2.64348 6.76658 0.532916
0.00275354 0.00171923 -0.0343185
164
1
2.63741 6.76553 0.597254
0.00275971 0.00171146 -0.0338555
165
1
2.63028 6.76579 0.660131
0.00357802 0.000786595 -0.0323314
166
1
2.62121 6.7685 0.720793
0.00468503 -0.00120585 -0.0307924
167
1
2.60993 6.77482 0.778555
0.00586066 -0.00352368 -0.0290222
168
1
2.59635 6.7845 0.832814
0.00708579 -0.00590219 -0.0265427
169
1
2.58083 6.79725 0.883059
0.00755603 -0.008183 -0.0244106
170
1
2.56357 6.81321 0.929076
0.00745833 -0.00949591 -0.022848
171
1
2.54443 6.83155 0.97129
0.00880998 -0.0102118 -0.0208151
172
1
2.52273 6.85147 1.00999
0.0112417 -0.011051 -0.0187282
173
1
2.49795 6.87245 1.04528
0.0126511 -0.0113613 -0.0172178
174
1
2.4693 6.89366 1.07688
0.0140715 -0.011032 -0.015243
175
1
2.43743 6.91456 1.10498
0.0164522 -0.0106347 -0.0125573
176
1
2.40317 6.93458 1.12995
0.0178614 -0.00988087 -0.0105969
177
1
2.3665 6.95315 1.15188
0.0186182 -0.00880281 -0.00957658
178
1
2.32689 6.97048 1.17068
0.0206361 -0.00832826 -0.00827921
179
1
2.28409 6.98699 1.18659
0.0229776 -0.00846802 -0.00676228
180
1
2.23851 7.00217 1.1995
0.0239616 -0.00779727 -0.00546111
181
1
2.19061 7.01608 1.20895
0.0247279 -0.00686796 -0.0036117
182
1
2.14073 7.02887 1.21498
0.0255763 -0.00663943 -0.00155983
183
1
2.08942 7.04019 1.21776
0.0259296 -0.00597763 0.000236702
184
1
2.03681 7.04969 1.21717
0.0267863 -0.00452466 0.00220504
185
1
1.98298 7.05762 1.21261
0.0274506 -0.00299152 0.00401296
186
1
1.92831 7.06372 1.20382
0.0267346 -0.00155706 0.0056327
187
1
1.87217 7.06776 1.19001
0.0275124 -0.000510098 0.00849729
188
1
1.81411 7.06984 1.17041
0.0300992 0.000252945 0.0115713
189
1
1.75514 7.06994 1.14511
0.0298994 0.000812701 0.0140491
190
1
1.69559 7.06796 1.11341
0.0283819 0.0017753 0.0180213
191
1
1.63588 7.0638 1.07495
0.0289128 0.00343201 0.0225491
192
1
1.57574 7.05697 1.0297
0.0299058 0.00488991 0.0249062
193
1
1.51278 7.04579 0.975647
0.0326904 0.00658656 0.0291177
