194
0
1
0.902761 3.87631 0.577596
0.0284247 -0.0343818 -0.00537652
1
1
0.842026 3.94205 0.590743
0.0311894 -0.0335135 -0.0109018
2
1
0.773876 4.00629 0.612975
0.0353878 -0.0313137 -0.0145316
3
1
0.696955 4.06583 0.641836
0.0405547 -0.0278633 -0.0175522
4
1
0.610443 4.11852 0.674454
0.045155 -0.023574 -0.0178211
5
1
0.51433 4.162 0.70742
0.0497088 -0.018118 -0.0170945
6
1
0.409465 4.19564 0.737244
0.0541305 -0.0138073 -0.0142408
7
1
0.297426 4.22059 0.76085
0.0574629 -0.00991963 -0.0102054
8
1
0.180392 4.23783 0.777163
0.0593841 -0.00639052 -0.00623584
9
1
0.0604314 4.24685 0.785254
0.0603988 -0.00222737 -0.00189398
10
1
-0.0604314 4.24685 0.785254
0.0603988 0.00222737 0.00189398
11
1
-0.180392 4.23783 0.777163
0.0593841 0.00639052 0.00623584
12
1
-0.297426 4.22059 0.76085
0.0574629 0.00991963 0.0102054
13
1
-0.409465 4.19564 0.737244
0.0541305 0.0138073 0.0142408
14
1
-0.51433 4.162 0.70742
0.0497088 0.018118 0.0170945
15
1
-0.610443 4.11852 0.674454
0.045155 0.023574 0.0178211
16
1
-0.696955 4.06583 0.641836
0.0405547 0.0278633 0.0175522
17
1
-0.773876 4.00629 0.612975
0.0353878 0.0313137 0.0145316
18
1
-0.842026 3.94205 0.590743
0.0311894 0.0335135 0.0109018
19
1
-0.902761 3.87631 0.577596
0.0284247 0.0343818 0.00537652
20
1
-0.957384 3.81216 0.573967
0.0250285 0.0326082 -0.000305712
21
1
-1.00742 3.75126 0.579102
0.0226187 0.0298976 -0.00444781
22
1
-1.0543 3.69481 0.59154
0.0217979 0.0273537 -0.00892825
23
1
-1.09991 3.64254 0.609656
0.0207359 0.024445 -0.0109949
24
1
-1.14543 3.59505 0.631052
0.0216866 0.0220159 -0.0121941
25
1
-1.19225 3.55224 0.653639
0.0235113 0.0196866 -0.0124138
26
1
-1.24098 3.51399 0.675561
0.0236126 0.0174487 -0.0116022
27
1
-1.29146 3.47956 0.695109
0.0246412 0.0158088 -0.0101858
28
1
-1.34374 3.44833 0.712223
0.0267793 0.0147269 -0.00840541
29
1
-1.39783 3.42003 0.726872
0.0271395 0.013577 -0.00687861
30
1
-1.45302 3.39389 0.739056
0.0270233 0.0126267 -0.00553577
31
1
-1.50881 3.36898 0.749295
0.0279115 0.0122952 -0.00395608
32
1
-1.565 3.34488 0.757825
0.0284551 0.0120201 -0.00276605
33
1
-1.62124 3.32136 0.764491
0.0282976 0.0115344 -0.00217526
34
1
-1.67706 3.298 0.768996
0.0280954 0.0113152 -0.00156517
35
1
-1.73203 3.27459 0.771493
0.0273835 0.0112582 -0.000796293
36
1
-1.78605 3.25162 0.772111
0.0260845 0.0110306 -0.000120914
37
1
-1.83961 3.22971 0.77063
0.0256078 0.0108381 0.000819578
38
1
-1.89342 3.2089 0.766776
0.0264724 0.010606 0.0022053
39
1
-1.94762 3.18954 0.760439
0.027385 0.00965508 0.00328437
40
1
-2.00155 3.17252 0.751532
0.0274014 0.00786132 0.00412793
41
1
-2.05453 3.15875 0.739447
0.0267579 0.00596298 0.0059885
42
1
-2.10613 3.14778 0.723254
0.025884 0.00469447 0.00877305
43
1
-2.15656 3.13905 0.702577
0.0251417 0.00414919 0.0113413
44
1
-2.20601 3.13141 0.677262
0.0246935 0.00381178 0.0136028
45
1
-2.25482 3.12444 0.647355
0.0245186 0.0031802 0.01622
46
1
-2.30261 3.11811 0.612738
0.0241497 0.002559 0.0190918
47
1
-2.34854 3.11185 0.573932
0.0232476 0.00307837 0.0213263
48
1
-2.39182 3.10462 0.53175
0.0219455 0.00472961 0.02277
49
1
-2.43185 3.09572 0.486984
0.0202425 0.00598109 0.0240628
50
1
-2.46817 3.08579 0.440233
0.0178136 0.00610384 0.0251521
51
1
-2.50065 3.07557 0.391663
0.0148959 0.00563888 0.0263415
52
1
-2.52885 3.06573 0.340575
0.0118929 0.00499677 0.0276914
53
1
-2.55194 3.05722 0.286786
0.00911347 0.00411281 0.0288998
54
1
-2.56945 3.05026 0.230903
0.00674682 0.00309651 0.0296796
55
1
-2.58175 3.04489 0.173736
0.00476041 0.0022207 0.0300409
56
1
-2.58957 3.04073 0.115982
0.00296049 0.00151039 0.0299618
57
1
-2.59375 3.0381 0.0579978
0.00136097 0.00075079 0.0295337
58
1
-2.59516 3.03713 -1.54612e-015
-6.54467e-016 6.00177e-016 0.0292758
59
1
-2.59375 3.0381 -0.0579978
-0.00136097 -0.00075079 0.0295337
60
1
-2.58957 3.04073 -0.115982
-0.00296049 -0.00151039 0.0299618
61
1
-2.58175 3.04489 -0.173736
-0.00476041 -0.0022207 0.0300409
62
1
-2.56945 3.05026 -0.230903
-0.00674682 -0.00309651 0.0296796
63
1
-2.55194 3.05722 -0.286786
-0.00911347 -0.00411281 0.0288998
64
1
-2.52885 3.06573 -0.340575
-0.0118929 -0.00499677 0.0276914
65
1
-2.50065 3.07557 -0.391663
-0.0148959 -0.00563888 0.0263415
66
1
-2.46817 3.08579 -0.440233
-0.0178136 -0.00610384 0.0251521
67
1
-2.43185 3.09572 -0.486984
-0.0202425 -0.00598109 0.0240628
68
1
-2.39182 3.10462 -0.53175
-0.0219455 -0.00472961 0.02277
69
1
-2.34854 3.11185 -0.573932
-0.0232476 -0.00307837 0.0213263
70
1
-2.30261 3.11811 -0.612738
-0.0241497 -0.002559 0.0190918
71
1
-2.25482 3.12444 -0.647355
-0.0245186 -0.0031802 0.01622
72
1
-2.20601 3.13141 -0.677262
-0.0246935 -0.00381178 0.0136028
73
1
-2.15656 3.13905 -0.702577
-0.0251417 -0.00414919 0.0113413
74
1
-2.10613 3.14778 -0.723254
-0.025884 -0.00469447 0.00877305
75
1
-2.05453 3.15875 -0.739447
-0.0267579 -0.00596298 0.0059885
76
1
-2.00155 3.17252 -0.751532
-0.0274014 -0.00786132 0.00412793
77
1
-1.94762 3.18954 -0.760439
-0.027385 -0.00965508 0.00328437
78
1
-1.89342 3.2089 -0.766776
-0.0264724 -0.010606 0.0022053
79
1
-1.83961 3.22971 -0.77063
-0.0256078 -0.0108381 0.000819578
80
1
-1.78605 3.25162 -0.772111
-0.0260845 -0.0110306 -0.000120914
81
1
-1.73203 3.27459 -0.771493
-0.0273835 -0.0112582 -0.000796293
82
1
-1.67706 3.298 -0.768996
-0.0280954 -0.0113152 -0.00156517
83
1
-1.62124 3.32136 -0.764491
-0.0282976 -0.0115344 -0.00217526
84
1
-1.565 3.34488 -0.757825
-0.0284551 -0.0120201 -0.00276605
85
1
-1.50881 3.36898 -0.749295
-0.0279115 -0.0122952 -0.00395608
86
1
-1.45302 3.39389 -0.739056
-0.0270233 -0.0126267 -0.00553577
87
1
-1.39783 3.42003 -0.726872
-0.0271395 -0.013577 -0.00687861
88
1
-1.34374 3.44833 -0.712223
-0.0267793 -0.0147269 -0.00840541
89
1
-1.29146 3.47956 -0.695109
-0.0246412 -0.0158088 -0.0101858
90
1
-1.24098 3.51399 -0.675561
-0.0236126 -0.0174487 -0.0116022
91
1
-1.19225 3.55224 -0.653639
-0.0235113 -0.0196866 -0.0124138
92
1
-1.14543 3.59505 -0.631052
-0.0216866 -0.0220159 -0.0121941
93
1
-1.09991 3.64254 -0.609656
-0.0207359 -0.024445 -0.0109949
94
1
-1.0543 3.69481 -0.59154
-0.0217979 -0.0273537 -0.00892825
95
1
-1.00742 3.75126 -0.579102
-0.0226187 -0.0298976 -0.00444781
96
1
-0.957384 3.81216 -0.573967
-0.0250285 -0.0326082 -0.000305712
97
1
-0.902761 3.87631 -0.577596
-0.0284247 -0.0343818 0.00537652
98
1
-0.842026 3.94205 -0.590743
-0.0311894 -0.0335135 0.0109018
99
1
-0.773876 4.00629 -0.612975
-0.0353878 -0.0313137 0.0145316
100
1
-0.696955 4.06583 -0.641836
-0.0405547 -0.0278633 0.0175522
101
1
-0.610443 4.11852 -0.674454
-0.045155 -0.023574 0.0178211
102
1
-0.51433 4.162 -0.70742
-0.0497088 -0.018118 0.0170945
103
1
-0.409465 4.19564 -0.737244
-0.0541305 -0.0138073 0.0142408
104
1
-0.297426 4.22059 -0.76085
-0.0574629 -0.00991963 0.0102054
105
1
-0.180392 4.23783 -0.777163
-0.0593841 -0.00639052 0.00623584
106
1
-0.0604314 4.24685 -0.785254
-0.0603988 -0.00222737 0.00189398
107
1
0.0604314 4.24685 -0.785254
-0.0603988 0.00222737 -0.00189398
108
1
0.180392 4.23783 -0.777163
-0.0593841 0.00639052 -0.00623584
109
1
0.297426 4.22059 -0.76085
-0.0574629 0.00991963 -0.0102054
110
1
0.409465 4.19564 -0.737244
-0.0541305 0.0138073 -0.0142408
111
1
0.51433 4.162 -0.70742
-0.0497088 0.018118 -0.0170945
112
1
0.610443 4.11852 -0.674454
-0.045155 0.023574 -0.0178211
113
1
0.696955 4.06583 -0.641836
-0.0405547 0.0278633 -0.0175522
114
1
0.773876 4.00629 -0.612975
-0.0353878 0.0313137 -0.0145316
115
1
0.842026 3.94205 -0.590743
-0.0311894 0.0335135 -0.0109018
116
1
0.902761 3.87631 -0.577596
-0.0284247 0.0343818 -0.00537652
117
1
0.957384 3.81216 -0.573967
-0.0250285 0.0326082 0.000305712
118
1
1.00742 3.75126 -0.579102
-0.0226187 0.0298976 0.00444781
119
1
1.0543 3.69481 -0.59154
-0.0217979 0.0273537 0.00892825
120
1
1.09991 3.64254 -0.609656
-0.0207359 0.024445 0.0109949
121
1
1.14543 3.59505 -0.631052
-0.0216866 0.0220159 0.0121941
122
1
1.19225 3.55224 -0.653639
-0.0235113 0.0196866 0.0124138
123
1
1.24098 3.51399 -0.675561
-0.0236126 0.0174487 0.0116022
124
1
1.29146 3.47956 -0.695109
-0.0246412 0.0158088 0.0101858
125
1
1.34374 3.44833 -0.712223
-0.0267793 0.0147269 0.00840541
126
1
1.39783 3.42003 -0.726872
-0.0271395 0.013577 0.00687861
127
1
1.45302 3.39389 -0.739056
-0.0270233 0.0126267 0.00553577
128
1
1.50881 3.36898 -0.749295
-0.0279115 0.0122952 0.00395608
129
1
1.565 3.34488 -0.757825
-0.0284551 0.0120201 0.00276605
130
1
1.62124 3.32136 -0.764491
-0.0282976 0.0115344 0.00217526
131
1
1.67706 3.298 -0.768996
-0.0280954 0.0113152 0.00156517
132
1
1.73203 3.27459 -0.771493
-0.0273835 0.0112582 0.000796293
133
1
1.78605 3.25162 -0.772111
-0.0260845 0.0110306 0.000120914
134
1
1.83961 3.22971 -0.77063
-0.0256078 0.0108381 -0.000819578
135
1
1.89342 3.2089 -0.766776
-0.0264724 0.010606 -0.0022053
136
1
1.94762 3.18954 -0.760439
-0.027385 0.00965508 -0.00328437
137
1
2.00155 3.17252 -0.751532
-0.0274014 0.00786132 -0.00412793
138
1
2.05453 3.15875 -0.739447
-0.0267579 0.00596298 -0.0059885
139
1
2.10613 3.14778 -0.723254
-0.025884 0.00469447 -0.00877305
140
1
2.15656 3.13905 -0.702577
-0.0251417 0.00414919 -0.0113413
141
1
2.20601 3.13141 -0.677262
-0.0246935 0.00381178 -0.0136028
142
1
2.25482 3.12444 -0.647355
-0.0245186 0.0031802 -0.01622
143
1
2.30261 3.11811 -0.612738
-0.0241497 0.002559 -0.0190918
144
1
2.34854 3.11185 -0.573932
-0.0232476 0.00307837 -0.0213263
145
1
2.39182 3.10462 -0.53175
-0.0219455 0.00472961 -0.02277
146
1
2.43185 3.09572 -0.486984
-0.0202425 0.00598109 -0.0240628
147
1
2.46817 3.08579 -0.440233
-0.0178136 0.00610384 -0.0251521
148
1
2.50065 3.07557 -0.391663
-0.0148959 0.00563888 -0.0263415
149
1
2.52885 3.06573 -0.340575
-0.0118929 0.00499677 -0.0276914
150
1
2.55194 3.05722 -0.286786
-0.00911347 0.00411281 -0.0288998
151
1
2.56945 3.05026 -0.230903
-0.00674682 0.00309651 -0.0296796
152
1
2.58175 3.04489 -0.173736
-0.00476041 0.0022207 -0.0300409
153
1
2.58957 3.04073 -0.115982
-0.00296049 0.00151039 -0.0299618
154
1
2.59375 3.0381 -0.0579978
-0.00136097 0.00075079 -0.0295337
155
1
2.59516 3.03713 -3.99891e-015
-1.76206e-016 -1.85164e-019 -0.0292758
156
1
2.59375 3.0381 0.0579978
0.00136097 -0.00075079 -0.0295337
157
1
2.58957 3.04073 0.115982
0.00296049 -0.00151039 -0.0299618
158
1
2.58175 3.04489 0.173736
0.00476041 -0.0022207 -0.0300409
159
1
2.56945 3.05026 0.230903
0.00674682 -0.00309651 -0.0296796
160
1
2.55194 3.05722 0.286786
0.00911347 -0.00411281 -0.0288998
161
1
2.52885 3.06573 0.340575
0.0118929 -0.00499677 -0.0276914
162
1
2.50065 3.07557 0.391663
0.0148959 -0.00563888 -0.0263415
163
1
2.46817 3.08579 0.440233
0.0178136 -0.00610384 -0.0251521
164
1
2.43185 3.09572 0.486984
0.0202425 -0.00598109 -0.0240628
165
1
2.39182 3.10462 0.53175
0.0219455 -0.00472961 -0.02277
166
1
2.34854 3.11185 0.573932
0.0232476 -0.00307837 -0.0213263
167
1
2.30261 3.11811 0.612738
0.0241497 -0.002559 -0.0190918
168
1
2.25482 3.12444 0.647355
0.0245186 -0.0031802 -0.01622
169
1
2.20601 3.13141 0.677262
0.0246935 -0.00381178 -0.0136028
170
1
2.15656 3.13905 0.702577
0.0251417 -0.00414919 -0.0113413
171
1
2.10613 3.14778 0.723254
0.025884 -0.00469447 -0.00877305
172
1
2.05453 3.15875 0.739447
0.0267579 -0.00596298 -0.0059885
173
1
2.00155 3.17252 0.751532
0.0274014 -0.00786132 -0.00412793
174
1
1.94762 3.18954 0.760439
0.027385 -0.00965508 -0.00328437
175
1
1.89342 3.2089 0.766776
0.0264724 -0.010606 -0.0022053
176
1
1.83961 3.22971 0.77063
0.0256078 -0.0108381 -0.000819578
177
1
1.78605 3.25162 0.772111
0.0260845 -0.0110306 0.000120914
178
1
1.73203 3.27459 0.771493
0.0273835 -0.0112582 0.000796293
179
1
1.67706 3.298 0.768996
0.0280954 -0.0113152 0.00156517
180
1
1.62124 3.32136 0.764491
0.0282976 -0.0115344 0.00217526
181
1
1.565 3.34488 0.757825
0.0284551 -0.0120201 0.00276605
182
1
1.50881 3.36898 0.749295
0.0279115 -0.0122952 0.00395608
183
1
1.45302 3.39389 0.739056
0.0270233 -0.0126267 0.00553577
184
1
1.39783 3.42003 0.726872
0.0271395 -0.013577 0.00687861
185
1
1.34374 3.44833 0.712223
0.0267793 -0.0147269 0.00840541
186
1
1.29146 3.47956 0.695109
0.0246412 -0.0158088 0.0101858
187
1
1.24098 3.51399 0.675561
0.0236126 -0.0174487 0.0116022
188
1
1.19225 3.55224 0.653639
0.0235113 -0.0196866 0.0124138
189
1
1.14543 3.59505 0.631052
0.0216866 -0.0220159 0.0121941
190
1
1.09991 3.64254 0.609656
0.0207359 -0.024445 0.0109949
191
1
1.0543 3.69481 0.59154
0.0217979 -0.0273537 0.00892825
192
1
1.00742 3.75126 0.579102
0.0226187 -0.0298976 0.00444781
193
1
0.957384 3.81216 0.573967
0.0250285 -0.0326082 0.000305712
