194
0
1
0.646294 10.1361 1.27017
0.00583495 0.0465898 -0.0256151
1
1
0.626733 10.0534 1.31416
0.00869328 0.0368512 -0.0205792
2
1
0.594825 9.96883 1.35053
0.0175338 0.0442093 -0.0139378
3
1
0.541769 9.87949 1.3785
0.0330262 0.0515851 -0.0101567
4
1
0.469702 9.80297 1.39432
0.0419393 0.0304294 -0.00469951
5
1
0.378564 9.74394 1.39545
0.0478867 0.0178982 -0.000203324
6
1
0.262895 9.68784 1.37641
0.0542342 0.0209835 0.0229288
7
1
0.1169 9.57866 1.31461
0.0344998 0.0493189 0.0231356
8
1
0.124785 6.44064 0.0604444
-0.0468482 -0.00228563 -0.00723323
9
1
0.622278 12.4599 0.0675063
0.0115473 0.0579039 0.00810551
10
1
-0.622277 12.4599 0.0675161
0.0115455 -0.0579036 -0.00810027
11
1
-0.124705 6.44056 0.0602137
-0.0468427 0.00230636 0.0072958
12
1
-0.1169 9.57866 1.31461
0.0344998 -0.0493189 -0.0231356
13
1
-0.262895 9.68784 1.37641
0.0542342 -0.0209835 -0.0229287
14
1
-0.378564 9.74394 1.39545
0.0478867 -0.0178982 0.000203352
15
1
-0.469702 9.80297 1.39432
0.0419393 -0.0304294 0.00469953
16
1
-0.541769 9.87949 1.3785
0.0330262 -0.0515851 0.0101567
17
1
-0.594825 9.96883 1.35053
0.0175338 -0.0442094 0.0139378
18
1
-0.626732 10.0534 1.31416
0.00869329 -0.0368513 0.0205792
19
1
-0.646294 10.1361 1.27017
0.00583495 -0.0465898 0.0256151
20
1
-0.659712 10.2168 1.22169
0.00272484 -0.0404365 0.0306074
21
1
-0.671703 10.2954 1.16855
0.00527453 -0.0310139 0.0268199
22
1
-0.682207 10.3696 1.11415
0.00906795 -0.0409314 0.0296976
23
1
-0.687571 10.4419 1.0621
0.00281966 -0.0377854 0.0260063
24
1
-0.68591 10.507 1.0185
-0.00445642 -0.0241878 0.0154921
25
1
-0.680645 10.5656 0.98398
-0.00481728 -0.0263781 0.0163934
26
1
-0.6752 10.622 0.953238
-0.00304136 -0.028496 0.0164134
27
1
-0.668428 10.6765 0.925788
-0.00431597 -0.0258798 0.0120794
28
1
-0.657676 10.7299 0.902008
-0.00722068 -0.0239741 0.00843093
29
1
-0.644631 10.7832 0.881434
-0.00901478 -0.0254094 0.00928457
30
1
-0.63334 10.8343 0.862918
-0.00679481 -0.0230056 0.00698974
31
1
-0.625092 10.8837 0.844664
-0.00375621 -0.0224115 0.00708507
32
1
-0.620427 10.9336 0.826968
-0.00266402 -0.0256133 0.0100574
33
1
-0.620533 10.9825 0.810933
-0.00080867 -0.0268941 0.00939256
34
1
-0.626364 11.0293 0.797062
0.00379948 -0.0250911 0.00712696
35
1
-0.637142 11.075 0.784748
0.00673332 -0.022544 0.0062066
36
1
-0.652481 11.118 0.774938
0.00744969 -0.0204329 0.00329998
37
1
-0.670621 11.1586 0.767132
0.010553 -0.0202303 0.000735381
38
1
-0.692518 11.1974 0.760069
0.0136413 -0.0179315 0.00121743
39
1
-0.718457 11.2332 0.752567
0.0128542 -0.0134721 0.00267918
40
1
-0.747027 11.2647 0.743208
0.0142553 -0.012689 0.00368776
41
1
-0.777966 11.2935 0.731409
0.0186808 -0.0136558 0.00518255
42
1
-0.811711 11.3212 0.71788
0.0184007 -0.0125989 0.00631861
43
1
-0.846462 11.3482 0.702327
0.016406 -0.0120975 0.0069533
44
1
-0.881881 11.3749 0.683439
0.0189677 -0.0138328 0.00932433
45
1
-0.918134 11.4015 0.658966
0.0220712 -0.0138642 0.0147253
46
1
-0.955071 11.4275 0.6287
0.0191909 -0.0112895 0.017096
47
1
-0.990599 11.4512 0.592419
0.0175079 -0.0109504 0.0182824
48
1
-1.02514 11.4733 0.550294
0.0188997 -0.0112506 0.0251621
49
1
-1.05744 11.4933 0.504409
0.0172075 -0.00940256 0.0268966
50
1
-1.08763 11.5118 0.456667
0.0147396 -0.0081751 0.0239257
51
1
-1.11582 11.5303 0.405714
0.0139375 -0.0104139 0.0268139
52
1
-1.14005 11.5499 0.351669
0.011355 -0.0129624 0.0309493
53
1
-1.16003 11.5699 0.295038
0.00946676 -0.0119662 0.0327442
54
1
-1.17573 11.5884 0.236626
0.00783545 -0.010832 0.0330775
55
1
-1.18667 11.6042 0.176898
0.0034951 -0.00881862 0.0327367
56
1
-1.19297 11.6162 0.117715
0.0023101 -0.00597102 0.0312848
57
1
-1.19626 11.6238 0.0580378
0.00156538 -0.00232159 0.0296101
58
1
-1.19741 11.6264 5.72326e-008
6.46682e-009 2.49082e-009 0.0290489
59
1
-1.19626 11.6238 -0.0580377
-0.00156536 0.0023216 0.0296101
60
1
-1.19297 11.6162 -0.117715
-0.00231009 0.00597103 0.0312848
61
1
-1.18667 11.6042 -0.176898
-0.00349509 0.00881863 0.0327367
62
1
-1.17573 11.5884 -0.236625
-0.00783544 0.010832 0.0330775
63
1
-1.16003 11.5699 -0.295038
-0.00946675 0.0119662 0.0327442
64
1
-1.14005 11.5499 -0.351669
-0.011355 0.0129624 0.0309493
65
1
-1.11582 11.5303 -0.405714
-0.0139375 0.0104139 0.0268139
66
1
-1.08763 11.5118 -0.456667
-0.0147396 0.00817511 0.0239257
67
1
-1.05744 11.4933 -0.504409
-0.0172075 0.00940257 0.0268966
68
1
-1.02514 11.4733 -0.550294
-0.0188997 0.0112506 0.0251621
69
1
-0.990599 11.4512 -0.592419
-0.0175079 0.0109504 0.0182824
70
1
-0.955072 11.4275 -0.6287
-0.0191909 0.0112895 0.0170961
71
1
-0.918135 11.4015 -0.658966
-0.0220712 0.0138642 0.0147253
72
1
-0.881882 11.3749 -0.683439
-0.0189677 0.0138328 0.00932433
73
1
-0.846462 11.3482 -0.702327
-0.016406 0.0120975 0.00695331
74
1
-0.811711 11.3212 -0.71788
-0.0184007 0.0125989 0.00631862
75
1
-0.777967 11.2935 -0.731409
-0.0186808 0.0136558 0.00518256
76
1
-0.747027 11.2647 -0.743208
-0.0142553 0.012689 0.00368777
77
1
-0.718457 11.2332 -0.752567
-0.0128542 0.0134721 0.00267918
78
1
-0.692518 11.1974 -0.760069
-0.0136413 0.0179315 0.00121743
79
1
-0.670621 11.1586 -0.767133
-0.010553 0.0202303 0.000735386
80
1
-0.652481 11.118 -0.774938
-0.0074497 0.0204329 0.00329998
81
1
-0.637142 11.075 -0.784748
-0.00673332 0.022544 0.0062066
82
1
-0.626364 11.0293 -0.797062
-0.00379948 0.0250911 0.00712695
83
1
-0.620533 10.9825 -0.810933
0.000808673 0.0268941 0.00939255
84
1
-0.620427 10.9336 -0.826968
0.00266402 0.0256133 0.0100574
85
1
-0.625092 10.8837 -0.844664
0.00375621 0.0224115 0.00708506
86
1
-0.633341 10.8343 -0.862918
0.00679481 0.0230056 0.00698973
87
1
-0.644631 10.7832 -0.881434
0.00901478 0.0254094 0.00928457
88
1
-0.657676 10.7299 -0.902009
0.00722069 0.0239741 0.00843093
89
1
-0.668428 10.6765 -0.925788
0.00431598 0.0258798 0.0120794
90
1
-0.675201 10.622 -0.953238
0.00304137 0.028496 0.0164134
91
1
-0.680645 10.5656 -0.98398
0.00481729 0.0263781 0.0163934
92
1
-0.68591 10.507 -1.0185
0.00445643 0.0241878 0.0154921
93
1
-0.687571 10.4419 -1.0621
-0.00281965 0.0377854 0.0260063
94
1
-0.682208 10.3696 -1.11415
-0.00906794 0.0409314 0.0296976
95
1
-0.671703 10.2954 -1.16855
-0.00527452 0.0310139 0.0268199
96
1
-0.659712 10.2168 -1.2217
-0.00272483 0.0404365 0.0306075
97
1
-0.646294 10.1361 -1.27017
-0.00583494 0.0465898 0.0256151
98
1
-0.626733 10.0534 -1.31416
-0.00869328 0.0368512 0.0205792
99
1
-0.594825 9.96883 -1.35053
-0.0175338 0.0442093 0.0139378
100
1
-0.541769 9.87949 -1.3785
-0.0330262 0.0515851 0.0101567
101
1
-0.469702 9.80297 -1.39432
-0.0419393 0.0304294 0.00469951
102
1
-0.378564 9.74394 -1.39545
-0.0478867 0.0178982 0.000203323
103
1
-0.262895 9.68784 -1.37641
-0.0542342 0.0209835 -0.0229288
104
1
-0.1169 9.57866 -1.31461
-0.0344998 0.0493189 -0.0231355
105
1
-0.124785 6.44064 -0.0604391
0.046848 -0.00228567 0.00723386
106
1
-0.622278 12.4599 -0.0675063
-0.0115473 0.0579039 -0.00810552
107
1
0.622277 12.4599 -0.0675161
-0.0115455 -0.0579036 0.00810028
108
1
0.124704 6.44056 -0.0602083
0.0468425 0.00230641 -0.00729643
109
1
0.1169 9.57866 -1.31461
-0.0344998 -0.0493189 0.0231356
110
1
0.262895 9.68784 -1.37641
-0.0542342 -0.0209835 0.0229287
111
1
0.378564 9.74394 -1.39545
-0.0478867 -0.0178982 -0.000203351
112
1
0.469702 9.80297 -1.39432
-0.0419393 -0.0304294 -0.00469953
113
1
0.541769 9.87949 -1.3785
-0.0330262 -0.0515851 -0.0101567
114
1
0.594825 9.96883 -1.35053
-0.0175338 -0.0442094 -0.0139378
115
1
0.626732 10.0534 -1.31416
-0.00869329 -0.0368513 -0.0205792
116
1
0.646294 10.1361 -1.27017
-0.00583495 -0.0465898 -0.0256151
117
1
0.659712 10.2168 -1.2217
-0.00272484 -0.0404365 -0.0306074
118
1
0.671703 10.2954 -1.16855
-0.00527453 -0.0310139 -0.0268199
119
1
0.682207 10.3696 -1.11415
-0.00906795 -0.0409314 -0.0296976
120
1
0.687571 10.4419 -1.0621
-0.00281966 -0.0377854 -0.0260063
121
1
0.68591 10.507 -1.0185
0.00445642 -0.0241878 -0.0154921
122
1
0.680645 10.5656 -0.98398
0.00481728 -0.0263781 -0.0163934
123
1
0.6752 10.622 -0.953238
0.00304136 -0.028496 -0.0164134
124
1
0.668428 10.6765 -0.925788
0.00431597 -0.0258798 -0.0120794
125
1
0.657676 10.7299 -0.902008
0.00722068 -0.0239741 -0.00843093
126
1
0.644631 10.7832 -0.881434
0.00901478 -0.0254094 -0.00928457
127
1
0.63334 10.8343 -0.862918
0.00679481 -0.0230056 -0.00698974
128
1
0.625092 10.8837 -0.844664
0.00375621 -0.0224115 -0.00708507
129
1
0.620427 10.9336 -0.826968
0.00266402 -0.0256133 -0.0100574
130
1
0.620533 10.9825 -0.810933
0.00080867 -0.0268941 -0.00939256
131
1
0.626364 11.0293 -0.797062
-0.00379948 -0.0250911 -0.00712696
132
1
0.637142 11.075 -0.784748
-0.00673332 -0.022544 -0.0062066
133
1
0.652481 11.118 -0.774938
-0.00744969 -0.0204329 -0.00329998
134
1
0.670621 11.1586 -0.767132
-0.010553 -0.0202303 -0.000735382
135
1
0.692518 11.1974 -0.760069
-0.0136413 -0.0179315 -0.00121743
136
1
0.718457 11.2332 -0.752567
-0.0128542 -0.0134721 -0.00267918
137
1
0.747027 11.2647 -0.743208
-0.0142553 -0.012689 -0.00368776
138
1
0.777966 11.2935 -0.731409
-0.0186808 -0.0136558 -0.00518255
139
1
0.811711 11.3212 -0.71788
-0.0184007 -0.0125989 -0.00631861
140
1
0.846462 11.3482 -0.702327
-0.016406 -0.0120975 -0.0069533
141
1
0.881881 11.3749 -0.683439
-0.0189677 -0.0138328 -0.00932433
142
1
0.918134 11.4015 -0.658966
-0.0220712 -0.0138642 -0.0147253
143
1
0.955071 11.4275 -0.6287
-0.0191909 -0.0112895 -0.017096
144
1
0.990599 11.4512 -0.592419
-0.0175079 -0.0109504 -0.0182824
145
1
1.02514 11.4733 -0.550294
-0.0188997 -0.0112506 -0.0251621
146
1
1.05744 11.4933 -0.504409
-0.0172075 -0.00940256 -0.0268966
147
1
1.08763 11.5118 -0.456667
-0.0147396 -0.0081751 -0.0239257
148
1
1.11582 11.5303 -0.405714
-0.0139375 -0.0104139 -0.0268139
149
1
1.14005 11.5499 -0.351669
-0.011355 -0.0129624 -0.0309493
150
1
1.16003 11.5699 -0.295038
-0.00946676 -0.0119662 -0.0327442
151
1
1.17573 11.5884 -0.236626
-0.00783545 -0.010832 -0.0330775
152
1
1.18667 11.6042 -0.176898
-0.0034951 -0.00881862 -0.0327367
153
1
1.19297 11.6162 -0.117715
-0.0023101 -0.00597102 -0.0312848
154
1
1.19626 11.6238 -0.0580378
-0.00156538 -0.00232159 -0.0296101
155
1
1.19741 11.6264 -5.46835e-008
-6.57924e-009 2.47201e-009 -0.0290489
156
1
1.19626 11.6238 0.0580377
0.00156536 0.0023216 -0.0296101
157
1
1.19297 11.6162 0.117715
0.00231009 0.00597103 -0.0312848
158
1
1.18667 11.6042 0.176898
0.00349509 0.00881863 -0.0327367
159
1
1.17573 11.5884 0.236625
0.00783544 0.010832 -0.0330775
160
1
1.16003 11.5699 0.295038
0.00946675 0.0119662 -0.0327442
161
1
1.14005 11.5499 0.351669
0.011355 0.0129624 -0.0309493
162
1
1.11582 11.5303 0.405714
0.0139375 0.0104139 -0.0268139
163
1
1.08763 11.5118 0.456667
0.0147396 0.00817511 -0.0239257
164
1
1.05744 11.4933 0.504409
0.0172075 0.00940257 -0.0268966
165
1
1.02514 11.4733 0.550294
0.0188997 0.0112506 -0.0251621
166
1
0.990599 11.4512 0.592419
0.0175079 0.0109504 -0.0182824
167
1
0.955072 11.4275 0.6287
0.0191909 0.0112895 -0.0170961
168
1
0.918135 11.4015 0.658966
0.0220712 0.0138642 -0.0147253
169
1
0.881882 11.3749 0.683439
0.0189677 0.0138328 -0.00932433
170
1
0.846462 11.3482 0.702327
0.016406 0.0120975 -0.00695331
171
1
0.811711 11.3212 0.71788
0.0184007 0.0125989 -0.00631862
172
1
0.777967 11.2935 0.731409
0.0186808 0.0136558 -0.00518256
173
1
0.747027 11.2647 0.743208
0.0142553 0.012689 -0.00368777
174
1
0.718457 11.2332 0.752567
0.0128542 0.0134721 -0.00267918
175
1
0.692518 11.1974 0.760069
0.0136413 0.0179315 -0.00121743
176
1
0.670621 11.1586 0.767132
0.010553 0.0202303 -0.000735386
177
1
0.652481 11.118 0.774938
0.0074497 0.0204329 -0.00329998
178
1
0.637142 11.075 0.784748
0.00673332 0.022544 -0.0062066
179
1
0.626364 11.0293 0.797062
0.00379948 0.0250911 -0.00712695
180
1
0.620533 10.9825 0.810933
-0.000808673 0.0268941 -0.00939255
181
1
0.620427 10.9336 0.826968
-0.00266402 0.0256133 -0.0100574
182
1
0.625092 10.8837 0.844664
-0.00375621 0.0224115 -0.00708506
183
1
0.633341 10.8343 0.862918
-0.00679481 0.0230056 -0.00698973
184
1
0.644631 10.7832 0.881434
-0.00901478 0.0254094 -0.00928457
185
1
0.657676 10.7299 0.902009
-0.00722069 0.0239741 -0.00843093
186
1
0.668428 10.6765 0.925788
-0.00431598 0.0258798 -0.0120794
187
1
0.675201 10.622 0.953238
-0.00304137 0.028496 -0.0164134
188
1
0.680645 10.5656 0.98398
-0.00481729 0.0263781 -0.0163934
189
1
0.68591 10.507 1.0185
-0.00445643 0.0241878 -0.0154921
190
1
0.687571 10.4419 1.0621
0.00281965 0.0377854 -0.0260063
191
1
0.682208 10.3696 1.11415
0.00906794 0.0409314 -0.0296976
192
1
0.671703 10.2954 1.16855
0.00527452 0.0310139 -0.0268199
193
1
0.659712 10.2168 1.2217
0.00272483 0.0404365 -0.0306075
