194
0
1
1.02908 5.69695 1.03486
0.027015 -0.0190621 0.0254841
1
1
0.978879 5.72967 0.976575
0.0243079 -0.01599 0.0321618
2
1
0.933285 5.7588 0.902909
0.0196855 -0.01324 0.0413721
3
1
0.895455 5.78213 0.813682
0.0152109 -0.00932662 0.0501104
4
1
0.86568 5.80122 0.705676
0.00809428 -0.00789023 0.0590455
5
1
0.845022 5.81957 0.577002
0.00672604 -0.00684273 0.0731534
6
1
0.834125 5.83516 0.416589
0.00502399 -0.00228868 0.0777263
7
1
0.820073 5.8322 0.196348
0.00750308 0.00606767 0.0773223
8
1
0.568415 5.80082 0.0596179
0.0202451 -0.0077114 -0.0206212
9
1
0.0537411 7.18454 0.431805
0.00112236 0.0245148 -0.0739568
10
1
-0.0537411 7.18454 0.431805
0.00112236 -0.0245148 0.0739568
11
1
-0.568415 5.80082 0.0596179
0.0202451 0.0077114 0.0206212
12
1
-0.820073 5.8322 0.196348
0.00750308 -0.00606767 -0.0773223
13
1
-0.834125 5.83516 0.416589
0.00502399 0.00228868 -0.0777263
14
1
-0.845022 5.81957 0.577002
0.00672604 0.00684273 -0.0731534
15
1
-0.86568 5.80122 0.705676
0.00809428 0.00789023 -0.0590455
16
1
-0.895455 5.78213 0.813682
0.0152109 0.00932662 -0.0501104
17
1
-0.933285 5.7588 0.902909
0.0196855 0.01324 -0.0413721
18
1
-0.978879 5.72967 0.976575
0.0243079 0.01599 -0.0321618
19
1
-1.02908 5.69695 1.03486
0.027015 0.0190621 -0.0254841
20
1
-1.08173 5.66259 1.08009
0.0276278 0.0194141 -0.0179153
21
1
-1.13597 5.62932 1.11454
0.027042 0.016575 -0.0130142
22
1
-1.19078 5.59874 1.14054
0.0282744 0.0152823 -0.0102937
23
1
-1.24699 5.57135 1.16068
0.027617 0.0128326 -0.0082217
24
1
-1.30367 5.54814 1.17633
0.0280538 0.0103461 -0.00684878
25
1
-1.36056 5.52949 1.18795
0.0288801 0.00817797 -0.00526946
26
1
-1.41769 5.51572 1.19579
0.0277833 0.00499061 -0.00354089
27
1
-1.47435 5.50715 1.20024
0.0277392 0.00272423 -0.00208469
28
1
-1.53063 5.50294 1.20156
0.0282385 0.00170981 -0.000539543
29
1
-1.58656 5.50141 1.20001
0.0275291 0.000550669 0.00224066
30
1
-1.64209 5.50157 1.19552
0.0271666 -0.000733189 0.00496305
31
1
-1.69735 5.50305 1.18755
0.0273796 -0.00191053 0.00628348
32
1
-1.75241 5.50544 1.17612
0.0271643 -0.00278902 0.00739984
33
1
-1.80704 5.5086 1.16153
0.0268583 -0.00279126 0.0090175
34
1
-1.8609 5.51238 1.14416
0.0267775 -0.00248355 0.00977015
35
1
-1.91376 5.51665 1.12445
0.0262049 -0.00236665 0.010018
36
1
-1.96566 5.52075 1.10298
0.0251126 -0.00189803 0.0108089
37
1
-2.01721 5.52452 1.07984
0.0247072 -0.00142421 0.0119198
38
1
-2.06898 5.52843 1.05423
0.0253875 -0.00181716 0.0132252
39
1
-2.12058 5.53278 1.02526
0.0259264 -0.00265115 0.0148358
40
1
-2.17106 5.5376 0.992982
0.0256107 -0.0028532 0.0167116
41
1
-2.21984 5.54312 0.95781
0.0248403 -0.00287299 0.0184129
42
1
-2.26691 5.54921 0.91982
0.0238747 -0.00333796 0.0197325
43
1
-2.31243 5.55621 0.878898
0.0231044 -0.00334218 0.0211453
44
1
-2.35693 5.56349 0.834957
0.0227136 -0.0027245 0.0230491
45
1
-2.40111 5.57073 0.787789
0.0224175 -0.00296227 0.0250867
46
1
-2.44439 5.57844 0.737196
0.0220264 -0.00402399 0.0267493
47
1
-2.48582 5.58715 0.683751
0.0214497 -0.00477667 0.0280815
48
1
-2.52462 5.59656 0.627966
0.0200087 -0.00553594 0.0295284
49
1
-2.55989 5.60594 0.570022
0.0178895 -0.00586593 0.0310224
50
1
-2.59154 5.61428 0.510562
0.0156884 -0.00480146 0.0317453
51
1
-2.61949 5.62047 0.449838
0.0135703 -0.00305752 0.0320965
52
1
-2.64352 5.62459 0.387778
0.0114353 -0.00183894 0.0323221
53
1
-2.66321 5.62704 0.324554
0.00905843 -0.00112786 0.032578
54
1
-2.67836 5.62818 0.260455
0.00656481 -0.000192332 0.0330928
55
1
-2.68979 5.62798 0.19576
0.00470489 0.000885257 0.0337006
56
1
-2.69803 5.62671 0.130723
0.00351858 0.00147792 0.0338055
57
1
-2.70337 5.62539 0.0654106
0.00207561 0.00106573 0.0333382
58
1
-2.70527 5.62468 2.49215e-014
7.01235e-016 -2.3945e-016 0.033007
59
1
-2.70337 5.62539 -0.0654106
-0.00207561 -0.00106573 0.0333382
60
1
-2.69803 5.62671 -0.130723
-0.00351858 -0.00147792 0.0338055
61
1
-2.68979 5.62798 -0.19576
-0.00470489 -0.000885257 0.0337006
62
1
-2.67836 5.62818 -0.260455
-0.00656481 0.000192332 0.0330928
63
1
-2.66321 5.62704 -0.324554
-0.00905843 0.00112786 0.032578
64
1
-2.64352 5.62459 -0.387778
-0.0114353 0.00183894 0.0323221
65
1
-2.61949 5.62047 -0.449838
-0.0135703 0.00305752 0.0320965
66
1
-2.59154 5.61428 -0.510562
-0.0156884 0.00480146 0.0317453
67
1
-2.55989 5.60594 -0.570022
-0.0178895 0.00586593 0.0310224
68
1
-2.52462 5.59656 -0.627966
-0.0200087 0.00553594 0.0295284
69
1
-2.48582 5.58715 -0.683751
-0.0214497 0.00477667 0.0280815
70
1
-2.44439 5.57844 -0.737196
-0.0220264 0.00402399 0.0267493
71
1
-2.40111 5.57073 -0.787789
-0.0224175 0.00296227 0.0250867
72
1
-2.35693 5.56349 -0.834957
-0.0227136 0.0027245 0.0230491
73
1
-2.31243 5.55621 -0.878898
-0.0231044 0.00334218 0.0211453
74
1
-2.26691 5.54921 -0.91982
-0.0238747 0.00333796 0.0197325
75
1
-2.21984 5.54312 -0.95781
-0.0248403 0.00287299 0.0184129
76
1
-2.17106 5.5376 -0.992982
-0.0256107 0.0028532 0.0167116
77
1
-2.12058 5.53278 -1.02526
-0.0259264 0.00265115 0.0148358
78
1
-2.06898 5.52843 -1.05423
-0.0253875 0.00181716 0.0132252
79
1
-2.01721 5.52452 -1.07984
-0.0247072 0.00142421 0.0119198
80
1
-1.96566 5.52075 -1.10298
-0.0251126 0.00189803 0.0108089
81
1
-1.91376 5.51665 -1.12445
-0.0262049 0.00236665 0.010018
82
1
-1.8609 5.51238 -1.14416
-0.0267775 0.00248355 0.00977015
83
1
-1.80704 5.5086 -1.16153
-0.0268583 0.00279126 0.0090175
84
1
-1.75241 5.50544 -1.17612
-0.0271643 0.00278902 0.00739984
85
1
-1.69735 5.50305 -1.18755
-0.0273796 0.00191053 0.00628348
86
1
-1.64209 5.50157 -1.19552
-0.0271666 0.000733189 0.00496305
87
1
-1.58656 5.50141 -1.20001
-0.0275291 -0.000550669 0.00224066
88
1
-1.53063 5.50294 -1.20156
-0.0282385 -0.00170981 -0.000539543
89
1
-1.47435 5.50715 -1.20024
-0.0277392 -0.00272423 -0.00208469
90
1
-1.41769 5.51572 -1.19579
-0.0277833 -0.00499061 -0.00354089
91
1
-1.36056 5.52949 -1.18795
-0.0288801 -0.00817797 -0.00526946
92
1
-1.30367 5.54814 -1.17633
-0.0280538 -0.0103461 -0.00684878
93
1
-1.24699 5.57135 -1.16068
-0.027617 -0.0128326 -0.0082217
94
1
-1.19078 5.59874 -1.14054
-0.0282744 -0.0152823 -0.0102937
95
1
-1.13597 5.62932 -1.11454
-0.027042 -0.016575 -0.0130142
96
1
-1.08173 5.66259 -1.08009
-0.0276278 -0.0194141 -0.0179153
97
1
-1.02908 5.69695 -1.03486
-0.027015 -0.0190621 -0.0254841
98
1
-0.978879 5.72967 -0.976575
-0.0243079 -0.01599 -0.0321618
99
1
-0.933285 5.7588 -0.902909
-0.0196855 -0.01324 -0.0413721
100
1
-0.895455 5.78213 -0.813682
-0.0152109 -0.00932662 -0.0501104
101
1
-0.86568 5.80122 -0.705676
-0.00809428 -0.00789023 -0.0590455
102
1
-0.845022 5.81957 -0.577002
-0.00672604 -0.00684273 -0.0731534
103
1
-0.834125 5.83516 -0.416589
-0.00502399 -0.00228868 -0.0777263
104
1
-0.820073 5.8322 -0.196348
-0.00750308 0.00606767 -0.0773223
105
1
-0.568415 5.80082 -0.0596179
-0.0202451 -0.0077114 0.0206212
106
1
-0.0537411 7.18454 -0.431805
-0.00112236 0.0245148 0.0739568
107
1
0.0537411 7.18454 -0.431805
-0.00112236 -0.0245148 -0.0739568
108
1
0.568415 5.80082 -0.0596179
-0.0202451 0.0077114 -0.0206212
109
1
0.820073 5.8322 -0.196348
-0.00750308 -0.00606767 0.0773223
110
1
0.834125 5.83516 -0.416589
-0.00502399 0.00228868 0.0777263
111
1
0.845022 5.81957 -0.577002
-0.00672604 0.00684273 0.0731534
112
1
0.86568 5.80122 -0.705676
-0.00809428 0.00789023 0.0590455
113
1
0.895455 5.78213 -0.813682
-0.0152109 0.00932662 0.0501104
114
1
0.933285 5.7588 -0.902909
-0.0196855 0.01324 0.0413721
115
1
0.978879 5.72967 -0.976575
-0.0243079 0.01599 0.0321618
116
1
1.02908 5.69695 -1.03486
-0.027015 0.0190621 0.0254841
117
1
1.08173 5.66259 -1.08009
-0.0276278 0.0194141 0.0179153
118
1
1.13597 5.62932 -1.11454
-0.027042 0.016575 0.0130142
119
1
1.19078 5.59874 -1.14054
-0.0282744 0.0152823 0.0102937
120
1
1.24699 5.57135 -1.16068
-0.027617 0.0128326 0.0082217
121
1
1.30367 5.54814 -1.17633
-0.0280538 0.0103461 0.00684878
122
1
1.36056 5.52949 -1.18795
-0.0288801 0.00817797 0.00526946
123
1
1.41769 5.51572 -1.19579
-0.0277833 0.00499061 0.00354089
124
1
1.47435 5.50715 -1.20024
-0.0277392 0.00272423 0.00208469
125
1
1.53063 5.50294 -1.20156
-0.0282385 0.00170981 0.000539543
126
1
1.58656 5.50141 -1.20001
-0.0275291 0.000550669 -0.00224066
127
1
1.64209 5.50157 -1.19552
-0.0271666 -0.000733189 -0.00496305
128
1
1.69735 5.50305 -1.18755
-0.0273796 -0.00191053 -0.00628348
129
1
1.75241 5.50544 -1.17612
-0.0271643 -0.00278902 -0.00739984
130
1
1.80704 5.5086 -1.16153
-0.0268583 -0.00279126 -0.0090175
131
1
1.8609 5.51238 -1.14416
-0.0267775 -0.00248355 -0.00977015
132
1
1.91376 5.51665 -1.12445
-0.0262049 -0.00236665 -0.010018
133
1
1.96566 5.52075 -1.10298
-0.0251126 -0.00189803 -0.0108089
134
1
2.01721 5.52452 -1.07984
-0.0247072 -0.00142421 -0.0119198
135
1
2.06898 5.52843 -1.05423
-0.0253875 -0.00181716 -0.0132252
136
1
2.12058 5.53278 -1.02526
-0.0259264 -0.00265115 -0.0148358
137
1
2.17106 5.5376 -0.992982
-0.0256107 -0.0028532 -0.0167116
138
1
2.21984 5.54312 -0.95781
-0.0248403 -0.00287299 -0.0184129
139
1
2.26691 5.54921 -0.91982
-0.0238747 -0.00333796 -0.0197325
140
1
2.31243 5.55621 -0.878898
-0.0231044 -0.00334218 -0.0211453
141
1
2.35693 5.56349 -0.834957
-0.0227136 -0.0027245 -0.0230491
142
1
2.40111 5.57073 -0.787789
-0.0224175 -0.00296227 -0.0250867
143
1
2.44439 5.57844 -0.737196
-0.0220264 -0.00402399 -0.0267493
144
1
2.48582 5.58715 -0.683751
-0.0214497 -0.00477667 -0.0280815
145
1
2.52462 5.59656 -0.627966
-0.0200087 -0.00553594 -0.0295284
146
1
2.55989 5.60594 -0.570022
-0.0178895 -0.00586593 -0.0310224
147
1
2.59154 5.61428 -0.510562
-0.0156884 -0.00480146 -0.0317453
148
1
2.61949 5.62047 -0.449838
-0.0135703 -0.00305752 -0.0320965
149
1
2.64352 5.62459 -0.387778
-0.0114353 -0.00183894 -0.0323221
150
1
2.66321 5.62704 -0.324554
-0.00905843 -0.00112786 -0.032578
151
1
2.67836 5.62818 -0.260455
-0.00656481 -0.000192332 -0.0330928
152
1
2.68979 5.62798 -0.19576
-0.00470489 0.000885257 -0.0337006
153
1
2.69803 5.62671 -0.130723
-0.00351858 0.00147792 -0.0338055
154
1
2.70337 5.62539 -0.0654106
-0.00207561 0.00106573 -0.0333382
155
1
2.70527 5.62468 -3.47777e-014
-1.82447e-016 -3.76792e-017 -0.033007
156
1
2.70337 5.62539 0.0654106
0.00207561 -0.00106573 -0.0333382
157
1
2.69803 5.62671 0.130723
0.00351858 -0.00147792 -0.0338055
158
1
2.68979 5.62798 0.19576
0.00470489 -0.000885257 -0.0337006
159
1
2.67836 5.62818 0.260455
0.00656481 0.000192332 -0.0330928
160
1
2.66321 5.62704 0.324554
0.00905843 0.00112786 -0.032578
161
1
2.64352 5.62459 0.387778
0.0114353 0.00183894 -0.0323221
162
1
2.61949 5.62047 0.449838
0.0135703 0.00305752 -0.0320965
163
1
2.59154 5.61428 0.510562
0.0156884 0.00480146 -0.0317453
164
1
2.55989 5.60594 0.570022
0.0178895 0.00586593 -0.0310224
165
1
2.52462 5.59656 0.627966
0.0200087 0.00553594 -0.0295284
166
1
2.48582 5.58715 0.683751
0.0214497 0.00477667 -0.0280815
167
1
2.44439 5.57844 0.737196
0.0220264 0.00402399 -0.0267493
168
1
2.40111 5.57073 0.787789
0.0224175 0.00296227 -0.0250867
169
1
2.35693 5.56349 0.834957
0.0227136 0.0027245 -0.0230491
170
1
2.31243 5.55621 0.878898
0.0231044 0.00334218 -0.0211453
171
1
2.26691 5.54921 0.91982
0.0238747 0.00333796 -0.0197325
172
1
2.21984 5.54312 0.95781
0.0248403 0.00287299 -0.0184129
173
1
2.17106 5.5376 0.992982
0.0256107 0.0028532 -0.0167116
174
1
2.12058 5.53278 1.02526
0.0259264 0.00265115 -0.0148358
175
1
2.06898 5.52843 1.05423
0.0253875 0.00181716 -0.0132252
176
1
2.01721 5.52452 1.07984
0.0247072 0.00142421 -0.0119198
177
1
1.96566 5.52075 1.10298
0.0251126 0.00189803 -0.0108089
178
1
1.91376 5.51665 1.12445
0.0262049 0.00236665 -0.010018
179
1
1.8609 5.51238 1.14416
0.0267775 0.00248355 -0.00977015
180
1
1.80704 5.5086 1.16153
0.0268583 0.00279126 -0.0090175
181
1
1.75241 5.50544 1.17612
0.0271643 0.00278902 -0.00739984
182
1
1.69735 5.50305 1.18755
0.0273796 0.00191053 -0.00628348
183
1
1.64209 5.50157 1.19552
0.0271666 0.000733189 -0.00496305
184
1
1.58656 5.50141 1.20001
0.0275291 -0.000550669 -0.00224066
185
1
1.53063 5.50294 1.20156
0.0282385 -0.00170981 0.000539543
186
1
1.47435 5.50715 1.20024
0.0277392 -0.00272423 0.00208469
187
1
1.41769 5.51572 1.19579
0.0277833 -0.00499061 0.00354089
188
1
1.36056 5.52949 1.18795
0.0288801 -0.00817797 0.00526946
189
1
1.30367 5.54814 1.17633
0.0280538 -0.0103461 0.00684878
190
1
1.24699 5.57135 1.16068
0.027617 -0.0128326 0.0082217
191
1
1.19078 5.59874 1.14054
0.0282744 -0.0152823 0.0102937
192
1
1.13597 5.62932 1.11454
0.027042 -0.016575 0.0130142
193
1
1.08173 5.66259 1.08009
0.0276278 -0.0194141 0.0179153
