194
0
1
1.21474 8.613 0.666602
0.0558472 0.0141249 0.00450476
1
1
1.10677 8.58368 0.654338
0.0545637 0.0156055 0.00905746
2
1
0.994208 8.54974 0.628486
0.0575284 0.018593 0.0166702
3
1
0.879119 8.51373 0.587893
0.0577368 0.0203999 0.0240539
4
1
0.758479 8.47422 0.533614
0.0600429 0.0207818 0.0295549
5
1
0.63368 8.42448 0.462505
0.0617917 0.0268896 0.0391228
6
1
0.495002 8.35717 0.370891
0.0574098 0.0279847 0.0428992
7
1
0.339538 8.28715 0.204031
0.0394105 0.018401 0.0640419
8
1
0.503537 6.69241 0.0613501
-0.00135462 0.0468993 -0.00998106
9
1
0.0482444 11.7233 0.456528
0.000778113 -0.0242704 -0.0740418
10
1
-0.0482444 11.7233 0.456528
0.000778114 0.0242704 0.0740418
11
1
-0.503537 6.69241 0.0613446
-0.00135462 -0.0468991 0.00998169
12
1
-0.339538 8.28715 0.204031
0.0394105 -0.018401 -0.0640419
13
1
-0.495002 8.35717 0.370891
0.0574098 -0.0279847 -0.0428992
14
1
-0.63368 8.42448 0.462505
0.0617917 -0.0268896 -0.0391228
15
1
-0.758479 8.47422 0.533614
0.0600429 -0.0207818 -0.0295549
16
1
-0.879119 8.51373 0.587893
0.0577368 -0.0203999 -0.0240539
17
1
-0.994208 8.54974 0.628486
0.0575284 -0.018593 -0.0166702
18
1
-1.10677 8.58368 0.654338
0.0545637 -0.0156055 -0.00905746
19
1
-1.21474 8.613 0.666602
0.0558472 -0.0141249 -0.00450476
20
1
-1.31581 8.63607 0.669174
0.0481884 -0.00906717 0.000173967
21
1
-1.41019 8.65451 0.665409
0.0448422 -0.00803218 0.00270257
22
1
-1.49767 8.67102 0.656352
0.0434711 -0.0078332 0.00695355
23
1
-1.5817 8.68696 0.6416
0.0393806 -0.00699739 0.0101144
24
1
-1.66229 8.70243 0.622266
0.0388649 -0.00712297 0.0105888
25
1
-1.73968 8.71715 0.600854
0.0391278 -0.00758773 0.0111169
26
1
-1.8144 8.73107 0.579192
0.0348997 -0.00736817 0.0104017
27
1
-1.88589 8.7439 0.559159
0.0330297 -0.00685517 0.00943684
28
1
-1.95552 8.7555 0.541802
0.0345538 -0.00610172 0.0087946
29
1
-2.02477 8.76631 0.526918
0.0347352 -0.00540707 0.00762302
30
1
-2.09284 8.7771 0.514891
0.0337918 -0.00529475 0.0055135
31
1
-2.15972 8.78833 0.506263
0.0332265 -0.00555846 0.00382069
32
1
-2.22507 8.80003 0.501424
0.0322822 -0.00542749 0.00180358
33
1
-2.28806 8.81204 0.50031
0.0315879 -0.00556425 -0.000646073
34
1
-2.34881 8.82476 0.502446
0.0304964 -0.00673988 -0.00245364
35
1
-2.40711 8.83859 0.507314
0.0277198 -0.00758302 -0.00405755
36
1
-2.46214 8.85396 0.514092
0.0256023 -0.00755402 -0.00532496
37
1
-2.51502 8.87101 0.521056
0.0253657 -0.00865235 -0.00490077
38
1
-2.56653 8.89008 0.527466
0.0247677 -0.0101974 -0.00421595
39
1
-2.61602 8.9117 0.532725
0.0230677 -0.010543 -0.00466151
40
1
-2.66299 8.93524 0.535737
0.0225045 -0.0120976 -0.002971
41
1
-2.70778 8.96016 0.535388
0.0221486 -0.0142796 0.000654638
42
1
-2.75115 8.98522 0.531757
0.0203535 -0.0134363 0.00182641
43
1
-2.79359 9.00942 0.523659
0.019773 -0.0121682 0.00315218
44
1
-2.83532 9.03295 0.509735
0.0207279 -0.0123903 0.00869588
45
1
-2.87699 9.05621 0.490204
0.0208076 -0.0126639 0.0135131
46
1
-2.91884 9.07871 0.466032
0.0208571 -0.0114881 0.0132089
47
1
-2.96181 9.09905 0.438528
0.0222197 -0.00858833 0.0150734
48
1
-3.00571 9.11565 0.407124
0.023625 -0.00659875 0.0199636
49
1
-3.04807 9.12934 0.373083
0.0227935 -0.00545863 0.0202815
50
1
-3.08786 9.14111 0.337462
0.0197541 -0.00479522 0.0173481
51
1
-3.12477 9.15216 0.299849
0.0181147 -0.00525248 0.018362
52
1
-3.15885 9.16307 0.259899
0.019157 -0.00610106 0.0223397
53
1
-3.18967 9.17404 0.21754
0.0184389 -0.00757849 0.0243312
54
1
-3.216 9.18438 0.174156
0.0147549 -0.00773105 0.0228769
55
1
-3.2362 9.19309 0.130646
0.010485 -0.00584668 0.0219452
56
1
-3.24942 9.19953 0.0872542
0.00587379 -0.00281236 0.0220585
57
1
-3.2571 9.20276 0.0435557
0.00155217 -0.000887761 0.0219903
58
1
-3.25968 9.20318 -1.40472e-009
2.73513e-011 5.16378e-011 0.0219098
59
1
-3.2571 9.20276 -0.0435557
-0.00155217 0.000887761 0.0219903
60
1
-3.24942 9.19953 -0.0872542
-0.00587379 0.00281236 0.0220585
61
1
-3.2362 9.19309 -0.130646
-0.010485 0.00584668 0.0219452
62
1
-3.216 9.18438 -0.174156
-0.0147549 0.00773105 0.0228769
63
1
-3.18967 9.17404 -0.21754
-0.0184389 0.00757849 0.0243312
64
1
-3.15885 9.16307 -0.259899
-0.019157 0.00610106 0.0223397
65
1
-3.12477 9.15216 -0.299849
-0.0181147 0.00525248 0.018362
66
1
-3.08786 9.14111 -0.337462
-0.0197541 0.00479522 0.0173481
67
1
-3.04807 9.12934 -0.373083
-0.0227935 0.00545863 0.0202815
68
1
-3.00571 9.11565 -0.407124
-0.023625 0.00659875 0.0199636
69
1
-2.96181 9.09905 -0.438529
-0.0222197 0.00858833 0.0150734
70
1
-2.91884 9.07871 -0.466032
-0.0208571 0.0114881 0.0132089
71
1
-2.87699 9.05621 -0.490204
-0.0208076 0.0126639 0.0135131
72
1
-2.83532 9.03295 -0.509735
-0.0207279 0.0123903 0.00869588
73
1
-2.79359 9.00942 -0.523659
-0.019773 0.0121682 0.00315218
74
1
-2.75115 8.98522 -0.531757
-0.0203535 0.0134363 0.00182641
75
1
-2.70778 8.96016 -0.535388
-0.0221486 0.0142796 0.000654638
76
1
-2.66299 8.93524 -0.535737
-0.0225045 0.0120976 -0.002971
77
1
-2.61602 8.9117 -0.532725
-0.0230677 0.010543 -0.00466151
78
1
-2.56653 8.89008 -0.527466
-0.0247677 0.0101974 -0.00421595
79
1
-2.51502 8.87101 -0.521056
-0.0253657 0.00865235 -0.00490077
80
1
-2.46214 8.85396 -0.514092
-0.0256023 0.00755402 -0.00532496
81
1
-2.40711 8.83859 -0.507314
-0.0277198 0.00758302 -0.00405755
82
1
-2.34881 8.82476 -0.502446
-0.0304964 0.00673988 -0.00245364
83
1
-2.28806 8.81204 -0.50031
-0.0315879 0.00556425 -0.000646073
84
1
-2.22507 8.80003 -0.501424
-0.0322822 0.00542749 0.00180358
85
1
-2.15972 8.78833 -0.506263
-0.0332265 0.00555846 0.00382069
86
1
-2.09284 8.7771 -0.514891
-0.0337918 0.00529475 0.0055135
87
1
-2.02477 8.76631 -0.526918
-0.0347352 0.00540707 0.00762302
88
1
-1.95552 8.7555 -0.541802
-0.0345538 0.00610172 0.0087946
89
1
-1.88589 8.7439 -0.559159
-0.0330297 0.00685517 0.00943684
90
1
-1.8144 8.73107 -0.579192
-0.0348997 0.00736817 0.0104017
91
1
-1.73968 8.71715 -0.600854
-0.0391278 0.00758773 0.0111169
92
1
-1.66229 8.70243 -0.622266
-0.0388649 0.00712297 0.0105888
93
1
-1.5817 8.68696 -0.6416
-0.0393806 0.00699739 0.0101144
94
1
-1.49767 8.67102 -0.656352
-0.0434711 0.0078332 0.00695356
95
1
-1.41019 8.65451 -0.665409
-0.0448422 0.00803218 0.00270257
96
1
-1.31581 8.63607 -0.669174
-0.0481884 0.00906718 0.000173968
97
1
-1.21474 8.613 -0.666602
-0.0558472 0.0141249 -0.00450476
98
1
-1.10677 8.58368 -0.654338
-0.0545637 0.0156055 -0.00905746
99
1
-0.994208 8.54974 -0.628486
-0.0575284 0.018593 -0.0166702
100
1
-0.879119 8.51373 -0.587893
-0.0577368 0.0203999 -0.0240539
101
1
-0.758479 8.47422 -0.533614
-0.0600429 0.0207818 -0.0295549
102
1
-0.63368 8.42448 -0.462505
-0.0617917 0.0268896 -0.0391228
103
1
-0.495002 8.35717 -0.370891
-0.0574098 0.0279847 -0.0428992
104
1
-0.339538 8.28715 -0.204031
-0.0394105 0.018401 -0.0640419
105
1
-0.503537 6.69241 -0.0613496
0.0013546 0.0468993 0.00998108
106
1
-0.0482444 11.7233 -0.456528
-0.000778113 -0.0242704 0.0740418
107
1
0.0482444 11.7233 -0.456528
-0.000778114 0.0242704 -0.0740418
108
1
0.503537 6.69241 -0.0613441
0.0013546 -0.046899 -0.0099817
109
1
0.339538 8.28715 -0.204031
-0.0394105 -0.018401 0.0640419
110
1
0.495002 8.35717 -0.370891
-0.0574098 -0.0279847 0.0428992
111
1
0.63368 8.42448 -0.462505
-0.0617917 -0.0268896 0.0391228
112
1
0.758479 8.47422 -0.533614
-0.0600429 -0.0207818 0.0295549
113
1
0.879119 8.51373 -0.587893
-0.0577368 -0.0203999 0.0240539
114
1
0.994208 8.54974 -0.628486
-0.0575284 -0.018593 0.0166702
115
1
1.10677 8.58368 -0.654338
-0.0545637 -0.0156055 0.00905746
116
1
1.21474 8.613 -0.666602
-0.0558472 -0.0141249 0.00450476
117
1
1.31581 8.63607 -0.669174
-0.0481884 -0.00906717 -0.000173967
118
1
1.41019 8.65451 -0.665409
-0.0448422 -0.00803218 -0.00270257
119
1
1.49767 8.67102 -0.656352
-0.0434711 -0.0078332 -0.00695355
120
1
1.5817 8.68696 -0.6416
-0.0393806 -0.00699739 -0.0101144
121
1
1.66229 8.70243 -0.622266
-0.0388649 -0.00712297 -0.0105888
122
1
1.73968 8.71715 -0.600854
-0.0391278 -0.00758773 -0.0111169
123
1
1.8144 8.73107 -0.579192
-0.0348997 -0.00736817 -0.0104017
124
1
1.88589 8.7439 -0.559159
-0.0330297 -0.00685517 -0.00943684
125
1
1.95552 8.7555 -0.541802
-0.0345538 -0.00610172 -0.0087946
126
1
2.02477 8.76631 -0.526918
-0.0347352 -0.00540707 -0.00762302
127
1
2.09284 8.7771 -0.514891
-0.0337918 -0.00529475 -0.0055135
128
1
2.15972 8.78833 -0.506263
-0.0332265 -0.00555846 -0.00382069
129
1
2.22507 8.80003 -0.501424
-0.0322822 -0.00542749 -0.00180358
130
1
2.28806 8.81204 -0.50031
-0.0315879 -0.00556425 0.000646073
131
1
2.34881 8.82476 -0.502446
-0.0304964 -0.00673988 0.00245364
132
1
2.40711 8.83859 -0.507314
-0.0277198 -0.00758302 0.00405755
133
1
2.46214 8.85396 -0.514092
-0.0256023 -0.00755402 0.00532496
134
1
2.51502 8.87101 -0.521056
-0.0253657 -0.00865235 0.00490077
135
1
2.56653 8.89008 -0.527466
-0.0247677 -0.0101974 0.00421595
136
1
2.61602 8.9117 -0.532725
-0.0230677 -0.010543 0.00466151
137
1
2.66299 8.93524 -0.535737
-0.0225045 -0.0120976 0.002971
138
1
2.70778 8.96016 -0.535388
-0.0221486 -0.0142796 -0.000654638
139
1
2.75115 8.98522 -0.531757
-0.0203535 -0.0134363 -0.00182641
140
1
2.79359 9.00942 -0.523659
-0.019773 -0.0121682 -0.00315218
141
1
2.83532 9.03295 -0.509735
-0.0207279 -0.0123903 -0.00869588
142
1
2.87699 9.05621 -0.490204
-0.0208076 -0.0126639 -0.0135131
143
1
2.91884 9.07871 -0.466032
-0.0208571 -0.0114881 -0.0132089
144
1
2.96181 9.09905 -0.438528
-0.0222197 -0.00858833 -0.0150734
145
1
3.00571 9.11565 -0.407124
-0.023625 -0.00659875 -0.0199636
146
1
3.04807 9.12934 -0.373083
-0.0227935 -0.00545863 -0.0202815
147
1
3.08786 9.14111 -0.337462
-0.0197541 -0.00479522 -0.0173481
148
1
3.12477 9.15216 -0.299849
-0.0181147 -0.00525248 -0.018362
149
1
3.15885 9.16307 -0.259899
-0.019157 -0.00610106 -0.0223397
150
1
3.18967 9.17404 -0.21754
-0.0184389 -0.00757849 -0.0243312
151
1
3.216 9.18438 -0.174156
-0.0147549 -0.00773105 -0.0228769
152
1
3.2362 9.19309 -0.130646
-0.010485 -0.00584668 -0.0219452
153
1
3.24942 9.19953 -0.0872542
-0.00587379 -0.00281236 -0.0220585
154
1
3.2571 9.20276 -0.0435557
-0.00155217 -0.000887761 -0.0219903
155
1
3.25968 9.20318 2.65029e-009
-3.65447e-011 7.03282e-011 -0.0219098
156
1
3.2571 9.20276 0.0435557
0.00155217 0.000887761 -0.0219903
157
1
3.24942 9.19953 0.0872542
0.00587379 0.00281236 -0.0220585
158
1
3.2362 9.19309 0.130646
0.010485 0.00584668 -0.0219452
159
1
3.216 9.18438 0.174156
0.0147549 0.00773105 -0.0228769
160
1
3.18967 9.17404 0.21754
0.0184389 0.00757849 -0.0243312
161
1
3.15885 9.16307 0.259899
0.019157 0.00610106 -0.0223397
162
1
3.12477 9.15216 0.299849
0.0181147 0.00525248 -0.018362
163
1
3.08786 9.14111 0.337462
0.0197541 0.00479522 -0.0173481
164
1
3.04807 9.12934 0.373083
0.0227935 0.00545863 -0.0202815
165
1
3.00571 9.11565 0.407124
0.023625 0.00659875 -0.0199636
166
1
2.96181 9.09905 0.438529
0.0222197 0.00858833 -0.0150734
167
1
2.91884 9.07871 0.466032
0.0208571 0.0114881 -0.0132089
168
1
2.87699 9.05621 0.490204
0.0208076 0.0126639 -0.0135131
169
1
2.83532 9.03295 0.509735
0.0207279 0.0123903 -0.00869588
170
1
2.79359 9.00942 0.523659
0.019773 0.0121682 -0.00315218
171
1
2.75115 8.98522 0.531757
0.0203535 0.0134363 -0.00182641
172
1
2.70778 8.96016 0.535388
0.0221486 0.0142796 -0.000654638
173
1
2.66299 8.93524 0.535737
0.0225045 0.0120976 0.002971
174
1
2.61602 8.9117 0.532725
0.0230677 0.010543 0.00466151
175
1
2.56653 8.89008 0.527466
0.0247677 0.0101974 0.00421595
176
1
2.51502 8.87101 0.521056
0.0253657 0.00865235 0.00490077
177
1
2.46214 8.85396 0.514092
0.0256023 0.00755402 0.00532496
178
1
2.40711 8.83859 0.507314
0.0277198 0.00758302 0.00405755
179
1
2.34881 8.82476 0.502446
0.0304964 0.00673988 0.00245364
180
1
2.28806 8.81204 0.50031
0.0315879 0.00556425 0.000646073
181
1
2.22507 8.80003 0.501424
0.0322822 0.00542749 -0.00180358
182
1
2.15972 8.78833 0.506263
0.0332265 0.00555846 -0.00382069
183
1
2.09284 8.7771 0.514891
0.0337918 0.00529475 -0.0055135
184
1
2.02477 8.76631 0.526918
0.0347352 0.00540707 -0.00762302
185
1
1.95552 8.7555 0.541802
0.0345538 0.00610172 -0.0087946
186
1
1.88589 8.7439 0.559159
0.0330297 0.00685517 -0.00943684
187
1
1.8144 8.73107 0.579192
0.0348997 0.00736817 -0.0104017
188
1
1.73968 8.71715 0.600854
0.0391278 0.00758773 -0.0111169
189
1
1.66229 8.70243 0.622266
0.0388649 0.00712297 -0.0105888
190
1
1.5817 8.68696 0.6416
0.0393806 0.00699739 -0.0101144
191
1
1.49767 8.67102 0.656352
0.0434711 0.0078332 -0.00695356
192
1
1.41019 8.65451 0.665409
0.0448422 0.00803219 -0.00270257
193
1
1.31581 8.63607 0.669174
0.0481884 0.00906718 -0.000173969
