194
0
1
0.945138 3.33911 0.949065
0.0357592 -0.0232689 -0.0228688
1
1
0.871923 3.38436 0.990834
0.0393222 -0.0221576 -0.0216521
2
1
0.791116 3.42778 1.03088
0.0422941 -0.0212012 -0.0199011
3
1
0.703144 3.46851 1.06782
0.0462415 -0.0195682 -0.0175936
4
1
0.608187 3.50506 1.10095
0.0489622 -0.0167127 -0.0155426
5
1
0.506938 3.53651 1.12946
0.0516292 -0.0137372 -0.013235
6
1
0.400306 3.5617 1.15335
0.0543793 -0.0101891 -0.0111558
7
1
0.28921 3.58029 1.17192
0.0565099 -0.00714392 -0.00776157
8
1
0.174763 3.59263 1.18413
0.0578442 -0.00449831 -0.00406822
9
1
0.0584661 3.5991 1.19032
0.0584805 -0.00169682 -0.0013721
10
1
-0.0584661 3.5991 1.19032
0.0584805 0.00169682 0.0013721
11
1
-0.174763 3.59263 1.18413
0.0578442 0.00449831 0.00406822
12
1
-0.28921 3.58029 1.17192
0.0565099 0.00714392 0.00776157
13
1
-0.400306 3.5617 1.15335
0.0543793 0.0101891 0.0111558
14
1
-0.506938 3.53651 1.12946
0.0516292 0.0137372 0.013235
15
1
-0.608187 3.50506 1.10095
0.0489622 0.0167127 0.0155426
16
1
-0.703144 3.46851 1.06782
0.0462415 0.0195682 0.0175936
17
1
-0.791116 3.42778 1.03088
0.0422941 0.0212012 0.0199011
18
1
-0.871923 3.38436 0.990834
0.0393222 0.0221576 0.0216521
19
1
-0.945138 3.33911 0.949065
0.0357592 0.0232689 0.0228688
20
1
-1.0102 3.29276 0.906988
0.030913 0.0235271 0.0222252
21
1
-1.06753 3.24482 0.865813
0.0271131 0.0242709 0.0208903
22
1
-1.1175 3.19533 0.826623
0.0232231 0.0252203 0.0192443
23
1
-1.16102 3.14414 0.789595
0.0198065 0.0257622 0.0183692
24
1
-1.19861 3.09198 0.754848
0.0168868 0.0263941 0.01702
25
1
-1.23076 3.03892 0.722292
0.0142388 0.026869 0.0160016
26
1
-1.25813 2.98508 0.692235
0.0115971 0.0267518 0.015168
27
1
-1.28162 2.93116 0.664809
0.00971513 0.0266122 0.0137287
28
1
-1.30162 2.87708 0.640586
0.00836878 0.0268348 0.0118216
29
1
-1.31926 2.82292 0.620602
0.00718554 0.0267784 0.00970785
30
1
-1.33585 2.76926 0.605077
0.00669499 0.0263466 0.00726331
31
1
-1.35234 2.71644 0.59382
0.00700527 0.0259841 0.00452452
32
1
-1.36934 2.66449 0.586725
0.00763658 0.0257162 0.0019605
33
1
-1.38774 2.61359 0.583569
0.00847388 0.0252762 -3.35974e-005
34
1
-1.40837 2.56409 0.583436
0.0095952 0.0246066 -0.00146986
35
1
-1.43122 2.51628 0.585268
0.0105546 0.0234964 -0.0025715
36
1
-1.45598 2.47042 0.588471
0.0111566 0.022055 -0.00354994
37
1
-1.48278 2.42659 0.592629
0.0122323 0.0208405 -0.00407797
38
1
-1.51222 2.38465 0.596426
0.0142776 0.0201004 -0.00330896
39
1
-1.54431 2.34425 0.597934
0.0164934 0.0196025 -0.000983109
40
1
-1.57821 2.30506 0.595857
0.0179791 0.0189605 0.00192412
41
1
-1.61337 2.2672 0.589848
0.0187692 0.0179705 0.00439137
42
1
-1.64955 2.23083 0.579747
0.0192758 0.0167892 0.00638573
43
1
-1.68715 2.19634 0.565435
0.0198559 0.0158254 0.00847962
44
1
-1.72611 2.16359 0.546136
0.0205384 0.0153329 0.0110445
45
1
-1.76608 2.132 0.521714
0.0211127 0.0152793 0.0136983
46
1
-1.80626 2.10087 0.492896
0.021312 0.0154402 0.0156863
47
1
-1.846 2.06976 0.461323
0.0211549 0.0156731 0.0167418
48
1
-1.8848 2.03898 0.428057
0.0207197 0.0158272 0.0171729
49
1
-1.92193 2.0091 0.393382
0.019909 0.0157074 0.0175389
50
1
-1.95638 1.98101 0.357003
0.0184082 0.0151116 0.018138
51
1
-1.98753 1.95544 0.318594
0.0164554 0.013845 0.0192712
52
1
-2.01486 1.93259 0.277671
0.0143936 0.0118732 0.0207394
53
1
-2.03786 1.913 0.234225
0.0123608 0.00964898 0.0221305
54
1
-2.05645 1.89673 0.188972
0.01023 0.00749302 0.0232128
55
1
-2.07062 1.88372 0.142527
0.00777344 0.0053304 0.0239793
56
1
-2.08046 1.87391 0.0953734
0.00503559 0.00317338 0.024318
57
1
-2.08602 1.86776 0.0477721
0.00238476 0.00133059 0.0242111
58
1
-2.08789 1.86569 -2.78195e-015
1.44755e-016 1.08246e-016 0.0240805
59
1
-2.08602 1.86776 -0.0477721
-0.00238476 -0.00133059 0.0242111
60
1
-2.08046 1.87391 -0.0953734
-0.00503559 -0.00317338 0.024318
61
1
-2.07062 1.88372 -0.142527
-0.00777344 -0.0053304 0.0239793
62
1
-2.05645 1.89673 -0.188972
-0.01023 -0.00749302 0.0232128
63
1
-2.03786 1.913 -0.234225
-0.0123608 -0.00964898 0.0221305
64
1
-2.01486 1.93259 -0.277671
-0.0143936 -0.0118732 0.0207394
65
1
-1.98753 1.95544 -0.318594
-0.0164554 -0.013845 0.0192712
66
1
-1.95638 1.98101 -0.357003
-0.0184082 -0.0151116 0.018138
67
1
-1.92193 2.0091 -0.393382
-0.019909 -0.0157074 0.0175389
68
1
-1.8848 2.03898 -0.428057
-0.0207197 -0.0158272 0.0171729
69
1
-1.846 2.06976 -0.461323
-0.0211549 -0.0156731 0.0167418
70
1
-1.80626 2.10087 -0.492896
-0.021312 -0.0154402 0.0156863
71
1
-1.76608 2.132 -0.521714
-0.0211127 -0.0152793 0.0136983
72
1
-1.72611 2.16359 -0.546136
-0.0205384 -0.0153329 0.0110445
73
1
-1.68715 2.19634 -0.565435
-0.0198559 -0.0158254 0.00847962
74
1
-1.64955 2.23083 -0.579747
-0.0192758 -0.0167892 0.00638573
75
1
-1.61337 2.2672 -0.589848
-0.0187692 -0.0179705 0.00439137
76
1
-1.57821 2.30506 -0.595857
-0.0179791 -0.0189605 0.00192412
77
1
-1.54431 2.34425 -0.597934
-0.0164934 -0.0196025 -0.000983109
78
1
-1.51222 2.38465 -0.596426
-0.0142776 -0.0201004 -0.00330896
79
1
-1.48278 2.42659 -0.592629
-0.0122323 -0.0208405 -0.00407797
80
1
-1.45598 2.47042 -0.588471
-0.0111566 -0.022055 -0.00354994
81
1
-1.43122 2.51628 -0.585268
-0.0105546 -0.0234964 -0.0025715
82
1
-1.40837 2.56409 -0.583436
-0.0095952 -0.0246066 -0.00146986
83
1
-1.38774 2.61359 -0.583569
-0.00847388 -0.0252762 -3.35974e-005
84
1
-1.36934 2.66449 -0.586725
-0.00763658 -0.0257162 0.0019605
85
1
-1.35234 2.71644 -0.59382
-0.00700527 -0.0259841 0.00452452
86
1
-1.33585 2.76926 -0.605077
-0.00669499 -0.0263466 0.00726331
87
1
-1.31926 2.82292 -0.620602
-0.00718554 -0.0267784 0.00970785
88
1
-1.30162 2.87708 -0.640586
-0.00836878 -0.0268348 0.0118216
89
1
-1.28162 2.93116 -0.664809
-0.00971513 -0.0266122 0.0137287
90
1
-1.25813 2.98508 -0.692235
-0.0115971 -0.0267518 0.015168
91
1
-1.23076 3.03892 -0.722292
-0.0142388 -0.026869 0.0160016
92
1
-1.19861 3.09198 -0.754848
-0.0168868 -0.0263941 0.01702
93
1
-1.16102 3.14414 -0.789595
-0.0198065 -0.0257622 0.0183692
94
1
-1.1175 3.19533 -0.826623
-0.0232231 -0.0252203 0.0192443
95
1
-1.06753 3.24482 -0.865813
-0.0271131 -0.0242709 0.0208903
96
1
-1.0102 3.29276 -0.906988
-0.030913 -0.0235271 0.0222252
97
1
-0.945138 3.33911 -0.949065
-0.0357592 -0.0232689 0.0228688
98
1
-0.871923 3.38436 -0.990834
-0.0393222 -0.0221576 0.0216521
99
1
-0.791116 3.42778 -1.03088
-0.0422941 -0.0212012 0.0199011
100
1
-0.703144 3.46851 -1.06782
-0.0462415 -0.0195682 0.0175936
101
1
-0.608187 3.50506 -1.10095
-0.0489622 -0.0167127 0.0155426
102
1
-0.506938 3.53651 -1.12946
-0.0516292 -0.0137372 0.013235
103
1
-0.400306 3.5617 -1.15335
-0.0543793 -0.0101891 0.0111558
104
1
-0.28921 3.58029 -1.17192
-0.0565099 -0.00714392 0.00776157
105
1
-0.174763 3.59263 -1.18413
-0.0578442 -0.00449831 0.00406822
106
1
-0.0584661 3.5991 -1.19032
-0.0584805 -0.00169682 0.0013721
107
1
0.0584661 3.5991 -1.19032
-0.0584805 0.00169682 -0.0013721
108
1
0.174763 3.59263 -1.18413
-0.0578442 0.00449831 -0.00406822
109
1
0.28921 3.58029 -1.17192
-0.0565099 0.00714392 -0.00776157
110
1
0.400306 3.5617 -1.15335
-0.0543793 0.0101891 -0.0111558
111
1
0.506938 3.53651 -1.12946
-0.0516292 0.0137372 -0.013235
112
1
0.608187 3.50506 -1.10095
-0.0489622 0.0167127 -0.0155426
113
1
0.703144 3.46851 -1.06782
-0.0462415 0.0195682 -0.0175936
114
1
0.791116 3.42778 -1.03088
-0.0422941 0.0212012 -0.0199011
115
1
0.871923 3.38436 -0.990834
-0.0393222 0.0221576 -0.0216521
116
1
0.945138 3.33911 -0.949065
-0.0357592 0.0232689 -0.0228688
117
1
1.0102 3.29276 -0.906988
-0.030913 0.0235271 -0.0222252
118
1
1.06753 3.24482 -0.865813
-0.0271131 0.0242709 -0.0208903
119
1
1.1175 3.19533 -0.826623
-0.0232231 0.0252203 -0.0192443
120
1
1.16102 3.14414 -0.789595
-0.0198065 0.0257622 -0.0183692
121
1
1.19861 3.09198 -0.754848
-0.0168868 0.0263941 -0.01702
122
1
1.23076 3.03892 -0.722292
-0.0142388 0.026869 -0.0160016
123
1
1.25813 2.98508 -0.692235
-0.0115971 0.0267518 -0.015168
124
1
1.28162 2.93116 -0.664809
-0.00971513 0.0266122 -0.0137287
125
1
1.30162 2.87708 -0.640586
-0.00836878 0.0268348 -0.0118216
126
1
1.31926 2.82292 -0.620602
-0.00718554 0.0267784 -0.00970785
127
1
1.33585 2.76926 -0.605077
-0.00669499 0.0263466 -0.00726331
128
1
1.35234 2.71644 -0.59382
-0.00700527 0.0259841 -0.00452452
129
1
1.36934 2.66449 -0.586725
-0.00763658 0.0257162 -0.0019605
130
1
1.38774 2.61359 -0.583569
-0.00847388 0.0252762 3.35974e-005
131
1
1.40837 2.56409 -0.583436
-0.0095952 0.0246066 0.00146986
132
1
1.43122 2.51628 -0.585268
-0.0105546 0.0234964 0.0025715
133
1
1.45598 2.47042 -0.588471
-0.0111566 0.022055 0.00354994
134
1
1.48278 2.42659 -0.592629
-0.0122323 0.0208405 0.00407797
135
1
1.51222 2.38465 -0.596426
-0.0142776 0.0201004 0.00330896
136
1
1.54431 2.34425 -0.597934
-0.0164934 0.0196025 0.000983109
137
1
1.57821 2.30506 -0.595857
-0.0179791 0.0189605 -0.00192412
138
1
1.61337 2.2672 -0.589848
-0.0187692 0.0179705 -0.00439137
139
1
1.64955 2.23083 -0.579747
-0.0192758 0.0167892 -0.00638573
140
1
1.68715 2.19634 -0.565435
-0.0198559 0.0158254 -0.00847962
141
1
1.72611 2.16359 -0.546136
-0.0205384 0.0153329 -0.0110445
142
1
1.76608 2.132 -0.521714
-0.0211127 0.0152793 -0.0136983
143
1
1.80626 2.10087 -0.492896
-0.021312 0.0154402 -0.0156863
144
1
1.846 2.06976 -0.461323
-0.0211549 0.0156731 -0.0167418
145
1
1.8848 2.03898 -0.428057
-0.0207197 0.0158272 -0.0171729
146
1
1.92193 2.0091 -0.393382
-0.019909 0.0157074 -0.0175389
147
1
1.95638 1.98101 -0.357003
-0.0184082 0.0151116 -0.018138
148
1
1.98753 1.95544 -0.318594
-0.0164554 0.013845 -0.0192712
149
1
2.01486 1.93259 -0.277671
-0.0143936 0.0118732 -0.0207394
150
1
2.03786 1.913 -0.234225
-0.0123608 0.00964898 -0.0221305
151
1
2.05645 1.89673 -0.188972
-0.01023 0.00749302 -0.0232128
152
1
2.07062 1.88372 -0.142527
-0.00777344 0.0053304 -0.0239793
153
1
2.08046 1.87391 -0.0953734
-0.00503559 0.00317338 -0.024318
154
1
2.08602 1.86776 -0.0477721
-0.00238476 0.00133059 -0.0242111
155
1
2.08789 1.86569 -2.94427e-015
1.33284e-016 2.82361e-016 -0.0240805
156
1
2.08602 1.86776 0.0477721
0.00238476 -0.00133059 -0.0242111
157
1
2.08046 1.87391 0.0953734
0.00503559 -0.00317338 -0.024318
158
1
2.07062 1.88372 0.142527
0.00777344 -0.0053304 -0.0239793
159
1
2.05645 1.89673 0.188972
0.01023 -0.00749302 -0.0232128
160
1
2.03786 1.913 0.234225
0.0123608 -0.00964898 -0.0221305
161
1
2.01486 1.93259 0.277671
0.0143936 -0.0118732 -0.0207394
162
1
1.98753 1.95544 0.318594
0.0164554 -0.013845 -0.0192712
163
1
1.95638 1.98101 0.357003
0.0184082 -0.0151116 -0.018138
164
1
1.92193 2.0091 0.393382
0.019909 -0.0157074 -0.0175389
165
1
1.8848 2.03898 0.428057
0.0207197 -0.0158272 -0.0171729
166
1
1.846 2.06976 0.461323
0.0211549 -0.0156731 -0.0167418
167
1
1.80626 2.10087 0.492896
0.021312 -0.0154402 -0.0156863
168
1
1.76608 2.132 0.521714
0.0211127 -0.0152793 -0.0136983
169
1
1.72611 2.16359 0.546136
0.0205384 -0.0153329 -0.0110445
170
1
1.68715 2.19634 0.565435
0.0198559 -0.0158254 -0.00847962
171
1
1.64955 2.23083 0.579747
0.0192758 -0.0167892 -0.00638573
172
1
1.61337 2.2672 0.589848
0.0187692 -0.0179705 -0.00439137
173
1
1.57821 2.30506 0.595857
0.0179791 -0.0189605 -0.00192412
174
1
1.54431 2.34425 0.597934
0.0164934 -0.0196025 0.000983109
175
1
1.51222 2.38465 0.596426
0.0142776 -0.0201004 0.00330896
176
1
1.48278 2.42659 0.592629
0.0122323 -0.0208405 0.00407797
177
1
1.45598 2.47042 0.588471
0.0111566 -0.022055 0.00354994
178
1
1.43122 2.51628 0.585268
0.0105546 -0.0234964 0.0025715
179
1
1.40837 2.56409 0.583436
0.0095952 -0.0246066 0.00146986
180
1
1.38774 2.61359 0.583569
0.00847388 -0.0252762 3.35974e-005
181
1
1.36934 2.66449 0.586725
0.00763658 -0.0257162 -0.0019605
182
1
1.35234 2.71644 0.59382
0.00700527 -0.0259841 -0.00452452
183
1
1.33585 2.76926 0.605077
0.00669499 -0.0263466 -0.00726331
184
1
1.31926 2.82292 0.620602
0.00718554 -0.0267784 -0.00970785
185
1
1.30162 2.87708 0.640586
0.00836878 -0.0268348 -0.0118216
186
1
1.28162 2.93116 0.664809
0.00971513 -0.0266122 -0.0137287
187
1
1.25813 2.98508 0.692235
0.0115971 -0.0267518 -0.015168
188
1
1.23076 3.03892 0.722292
0.0142388 -0.026869 -0.0160016
189
1
1.19861 3.09198 0.754848
0.0168868 -0.0263941 -0.01702
190
1
1.16102 3.14414 0.789595
0.0198065 -0.0257622 -0.0183692
191
1
1.1175 3.19533 0.826623
0.0232231 -0.0252203 -0.0192443
192
1
1.06753 3.24482 0.865813
0.0271131 -0.0242709 -0.0208903
193
1
1.0102 3.29276 0.906988
0.030913 -0.0235271 -0.0222252
