194
0
1
0.659765 12.995 3.18423
0.0167515 0.0125856 -0.033339
1
1
0.639492 12.9643 3.2568
0.00776023 0.0173441 -0.0286405
2
1
0.615704 12.8999 3.3439
0.00714585 0.0451649 -0.0555543
3
1
0.587638 12.8253 3.42017
0.0141809 0.0386616 -0.0368726
4
1
0.548422 12.7526 3.47274
0.0249677 0.0398619 -0.0151062
5
1
0.498088 12.696 3.50419
0.0130137 0.0112385 -0.00764682
6
1
0.395675 12.6251 3.53085
0.0586253 0.0200257 -0.00363167
7
1
0.185971 12.5574 3.55498
0.0669188 0.0094469 -0.00661804
8
1
0.834565 6.57202 0.0958099
0.0467146 0.0205918 -0.0054628
9
1
0.554143 11.4174 0.961839
-0.0344223 0.0557439 -0.0107431
10
1
-0.485935 11.3509 -0.881651
-0.046691 -0.0126106 0.0319515
11
1
-0.841349 6.57741 0.0137097
0.04386 -0.019723 0.0123308
12
1
-0.1907 12.5589 3.55428
0.0657686 -0.00925348 0.00636834
13
1
-0.392669 12.6282 3.53286
0.0552362 -0.0203174 0.00191223
14
1
-0.487934 12.6992 3.50846
0.0111926 -0.0116437 0.00732904
15
1
-0.534071 12.7541 3.47694
0.0210483 -0.0381456 0.0133489
16
1
-0.569217 12.8242 3.42283
0.0118791 -0.0373754 0.0405362
17
1
-0.595239 12.8937 3.34188
0.00608601 -0.0407617 0.0589404
18
1
-0.617876 12.9518 3.25184
0.00824012 -0.0156665 0.029573
19
1
-0.637857 12.9782 3.17743
0.0166596 -0.011157 0.0335954
20
1
-0.660399 13.0007 3.09608
0.01145 -0.00834949 0.0463311
21
1
-0.676838 13.0218 3.00991
0.00982728 -0.0117762 0.0346005
22
1
-0.682376 13.037 2.90872
0.00308605 -0.000665351 0.0778581
23
1
-0.675985 13.0452 2.81444
-0.0141166 0.00117474 0.034836
24
1
-0.658431 13.0558 2.7451
-0.00149577 -0.00284625 0.00748305
25
1
-0.646311 13.0545 2.68833
-0.00837943 -0.00460202 0.0162564
26
1
-0.625925 13.0589 2.62383
-0.00893186 0.00406298 0.0398157
27
1
-0.614773 13.0593 2.56134
-0.00876249 -0.00308988 0.0537202
28
1
-0.601488 13.064 2.48943
-0.0152804 -0.00232836 0.0400021
29
1
-0.593818 13.069 2.42295
-0.00268883 -0.0012527 0.0289128
30
1
-0.596874 13.0725 2.36596
0.0103174 -0.00318035 0.0202634
31
1
-0.606832 13.0769 2.31521
0.0104666 -0.00358082 0.0163633
32
1
-0.616837 13.0836 2.26499
0.00259495 -0.00232849 0.0125299
33
1
-0.624279 13.0901 2.21404
0.00336983 -0.00693399 0.031575
34
1
-0.629445 13.0954 2.15987
0.00069571 -0.00278752 0.0321185
35
1
-0.633018 13.0982 2.10074
0.000834336 0.00668399 0.0227554
36
1
-0.63729 13.0991 2.03749
0.00183023 0.00357464 0.0381342
37
1
-0.642382 13.1047 1.96919
0.00304315 -0.00899974 0.0499536
38
1
-0.650502 13.1174 1.89958
0.00827141 -0.0098978 0.0356426
39
1
-0.663088 13.1324 1.83269
0.00546977 -0.00270455 0.0192925
40
1
-0.669877 13.1342 1.76435
0.00326757 -0.00186056 0.0353935
41
1
-0.653721 13.1429 1.70079
-0.00881984 -0.00611083 0.0559647
42
1
-0.63224 13.1584 1.63695
-0.0180125 -0.018884 0.0509789
43
1
-0.597672 13.1759 1.57765
-0.015588 -0.0121574 0.0398442
44
1
-0.548605 13.1816 1.51949
-0.0298368 -0.015806 0.0266865
45
1
-0.43996 13.1982 1.41697
-0.0368502 -0.0288704 0.062293
46
1
-0.396767 13.1991 1.32499
0.0270191 0.0391818 -0.0533056
47
1
-0.415992 13.1652 1.30355
-0.0277029 -0.0166706 0.0283731
48
1
-0.447906 13.1569 1.29013
0.00718447 0.00762017 0.0449793
49
1
-0.461468 13.1788 1.24541
-0.0183626 0.0555662 0.0458739
50
1
-0.400946 13.1671 1.21084
-0.0530487 0.0471422 0.0158805
51
1
-0.432797 13.106 1.20268
0.00850089 0.0120277 0.0135502
52
1
-0.437362 13.2246 1.214
0.0148836 -0.0535679 -0.0545968
53
1
-0.308483 13.1514 0.929909
0.0373541 0.00898354 0.0670055
54
1
-0.285209 13.1137 0.572094
-0.0672575 0.000411552 0.039346
55
1
-0.15102 13.1582 0.64855
0.0505555 -0.05907 -0.00516944
56
1
0.49776 15.7185 1.50492
0.0419157 -0.0522002 0.0201848
57
1
-0.110893 13.3718 0.0200045
-0.00265681 -0.0295069 -0.0161497
58
1
-0.0562024 17.0411 -0.0234597
-0.0172639 0.0300285 0.0568293
59
1
-0.10189 13.3634 -0.0489323
0.00614698 0.0313677 -0.0206883
60
1
-0.549872 15.7251 -1.39156
0.0580781 -0.0170532 0.0314822
61
1
-0.190621 12.5871 -0.960979
0.02328 0.00824694 -0.0130777
62
1
-0.204474 12.884 -0.961313
-0.0255833 -0.0544042 0.0495735
63
1
-0.195422 13.1102 -1.25811
-0.0439617 -0.0601636 0.0227938
64
1
-0.105507 12.9201 -1.46048
-0.0069258 -0.0228837 0.0741635
65
1
-0.493597 13.1539 -1.59414
-0.0524574 -0.0283286 -0.0501753
66
1
-0.473648 13.0879 -1.61042
0.0351434 0.0325702 0.061449
67
1
-0.457901 13.0709 -1.59978
0.0230624 0.0394745 0.063101
68
1
-0.477269 13.08 -1.68486
-0.0343269 0.0412903 0.0564679
69
1
-0.48707 13.0946 -1.72034
0.0596882 -0.0224357 -0.0447863
70
1
-0.49646 13.0548 -1.7294
-0.00744312 -0.0151221 0.00333923
71
1
-0.486597 13.0415 -1.72425
-0.0231535 0.0211211 0.0713419
72
1
-0.483288 13.016 -1.77035
-0.0154151 0.00678369 0.0509562
73
1
-0.465699 13.0368 -1.8192
-0.0312571 -0.00264881 0.0510754
74
1
-0.506607 13.061 -1.83662
0.0454585 0.00143895 -0.0524113
75
1
-0.494003 13.1472 -1.87211
0.0192774 -0.0113684 -0.00961818
76
1
-0.472997 13.1567 -1.91107
-0.0125073 -0.00794588 0.020216
77
1
-0.478233 13.1689 -1.94154
-0.00592085 0.00713286 0.0232353
78
1
-0.478673 13.194 -1.9837
0.0048522 0.0181079 0.0412262
79
1
-0.484129 13.1895 -2.04746
0.0116981 0.0126023 0.0409806
80
1
-0.492224 13.1786 -2.10858
0.0071739 -0.00469146 0.0297589
81
1
-0.50252 13.1761 -2.16369
0.00598035 -0.00778915 0.021586
82
1
-0.514039 13.1749 -2.21498
0.00522925 0.00157445 0.0256256
83
1
-0.521275 13.1723 -2.26344
0.00203673 0.00559512 0.0258807
84
1
-0.524556 13.1673 -2.31106
0.000926793 0.00270107 0.0136901
85
1
-0.525213 13.1596 -2.36056
-0.00606922 0.00396085 0.0192398
86
1
-0.526022 13.1521 -2.41248
-0.00533702 0.00391352 0.0234072
87
1
-0.534004 13.1448 -2.46981
0.00852592 0.00337993 0.029388
88
1
-0.55386 13.1342 -2.53252
0.020431 0.00681202 0.0338629
89
1
-0.579941 13.122 -2.59856
0.0179538 0.0101468 0.0441068
90
1
-0.602466 13.1137 -2.6584
0.0171046 0.00139565 0.0399491
91
1
-0.631762 13.1038 -2.71888
0.0110711 0.00601958 0.0172667
92
1
-0.649205 13.0988 -2.77563
0.00242009 0.00359703 0.00813719
93
1
-0.673802 13.0843 -2.84083
0.0160967 0.00283133 0.0329229
94
1
-0.689472 13.0683 -2.92877
0.00424329 0.00560108 0.0684177
95
1
-0.692677 13.047 -3.02161
-0.0075764 0.0131749 0.032637
96
1
-0.680656 13.0215 -3.10498
-0.0104446 0.0117526 0.0467671
97
1
-0.659739 12.995 -3.18421
-0.0167502 0.0125852 0.033339
98
1
-0.63947 12.9643 -3.25678
-0.00775905 0.0173439 0.0286407
99
1
-0.615685 12.8999 -3.34389
-0.00714405 0.0451648 0.0555549
100
1
-0.587623 12.8253 -3.42016
-0.0141798 0.0386613 0.0368731
101
1
-0.548409 12.7526 -3.47273
-0.0249671 0.0398618 0.015107
102
1
-0.498076 12.696 -3.50418
-0.0130136 0.0112384 0.00764701
103
1
-0.395665 12.6251 -3.53084
-0.058625 0.020026 0.00363188
104
1
-0.185963 12.5574 -3.55497
-0.0669183 0.00944699 0.00661784
105
1
-0.834717 6.57206 -0.095004
-0.0466964 0.0205814 0.00555017
106
1
-0.55345 11.4177 -0.961843
0.0344361 0.055724 0.0107826
107
1
0.486542 11.3506 0.881682
0.0466551 -0.0126234 -0.0319907
108
1
0.84138 6.57746 -0.0128884
-0.0438298 -0.0197131 -0.0124114
109
1
0.190706 12.559 -3.55427
-0.0657684 -0.00925408 -0.00636903
110
1
0.392674 12.6282 -3.53285
-0.0552364 -0.020318 -0.00191353
111
1
0.48794 12.6992 -3.50845
-0.0111929 -0.0116438 -0.00732953
112
1
0.534078 12.7541 -3.47692
-0.0210488 -0.0381465 -0.0133506
113
1
0.569224 12.8242 -3.42282
-0.0118792 -0.0373762 -0.0405365
114
1
0.595245 12.8937 -3.34186
-0.00608551 -0.0407635 -0.0589412
115
1
0.617881 12.9518 -3.25182
-0.00823941 -0.0156674 -0.0295737
116
1
0.637861 12.9783 -3.1774
-0.0166587 -0.0111579 -0.0335962
117
1
0.660401 13.0007 -3.09606
-0.0114488 -0.00835103 -0.0463327
118
1
0.676837 13.0218 -3.00988
-0.0098254 -0.0117773 -0.0346013
119
1
0.682369 13.037 -2.90869
-0.00308181 -0.000670746 -0.0778582
120
1
0.675974 13.0452 -2.8144
0.0141177 0.00117088 -0.034839
121
1
0.658416 13.0559 -2.74506
0.00149655 -0.00284718 -0.00748448
122
1
0.646293 13.0545 -2.68828
0.00838078 -0.00460483 -0.0162593
123
1
0.625901 13.059 -2.62377
0.00893521 0.00405457 -0.0398181
124
1
0.614742 13.0594 -2.56128
0.00876911 -0.00310184 -0.0537261
125
1
0.601444 13.0641 -2.48936
0.0152865 -0.00233659 -0.0400102
126
1
0.59376 13.0691 -2.42288
0.00269482 -0.00125907 -0.0289171
127
1
0.596804 13.0726 -2.36588
-0.0103116 -0.00318492 -0.0202625
128
1
0.60675 13.077 -2.31512
-0.0104609 -0.00358423 -0.0163611
129
1
0.616738 13.0838 -2.2649
-0.00259001 -0.00233153 -0.0125304
130
1
0.624157 13.0903 -2.21395
-0.00335433 -0.00694085 -0.0315782
131
1
0.629291 13.0955 -2.15977
-0.000676087 -0.00279607 -0.0321266
132
1
0.632821 13.0984 -2.10062
-0.00081784 0.00667482 -0.0227638
133
1
0.637035 13.0993 -2.03735
-0.001793 0.00356047 -0.0381488
134
1
0.642052 13.1049 -1.96904
-0.00297512 -0.00901597 -0.0499659
135
1
0.650083 13.1176 -1.89941
-0.00821102 -0.00990346 -0.0356417
136
1
0.662582 13.1326 -1.83249
-0.00543615 -0.00270817 -0.0192995
137
1
0.669234 13.1343 -1.76412
-0.00320371 -0.00184719 -0.0354301
138
1
0.652883 13.143 -1.70054
0.00893542 -0.00603244 -0.0560573
139
1
0.63122 13.1585 -1.63663
0.0182533 -0.0188054 -0.0510788
140
1
0.596522 13.176 -1.57724
0.0158161 -0.0122299 -0.039955
141
1
0.547275 13.1817 -1.51911
0.0299569 -0.0157334 -0.0268293
142
1
0.438426 13.1978 -1.41582
0.0367437 -0.028717 -0.0624267
143
1
0.395971 13.1986 -1.32451
-0.0279629 0.0390114 0.0542867
144
1
0.415803 13.1648 -1.3035
0.0280854 -0.0162109 -0.028577
145
1
0.447546 13.1565 -1.28991
-0.00782756 0.00747664 -0.0434969
146
1
0.460633 13.178 -1.24496
0.0184051 0.0566114 -0.0470016
147
1
0.400712 13.1654 -1.21015
0.053344 0.047835 -0.015994
148
1
0.433077 13.1043 -1.20251
-0.00860664 0.0120319 -0.0137648
149
1
0.437821 13.2235 -1.21359
-0.0139358 -0.0535378 0.0548758
150
1
0.310697 13.1504 -0.928678
-0.0373397 0.00887504 -0.0668325
151
1
0.285161 13.1141 -0.569332
0.0677359 -0.000387876 -0.0385168
152
1
0.153163 13.1607 -0.647451
-0.0513901 -0.0584031 0.00447166
153
1
-0.497697 15.7185 -1.50496
-0.041924 -0.0521964 -0.0201683
154
1
0.110803 13.3717 -0.0199984
0.00266359 -0.029507 0.0161522
155
1
0.0562147 17.0411 0.0235117
0.0172639 0.0300292 -0.0568288
156
1
0.101806 13.3633 0.0489296
-0.00615308 0.0313589 0.0206824
157
1
0.549967 15.725 1.39154
-0.0580722 -0.0170512 -0.0314985
158
1
0.190627 12.5873 0.961153
-0.0231885 0.00819302 0.0131009
159
1
0.204393 12.8844 0.961744
0.0255805 -0.0544137 -0.0495645
160
1
0.1951 13.1106 1.25848
0.0439518 -0.0601228 -0.0229201
161
1
0.105656 12.92 1.46086
0.0069063 -0.0228913 -0.0741629
162
1
0.492591 13.1557 1.59421
0.0527694 -0.0285108 0.0497431
163
1
0.473557 13.0891 1.61023
-0.0349413 0.0330065 -0.0613313
164
1
0.458132 13.0723 1.59958
-0.023151 0.039681 -0.0629389
165
1
0.477993 13.0812 1.6858
0.0345807 0.0410454 -0.0564916
166
1
0.488367 13.0953 1.72135
-0.059495 -0.0220236 0.0452455
167
1
0.497044 13.0554 1.73037
0.00626675 -0.0155569 -0.0014978
168
1
0.486899 13.0421 1.72506
0.0228226 0.0212602 -0.0714072
169
1
0.48325 13.017 1.77092
0.0169662 0.00766212 -0.0541173
170
1
0.466624 13.0375 1.81991
0.0309072 -0.0024202 -0.0507488
171
1
0.507564 13.0613 1.83703
-0.0452955 0.00151207 0.0526305
172
1
0.495361 13.1477 1.87289
-0.0196227 -0.0111261 0.00999051
173
1
0.47462 13.1565 1.91189
0.012986 -0.00824638 -0.0201884
174
1
0.479521 13.1685 1.94222
0.00618993 0.00711618 -0.0231701
175
1
0.479818 13.1942 1.98398
-0.00472228 0.0183334 -0.041244
176
1
0.484921 13.1898 2.04761
-0.0116561 0.0128026 -0.0409674
177
1
0.492739 13.1787 2.10871
-0.00713238 -0.00465811 -0.0297014
178
1
0.502909 13.1761 2.16378
-0.00595005 -0.00778699 -0.0215606
179
1
0.514379 13.1749 2.21503
-0.00519458 0.00157809 -0.0256139
180
1
0.521565 13.1723 2.26348
-0.00200853 0.00559802 -0.0258787
181
1
0.524801 13.1672 2.31109
-0.000915489 0.00270262 -0.0136897
182
1
0.525419 13.1595 2.36059
0.00608055 0.00396279 -0.0192439
183
1
0.526196 13.1521 2.41251
0.00534778 0.00391472 -0.0234095
184
1
0.534148 13.1447 2.46984
-0.00851485 0.00337998 -0.0293839
185
1
0.553977 13.1342 2.53254
-0.0204203 0.00681124 -0.0338565
186
1
0.580037 13.1219 2.59858
-0.0179442 0.0101447 -0.0441033
187
1
0.602548 13.1137 2.65841
-0.0170988 0.00139337 -0.0399476
188
1
0.631831 13.1038 2.7189
-0.0110687 0.00601881 -0.0172653
189
1
0.649265 13.0988 2.77565
-0.00241906 0.00359685 -0.00813655
190
1
0.673853 13.0842 2.84084
-0.0160939 0.00283059 -0.0329211
191
1
0.689515 13.0683 2.92879
-0.00423873 0.00560032 -0.0684175
192
1
0.692712 13.047 3.02162
0.00757838 0.0131752 -0.0326372
193
1
0.680687 13.0215 3.10499
0.0104465 0.011753 -0.0467669
