194
0
1
0.494583 0.25223 3.01917
0.00422137 -0.0090116 -0.0386322
1
1
0.477291 0.270513 3.09373
0.00943763 -0.00723182 -0.0379858
2
1
0.450906 0.284894 3.16661
0.0142585 -0.00514077 -0.0365603
3
1
0.415592 0.295135 3.23614
0.0192083 -0.00367264 -0.0341438
4
1
0.370978 0.302227 3.30018
0.02409 -0.00253722 -0.0307308
5
1
0.317217 0.307432 3.35644
0.0285883 -0.00174506 -0.0263615
6
1
0.255643 0.311019 3.4035
0.0324448 -0.00119743 -0.0212319
7
1
0.187514 0.313493 3.43993
0.0354421 -0.00076505 -0.0155469
8
1
0.114506 0.315025 3.46476
0.0374767 -0.000423113 -0.00948001
9
1
0.0385042 0.315749 3.47733
0.0385033 -0.000135259 -0.00318526
10
1
-0.0385042 0.315749 3.47733
0.0385033 0.000135259 0.00318526
11
1
-0.114506 0.315025 3.46476
0.0374767 0.000423113 0.00948001
12
1
-0.187514 0.313493 3.43993
0.0354421 0.00076505 0.0155469
13
1
-0.255643 0.311019 3.4035
0.0324448 0.00119743 0.0212319
14
1
-0.317217 0.307432 3.35644
0.0285883 0.00174506 0.0263615
15
1
-0.370978 0.302227 3.30018
0.02409 0.00253722 0.0307308
16
1
-0.415592 0.295135 3.23614
0.0192083 0.00367264 0.0341438
17
1
-0.450906 0.284894 3.16661
0.0142585 0.00514077 0.0365603
18
1
-0.477291 0.270513 3.09373
0.00943763 0.00723182 0.0379858
19
1
-0.494583 0.25223 3.01917
0.00422137 0.0090116 0.0386322
20
1
-0.504401 0.232608 2.9441
0.0009097 0.00881609 0.0384206
21
1
-0.510564 0.215127 2.8686
-7.83891e-005 0.00719156 0.0384288
22
1
-0.51433 0.201703 2.79236
-0.00100942 0.00541485 0.0384337
23
1
-0.515462 0.191949 2.7157
-0.00146085 0.00417704 0.038429
24
1
-0.514803 0.184501 2.6389
-0.00149798 0.00329404 0.0384367
25
1
-0.513347 0.178578 2.56201
-0.00135061 0.00260933 0.038466
26
1
-0.51165 0.173768 2.48505
-0.00115605 0.00207631 0.0385079
27
1
-0.510027 0.169835 2.408
-0.00096925 0.00166795 0.038552
28
1
-0.508587 0.166608 2.33085
-0.000806567 0.00135589 0.0385939
29
1
-0.507342 0.163951 2.25363
-0.000669668 0.00111589 0.038632
30
1
-0.506277 0.161749 2.17634
-0.000556255 0.000929158 0.0386664
31
1
-0.505375 0.159907 2.09897
-0.000463033 0.00078191 0.0386971
32
1
-0.504612 0.158352 2.02155
-0.000386545 0.000664198 0.0387246
33
1
-0.503968 0.15703 1.94408
-0.000323735 0.000568889 0.0387492
34
1
-0.503424 0.155899 1.86656
-0.000272003 0.000490773 0.0387712
35
1
-0.502964 0.154926 1.789
-0.000229268 0.000425998 0.0387908
36
1
-0.502574 0.154082 1.7114
-0.000193856 0.000371743 0.0388083
37
1
-0.502243 0.153348 1.63377
-0.00016442 0.000325889 0.0388239
38
1
-0.501962 0.152706 1.5561
-0.000139845 0.000286803 0.0388377
39
1
-0.501723 0.152142 1.47842
-0.000119276 0.000253223 0.0388499
40
1
-0.501518 0.151645 1.40071
-0.000101986 0.000224166 0.0388608
41
1
-0.501344 0.151206 1.32298
-8.74109e-005 0.000198841 0.0388704
42
1
-0.501194 0.150818 1.24523
-7.50529e-005 0.000176616 0.0388788
43
1
-0.501066 0.150474 1.16746
-6.45461e-005 0.000156992 0.0388863
44
1
-0.500956 0.150169 1.08968
-5.55648e-005 0.000139538 0.0388929
45
1
-0.500861 0.149899 1.01189
-4.78576e-005 0.000123907 0.0388986
46
1
-0.50078 0.14966 0.934087
-4.11995e-005 0.000109799 0.0389037
47
1
-0.500711 0.149449 0.856275
-3.54061e-005 9.69658e-005 0.0389081
48
1
-0.500651 0.149263 0.778455
-3.03597e-005 8.52332e-005 0.0389119
49
1
-0.5006 0.149101 0.700628
-2.59203e-005 7.44403e-005 0.0389152
50
1
-0.500556 0.14896 0.622795
-2.19626e-005 6.44374e-005 0.0389181
51
1
-0.50052 0.148839 0.544956
-1.84118e-005 5.50955e-005 0.0389205
52
1
-0.50049 0.148736 0.467113
-1.51312e-005 4.63234e-005 0.0389225
53
1
-0.500465 0.148651 0.389266
-1.22207e-005 3.79485e-005 0.0389242
54
1
-0.500446 0.148582 0.311417
-9.53407e-006 2.99395e-005 0.0389255
55
1
-0.500431 0.148529 0.233564
-7.00835e-006 2.22169e-005 0.0389265
56
1
-0.500421 0.148492 0.155711
-4.60963e-006 1.46983e-005 0.0389273
57
1
-0.500414 0.14847 0.0778556
-2.28527e-006 7.31745e-006 0.0389277
58
1
-0.500412 0.148462 -3.95459e-019
1.51302e-019 5.15072e-019 0.0389278
59
1
-0.500414 0.14847 -0.0778556
2.28527e-006 -7.31745e-006 0.0389277
60
1
-0.500421 0.148492 -0.155711
4.60963e-006 -1.46983e-005 0.0389273
61
1
-0.500431 0.148529 -0.233564
7.00835e-006 -2.22169e-005 0.0389265
62
1
-0.500446 0.148582 -0.311417
9.53407e-006 -2.99395e-005 0.0389255
63
1
-0.500465 0.148651 -0.389266
1.22207e-005 -3.79485e-005 0.0389242
64
1
-0.50049 0.148736 -0.467113
1.51312e-005 -4.63234e-005 0.0389225
65
1
-0.50052 0.148839 -0.544956
1.84118e-005 -5.50955e-005 0.0389205
66
1
-0.500556 0.14896 -0.622795
2.19626e-005 -6.44374e-005 0.0389181
67
1
-0.5006 0.149101 -0.700628
2.59203e-005 -7.44403e-005 0.0389152
68
1
-0.500651 0.149263 -0.778455
3.03597e-005 -8.52332e-005 0.0389119
69
1
-0.500711 0.149449 -0.856275
3.54061e-005 -9.69658e-005 0.0389081
70
1
-0.50078 0.14966 -0.934087
4.11995e-005 -0.000109799 0.0389037
71
1
-0.500861 0.149899 -1.01189
4.78576e-005 -0.000123907 0.0388986
72
1
-0.500956 0.150169 -1.08968
5.55648e-005 -0.000139538 0.0388929
73
1
-0.501066 0.150474 -1.16746
6.45461e-005 -0.000156992 0.0388863
74
1
-0.501194 0.150818 -1.24523
7.50529e-005 -0.000176616 0.0388788
75
1
-0.501344 0.151206 -1.32298
8.74109e-005 -0.000198841 0.0388704
76
1
-0.501518 0.151645 -1.40071
0.000101986 -0.000224166 0.0388608
77
1
-0.501723 0.152142 -1.47842
0.000119276 -0.000253223 0.0388499
78
1
-0.501962 0.152706 -1.5561
0.000139845 -0.000286803 0.0388377
79
1
-0.502243 0.153348 -1.63377
0.00016442 -0.000325889 0.0388239
80
1
-0.502574 0.154082 -1.7114
0.000193856 -0.000371743 0.0388083
81
1
-0.502964 0.154926 -1.789
0.000229268 -0.000425998 0.0387908
82
1
-0.503424 0.155899 -1.86656
0.000272003 -0.000490773 0.0387712
83
1
-0.503968 0.15703 -1.94408
0.000323735 -0.000568889 0.0387492
84
1
-0.504612 0.158352 -2.02155
0.000386545 -0.000664198 0.0387246
85
1
-0.505375 0.159907 -2.09897
0.000463033 -0.00078191 0.0386971
86
1
-0.506277 0.161749 -2.17634
0.000556255 -0.000929158 0.0386664
87
1
-0.507342 0.163951 -2.25363
0.000669668 -0.00111589 0.038632
88
1
-0.508587 0.166608 -2.33085
0.000806567 -0.00135589 0.0385939
89
1
-0.510027 0.169835 -2.408
0.00096925 -0.00166795 0.038552
90
1
-0.51165 0.173768 -2.48505
0.00115605 -0.00207631 0.0385079
91
1
-0.513347 0.178578 -2.56201
0.00135061 -0.00260933 0.038466
92
1
-0.514803 0.184501 -2.6389
0.00149798 -0.00329404 0.0384367
93
1
-0.515462 0.191949 -2.7157
0.00146085 -0.00417704 0.038429
94
1
-0.51433 0.201703 -2.79236
0.00100942 -0.00541485 0.0384337
95
1
-0.510564 0.215127 -2.8686
7.83891e-005 -0.00719156 0.0384288
96
1
-0.504401 0.232608 -2.9441
-0.0009097 -0.00881609 0.0384206
97
1
-0.494583 0.25223 -3.01917
-0.00422137 -0.0090116 0.0386322
98
1
-0.477291 0.270513 -3.09373
-0.00943763 -0.00723182 0.0379858
99
1
-0.450906 0.284894 -3.16661
-0.0142585 -0.00514077 0.0365603
100
1
-0.415592 0.295135 -3.23614
-0.0192083 -0.00367264 0.0341438
101
1
-0.370978 0.302227 -3.30018
-0.02409 -0.00253722 0.0307308
102
1
-0.317217 0.307432 -3.35644
-0.0285883 -0.00174506 0.0263615
103
1
-0.255643 0.311019 -3.4035
-0.0324448 -0.00119743 0.0212319
104
1
-0.187514 0.313493 -3.43993
-0.0354421 -0.00076505 0.0155469
105
1
-0.114506 0.315025 -3.46476
-0.0374767 -0.000423113 0.00948001
106
1
-0.0385042 0.315749 -3.47733
-0.0385033 -0.000135259 0.00318526
107
1
0.0385042 0.315749 -3.47733
-0.0385033 0.000135259 -0.00318526
108
1
0.114506 0.315025 -3.46476
-0.0374767 0.000423113 -0.00948001
109
1
0.187514 0.313493 -3.43993
-0.0354421 0.00076505 -0.0155469
110
1
0.255643 0.311019 -3.4035
-0.0324448 0.00119743 -0.0212319
111
1
0.317217 0.307432 -3.35644
-0.0285883 0.00174506 -0.0263615
112
1
0.370978 0.302227 -3.30018
-0.02409 0.00253722 -0.0307308
113
1
0.415592 0.295135 -3.23614
-0.0192083 0.00367264 -0.0341438
114
1
0.450906 0.284894 -3.16661
-0.0142585 0.00514077 -0.0365603
115
1
0.477291 0.270513 -3.09373
-0.00943763 0.00723182 -0.0379858
116
1
0.494583 0.25223 -3.01917
-0.00422137 0.0090116 -0.0386322
117
1
0.504401 0.232608 -2.9441
-0.0009097 0.00881609 -0.0384206
118
1
0.510564 0.215127 -2.8686
7.83891e-005 0.00719156 -0.0384288
119
1
0.51433 0.201703 -2.79236
0.00100942 0.00541485 -0.0384337
120
1
0.515462 0.191949 -2.7157
0.00146085 0.00417704 -0.038429
121
1
0.514803 0.184501 -2.6389
0.00149798 0.00329404 -0.0384367
122
1
0.513347 0.178578 -2.56201
0.00135061 0.00260933 -0.038466
123
1
0.51165 0.173768 -2.48505
0.00115605 0.00207631 -0.0385079
124
1
0.510027 0.169835 -2.408
0.00096925 0.00166795 -0.038552
125
1
0.508587 0.166608 -2.33085
0.000806567 0.00135589 -0.0385939
126
1
0.507342 0.163951 -2.25363
0.000669668 0.00111589 -0.038632
127
1
0.506277 0.161749 -2.17634
0.000556255 0.000929158 -0.0386664
128
1
0.505375 0.159907 -2.09897
0.000463033 0.00078191 -0.0386971
129
1
0.504612 0.158352 -2.02155
0.000386545 0.000664198 -0.0387246
130
1
0.503968 0.15703 -1.94408
0.000323735 0.000568889 -0.0387492
131
1
0.503424 0.155899 -1.86656
0.000272003 0.000490773 -0.0387712
132
1
0.502964 0.154926 -1.789
0.000229268 0.000425998 -0.0387908
133
1
0.502574 0.154082 -1.7114
0.000193856 0.000371743 -0.0388083
134
1
0.502243 0.153348 -1.63377
0.00016442 0.000325889 -0.0388239
135
1
0.501962 0.152706 -1.5561
0.000139845 0.000286803 -0.0388377
136
1
0.501723 0.152142 -1.47842
0.000119276 0.000253223 -0.0388499
137
1
0.501518 0.151645 -1.40071
0.000101986 0.000224166 -0.0388608
138
1
0.501344 0.151206 -1.32298
8.74109e-005 0.000198841 -0.0388704
139
1
0.501194 0.150818 -1.24523
7.50529e-005 0.000176616 -0.0388788
140
1
0.501066 0.150474 -1.16746
6.45461e-005 0.000156992 -0.0388863
141
1
0.500956 0.150169 -1.08968
5.55648e-005 0.000139538 -0.0388929
142
1
0.500861 0.149899 -1.01189
4.78576e-005 0.000123907 -0.0388986
143
1
0.50078 0.14966 -0.934087
4.11995e-005 0.000109799 -0.0389037
144
1
0.500711 0.149449 -0.856275
3.54061e-005 9.69658e-005 -0.0389081
145
1
0.500651 0.149263 -0.778455
3.03597e-005 8.52332e-005 -0.0389119
146
1
0.5006 0.149101 -0.700628
2.59203e-005 7.44403e-005 -0.0389152
147
1
0.500556 0.14896 -0.622795
2.19626e-005 6.44374e-005 -0.0389181
148
1
0.50052 0.148839 -0.544956
1.84118e-005 5.50955e-005 -0.0389205
149
1
0.50049 0.148736 -0.467113
1.51312e-005 4.63234e-005 -0.0389225
150
1
0.500465 0.148651 -0.389266
1.22207e-005 3.79485e-005 -0.0389242
151
1
0.500446 0.148582 -0.311417
9.53407e-006 2.99395e-005 -0.0389255
152
1
0.500431 0.148529 -0.233564
7.00835e-006 2.22169e-005 -0.0389265
153
1
0.500421 0.148492 -0.155711
4.60963e-006 1.46983e-005 -0.0389273
154
1
0.500414 0.14847 -0.0778556
2.28527e-006 7.31745e-006 -0.0389277
155
1
0.500412 0.148462 4.34831e-019
-1.13372e-018 -4.52596e-019 -0.0389278
156
1
0.500414 0.14847 0.0778556
-2.28527e-006 -7.31745e-006 -0.0389277
157
1
0.500421 0.148492 0.155711
-4.60963e-006 -1.46983e-005 -0.0389273
158
1
0.500431 0.148529 0.233564
-7.00835e-006 -2.22169e-005 -0.0389265
159
1
0.500446 0.148582 0.311417
-9.53407e-006 -2.99395e-005 -0.0389255
160
1
0.500465 0.148651 0.389266
-1.22207e-005 -3.79485e-005 -0.0389242
161
1
0.50049 0.148736 0.467113
-1.51312e-005 -4.63234e-005 -0.0389225
162
1
0.50052 0.148839 0.544956
-1.84118e-005 -5.50955e-005 -0.0389205
163
1
0.500556 0.14896 0.622795
-2.19626e-005 -6.44374e-005 -0.0389181
164
1
0.5006 0.149101 0.700628
-2.59203e-005 -7.44403e-005 -0.0389152
165
1
0.500651 0.149263 0.778455
-3.03597e-005 -8.52332e-005 -0.0389119
166
1
0.500711 0.149449 0.856275
-3.54061e-005 -9.69658e-005 -0.0389081
167
1
0.50078 0.14966 0.934087
-4.11995e-005 -0.000109799 -0.0389037
168
1
0.500861 0.149899 1.01189
-4.78576e-005 -0.000123907 -0.0388986
169
1
0.500956 0.150169 1.08968
-5.55648e-005 -0.000139538 -0.0388929
170
1
0.501066 0.150474 1.16746
-6.45461e-005 -0.000156992 -0.0388863
171
1
0.501194 0.150818 1.24523
-7.50529e-005 -0.000176616 -0.0388788
172
1
0.501344 0.151206 1.32298
-8.74109e-005 -0.000198841 -0.0388704
173
1
0.501518 0.151645 1.40071
-0.000101986 -0.000224166 -0.0388608
174
1
0.501723 0.152142 1.47842
-0.000119276 -0.000253223 -0.0388499
175
1
0.501962 0.152706 1.5561
-0.000139845 -0.000286803 -0.0388377
176
1
0.502243 0.153348 1.63377
-0.00016442 -0.000325889 -0.0388239
177
1
0.502574 0.154082 1.7114
-0.000193856 -0.000371743 -0.0388083
178
1
0.502964 0.154926 1.789
-0.000229268 -0.000425998 -0.0387908
179
1
0.503424 0.155899 1.86656
-0.000272003 -0.000490773 -0.0387712
180
1
0.503968 0.15703 1.94408
-0.000323735 -0.000568889 -0.0387492
181
1
0.504612 0.158352 2.02155
-0.000386545 -0.000664198 -0.0387246
182
1
0.505375 0.159907 2.09897
-0.000463033 -0.00078191 -0.0386971
183
1
0.506277 0.161749 2.17634
-0.000556255 -0.000929158 -0.0386664
184
1
0.507342 0.163951 2.25363
-0.000669668 -0.00111589 -0.038632
185
1
0.508587 0.166608 2.33085
-0.000806567 -0.00135589 -0.0385939
186
1
0.510027 0.169835 2.408
-0.00096925 -0.00166795 -0.038552
187
1
0.51165 0.173768 2.48505
-0.00115605 -0.00207631 -0.0385079
188
1
0.513347 0.178578 2.56201
-0.00135061 -0.00260933 -0.038466
189
1
0.514803 0.184501 2.6389
-0.00149798 -0.00329404 -0.0384367
190
1
0.515462 0.191949 2.7157
-0.00146085 -0.00417704 -0.038429
191
1
0.51433 0.201703 2.79236
-0.00100942 -0.00541485 -0.0384337
192
1
0.510564 0.215127 2.8686
-7.83891e-005 -0.00719156 -0.0384288
193
1
0.504401 0.232608 2.9441
0.0009097 -0.00881609 -0.0384206
