194
0
1
1.21025 8.63218 0.664639
0.0559474 0.013858 0.00449324
1
1
1.10238 8.60266 0.65188
0.0545828 0.0154729 0.00896512
2
1
0.989851 8.56892 0.626019
0.0574106 0.0188148 0.0166269
3
1
0.874467 8.53287 0.586464
0.0575879 0.0208071 0.0241425
4
1
0.753487 8.49265 0.533207
0.0599803 0.0210545 0.0297272
5
1
0.628173 8.44342 0.462117
0.0620874 0.0270339 0.0385509
6
1
0.490359 8.37534 0.369617
0.0580259 0.0273977 0.0422263
7
1
0.333772 8.30518 0.204321
0.0392405 0.0189241 0.0640311
8
1
0.479514 6.69433 0.0611971
-0.00460277 0.046823 -0.00996929
9
1
0.0482625 11.7528 0.447857
0.000781401 -0.0245474 -0.0739504
10
1
-0.0482625 11.7528 0.447857
0.000781401 0.0245474 0.0739504
11
1
-0.479514 6.69433 0.0611913
-0.00460274 -0.0468228 0.00997
12
1
-0.333772 8.30518 0.204321
0.0392405 -0.0189241 -0.0640312
13
1
-0.490359 8.37534 0.369617
0.0580259 -0.0273977 -0.0422263
14
1
-0.628173 8.44342 0.462117
0.0620874 -0.0270339 -0.0385509
15
1
-0.753487 8.49265 0.533207
0.0599803 -0.0210545 -0.0297272
16
1
-0.874467 8.53287 0.586464
0.0575879 -0.0208071 -0.0241425
17
1
-0.989851 8.56892 0.626019
0.0574106 -0.0188148 -0.0166269
18
1
-1.10238 8.60266 0.65188
0.0545828 -0.0154729 -0.00896512
19
1
-1.21025 8.63218 0.664639
0.0559474 -0.013858 -0.00449324
20
1
-1.31125 8.65578 0.6677
0.0482879 -0.00883791 -4.85397e-005
21
1
-1.40569 8.67419 0.664293
0.0448986 -0.00784994 0.00245534
22
1
-1.49333 8.68988 0.655628
0.0435274 -0.00746801 0.00675773
23
1
-1.57758 8.70459 0.641348
0.0394598 -0.00643676 0.00995819
24
1
-1.65835 8.71911 0.622652
0.038945 -0.00651743 0.0104499
25
1
-1.7358 8.73339 0.601735
0.0391846 -0.00697464 0.0109863
26
1
-1.81041 8.74707 0.580238
0.0349162 -0.00682399 0.0102743
27
1
-1.88171 8.75956 0.560159
0.0330269 -0.00640069 0.00923856
28
1
-1.95116 8.77058 0.542688
0.0345496 -0.00573174 0.00845065
29
1
-2.02022 8.78092 0.527881
0.0347082 -0.00514899 0.00718759
30
1
-2.08811 8.79151 0.516351
0.0337191 -0.00516066 0.00507504
31
1
-2.15475 8.80273 0.50847
0.0330877 -0.005545 0.00338562
32
1
-2.21978 8.81451 0.504439
0.0320779 -0.00555142 0.00134894
33
1
-2.28233 8.82687 0.504008
0.0313247 -0.00584465 -0.00109193
34
1
-2.34252 8.84035 0.506559
0.0301793 -0.0071938 -0.0028196
35
1
-2.40016 8.85526 0.511509
0.0273788 -0.00816878 -0.00429959
36
1
-2.45452 8.87173 0.518317
0.0252327 -0.00818752 -0.00547956
37
1
-2.50656 8.89027 0.525249
0.0249397 -0.00934402 -0.00497172
38
1
-2.5571 8.91101 0.53139
0.0242976 -0.0109429 -0.00415255
39
1
-2.6057 8.93404 0.536428
0.0225797 -0.011249 -0.00446742
40
1
-2.65189 8.9588 0.539142
0.0220554 -0.0127641 -0.00256648
41
1
-2.69608 8.98475 0.538395
0.0218142 -0.0149103 0.00128037
42
1
-2.73915 9.01036 0.533855
0.0200749 -0.0139169 0.0024252
43
1
-2.78118 9.03513 0.524545
0.0195475 -0.0124467 0.00367589
44
1
-2.8224 9.05953 0.509687
0.0206807 -0.0124653 0.00920155
45
1
-2.86383 9.0836 0.489604
0.0209187 -0.0126377 0.0139906
46
1
-2.9059 9.10673 0.465338
0.0210131 -0.0115287 0.0135643
47
1
-2.94952 9.12705 0.437774
0.0224904 -0.00878453 0.0151095
48
1
-2.99388 9.14364 0.406187
0.023989 -0.00699787 0.0195938
49
1
-3.03661 9.15755 0.372329
0.0231153 -0.00599988 0.0197664
50
1
-3.07658 9.16994 0.337073
0.0199396 -0.00538529 0.016919
51
1
-3.11345 9.18203 0.299899
0.0181125 -0.00592419 0.0180449
52
1
-3.14716 9.1941 0.260223
0.0189182 -0.00692836 0.0221064
53
1
-3.17728 9.20642 0.217977
0.0179345 -0.00849802 0.0242663
54
1
-3.20264 9.21796 0.174499
0.0141481 -0.00855301 0.0229445
55
1
-3.22194 9.22779 0.130886
0.00997043 -0.00644692 0.0220312
56
1
-3.23481 9.23528 0.0874861
0.00557592 -0.00314512 0.0221522
57
1
-3.24197 9.23906 0.0436407
0.00144786 -0.00101597 0.0220598
58
1
-3.24398 9.23978 -1.17938e-009
2.69428e-011 5.10477e-011 0.0219387
59
1
-3.24197 9.23906 -0.0436407
-0.00144786 0.00101597 0.0220598
60
1
-3.23481 9.23528 -0.0874861
-0.00557592 0.00314513 0.0221522
61
1
-3.22194 9.22779 -0.130886
-0.00997043 0.00644692 0.0220312
62
1
-3.20264 9.21796 -0.174499
-0.0141481 0.00855301 0.0229445
63
1
-3.17728 9.20642 -0.217977
-0.0179345 0.00849802 0.0242663
64
1
-3.14716 9.1941 -0.260223
-0.0189182 0.00692836 0.0221064
65
1
-3.11345 9.18203 -0.299899
-0.0181125 0.00592419 0.0180449
66
1
-3.07658 9.16994 -0.337073
-0.0199396 0.00538529 0.016919
67
1
-3.03661 9.15755 -0.372329
-0.0231153 0.00599988 0.0197664
68
1
-2.99388 9.14364 -0.406187
-0.023989 0.00699787 0.0195938
69
1
-2.94952 9.12705 -0.437774
-0.0224904 0.00878453 0.0151095
70
1
-2.9059 9.10673 -0.465338
-0.0210131 0.0115287 0.0135643
71
1
-2.86383 9.0836 -0.489604
-0.0209187 0.0126377 0.0139906
72
1
-2.8224 9.05953 -0.509687
-0.0206807 0.0124653 0.00920155
73
1
-2.78118 9.03513 -0.524545
-0.0195475 0.0124467 0.00367589
74
1
-2.73915 9.01036 -0.533855
-0.0200749 0.0139169 0.0024252
75
1
-2.69608 8.98475 -0.538395
-0.0218142 0.0149103 0.00128037
76
1
-2.65189 8.9588 -0.539142
-0.0220554 0.0127641 -0.00256648
77
1
-2.6057 8.93404 -0.536428
-0.0225797 0.011249 -0.00446742
78
1
-2.5571 8.91101 -0.53139
-0.0242976 0.0109429 -0.00415255
79
1
-2.50656 8.89027 -0.525249
-0.0249397 0.00934402 -0.00497172
80
1
-2.45452 8.87173 -0.518317
-0.0252327 0.00818752 -0.00547956
81
1
-2.40016 8.85526 -0.511509
-0.0273788 0.00816878 -0.00429959
82
1
-2.34252 8.84035 -0.506559
-0.0301793 0.0071938 -0.0028196
83
1
-2.28233 8.82687 -0.504008
-0.0313247 0.00584465 -0.00109193
84
1
-2.21978 8.81451 -0.504439
-0.0320779 0.00555142 0.00134894
85
1
-2.15475 8.80273 -0.50847
-0.0330877 0.005545 0.00338562
86
1
-2.08811 8.79151 -0.516351
-0.0337191 0.00516066 0.00507504
87
1
-2.02022 8.78092 -0.527881
-0.0347082 0.00514899 0.00718759
88
1
-1.95116 8.77058 -0.542688
-0.0345496 0.00573174 0.00845065
89
1
-1.88171 8.75956 -0.560159
-0.0330269 0.00640069 0.00923856
90
1
-1.81041 8.74707 -0.580238
-0.0349162 0.00682399 0.0102743
91
1
-1.7358 8.73339 -0.601735
-0.0391846 0.00697464 0.0109863
92
1
-1.65835 8.71911 -0.622652
-0.038945 0.00651743 0.0104499
93
1
-1.57758 8.70459 -0.641348
-0.0394598 0.00643676 0.0099582
94
1
-1.49333 8.68988 -0.655628
-0.0435274 0.00746801 0.00675774
95
1
-1.40569 8.67419 -0.664293
-0.0448986 0.00784994 0.00245535
96
1
-1.31125 8.65578 -0.6677
-0.0482879 0.00883791 -4.85386e-005
97
1
-1.21025 8.63218 -0.664639
-0.0559474 0.013858 -0.00449324
98
1
-1.10238 8.60266 -0.65188
-0.0545828 0.0154729 -0.00896512
99
1
-0.989851 8.56892 -0.626019
-0.0574106 0.0188148 -0.0166269
100
1
-0.874467 8.53287 -0.586464
-0.0575879 0.0208071 -0.0241425
101
1
-0.753487 8.49265 -0.533207
-0.0599803 0.0210545 -0.0297272
102
1
-0.628173 8.44342 -0.462117
-0.0620874 0.0270339 -0.0385509
103
1
-0.490359 8.37534 -0.369617
-0.0580259 0.0273977 -0.0422263
104
1
-0.333772 8.30518 -0.204321
-0.0392405 0.0189241 -0.0640311
105
1
-0.479514 6.69433 -0.0611966
0.00460275 0.046823 0.0099693
106
1
-0.0482625 11.7528 -0.447857
-0.000781401 -0.0245474 0.0739504
107
1
0.0482625 11.7528 -0.447857
-0.000781401 0.0245474 -0.0739504
108
1
0.479513 6.69433 -0.0611908
0.00460272 -0.0468227 -0.00997002
109
1
0.333772 8.30518 -0.204321
-0.0392405 -0.0189241 0.0640312
110
1
0.490359 8.37534 -0.369617
-0.0580259 -0.0273977 0.0422263
111
1
0.628173 8.44342 -0.462117
-0.0620874 -0.0270339 0.0385509
112
1
0.753487 8.49265 -0.533207
-0.0599803 -0.0210545 0.0297272
113
1
0.874467 8.53287 -0.586464
-0.0575879 -0.0208071 0.0241425
114
1
0.989851 8.56892 -0.626019
-0.0574106 -0.0188148 0.0166269
115
1
1.10238 8.60266 -0.65188
-0.0545828 -0.0154729 0.00896512
116
1
1.21025 8.63218 -0.664639
-0.0559474 -0.013858 0.00449324
117
1
1.31125 8.65578 -0.6677
-0.0482879 -0.00883791 4.85399e-005
118
1
1.40569 8.67419 -0.664293
-0.0448986 -0.00784994 -0.00245534
119
1
1.49333 8.68988 -0.655628
-0.0435274 -0.00746801 -0.00675773
120
1
1.57758 8.70459 -0.641348
-0.0394598 -0.00643676 -0.00995819
121
1
1.65835 8.71911 -0.622652
-0.038945 -0.00651743 -0.0104499
122
1
1.7358 8.73339 -0.601735
-0.0391846 -0.00697464 -0.0109863
123
1
1.81041 8.74707 -0.580238
-0.0349162 -0.00682399 -0.0102743
124
1
1.88171 8.75956 -0.560159
-0.0330269 -0.00640069 -0.00923856
125
1
1.95116 8.77058 -0.542688
-0.0345496 -0.00573174 -0.00845065
126
1
2.02022 8.78092 -0.527881
-0.0347082 -0.00514899 -0.00718759
127
1
2.08811 8.79151 -0.516351
-0.0337191 -0.00516066 -0.00507504
128
1
2.15475 8.80273 -0.50847
-0.0330877 -0.005545 -0.00338562
129
1
2.21978 8.81451 -0.504439
-0.0320779 -0.00555142 -0.00134894
130
1
2.28233 8.82687 -0.504008
-0.0313247 -0.00584465 0.00109193
131
1
2.34252 8.84035 -0.506559
-0.0301793 -0.0071938 0.0028196
132
1
2.40016 8.85526 -0.511509
-0.0273788 -0.00816878 0.00429959
133
1
2.45452 8.87173 -0.518317
-0.0252327 -0.00818752 0.00547956
134
1
2.50656 8.89027 -0.525249
-0.0249397 -0.00934402 0.00497172
135
1
2.5571 8.91101 -0.53139
-0.0242976 -0.0109429 0.00415255
136
1
2.6057 8.93404 -0.536428
-0.0225797 -0.011249 0.00446742
137
1
2.65189 8.9588 -0.539142
-0.0220554 -0.0127641 0.00256648
138
1
2.69608 8.98475 -0.538395
-0.0218142 -0.0149103 -0.00128037
139
1
2.73915 9.01036 -0.533855
-0.0200749 -0.0139169 -0.0024252
140
1
2.78118 9.03513 -0.524545
-0.0195475 -0.0124467 -0.00367589
141
1
2.8224 9.05953 -0.509687
-0.0206807 -0.0124653 -0.00920155
142
1
2.86383 9.0836 -0.489604
-0.0209187 -0.0126377 -0.0139906
143
1
2.9059 9.10673 -0.465338
-0.0210131 -0.0115287 -0.0135643
144
1
2.94952 9.12705 -0.437774
-0.0224904 -0.00878453 -0.0151095
145
1
2.99388 9.14364 -0.406187
-0.023989 -0.00699787 -0.0195938
146
1
3.03661 9.15755 -0.372329
-0.0231153 -0.00599988 -0.0197664
147
1
3.07658 9.16994 -0.337073
-0.0199396 -0.00538529 -0.016919
148
1
3.11345 9.18203 -0.299899
-0.0181125 -0.00592419 -0.0180449
149
1
3.14716 9.1941 -0.260223
-0.0189182 -0.00692836 -0.0221064
150
1
3.17728 9.20642 -0.217977
-0.0179345 -0.00849802 -0.0242663
151
1
3.20264 9.21796 -0.174499
-0.0141481 -0.00855301 -0.0229445
152
1
3.22194 9.22779 -0.130886
-0.00997043 -0.00644692 -0.0220312
153
1
3.23481 9.23528 -0.0874861
-0.00557592 -0.00314512 -0.0221522
154
1
3.24197 9.23906 -0.0436407
-0.00144786 -0.00101597 -0.0220598
155
1
3.24398 9.23978 2.40447e-009
-3.68855e-011 6.95685e-011 -0.0219387
156
1
3.24197 9.23906 0.0436407
0.00144786 0.00101597 -0.0220598
157
1
3.23481 9.23528 0.0874861
0.00557592 0.00314513 -0.0221522
158
1
3.22194 9.22779 0.130886
0.00997043 0.00644692 -0.0220312
159
1
3.20264 9.21796 0.174499
0.0141481 0.00855301 -0.0229445
160
1
3.17728 9.20642 0.217977
0.0179345 0.00849802 -0.0242663
161
1
3.14716 9.1941 0.260223
0.0189182 0.00692836 -0.0221064
162
1
3.11345 9.18203 0.299899
0.0181125 0.00592419 -0.0180449
163
1
3.07658 9.16994 0.337073
0.0199396 0.00538529 -0.016919
164
1
3.03661 9.15755 0.372329
0.0231153 0.00599988 -0.0197664
165
1
2.99388 9.14364 0.406187
0.023989 0.00699787 -0.0195938
166
1
2.94952 9.12705 0.437774
0.0224904 0.00878453 -0.0151095
167
1
2.9059 9.10673 0.465338
0.0210131 0.0115287 -0.0135643
168
1
2.86383 9.0836 0.489604
0.0209187 0.0126377 -0.0139906
169
1
2.8224 9.05953 0.509687
0.0206807 0.0124653 -0.00920155
170
1
2.78118 9.03513 0.524545
0.0195475 0.0124467 -0.00367589
171
1
2.73915 9.01036 0.533855
0.0200749 0.0139169 -0.0024252
172
1
2.69608 8.98475 0.538395
0.0218142 0.0149103 -0.00128037
173
1
2.65189 8.9588 0.539142
0.0220554 0.0127641 0.00256648
174
1
2.6057 8.93404 0.536428
0.0225797 0.011249 0.00446742
175
1
2.5571 8.91101 0.53139
0.0242976 0.0109429 0.00415255
176
1
2.50656 8.89027 0.525249
0.0249397 0.00934402 0.00497172
177
1
2.45452 8.87173 0.518317
0.0252327 0.00818752 0.00547956
178
1
2.40016 8.85526 0.511509
0.0273788 0.00816878 0.00429959
179
1
2.34252 8.84035 0.506559
0.0301793 0.0071938 0.0028196
180
1
2.28233 8.82687 0.504008
0.0313247 0.00584465 0.00109193
181
1
2.21978 8.81451 0.504439
0.0320779 0.00555142 -0.00134894
182
1
2.15475 8.80273 0.50847
0.0330877 0.005545 -0.00338562
183
1
2.08811 8.79151 0.516351
0.0337191 0.00516066 -0.00507504
184
1
2.02022 8.78092 0.527881
0.0347082 0.00514899 -0.00718759
185
1
1.95116 8.77058 0.542688
0.0345496 0.00573174 -0.00845065
186
1
1.88171 8.75956 0.560159
0.0330269 0.00640069 -0.00923856
187
1
1.81041 8.74707 0.580238
0.0349162 0.00682399 -0.0102743
188
1
1.7358 8.73339 0.601735
0.0391846 0.00697464 -0.0109863
189
1
1.65835 8.71911 0.622652
0.038945 0.00651743 -0.0104499
190
1
1.57758 8.70459 0.641348
0.0394598 0.00643676 -0.0099582
191
1
1.49333 8.68988 0.655628
0.0435274 0.00746801 -0.00675774
192
1
1.40569 8.67419 0.664293
0.0448986 0.00784994 -0.00245535
193
1
1.31125 8.65578 0.6677
0.0482879 0.00883791 4.85384e-005
