194
0
1
0.818378 11.8247 2.42023
0.00639605 0.0106183 -0.0375181
1
1
0.788932 11.8056 2.49201
0.0145772 0.00615759 -0.0246326
2
1
0.727705 11.786 2.57848
0.0503583 0.00511384 -0.0511908
3
1
0.652177 11.7598 2.66282
0.0412734 0.0197094 -0.0397655
4
1
0.57699 11.721 2.74133
0.0344783 0.0312429 -0.0352444
5
1
0.509508 11.6788 2.80435
0.0206234 0.00968559 -0.0136206
6
1
0.396023 11.6384 2.91183
0.0536482 0.00940438 -0.0543819
7
1
0.189505 11.6129 3.04879
0.0719722 0.00027093 -0.0298626
8
1
0.112325 6.40204 0.0614465
-0.045618 -0.00413577 -0.00617116
9
1
1.59076 12.5522 -0.0577588
-0.0438947 0.0430044 0.02308
10
1
-1.58191 12.5877 0.198925
-0.046242 -0.0416715 0.00812274
11
1
-0.111839 6.40152 0.0598426
-0.0455073 0.00415095 0.00636276
12
1
-0.189733 11.6129 3.04878
0.0719779 -0.000281143 0.0298489
13
1
-0.396226 11.6384 2.91186
0.0536601 -0.00941083 0.0543691
14
1
-0.509695 11.6789 2.80439
0.0206193 -0.00968698 0.0136153
15
1
-0.57716 11.7211 2.74139
0.034469 -0.0312534 0.0352369
16
1
-0.652325 11.7599 2.66289
0.0412758 -0.0197138 0.0397465
17
1
-0.727842 11.7861 2.57859
0.0503681 -0.00511276 0.0511647
18
1
-0.78906 11.8057 2.49217
0.0145829 -0.0061476 0.0246175
19
1
-0.818506 11.8248 2.42043
0.00640494 -0.0105967 0.0374887
20
1
-0.834597 11.8517 2.33886
-0.00297837 -0.0147123 0.0493146
21
1
-0.846772 11.8868 2.25664
0.00827658 -0.0129709 0.0362566
22
1
-0.860698 11.9309 2.17803
0.0143828 -0.0360491 0.0431278
23
1
-0.871325 11.9766 2.10197
0.0018742 -0.0201471 0.0346976
24
1
-0.87643 12.013 2.03574
0.00200918 -0.00679321 0.021501
25
1
-0.880013 12.0447 1.98224
0.00599595 -0.0123553 0.0268015
26
1
-0.878655 12.0779 1.93492
0.00504162 -0.0196686 0.0278268
27
1
-0.869822 12.1115 1.89448
-0.00201063 -0.0164019 0.0190067
28
1
-0.854166 12.1448 1.86129
-0.0135702 -0.014709 0.0123554
29
1
-0.833281 12.181 1.83429
-0.0210245 -0.0183084 0.0106822
30
1
-0.808613 12.2174 1.81445
-0.0135381 -0.0149898 0.00688417
31
1
-0.78671 12.2541 1.80215
-0.00911973 -0.0144535 0.00354594
32
1
-0.766495 12.2907 1.79459
-0.00799445 -0.0189219 1.79153e-005
33
1
-0.748719 12.3265 1.78996
-0.00575971 -0.0163881 -0.000232138
34
1
-0.730445 12.3609 1.78688
-0.00655136 -0.0161714 -0.00369005
35
1
-0.710227 12.3969 1.78377
-0.00895689 -0.0202456 -0.00807567
36
1
-0.687655 12.4322 1.77878
-0.0100509 -0.0176872 -0.00148191
37
1
-0.663732 12.4667 1.77032
-0.0139709 -0.0168481 0.00783065
38
1
-0.638856 12.5013 1.75626
-0.0148359 -0.0168203 0.0115535
39
1
-0.614837 12.5338 1.73765
-0.00926609 -0.0120673 0.010344
40
1
-0.591596 12.5633 1.71571
-0.00894296 -0.00977534 0.0119964
41
1
-0.569567 12.5905 1.68975
-0.0116807 -0.00907944 0.0137333
42
1
-0.547524 12.6172 1.65964
-0.0107279 -0.00907003 0.015224
43
1
-0.524521 12.6452 1.62398
-0.0111312 -0.0120072 0.019091
44
1
-0.49852 12.6773 1.5837
-0.0160094 -0.0206545 0.0247075
45
1
-0.473861 12.7167 1.53829
-0.0164281 -0.0331606 0.028945
46
1
-0.453717 12.7573 1.48435
-0.009505 -0.0355385 0.0316856
47
1
-0.435982 12.7868 1.42367
-0.000943911 -0.0178774 0.0371197
48
1
-0.41341 12.8039 1.3619
-0.00671177 0.00848676 0.0542119
49
1
-0.391292 12.8191 1.30553
-0.037907 0.00477384 0.0318796
50
1
-0.36847 12.8314 1.23963
-0.00826459 -0.0321044 0.0420674
51
1
-0.341733 12.8589 1.16674
-0.00375422 -0.00141811 0.0673868
52
1
-0.313961 12.8728 1.10426
-0.0232457 -0.00345787 -0.00324202
53
1
-0.288994 12.9365 1.0283
0.0341119 -0.0407028 0.0498992
54
1
-0.307683 12.9919 0.976898
-0.000379496 -0.00577151 0.0313037
55
1
-0.371244 13.0284 0.903009
0.0104311 -0.0102445 -0.0105659
56
1
-0.0172861 13.8548 1.13608
-0.0419717 -0.00793174 0.0186857
57
1
-0.0490052 13.9251 0.0733049
0.0256884 0.0308162 -0.0152152
58
1
-0.0687342 15.006 0.00988518
0.013321 0.00286847 0.0767214
59
1
-0.0511831 13.9242 -0.0733166
-0.0250834 -0.0315269 -0.0156413
60
1
-0.118846 13.8183 -1.25755
-0.0491668 -0.0349193 0.0226025
61
1
-0.335304 13.0432 -0.886651
-0.0133965 0.00826068 -0.00888175
62
1
-0.270687 13.0126 -0.970217
0.00650689 0.00844248 0.0347251
63
1
-0.263214 12.9574 -1.02524
-0.0261011 0.0410946 0.0554072
64
1
-0.30041 12.8971 -1.10542
0.0208909 0.00125123 -0.00338055
65
1
-0.33279 12.8837 -1.16557
0.00220215 0.00561624 0.0593072
66
1
-0.362429 12.8515 -1.23365
0.0162852 0.031878 0.033611
67
1
-0.389662 12.8377 -1.29816
0.0404499 -0.00597003 0.0375833
68
1
-0.414516 12.8208 -1.35518
0.0063583 -0.00452216 0.0558719
69
1
-0.437973 12.802 -1.41786
0.00210054 0.0199648 0.0366998
70
1
-0.455609 12.7703 -1.47867
0.0096276 0.0349659 0.0310371
71
1
-0.475996 12.7283 -1.53235
0.0157988 0.0325931 0.0286168
72
1
-0.500626 12.6883 -1.57799
0.0157246 0.0210229 0.0246842
73
1
-0.526688 12.6559 -1.6183
0.0111931 0.0125662 0.0190333
74
1
-0.549779 12.6272 -1.65361
0.010882 0.0095763 0.0151379
75
1
-0.571953 12.5998 -1.68349
0.011807 0.00952687 0.0135686
76
1
-0.594064 12.5718 -1.70922
0.00905715 0.0100851 0.011871
77
1
-0.617345 12.5416 -1.73127
0.0093224 0.0123738 0.0102955
78
1
-0.641325 12.5083 -1.75018
0.0146291 0.0171567 0.011527
79
1
-0.66599 12.4728 -1.76469
0.0137003 0.0172708 0.0080644
80
1
-0.689594 12.4373 -1.77361
0.00997726 0.0183052 -0.00102898
81
1
-0.711768 12.401 -1.77907
0.00890545 0.0209389 -0.00752239
82
1
-0.731521 12.364 -1.78267
0.00640556 0.0167251 -0.0033287
83
1
-0.749329 12.3287 -1.78623
0.00555934 0.0169299 -2.05916e-005
84
1
-0.766686 12.2921 -1.79133
0.00780833 0.0193932 0.000207517
85
1
-0.786533 12.2549 -1.79932
0.00900263 0.0147209 0.00367749
86
1
-0.808241 12.2177 -1.81202
0.0134627 0.0151721 0.00703324
87
1
-0.832831 12.1811 -1.83224
0.0210043 0.0184461 0.0108439
88
1
-0.853758 12.1447 -1.85954
0.0136077 0.0147806 0.0124536
89
1
-0.869395 12.1113 -1.89302
0.00208664 0.0164073 0.019095
90
1
-0.878231 12.0776 -1.93373
-0.00493711 0.019601 0.0279441
91
1
-0.879596 12.0446 -1.98129
-0.00592092 0.0122951 0.0269144
92
1
-0.876067 12.0129 -2.035
-0.00197028 0.0067747 0.0215813
93
1
-0.871033 11.9766 -2.1014
-0.00181981 0.0201165 0.0347836
94
1
-0.860474 11.9309 -2.17759
-0.0143269 0.0360477 0.0431733
95
1
-0.846591 11.8868 -2.25628
-0.00825736 0.0129986 0.0362786
96
1
-0.834446 11.8516 -2.33859
0.00299045 0.0147426 0.0493585
97
1
-0.818377 11.8247 -2.42023
-0.00639603 0.0106183 0.0375181
98
1
-0.788931 11.8056 -2.49201
-0.0145772 0.00615759 0.0246326
99
1
-0.727705 11.786 -2.57848
-0.0503582 0.00511384 0.0511909
100
1
-0.652177 11.7598 -2.66282
-0.0412734 0.0197094 0.0397655
101
1
-0.57699 11.721 -2.74133
-0.0344783 0.0312428 0.0352444
102
1
-0.509508 11.6788 -2.80435
-0.0206234 0.00968558 0.0136206
103
1
-0.396023 11.6384 -2.91183
-0.0536482 0.00940437 0.0543819
104
1
-0.189505 11.6129 -3.04879
-0.0719722 0.000270929 0.0298626
105
1
-0.112327 6.40204 -0.0614409
0.0456176 -0.0041341 0.00616864
106
1
-1.59076 12.5522 0.0575771
0.0439002 0.0430077 -0.0230565
107
1
1.58187 12.5877 -0.199098
0.0462408 -0.0416658 -0.00814564
108
1
0.111841 6.40151 -0.0598369
0.0455069 0.00414933 -0.00636029
109
1
0.189733 11.6129 -3.04878
-0.0719779 -0.000281148 -0.0298489
110
1
0.396226 11.6384 -2.91186
-0.0536601 -0.00941083 -0.0543691
111
1
0.509695 11.6789 -2.80439
-0.0206193 -0.00968698 -0.0136153
112
1
0.57716 11.7211 -2.74139
-0.034469 -0.0312534 -0.0352369
113
1
0.652325 11.7599 -2.66289
-0.0412757 -0.0197138 -0.0397466
114
1
0.727841 11.7861 -2.57859
-0.0503681 -0.00511277 -0.0511648
115
1
0.789059 11.8057 -2.49217
-0.0145828 -0.0061476 -0.0246175
116
1
0.818506 11.8248 -2.42043
-0.00640493 -0.0105968 -0.0374888
117
1
0.834596 11.8517 -2.33886
0.00297839 -0.0147123 -0.0493146
118
1
0.846772 11.8868 -2.25664
-0.00827656 -0.0129709 -0.0362566
119
1
0.860698 11.9309 -2.17803
-0.0143828 -0.0360491 -0.0431278
120
1
0.871324 11.9766 -2.10197
-0.00187415 -0.0201471 -0.0346977
121
1
0.876429 12.013 -2.03574
-0.00200915 -0.00679321 -0.0215011
122
1
0.880013 12.0447 -1.98224
-0.00599591 -0.0123553 -0.0268016
123
1
0.878654 12.0779 -1.93492
-0.00504156 -0.0196686 -0.0278268
124
1
0.869821 12.1115 -1.89448
0.00201067 -0.0164019 -0.0190067
125
1
0.854165 12.1448 -1.86129
0.0135703 -0.014709 -0.0123554
126
1
0.83328 12.181 -1.83429
0.0210245 -0.0183084 -0.0106822
127
1
0.808612 12.2174 -1.81445
0.0135382 -0.0149898 -0.00688419
128
1
0.786709 12.2541 -1.80215
0.00911974 -0.0144535 -0.00354597
129
1
0.766494 12.2907 -1.79459
0.00799447 -0.0189219 -1.79817e-005
130
1
0.748717 12.3265 -1.78996
0.00575974 -0.0163881 0.000232067
131
1
0.730444 12.3609 -1.78688
0.00655139 -0.0161714 0.00368997
132
1
0.710226 12.3969 -1.78377
0.00895691 -0.0202456 0.00807557
133
1
0.687653 12.4322 -1.77877
0.0100509 -0.0176871 0.00148182
134
1
0.663731 12.4667 -1.77032
0.0139709 -0.016848 -0.00783076
135
1
0.638855 12.5013 -1.75626
0.0148359 -0.0168202 -0.0115536
136
1
0.614836 12.5338 -1.73765
0.00926602 -0.0120672 -0.0103441
137
1
0.591595 12.5633 -1.71571
0.00894288 -0.00977522 -0.0119965
138
1
0.569566 12.5905 -1.68975
0.0116805 -0.0090793 -0.0137334
139
1
0.547523 12.6172 -1.65963
0.0107278 -0.00906989 -0.0152241
140
1
0.524521 12.6452 -1.62398
0.0111309 -0.012007 -0.0190911
141
1
0.49852 12.6773 -1.5837
0.016009 -0.0206543 -0.0247077
142
1
0.473863 12.7166 -1.53828
0.0164276 -0.0331605 -0.0289452
143
1
0.453719 12.7573 -1.48435
0.00950453 -0.0355385 -0.0316858
144
1
0.435985 12.7868 -1.42366
0.000943534 -0.0178774 -0.0371197
145
1
0.413414 12.8039 -1.36189
0.00671108 0.00848632 -0.0542118
146
1
0.391296 12.8191 -1.30552
0.0379065 0.00477377 -0.0318803
147
1
0.368475 12.8314 -1.23963
0.00826463 -0.0321045 -0.0420667
148
1
0.341738 12.8589 -1.16673
0.00375326 -0.00141856 -0.0673854
149
1
0.313968 12.8728 -1.10425
0.023245 -0.00345781 0.00324225
150
1
0.289 12.9365 -1.0283
-0.0341121 -0.0407026 -0.0498997
151
1
0.307688 12.9919 -0.976894
0.000381083 -0.00577281 -0.0313045
152
1
0.371252 13.0284 -0.903007
-0.0104319 -0.0102434 0.0105667
153
1
0.0172986 13.8548 -1.13611
0.0419696 -0.00793348 -0.0186873
154
1
0.0490057 13.9251 -0.0733075
-0.0256883 0.0308165 0.0152156
155
1
0.0687348 15.006 -0.00987714
-0.0133211 0.00286958 -0.0767213
156
1
0.0511839 13.9242 0.0733139
0.0250835 -0.0315266 0.015641
157
1
0.11885 13.8183 1.25753
0.0491691 -0.0349239 -0.0225999
158
1
0.335284 13.0432 0.886654
0.0133965 0.00826191 0.00888019
159
1
0.270671 13.0126 0.970225
-0.00650701 0.00844109 -0.0347243
160
1
0.2632 12.9574 1.02525
0.0260997 0.0410942 -0.0554079
161
1
0.300398 12.8971 1.10543
-0.0208913 0.00125101 0.00338045
162
1
0.332779 12.8837 1.16557
-0.00220307 0.00561585 -0.0593068
163
1
0.362419 12.8515 1.23365
-0.016286 0.031877 -0.0336107
164
1
0.389654 12.8377 1.29816
-0.0404508 -0.0059704 -0.0375829
165
1
0.41451 12.8208 1.35519
-0.00635955 -0.00452217 -0.0558714
166
1
0.437968 12.802 1.41787
-0.00210145 0.0199648 -0.0366994
167
1
0.455606 12.7703 1.47868
-0.00962832 0.0349657 -0.0310365
168
1
0.475993 12.7283 1.53236
-0.0157994 0.0325932 -0.0286163
169
1
0.500624 12.6883 1.578
-0.0157251 0.0210231 -0.0246839
170
1
0.526688 12.6559 1.61831
-0.0111934 0.0125665 -0.0190332
171
1
0.549779 12.6272 1.65362
-0.0108822 0.00957655 -0.0151378
172
1
0.571954 12.5998 1.68349
-0.0118072 0.00952711 -0.0135685
173
1
0.594065 12.5718 1.70922
-0.00905727 0.0100853 -0.0118709
174
1
0.617346 12.5416 1.73128
-0.00932249 0.012374 -0.0102954
175
1
0.641326 12.5083 1.75018
-0.0146291 0.0171569 -0.0115268
176
1
0.665991 12.4728 1.76469
-0.0137003 0.0172709 -0.00806428
177
1
0.689595 12.4373 1.77361
-0.00997725 0.0183053 0.00102906
178
1
0.71177 12.401 1.77907
-0.00890543 0.020939 0.00752247
179
1
0.731522 12.364 1.78267
-0.00640551 0.0167251 0.00332877
180
1
0.74933 12.3287 1.78623
-0.00555929 0.0169299 2.06696e-005
181
1
0.766687 12.2921 1.79133
-0.0078083 0.0193932 -0.00020744
182
1
0.786534 12.2549 1.79932
-0.00900261 0.0147209 -0.00367745
183
1
0.808242 12.2178 1.81202
-0.0134626 0.0151721 -0.00703322
184
1
0.832832 12.1811 1.83225
-0.0210043 0.0184461 -0.0108439
185
1
0.853759 12.1447 1.85954
-0.0136077 0.0147806 -0.0124536
186
1
0.869396 12.1113 1.89302
-0.0020866 0.0164073 -0.0190949
187
1
0.878232 12.0776 1.93373
0.00493717 0.019601 -0.027944
188
1
0.879596 12.0446 1.98129
0.00592096 0.0122951 -0.0269143
189
1
0.876067 12.0129 2.035
0.00197031 0.00677471 -0.0215813
190
1
0.871034 11.9766 2.1014
0.00181986 0.0201165 -0.0347835
191
1
0.860474 11.9309 2.17759
0.014327 0.0360478 -0.0431733
192
1
0.846591 11.8868 2.25628
0.00825738 0.0129986 -0.0362786
193
1
0.834447 11.8516 2.33859
-0.00299042 0.0147426 -0.0493585
