194
0
1
0.841316 2.33671 1.73551
0.0317199 -0.0237263 -0.0209377
1
1
0.776939 2.38108 1.77637
0.034723 -0.0223532 -0.0204512
2
1
0.705482 2.4232 1.81624
0.037549 -0.0204077 -0.0197487
3
1
0.62786 2.4624 1.85436
0.040691 -0.0188785 -0.0189236
4
1
0.54415 2.49883 1.88872
0.0431901 -0.0169307 -0.0158655
5
1
0.454738 2.53143 1.91782
0.0458657 -0.0148052 -0.0124369
6
1
0.359901 2.55903 1.94063
0.048649 -0.0122103 -0.00877042
7
1
0.260329 2.58021 1.95703
0.0508362 -0.00874518 -0.0058125
8
1
0.157419 2.59456 1.96827
0.0520863 -0.00558867 -0.00377933
9
1
0.0526727 2.60215 1.97447
0.0526911 -0.0021104 -0.00135512
10
1
-0.0526727 2.60215 1.97447
0.0526911 0.0021104 0.00135512
11
1
-0.157419 2.59456 1.96827
0.0520863 0.00558867 0.00377933
12
1
-0.260329 2.58021 1.95703
0.0508362 0.00874518 0.0058125
13
1
-0.359901 2.55903 1.94063
0.048649 0.0122103 0.00877042
14
1
-0.454738 2.53143 1.91782
0.0458657 0.0148052 0.0124369
15
1
-0.54415 2.49883 1.88872
0.0431901 0.0169307 0.0158655
16
1
-0.62786 2.4624 1.85436
0.040691 0.0188785 0.0189236
17
1
-0.705482 2.4232 1.81624
0.037549 0.0204077 0.0197487
18
1
-0.776939 2.38108 1.77637
0.034723 0.0223532 0.0204512
19
1
-0.841316 2.33671 1.73551
0.0317199 0.0237263 0.0209377
20
1
-0.898024 2.29114 1.69413
0.0272203 0.0237152 0.0206213
21
1
-0.947251 2.24515 1.65184
0.0233354 0.0231918 0.0214474
22
1
-0.989814 2.19973 1.60864
0.0199413 0.0225659 0.0218987
23
1
-1.02638 2.15488 1.56449
0.0172459 0.0221096 0.0221027
24
1
-1.05757 2.11035 1.52032
0.0145524 0.0218856 0.0221229
25
1
-1.0843 2.06609 1.47665
0.0126165 0.0219637 0.0219129
26
1
-1.10646 2.02184 1.4335
0.0107975 0.0221544 0.021002
27
1
-1.12391 1.97712 1.3917
0.00875006 0.0222507 0.0200404
28
1
-1.13698 1.93248 1.35111
0.0066096 0.0219936 0.019945
29
1
-1.14543 1.88854 1.31097
0.00383799 0.0214787 0.0201508
30
1
-1.14888 1.84541 1.27099
0.00038976 0.0210598 0.0200195
31
1
-1.14764 1.80309 1.23106
-0.00274231 0.0207258 0.0198954
32
1
-1.14258 1.76204 1.19049
-0.00498923 0.0201093 0.0202419
33
1
-1.13399 1.72317 1.14838
-0.00673247 0.0190078 0.0209915
34
1
-1.12169 1.68694 1.10459
-0.00835944 0.0176561 0.0218141
35
1
-1.10583 1.65322 1.05951
-0.00978149 0.0164234 0.0225009
36
1
-1.08711 1.62158 1.01348
-0.0108416 0.0154563 0.0230416
37
1
-1.06622 1.59201 0.966453
-0.0116186 0.0146886 0.0234683
38
1
-1.04323 1.5647 0.918542
-0.0123205 0.0140038 0.023751
39
1
-1.01758 1.53974 0.870392
-0.0131208 0.0133196 0.0238169
40
1
-0.988832 1.51669 0.82299
-0.0141013 0.0125487 0.0236369
41
1
-0.957086 1.49488 0.777094
-0.0152749 0.011591 0.023241
42
1
-0.923036 1.47395 0.732773
-0.0166201 0.0103832 0.0226878
43
1
-0.88746 1.45427 0.689422
-0.018045 0.00893468 0.022057
44
1
-0.850801 1.43689 0.646285
-0.0193745 0.00729361 0.0214502
45
1
-0.813105 1.42304 0.603004
-0.0204076 0.00549924 0.0209559
46
1
-0.774344 1.41347 0.55976
-0.0210065 0.00361251 0.0206147
47
1
-0.734769 1.40818 0.516871
-0.0211203 0.00171509 0.0204554
48
1
-0.694999 1.40658 0.474365
-0.0207633 -9.07504e-005 0.020511
49
1
-0.655934 1.40787 0.431841
-0.0199861 -0.00169004 0.0207908
50
1
-0.618584 1.41138 0.388687
-0.0188383 -0.00297765 0.0212681
51
1
-0.58389 1.41654 0.344393
-0.0173555 -0.00387708 0.0218923
52
1
-0.552621 1.42282 0.298698
-0.0155624 -0.00435146 0.0226067
53
1
-0.525363 1.42965 0.25156
-0.0134843 -0.0044018 0.0233571
54
1
-0.502539 1.43637 0.203082
-0.0111469 -0.00405737 0.0240901
55
1
-0.484465 1.44236 0.153434
-0.00858334 -0.00337079 0.0247502
56
1
-0.471376 1.44705 0.102845
-0.00582986 -0.00240872 0.0252796
57
1
-0.463444 1.45003 0.0515939
-0.00294789 -0.0012515 0.0256241
58
1
-0.460783 1.45105 -4.55051e-016
1.22954e-016 -1.56892e-017 0.0257441
59
1
-0.463444 1.45003 -0.0515939
0.00294789 0.0012515 0.0256241
60
1
-0.471376 1.44705 -0.102845
0.00582986 0.00240872 0.0252796
61
1
-0.484465 1.44236 -0.153434
0.00858334 0.00337079 0.0247502
62
1
-0.502539 1.43637 -0.203082
0.0111469 0.00405737 0.0240901
63
1
-0.525363 1.42965 -0.25156
0.0134843 0.0044018 0.0233571
64
1
-0.552621 1.42282 -0.298698
0.0155624 0.00435146 0.0226067
65
1
-0.58389 1.41654 -0.344393
0.0173555 0.00387708 0.0218923
66
1
-0.618584 1.41138 -0.388687
0.0188383 0.00297765 0.0212681
67
1
-0.655934 1.40787 -0.431841
0.0199861 0.00169004 0.0207908
68
1
-0.694999 1.40658 -0.474365
0.0207633 9.07504e-005 0.020511
69
1
-0.734769 1.40818 -0.516871
0.0211203 -0.00171509 0.0204554
70
1
-0.774344 1.41347 -0.55976
0.0210065 -0.00361251 0.0206147
71
1
-0.813105 1.42304 -0.603004
0.0204076 -0.00549924 0.0209559
72
1
-0.850801 1.43689 -0.646285
0.0193745 -0.00729361 0.0214502
73
1
-0.88746 1.45427 -0.689422
0.018045 -0.00893468 0.022057
74
1
-0.923036 1.47395 -0.732773
0.0166201 -0.0103832 0.0226878
75
1
-0.957086 1.49488 -0.777094
0.0152749 -0.011591 0.023241
76
1
-0.988832 1.51669 -0.82299
0.0141013 -0.0125487 0.0236369
77
1
-1.01758 1.53974 -0.870392
0.0131208 -0.0133196 0.0238169
78
1
-1.04323 1.5647 -0.918542
0.0123205 -0.0140038 0.023751
79
1
-1.06622 1.59201 -0.966453
0.0116186 -0.0146886 0.0234683
80
1
-1.08711 1.62158 -1.01348
0.0108416 -0.0154563 0.0230416
81
1
-1.10583 1.65322 -1.05951
0.00978149 -0.0164234 0.0225009
82
1
-1.12169 1.68694 -1.10459
0.00835944 -0.0176561 0.0218141
83
1
-1.13399 1.72317 -1.14838
0.00673247 -0.0190078 0.0209915
84
1
-1.14258 1.76204 -1.19049
0.00498923 -0.0201093 0.0202419
85
1
-1.14764 1.80309 -1.23106
0.00274231 -0.0207258 0.0198954
86
1
-1.14888 1.84541 -1.27099
-0.00038976 -0.0210598 0.0200195
87
1
-1.14543 1.88854 -1.31097
-0.00383799 -0.0214787 0.0201508
88
1
-1.13698 1.93248 -1.35111
-0.0066096 -0.0219936 0.019945
89
1
-1.12391 1.97712 -1.3917
-0.00875006 -0.0222507 0.0200404
90
1
-1.10646 2.02184 -1.4335
-0.0107975 -0.0221544 0.021002
91
1
-1.0843 2.06609 -1.47665
-0.0126165 -0.0219637 0.0219129
92
1
-1.05757 2.11035 -1.52032
-0.0145524 -0.0218856 0.0221229
93
1
-1.02638 2.15488 -1.56449
-0.0172459 -0.0221096 0.0221027
94
1
-0.989814 2.19973 -1.60864
-0.0199413 -0.0225659 0.0218987
95
1
-0.947251 2.24515 -1.65184
-0.0233354 -0.0231918 0.0214474
96
1
-0.898024 2.29114 -1.69413
-0.0272203 -0.0237152 0.0206213
97
1
-0.841316 2.33671 -1.73551
-0.0317199 -0.0237263 0.0209377
98
1
-0.776939 2.38108 -1.77637
-0.034723 -0.0223532 0.0204512
99
1
-0.705482 2.4232 -1.81624
-0.037549 -0.0204077 0.0197487
100
1
-0.62786 2.4624 -1.85436
-0.040691 -0.0188785 0.0189236
101
1
-0.54415 2.49883 -1.88872
-0.0431901 -0.0169307 0.0158655
102
1
-0.454738 2.53143 -1.91782
-0.0458657 -0.0148052 0.0124369
103
1
-0.359901 2.55903 -1.94063
-0.048649 -0.0122103 0.00877042
104
1
-0.260329 2.58021 -1.95703
-0.0508362 -0.00874518 0.0058125
105
1
-0.157419 2.59456 -1.96827
-0.0520863 -0.00558867 0.00377933
106
1
-0.0526727 2.60215 -1.97447
-0.0526911 -0.0021104 0.00135512
107
1
0.0526727 2.60215 -1.97447
-0.0526911 0.0021104 -0.00135512
108
1
0.157419 2.59456 -1.96827
-0.0520863 0.00558867 -0.00377933
109
1
0.260329 2.58021 -1.95703
-0.0508362 0.00874518 -0.0058125
110
1
0.359901 2.55903 -1.94063
-0.048649 0.0122103 -0.00877042
111
1
0.454738 2.53143 -1.91782
-0.0458657 0.0148052 -0.0124369
112
1
0.54415 2.49883 -1.88872
-0.0431901 0.0169307 -0.0158655
113
1
0.62786 2.4624 -1.85436
-0.040691 0.0188785 -0.0189236
114
1
0.705482 2.4232 -1.81624
-0.037549 0.0204077 -0.0197487
115
1
0.776939 2.38108 -1.77637
-0.034723 0.0223532 -0.0204512
116
1
0.841316 2.33671 -1.73551
-0.0317199 0.0237263 -0.0209377
117
1
0.898024 2.29114 -1.69413
-0.0272203 0.0237152 -0.0206213
118
1
0.947251 2.24515 -1.65184
-0.0233354 0.0231918 -0.0214474
119
1
0.989814 2.19973 -1.60864
-0.0199413 0.0225659 -0.0218987
120
1
1.02638 2.15488 -1.56449
-0.0172459 0.0221096 -0.0221027
121
1
1.05757 2.11035 -1.52032
-0.0145524 0.0218856 -0.0221229
122
1
1.0843 2.06609 -1.47665
-0.0126165 0.0219637 -0.0219129
123
1
1.10646 2.02184 -1.4335
-0.0107975 0.0221544 -0.021002
124
1
1.12391 1.97712 -1.3917
-0.00875006 0.0222507 -0.0200404
125
1
1.13698 1.93248 -1.35111
-0.0066096 0.0219936 -0.019945
126
1
1.14543 1.88854 -1.31097
-0.00383799 0.0214787 -0.0201508
127
1
1.14888 1.84541 -1.27099
-0.00038976 0.0210598 -0.0200195
128
1
1.14764 1.80309 -1.23106
0.00274231 0.0207258 -0.0198954
129
1
1.14258 1.76204 -1.19049
0.00498923 0.0201093 -0.0202419
130
1
1.13399 1.72317 -1.14838
0.00673247 0.0190078 -0.0209915
131
1
1.12169 1.68694 -1.10459
0.00835944 0.0176561 -0.0218141
132
1
1.10583 1.65322 -1.05951
0.00978149 0.0164234 -0.0225009
133
1
1.08711 1.62158 -1.01348
0.0108416 0.0154563 -0.0230416
134
1
1.06622 1.59201 -0.966453
0.0116186 0.0146886 -0.0234683
135
1
1.04323 1.5647 -0.918542
0.0123205 0.0140038 -0.023751
136
1
1.01758 1.53974 -0.870392
0.0131208 0.0133196 -0.0238169
137
1
0.988832 1.51669 -0.82299
0.0141013 0.0125487 -0.0236369
138
1
0.957086 1.49488 -0.777094
0.0152749 0.011591 -0.023241
139
1
0.923036 1.47395 -0.732773
0.0166201 0.0103832 -0.0226878
140
1
0.88746 1.45427 -0.689422
0.018045 0.00893468 -0.022057
141
1
0.850801 1.43689 -0.646285
0.0193745 0.00729361 -0.0214502
142
1
0.813105 1.42304 -0.603004
0.0204076 0.00549924 -0.0209559
143
1
0.774344 1.41347 -0.55976
0.0210065 0.00361251 -0.0206147
144
1
0.734769 1.40818 -0.516871
0.0211203 0.00171509 -0.0204554
145
1
0.694999 1.40658 -0.474365
0.0207633 -9.07504e-005 -0.020511
146
1
0.655934 1.40787 -0.431841
0.0199861 -0.00169004 -0.0207908
147
1
0.618584 1.41138 -0.388687
0.0188383 -0.00297765 -0.0212681
148
1
0.58389 1.41654 -0.344393
0.0173555 -0.00387708 -0.0218923
149
1
0.552621 1.42282 -0.298698
0.0155624 -0.00435146 -0.0226067
150
1
0.525363 1.42965 -0.25156
0.0134843 -0.0044018 -0.0233571
151
1
0.502539 1.43637 -0.203082
0.0111469 -0.00405737 -0.0240901
152
1
0.484465 1.44236 -0.153434
0.00858334 -0.00337079 -0.0247502
153
1
0.471376 1.44705 -0.102845
0.00582986 -0.00240872 -0.0252796
154
1
0.463444 1.45003 -0.0515939
0.00294789 -0.0012515 -0.0256241
155
1
0.460783 1.45105 -3.1359e-016
1.58884e-016 2.5225e-017 -0.0257441
156
1
0.463444 1.45003 0.0515939
-0.00294789 0.0012515 -0.0256241
157
1
0.471376 1.44705 0.102845
-0.00582986 0.00240872 -0.0252796
158
1
0.484465 1.44236 0.153434
-0.00858334 0.00337079 -0.0247502
159
1
0.502539 1.43637 0.203082
-0.0111469 0.00405737 -0.0240901
160
1
0.525363 1.42965 0.25156
-0.0134843 0.0044018 -0.0233571
161
1
0.552621 1.42282 0.298698
-0.0155624 0.00435146 -0.0226067
162
1
0.58389 1.41654 0.344393
-0.0173555 0.00387708 -0.0218923
163
1
0.618584 1.41138 0.388687
-0.0188383 0.00297765 -0.0212681
164
1
0.655934 1.40787 0.431841
-0.0199861 0.00169004 -0.0207908
165
1
0.694999 1.40658 0.474365
-0.0207633 9.07504e-005 -0.020511
166
1
0.734769 1.40818 0.516871
-0.0211203 -0.00171509 -0.0204554
167
1
0.774344 1.41347 0.55976
-0.0210065 -0.00361251 -0.0206147
168
1
0.813105 1.42304 0.603004
-0.0204076 -0.00549924 -0.0209559
169
1
0.850801 1.43689 0.646285
-0.0193745 -0.00729361 -0.0214502
170
1
0.88746 1.45427 0.689422
-0.018045 -0.00893468 -0.022057
171
1
0.923036 1.47395 0.732773
-0.0166201 -0.0103832 -0.0226878
172
1
0.957086 1.49488 0.777094
-0.0152749 -0.011591 -0.023241
173
1
0.988832 1.51669 0.82299
-0.0141013 -0.0125487 -0.0236369
174
1
1.01758 1.53974 0.870392
-0.0131208 -0.0133196 -0.0238169
175
1
1.04323 1.5647 0.918542
-0.0123205 -0.0140038 -0.023751
176
1
1.06622 1.59201 0.966453
-0.0116186 -0.0146886 -0.0234683
177
1
1.08711 1.62158 1.01348
-0.0108416 -0.0154563 -0.0230416
178
1
1.10583 1.65322 1.05951
-0.00978149 -0.0164234 -0.0225009
179
1
1.12169 1.68694 1.10459
-0.00835944 -0.0176561 -0.0218141
180
1
1.13399 1.72317 1.14838
-0.00673247 -0.0190078 -0.0209915
181
1
1.14258 1.76204 1.19049
-0.00498923 -0.0201093 -0.0202419
182
1
1.14764 1.80309 1.23106
-0.00274231 -0.0207258 -0.0198954
183
1
1.14888 1.84541 1.27099
0.00038976 -0.0210598 -0.0200195
184
1
1.14543 1.88854 1.31097
0.00383799 -0.0214787 -0.0201508
185
1
1.13698 1.93248 1.35111
0.0066096 -0.0219936 -0.019945
186
1
1.12391 1.97712 1.3917
0.00875006 -0.0222507 -0.0200404
187
1
1.10646 2.02184 1.4335
0.0107975 -0.0221544 -0.021002
188
1
1.0843 2.06609 1.47665
0.0126165 -0.0219637 -0.0219129
189
1
1.05757 2.11035 1.52032
0.0145524 -0.0218856 -0.0221229
190
1
1.02638 2.15488 1.56449
0.0172459 -0.0221096 -0.0221027
191
1
0.989814 2.19973 1.60864
0.0199413 -0.0225659 -0.0218987
192
1
0.947251 2.24515 1.65184
0.0233354 -0.0231918 -0.0214474
193
1
0.898024 2.29114 1.69413
0.0272203 -0.0237152 -0.0206213
