194
0
1
1.13625 8.95008 0.621588
0.0564653 0.0125588 0.00551912
1
1
1.02692 8.92443 0.606433
0.0553846 0.0141527 0.00922905
2
1
0.912367 8.89073 0.585096
0.058685 0.0193792 0.0132096
3
1
0.795577 8.84868 0.555267
0.0584994 0.0238838 0.0179455
4
1
0.673621 8.8006 0.512883
0.0593654 0.0252647 0.0263388
5
1
0.544181 8.74633 0.455051
0.0649026 0.0273152 0.0319013
6
1
0.405182 8.68407 0.363736
0.0579108 0.0225268 0.0432256
7
1
0.242061 8.60399 0.209095
0.0416445 0.0325649 0.0572461
8
1
0.177992 6.50114 0.0613519
-0.0451077 0.016093 -0.00941236
9
1
0.0489099 12.2529 0.283422
0.00101932 -0.0292051 -0.0713438
10
1
-0.0489099 12.2529 0.283422
0.00101932 0.0292051 0.0713438
11
1
-0.177991 6.50114 0.0613447
-0.0451071 -0.0160928 0.00941263
12
1
-0.242061 8.60399 0.209095
0.0416445 -0.0325649 -0.0572461
13
1
-0.405182 8.68407 0.363736
0.0579108 -0.0225268 -0.0432256
14
1
-0.544181 8.74633 0.455051
0.0649026 -0.0273152 -0.0319013
15
1
-0.673621 8.8006 0.512883
0.0593654 -0.0252647 -0.0263388
16
1
-0.795577 8.84868 0.555267
0.0584994 -0.0238838 -0.0179455
17
1
-0.912367 8.89073 0.585096
0.058685 -0.0193792 -0.0132096
18
1
-1.02692 8.92443 0.606433
0.0553846 -0.0141527 -0.00922905
19
1
-1.13625 8.95008 0.621588
0.0564653 -0.0125588 -0.00551912
20
1
-1.23782 8.96994 0.631201
0.0483349 -0.00825355 -0.00243084
21
1
-1.33231 8.98552 0.63568
0.0447243 -0.0067225 -0.000245295
22
1
-1.41983 8.99633 0.635441
0.0435846 -0.00321841 0.00122287
23
1
-1.50404 9.00152 0.632432
0.0396476 0.000173901 0.00177476
24
1
-1.5846 9.00249 0.628335
0.0387184 0.000645089 0.00186875
25
1
-1.66114 9.00182 0.623955
0.0382375 0.00116932 0.00271692
26
1
-1.73368 9.00163 0.619546
0.0333412 0.00132108 0.00292693
27
1
-1.80143 9.00363 0.616086
0.0309528 0.00052938 0.00161553
28
1
-1.86575 9.00827 0.615022
0.0318933 -0.000827732 -0.000678058
29
1
-1.92828 9.01565 0.61636
0.0312502 -0.00299892 -0.00244836
30
1
-1.98839 9.02647 0.619392
0.0294573 -0.00561798 -0.00355452
31
1
-2.04586 9.04141 0.623527
0.027838 -0.00839444 -0.00387193
32
1
-2.10019 9.06069 0.628379
0.0260019 -0.0105423 -0.00437409
33
1
-2.15092 9.08403 0.633084
0.0246064 -0.0125132 -0.00443899
34
1
-2.19834 9.11123 0.636532
0.0231456 -0.0154681 -0.00225087
35
1
-2.24267 9.14175 0.637962
0.0206095 -0.0170965 -0.000140172
36
1
-2.28372 9.17462 0.637244
0.0184624 -0.0165165 0.000295964
37
1
-2.32299 9.20899 0.633389
0.0182393 -0.017858 0.00274323
38
1
-2.36193 9.24444 0.625898
0.018106 -0.0193384 0.00532158
39
1
-2.40027 9.28057 0.615092
0.0168829 -0.0177585 0.00493431
40
1
-2.43783 9.31632 0.600789
0.0181462 -0.0174492 0.00753254
41
1
-2.47535 9.35174 0.583704
0.0202525 -0.0183785 0.0119078
42
1
-2.51383 9.38588 0.565705
0.0189176 -0.0165521 0.0105236
43
1
-2.55338 9.41793 0.547252
0.0188636 -0.0147325 0.00830117
44
1
-2.59383 9.44825 0.527387
0.0214776 -0.0146937 0.0100567
45
1
-2.63464 9.4784 0.505305
0.0217296 -0.0155329 0.0123905
46
1
-2.67446 9.50978 0.481557
0.0203592 -0.0164667 0.0111189
47
1
-2.71292 9.54245 0.456788
0.0201788 -0.0169846 0.0105315
48
1
-2.74865 9.57575 0.429621
0.0189205 -0.0190066 0.0136938
49
1
-2.77982 9.60835 0.400456
0.0161461 -0.0190437 0.0148382
50
1
-2.80651 9.639 0.368869
0.0127889 -0.016326 0.0138249
51
1
-2.82966 9.66713 0.333688
0.0107691 -0.0142447 0.0169837
52
1
-2.85019 9.69169 0.294131
0.0107304 -0.0121396 0.023111
53
1
-2.86827 9.7126 0.249735
0.00896345 -0.010194 0.028045
54
1
-2.88335 9.72917 0.201841
0.00576172 -0.00787918 0.028288
55
1
-2.89495 9.7415 0.152277
0.00427558 -0.00497721 0.0272673
56
1
-2.90345 9.74992 0.10208
0.00380729 -0.00181429 0.0267573
57
1
-2.90845 9.75379 0.0508032
0.00160942 -0.000428842 0.0260521
58
1
-2.90973 9.7548 6.93912e-010
-1.08703e-012 9.01939e-011 0.0257352
59
1
-2.90845 9.75379 -0.0508032
-0.00160942 0.000428842 0.0260521
60
1
-2.90345 9.74992 -0.10208
-0.00380729 0.00181429 0.0267573
61
1
-2.89495 9.7415 -0.152277
-0.00427558 0.00497721 0.0272673
62
1
-2.88335 9.72917 -0.201841
-0.00576172 0.00787918 0.028288
63
1
-2.86827 9.7126 -0.249735
-0.00896345 0.010194 0.028045
64
1
-2.85019 9.69169 -0.294131
-0.0107304 0.0121396 0.023111
65
1
-2.82966 9.66713 -0.333688
-0.0107691 0.0142447 0.0169837
66
1
-2.80651 9.639 -0.368869
-0.0127889 0.016326 0.0138249
67
1
-2.77982 9.60835 -0.400456
-0.0161461 0.0190437 0.0148382
68
1
-2.74865 9.57575 -0.429621
-0.0189205 0.0190066 0.0136938
69
1
-2.71292 9.54245 -0.456788
-0.0201788 0.0169846 0.0105315
70
1
-2.67446 9.50978 -0.481557
-0.0203592 0.0164667 0.0111189
71
1
-2.63464 9.4784 -0.505305
-0.0217296 0.0155329 0.0123905
72
1
-2.59383 9.44825 -0.527387
-0.0214776 0.0146937 0.0100567
73
1
-2.55338 9.41793 -0.547252
-0.0188636 0.0147325 0.00830117
74
1
-2.51383 9.38588 -0.565705
-0.0189176 0.0165521 0.0105236
75
1
-2.47535 9.35174 -0.583704
-0.0202525 0.0183785 0.0119078
76
1
-2.43783 9.31632 -0.600789
-0.0181462 0.0174492 0.00753254
77
1
-2.40027 9.28057 -0.615092
-0.0168829 0.0177585 0.00493431
78
1
-2.36193 9.24444 -0.625898
-0.018106 0.0193384 0.00532158
79
1
-2.32299 9.20899 -0.633389
-0.0182393 0.017858 0.00274323
80
1
-2.28372 9.17462 -0.637244
-0.0184624 0.0165165 0.000295964
81
1
-2.24267 9.14175 -0.637962
-0.0206095 0.0170965 -0.000140172
82
1
-2.19834 9.11123 -0.636532
-0.0231456 0.0154681 -0.00225087
83
1
-2.15092 9.08403 -0.633084
-0.0246064 0.0125132 -0.00443899
84
1
-2.10019 9.06069 -0.628379
-0.0260019 0.0105423 -0.00437409
85
1
-2.04586 9.04141 -0.623527
-0.027838 0.00839444 -0.00387193
86
1
-1.98839 9.02647 -0.619392
-0.0294573 0.00561798 -0.00355452
87
1
-1.92828 9.01565 -0.61636
-0.0312502 0.00299892 -0.00244836
88
1
-1.86575 9.00827 -0.615022
-0.0318933 0.000827732 -0.000678057
89
1
-1.80143 9.00363 -0.616086
-0.0309528 -0.000529379 0.00161553
90
1
-1.73368 9.00163 -0.619546
-0.0333412 -0.00132108 0.00292693
91
1
-1.66114 9.00182 -0.623955
-0.0382375 -0.00116932 0.00271692
92
1
-1.5846 9.00249 -0.628335
-0.0387184 -0.000645089 0.00186875
93
1
-1.50404 9.00152 -0.632432
-0.0396476 -0.0001739 0.00177477
94
1
-1.41983 8.99633 -0.635441
-0.0435846 0.00321841 0.00122287
95
1
-1.33231 8.98552 -0.63568
-0.0447243 0.0067225 -0.000245294
96
1
-1.23782 8.96994 -0.631201
-0.0483349 0.00825355 -0.00243084
97
1
-1.13625 8.95008 -0.621588
-0.0564653 0.0125588 -0.00551912
98
1
-1.02692 8.92443 -0.606433
-0.0553846 0.0141527 -0.00922905
99
1
-0.912367 8.89073 -0.585096
-0.058685 0.0193792 -0.0132096
100
1
-0.795577 8.84868 -0.555267
-0.0584994 0.0238838 -0.0179455
101
1
-0.673621 8.8006 -0.512883
-0.0593654 0.0252647 -0.0263388
102
1
-0.544181 8.74633 -0.455051
-0.0649026 0.0273152 -0.0319013
103
1
-0.405182 8.68407 -0.363736
-0.0579108 0.0225268 -0.0432256
104
1
-0.242061 8.60399 -0.209095
-0.0416445 0.0325649 -0.0572461
105
1
-0.177992 6.50114 -0.0613506
0.0451077 0.016093 0.00941248
106
1
-0.0489099 12.2529 -0.283422
-0.00101932 -0.0292051 0.0713438
107
1
0.0489099 12.2529 -0.283422
-0.00101932 0.0292051 -0.0713438
108
1
0.177991 6.50114 -0.0613435
0.045107 -0.0160928 -0.00941275
109
1
0.242061 8.60399 -0.209095
-0.0416445 -0.0325649 0.0572461
110
1
0.405182 8.68407 -0.363736
-0.0579108 -0.0225268 0.0432256
111
1
0.544181 8.74633 -0.455051
-0.0649026 -0.0273152 0.0319013
112
1
0.673621 8.8006 -0.512883
-0.0593654 -0.0252647 0.0263388
113
1
0.795577 8.84868 -0.555267
-0.0584994 -0.0238838 0.0179455
114
1
0.912367 8.89073 -0.585096
-0.058685 -0.0193792 0.0132096
115
1
1.02692 8.92443 -0.606433
-0.0553846 -0.0141527 0.00922905
116
1
1.13625 8.95008 -0.621588
-0.0564653 -0.0125588 0.00551912
117
1
1.23782 8.96994 -0.631201
-0.0483349 -0.00825355 0.00243084
118
1
1.33231 8.98552 -0.63568
-0.0447243 -0.0067225 0.000245295
119
1
1.41983 8.99633 -0.635441
-0.0435846 -0.00321841 -0.00122287
120
1
1.50404 9.00152 -0.632432
-0.0396476 0.000173901 -0.00177476
121
1
1.5846 9.00249 -0.628335
-0.0387184 0.000645089 -0.00186875
122
1
1.66114 9.00182 -0.623955
-0.0382375 0.00116932 -0.00271692
123
1
1.73368 9.00163 -0.619546
-0.0333412 0.00132108 -0.00292693
124
1
1.80143 9.00363 -0.616086
-0.0309528 0.00052938 -0.00161553
125
1
1.86575 9.00827 -0.615022
-0.0318933 -0.000827732 0.000678058
126
1
1.92828 9.01565 -0.61636
-0.0312502 -0.00299892 0.00244836
127
1
1.98839 9.02647 -0.619392
-0.0294573 -0.00561798 0.00355452
128
1
2.04586 9.04141 -0.623527
-0.027838 -0.00839444 0.00387193
129
1
2.10019 9.06069 -0.628379
-0.0260019 -0.0105423 0.00437409
130
1
2.15092 9.08403 -0.633084
-0.0246064 -0.0125132 0.00443899
131
1
2.19834 9.11123 -0.636532
-0.0231456 -0.0154681 0.00225087
132
1
2.24267 9.14175 -0.637962
-0.0206095 -0.0170965 0.000140172
133
1
2.28372 9.17462 -0.637244
-0.0184624 -0.0165165 -0.000295964
134
1
2.32299 9.20899 -0.633389
-0.0182393 -0.017858 -0.00274323
135
1
2.36193 9.24444 -0.625898
-0.018106 -0.0193384 -0.00532158
136
1
2.40027 9.28057 -0.615092
-0.0168829 -0.0177585 -0.00493431
137
1
2.43783 9.31632 -0.600789
-0.0181462 -0.0174492 -0.00753254
138
1
2.47535 9.35174 -0.583704
-0.0202525 -0.0183785 -0.0119078
139
1
2.51383 9.38588 -0.565705
-0.0189176 -0.0165521 -0.0105236
140
1
2.55338 9.41793 -0.547252
-0.0188636 -0.0147325 -0.00830117
141
1
2.59383 9.44825 -0.527387
-0.0214776 -0.0146937 -0.0100567
142
1
2.63464 9.4784 -0.505305
-0.0217296 -0.0155329 -0.0123905
143
1
2.67446 9.50978 -0.481557
-0.0203592 -0.0164667 -0.0111189
144
1
2.71292 9.54245 -0.456788
-0.0201788 -0.0169846 -0.0105315
145
1
2.74865 9.57575 -0.429621
-0.0189205 -0.0190066 -0.0136938
146
1
2.77982 9.60835 -0.400456
-0.0161461 -0.0190437 -0.0148382
147
1
2.80651 9.639 -0.368869
-0.0127889 -0.016326 -0.0138249
148
1
2.82966 9.66713 -0.333688
-0.0107691 -0.0142447 -0.0169837
149
1
2.85019 9.69169 -0.294131
-0.0107304 -0.0121396 -0.023111
150
1
2.86827 9.7126 -0.249735
-0.00896345 -0.010194 -0.028045
151
1
2.88335 9.72917 -0.201841
-0.00576172 -0.00787918 -0.028288
152
1
2.89495 9.7415 -0.152277
-0.00427558 -0.00497721 -0.0272673
153
1
2.90345 9.74992 -0.10208
-0.00380729 -0.00181429 -0.0267573
154
1
2.90845 9.75379 -0.0508032
-0.00160942 -0.000428842 -0.0260521
155
1
2.90973 9.7548 -1.12925e-009
-1.19032e-012 8.43766e-011 -0.0257352
156
1
2.90845 9.75379 0.0508032
0.00160942 0.000428842 -0.0260521
157
1
2.90345 9.74992 0.10208
0.00380729 0.00181429 -0.0267573
158
1
2.89495 9.7415 0.152277
0.00427558 0.00497721 -0.0272673
159
1
2.88335 9.72917 0.201841
0.00576172 0.00787918 -0.028288
160
1
2.86827 9.7126 0.249735
0.00896345 0.010194 -0.028045
161
1
2.85019 9.69169 0.294131
0.0107304 0.0121396 -0.023111
162
1
2.82966 9.66713 0.333688
0.0107691 0.0142447 -0.0169837
163
1
2.80651 9.639 0.368869
0.0127889 0.016326 -0.0138249
164
1
2.77982 9.60835 0.400456
0.0161461 0.0190437 -0.0148382
165
1
2.74865 9.57575 0.429621
0.0189205 0.0190066 -0.0136938
166
1
2.71292 9.54245 0.456788
0.0201788 0.0169846 -0.0105315
167
1
2.67446 9.50978 0.481557
0.0203592 0.0164667 -0.0111189
168
1
2.63464 9.4784 0.505305
0.0217296 0.0155329 -0.0123905
169
1
2.59383 9.44825 0.527387
0.0214776 0.0146937 -0.0100567
170
1
2.55338 9.41793 0.547252
0.0188636 0.0147325 -0.00830117
171
1
2.51383 9.38588 0.565705
0.0189176 0.0165521 -0.0105236
172
1
2.47535 9.35174 0.583704
0.0202525 0.0183785 -0.0119078
173
1
2.43783 9.31632 0.600789
0.0181462 0.0174492 -0.00753254
174
1
2.40027 9.28057 0.615092
0.0168829 0.0177585 -0.00493431
175
1
2.36193 9.24444 0.625898
0.018106 0.0193384 -0.00532158
176
1
2.32299 9.20899 0.633389
0.0182393 0.017858 -0.00274323
177
1
2.28372 9.17462 0.637244
0.0184624 0.0165165 -0.000295964
178
1
2.24267 9.14175 0.637962
0.0206095 0.0170965 0.000140172
179
1
2.19834 9.11123 0.636532
0.0231456 0.0154681 0.00225087
180
1
2.15092 9.08403 0.633084
0.0246064 0.0125132 0.00443899
181
1
2.10019 9.06069 0.628379
0.0260019 0.0105423 0.00437409
182
1
2.04586 9.04141 0.623527
0.027838 0.00839444 0.00387193
183
1
1.98839 9.02647 0.619392
0.0294573 0.00561798 0.00355452
184
1
1.92828 9.01565 0.61636
0.0312502 0.00299892 0.00244836
185
1
1.86575 9.00827 0.615022
0.0318933 0.000827732 0.000678057
186
1
1.80143 9.00363 0.616086
0.0309528 -0.000529379 -0.00161553
187
1
1.73368 9.00163 0.619546
0.0333412 -0.00132108 -0.00292693
188
1
1.66114 9.00182 0.623955
0.0382375 -0.00116932 -0.00271692
189
1
1.5846 9.00249 0.628335
0.0387184 -0.000645089 -0.00186875
190
1
1.50404 9.00152 0.632432
0.0396476 -0.0001739 -0.00177477
191
1
1.41983 8.99633 0.635441
0.0435846 0.00321841 -0.00122287
192
1
1.33231 8.98552 0.63568
0.0447243 0.0067225 0.000245294
193
1
1.23782 8.96994 0.631201
0.0483349 0.00825355 0.00243084
