194
0
1
1.41988 6.90518 0.955951
0.0331097 0.00855028 0.0346947
1
1
1.3546 6.88557 0.886354
0.0309472 0.0134141 0.0373122
2
1
1.2901 6.85284 0.807746
0.030966 0.0219189 0.0412386
3
1
1.22874 6.8065 0.721515
0.0271724 0.0258934 0.0472615
4
1
1.16853 6.7508 0.622095
0.026408 0.0286131 0.0532842
5
1
1.1028 6.68984 0.508492
0.0350487 0.0339066 0.060739
6
1
1.01765 6.62108 0.374422
0.045267 0.0302004 0.0557735
7
1
0.890456 6.54345 0.197675
0.0429926 0.0220901 0.0608376
8
1
0.609657 6.34289 0.0803714
0.0311858 0.0386683 -0.0119137
9
1
0.0486744 8.84742 0.765473
0.000883789 0.00335634 -0.0778447
10
1
-0.0486744 8.84742 0.765473
0.000883789 -0.00335634 0.0778447
11
1
-0.609657 6.34289 0.0803714
0.0311858 -0.0386683 0.0119137
12
1
-0.890456 6.54345 0.197675
0.0429926 -0.0220901 -0.0608376
13
1
-1.01765 6.62108 0.374422
0.045267 -0.0302004 -0.0557735
14
1
-1.1028 6.68984 0.508492
0.0350487 -0.0339066 -0.060739
15
1
-1.16853 6.7508 0.622095
0.026408 -0.0286131 -0.0532842
16
1
-1.22874 6.8065 0.721515
0.0271724 -0.0258934 -0.0472615
17
1
-1.2901 6.85284 0.807746
0.030966 -0.0219189 -0.0412386
18
1
-1.3546 6.88557 0.886354
0.0309472 -0.0134141 -0.0373122
19
1
-1.41988 6.90518 0.955951
0.0331097 -0.00855028 -0.0346947
20
1
-1.4845 6.91678 1.01616
0.0319342 -0.00369929 -0.0289678
21
1
-1.54725 6.92369 1.0682
0.0295358 -0.00118231 -0.0246175
22
1
-1.60639 6.92698 1.11327
0.0288034 0.000714071 -0.0222793
23
1
-1.66492 6.92721 1.15274
0.0283115 0.00144755 -0.0179683
24
1
-1.7235 6.92526 1.18556
0.0295119 0.00136631 -0.0144546
25
1
-1.78141 6.9222 1.21194
0.0293414 0.00158718 -0.0124203
26
1
-1.8381 6.91807 1.23278
0.0266157 0.00204676 -0.00940897
27
1
-1.89255 6.91271 1.2484
0.0258039 0.00273163 -0.00632029
28
1
-1.94545 6.90561 1.25932
0.0265454 0.003899 -0.00428364
29
1
-1.9975 6.89613 1.26614
0.0259882 0.00519789 -0.0019112
30
1
-2.04837 6.88428 1.26899
0.0252314 0.006521 0.000413667
31
1
-2.09797 6.87039 1.26727
0.0248708 0.00713318 0.00215772
32
1
-2.14588 6.8548 1.26126
0.0239278 0.00738197 0.00400808
33
1
-2.19155 6.83809 1.25153
0.0230013 0.00838469 0.00581935
34
1
-2.23481 6.82066 1.23819
0.0218678 0.00908233 0.00715694
35
1
-2.27516 6.80277 1.22122
0.0194187 0.00885564 0.00883599
36
1
-2.31237 6.78463 1.20105
0.0172824 0.00912622 0.0104623
37
1
-2.34701 6.76647 1.17733
0.0163966 0.009857 0.0118416
38
1
-2.37909 6.74805 1.14939
0.0150362 0.00995726 0.0142341
39
1
-2.40824 6.72942 1.11718
0.0129266 0.00945552 0.0173313
40
1
-2.43443 6.71183 1.081
0.0117465 0.00893494 0.0194713
41
1
-2.45789 6.69632 1.04119
0.0106476 0.00796279 0.0210062
42
1
-2.47888 6.68235 0.998119
0.00871548 0.00668085 0.0230932
43
1
-2.49779 6.66991 0.951671
0.0077561 0.00582257 0.0250331
44
1
-2.51573 6.65908 0.901873
0.0083241 0.0047855 0.0264087
45
1
-2.53379 6.65056 0.848492
0.00882222 0.00308207 0.0282479
46
1
-2.55159 6.64521 0.791427
0.00881959 0.00113829 0.0303137
47
1
-2.56893 6.64346 0.731481
0.00873874 -0.00101591 0.031695
48
1
-2.58581 6.64479 0.669404
0.0082843 -0.00294899 0.032953
49
1
-2.60137 6.64842 0.605551
0.00731843 -0.00376059 0.0343009
50
1
-2.61528 6.65283 0.54047
0.00631872 -0.00342454 0.0347454
51
1
-2.62724 6.6567 0.47449
0.00546938 -0.002246 0.0347739
52
1
-2.63744 6.65948 0.407659
0.00445773 -0.00101624 0.0348309
53
1
-2.64608 6.66118 0.340232
0.00347132 -0.000596524 0.0347618
54
1
-2.6532 6.66217 0.27258
0.00284407 -0.00044366 0.0347171
55
1
-2.65898 6.66219 0.204791
0.0022945 0.000313857 0.0350663
56
1
-2.66287 6.66106 0.136856
0.0013418 0.00135441 0.0353596
57
1
-2.66499 6.65954 0.0685416
0.000300553 0.00121955 0.0350543
58
1
-2.66557 6.6587 -1.08862e-011
-4.92997e-013 7.14791e-013 0.0347442
59
1
-2.66499 6.65954 -0.0685416
-0.000300553 -0.00121955 0.0350543
60
1
-2.66287 6.66106 -0.136856
-0.0013418 -0.00135441 0.0353596
61
1
-2.65898 6.66219 -0.204791
-0.0022945 -0.000313857 0.0350663
62
1
-2.6532 6.66217 -0.27258
-0.00284407 0.00044366 0.0347171
63
1
-2.64608 6.66118 -0.340232
-0.00347132 0.000596524 0.0347618
64
1
-2.63744 6.65948 -0.407659
-0.00445773 0.00101624 0.0348309
65
1
-2.62724 6.6567 -0.47449
-0.00546938 0.002246 0.0347739
66
1
-2.61528 6.65283 -0.54047
-0.00631872 0.00342454 0.0347454
67
1
-2.60137 6.64842 -0.605551
-0.00731843 0.00376059 0.0343009
68
1
-2.58581 6.64479 -0.669404
-0.0082843 0.00294899 0.032953
69
1
-2.56893 6.64346 -0.731481
-0.00873874 0.00101591 0.031695
70
1
-2.55159 6.64521 -0.791427
-0.00881959 -0.00113829 0.0303137
71
1
-2.53379 6.65056 -0.848492
-0.00882222 -0.00308207 0.0282479
72
1
-2.51573 6.65908 -0.901873
-0.0083241 -0.0047855 0.0264087
73
1
-2.49779 6.66991 -0.951671
-0.0077561 -0.00582257 0.0250331
74
1
-2.47888 6.68235 -0.998119
-0.00871548 -0.00668085 0.0230932
75
1
-2.45789 6.69632 -1.04119
-0.0106476 -0.00796279 0.0210062
76
1
-2.43443 6.71183 -1.081
-0.0117465 -0.00893494 0.0194713
77
1
-2.40824 6.72942 -1.11718
-0.0129266 -0.00945552 0.0173313
78
1
-2.37909 6.74805 -1.14939
-0.0150362 -0.00995726 0.0142341
79
1
-2.34701 6.76647 -1.17733
-0.0163966 -0.009857 0.0118416
80
1
-2.31237 6.78463 -1.20105
-0.0172824 -0.00912622 0.0104623
81
1
-2.27516 6.80277 -1.22122
-0.0194187 -0.00885564 0.00883599
82
1
-2.23481 6.82066 -1.23819
-0.0218678 -0.00908233 0.00715694
83
1
-2.19155 6.83809 -1.25153
-0.0230013 -0.00838469 0.00581935
84
1
-2.14588 6.8548 -1.26126
-0.0239278 -0.00738197 0.00400808
85
1
-2.09797 6.87039 -1.26727
-0.0248708 -0.00713318 0.00215772
86
1
-2.04837 6.88428 -1.26899
-0.0252314 -0.006521 0.000413667
87
1
-1.9975 6.89613 -1.26614
-0.0259882 -0.00519789 -0.0019112
88
1
-1.94545 6.90561 -1.25932
-0.0265454 -0.003899 -0.00428364
89
1
-1.89255 6.91271 -1.2484
-0.0258039 -0.00273163 -0.00632029
90
1
-1.8381 6.91807 -1.23278
-0.0266157 -0.00204676 -0.00940897
91
1
-1.78141 6.9222 -1.21194
-0.0293414 -0.00158718 -0.0124203
92
1
-1.7235 6.92526 -1.18556
-0.0295119 -0.00136631 -0.0144546
93
1
-1.66492 6.92721 -1.15274
-0.0283115 -0.00144755 -0.0179683
94
1
-1.60639 6.92698 -1.11327
-0.0288034 -0.000714071 -0.0222793
95
1
-1.54725 6.92369 -1.0682
-0.0295358 0.00118231 -0.0246175
96
1
-1.4845 6.91678 -1.01616
-0.0319342 0.00369929 -0.0289678
97
1
-1.41988 6.90518 -0.955951
-0.0331097 0.00855028 -0.0346947
98
1
-1.3546 6.88557 -0.886354
-0.0309472 0.0134141 -0.0373122
99
1
-1.2901 6.85284 -0.807746
-0.030966 0.0219189 -0.0412386
100
1
-1.22874 6.8065 -0.721515
-0.0271724 0.0258934 -0.0472615
101
1
-1.16853 6.7508 -0.622095
-0.026408 0.0286131 -0.0532842
102
1
-1.1028 6.68984 -0.508492
-0.0350487 0.0339066 -0.060739
103
1
-1.01765 6.62108 -0.374422
-0.045267 0.0302004 -0.0557735
104
1
-0.890456 6.54345 -0.197675
-0.0429926 0.0220901 -0.0608376
105
1
-0.609657 6.34289 -0.0803714
-0.0311858 0.0386683 0.0119137
106
1
-0.0486744 8.84742 -0.765473
-0.000883789 0.00335634 0.0778447
107
1
0.0486744 8.84742 -0.765473
-0.000883789 -0.00335634 -0.0778447
108
1
0.609657 6.34289 -0.0803714
-0.0311858 -0.0386683 -0.0119137
109
1
0.890456 6.54345 -0.197675
-0.0429926 -0.0220901 0.0608376
110
1
1.01765 6.62108 -0.374422
-0.045267 -0.0302004 0.0557735
111
1
1.1028 6.68984 -0.508492
-0.0350487 -0.0339066 0.060739
112
1
1.16853 6.7508 -0.622095
-0.026408 -0.0286131 0.0532842
113
1
1.22874 6.8065 -0.721515
-0.0271724 -0.0258934 0.0472615
114
1
1.2901 6.85284 -0.807746
-0.030966 -0.0219189 0.0412386
115
1
1.3546 6.88557 -0.886354
-0.0309472 -0.0134141 0.0373122
116
1
1.41988 6.90518 -0.955951
-0.0331097 -0.00855028 0.0346947
117
1
1.4845 6.91678 -1.01616
-0.0319342 -0.00369929 0.0289678
118
1
1.54725 6.92369 -1.0682
-0.0295358 -0.00118231 0.0246175
119
1
1.60639 6.92698 -1.11327
-0.0288034 0.000714071 0.0222793
120
1
1.66492 6.92721 -1.15274
-0.0283115 0.00144755 0.0179683
121
1
1.7235 6.92526 -1.18556
-0.0295119 0.00136631 0.0144546
122
1
1.78141 6.9222 -1.21194
-0.0293414 0.00158718 0.0124203
123
1
1.8381 6.91807 -1.23278
-0.0266157 0.00204676 0.00940897
124
1
1.89255 6.91271 -1.2484
-0.0258039 0.00273163 0.00632029
125
1
1.94545 6.90561 -1.25932
-0.0265454 0.003899 0.00428364
126
1
1.9975 6.89613 -1.26614
-0.0259882 0.00519789 0.0019112
127
1
2.04837 6.88428 -1.26899
-0.0252314 0.006521 -0.000413667
128
1
2.09797 6.87039 -1.26727
-0.0248708 0.00713318 -0.00215772
129
1
2.14588 6.8548 -1.26126
-0.0239278 0.00738197 -0.00400808
130
1
2.19155 6.83809 -1.25153
-0.0230013 0.00838469 -0.00581935
131
1
2.23481 6.82066 -1.23819
-0.0218678 0.00908233 -0.00715694
132
1
2.27516 6.80277 -1.22122
-0.0194187 0.00885564 -0.00883599
133
1
2.31237 6.78463 -1.20105
-0.0172824 0.00912622 -0.0104623
134
1
2.34701 6.76647 -1.17733
-0.0163966 0.009857 -0.0118416
135
1
2.37909 6.74805 -1.14939
-0.0150362 0.00995726 -0.0142341
136
1
2.40824 6.72942 -1.11718
-0.0129266 0.00945552 -0.0173313
137
1
2.43443 6.71183 -1.081
-0.0117465 0.00893494 -0.0194713
138
1
2.45789 6.69632 -1.04119
-0.0106476 0.00796279 -0.0210062
139
1
2.47888 6.68235 -0.998119
-0.00871548 0.00668085 -0.0230932
140
1
2.49779 6.66991 -0.951671
-0.0077561 0.00582257 -0.0250331
141
1
2.51573 6.65908 -0.901873
-0.0083241 0.0047855 -0.0264087
142
1
2.53379 6.65056 -0.848492
-0.00882222 0.00308207 -0.0282479
143
1
2.55159 6.64521 -0.791427
-0.00881959 0.00113829 -0.0303137
144
1
2.56893 6.64346 -0.731481
-0.00873874 -0.00101591 -0.031695
145
1
2.58581 6.64479 -0.669404
-0.0082843 -0.00294899 -0.032953
146
1
2.60137 6.64842 -0.605551
-0.00731843 -0.00376059 -0.0343009
147
1
2.61528 6.65283 -0.54047
-0.00631872 -0.00342454 -0.0347454
148
1
2.62724 6.6567 -0.47449
-0.00546938 -0.002246 -0.0347739
149
1
2.63744 6.65948 -0.407659
-0.00445773 -0.00101624 -0.0348309
150
1
2.64608 6.66118 -0.340232
-0.00347132 -0.000596524 -0.0347618
151
1
2.6532 6.66217 -0.27258
-0.00284407 -0.00044366 -0.0347171
152
1
2.65898 6.66219 -0.204791
-0.0022945 0.000313857 -0.0350663
153
1
2.66287 6.66106 -0.136856
-0.0013418 0.00135441 -0.0353596
154
1
2.66499 6.65954 -0.0685416
-0.000300553 0.00121955 -0.0350543
155
1
2.66557 6.6587 1.57021e-011
6.34388e-013 9.59857e-013 -0.0347442
156
1
2.66499 6.65954 0.0685416
0.000300553 -0.00121955 -0.0350543
157
1
2.66287 6.66106 0.136856
0.0013418 -0.00135441 -0.0353596
158
1
2.65898 6.66219 0.204791
0.0022945 -0.000313857 -0.0350663
159
1
2.6532 6.66217 0.27258
0.00284407 0.00044366 -0.0347171
160
1
2.64608 6.66118 0.340232
0.00347132 0.000596524 -0.0347618
161
1
2.63744 6.65948 0.407659
0.00445773 0.00101624 -0.0348309
162
1
2.62724 6.6567 0.47449
0.00546938 0.002246 -0.0347739
163
1
2.61528 6.65283 0.54047
0.00631872 0.00342454 -0.0347454
164
1
2.60137 6.64842 0.605551
0.00731843 0.00376059 -0.0343009
165
1
2.58581 6.64479 0.669404
0.0082843 0.00294899 -0.032953
166
1
2.56893 6.64346 0.731481
0.00873874 0.00101591 -0.031695
167
1
2.55159 6.64521 0.791427
0.00881959 -0.00113829 -0.0303137
168
1
2.53379 6.65056 0.848492
0.00882222 -0.00308207 -0.0282479
169
1
2.51573 6.65908 0.901873
0.0083241 -0.0047855 -0.0264087
170
1
2.49779 6.66991 0.951671
0.0077561 -0.00582257 -0.0250331
171
1
2.47888 6.68235 0.998119
0.00871548 -0.00668085 -0.0230932
172
1
2.45789 6.69632 1.04119
0.0106476 -0.00796279 -0.0210062
173
1
2.43443 6.71183 1.081
0.0117465 -0.00893494 -0.0194713
174
1
2.40824 6.72942 1.11718
0.0129266 -0.00945552 -0.0173313
175
1
2.37909 6.74805 1.14939
0.0150362 -0.00995726 -0.0142341
176
1
2.34701 6.76647 1.17733
0.0163966 -0.009857 -0.0118416
177
1
2.31237 6.78463 1.20105
0.0172824 -0.00912622 -0.0104623
178
1
2.27516 6.80277 1.22122
0.0194187 -0.00885564 -0.00883599
179
1
2.23481 6.82066 1.23819
0.0218678 -0.00908233 -0.00715694
180
1
2.19155 6.83809 1.25153
0.0230013 -0.00838469 -0.00581935
181
1
2.14588 6.8548 1.26126
0.0239278 -0.00738197 -0.00400808
182
1
2.09797 6.87039 1.26727
0.0248708 -0.00713318 -0.00215772
183
1
2.04837 6.88428 1.26899
0.0252314 -0.006521 -0.000413667
184
1
1.9975 6.89613 1.26614
0.0259882 -0.00519789 0.0019112
185
1
1.94545 6.90561 1.25932
0.0265454 -0.003899 0.00428364
186
1
1.89255 6.91271 1.2484
0.0258039 -0.00273163 0.00632029
187
1
1.8381 6.91807 1.23278
0.0266157 -0.00204676 0.00940897
188
1
1.78141 6.9222 1.21194
0.0293414 -0.00158718 0.0124203
189
1
1.7235 6.92526 1.18556
0.0295119 -0.00136631 0.0144546
190
1
1.66492 6.92721 1.15274
0.0283115 -0.00144755 0.0179683
191
1
1.60639 6.92698 1.11327
0.0288034 -0.000714071 0.0222793
192
1
1.54725 6.92369 1.0682
0.0295358 0.00118231 0.0246175
193
1
1.4845 6.91678 1.01616
0.0319342 0.00369929 0.0289678
