194
0
1
0.440305 10.933 1.92473
-0.00366918 0.0389959 -0.0301139
1
1
0.443399 10.8651 1.98818
-0.0049669 0.0280253 -0.025395
2
1
0.4519 10.8071 2.07017
-0.012666 0.0226558 -0.0547335
3
1
0.451612 10.7551 2.16321
8.60547e-005 0.0261249 -0.0432454
4
1
0.421726 10.7023 2.24932
0.0344998 0.026045 -0.0390353
5
1
0.374564 10.6547 2.32456
0.0139474 0.013007 -0.0217649
6
1
0.303863 10.5946 2.43414
0.033614 0.0398419 -0.0579186
7
1
0.152644 10.5482 2.55571
0.0676315 -0.00913394 -0.0303919
8
1
0.867972 6.54651 0.0603838
0.0488798 0.00970567 -0.00870185
9
1
1.04282 13.9111 0.0877888
0.00463877 -0.0595279 0.00797134
10
1
-1.04462 13.9126 0.0732613
0.00470988 0.059293 -0.00902816
11
1
-0.868828 6.54686 0.0491898
0.0483974 -0.00956175 0.00941449
12
1
-0.152662 10.5482 2.55571
0.0676317 0.00913434 0.0303927
13
1
-0.303882 10.5946 2.43414
0.033614 -0.0398414 0.057919
14
1
-0.374583 10.6547 2.32455
0.0139475 -0.0130069 0.0217652
15
1
-0.421745 10.7023 2.24931
0.0344997 -0.0260449 0.0390358
16
1
-0.45163 10.7551 2.1632
8.58791e-005 -0.0261249 0.0432456
17
1
-0.451919 10.8071 2.07017
-0.0126659 -0.0226559 0.0547333
18
1
-0.443418 10.8651 1.98817
-0.00496676 -0.0280255 0.025395
19
1
-0.440324 10.933 1.92473
-0.0036689 -0.038996 0.0301141
20
1
-0.446915 11.0051 1.863
0.00610796 -0.0390082 0.0331142
21
1
-0.468425 11.0788 1.79865
0.0148648 -0.0317503 0.0259087
22
1
-0.504209 11.1476 1.73532
0.0265703 -0.0357619 0.0329313
23
1
-0.544787 11.2135 1.6712
0.0217578 -0.0345444 0.0350178
24
1
-0.579556 11.2719 1.60947
0.0119223 -0.0212794 0.025232
25
1
-0.605297 11.3209 1.55147
0.0121358 -0.0213589 0.0278499
26
1
-0.625983 11.3663 1.49597
0.0116776 -0.0210813 0.0284027
27
1
-0.641769 11.41 1.44348
0.00818767 -0.0183026 0.0245647
28
1
-0.650637 11.4529 1.39174
0.00320133 -0.0196452 0.0215492
29
1
-0.65244 11.4979 1.33911
-0.000162571 -0.0253341 0.0253439
30
1
-0.650094 11.5436 1.28855
-0.00495224 -0.0211039 0.0229908
31
1
-0.646169 11.5884 1.23708
-0.00448404 -0.0197306 0.023311
32
1
-0.640632 11.6341 1.18399
-0.00170857 -0.0250645 0.0293839
33
1
-0.633578 11.6794 1.13215
-0.00451344 -0.0255633 0.0301925
34
1
-0.622671 11.7234 1.08236
-0.00802732 -0.0227776 0.0266059
35
1
-0.607944 11.7683 1.03334
-0.00851411 -0.0226168 0.0253759
36
1
-0.589734 11.8126 0.986044
-0.0104308 -0.0226466 0.0236794
37
1
-0.569423 11.8567 0.941264
-0.0122145 -0.0234105 0.0222282
38
1
-0.547477 11.9003 0.89828
-0.0105567 -0.0220322 0.0198479
39
1
-0.525943 11.9423 0.857953
-0.00869434 -0.0172412 0.0167003
40
1
-0.505071 11.981 0.821722
-0.0102073 -0.0158994 0.0157266
41
1
-0.484027 12.0177 0.78806
-0.0111431 -0.0168681 0.0146876
42
1
-0.462316 12.0553 0.755431
-0.00994247 -0.0177265 0.0148665
43
1
-0.439844 12.0945 0.723732
-0.0102804 -0.0200321 0.0165986
44
1
-0.415854 12.1359 0.692678
-0.0133064 -0.0237445 0.0175322
45
1
-0.389614 12.1804 0.662523
-0.014239 -0.0234838 0.0157508
46
1
-0.362319 12.227 0.633451
-0.0127766 -0.0207131 0.0132826
47
1
-0.335116 12.2742 0.606873
-0.0133684 -0.0232789 0.0127767
48
1
-0.307447 12.3238 0.58119
-0.0138188 -0.0282002 0.0139313
49
1
-0.280149 12.3751 0.557134
-0.0139297 -0.0283839 0.0122304
50
1
-0.251878 12.4266 0.534758
-0.0139973 -0.0258551 0.0095581
51
1
-0.221355 12.4806 0.513373
-0.0162319 -0.0275407 0.0106762
52
1
-0.188872 12.5373 0.491874
-0.0192793 -0.030979 0.011552
53
1
-0.154417 12.598 0.470898
-0.0238197 -0.0379356 0.00869103
54
1
-0.120451 12.6683 0.44883
-0.0276445 -0.0521414 0.0067856
55
1
-0.0914514 12.7523 0.412835
-0.0141094 -0.0609509 0.022382
56
1
-0.0713768 12.8411 0.337641
-0.00444978 -0.0607589 0.0485841
57
1
-0.0587135 12.8954 0.192568
0.00336874 -0.0322146 0.0708712
58
1
-0.0553598 12.9142 1.84108e-006
-9.03698e-007 5.40817e-007 0.0779221
59
1
-0.0587058 12.8954 -0.192565
-0.003372 0.0322147 0.070871
60
1
-0.0713614 12.8411 -0.33764
0.00444676 0.0607591 0.0485841
61
1
-0.0914304 12.7523 -0.412838
0.0141072 0.0609524 0.022383
62
1
-0.120426 12.6683 -0.448835
0.027643 0.0521424 0.00678714
63
1
-0.154391 12.598 -0.470905
0.0238189 0.0379363 0.00869201
64
1
-0.188844 12.5373 -0.491883
0.0192789 0.0309794 0.0115527
65
1
-0.221326 12.4806 -0.513383
0.0162317 0.0275409 0.0106768
66
1
-0.251849 12.4266 -0.534769
0.0139972 0.0258552 0.00955868
67
1
-0.28012 12.3751 -0.557146
0.0139297 0.028384 0.0122309
68
1
-0.307418 12.3238 -0.581203
0.013819 0.0282003 0.0139317
69
1
-0.335087 12.2742 -0.606887
0.0133686 0.023279 0.012777
70
1
-0.36229 12.227 -0.633465
0.0127768 0.0207131 0.0132829
71
1
-0.389586 12.1804 -0.662538
0.0142392 0.0234838 0.015751
72
1
-0.415826 12.1359 -0.692693
0.0133067 0.0237445 0.0175324
73
1
-0.439816 12.0945 -0.723748
0.0102806 0.0200321 0.0165988
74
1
-0.462289 12.0553 -0.755447
0.00994265 0.0177266 0.0148666
75
1
-0.484 12.0177 -0.788077
0.0111433 0.0168682 0.0146876
76
1
-0.505045 11.981 -0.821739
0.0102075 0.0158994 0.0157266
77
1
-0.525917 11.9423 -0.857969
0.00869451 0.0172413 0.0167003
78
1
-0.547451 11.9003 -0.898296
0.0105569 0.0220322 0.0198479
79
1
-0.569398 11.8567 -0.94128
0.0122148 0.0234105 0.0222281
80
1
-0.589709 11.8126 -0.98606
0.010431 0.0226466 0.0236793
81
1
-0.60792 11.7683 -1.03335
0.00851432 0.0226169 0.0253758
82
1
-0.622647 11.7234 -1.08237
0.00802753 0.0227776 0.0266057
83
1
-0.633554 11.6794 -1.13216
0.00451364 0.0255633 0.0301923
84
1
-0.640608 11.6341 -1.18401
0.00170875 0.0250645 0.0293837
85
1
-0.646146 11.5884 -1.23709
0.0044842 0.0197307 0.0233108
86
1
-0.650071 11.5436 -1.28856
0.00495241 0.0211039 0.0229906
87
1
-0.652418 11.498 -1.33913
0.000162703 0.0253341 0.0253436
88
1
-0.650614 11.4529 -1.39175
-0.00320122 0.0196452 0.021549
89
1
-0.641748 11.41 -1.44349
-0.00818755 0.0183026 0.0245643
90
1
-0.625961 11.3663 -1.49598
-0.0116775 0.0210813 0.0284023
91
1
-0.605275 11.3209 -1.55148
-0.0121357 0.021359 0.0278495
92
1
-0.579535 11.2719 -1.60948
-0.0119222 0.0212795 0.0252316
93
1
-0.544766 11.2135 -1.67121
-0.0217577 0.0345445 0.0350171
94
1
-0.504189 11.1476 -1.73532
-0.02657 0.0357619 0.0329306
95
1
-0.468404 11.0788 -1.79866
-0.0148645 0.0317503 0.0259083
96
1
-0.446895 11.0051 -1.86301
-0.0061076 0.0390082 0.0331138
97
1
-0.440305 10.933 -1.92473
0.00366918 0.0389959 0.0301139
98
1
-0.443399 10.8651 -1.98818
0.0049669 0.0280253 0.025395
99
1
-0.4519 10.8071 -2.07017
0.012666 0.0226558 0.0547335
100
1
-0.451612 10.7551 -2.16321
-8.60552e-005 0.0261249 0.0432454
101
1
-0.421726 10.7023 -2.24932
-0.0344998 0.026045 0.0390353
102
1
-0.374564 10.6547 -2.32456
-0.0139474 0.013007 0.0217649
103
1
-0.303863 10.5946 -2.43414
-0.033614 0.0398419 0.0579186
104
1
-0.152644 10.5482 -2.55571
-0.0676315 -0.00913394 0.0303919
105
1
-0.867966 6.5465 -0.0604333
-0.0488813 0.00970619 0.00869647
106
1
-1.04281 13.9111 -0.0878103
-0.00463822 -0.0595285 -0.00797131
107
1
1.04461 13.9126 -0.0732829
-0.0047093 0.0592936 0.00902816
108
1
0.868822 6.54686 -0.0492393
-0.0483989 -0.00956227 -0.00940918
109
1
0.152662 10.5482 -2.55571
-0.0676317 0.00913434 -0.0303927
110
1
0.303882 10.5946 -2.43414
-0.033614 -0.0398414 -0.057919
111
1
0.374583 10.6547 -2.32455
-0.0139475 -0.0130069 -0.0217652
112
1
0.421745 10.7023 -2.24931
-0.0344997 -0.0260449 -0.0390358
113
1
0.45163 10.7551 -2.1632
-8.58796e-005 -0.0261249 -0.0432456
114
1
0.451919 10.8071 -2.07017
0.0126659 -0.022656 -0.0547333
115
1
0.443418 10.8651 -1.98817
0.00496676 -0.0280255 -0.025395
116
1
0.440324 10.933 -1.92473
0.0036689 -0.038996 -0.0301141
117
1
0.446915 11.0051 -1.863
-0.00610796 -0.0390082 -0.0331142
118
1
0.468425 11.0788 -1.79865
-0.0148648 -0.0317503 -0.0259087
119
1
0.504209 11.1476 -1.73532
-0.0265703 -0.0357619 -0.0329313
120
1
0.544787 11.2135 -1.6712
-0.0217578 -0.0345444 -0.0350178
121
1
0.579556 11.2719 -1.60947
-0.0119223 -0.0212794 -0.025232
122
1
0.605297 11.3209 -1.55147
-0.0121358 -0.0213589 -0.0278499
123
1
0.625983 11.3663 -1.49597
-0.0116776 -0.0210813 -0.0284027
124
1
0.641769 11.41 -1.44348
-0.00818767 -0.0183026 -0.0245647
125
1
0.650637 11.4529 -1.39174
-0.00320133 -0.0196452 -0.0215492
126
1
0.65244 11.4979 -1.33911
0.000162571 -0.0253341 -0.0253439
127
1
0.650094 11.5436 -1.28855
0.00495224 -0.0211039 -0.0229908
128
1
0.646169 11.5884 -1.23708
0.00448404 -0.0197306 -0.023311
129
1
0.640632 11.6341 -1.18399
0.00170857 -0.0250645 -0.0293839
130
1
0.633578 11.6794 -1.13215
0.00451344 -0.0255633 -0.0301925
131
1
0.622671 11.7234 -1.08236
0.00802732 -0.0227776 -0.0266059
132
1
0.607944 11.7683 -1.03334
0.00851411 -0.0226168 -0.0253759
133
1
0.589734 11.8126 -0.986044
0.0104308 -0.0226466 -0.0236794
134
1
0.569423 11.8567 -0.941264
0.0122145 -0.0234105 -0.0222282
135
1
0.547477 11.9003 -0.89828
0.0105567 -0.0220322 -0.0198479
136
1
0.525943 11.9423 -0.857953
0.00869434 -0.0172412 -0.0167003
137
1
0.505071 11.981 -0.821722
0.0102073 -0.0158994 -0.0157266
138
1
0.484027 12.0177 -0.788061
0.0111431 -0.0168681 -0.0146876
139
1
0.462316 12.0553 -0.755431
0.00994246 -0.0177265 -0.0148665
140
1
0.439844 12.0945 -0.723733
0.0102804 -0.0200321 -0.0165986
141
1
0.415854 12.1359 -0.692678
0.0133064 -0.0237445 -0.0175322
142
1
0.389614 12.1804 -0.662523
0.014239 -0.0234838 -0.0157508
143
1
0.362319 12.227 -0.633451
0.0127766 -0.0207131 -0.0132826
144
1
0.335116 12.2742 -0.606873
0.0133684 -0.0232789 -0.0127767
145
1
0.307447 12.3238 -0.58119
0.0138188 -0.0282002 -0.0139313
146
1
0.280149 12.3751 -0.557134
0.0139297 -0.0283839 -0.0122304
147
1
0.251878 12.4266 -0.534758
0.0139973 -0.0258551 -0.00955811
148
1
0.221355 12.4806 -0.513373
0.0162319 -0.0275407 -0.0106762
149
1
0.188872 12.5373 -0.491874
0.0192793 -0.030979 -0.011552
150
1
0.154417 12.598 -0.470898
0.0238197 -0.0379356 -0.00869103
151
1
0.120451 12.6683 -0.44883
0.0276445 -0.0521414 -0.00678561
152
1
0.0914515 12.7523 -0.412835
0.0141094 -0.0609509 -0.022382
153
1
0.0713768 12.8411 -0.337641
0.0044498 -0.0607589 -0.048584
154
1
0.0587135 12.8954 -0.192568
-0.00336873 -0.0322146 -0.0708712
155
1
0.0553598 12.9142 -2.00332e-006
8.96126e-007 5.18673e-007 -0.0779221
156
1
0.0587058 12.8954 0.192565
0.003372 0.0322146 -0.070871
157
1
0.0713614 12.8411 0.33764
-0.00444674 0.060759 -0.0485841
158
1
0.0914304 12.7523 0.412838
-0.0141072 0.0609524 -0.022383
159
1
0.120426 12.6683 0.448835
-0.027643 0.0521424 -0.00678713
160
1
0.154391 12.598 0.470905
-0.0238189 0.0379363 -0.008692
161
1
0.188844 12.5373 0.491883
-0.0192789 0.0309794 -0.0115527
162
1
0.221326 12.4806 0.513383
-0.0162317 0.0275409 -0.0106768
163
1
0.251849 12.4266 0.534769
-0.0139972 0.0258552 -0.00955867
164
1
0.28012 12.3751 0.557146
-0.0139297 0.028384 -0.0122309
165
1
0.307418 12.3238 0.581203
-0.013819 0.0282003 -0.0139317
166
1
0.335087 12.2742 0.606887
-0.0133686 0.023279 -0.012777
167
1
0.36229 12.227 0.633465
-0.0127768 0.0207131 -0.0132829
168
1
0.389586 12.1804 0.662538
-0.0142392 0.0234838 -0.015751
169
1
0.415826 12.1359 0.692693
-0.0133067 0.0237445 -0.0175324
170
1
0.439816 12.0945 0.723748
-0.0102806 0.0200321 -0.0165988
171
1
0.462289 12.0553 0.755447
-0.00994265 0.0177266 -0.0148666
172
1
0.484 12.0177 0.788077
-0.0111433 0.0168682 -0.0146876
173
1
0.505045 11.981 0.821739
-0.0102075 0.0158994 -0.0157266
174
1
0.525917 11.9423 0.857969
-0.00869451 0.0172412 -0.0167003
175
1
0.547451 11.9003 0.898296
-0.0105569 0.0220322 -0.0198479
176
1
0.569398 11.8567 0.94128
-0.0122148 0.0234105 -0.0222281
177
1
0.589709 11.8126 0.98606
-0.010431 0.0226466 -0.0236793
178
1
0.60792 11.7683 1.03335
-0.00851432 0.0226169 -0.0253758
179
1
0.622647 11.7234 1.08237
-0.00802753 0.0227776 -0.0266057
180
1
0.633554 11.6794 1.13216
-0.00451364 0.0255633 -0.0301923
181
1
0.640608 11.6341 1.18401
-0.00170875 0.0250645 -0.0293837
182
1
0.646146 11.5884 1.23709
-0.0044842 0.0197307 -0.0233108
183
1
0.650071 11.5436 1.28856
-0.00495241 0.0211039 -0.0229906
184
1
0.652418 11.498 1.33913
-0.000162703 0.0253341 -0.0253436
185
1
0.650614 11.4529 1.39175
0.00320122 0.0196452 -0.0215489
186
1
0.641748 11.41 1.44349
0.00818755 0.0183026 -0.0245643
187
1
0.625961 11.3663 1.49598
0.0116775 0.0210813 -0.0284023
188
1
0.605275 11.3209 1.55148
0.0121357 0.021359 -0.0278495
189
1
0.579535 11.2719 1.60948
0.0119222 0.0212795 -0.0252316
190
1
0.544766 11.2135 1.67121
0.0217577 0.0345445 -0.0350171
191
1
0.504189 11.1476 1.73532
0.02657 0.0357619 -0.0329306
192
1
0.468404 11.0788 1.79866
0.0148645 0.0317503 -0.0259083
193
1
0.446895 11.0051 1.86301
0.0061076 0.0390082 -0.0331138
