194
0
1
0.898693 4.64016 0.654429
0.0381323 -0.0193664 0.0265865
1
1
0.826304 4.67939 0.596596
0.0369255 -0.0211804 0.0305637
2
1
0.753943 4.72444 0.531123
0.036091 -0.0247815 0.0343775
3
1
0.684726 4.77806 0.459458
0.0321435 -0.0295297 0.0383955
4
1
0.619081 4.84388 0.383105
0.0309265 -0.0363086 0.0395716
5
1
0.555823 4.92315 0.306343
0.0294147 -0.0438499 0.0386507
6
1
0.489065 5.01616 0.233333
0.0334669 -0.0525963 0.0359358
7
1
0.407346 5.11993 0.169529
0.0432084 -0.0583991 0.0281856
8
1
0.289653 5.22597 0.120952
0.0592183 -0.0485467 0.0144311
9
1
0.110259 5.30439 0.0957904
0.075439 -0.0193781 0.00230198
10
1
-0.110259 5.30439 0.0957904
0.075439 0.0193781 -0.00230198
11
1
-0.289653 5.22597 0.120952
0.0592183 0.0485467 -0.0144311
12
1
-0.407346 5.11993 0.169529
0.0432084 0.0583991 -0.0281856
13
1
-0.489065 5.01616 0.233333
0.0334669 0.0525963 -0.0359358
14
1
-0.555823 4.92315 0.306343
0.0294147 0.0438499 -0.0386507
15
1
-0.619081 4.84388 0.383105
0.0309265 0.0363086 -0.0395716
16
1
-0.684726 4.77806 0.459458
0.0321435 0.0295297 -0.0383955
17
1
-0.753943 4.72444 0.531123
0.036091 0.0247815 -0.0343775
18
1
-0.826304 4.67939 0.596596
0.0369255 0.0211804 -0.0305637
19
1
-0.898693 4.64016 0.654429
0.0381323 0.0193664 -0.0265865
20
1
-0.969633 4.6053 0.704592
0.0368349 0.0161294 -0.0227889
21
1
-1.03796 4.57467 0.748588
0.0335451 0.0133705 -0.020459
22
1
-1.10385 4.54873 0.787636
0.0329725 0.0118199 -0.0188086
23
1
-1.16837 4.52754 0.823045
0.0305459 0.00905071 -0.0172483
24
1
-1.23121 4.51116 0.855112
0.0298925 0.00699501 -0.0164777
25
1
-1.29287 4.49865 0.883406
0.0302173 0.00553662 -0.0143147
26
1
-1.35376 4.48947 0.907254
0.0290676 0.00349979 -0.011514
27
1
-1.41405 4.4834 0.925935
0.0291328 0.00193209 -0.00886207
28
1
-1.47404 4.47967 0.940079
0.0300764 0.00121246 -0.00637937
29
1
-1.53397 4.47765 0.950087
0.0296425 0.000658556 -0.00402661
30
1
-1.59375 4.47617 0.955879
0.0293657 0.000511016 -0.0015269
31
1
-1.65349 4.47427 0.957726
0.0299762 0.000869171 0.000945511
32
1
-1.71328 4.47224 0.956074
0.0300736 0.00065974 0.00259572
33
1
-1.77291 4.47042 0.95151
0.0297321 0.00021016 0.00349091
34
1
-1.83203 4.46831 0.944701
0.029628 0.000875639 0.00389939
35
1
-1.89031 4.46507 0.936249
0.0290527 0.00188186 0.0041169
36
1
-1.94746 4.46107 0.926157
0.0276719 0.0019706 0.00450895
37
1
-2.00373 4.45721 0.913809
0.0270111 0.00180049 0.00529942
38
1
-2.05981 4.45394 0.898732
0.0278447 0.00195832 0.00651833
39
1
-2.11592 4.45188 0.881247
0.0285779 0.00152357 0.00796684
40
1
-2.17139 4.45169 0.861625
0.0280857 0.000265291 0.00976191
41
1
-2.22552 4.45321 0.839686
0.0271814 -0.000612927 0.0118059
42
1
-2.27807 4.45571 0.814582
0.0262281 -0.000820243 0.0138905
43
1
-2.32927 4.45799 0.785801
0.0251319 -0.000928698 0.0163849
44
1
-2.37923 4.46001 0.752564
0.024309 -0.00118349 0.0191177
45
1
-2.42808 4.46227 0.714472
0.0241516 -0.00148381 0.0212436
46
1
-2.47561 4.46564 0.672032
0.0239204 -0.00201444 0.0229498
47
1
-2.52092 4.47033 0.625898
0.022827 -0.00309984 0.024891
48
1
-2.56324 4.47585 0.576662
0.0213978 -0.00384473 0.0266154
49
1
-2.60246 4.4814 0.525096
0.0199883 -0.00314377 0.0278291
50
1
-2.63841 4.48573 0.471919
0.0181524 -0.0020019 0.0284574
51
1
-2.67017 4.48859 0.41717
0.0157245 -0.00148582 0.0289559
52
1
-2.69712 4.49013 0.360531
0.0128242 -0.000868275 0.0295959
53
1
-2.71868 4.49014 0.302048
0.00991973 0.000309045 0.0303595
54
1
-2.73514 4.48883 0.242295
0.0075326 0.00149727 0.0310026
55
1
-2.74732 4.48657 0.181894
0.0056693 0.00195362 0.0313392
56
1
-2.75601 4.48438 0.121325
0.00382447 0.00160156 0.0312394
57
1
-2.76153 4.48277 0.0606795
0.00184598 0.000795125 0.0308159
58
1
-2.76331 4.48223 -2.79508e-015
4.85811e-017 -1.17658e-016 0.0305598
59
1
-2.76153 4.48277 -0.0606795
-0.00184598 -0.000795125 0.0308159
60
1
-2.75601 4.48438 -0.121325
-0.00382447 -0.00160156 0.0312394
61
1
-2.74732 4.48657 -0.181894
-0.0056693 -0.00195362 0.0313392
62
1
-2.73514 4.48883 -0.242295
-0.0075326 -0.00149727 0.0310026
63
1
-2.71868 4.49014 -0.302048
-0.00991973 -0.000309045 0.0303595
64
1
-2.69712 4.49013 -0.360531
-0.0128242 0.000868275 0.0295959
65
1
-2.67017 4.48859 -0.41717
-0.0157245 0.00148582 0.0289559
66
1
-2.63841 4.48573 -0.471919
-0.0181524 0.0020019 0.0284574
67
1
-2.60246 4.4814 -0.525096
-0.0199883 0.00314377 0.0278291
68
1
-2.56324 4.47585 -0.576662
-0.0213978 0.00384473 0.0266154
69
1
-2.52092 4.47033 -0.625898
-0.022827 0.00309984 0.024891
70
1
-2.47561 4.46564 -0.672032
-0.0239204 0.00201444 0.0229498
71
1
-2.42808 4.46227 -0.714472
-0.0241516 0.00148381 0.0212436
72
1
-2.37923 4.46001 -0.752564
-0.024309 0.00118349 0.0191177
73
1
-2.32927 4.45799 -0.785801
-0.0251319 0.000928698 0.0163849
74
1
-2.27807 4.45571 -0.814582
-0.0262281 0.000820243 0.0138905
75
1
-2.22552 4.45321 -0.839686
-0.0271814 0.000612927 0.0118059
76
1
-2.17139 4.45169 -0.861625
-0.0280857 -0.000265291 0.00976191
77
1
-2.11592 4.45188 -0.881247
-0.0285779 -0.00152357 0.00796684
78
1
-2.05981 4.45394 -0.898732
-0.0278447 -0.00195832 0.00651833
79
1
-2.00373 4.45721 -0.913809
-0.0270111 -0.00180049 0.00529942
80
1
-1.94746 4.46107 -0.926157
-0.0276719 -0.0019706 0.00450895
81
1
-1.89031 4.46507 -0.936249
-0.0290527 -0.00188186 0.0041169
82
1
-1.83203 4.46831 -0.944701
-0.029628 -0.000875639 0.00389939
83
1
-1.77291 4.47042 -0.95151
-0.0297321 -0.00021016 0.00349091
84
1
-1.71328 4.47224 -0.956074
-0.0300736 -0.00065974 0.00259572
85
1
-1.65349 4.47427 -0.957726
-0.0299762 -0.000869171 0.000945511
86
1
-1.59375 4.47617 -0.955879
-0.0293657 -0.000511016 -0.0015269
87
1
-1.53397 4.47765 -0.950087
-0.0296425 -0.000658556 -0.00402661
88
1
-1.47404 4.47967 -0.940079
-0.0300764 -0.00121246 -0.00637937
89
1
-1.41405 4.4834 -0.925935
-0.0291328 -0.00193209 -0.00886207
90
1
-1.35376 4.48947 -0.907254
-0.0290676 -0.00349979 -0.011514
91
1
-1.29287 4.49865 -0.883406
-0.0302173 -0.00553662 -0.0143147
92
1
-1.23121 4.51116 -0.855112
-0.0298925 -0.00699501 -0.0164777
93
1
-1.16837 4.52754 -0.823045
-0.0305459 -0.00905071 -0.0172483
94
1
-1.10385 4.54873 -0.787636
-0.0329725 -0.0118199 -0.0188086
95
1
-1.03796 4.57467 -0.748588
-0.0335451 -0.0133705 -0.020459
96
1
-0.969633 4.6053 -0.704592
-0.0368349 -0.0161294 -0.0227889
97
1
-0.898693 4.64016 -0.654429
-0.0381323 -0.0193664 -0.0265865
98
1
-0.826304 4.67939 -0.596596
-0.0369255 -0.0211804 -0.0305637
99
1
-0.753943 4.72444 -0.531123
-0.036091 -0.0247815 -0.0343775
100
1
-0.684726 4.77806 -0.459458
-0.0321435 -0.0295297 -0.0383955
101
1
-0.619081 4.84388 -0.383105
-0.0309265 -0.0363086 -0.0395716
102
1
-0.555823 4.92315 -0.306343
-0.0294147 -0.0438499 -0.0386507
103
1
-0.489065 5.01616 -0.233333
-0.0334669 -0.0525963 -0.0359358
104
1
-0.407346 5.11993 -0.169529
-0.0432084 -0.0583991 -0.0281856
105
1
-0.289653 5.22597 -0.120952
-0.0592183 -0.0485467 -0.0144311
106
1
-0.110259 5.30439 -0.0957904
-0.075439 -0.0193781 -0.00230198
107
1
0.110259 5.30439 -0.0957904
-0.075439 0.0193781 0.00230198
108
1
0.289653 5.22597 -0.120952
-0.0592183 0.0485467 0.0144311
109
1
0.407346 5.11993 -0.169529
-0.0432084 0.0583991 0.0281856
110
1
0.489065 5.01616 -0.233333
-0.0334669 0.0525963 0.0359358
111
1
0.555823 4.92315 -0.306343
-0.0294147 0.0438499 0.0386507
112
1
0.619081 4.84388 -0.383105
-0.0309265 0.0363086 0.0395716
113
1
0.684726 4.77806 -0.459458
-0.0321435 0.0295297 0.0383955
114
1
0.753943 4.72444 -0.531123
-0.036091 0.0247815 0.0343775
115
1
0.826304 4.67939 -0.596596
-0.0369255 0.0211804 0.0305637
116
1
0.898693 4.64016 -0.654429
-0.0381323 0.0193664 0.0265865
117
1
0.969633 4.6053 -0.704592
-0.0368349 0.0161294 0.0227889
118
1
1.03796 4.57467 -0.748588
-0.0335451 0.0133705 0.020459
119
1
1.10385 4.54873 -0.787636
-0.0329725 0.0118199 0.0188086
120
1
1.16837 4.52754 -0.823045
-0.0305459 0.00905071 0.0172483
121
1
1.23121 4.51116 -0.855112
-0.0298925 0.00699501 0.0164777
122
1
1.29287 4.49865 -0.883406
-0.0302173 0.00553662 0.0143147
123
1
1.35376 4.48947 -0.907254
-0.0290676 0.00349979 0.011514
124
1
1.41405 4.4834 -0.925935
-0.0291328 0.00193209 0.00886207
125
1
1.47404 4.47967 -0.940079
-0.0300764 0.00121246 0.00637937
126
1
1.53397 4.47765 -0.950087
-0.0296425 0.000658556 0.00402661
127
1
1.59375 4.47617 -0.955879
-0.0293657 0.000511016 0.0015269
128
1
1.65349 4.47427 -0.957726
-0.0299762 0.000869171 -0.000945511
129
1
1.71328 4.47224 -0.956074
-0.0300736 0.00065974 -0.00259572
130
1
1.77291 4.47042 -0.95151
-0.0297321 0.00021016 -0.00349091
131
1
1.83203 4.46831 -0.944701
-0.029628 0.000875639 -0.00389939
132
1
1.89031 4.46507 -0.936249
-0.0290527 0.00188186 -0.0041169
133
1
1.94746 4.46107 -0.926157
-0.0276719 0.0019706 -0.00450895
134
1
2.00373 4.45721 -0.913809
-0.0270111 0.00180049 -0.00529942
135
1
2.05981 4.45394 -0.898732
-0.0278447 0.00195832 -0.00651833
136
1
2.11592 4.45188 -0.881247
-0.0285779 0.00152357 -0.00796684
137
1
2.17139 4.45169 -0.861625
-0.0280857 0.000265291 -0.00976191
138
1
2.22552 4.45321 -0.839686
-0.0271814 -0.000612927 -0.0118059
139
1
2.27807 4.45571 -0.814582
-0.0262281 -0.000820243 -0.0138905
140
1
2.32927 4.45799 -0.785801
-0.0251319 -0.000928698 -0.0163849
141
1
2.37923 4.46001 -0.752564
-0.024309 -0.00118349 -0.0191177
142
1
2.42808 4.46227 -0.714472
-0.0241516 -0.00148381 -0.0212436
143
1
2.47561 4.46564 -0.672032
-0.0239204 -0.00201444 -0.0229498
144
1
2.52092 4.47033 -0.625898
-0.022827 -0.00309984 -0.024891
145
1
2.56324 4.47585 -0.576662
-0.0213978 -0.00384473 -0.0266154
146
1
2.60246 4.4814 -0.525096
-0.0199883 -0.00314377 -0.0278291
147
1
2.63841 4.48573 -0.471919
-0.0181524 -0.0020019 -0.0284574
148
1
2.67017 4.48859 -0.41717
-0.0157245 -0.00148582 -0.0289559
149
1
2.69712 4.49013 -0.360531
-0.0128242 -0.000868275 -0.0295959
150
1
2.71868 4.49014 -0.302048
-0.00991973 0.000309045 -0.0303595
151
1
2.73514 4.48883 -0.242295
-0.0075326 0.00149727 -0.0310026
152
1
2.74732 4.48657 -0.181894
-0.0056693 0.00195362 -0.0313392
153
1
2.75601 4.48438 -0.121325
-0.00382447 0.00160156 -0.0312394
154
1
2.76153 4.48277 -0.0606795
-0.00184598 0.000795125 -0.0308159
155
1
2.76331 4.48223 -6.02711e-015
4.72957e-016 1.16129e-016 -0.0305598
156
1
2.76153 4.48277 0.0606795
0.00184598 -0.000795125 -0.0308159
157
1
2.75601 4.48438 0.121325
0.00382447 -0.00160156 -0.0312394
158
1
2.74732 4.48657 0.181894
0.0056693 -0.00195362 -0.0313392
159
1
2.73514 4.48883 0.242295
0.0075326 -0.00149727 -0.0310026
160
1
2.71868 4.49014 0.302048
0.00991973 -0.000309045 -0.0303595
161
1
2.69712 4.49013 0.360531
0.0128242 0.000868275 -0.0295959
162
1
2.67017 4.48859 0.41717
0.0157245 0.00148582 -0.0289559
163
1
2.63841 4.48573 0.471919
0.0181524 0.0020019 -0.0284574
164
1
2.60246 4.4814 0.525096
0.0199883 0.00314377 -0.0278291
165
1
2.56324 4.47585 0.576662
0.0213978 0.00384473 -0.0266154
166
1
2.52092 4.47033 0.625898
0.022827 0.00309984 -0.024891
167
1
2.47561 4.46564 0.672032
0.0239204 0.00201444 -0.0229498
168
1
2.42808 4.46227 0.714472
0.0241516 0.00148381 -0.0212436
169
1
2.37923 4.46001 0.752564
0.024309 0.00118349 -0.0191177
170
1
2.32927 4.45799 0.785801
0.0251319 0.000928698 -0.0163849
171
1
2.27807 4.45571 0.814582
0.0262281 0.000820243 -0.0138905
172
1
2.22552 4.45321 0.839686
0.0271814 0.000612927 -0.0118059
173
1
2.17139 4.45169 0.861625
0.0280857 -0.000265291 -0.00976191
174
1
2.11592 4.45188 0.881247
0.0285779 -0.00152357 -0.00796684
175
1
2.05981 4.45394 0.898732
0.0278447 -0.00195832 -0.00651833
176
1
2.00373 4.45721 0.913809
0.0270111 -0.00180049 -0.00529942
177
1
1.94746 4.46107 0.926157
0.0276719 -0.0019706 -0.00450895
178
1
1.89031 4.46507 0.936249
0.0290527 -0.00188186 -0.0041169
179
1
1.83203 4.46831 0.944701
0.029628 -0.000875639 -0.00389939
180
1
1.77291 4.47042 0.95151
0.0297321 -0.00021016 -0.00349091
181
1
1.71328 4.47224 0.956074
0.0300736 -0.00065974 -0.00259572
182
1
1.65349 4.47427 0.957726
0.0299762 -0.000869171 -0.000945511
183
1
1.59375 4.47617 0.955879
0.0293657 -0.000511016 0.0015269
184
1
1.53397 4.47765 0.950087
0.0296425 -0.000658556 0.00402661
185
1
1.47404 4.47967 0.940079
0.0300764 -0.00121246 0.00637937
186
1
1.41405 4.4834 0.925935
0.0291328 -0.00193209 0.00886207
187
1
1.35376 4.48947 0.907254
0.0290676 -0.00349979 0.011514
188
1
1.29287 4.49865 0.883406
0.0302173 -0.00553662 0.0143147
189
1
1.23121 4.51116 0.855112
0.0298925 -0.00699501 0.0164777
190
1
1.16837 4.52754 0.823045
0.0305459 -0.00905071 0.0172483
191
1
1.10385 4.54873 0.787636
0.0329725 -0.0118199 0.0188086
192
1
1.03796 4.57467 0.748588
0.0335451 -0.0133705 0.020459
193
1
0.969633 4.6053 0.704592
0.0368349 -0.0161294 0.0227889
