194
0
1
1.43562 6.9675 0.933598
0.0338724 0.00903977 0.0346983
1
1
1.36781 6.94306 0.866124
0.0324818 0.0136571 0.0367256
2
1
1.29932 6.90702 0.790627
0.0341842 0.0222091 0.0393298
3
1
1.23513 6.85854 0.706549
0.0306528 0.0273243 0.044144
4
1
1.17265 6.79899 0.610612
0.0292892 0.030953 0.0499156
5
1
1.10269 6.7324 0.502632
0.0374629 0.0356912 0.0582625
6
1
1.00834 6.66532 0.373407
0.0465948 0.0287962 0.0554216
7
1
0.877833 6.58947 0.195572
0.0438165 0.0205316 0.0610772
8
1
0.560589 6.38435 0.0792046
0.0249384 0.0411786 -0.0123315
9
1
0.0485632 8.94067 0.772086
0.000873353 0.00234399 -0.0778819
10
1
-0.0485632 8.94067 0.772086
0.000873353 -0.00234399 0.0778819
11
1
-0.560589 6.38435 0.0792046
0.0249384 -0.0411786 0.0123314
12
1
-0.877833 6.58947 0.195572
0.0438165 -0.0205316 -0.0610772
13
1
-1.00834 6.66532 0.373407
0.0465948 -0.0287962 -0.0554216
14
1
-1.10269 6.7324 0.502632
0.0374629 -0.0356912 -0.0582625
15
1
-1.17265 6.79899 0.610612
0.0292892 -0.030953 -0.0499156
16
1
-1.23513 6.85854 0.706549
0.0306528 -0.0273243 -0.044144
17
1
-1.29932 6.90702 0.790627
0.0341842 -0.0222091 -0.0393298
18
1
-1.36781 6.94306 0.866124
0.0324818 -0.0136571 -0.0367256
19
1
-1.43562 6.9675 0.933598
0.0338724 -0.00903977 -0.0346983
20
1
-1.50084 6.98357 0.993849
0.0323441 -0.00458556 -0.0291623
21
1
-1.56296 6.99326 1.04779
0.0298232 -0.00271026 -0.0247672
22
1
-1.62187 6.99768 1.09423
0.0289712 -0.00122203 -0.0223635
23
1
-1.6807 6.99902 1.13393
0.0284807 -0.000166098 -0.0178851
24
1
-1.73985 6.99881 1.16629
0.0298651 0.000168915 -0.0140796
25
1
-1.79839 6.99753 1.19226
0.0298895 0.000463752 -0.0118084
26
1
-1.85584 6.99489 1.21282
0.0272417 0.00101982 -0.00880063
27
1
-1.91122 6.99025 1.2281
0.0264741 0.00186017 -0.00587262
28
1
-1.96513 6.98333 1.23861
0.02723 0.00314188 -0.00410355
29
1
-2.01821 6.97391 1.24449
0.026598 0.00457141 -0.00208293
30
1
-2.06995 6.96214 1.24583
0.0257365 0.00598411 -1.27795e-005
31
1
-2.1204 6.94904 1.24319
0.0253585 0.00665989 0.00168581
32
1
-2.16934 6.93499 1.23665
0.0244491 0.00693339 0.00358569
33
1
-2.21603 6.9198 1.22646
0.0235729 0.00793372 0.00536845
34
1
-2.26024 6.90343 1.21309
0.0224844 0.00866809 0.00666821
35
1
-2.3017 6.88629 1.19676
0.0200554 0.00854926 0.00827825
36
1
-2.33983 6.86839 1.17735
0.0179225 0.00899837 0.00975696
37
1
-2.37524 6.84954 1.15501
0.017056 0.00999116 0.0109925
38
1
-2.40843 6.83019 1.12903
0.015619 0.0105025 0.0132344
39
1
-2.43883 6.81099 1.0987
0.0132777 0.0105091 0.0161953
40
1
-2.46615 6.79219 1.06464
0.0119001 0.0104383 0.0183135
41
1
-2.49065 6.77392 1.02747
0.0106412 0.00978767 0.0199141
42
1
-2.51219 6.75687 0.98674
0.00849071 0.00869467 0.0220487
43
1
-2.53117 6.74155 0.942299
0.00739555 0.0078601 0.0240249
44
1
-2.54819 6.72829 0.894085
0.00781691 0.00660716 0.0254395
45
1
-2.56394 6.71738 0.841974
0.00794388 0.00449402 0.027389
46
1
-2.57913 6.70994 0.786166
0.00741419 0.002174 0.0296559
47
1
-2.59349 6.70616 0.727288
0.00682167 -0.000217784 0.0312585
48
1
-2.60629 6.70551 0.665797
0.00603984 -0.00228627 0.0326967
49
1
-2.61765 6.70722 0.602291
0.0051308 -0.00317598 0.0341587
50
1
-2.62761 6.70993 0.5374
0.0046072 -0.00294564 0.0346147
51
1
-2.63663 6.71258 0.471654
0.00443251 -0.00189504 0.0346042
52
1
-2.64489 6.71429 0.405113
0.00399552 -0.000769571 0.0346267
53
1
-2.6522 6.71496 0.338008
0.00330228 -0.000451152 0.034544
54
1
-2.65859 6.71479 0.270719
0.00284541 -0.000413012 0.0344979
55
1
-2.66376 6.71383 0.203311
0.00258256 0.000281936 0.0348292
56
1
-2.66763 6.71246 0.135821
0.00192057 0.00136042 0.0350948
57
1
-2.66994 6.71099 0.0680031
0.000786894 0.00126083 0.0347703
58
1
-2.67061 6.71045 8.97434e-012
-3.04414e-013 8.37118e-013 0.0344568
59
1
-2.66994 6.71099 -0.0680031
-0.000786894 -0.00126083 0.0347703
60
1
-2.66763 6.71246 -0.135821
-0.00192057 -0.00136042 0.0350948
61
1
-2.66376 6.71383 -0.203311
-0.00258256 -0.000281936 0.0348292
62
1
-2.65859 6.71479 -0.270719
-0.00284541 0.000413012 0.0344979
63
1
-2.6522 6.71496 -0.338008
-0.00330228 0.000451152 0.034544
64
1
-2.64489 6.71429 -0.405113
-0.00399552 0.000769571 0.0346267
65
1
-2.63663 6.71258 -0.471654
-0.00443251 0.00189504 0.0346042
66
1
-2.62761 6.70993 -0.5374
-0.0046072 0.00294564 0.0346147
67
1
-2.61765 6.70722 -0.602291
-0.0051308 0.00317598 0.0341587
68
1
-2.60629 6.70551 -0.665797
-0.00603984 0.00228627 0.0326967
69
1
-2.59349 6.70616 -0.727288
-0.00682167 0.000217784 0.0312585
70
1
-2.57913 6.70994 -0.786166
-0.00741419 -0.002174 0.0296559
71
1
-2.56394 6.71738 -0.841974
-0.00794388 -0.00449402 0.027389
72
1
-2.54819 6.72829 -0.894085
-0.00781691 -0.00660716 0.0254395
73
1
-2.53117 6.74155 -0.942299
-0.00739555 -0.0078601 0.0240249
74
1
-2.51219 6.75687 -0.98674
-0.00849071 -0.00869467 0.0220487
75
1
-2.49065 6.77392 -1.02747
-0.0106412 -0.00978767 0.0199141
76
1
-2.46615 6.79219 -1.06464
-0.0119001 -0.0104383 0.0183135
77
1
-2.43883 6.81099 -1.0987
-0.0132777 -0.0105091 0.0161953
78
1
-2.40843 6.83019 -1.12903
-0.015619 -0.0105025 0.0132344
79
1
-2.37524 6.84954 -1.15501
-0.017056 -0.00999116 0.0109925
80
1
-2.33983 6.86839 -1.17735
-0.0179225 -0.00899837 0.00975696
81
1
-2.3017 6.88629 -1.19676
-0.0200554 -0.00854926 0.00827825
82
1
-2.26024 6.90343 -1.21309
-0.0224844 -0.00866809 0.00666821
83
1
-2.21603 6.9198 -1.22646
-0.0235729 -0.00793372 0.00536845
84
1
-2.16934 6.93499 -1.23665
-0.0244491 -0.00693339 0.00358569
85
1
-2.1204 6.94904 -1.24319
-0.0253585 -0.00665989 0.00168581
86
1
-2.06995 6.96214 -1.24583
-0.0257365 -0.00598411 -1.27795e-005
87
1
-2.01821 6.97391 -1.24449
-0.026598 -0.00457141 -0.00208293
88
1
-1.96513 6.98333 -1.23861
-0.02723 -0.00314188 -0.00410355
89
1
-1.91122 6.99025 -1.2281
-0.0264741 -0.00186017 -0.00587262
90
1
-1.85584 6.99489 -1.21282
-0.0272417 -0.00101982 -0.00880063
91
1
-1.79839 6.99753 -1.19226
-0.0298895 -0.000463752 -0.0118084
92
1
-1.73985 6.99881 -1.16629
-0.0298651 -0.000168915 -0.0140796
93
1
-1.6807 6.99902 -1.13393
-0.0284807 0.000166098 -0.0178851
94
1
-1.62187 6.99768 -1.09423
-0.0289712 0.00122203 -0.0223635
95
1
-1.56296 6.99326 -1.04779
-0.0298232 0.00271026 -0.0247672
96
1
-1.50084 6.98357 -0.993849
-0.0323441 0.00458556 -0.0291623
97
1
-1.43562 6.9675 -0.933598
-0.0338724 0.00903977 -0.0346983
98
1
-1.36781 6.94306 -0.866124
-0.0324818 0.0136571 -0.0367256
99
1
-1.29932 6.90702 -0.790627
-0.0341842 0.0222091 -0.0393298
100
1
-1.23513 6.85854 -0.706549
-0.0306528 0.0273243 -0.044144
101
1
-1.17265 6.79899 -0.610612
-0.0292892 0.030953 -0.0499156
102
1
-1.10269 6.7324 -0.502632
-0.0374629 0.0356912 -0.0582625
103
1
-1.00834 6.66532 -0.373407
-0.0465948 0.0287962 -0.0554216
104
1
-0.877833 6.58947 -0.195572
-0.0438165 0.0205316 -0.0610772
105
1
-0.560589 6.38435 -0.0792046
-0.0249384 0.0411786 0.0123315
106
1
-0.0485632 8.94067 -0.772086
-0.000873353 0.00234399 0.0778819
107
1
0.0485632 8.94067 -0.772086
-0.000873353 -0.00234399 -0.0778819
108
1
0.560589 6.38435 -0.0792046
-0.0249384 -0.0411786 -0.0123314
109
1
0.877833 6.58947 -0.195572
-0.0438165 -0.0205316 0.0610772
110
1
1.00834 6.66532 -0.373407
-0.0465948 -0.0287962 0.0554216
111
1
1.10269 6.7324 -0.502632
-0.0374629 -0.0356912 0.0582625
112
1
1.17265 6.79899 -0.610612
-0.0292892 -0.030953 0.0499156
113
1
1.23513 6.85854 -0.706549
-0.0306528 -0.0273243 0.044144
114
1
1.29932 6.90702 -0.790627
-0.0341842 -0.0222091 0.0393298
115
1
1.36781 6.94306 -0.866124
-0.0324818 -0.0136571 0.0367256
116
1
1.43562 6.9675 -0.933598
-0.0338724 -0.00903977 0.0346983
117
1
1.50084 6.98357 -0.993849
-0.0323441 -0.00458556 0.0291623
118
1
1.56296 6.99326 -1.04779
-0.0298232 -0.00271026 0.0247672
119
1
1.62187 6.99768 -1.09423
-0.0289712 -0.00122203 0.0223635
120
1
1.6807 6.99902 -1.13393
-0.0284807 -0.000166098 0.0178851
121
1
1.73985 6.99881 -1.16629
-0.0298651 0.000168915 0.0140796
122
1
1.79839 6.99753 -1.19226
-0.0298895 0.000463752 0.0118084
123
1
1.85584 6.99489 -1.21282
-0.0272417 0.00101982 0.00880063
124
1
1.91122 6.99025 -1.2281
-0.0264741 0.00186017 0.00587262
125
1
1.96513 6.98333 -1.23861
-0.02723 0.00314188 0.00410355
126
1
2.01821 6.97391 -1.24449
-0.026598 0.00457141 0.00208293
127
1
2.06995 6.96214 -1.24583
-0.0257365 0.00598411 1.27795e-005
128
1
2.1204 6.94904 -1.24319
-0.0253585 0.00665989 -0.00168581
129
1
2.16934 6.93499 -1.23665
-0.0244491 0.00693339 -0.00358569
130
1
2.21603 6.9198 -1.22646
-0.0235729 0.00793372 -0.00536845
131
1
2.26024 6.90343 -1.21309
-0.0224844 0.00866809 -0.00666821
132
1
2.3017 6.88629 -1.19676
-0.0200554 0.00854926 -0.00827825
133
1
2.33983 6.86839 -1.17735
-0.0179225 0.00899837 -0.00975696
134
1
2.37524 6.84954 -1.15501
-0.017056 0.00999116 -0.0109925
135
1
2.40843 6.83019 -1.12903
-0.015619 0.0105025 -0.0132344
136
1
2.43883 6.81099 -1.0987
-0.0132777 0.0105091 -0.0161953
137
1
2.46615 6.79219 -1.06464
-0.0119001 0.0104383 -0.0183135
138
1
2.49065 6.77392 -1.02747
-0.0106412 0.00978767 -0.0199141
139
1
2.51219 6.75687 -0.98674
-0.00849071 0.00869467 -0.0220487
140
1
2.53117 6.74155 -0.942299
-0.00739555 0.0078601 -0.0240249
141
1
2.54819 6.72829 -0.894085
-0.00781691 0.00660716 -0.0254395
142
1
2.56394 6.71738 -0.841974
-0.00794388 0.00449402 -0.027389
143
1
2.57913 6.70994 -0.786166
-0.00741419 0.002174 -0.0296559
144
1
2.59349 6.70616 -0.727288
-0.00682167 -0.000217784 -0.0312585
145
1
2.60629 6.70551 -0.665797
-0.00603984 -0.00228627 -0.0326967
146
1
2.61765 6.70722 -0.602291
-0.0051308 -0.00317598 -0.0341587
147
1
2.62761 6.70993 -0.5374
-0.0046072 -0.00294564 -0.0346147
148
1
2.63663 6.71258 -0.471654
-0.00443251 -0.00189504 -0.0346042
149
1
2.64489 6.71429 -0.405113
-0.00399552 -0.000769571 -0.0346267
150
1
2.6522 6.71496 -0.338008
-0.00330228 -0.000451152 -0.034544
151
1
2.65859 6.71479 -0.270719
-0.00284541 -0.000413012 -0.0344979
152
1
2.66376 6.71383 -0.203311
-0.00258256 0.000281936 -0.0348292
153
1
2.66763 6.71246 -0.135821
-0.00192057 0.00136042 -0.0350948
154
1
2.66994 6.71099 -0.0680031
-0.000786894 0.00126083 -0.0347703
155
1
2.67061 6.71045 -5.42525e-012
4.66421e-013 1.11507e-012 -0.0344568
156
1
2.66994 6.71099 0.0680031
0.000786894 -0.00126083 -0.0347703
157
1
2.66763 6.71246 0.135821
0.00192057 -0.00136042 -0.0350948
158
1
2.66376 6.71383 0.203311
0.00258256 -0.000281936 -0.0348292
159
1
2.65859 6.71479 0.270719
0.00284541 0.000413012 -0.0344979
160
1
2.6522 6.71496 0.338008
0.00330228 0.000451152 -0.034544
161
1
2.64489 6.71429 0.405113
0.00399552 0.000769571 -0.0346267
162
1
2.63663 6.71258 0.471654
0.00443251 0.00189504 -0.0346042
163
1
2.62761 6.70993 0.5374
0.0046072 0.00294564 -0.0346147
164
1
2.61765 6.70722 0.602291
0.0051308 0.00317598 -0.0341587
165
1
2.60629 6.70551 0.665797
0.00603984 0.00228627 -0.0326967
166
1
2.59349 6.70616 0.727288
0.00682167 0.000217784 -0.0312585
167
1
2.57913 6.70994 0.786166
0.00741419 -0.002174 -0.0296559
168
1
2.56394 6.71738 0.841974
0.00794388 -0.00449402 -0.027389
169
1
2.54819 6.72829 0.894085
0.00781691 -0.00660716 -0.0254395
170
1
2.53117 6.74155 0.942299
0.00739555 -0.0078601 -0.0240249
171
1
2.51219 6.75687 0.98674
0.00849071 -0.00869467 -0.0220487
172
1
2.49065 6.77392 1.02747
0.0106412 -0.00978767 -0.0199141
173
1
2.46615 6.79219 1.06464
0.0119001 -0.0104383 -0.0183135
174
1
2.43883 6.81099 1.0987
0.0132777 -0.0105091 -0.0161953
175
1
2.40843 6.83019 1.12903
0.015619 -0.0105025 -0.0132344
176
1
2.37524 6.84954 1.15501
0.017056 -0.00999116 -0.0109925
177
1
2.33983 6.86839 1.17735
0.0179225 -0.00899837 -0.00975696
178
1
2.3017 6.88629 1.19676
0.0200554 -0.00854926 -0.00827825
179
1
2.26024 6.90343 1.21309
0.0224844 -0.00866809 -0.00666821
180
1
2.21603 6.9198 1.22646
0.0235729 -0.00793372 -0.00536845
181
1
2.16934 6.93499 1.23665
0.0244491 -0.00693339 -0.00358569
182
1
2.1204 6.94904 1.24319
0.0253585 -0.00665989 -0.00168581
183
1
2.06995 6.96214 1.24583
0.0257365 -0.00598411 1.27795e-005
184
1
2.01821 6.97391 1.24449
0.026598 -0.00457141 0.00208293
185
1
1.96513 6.98333 1.23861
0.02723 -0.00314188 0.00410355
186
1
1.91122 6.99025 1.2281
0.0264741 -0.00186017 0.00587262
187
1
1.85584 6.99489 1.21282
0.0272417 -0.00101982 0.00880063
188
1
1.79839 6.99753 1.19226
0.0298895 -0.000463752 0.0118084
189
1
1.73985 6.99881 1.16629
0.0298651 -0.000168915 0.0140796
190
1
1.6807 6.99902 1.13393
0.0284807 0.000166098 0.0178851
191
1
1.62187 6.99768 1.09423
0.0289712 0.00122203 0.0223635
192
1
1.56296 6.99326 1.04779
0.0298232 0.00271026 0.0247672
193
1
1.50084 6.98357 0.993849
0.0323441 0.00458556 0.0291623
