194
0
1
0.569518 10.314 1.45475
0.0174831 0.0386088 -0.0359298
1
1
0.528912 10.2434 1.51736
0.0215335 0.0302945 -0.0300014
2
1
0.479786 10.1705 1.57324
0.0261762 0.0374169 -0.0262841
3
1
0.419914 10.0867 1.61681
0.0358674 0.046453 -0.0217564
4
1
0.357102 10.0039 1.63725
0.0301722 0.0378235 0.00280377
5
1
0.292261 9.92437 1.63429
0.0268642 0.0308013 0.0105558
6
1
0.229927 9.82314 1.61933
0.0162681 0.0555977 0.0130243
7
1
0.120899 9.68935 1.63902
0.0508976 0.0370191 -0.0326318
8
1
0.236389 6.17002 0.0558391
-0.0350774 -0.034938 -0.00927131
9
1
0.359296 12.8341 0.0753132
0.0450806 0.0237659 0.0082397
10
1
-0.359295 12.8341 0.0752321
0.0450627 -0.0237747 -0.00820615
11
1
-0.236224 6.1703 0.0562344
-0.0351512 0.0348464 0.00906891
12
1
-0.120897 9.68935 1.63902
0.0508975 -0.0370191 0.0326317
13
1
-0.229927 9.82314 1.61933
0.0162682 -0.0555977 -0.0130243
14
1
-0.29226 9.92437 1.63429
0.0268643 -0.0308014 -0.0105558
15
1
-0.357102 10.0039 1.63725
0.0301723 -0.0378235 -0.00280373
16
1
-0.419913 10.0867 1.61681
0.0358674 -0.046453 0.0217565
17
1
-0.479786 10.1705 1.57324
0.0261762 -0.0374169 0.0262841
18
1
-0.528912 10.2434 1.51736
0.0215335 -0.0302946 0.0300014
19
1
-0.569518 10.314 1.45475
0.017483 -0.0386088 0.0359299
20
1
-0.602949 10.3841 1.39023
0.0153963 -0.036071 0.0372397
21
1
-0.631075 10.4566 1.32486
0.0115857 -0.031389 0.0282683
22
1
-0.648164 10.5324 1.26539
0.00767212 -0.0439112 0.0308292
23
1
-0.655568 10.6079 1.20794
0.00258202 -0.0382752 0.0314069
24
1
-0.656427 10.6725 1.15301
-0.00181941 -0.0220896 0.0227115
25
1
-0.655737 10.7266 1.10185
-0.00202096 -0.0244911 0.0242372
26
1
-0.652962 10.778 1.05336
-0.00211317 -0.0274985 0.0236622
27
1
-0.647072 10.8281 1.00783
-0.00443153 -0.0238334 0.0204996
28
1
-0.638783 10.8768 0.963854
-0.00632011 -0.0202053 0.0198246
29
1
-0.629059 10.9241 0.918892
-0.00652009 -0.0212454 0.0245507
30
1
-0.619552 10.9692 0.875915
-0.00446484 -0.0198808 0.0190841
31
1
-0.612174 11.0156 0.837015
-0.00194022 -0.0211035 0.0166299
32
1
-0.608843 11.0649 0.800395
-0.000547674 -0.02623 0.0200857
33
1
-0.608623 11.115 0.766645
0.000100679 -0.0289077 0.0183491
34
1
-0.609794 11.1654 0.736537
0.00160819 -0.0282111 0.0144277
35
1
-0.612478 11.2172 0.70958
0.00183306 -0.0267073 0.0134245
36
1
-0.615152 11.2685 0.686709
5.91732e-005 -0.0254081 0.010479
37
1
-0.619232 11.3182 0.668388
9.22933e-006 -0.0257799 0.00721397
38
1
-0.625335 11.3667 0.653832
0.00200756 -0.0233534 0.00520232
39
1
-0.633598 11.4123 0.641693
0.0032918 -0.0182491 0.00362006
40
1
-0.64386 11.4541 0.63169
0.00495535 -0.0178645 0.00245257
41
1
-0.656869 11.4938 0.622699
0.00814338 -0.0196883 0.00204441
42
1
-0.672728 11.5328 0.61255
0.00892115 -0.0185814 0.00326255
43
1
-0.691479 11.5705 0.600641
0.00863756 -0.0180124 0.00478174
44
1
-0.713284 11.6074 0.586853
0.0118211 -0.0202113 0.0065001
45
1
-0.739319 11.6439 0.570855
0.0167772 -0.0194799 0.00906509
46
1
-0.768393 11.6794 0.551321
0.0168623 -0.0154885 0.00983872
47
1
-0.7993 11.7127 0.52875
0.0170845 -0.0150312 0.0106518
48
1
-0.830947 11.7438 0.500997
0.0196039 -0.0157472 0.0155439
49
1
-0.861536 11.7712 0.468559
0.0179251 -0.0138979 0.0177154
50
1
-0.888779 11.7948 0.431678
0.0145882 -0.0116961 0.0170588
51
1
-0.912664 11.8154 0.389688
0.0123036 -0.0108262 0.0218076
52
1
-0.933233 11.8324 0.34257
0.00887896 -0.00850238 0.0283513
53
1
-0.949961 11.8458 0.290529
0.00716758 -0.00528979 0.0316753
54
1
-0.962903 11.856 0.234874
0.00592262 -0.00378388 0.0325215
55
1
-0.972437 11.8634 0.176673
0.00192664 -0.00187063 0.0329207
56
1
-0.978722 11.8682 0.11816
0.00133022 -0.000919252 0.0317033
57
1
-0.982622 11.871 0.0584441
0.00133718 -0.000164574 0.0299705
58
1
-0.983806 11.8719 7.1496e-007
3.6623e-008 2.87893e-008 0.0293024
59
1
-0.982622 11.871 -0.0584427
-0.00133711 0.000164634 0.0299705
60
1
-0.978722 11.8682 -0.118159
-0.00133015 0.000919314 0.0317033
61
1
-0.972437 11.8634 -0.176672
-0.00192658 0.00187069 0.0329208
62
1
-0.962904 11.856 -0.234873
-0.00592257 0.00378395 0.0325216
63
1
-0.949961 11.8458 -0.290528
-0.00716754 0.00528985 0.0316754
64
1
-0.933233 11.8324 -0.342569
-0.00887893 0.00850243 0.0283513
65
1
-0.912664 11.8154 -0.389687
-0.0123036 0.0108263 0.0218076
66
1
-0.88878 11.7948 -0.431678
-0.0145882 0.0116962 0.0170588
67
1
-0.861537 11.7712 -0.468558
-0.0179251 0.0138979 0.0177155
68
1
-0.830947 11.7438 -0.500997
-0.0196039 0.0157472 0.0155439
69
1
-0.799301 11.7127 -0.52875
-0.0170845 0.0150312 0.0106518
70
1
-0.768394 11.6794 -0.551321
-0.0168623 0.0154885 0.00983875
71
1
-0.739319 11.6439 -0.570855
-0.0167772 0.0194799 0.00906512
72
1
-0.713284 11.6074 -0.586853
-0.0118211 0.0202113 0.00650012
73
1
-0.69148 11.5705 -0.600641
-0.00863757 0.0180124 0.00478176
74
1
-0.672728 11.5328 -0.61255
-0.00892116 0.0185814 0.00326256
75
1
-0.656869 11.4938 -0.622698
-0.0081434 0.0196883 0.00204442
76
1
-0.64386 11.4541 -0.631689
-0.00495537 0.0178645 0.00245258
77
1
-0.633599 11.4123 -0.641693
-0.00329181 0.0182491 0.00362007
78
1
-0.625336 11.3667 -0.653832
-0.00200758 0.0233534 0.00520233
79
1
-0.619232 11.3182 -0.668388
-9.2417e-006 0.0257799 0.00721398
80
1
-0.615152 11.2685 -0.686709
-5.91824e-005 0.0254081 0.010479
81
1
-0.612479 11.2172 -0.70958
-0.00183307 0.0267073 0.0134246
82
1
-0.609795 11.1654 -0.736537
-0.00160819 0.0282111 0.0144277
83
1
-0.608624 11.115 -0.766645
-0.000100682 0.0289076 0.0183491
84
1
-0.608843 11.0649 -0.800395
0.000547674 0.02623 0.0200857
85
1
-0.612175 11.0156 -0.837015
0.00194023 0.0211035 0.0166299
86
1
-0.619553 10.9692 -0.875914
0.00446484 0.0198808 0.0190841
87
1
-0.629059 10.9241 -0.918892
0.0065201 0.0212454 0.0245507
88
1
-0.638783 10.8768 -0.963854
0.00632011 0.0202052 0.0198246
89
1
-0.647073 10.8281 -1.00783
0.00443153 0.0238333 0.0204996
90
1
-0.652962 10.778 -1.05336
0.00211317 0.0274985 0.0236622
91
1
-0.655738 10.7266 -1.10185
0.00202097 0.0244911 0.0242372
92
1
-0.656428 10.6725 -1.15301
0.00181942 0.0220896 0.0227115
93
1
-0.655569 10.6079 -1.20794
-0.00258201 0.0382752 0.0314069
94
1
-0.648165 10.5324 -1.26539
-0.00767211 0.0439112 0.0308292
95
1
-0.631075 10.4566 -1.32486
-0.0115857 0.031389 0.0282683
96
1
-0.602949 10.3841 -1.39023
-0.0153963 0.036071 0.0372397
97
1
-0.569518 10.314 -1.45475
-0.0174831 0.0386088 0.0359298
98
1
-0.528912 10.2434 -1.51736
-0.0215335 0.0302945 0.0300014
99
1
-0.479786 10.1705 -1.57324
-0.0261762 0.0374169 0.0262841
100
1
-0.419914 10.0867 -1.61681
-0.0358674 0.046453 0.0217564
101
1
-0.357102 10.0039 -1.63725
-0.0301722 0.0378235 -0.00280377
102
1
-0.292261 9.92437 -1.63429
-0.0268642 0.0308013 -0.0105558
103
1
-0.229927 9.82314 -1.61933
-0.0162681 0.0555977 -0.0130243
104
1
-0.120899 9.68935 -1.63902
-0.0508976 0.0370191 0.0326318
105
1
-0.236387 6.17002 -0.0558333
0.0350772 -0.0349383 0.00927281
106
1
-0.359296 12.8341 -0.0753133
-0.0450806 0.0237659 -0.00823974
107
1
0.359295 12.8341 -0.0752322
-0.0450627 -0.0237747 0.00820618
108
1
0.236222 6.1703 -0.0562286
0.035151 0.0348466 -0.00907041
109
1
0.120897 9.68935 -1.63902
-0.0508975 -0.0370191 -0.0326317
110
1
0.229927 9.82314 -1.61933
-0.0162682 -0.0555977 0.0130243
111
1
0.29226 9.92437 -1.63429
-0.0268643 -0.0308014 0.0105558
112
1
0.357102 10.0039 -1.63725
-0.0301723 -0.0378235 0.00280373
113
1
0.419913 10.0867 -1.61681
-0.0358674 -0.046453 -0.0217565
114
1
0.479786 10.1705 -1.57324
-0.0261762 -0.0374169 -0.0262841
115
1
0.528912 10.2434 -1.51736
-0.0215335 -0.0302946 -0.0300014
116
1
0.569518 10.314 -1.45475
-0.017483 -0.0386088 -0.0359299
117
1
0.602949 10.3841 -1.39023
-0.0153963 -0.036071 -0.0372397
118
1
0.631075 10.4566 -1.32486
-0.0115857 -0.031389 -0.0282683
119
1
0.648164 10.5324 -1.26539
-0.00767212 -0.0439112 -0.0308292
120
1
0.655568 10.6079 -1.20794
-0.00258202 -0.0382752 -0.0314069
121
1
0.656427 10.6725 -1.15301
0.00181941 -0.0220896 -0.0227115
122
1
0.655737 10.7266 -1.10185
0.00202096 -0.0244911 -0.0242372
123
1
0.652962 10.778 -1.05336
0.00211317 -0.0274985 -0.0236622
124
1
0.647072 10.8281 -1.00783
0.00443153 -0.0238334 -0.0204996
125
1
0.638783 10.8768 -0.963854
0.00632011 -0.0202053 -0.0198246
126
1
0.629059 10.9241 -0.918892
0.00652009 -0.0212454 -0.0245507
127
1
0.619552 10.9692 -0.875915
0.00446484 -0.0198808 -0.0190841
128
1
0.612174 11.0156 -0.837015
0.00194022 -0.0211035 -0.0166299
129
1
0.608843 11.0649 -0.800395
0.000547674 -0.02623 -0.0200857
130
1
0.608623 11.115 -0.766645
-0.000100679 -0.0289077 -0.0183491
131
1
0.609794 11.1654 -0.736537
-0.00160819 -0.0282111 -0.0144277
132
1
0.612478 11.2172 -0.70958
-0.00183306 -0.0267073 -0.0134245
133
1
0.615152 11.2685 -0.686709
-5.91733e-005 -0.0254081 -0.010479
134
1
0.619232 11.3182 -0.668388
-9.22945e-006 -0.0257799 -0.00721397
135
1
0.625335 11.3667 -0.653832
-0.00200756 -0.0233534 -0.00520232
136
1
0.633598 11.4123 -0.641693
-0.0032918 -0.0182491 -0.00362006
137
1
0.64386 11.4541 -0.63169
-0.00495535 -0.0178645 -0.00245257
138
1
0.656869 11.4938 -0.622699
-0.00814338 -0.0196883 -0.00204441
139
1
0.672728 11.5328 -0.61255
-0.00892115 -0.0185814 -0.00326255
140
1
0.691479 11.5705 -0.600641
-0.00863756 -0.0180124 -0.00478174
141
1
0.713284 11.6074 -0.586853
-0.0118211 -0.0202113 -0.0065001
142
1
0.739319 11.6439 -0.570855
-0.0167772 -0.0194799 -0.00906509
143
1
0.768393 11.6794 -0.551321
-0.0168623 -0.0154885 -0.00983872
144
1
0.7993 11.7127 -0.52875
-0.0170845 -0.0150312 -0.0106518
145
1
0.830947 11.7438 -0.500997
-0.0196039 -0.0157472 -0.0155439
146
1
0.861536 11.7712 -0.468559
-0.0179251 -0.0138979 -0.0177154
147
1
0.888779 11.7948 -0.431678
-0.0145882 -0.0116961 -0.0170588
148
1
0.912664 11.8154 -0.389688
-0.0123036 -0.0108262 -0.0218076
149
1
0.933233 11.8324 -0.34257
-0.00887896 -0.00850238 -0.0283513
150
1
0.949961 11.8458 -0.290529
-0.00716758 -0.00528979 -0.0316753
151
1
0.962903 11.856 -0.234874
-0.00592262 -0.00378389 -0.0325215
152
1
0.972437 11.8634 -0.176673
-0.00192664 -0.00187063 -0.0329207
153
1
0.978722 11.8682 -0.11816
-0.00133022 -0.000919252 -0.0317033
154
1
0.982622 11.871 -0.0584441
-0.00133718 -0.000164575 -0.0299705
155
1
0.983806 11.8719 -7.15326e-007
-3.65471e-008 2.83405e-008 -0.0293024
156
1
0.982622 11.871 0.0584427
0.00133711 0.000164634 -0.0299705
157
1
0.978722 11.8682 0.118159
0.00133015 0.000919313 -0.0317033
158
1
0.972437 11.8634 0.176672
0.00192658 0.00187069 -0.0329208
159
1
0.962904 11.856 0.234873
0.00592257 0.00378395 -0.0325216
160
1
0.949961 11.8458 0.290528
0.00716754 0.00528985 -0.0316754
161
1
0.933233 11.8324 0.342569
0.00887893 0.00850243 -0.0283513
162
1
0.912664 11.8154 0.389687
0.0123036 0.0108263 -0.0218076
163
1
0.88878 11.7948 0.431678
0.0145882 0.0116962 -0.0170588
164
1
0.861537 11.7712 0.468558
0.0179251 0.0138979 -0.0177155
165
1
0.830947 11.7438 0.500997
0.0196039 0.0157472 -0.0155439
166
1
0.799301 11.7127 0.52875
0.0170845 0.0150312 -0.0106518
167
1
0.768394 11.6794 0.551321
0.0168623 0.0154885 -0.00983875
168
1
0.739319 11.6439 0.570855
0.0167772 0.0194799 -0.00906512
169
1
0.713284 11.6074 0.586853
0.0118211 0.0202113 -0.00650011
170
1
0.69148 11.5705 0.600641
0.00863757 0.0180124 -0.00478176
171
1
0.672728 11.5328 0.61255
0.00892116 0.0185814 -0.00326256
172
1
0.656869 11.4938 0.622698
0.0081434 0.0196883 -0.00204442
173
1
0.64386 11.4541 0.631689
0.00495537 0.0178645 -0.00245258
174
1
0.633599 11.4123 0.641693
0.00329181 0.0182491 -0.00362007
175
1
0.625336 11.3667 0.653832
0.00200758 0.0233534 -0.00520233
176
1
0.619232 11.3182 0.668388
9.24157e-006 0.0257799 -0.00721398
177
1
0.615152 11.2685 0.686709
5.91823e-005 0.0254081 -0.010479
178
1
0.612479 11.2172 0.70958
0.00183307 0.0267073 -0.0134246
179
1
0.609795 11.1654 0.736537
0.00160819 0.0282111 -0.0144277
180
1
0.608624 11.115 0.766645
0.000100682 0.0289076 -0.0183491
181
1
0.608843 11.0649 0.800395
-0.000547673 0.02623 -0.0200857
182
1
0.612175 11.0156 0.837015
-0.00194023 0.0211035 -0.0166299
183
1
0.619553 10.9692 0.875914
-0.00446484 0.0198808 -0.0190841
184
1
0.629059 10.9241 0.918892
-0.0065201 0.0212454 -0.0245507
185
1
0.638783 10.8768 0.963854
-0.00632011 0.0202052 -0.0198246
186
1
0.647073 10.8281 1.00783
-0.00443153 0.0238333 -0.0204996
187
1
0.652962 10.778 1.05336
-0.00211317 0.0274985 -0.0236622
188
1
0.655738 10.7266 1.10185
-0.00202097 0.0244911 -0.0242372
189
1
0.656428 10.6725 1.15301
-0.00181942 0.0220896 -0.0227115
190
1
0.655569 10.6079 1.20794
0.00258201 0.0382752 -0.0314069
191
1
0.648165 10.5324 1.26539
0.00767211 0.0439112 -0.0308292
192
1
0.631075 10.4566 1.32486
0.0115857 0.031389 -0.0282683
193
1
0.602949 10.3841 1.39023
0.0153963 0.036071 -0.0372397
