194
0
1
0.88003 4.49815 0.620148
0.0384908 -0.0194317 0.0271095
1
1
0.805905 4.54068 0.565087
0.0368686 -0.0220756 0.0306568
2
1
0.732648 4.59056 0.50319
0.0362645 -0.0263087 0.0331591
3
1
0.660879 4.6486 0.437793
0.0338481 -0.0316935 0.0340995
4
1
0.587679 4.71596 0.372553
0.0354141 -0.0367649 0.0325161
5
1
0.509712 4.79095 0.312725
0.0374489 -0.0402302 0.0282664
6
1
0.422346 4.86934 0.261857
0.0442206 -0.0409012 0.0232275
7
1
0.320848 4.94328 0.222934
0.0525231 -0.0363978 0.0158414
8
1
0.202157 5.00256 0.197253
0.0619074 -0.0256865 0.00963164
9
1
0.0693 5.03576 0.184653
0.0679939 -0.00922796 0.00266717
10
1
-0.0693 5.03576 0.184653
0.0679939 0.00922796 -0.00266717
11
1
-0.202157 5.00256 0.197253
0.0619074 0.0256865 -0.00963164
12
1
-0.320848 4.94328 0.222934
0.0525231 0.0363978 -0.0158414
13
1
-0.422346 4.86934 0.261857
0.0442206 0.0409012 -0.0232275
14
1
-0.509712 4.79095 0.312725
0.0374489 0.0402302 -0.0282664
15
1
-0.587679 4.71596 0.372553
0.0354141 0.0367649 -0.0325161
16
1
-0.660879 4.6486 0.437793
0.0338481 0.0316935 -0.0340995
17
1
-0.732648 4.59056 0.50319
0.0362645 0.0263087 -0.0331591
18
1
-0.805905 4.54068 0.565087
0.0368686 0.0220756 -0.0306568
19
1
-0.88003 4.49815 0.620148
0.0384908 0.0194317 -0.0271095
20
1
-0.953931 4.46223 0.667582
0.0373845 0.0162302 -0.0232513
21
1
-1.0257 4.43154 0.708692
0.0342754 0.0142965 -0.020071
22
1
-1.0945 4.40494 0.745292
0.0339751 0.0136054 -0.0176048
23
1
-1.16094 4.38134 0.779123
0.0314017 0.0117488 -0.0157836
24
1
-1.22474 4.36062 0.810518
0.0305409 0.0104105 -0.0150077
25
1
-1.28684 4.34265 0.83893
0.0307342 0.00905741 -0.0133163
26
1
-1.34775 4.32797 0.864013
0.029283 0.00641412 -0.0115222
27
1
-1.40773 4.31718 0.885479
0.02907 0.00418069 -0.0099071
28
1
-1.4672 4.30943 0.903557
0.029883 0.00281668 -0.00816102
29
1
-1.52655 4.3042 0.918141
0.02943 0.00146627 -0.00613701
30
1
-1.58585 4.3009 0.928373
0.0291363 0.000370886 -0.00375309
31
1
-1.64518 4.2987 0.933977
0.029692 -0.000104435 -0.00133455
32
1
-1.70447 4.29741 0.93565
0.0297606 -0.000506494 0.000380358
33
1
-1.76345 4.29671 0.934101
0.0293656 -0.000520485 0.0016916
34
1
-1.82181 4.2957 0.929566
0.0291232 0.000722186 0.00318245
35
1
-1.87924 4.29335 0.922083
0.0284321 0.00219621 0.00475015
36
1
-1.93561 4.2899 0.911935
0.0270336 0.00261354 0.00598643
37
1
-1.9914 4.28617 0.899278
0.0264131 0.00267786 0.00718782
38
1
-2.04743 4.28223 0.88395
0.027337 0.00313057 0.00865283
39
1
-2.10392 4.27787 0.86624
0.0283195 0.00302316 0.00982162
40
1
-2.16017 4.27358 0.846532
0.0282533 0.00185908 0.0107443
41
1
-2.21538 4.26996 0.824615
0.0277627 0.000770355 0.0119091
42
1
-2.26906 4.26764 0.799558
0.0271007 2.36021e-005 0.0133883
43
1
-2.32108 4.26639 0.770532
0.0261644 -0.000904235 0.0154413
44
1
-2.37158 4.26655 0.737064
0.0254133 -0.00175528 0.0178673
45
1
-2.42104 4.26809 0.699245
0.0253068 -0.00186699 0.0198861
46
1
-2.46978 4.27074 0.658035
0.0252783 -0.00163061 0.0214863
47
1
-2.51699 4.274 0.614018
0.02458 -0.0020075 0.0230651
48
1
-2.56147 4.27722 0.567346
0.0232217 -0.00224228 0.0246008
49
1
-2.60237 4.27969 0.518187
0.0211948 -0.00126657 0.0262178
50
1
-2.639 4.28076 0.466861
0.0185694 -0.000140059 0.0274332
51
1
-2.67066 4.28117 0.413519
0.0156909 -7.58485e-005 0.0282297
52
1
-2.69725 4.282 0.358136
0.0124665 -0.000479834 0.0290059
53
1
-2.71848 4.28352 0.300867
0.00902108 -0.00053405 0.0299792
54
1
-2.73462 4.28541 0.242142
0.00598618 -0.000131476 0.0309034
55
1
-2.74628 4.28682 0.182345
0.0037983 0.000277428 0.0314613
56
1
-2.75432 4.28754 0.121909
0.0022177 0.000368949 0.0314715
57
1
-2.75923 4.28757 0.061047
0.000969922 0.000171714 0.0310726
58
1
-2.76077 4.28757 -2.37147e-015
-3.78361e-017 -6.50055e-017 0.0308134
59
1
-2.75923 4.28757 -0.061047
-0.000969922 -0.000171714 0.0310726
60
1
-2.75432 4.28754 -0.121909
-0.0022177 -0.000368949 0.0314715
61
1
-2.74628 4.28682 -0.182345
-0.0037983 -0.000277428 0.0314613
62
1
-2.73462 4.28541 -0.242142
-0.00598618 0.000131476 0.0309034
63
1
-2.71848 4.28352 -0.300867
-0.00902108 0.00053405 0.0299792
64
1
-2.69725 4.282 -0.358136
-0.0124665 0.000479834 0.0290059
65
1
-2.67066 4.28117 -0.413519
-0.0156909 7.58485e-005 0.0282297
66
1
-2.639 4.28076 -0.466861
-0.0185694 0.000140059 0.0274332
67
1
-2.60237 4.27969 -0.518187
-0.0211948 0.00126657 0.0262178
68
1
-2.56147 4.27722 -0.567346
-0.0232217 0.00224228 0.0246008
69
1
-2.51699 4.274 -0.614018
-0.02458 0.0020075 0.0230651
70
1
-2.46978 4.27074 -0.658035
-0.0252783 0.00163061 0.0214863
71
1
-2.42104 4.26809 -0.699245
-0.0253068 0.00186699 0.0198861
72
1
-2.37158 4.26655 -0.737064
-0.0254133 0.00175528 0.0178673
73
1
-2.32108 4.26639 -0.770532
-0.0261644 0.000904235 0.0154413
74
1
-2.26906 4.26764 -0.799558
-0.0271007 -2.36021e-005 0.0133883
75
1
-2.21538 4.26996 -0.824615
-0.0277627 -0.000770355 0.0119091
76
1
-2.16017 4.27358 -0.846532
-0.0282533 -0.00185908 0.0107443
77
1
-2.10392 4.27787 -0.86624
-0.0283195 -0.00302316 0.00982162
78
1
-2.04743 4.28223 -0.88395
-0.027337 -0.00313057 0.00865283
79
1
-1.9914 4.28617 -0.899278
-0.0264131 -0.00267786 0.00718782
80
1
-1.93561 4.2899 -0.911935
-0.0270336 -0.00261354 0.00598643
81
1
-1.87924 4.29335 -0.922083
-0.0284321 -0.00219621 0.00475015
82
1
-1.82181 4.2957 -0.929566
-0.0291232 -0.000722186 0.00318245
83
1
-1.76345 4.29671 -0.934101
-0.0293656 0.000520485 0.0016916
84
1
-1.70447 4.29741 -0.93565
-0.0297606 0.000506494 0.000380358
85
1
-1.64518 4.2987 -0.933977
-0.029692 0.000104435 -0.00133455
86
1
-1.58585 4.3009 -0.928373
-0.0291363 -0.000370886 -0.00375309
87
1
-1.52655 4.3042 -0.918141
-0.02943 -0.00146627 -0.00613701
88
1
-1.4672 4.30943 -0.903557
-0.029883 -0.00281668 -0.00816102
89
1
-1.40773 4.31718 -0.885479
-0.02907 -0.00418069 -0.0099071
90
1
-1.34775 4.32797 -0.864013
-0.029283 -0.00641412 -0.0115222
91
1
-1.28684 4.34265 -0.83893
-0.0307342 -0.00905741 -0.0133163
92
1
-1.22474 4.36062 -0.810518
-0.0305409 -0.0104105 -0.0150077
93
1
-1.16094 4.38134 -0.779123
-0.0314017 -0.0117488 -0.0157836
94
1
-1.0945 4.40494 -0.745292
-0.0339751 -0.0136054 -0.0176048
95
1
-1.0257 4.43154 -0.708692
-0.0342754 -0.0142965 -0.020071
96
1
-0.953931 4.46223 -0.667582
-0.0373845 -0.0162302 -0.0232513
97
1
-0.88003 4.49815 -0.620148
-0.0384908 -0.0194317 -0.0271095
98
1
-0.805905 4.54068 -0.565087
-0.0368686 -0.0220756 -0.0306568
99
1
-0.732648 4.59056 -0.50319
-0.0362645 -0.0263087 -0.0331591
100
1
-0.660879 4.6486 -0.437793
-0.0338481 -0.0316935 -0.0340995
101
1
-0.587679 4.71596 -0.372553
-0.0354141 -0.0367649 -0.0325161
102
1
-0.509712 4.79095 -0.312725
-0.0374489 -0.0402302 -0.0282664
103
1
-0.422346 4.86934 -0.261857
-0.0442206 -0.0409012 -0.0232275
104
1
-0.320848 4.94328 -0.222934
-0.0525231 -0.0363978 -0.0158414
105
1
-0.202157 5.00256 -0.197253
-0.0619074 -0.0256865 -0.00963164
106
1
-0.0693 5.03576 -0.184653
-0.0679939 -0.00922796 -0.00266717
107
1
0.0693 5.03576 -0.184653
-0.0679939 0.00922796 0.00266717
108
1
0.202157 5.00256 -0.197253
-0.0619074 0.0256865 0.00963164
109
1
0.320848 4.94328 -0.222934
-0.0525231 0.0363978 0.0158414
110
1
0.422346 4.86934 -0.261857
-0.0442206 0.0409012 0.0232275
111
1
0.509712 4.79095 -0.312725
-0.0374489 0.0402302 0.0282664
112
1
0.587679 4.71596 -0.372553
-0.0354141 0.0367649 0.0325161
113
1
0.660879 4.6486 -0.437793
-0.0338481 0.0316935 0.0340995
114
1
0.732648 4.59056 -0.50319
-0.0362645 0.0263087 0.0331591
115
1
0.805905 4.54068 -0.565087
-0.0368686 0.0220756 0.0306568
116
1
0.88003 4.49815 -0.620148
-0.0384908 0.0194317 0.0271095
117
1
0.953931 4.46223 -0.667582
-0.0373845 0.0162302 0.0232513
118
1
1.0257 4.43154 -0.708692
-0.0342754 0.0142965 0.020071
119
1
1.0945 4.40494 -0.745292
-0.0339751 0.0136054 0.0176048
120
1
1.16094 4.38134 -0.779123
-0.0314017 0.0117488 0.0157836
121
1
1.22474 4.36062 -0.810518
-0.0305409 0.0104105 0.0150077
122
1
1.28684 4.34265 -0.83893
-0.0307342 0.00905741 0.0133163
123
1
1.34775 4.32797 -0.864013
-0.029283 0.00641412 0.0115222
124
1
1.40773 4.31718 -0.885479
-0.02907 0.00418069 0.0099071
125
1
1.4672 4.30943 -0.903557
-0.029883 0.00281668 0.00816102
126
1
1.52655 4.3042 -0.918141
-0.02943 0.00146627 0.00613701
127
1
1.58585 4.3009 -0.928373
-0.0291363 0.000370886 0.00375309
128
1
1.64518 4.2987 -0.933977
-0.029692 -0.000104435 0.00133455
129
1
1.70447 4.29741 -0.93565
-0.0297606 -0.000506494 -0.000380358
130
1
1.76345 4.29671 -0.934101
-0.0293656 -0.000520485 -0.0016916
131
1
1.82181 4.2957 -0.929566
-0.0291232 0.000722186 -0.00318245
132
1
1.87924 4.29335 -0.922083
-0.0284321 0.00219621 -0.00475015
133
1
1.93561 4.2899 -0.911935
-0.0270336 0.00261354 -0.00598643
134
1
1.9914 4.28617 -0.899278
-0.0264131 0.00267786 -0.00718782
135
1
2.04743 4.28223 -0.88395
-0.027337 0.00313057 -0.00865283
136
1
2.10392 4.27787 -0.86624
-0.0283195 0.00302316 -0.00982162
137
1
2.16017 4.27358 -0.846532
-0.0282533 0.00185908 -0.0107443
138
1
2.21538 4.26996 -0.824615
-0.0277627 0.000770355 -0.0119091
139
1
2.26906 4.26764 -0.799558
-0.0271007 2.36021e-005 -0.0133883
140
1
2.32108 4.26639 -0.770532
-0.0261644 -0.000904235 -0.0154413
141
1
2.37158 4.26655 -0.737064
-0.0254133 -0.00175528 -0.0178673
142
1
2.42104 4.26809 -0.699245
-0.0253068 -0.00186699 -0.0198861
143
1
2.46978 4.27074 -0.658035
-0.0252783 -0.00163061 -0.0214863
144
1
2.51699 4.274 -0.614018
-0.02458 -0.0020075 -0.0230651
145
1
2.56147 4.27722 -0.567346
-0.0232217 -0.00224228 -0.0246008
146
1
2.60237 4.27969 -0.518187
-0.0211948 -0.00126657 -0.0262178
147
1
2.639 4.28076 -0.466861
-0.0185694 -0.000140059 -0.0274332
148
1
2.67066 4.28117 -0.413519
-0.0156909 -7.58485e-005 -0.0282297
149
1
2.69725 4.282 -0.358136
-0.0124665 -0.000479834 -0.0290059
150
1
2.71848 4.28352 -0.300867
-0.00902108 -0.00053405 -0.0299792
151
1
2.73462 4.28541 -0.242142
-0.00598618 -0.000131476 -0.0309034
152
1
2.74628 4.28682 -0.182345
-0.0037983 0.000277428 -0.0314613
153
1
2.75432 4.28754 -0.121909
-0.0022177 0.000368949 -0.0314715
154
1
2.75923 4.28757 -0.061047
-0.000969922 0.000171714 -0.0310726
155
1
2.76077 4.28757 -5.83857e-015
-1.37272e-016 -1.02242e-016 -0.0308134
156
1
2.75923 4.28757 0.061047
0.000969922 -0.000171714 -0.0310726
157
1
2.75432 4.28754 0.121909
0.0022177 -0.000368949 -0.0314715
158
1
2.74628 4.28682 0.182345
0.0037983 -0.000277428 -0.0314613
159
1
2.73462 4.28541 0.242142
0.00598618 0.000131476 -0.0309034
160
1
2.71848 4.28352 0.300867
0.00902108 0.00053405 -0.0299792
161
1
2.69725 4.282 0.358136
0.0124665 0.000479834 -0.0290059
162
1
2.67066 4.28117 0.413519
0.0156909 7.58485e-005 -0.0282297
163
1
2.639 4.28076 0.466861
0.0185694 0.000140059 -0.0274332
164
1
2.60237 4.27969 0.518187
0.0211948 0.00126657 -0.0262178
165
1
2.56147 4.27722 0.567346
0.0232217 0.00224228 -0.0246008
166
1
2.51699 4.274 0.614018
0.02458 0.0020075 -0.0230651
167
1
2.46978 4.27074 0.658035
0.0252783 0.00163061 -0.0214863
168
1
2.42104 4.26809 0.699245
0.0253068 0.00186699 -0.0198861
169
1
2.37158 4.26655 0.737064
0.0254133 0.00175528 -0.0178673
170
1
2.32108 4.26639 0.770532
0.0261644 0.000904235 -0.0154413
171
1
2.26906 4.26764 0.799558
0.0271007 -2.36021e-005 -0.0133883
172
1
2.21538 4.26996 0.824615
0.0277627 -0.000770355 -0.0119091
173
1
2.16017 4.27358 0.846532
0.0282533 -0.00185908 -0.0107443
174
1
2.10392 4.27787 0.86624
0.0283195 -0.00302316 -0.00982162
175
1
2.04743 4.28223 0.88395
0.027337 -0.00313057 -0.00865283
176
1
1.9914 4.28617 0.899278
0.0264131 -0.00267786 -0.00718782
177
1
1.93561 4.2899 0.911935
0.0270336 -0.00261354 -0.00598643
178
1
1.87924 4.29335 0.922083
0.0284321 -0.00219621 -0.00475015
179
1
1.82181 4.2957 0.929566
0.0291232 -0.000722186 -0.00318245
180
1
1.76345 4.29671 0.934101
0.0293656 0.000520485 -0.0016916
181
1
1.70447 4.29741 0.93565
0.0297606 0.000506494 -0.000380358
182
1
1.64518 4.2987 0.933977
0.029692 0.000104435 0.00133455
183
1
1.58585 4.3009 0.928373
0.0291363 -0.000370886 0.00375309
184
1
1.52655 4.3042 0.918141
0.02943 -0.00146627 0.00613701
185
1
1.4672 4.30943 0.903557
0.029883 -0.00281668 0.00816102
186
1
1.40773 4.31718 0.885479
0.02907 -0.00418069 0.0099071
187
1
1.34775 4.32797 0.864013
0.029283 -0.00641412 0.0115222
188
1
1.28684 4.34265 0.83893
0.0307342 -0.00905741 0.0133163
189
1
1.22474 4.36062 0.810518
0.0305409 -0.0104105 0.0150077
190
1
1.16094 4.38134 0.779123
0.0314017 -0.0117488 0.0157836
191
1
1.0945 4.40494 0.745292
0.0339751 -0.0136054 0.0176048
192
1
1.0257 4.43154 0.708692
0.0342754 -0.0142965 0.020071
193
1
0.953931 4.46223 0.667582
0.0373845 -0.0162302 0.0232513
