194
0
1
0.848704 9.56354 0.617891
0.0255929 -0.000115402 0.0376515
1
1
0.792764 9.55353 0.547161
0.0277653 -0.00129456 0.0352538
2
1
0.729095 9.54126 0.475951
0.0337382 0.00593452 0.0346669
3
1
0.656996 9.51623 0.409141
0.0368547 0.0166086 0.0341827
4
1
0.574596 9.4732 0.357185
0.040085 0.0267497 0.0189588
5
1
0.481429 9.40866 0.335097
0.0433051 0.0405891 -0.000371717
6
1
0.36992 9.31982 0.357517
0.0548307 0.0434977 -0.0306093
7
1
0.190434 9.21063 0.442704
0.0621182 0.0269369 -0.0385693
8
1
0.849546 6.28362 0.0571579
0.0445624 -0.0196973 -0.00932899
9
1
0.768243 13.3078 0.0554532
-0.0152447 -0.0655226 0.00753998
10
1
-0.768243 13.3078 0.0554521
-0.0152447 0.0655226 -0.00754019
11
1
-0.849594 6.28361 0.0568855
0.0445557 0.0196988 0.00936766
12
1
-0.190434 9.21063 0.442704
0.0621182 -0.0269369 0.0385693
13
1
-0.36992 9.31982 0.357517
0.0548307 -0.0434977 0.0306093
14
1
-0.481429 9.40866 0.335097
0.0433051 -0.0405891 0.000371733
15
1
-0.574596 9.4732 0.357184
0.040085 -0.0267497 -0.0189588
16
1
-0.656996 9.51623 0.40914
0.0368547 -0.0166086 -0.0341827
17
1
-0.729095 9.54126 0.475951
0.0337382 -0.00593452 -0.0346669
18
1
-0.792764 9.55353 0.547161
0.0277653 0.00129456 -0.0352538
19
1
-0.848704 9.56354 0.617891
0.0255929 0.000115403 -0.0376515
20
1
-0.898521 9.57851 0.684259
0.0224086 -0.006328 -0.0340335
21
1
-0.945459 9.60023 0.743404
0.0213207 -0.0114989 -0.0271798
22
1
-0.990648 9.62758 0.794802
0.0215065 -0.01616 -0.0257033
23
1
-1.03653 9.65979 0.840563
0.0218938 -0.0174691 -0.0213216
24
1
-1.08408 9.69411 0.879552
0.0256124 -0.0184199 -0.0160975
25
1
-1.13346 9.72861 0.910755
0.0260603 -0.0185913 -0.0129546
26
1
-1.18323 9.76258 0.935023
0.0223652 -0.0165113 -0.00938734
27
1
-1.23236 9.79612 0.953856
0.0231931 -0.0162315 -0.00672814
28
1
-1.28165 9.82999 0.970098
0.0265919 -0.0173514 -0.00617258
29
1
-1.33075 9.8653 0.985677
0.0260408 -0.0178439 -0.00699162
30
1
-1.37738 9.9012 1.00136
0.0235339 -0.0172628 -0.00851959
31
1
-1.42073 9.93711 1.01601
0.0213022 -0.017267 -0.0081174
32
1
-1.46105 9.97292 1.02731
0.0189671 -0.0179622 -0.0062114
33
1
-1.4984 10.009 1.03374
0.0176104 -0.0183 -0.00445104
34
1
-1.53306 10.0455 1.03551
0.0170162 -0.019077 -0.0014839
35
1
-1.56493 10.0828 1.03342
0.0149005 -0.0197719 0.000783185
36
1
-1.59496 10.1189 1.02806
0.0129114 -0.0184049 0.000969714
37
1
-1.6241 10.1534 1.01938
0.0134461 -0.0171801 0.00485429
38
1
-1.65337 10.1867 1.00574
0.0134162 -0.0165703 0.0106266
39
1
-1.68203 10.2186 0.986792
0.0113577 -0.0148303 0.0105503
40
1
-1.70906 10.2492 0.964335
0.0121344 -0.0143049 0.011487
41
1
-1.73591 10.2784 0.938425
0.0143053 -0.0139427 0.0166053
42
1
-1.76223 10.3053 0.90793
0.0126081 -0.0118411 0.0181481
43
1
-1.78771 10.3301 0.8738
0.0112244 -0.0105793 0.0163439
44
1
-1.81259 10.3537 0.836161
0.0138746 -0.0110423 0.0185377
45
1
-1.83723 10.3774 0.794632
0.0159064 -0.0119951 0.0242812
46
1
-1.86069 10.4009 0.748951
0.0113873 -0.0115188 0.0245463
47
1
-1.87992 10.4246 0.699729
0.00748172 -0.0112283 0.0240728
48
1
-1.89468 10.4491 0.64648
0.00548951 -0.0136242 0.0304314
49
1
-1.90472 10.4727 0.591033
0.00351045 -0.0137524 0.0314317
50
1
-1.91124 10.4942 0.533837
0.00129536 -0.00992855 0.0286963
51
1
-1.91503 10.5125 0.473019
-3.67249e-005 -0.00721795 0.0320885
52
1
-1.91708 10.5275 0.40919
0.00011092 -0.00705834 0.035884
53
1
-1.91846 10.5399 0.341951
-0.000157992 -0.00647859 0.0394667
54
1
-1.92015 10.5496 0.272638
0.00104325 -0.00423928 0.0400548
55
1
-1.92196 10.5566 0.203111
0.00165909 -0.0033401 0.038013
56
1
-1.92318 10.5618 0.134775
0.00115875 -0.00234954 0.0356662
57
1
-1.92395 10.5651 0.0663798
-0.000613143 -0.0010013 0.0340421
58
1
-1.92433 10.5662 -6.22684e-008
-2.61679e-010 4.78384e-010 0.0335364
59
1
-1.92395 10.5651 -0.0663799
0.000613142 0.0010013 0.0340421
60
1
-1.92318 10.5618 -0.134775
-0.00115875 0.00234954 0.0356662
61
1
-1.92196 10.5566 -0.203111
-0.00165909 0.0033401 0.038013
62
1
-1.92015 10.5496 -0.272638
-0.00104325 0.00423928 0.0400548
63
1
-1.91846 10.5399 -0.341951
0.000157991 0.00647859 0.0394667
64
1
-1.91708 10.5275 -0.40919
-0.000110921 0.00705834 0.035884
65
1
-1.91503 10.5125 -0.473019
3.67244e-005 0.00721795 0.0320885
66
1
-1.91124 10.4942 -0.533837
-0.00129536 0.00992855 0.0286963
67
1
-1.90472 10.4727 -0.591033
-0.00351045 0.0137524 0.0314317
68
1
-1.89468 10.4491 -0.64648
-0.00548951 0.0136242 0.0304314
69
1
-1.87992 10.4246 -0.699729
-0.00748172 0.0112283 0.0240728
70
1
-1.86069 10.4009 -0.748951
-0.0113873 0.0115188 0.0245463
71
1
-1.83723 10.3774 -0.794632
-0.0159064 0.0119951 0.0242812
72
1
-1.81259 10.3537 -0.836161
-0.0138746 0.0110423 0.0185377
73
1
-1.78771 10.3301 -0.8738
-0.0112244 0.0105793 0.0163439
74
1
-1.76223 10.3053 -0.90793
-0.0126081 0.0118411 0.0181481
75
1
-1.73591 10.2784 -0.938425
-0.0143053 0.0139427 0.0166053
76
1
-1.70906 10.2492 -0.964336
-0.0121344 0.0143049 0.011487
77
1
-1.68203 10.2186 -0.986792
-0.0113577 0.0148303 0.0105503
78
1
-1.65337 10.1867 -1.00574
-0.0134162 0.0165703 0.0106266
79
1
-1.6241 10.1534 -1.01938
-0.0134461 0.0171801 0.00485429
80
1
-1.59496 10.1189 -1.02806
-0.0129114 0.0184049 0.000969715
81
1
-1.56493 10.0828 -1.03342
-0.0149005 0.0197719 0.000783185
82
1
-1.53306 10.0455 -1.03551
-0.0170162 0.019077 -0.0014839
83
1
-1.4984 10.009 -1.03374
-0.0176104 0.0183 -0.00445104
84
1
-1.46105 9.97292 -1.02731
-0.0189671 0.0179622 -0.0062114
85
1
-1.42073 9.93711 -1.01601
-0.0213022 0.017267 -0.0081174
86
1
-1.37738 9.9012 -1.00136
-0.0235339 0.0172628 -0.00851959
87
1
-1.33075 9.8653 -0.985677
-0.0260408 0.0178439 -0.00699162
88
1
-1.28165 9.82999 -0.970098
-0.0265919 0.0173514 -0.00617258
89
1
-1.23236 9.79612 -0.953856
-0.0231931 0.0162315 -0.00672814
90
1
-1.18323 9.76258 -0.935023
-0.0223652 0.0165113 -0.00938734
91
1
-1.13346 9.72861 -0.910755
-0.0260603 0.0185913 -0.0129546
92
1
-1.08408 9.69411 -0.879553
-0.0256124 0.0184199 -0.0160975
93
1
-1.03653 9.65979 -0.840563
-0.0218938 0.0174691 -0.0213216
94
1
-0.990648 9.62758 -0.794802
-0.0215065 0.01616 -0.0257033
95
1
-0.945459 9.60023 -0.743404
-0.0213207 0.0114989 -0.0271798
96
1
-0.898521 9.57851 -0.684259
-0.0224086 0.006328 -0.0340335
97
1
-0.848704 9.56354 -0.617891
-0.0255929 -0.000115402 -0.0376515
98
1
-0.792764 9.55353 -0.547161
-0.0277653 -0.00129456 -0.0352538
99
1
-0.729095 9.54126 -0.475951
-0.0337382 0.00593452 -0.0346669
100
1
-0.656996 9.51623 -0.409141
-0.0368547 0.0166086 -0.0341827
101
1
-0.574596 9.4732 -0.357185
-0.040085 0.0267497 -0.0189588
102
1
-0.481429 9.40866 -0.335097
-0.0433051 0.0405891 0.000371718
103
1
-0.36992 9.31982 -0.357517
-0.0548307 0.0434977 0.0306093
104
1
-0.190434 9.21063 -0.442704
-0.0621182 0.0269369 0.0385693
105
1
-0.849547 6.28362 -0.0571539
-0.0445622 -0.0196972 0.0093294
106
1
-0.768243 13.3078 -0.0554532
0.0152447 -0.0655226 -0.00753998
107
1
0.768243 13.3078 -0.0554521
0.0152447 0.0655226 0.00754019
108
1
0.849595 6.28361 -0.0568815
-0.0445556 0.0196987 -0.00936806
109
1
0.190434 9.21063 -0.442704
-0.0621182 -0.0269369 -0.0385693
110
1
0.36992 9.31982 -0.357517
-0.0548307 -0.0434977 -0.0306093
111
1
0.481429 9.40866 -0.335097
-0.0433051 -0.0405891 -0.000371734
112
1
0.574596 9.4732 -0.357185
-0.040085 -0.0267497 0.0189588
113
1
0.656996 9.51623 -0.40914
-0.0368547 -0.0166086 0.0341827
114
1
0.729095 9.54126 -0.475951
-0.0337382 -0.00593452 0.0346669
115
1
0.792764 9.55353 -0.547161
-0.0277653 0.00129456 0.0352538
116
1
0.848704 9.56354 -0.617891
-0.0255929 0.000115403 0.0376515
117
1
0.898521 9.57851 -0.684259
-0.0224086 -0.006328 0.0340335
118
1
0.945459 9.60023 -0.743404
-0.0213207 -0.0114989 0.0271798
119
1
0.990648 9.62758 -0.794802
-0.0215065 -0.01616 0.0257033
120
1
1.03653 9.65979 -0.840563
-0.0218938 -0.0174691 0.0213216
121
1
1.08408 9.69411 -0.879552
-0.0256124 -0.0184199 0.0160975
122
1
1.13346 9.72861 -0.910755
-0.0260603 -0.0185913 0.0129546
123
1
1.18323 9.76258 -0.935023
-0.0223652 -0.0165113 0.00938734
124
1
1.23236 9.79612 -0.953856
-0.0231931 -0.0162315 0.00672814
125
1
1.28165 9.82999 -0.970098
-0.0265919 -0.0173514 0.00617258
126
1
1.33075 9.8653 -0.985677
-0.0260408 -0.0178439 0.00699162
127
1
1.37738 9.9012 -1.00136
-0.0235339 -0.0172628 0.00851959
128
1
1.42073 9.93711 -1.01601
-0.0213022 -0.017267 0.0081174
129
1
1.46105 9.97292 -1.02731
-0.0189671 -0.0179622 0.0062114
130
1
1.4984 10.009 -1.03374
-0.0176104 -0.0183 0.00445104
131
1
1.53306 10.0455 -1.03551
-0.0170162 -0.019077 0.0014839
132
1
1.56493 10.0828 -1.03342
-0.0149005 -0.0197719 -0.000783185
133
1
1.59496 10.1189 -1.02806
-0.0129114 -0.0184049 -0.000969714
134
1
1.6241 10.1534 -1.01938
-0.0134461 -0.0171801 -0.00485429
135
1
1.65337 10.1867 -1.00574
-0.0134162 -0.0165703 -0.0106266
136
1
1.68203 10.2186 -0.986792
-0.0113577 -0.0148303 -0.0105503
137
1
1.70906 10.2492 -0.964335
-0.0121344 -0.0143049 -0.011487
138
1
1.73591 10.2784 -0.938425
-0.0143053 -0.0139427 -0.0166053
139
1
1.76223 10.3053 -0.90793
-0.0126081 -0.0118411 -0.0181481
140
1
1.78771 10.3301 -0.8738
-0.0112244 -0.0105793 -0.0163439
141
1
1.81259 10.3537 -0.836161
-0.0138746 -0.0110423 -0.0185377
142
1
1.83723 10.3774 -0.794632
-0.0159064 -0.0119951 -0.0242812
143
1
1.86069 10.4009 -0.748951
-0.0113873 -0.0115188 -0.0245463
144
1
1.87992 10.4246 -0.699729
-0.00748172 -0.0112283 -0.0240728
145
1
1.89468 10.4491 -0.64648
-0.00548951 -0.0136242 -0.0304314
146
1
1.90472 10.4727 -0.591033
-0.00351045 -0.0137524 -0.0314317
147
1
1.91124 10.4942 -0.533837
-0.00129536 -0.00992855 -0.0286963
148
1
1.91503 10.5125 -0.473019
3.67251e-005 -0.00721795 -0.0320885
149
1
1.91708 10.5275 -0.40919
-0.00011092 -0.00705834 -0.035884
150
1
1.91846 10.5399 -0.341951
0.000157992 -0.00647859 -0.0394667
151
1
1.92015 10.5496 -0.272638
-0.00104325 -0.00423928 -0.0400548
152
1
1.92196 10.5566 -0.203111
-0.00165909 -0.0033401 -0.038013
153
1
1.92318 10.5618 -0.134775
-0.00115875 -0.00234954 -0.0356662
154
1
1.92395 10.5651 -0.0663798
0.000613143 -0.0010013 -0.0340421
155
1
1.92433 10.5662 6.0681e-008
4.13201e-010 4.47411e-010 -0.0335364
156
1
1.92395 10.5651 0.0663799
-0.000613142 0.0010013 -0.0340421
157
1
1.92318 10.5618 0.134775
0.00115875 0.00234954 -0.0356662
158
1
1.92196 10.5566 0.203111
0.00165909 0.0033401 -0.038013
159
1
1.92015 10.5496 0.272638
0.00104325 0.00423928 -0.0400548
160
1
1.91846 10.5399 0.341951
-0.000157991 0.00647859 -0.0394667
161
1
1.91708 10.5275 0.40919
0.000110921 0.00705834 -0.035884
162
1
1.91503 10.5125 0.473019
-3.67242e-005 0.00721795 -0.0320885
163
1
1.91124 10.4942 0.533837
0.00129536 0.00992855 -0.0286963
164
1
1.90472 10.4727 0.591033
0.00351045 0.0137524 -0.0314317
165
1
1.89468 10.4491 0.64648
0.00548951 0.0136242 -0.0304314
166
1
1.87992 10.4246 0.699729
0.00748172 0.0112283 -0.0240728
167
1
1.86069 10.4009 0.748951
0.0113873 0.0115188 -0.0245463
168
1
1.83723 10.3774 0.794632
0.0159064 0.0119951 -0.0242812
169
1
1.81259 10.3537 0.836161
0.0138746 0.0110423 -0.0185377
170
1
1.78771 10.3301 0.8738
0.0112244 0.0105793 -0.0163439
171
1
1.76223 10.3053 0.90793
0.0126081 0.0118411 -0.0181481
172
1
1.73591 10.2784 0.938425
0.0143053 0.0139427 -0.0166053
173
1
1.70906 10.2492 0.964336
0.0121344 0.0143049 -0.011487
174
1
1.68203 10.2186 0.986792
0.0113577 0.0148303 -0.0105503
175
1
1.65337 10.1867 1.00574
0.0134162 0.0165703 -0.0106266
176
1
1.6241 10.1534 1.01938
0.0134461 0.0171801 -0.00485429
177
1
1.59496 10.1189 1.02806
0.0129114 0.0184049 -0.000969715
178
1
1.56493 10.0828 1.03342
0.0149005 0.0197719 -0.000783185
179
1
1.53306 10.0455 1.03551
0.0170162 0.019077 0.0014839
180
1
1.4984 10.009 1.03374
0.0176104 0.0183 0.00445104
181
1
1.46105 9.97292 1.02731
0.0189671 0.0179622 0.0062114
182
1
1.42073 9.93711 1.01601
0.0213022 0.017267 0.0081174
183
1
1.37738 9.9012 1.00136
0.0235339 0.0172628 0.00851959
184
1
1.33075 9.8653 0.985677
0.0260408 0.0178439 0.00699162
185
1
1.28165 9.82999 0.970098
0.0265919 0.0173514 0.00617258
186
1
1.23236 9.79612 0.953856
0.0231931 0.0162315 0.00672814
187
1
1.18323 9.76258 0.935023
0.0223652 0.0165113 0.00938734
188
1
1.13346 9.72861 0.910755
0.0260603 0.0185913 0.0129546
189
1
1.08408 9.69411 0.879553
0.0256124 0.0184199 0.0160975
190
1
1.03653 9.65979 0.840563
0.0218938 0.0174691 0.0213216
191
1
0.990648 9.62758 0.794802
0.0215065 0.01616 0.0257033
192
1
0.945459 9.60023 0.743404
0.0213207 0.0114989 0.0271798
193
1
0.898521 9.57851 0.684259
0.0224086 0.006328 0.0340335
