194
0
1
1.07619 9.17919 0.588091
0.0555213 0.00994215 0.0071281
1
1
0.967851 9.1577 0.571098
0.0550134 0.0130355 0.00958048
2
1
0.852797 9.12878 0.549637
0.0596966 0.0167381 0.0113781
3
1
0.733168 9.09353 0.525342
0.0607652 0.0198115 0.0132526
4
1
0.608465 9.04914 0.493184
0.0603895 0.0242729 0.0203392
5
1
0.479237 8.99567 0.442657
0.0638899 0.025652 0.0304553
6
1
0.346213 8.92587 0.357835
0.0510881 0.0326599 0.0415868
7
1
0.185838 8.81254 0.231462
0.0467437 0.0451816 0.0406721
8
1
0.206946 6.19553 0.0595461
-0.0415041 -0.0244348 -0.00951739
9
1
0.0528969 12.6786 0.127734
0.00654952 -0.0323723 -0.0536473
10
1
-0.0528969 12.6786 0.127734
0.00654952 0.0323723 0.0536473
11
1
-0.206937 6.19553 0.0595358
-0.0415051 0.0244354 0.00952187
12
1
-0.185838 8.81254 0.231462
0.0467437 -0.0451816 -0.0406721
13
1
-0.346213 8.92587 0.357835
0.0510881 -0.0326599 -0.0415868
14
1
-0.479237 8.99567 0.442657
0.0638899 -0.025652 -0.0304553
15
1
-0.608465 9.04914 0.493184
0.0603895 -0.0242729 -0.0203392
16
1
-0.733168 9.09353 0.525342
0.0607652 -0.0198115 -0.0132526
17
1
-0.852797 9.12878 0.549637
0.0596966 -0.0167381 -0.0113781
18
1
-0.967851 9.1577 0.571098
0.0550134 -0.0130355 -0.00958048
19
1
-1.07619 9.17919 0.588091
0.0555213 -0.00994215 -0.00712811
20
1
-1.17563 9.19268 0.602099
0.0469964 -0.00449838 -0.00562143
21
1
-1.26678 9.2 0.615622
0.0426948 -0.00233226 -0.00445231
22
1
-1.34948 9.2033 0.630425
0.040774 0.000195996 -0.00679721
23
1
-1.42748 9.20445 0.64768
0.0362942 0.00140877 -0.00960301
24
1
-1.50078 9.20464 0.666799
0.0345795 0.000667752 -0.0114528
25
1
-1.56903 9.20501 0.687147
0.0330347 0.0010126 -0.0126402
26
1
-1.63218 9.20662 0.708429
0.0278237 0.000811391 -0.0117639
27
1
-1.68988 9.21101 0.729792
0.0254887 -0.00145848 -0.011388
28
1
-1.74428 9.22025 0.749568
0.0264278 -0.00494127 -0.0117146
29
1
-1.79702 9.23561 0.766551
0.0260555 -0.00835764 -0.00975805
30
1
-1.84764 9.25645 0.779282
0.0247823 -0.0108984 -0.00647257
31
1
-1.89598 9.28169 0.787137
0.0235893 -0.0133847 -0.00273621
32
1
-1.94213 9.30984 0.790185
0.0220589 -0.0150273 -0.000550803
33
1
-1.98625 9.3396 0.788823
0.0212126 -0.0158522 0.00114571
34
1
-2.02904 9.37051 0.782882
0.0215085 -0.0169863 0.00536496
35
1
-2.07095 9.40214 0.772628
0.0205062 -0.0167259 0.00806072
36
1
-2.11132 9.43346 0.758525
0.0186013 -0.0150563 0.00747185
37
1
-2.15032 9.46529 0.741601
0.0190291 -0.0156481 0.009861
38
1
-2.18822 9.49895 0.722495
0.0189858 -0.0168972 0.0119708
39
1
-2.22515 9.53366 0.702405
0.0169434 -0.0158571 0.00954207
40
1
-2.26161 9.56823 0.682758
0.0182617 -0.016102 0.00992985
41
1
-2.29782 9.60233 0.662691
0.0196429 -0.0179039 0.0121871
42
1
-2.33178 9.63695 0.642048
0.0159816 -0.0179902 0.00985038
43
1
-2.36257 9.67255 0.6217
0.0138893 -0.0180135 0.00693708
44
1
-2.39064 9.70942 0.601416
0.0142033 -0.0192852 0.00773931
45
1
-2.41642 9.7478 0.579547
0.0123849 -0.020796 0.0110855
46
1
-2.43991 9.78688 0.554384
0.0102207 -0.0212875 0.0117871
47
1
-2.46039 9.82622 0.52521
0.00965835 -0.0201638 0.0129494
48
1
-2.479 9.8647 0.491182
0.00864468 -0.020166 0.0204303
49
1
-2.49555 9.90039 0.452757
0.0072688 -0.0183118 0.0241002
50
1
-2.51091 9.93299 0.410966
0.00589266 -0.0152587 0.0220701
51
1
-2.52602 9.96293 0.365389
0.00631622 -0.0144103 0.0238295
52
1
-2.54128 9.98984 0.3168
0.00986972 -0.0140626 0.0277233
53
1
-2.55633 10.0138 0.26513
0.0103426 -0.0133737 0.0307421
54
1
-2.56989 10.0342 0.211697
0.00705549 -0.011063 0.0301482
55
1
-2.58053 10.0502 0.157939
0.00540988 -0.008545 0.0285604
56
1
-2.5881 10.0617 0.104816
0.00502387 -0.0057325 0.0273393
57
1
-2.59358 10.0686 0.0517694
0.00237316 -0.00296596 0.026261
58
1
-2.59585 10.0706 7.89627e-009
5.81259e-011 1.15415e-010 0.0258822
59
1
-2.59358 10.0686 -0.0517694
-0.00237316 0.00296596 0.026261
60
1
-2.5881 10.0617 -0.104816
-0.00502387 0.00573251 0.0273393
61
1
-2.58053 10.0502 -0.157939
-0.00540988 0.008545 0.0285604
62
1
-2.56989 10.0342 -0.211697
-0.00705549 0.011063 0.0301482
63
1
-2.55633 10.0138 -0.26513
-0.0103426 0.0133737 0.0307421
64
1
-2.54128 9.98984 -0.3168
-0.00986972 0.0140626 0.0277233
65
1
-2.52602 9.96293 -0.365389
-0.00631622 0.0144103 0.0238295
66
1
-2.51091 9.93299 -0.410966
-0.00589266 0.0152587 0.0220701
67
1
-2.49555 9.90039 -0.452757
-0.00726879 0.0183118 0.0241002
68
1
-2.479 9.8647 -0.491182
-0.00864468 0.020166 0.0204303
69
1
-2.46039 9.82622 -0.52521
-0.00965835 0.0201638 0.0129494
70
1
-2.43991 9.78688 -0.554384
-0.0102207 0.0212875 0.0117871
71
1
-2.41642 9.7478 -0.579547
-0.0123849 0.020796 0.0110855
72
1
-2.39064 9.70942 -0.601416
-0.0142033 0.0192852 0.00773931
73
1
-2.36257 9.67255 -0.6217
-0.0138893 0.0180135 0.00693707
74
1
-2.33178 9.63695 -0.642048
-0.0159816 0.0179902 0.00985038
75
1
-2.29782 9.60233 -0.662691
-0.0196429 0.0179039 0.0121871
76
1
-2.26161 9.56823 -0.682758
-0.0182617 0.016102 0.00992985
77
1
-2.22515 9.53366 -0.702405
-0.0169434 0.0158571 0.00954207
78
1
-2.18822 9.49895 -0.722495
-0.0189858 0.0168972 0.0119708
79
1
-2.15032 9.46529 -0.741601
-0.0190291 0.0156481 0.009861
80
1
-2.11132 9.43346 -0.758525
-0.0186013 0.0150563 0.00747185
81
1
-2.07095 9.40214 -0.772628
-0.0205062 0.0167259 0.00806072
82
1
-2.02904 9.37051 -0.782882
-0.0215085 0.0169863 0.00536496
83
1
-1.98625 9.3396 -0.788823
-0.0212126 0.0158522 0.00114571
84
1
-1.94213 9.30984 -0.790185
-0.0220589 0.0150273 -0.000550803
85
1
-1.89598 9.28169 -0.787137
-0.0235893 0.0133847 -0.00273621
86
1
-1.84764 9.25645 -0.779282
-0.0247823 0.0108984 -0.00647257
87
1
-1.79702 9.23561 -0.766551
-0.0260555 0.00835764 -0.00975805
88
1
-1.74428 9.22025 -0.749568
-0.0264278 0.00494127 -0.0117146
89
1
-1.68988 9.21101 -0.729792
-0.0254887 0.00145848 -0.011388
90
1
-1.63218 9.20662 -0.708429
-0.0278237 -0.000811391 -0.0117639
91
1
-1.56903 9.20501 -0.687147
-0.0330347 -0.0010126 -0.0126402
92
1
-1.50078 9.20464 -0.666799
-0.0345795 -0.000667753 -0.0114528
93
1
-1.42748 9.20445 -0.64768
-0.0362942 -0.00140877 -0.00960301
94
1
-1.34948 9.2033 -0.630425
-0.040774 -0.000195996 -0.00679721
95
1
-1.26678 9.2 -0.615622
-0.0426948 0.00233226 -0.00445231
96
1
-1.17563 9.19268 -0.602099
-0.0469964 0.00449837 -0.00562143
97
1
-1.07619 9.17919 -0.588091
-0.0555213 0.00994215 -0.0071281
98
1
-0.967851 9.1577 -0.571098
-0.0550134 0.0130355 -0.00958048
99
1
-0.852797 9.12878 -0.549637
-0.0596966 0.0167381 -0.0113781
100
1
-0.733168 9.09353 -0.525342
-0.0607652 0.0198115 -0.0132526
101
1
-0.608465 9.04914 -0.493184
-0.0603895 0.0242729 -0.0203392
102
1
-0.479237 8.99567 -0.442657
-0.0638899 0.025652 -0.0304553
103
1
-0.346213 8.92587 -0.357835
-0.0510881 0.0326599 -0.0415868
104
1
-0.185838 8.81254 -0.231462
-0.0467437 0.0451816 -0.0406721
105
1
-0.206946 6.19553 -0.059544
0.041504 -0.0244347 0.00951757
106
1
-0.0528969 12.6786 -0.127734
-0.00654952 -0.0323723 0.0536473
107
1
0.0528969 12.6786 -0.127734
-0.00654952 0.0323723 -0.0536473
108
1
0.206937 6.19553 -0.0595337
0.041505 0.0244353 -0.00952205
109
1
0.185838 8.81254 -0.231462
-0.0467437 -0.0451816 0.0406721
110
1
0.346213 8.92587 -0.357835
-0.0510881 -0.0326599 0.0415868
111
1
0.479237 8.99567 -0.442657
-0.0638899 -0.025652 0.0304553
112
1
0.608465 9.04914 -0.493184
-0.0603895 -0.0242729 0.0203392
113
1
0.733168 9.09353 -0.525342
-0.0607652 -0.0198115 0.0132526
114
1
0.852797 9.12878 -0.549637
-0.0596966 -0.0167381 0.0113781
115
1
0.967851 9.1577 -0.571098
-0.0550134 -0.0130355 0.00958048
116
1
1.07619 9.17919 -0.588091
-0.0555213 -0.00994215 0.00712811
117
1
1.17563 9.19268 -0.602099
-0.0469964 -0.00449838 0.00562143
118
1
1.26678 9.2 -0.615622
-0.0426948 -0.00233226 0.00445231
119
1
1.34948 9.2033 -0.630425
-0.040774 0.000195996 0.00679721
120
1
1.42748 9.20445 -0.64768
-0.0362942 0.00140877 0.00960301
121
1
1.50078 9.20464 -0.666799
-0.0345795 0.000667752 0.0114528
122
1
1.56903 9.20501 -0.687147
-0.0330347 0.0010126 0.0126402
123
1
1.63218 9.20662 -0.708429
-0.0278237 0.000811391 0.0117639
124
1
1.68988 9.21101 -0.729792
-0.0254887 -0.00145848 0.011388
125
1
1.74428 9.22025 -0.749568
-0.0264278 -0.00494127 0.0117146
126
1
1.79702 9.23561 -0.766551
-0.0260555 -0.00835764 0.00975805
127
1
1.84764 9.25645 -0.779282
-0.0247823 -0.0108984 0.00647257
128
1
1.89598 9.28169 -0.787137
-0.0235893 -0.0133847 0.00273621
129
1
1.94213 9.30984 -0.790185
-0.0220589 -0.0150273 0.000550803
130
1
1.98625 9.3396 -0.788823
-0.0212126 -0.0158522 -0.00114571
131
1
2.02904 9.37051 -0.782882
-0.0215085 -0.0169863 -0.00536496
132
1
2.07095 9.40214 -0.772628
-0.0205062 -0.0167259 -0.00806072
133
1
2.11132 9.43346 -0.758525
-0.0186013 -0.0150563 -0.00747185
134
1
2.15032 9.46529 -0.741601
-0.0190291 -0.0156481 -0.009861
135
1
2.18822 9.49895 -0.722495
-0.0189858 -0.0168972 -0.0119708
136
1
2.22515 9.53366 -0.702405
-0.0169434 -0.0158571 -0.00954207
137
1
2.26161 9.56823 -0.682758
-0.0182617 -0.016102 -0.00992985
138
1
2.29782 9.60233 -0.662691
-0.0196429 -0.0179039 -0.0121871
139
1
2.33178 9.63695 -0.642048
-0.0159816 -0.0179902 -0.00985038
140
1
2.36257 9.67255 -0.6217
-0.0138893 -0.0180135 -0.00693708
141
1
2.39064 9.70942 -0.601416
-0.0142033 -0.0192852 -0.00773931
142
1
2.41642 9.7478 -0.579547
-0.0123849 -0.020796 -0.0110855
143
1
2.43991 9.78688 -0.554384
-0.0102207 -0.0212875 -0.0117871
144
1
2.46039 9.82622 -0.52521
-0.00965835 -0.0201638 -0.0129494
145
1
2.479 9.8647 -0.491182
-0.00864468 -0.020166 -0.0204303
146
1
2.49555 9.90039 -0.452757
-0.0072688 -0.0183118 -0.0241002
147
1
2.51091 9.93299 -0.410966
-0.00589266 -0.0152587 -0.0220701
148
1
2.52602 9.96293 -0.365389
-0.00631622 -0.0144103 -0.0238295
149
1
2.54128 9.98984 -0.3168
-0.00986972 -0.0140626 -0.0277233
150
1
2.55633 10.0138 -0.26513
-0.0103426 -0.0133737 -0.0307421
151
1
2.56989 10.0342 -0.211697
-0.00705549 -0.011063 -0.0301482
152
1
2.58053 10.0502 -0.157939
-0.00540988 -0.008545 -0.0285604
153
1
2.5881 10.0617 -0.104816
-0.00502387 -0.0057325 -0.0273393
154
1
2.59358 10.0686 -0.0517694
-0.00237316 -0.00296596 -0.026261
155
1
2.59585 10.0706 -1.09223e-008
-2.72668e-011 8.1918e-011 -0.0258822
156
1
2.59358 10.0686 0.0517694
0.00237316 0.00296596 -0.026261
157
1
2.5881 10.0617 0.104816
0.00502387 0.00573251 -0.0273393
158
1
2.58053 10.0502 0.157939
0.00540988 0.008545 -0.0285604
159
1
2.56989 10.0342 0.211697
0.00705549 0.011063 -0.0301482
160
1
2.55633 10.0138 0.26513
0.0103426 0.0133737 -0.0307421
161
1
2.54128 9.98984 0.3168
0.00986972 0.0140626 -0.0277233
162
1
2.52602 9.96293 0.365389
0.00631622 0.0144103 -0.0238295
163
1
2.51091 9.93299 0.410966
0.00589266 0.0152587 -0.0220701
164
1
2.49555 9.90039 0.452757
0.00726879 0.0183118 -0.0241002
165
1
2.479 9.8647 0.491182
0.00864468 0.020166 -0.0204303
166
1
2.46039 9.82622 0.52521
0.00965835 0.0201638 -0.0129494
167
1
2.43991 9.78688 0.554384
0.0102207 0.0212875 -0.0117871
168
1
2.41642 9.7478 0.579547
0.0123849 0.020796 -0.0110855
169
1
2.39064 9.70942 0.601416
0.0142033 0.0192852 -0.00773931
170
1
2.36257 9.67255 0.6217
0.0138893 0.0180135 -0.00693707
171
1
2.33178 9.63695 0.642048
0.0159816 0.0179902 -0.00985038
172
1
2.29782 9.60233 0.662691
0.0196429 0.0179039 -0.0121871
173
1
2.26161 9.56823 0.682758
0.0182617 0.016102 -0.00992985
174
1
2.22515 9.53366 0.702405
0.0169434 0.0158571 -0.00954207
175
1
2.18822 9.49895 0.722495
0.0189858 0.0168972 -0.0119708
176
1
2.15032 9.46529 0.741601
0.0190291 0.0156481 -0.009861
177
1
2.11132 9.43346 0.758525
0.0186013 0.0150563 -0.00747185
178
1
2.07095 9.40214 0.772628
0.0205062 0.0167259 -0.00806072
179
1
2.02904 9.37051 0.782882
0.0215085 0.0169863 -0.00536496
180
1
1.98625 9.3396 0.788823
0.0212126 0.0158522 -0.00114571
181
1
1.94213 9.30984 0.790185
0.0220589 0.0150273 0.000550803
182
1
1.89598 9.28169 0.787137
0.0235893 0.0133847 0.00273621
183
1
1.84764 9.25645 0.779282
0.0247823 0.0108984 0.00647257
184
1
1.79702 9.23561 0.766551
0.0260555 0.00835764 0.00975805
185
1
1.74428 9.22025 0.749568
0.0264278 0.00494127 0.0117146
186
1
1.68988 9.21101 0.729792
0.0254887 0.00145848 0.011388
187
1
1.63218 9.20662 0.708429
0.0278237 -0.000811391 0.0117639
188
1
1.56903 9.20501 0.687147
0.0330347 -0.0010126 0.0126402
189
1
1.50078 9.20464 0.666799
0.0345795 -0.000667753 0.0114528
190
1
1.42748 9.20445 0.64768
0.0362942 -0.00140877 0.00960301
191
1
1.34948 9.2033 0.630425
0.040774 -0.000195997 0.00679721
192
1
1.26678 9.2 0.615622
0.0426948 0.00233226 0.00445231
193
1
1.17563 9.19268 0.602099
0.0469964 0.00449837 0.00562143
