194
0
1
1.19239 8.70951 0.654397
0.0561636 0.0134272 0.00414299
1
1
1.08421 8.68177 0.640135
0.0547193 0.0150625 0.00854184
2
1
0.971245 8.64829 0.616129
0.0574445 0.0190478 0.016097
3
1
0.856017 8.60813 0.580237
0.057495 0.02162 0.0236428
4
1
0.735667 8.5632 0.529058
0.0596927 0.0218659 0.0299511
5
1
0.607903 8.51328 0.461909
0.0628558 0.0280421 0.0365327
6
1
0.469898 8.4519 0.365165
0.0597524 0.0258087 0.0402622
7
1
0.311265 8.37736 0.205
0.0389649 0.0215081 0.0634466
8
1
0.386116 6.68517 0.0606787
-0.0172977 0.0442454 -0.00992859
9
1
0.048345 11.8705 0.412051
0.000799257 -0.025658 -0.0735581
10
1
-0.048345 11.8705 0.412051
0.000799257 0.025658 0.0735581
11
1
-0.386116 6.68517 0.0606723
-0.0172975 -0.0442452 0.00992947
12
1
-0.311265 8.37736 0.205
0.0389649 -0.0215081 -0.0634466
13
1
-0.469898 8.4519 0.365165
0.0597524 -0.0258087 -0.0402622
14
1
-0.607903 8.51328 0.461909
0.0628558 -0.0280421 -0.0365327
15
1
-0.735667 8.5632 0.529058
0.0596927 -0.0218659 -0.0299511
16
1
-0.856017 8.60813 0.580237
0.057495 -0.02162 -0.0236428
17
1
-0.971245 8.64829 0.616129
0.0574445 -0.0190478 -0.016097
18
1
-1.08421 8.68177 0.640135
0.0547193 -0.0150625 -0.00854184
19
1
-1.19239 8.70951 0.654397
0.0561636 -0.0134272 -0.00414299
20
1
-1.29362 8.73213 0.661024
0.0484774 -0.00859358 -0.00046903
21
1
-1.38836 8.7502 0.660127
0.0450446 -0.00754785 0.00181929
22
1
-1.47628 8.76429 0.652168
0.0437145 -0.00622767 0.00595014
23
1
-1.56076 8.77571 0.638369
0.0396779 -0.00438098 0.00909134
24
1
-1.64198 8.78575 0.621474
0.0390955 -0.00429962 0.00980801
25
1
-1.71994 8.79607 0.603503
0.0392179 -0.00461234 0.0106597
26
1
-1.79474 8.8071 0.584973
0.0348222 -0.00450294 0.0101203
27
1
-1.86564 8.81808 0.567035
0.0328629 -0.00423673 0.00881038
28
1
-1.93414 8.82854 0.550894
0.0343592 -0.00384292 0.00740722
29
1
-2.0021 8.83864 0.537896
0.0344008 -0.00378169 0.00566939
30
1
-2.06885 8.84869 0.528837
0.0332185 -0.00439068 0.00343393
31
1
-2.1341 8.85957 0.523565
0.0323479 -0.00533723 0.00171078
32
1
-2.19737 8.87186 0.521725
0.0311273 -0.00593834 -0.000323563
33
1
-2.25778 8.88608 0.523101
0.0301689 -0.00685911 -0.0025279
34
1
-2.31531 8.90296 0.527136
0.0287987 -0.00887321 -0.00369391
35
1
-2.36972 8.92275 0.532988
0.0258646 -0.0103403 -0.00454198
36
1
-2.42062 8.94453 0.539407
0.0235657 -0.0105518 -0.00534042
37
1
-2.46905 8.96834 0.546019
0.0230928 -0.0119878 -0.00443369
38
1
-2.51593 8.99447 0.551614
0.0224082 -0.0137851 -0.00309983
39
1
-2.56142 9.02206 0.554661
0.0207274 -0.01381 -0.00307661
40
1
-2.6052 9.05034 0.554321
0.0204835 -0.0149897 -0.000496999
41
1
-2.64761 9.07904 0.549561
0.0207206 -0.0168278 0.00406288
42
1
-2.68843 9.10803 0.540245
0.0191774 -0.0152473 0.00494644
43
1
-2.7285 9.13627 0.527466
0.0189704 -0.0131707 0.00572967
44
1
-2.76941 9.16292 0.511102
0.0209557 -0.0126384 0.0108207
45
1
-2.81197 9.18793 0.490084
0.0217779 -0.0125884 0.0151336
46
1
-2.85591 9.21083 0.464798
0.0218762 -0.0118273 0.0140735
47
1
-2.90034 9.23182 0.435782
0.0235907 -0.00980805 0.0143585
48
1
-2.94479 9.25125 0.40418
0.0251561 -0.00898761 0.0175018
49
1
-2.98707 9.26871 0.371268
0.0239184 -0.00853272 0.0173551
50
1
-3.02603 9.28514 0.337579
0.0201439 -0.00787193 0.015018
51
1
-3.06132 9.30129 0.302089
0.0174795 -0.00833336 0.0167348
52
1
-3.09229 9.31781 0.263618
0.0171372 -0.00940458 0.0213303
53
1
-3.1191 9.33465 0.222121
0.0149628 -0.0108435 0.024373
54
1
-3.14073 9.35097 0.178777
0.0108576 -0.0104358 0.0237332
55
1
-3.157 9.36459 0.134679
0.00727898 -0.00767364 0.0230126
56
1
-3.16817 9.37383 0.0902168
0.0040065 -0.00370519 0.0231091
57
1
-3.17453 9.37975 0.0451272
0.000889096 -0.00118673 0.0230402
58
1
-3.1768 9.38204 -4.63942e-010
2.21447e-011 5.28922e-011 0.0229743
59
1
-3.17453 9.37975 -0.0451272
-0.000889096 0.00118673 0.0230402
60
1
-3.16817 9.37383 -0.0902168
-0.0040065 0.00370519 0.0231091
61
1
-3.157 9.36459 -0.134679
-0.00727898 0.00767364 0.0230126
62
1
-3.14073 9.35097 -0.178777
-0.0108576 0.0104358 0.0237332
63
1
-3.1191 9.33465 -0.222121
-0.0149628 0.0108435 0.024373
64
1
-3.09229 9.31781 -0.263618
-0.0171372 0.00940458 0.0213303
65
1
-3.06132 9.30129 -0.302089
-0.0174795 0.00833336 0.0167348
66
1
-3.02603 9.28514 -0.337579
-0.0201439 0.00787193 0.015018
67
1
-2.98707 9.26871 -0.371268
-0.0239184 0.00853272 0.0173551
68
1
-2.94479 9.25125 -0.40418
-0.0251561 0.00898761 0.0175018
69
1
-2.90034 9.23182 -0.435782
-0.0235907 0.00980805 0.0143585
70
1
-2.85591 9.21083 -0.464798
-0.0218762 0.0118273 0.0140735
71
1
-2.81197 9.18793 -0.490084
-0.0217779 0.0125884 0.0151336
72
1
-2.76941 9.16292 -0.511102
-0.0209557 0.0126384 0.0108207
73
1
-2.7285 9.13627 -0.527466
-0.0189704 0.0131707 0.00572967
74
1
-2.68843 9.10803 -0.540245
-0.0191774 0.0152473 0.00494644
75
1
-2.64761 9.07904 -0.549561
-0.0207206 0.0168278 0.00406288
76
1
-2.6052 9.05034 -0.554321
-0.0204835 0.0149897 -0.000496999
77
1
-2.56142 9.02206 -0.554661
-0.0207274 0.01381 -0.00307661
78
1
-2.51593 8.99447 -0.551614
-0.0224082 0.0137851 -0.00309983
79
1
-2.46905 8.96834 -0.546019
-0.0230928 0.0119878 -0.00443369
80
1
-2.42062 8.94453 -0.539407
-0.0235657 0.0105518 -0.00534042
81
1
-2.36972 8.92275 -0.532988
-0.0258646 0.0103403 -0.00454198
82
1
-2.31531 8.90296 -0.527136
-0.0287987 0.00887321 -0.00369391
83
1
-2.25778 8.88608 -0.523101
-0.0301689 0.00685911 -0.0025279
84
1
-2.19737 8.87186 -0.521725
-0.0311273 0.00593834 -0.000323563
85
1
-2.1341 8.85957 -0.523565
-0.0323479 0.00533723 0.00171078
86
1
-2.06885 8.84869 -0.528837
-0.0332185 0.00439068 0.00343393
87
1
-2.0021 8.83864 -0.537896
-0.0344008 0.00378169 0.00566939
88
1
-1.93414 8.82854 -0.550894
-0.0343592 0.00384292 0.00740722
89
1
-1.86564 8.81808 -0.567035
-0.0328629 0.00423673 0.00881038
90
1
-1.79474 8.8071 -0.584973
-0.0348222 0.00450294 0.0101203
91
1
-1.71994 8.79607 -0.603503
-0.0392179 0.00461234 0.0106597
92
1
-1.64198 8.78575 -0.621474
-0.0390955 0.00429962 0.00980801
93
1
-1.56076 8.77571 -0.638369
-0.0396779 0.00438098 0.00909134
94
1
-1.47628 8.76429 -0.652168
-0.0437145 0.00622767 0.00595015
95
1
-1.38836 8.7502 -0.660127
-0.0450446 0.00754785 0.00181929
96
1
-1.29362 8.73213 -0.661024
-0.0484774 0.00859358 -0.000469028
97
1
-1.19239 8.70951 -0.654397
-0.0561636 0.0134272 -0.00414299
98
1
-1.08421 8.68177 -0.640135
-0.0547193 0.0150625 -0.00854184
99
1
-0.971245 8.64829 -0.616129
-0.0574445 0.0190478 -0.016097
100
1
-0.856017 8.60813 -0.580237
-0.057495 0.02162 -0.0236428
101
1
-0.735667 8.5632 -0.529058
-0.0596927 0.0218659 -0.0299511
102
1
-0.607903 8.51328 -0.461909
-0.0628558 0.0280421 -0.0365327
103
1
-0.469898 8.4519 -0.365165
-0.0597524 0.0258087 -0.0402622
104
1
-0.311265 8.37736 -0.205
-0.0389649 0.0215081 -0.0634466
105
1
-0.386116 6.68517 -0.0606781
0.0172977 0.0442454 0.00992861
106
1
-0.048345 11.8705 -0.412051
-0.000799257 -0.025658 0.0735581
107
1
0.048345 11.8705 -0.412051
-0.000799257 0.025658 -0.0735581
108
1
0.386116 6.68517 -0.0606717
0.0172975 -0.0442452 -0.00992948
109
1
0.311265 8.37736 -0.205
-0.0389649 -0.0215081 0.0634466
110
1
0.469898 8.4519 -0.365165
-0.0597524 -0.0258087 0.0402622
111
1
0.607903 8.51328 -0.461909
-0.0628558 -0.0280421 0.0365327
112
1
0.735667 8.5632 -0.529058
-0.0596927 -0.0218659 0.0299511
113
1
0.856017 8.60813 -0.580237
-0.057495 -0.02162 0.0236428
114
1
0.971245 8.64829 -0.616129
-0.0574445 -0.0190478 0.016097
115
1
1.08421 8.68177 -0.640135
-0.0547193 -0.0150625 0.00854184
116
1
1.19239 8.70951 -0.654397
-0.0561636 -0.0134272 0.00414299
117
1
1.29362 8.73213 -0.661024
-0.0484774 -0.00859358 0.00046903
118
1
1.38836 8.7502 -0.660127
-0.0450446 -0.00754785 -0.00181929
119
1
1.47628 8.76429 -0.652168
-0.0437145 -0.00622767 -0.00595014
120
1
1.56076 8.77571 -0.638369
-0.0396779 -0.00438098 -0.00909134
121
1
1.64198 8.78575 -0.621474
-0.0390955 -0.00429962 -0.00980801
122
1
1.71994 8.79607 -0.603503
-0.0392179 -0.00461234 -0.0106597
123
1
1.79474 8.8071 -0.584973
-0.0348222 -0.00450294 -0.0101203
124
1
1.86564 8.81808 -0.567035
-0.0328629 -0.00423673 -0.00881038
125
1
1.93414 8.82854 -0.550894
-0.0343592 -0.00384292 -0.00740722
126
1
2.0021 8.83864 -0.537896
-0.0344008 -0.00378169 -0.00566939
127
1
2.06885 8.84869 -0.528837
-0.0332185 -0.00439068 -0.00343393
128
1
2.1341 8.85957 -0.523565
-0.0323479 -0.00533723 -0.00171078
129
1
2.19737 8.87186 -0.521725
-0.0311273 -0.00593834 0.000323563
130
1
2.25778 8.88608 -0.523101
-0.0301689 -0.00685911 0.0025279
131
1
2.31531 8.90296 -0.527136
-0.0287987 -0.00887321 0.00369391
132
1
2.36972 8.92275 -0.532988
-0.0258646 -0.0103403 0.00454198
133
1
2.42062 8.94453 -0.539407
-0.0235657 -0.0105518 0.00534042
134
1
2.46905 8.96834 -0.546019
-0.0230928 -0.0119878 0.00443369
135
1
2.51593 8.99447 -0.551614
-0.0224082 -0.0137851 0.00309983
136
1
2.56142 9.02206 -0.554661
-0.0207274 -0.01381 0.00307661
137
1
2.6052 9.05034 -0.554321
-0.0204835 -0.0149897 0.000496999
138
1
2.64761 9.07904 -0.549561
-0.0207206 -0.0168278 -0.00406288
139
1
2.68843 9.10803 -0.540245
-0.0191774 -0.0152473 -0.00494644
140
1
2.7285 9.13627 -0.527466
-0.0189704 -0.0131707 -0.00572967
141
1
2.76941 9.16292 -0.511102
-0.0209557 -0.0126384 -0.0108207
142
1
2.81197 9.18793 -0.490084
-0.0217779 -0.0125884 -0.0151336
143
1
2.85591 9.21083 -0.464798
-0.0218762 -0.0118273 -0.0140735
144
1
2.90034 9.23182 -0.435782
-0.0235907 -0.00980805 -0.0143585
145
1
2.94479 9.25125 -0.40418
-0.0251561 -0.00898761 -0.0175018
146
1
2.98707 9.26871 -0.371268
-0.0239184 -0.00853272 -0.0173551
147
1
3.02603 9.28514 -0.337579
-0.0201439 -0.00787193 -0.015018
148
1
3.06132 9.30129 -0.302089
-0.0174795 -0.00833336 -0.0167348
149
1
3.09229 9.31781 -0.263618
-0.0171372 -0.00940458 -0.0213303
150
1
3.1191 9.33465 -0.222121
-0.0149628 -0.0108435 -0.024373
151
1
3.14073 9.35097 -0.178777
-0.0108576 -0.0104358 -0.0237332
152
1
3.157 9.36459 -0.134679
-0.00727898 -0.00767364 -0.0230126
153
1
3.16817 9.37383 -0.0902168
-0.0040065 -0.00370519 -0.0231091
154
1
3.17453 9.37975 -0.0451272
-0.000889096 -0.00118673 -0.0230402
155
1
3.1768 9.38204 1.51828e-009
-3.46752e-011 6.98981e-011 -0.0229743
156
1
3.17453 9.37975 0.0451272
0.000889096 0.00118673 -0.0230402
157
1
3.16817 9.37383 0.0902168
0.0040065 0.00370519 -0.0231091
158
1
3.157 9.36459 0.134679
0.00727898 0.00767364 -0.0230126
159
1
3.14073 9.35097 0.178777
0.0108576 0.0104358 -0.0237332
160
1
3.1191 9.33465 0.222121
0.0149628 0.0108435 -0.024373
161
1
3.09229 9.31781 0.263618
0.0171372 0.00940458 -0.0213303
162
1
3.06132 9.30129 0.302089
0.0174795 0.00833336 -0.0167348
163
1
3.02603 9.28514 0.337579
0.0201439 0.00787193 -0.015018
164
1
2.98707 9.26871 0.371268
0.0239184 0.00853272 -0.0173551
165
1
2.94479 9.25125 0.40418
0.0251561 0.00898761 -0.0175018
166
1
2.90034 9.23182 0.435782
0.0235907 0.00980805 -0.0143585
167
1
2.85591 9.21083 0.464798
0.0218762 0.0118273 -0.0140735
168
1
2.81197 9.18793 0.490084
0.0217779 0.0125884 -0.0151336
169
1
2.76941 9.16292 0.511102
0.0209557 0.0126384 -0.0108207
170
1
2.7285 9.13627 0.527466
0.0189704 0.0131707 -0.00572967
171
1
2.68843 9.10803 0.540245
0.0191774 0.0152473 -0.00494644
172
1
2.64761 9.07904 0.549561
0.0207206 0.0168278 -0.00406288
173
1
2.6052 9.05034 0.554321
0.0204835 0.0149897 0.000496999
174
1
2.56142 9.02206 0.554661
0.0207274 0.01381 0.00307661
175
1
2.51593 8.99447 0.551614
0.0224082 0.0137851 0.00309983
176
1
2.46905 8.96834 0.546019
0.0230928 0.0119878 0.00443369
177
1
2.42062 8.94453 0.539407
0.0235657 0.0105518 0.00534042
178
1
2.36972 8.92275 0.532988
0.0258646 0.0103403 0.00454198
179
1
2.31531 8.90296 0.527136
0.0287987 0.00887321 0.00369391
180
1
2.25778 8.88608 0.523101
0.0301689 0.00685911 0.0025279
181
1
2.19737 8.87186 0.521725
0.0311273 0.00593834 0.000323563
182
1
2.1341 8.85957 0.523565
0.0323479 0.00533723 -0.00171078
183
1
2.06885 8.84869 0.528837
0.0332185 0.00439068 -0.00343393
184
1
2.0021 8.83864 0.537896
0.0344008 0.00378169 -0.00566939
185
1
1.93414 8.82854 0.550894
0.0343592 0.00384292 -0.00740722
186
1
1.86564 8.81808 0.567035
0.0328629 0.00423673 -0.00881038
187
1
1.79474 8.8071 0.584973
0.0348222 0.00450294 -0.0101203
188
1
1.71994 8.79607 0.603503
0.0392179 0.00461234 -0.0106597
189
1
1.64198 8.78575 0.621474
0.0390955 0.00429962 -0.00980801
190
1
1.56076 8.77571 0.638369
0.0396779 0.00438098 -0.00909134
191
1
1.47628 8.76429 0.652168
0.0437145 0.00622767 -0.00595015
192
1
1.38836 8.7502 0.660127
0.0450446 0.00754785 -0.00181929
193
1
1.29362 8.73213 0.661024
0.0484774 0.00859358 0.000469028
