194
0
1
0.894332 2.79669 1.36164
0.0330769 -0.0237873 -0.0222104
1
1
0.826283 2.84156 1.40263
0.0367665 -0.0225318 -0.0199088
2
1
0.750339 2.88421 1.4407
0.0405829 -0.0202842 -0.0175344
3
1
0.666608 2.92324 1.47488
0.0444833 -0.0185504 -0.0154772
4
1
0.57588 2.95815 1.50561
0.0470701 -0.0158533 -0.0137553
5
1
0.479333 2.98794 1.53319
0.0491917 -0.0137415 -0.0124697
6
1
0.378068 3.01239 1.55746
0.0514205 -0.0114909 -0.0106071
7
1
0.27302 3.03144 1.57677
0.053211 -0.00847112 -0.00827929
8
1
0.165049 3.04445 1.58992
0.054485 -0.00476664 -0.0048486
9
1
0.055235 3.05099 1.59658
0.0552861 -0.00126874 -0.00139798
10
1
-0.055235 3.05099 1.59658
0.0552861 0.00126874 0.00139798
11
1
-0.165049 3.04445 1.58992
0.054485 0.00476664 0.0048486
12
1
-0.27302 3.03144 1.57677
0.053211 0.00847112 0.00827929
13
1
-0.378068 3.01239 1.55746
0.0514205 0.0114909 0.0106071
14
1
-0.479333 2.98794 1.53319
0.0491917 0.0137415 0.0124697
15
1
-0.57588 2.95815 1.50561
0.0470701 0.0158533 0.0137553
16
1
-0.666608 2.92324 1.47488
0.0444833 0.0185504 0.0154772
17
1
-0.750339 2.88421 1.4407
0.0405829 0.0202842 0.0175344
18
1
-0.826283 2.84156 1.40263
0.0367665 0.0225318 0.0199088
19
1
-0.894332 2.79669 1.36164
0.0330769 0.0237873 0.0222104
20
1
-0.954796 2.7511 1.31893
0.0288066 0.0233825 0.0224147
21
1
-1.00878 2.70532 1.27546
0.0255628 0.0232364 0.0223292
22
1
-1.05677 2.65957 1.23193
0.0228085 0.0229103 0.0218823
23
1
-1.09954 2.61398 1.18833
0.0205524 0.0225783 0.0216236
24
1
-1.13678 2.56855 1.14465
0.0177077 0.0227742 0.0212748
25
1
-1.16843 2.52289 1.10102
0.0149941 0.0229478 0.0215822
26
1
-1.19524 2.47717 1.05732
0.0123733 0.0228091 0.0218419
27
1
-1.21705 2.43158 1.01334
0.00977947 0.0228068 0.0217333
28
1
-1.23421 2.38572 0.96954
0.00746035 0.0229496 0.0219981
29
1
-1.24774 2.33979 0.925937
0.00576196 0.0228437 0.0222961
30
1
-1.25825 2.29425 0.882306
0.00470117 0.0225246 0.0220905
31
1
-1.26567 2.24921 0.838801
0.00360451 0.0220836 0.0219491
32
1
-1.26987 2.20444 0.796066
0.00204969 0.0217435 0.0219695
33
1
-1.27111 2.15958 0.754728
0.000358546 0.0218809 0.0212845
34
1
-1.26949 2.11425 0.715218
-0.00110991 0.0225125 0.0197808
35
1
-1.26493 2.06816 0.678041
-0.00245083 0.0231015 0.0182659
36
1
-1.25746 2.02148 0.643561
-0.00402873 0.0232068 0.017067
37
1
-1.24742 1.97459 0.611735
-0.00600268 0.0229604 0.0158044
38
1
-1.23485 1.92804 0.582006
-0.00812211 0.0226858 0.0143061
39
1
-1.21943 1.8823 0.553759
-0.00997945 0.0224759 0.0128706
40
1
-1.20085 1.83756 0.526862
-0.0113619 0.0221928 0.0117974
41
1
-1.1795 1.79365 0.501492
-0.0122733 0.0217997 0.0111008
42
1
-1.15643 1.75023 0.477573
-0.0127443 0.021458 0.0106313
43
1
-1.13292 1.70705 0.45456
-0.0127197 0.021361 0.0102808
44
1
-1.10976 1.66401 0.431877
-0.0121192 0.0215777 0.010041
45
1
-1.0875 1.62092 0.409325
-0.0109514 0.0220395 0.00994293
46
1
-1.0667 1.57734 0.387177
-0.00932937 0.0225689 0.010009
47
1
-1.04852 1.53293 0.365434
-0.00741239 0.0229773 0.0102374
48
1
-1.03409 1.48786 0.343679
-0.0053781 0.0230659 0.0106467
49
1
-1.02422 1.44313 0.320821
-0.00338754 0.022714 0.0113079
50
1
-1.01889 1.40022 0.295739
-0.00160979 0.0217933 0.0123179
51
1
-1.0172 1.36068 0.267602
-0.000145851 0.0202845 0.0137905
52
1
-1.0179 1.3257 0.236174
0.000884674 0.0180507 0.0156316
53
1
-1.01991 1.2959 0.201667
0.00149769 0.0151158 0.0176379
54
1
-1.02237 1.27158 0.164487
0.001802 0.0117341 0.0195027
55
1
-1.02478 1.25276 0.125176
0.0019106 0.00829108 0.0208961
56
1
-1.02679 1.23939 0.0843094
0.0017345 0.00510682 0.0215865
57
1
-1.02833 1.23128 0.0424267
0.00106364 0.00236146 0.02169
58
1
-1.0288 1.22851 -3.71003e-015
2.16851e-016 -5.64434e-017 0.0216398
59
1
-1.02833 1.23128 -0.0424267
-0.00106364 -0.00236146 0.02169
60
1
-1.02679 1.23939 -0.0843094
-0.0017345 -0.00510682 0.0215865
61
1
-1.02478 1.25276 -0.125176
-0.0019106 -0.00829108 0.0208961
62
1
-1.02237 1.27158 -0.164487
-0.001802 -0.0117341 0.0195027
63
1
-1.01991 1.2959 -0.201667
-0.00149769 -0.0151158 0.0176379
64
1
-1.0179 1.3257 -0.236174
-0.000884674 -0.0180507 0.0156316
65
1
-1.0172 1.36068 -0.267602
0.000145851 -0.0202845 0.0137905
66
1
-1.01889 1.40022 -0.295739
0.00160979 -0.0217933 0.0123179
67
1
-1.02422 1.44313 -0.320821
0.00338754 -0.022714 0.0113079
68
1
-1.03409 1.48786 -0.343679
0.0053781 -0.0230659 0.0106467
69
1
-1.04852 1.53293 -0.365434
0.00741239 -0.0229773 0.0102374
70
1
-1.0667 1.57734 -0.387177
0.00932937 -0.0225689 0.010009
71
1
-1.0875 1.62092 -0.409325
0.0109514 -0.0220395 0.00994293
72
1
-1.10976 1.66401 -0.431877
0.0121192 -0.0215777 0.010041
73
1
-1.13292 1.70705 -0.45456
0.0127197 -0.021361 0.0102808
74
1
-1.15643 1.75023 -0.477573
0.0127443 -0.021458 0.0106313
75
1
-1.1795 1.79365 -0.501492
0.0122733 -0.0217997 0.0111008
76
1
-1.20085 1.83756 -0.526862
0.0113619 -0.0221928 0.0117974
77
1
-1.21943 1.8823 -0.553759
0.00997945 -0.0224759 0.0128706
78
1
-1.23485 1.92804 -0.582006
0.00812211 -0.0226858 0.0143061
79
1
-1.24742 1.97459 -0.611735
0.00600268 -0.0229604 0.0158044
80
1
-1.25746 2.02148 -0.643561
0.00402873 -0.0232068 0.017067
81
1
-1.26493 2.06816 -0.678041
0.00245083 -0.0231015 0.0182659
82
1
-1.26949 2.11425 -0.715218
0.00110991 -0.0225125 0.0197808
83
1
-1.27111 2.15958 -0.754728
-0.000358546 -0.0218809 0.0212845
84
1
-1.26987 2.20444 -0.796066
-0.00204969 -0.0217435 0.0219695
85
1
-1.26567 2.24921 -0.838801
-0.00360451 -0.0220836 0.0219491
86
1
-1.25825 2.29425 -0.882306
-0.00470117 -0.0225246 0.0220905
87
1
-1.24774 2.33979 -0.925937
-0.00576196 -0.0228437 0.0222961
88
1
-1.23421 2.38572 -0.96954
-0.00746035 -0.0229496 0.0219981
89
1
-1.21705 2.43158 -1.01334
-0.00977947 -0.0228068 0.0217333
90
1
-1.19524 2.47717 -1.05732
-0.0123733 -0.0228091 0.0218419
91
1
-1.16843 2.52289 -1.10102
-0.0149941 -0.0229478 0.0215822
92
1
-1.13678 2.56855 -1.14465
-0.0177077 -0.0227742 0.0212748
93
1
-1.09954 2.61398 -1.18833
-0.0205524 -0.0225783 0.0216236
94
1
-1.05677 2.65957 -1.23193
-0.0228085 -0.0229103 0.0218823
95
1
-1.00878 2.70532 -1.27546
-0.0255628 -0.0232364 0.0223292
96
1
-0.954796 2.7511 -1.31893
-0.0288066 -0.0233825 0.0224147
97
1
-0.894332 2.79669 -1.36164
-0.0330769 -0.0237873 0.0222104
98
1
-0.826283 2.84156 -1.40263
-0.0367665 -0.0225318 0.0199088
99
1
-0.750339 2.88421 -1.4407
-0.0405829 -0.0202842 0.0175344
100
1
-0.666608 2.92324 -1.47488
-0.0444833 -0.0185504 0.0154772
101
1
-0.57588 2.95815 -1.50561
-0.0470701 -0.0158533 0.0137553
102
1
-0.479333 2.98794 -1.53319
-0.0491917 -0.0137415 0.0124697
103
1
-0.378068 3.01239 -1.55746
-0.0514205 -0.0114909 0.0106071
104
1
-0.27302 3.03144 -1.57677
-0.053211 -0.00847112 0.00827929
105
1
-0.165049 3.04445 -1.58992
-0.054485 -0.00476664 0.0048486
106
1
-0.055235 3.05099 -1.59658
-0.0552861 -0.00126874 0.00139798
107
1
0.055235 3.05099 -1.59658
-0.0552861 0.00126874 -0.00139798
108
1
0.165049 3.04445 -1.58992
-0.054485 0.00476664 -0.0048486
109
1
0.27302 3.03144 -1.57677
-0.053211 0.00847112 -0.00827929
110
1
0.378068 3.01239 -1.55746
-0.0514205 0.0114909 -0.0106071
111
1
0.479333 2.98794 -1.53319
-0.0491917 0.0137415 -0.0124697
112
1
0.57588 2.95815 -1.50561
-0.0470701 0.0158533 -0.0137553
113
1
0.666608 2.92324 -1.47488
-0.0444833 0.0185504 -0.0154772
114
1
0.750339 2.88421 -1.4407
-0.0405829 0.0202842 -0.0175344
115
1
0.826283 2.84156 -1.40263
-0.0367665 0.0225318 -0.0199088
116
1
0.894332 2.79669 -1.36164
-0.0330769 0.0237873 -0.0222104
117
1
0.954796 2.7511 -1.31893
-0.0288066 0.0233825 -0.0224147
118
1
1.00878 2.70532 -1.27546
-0.0255628 0.0232364 -0.0223292
119
1
1.05677 2.65957 -1.23193
-0.0228085 0.0229103 -0.0218823
120
1
1.09954 2.61398 -1.18833
-0.0205524 0.0225783 -0.0216236
121
1
1.13678 2.56855 -1.14465
-0.0177077 0.0227742 -0.0212748
122
1
1.16843 2.52289 -1.10102
-0.0149941 0.0229478 -0.0215822
123
1
1.19524 2.47717 -1.05732
-0.0123733 0.0228091 -0.0218419
124
1
1.21705 2.43158 -1.01334
-0.00977947 0.0228068 -0.0217333
125
1
1.23421 2.38572 -0.96954
-0.00746035 0.0229496 -0.0219981
126
1
1.24774 2.33979 -0.925937
-0.00576196 0.0228437 -0.0222961
127
1
1.25825 2.29425 -0.882306
-0.00470117 0.0225246 -0.0220905
128
1
1.26567 2.24921 -0.838801
-0.00360451 0.0220836 -0.0219491
129
1
1.26987 2.20444 -0.796066
-0.00204969 0.0217435 -0.0219695
130
1
1.27111 2.15958 -0.754728
-0.000358546 0.0218809 -0.0212845
131
1
1.26949 2.11425 -0.715218
0.00110991 0.0225125 -0.0197808
132
1
1.26493 2.06816 -0.678041
0.00245083 0.0231015 -0.0182659
133
1
1.25746 2.02148 -0.643561
0.00402873 0.0232068 -0.017067
134
1
1.24742 1.97459 -0.611735
0.00600268 0.0229604 -0.0158044
135
1
1.23485 1.92804 -0.582006
0.00812211 0.0226858 -0.0143061
136
1
1.21943 1.8823 -0.553759
0.00997945 0.0224759 -0.0128706
137
1
1.20085 1.83756 -0.526862
0.0113619 0.0221928 -0.0117974
138
1
1.1795 1.79365 -0.501492
0.0122733 0.0217997 -0.0111008
139
1
1.15643 1.75023 -0.477573
0.0127443 0.021458 -0.0106313
140
1
1.13292 1.70705 -0.45456
0.0127197 0.021361 -0.0102808
141
1
1.10976 1.66401 -0.431877
0.0121192 0.0215777 -0.010041
142
1
1.0875 1.62092 -0.409325
0.0109514 0.0220395 -0.00994293
143
1
1.0667 1.57734 -0.387177
0.00932937 0.0225689 -0.010009
144
1
1.04852 1.53293 -0.365434
0.00741239 0.0229773 -0.0102374
145
1
1.03409 1.48786 -0.343679
0.0053781 0.0230659 -0.0106467
146
1
1.02422 1.44313 -0.320821
0.00338754 0.022714 -0.0113079
147
1
1.01889 1.40022 -0.295739
0.00160979 0.0217933 -0.0123179
148
1
1.0172 1.36068 -0.267602
0.000145851 0.0202845 -0.0137905
149
1
1.0179 1.3257 -0.236174
-0.000884674 0.0180507 -0.0156316
150
1
1.01991 1.2959 -0.201667
-0.00149769 0.0151158 -0.0176379
151
1
1.02237 1.27158 -0.164487
-0.001802 0.0117341 -0.0195027
152
1
1.02478 1.25276 -0.125176
-0.0019106 0.00829108 -0.0208961
153
1
1.02679 1.23939 -0.0843094
-0.0017345 0.00510682 -0.0215865
154
1
1.02833 1.23128 -0.0424267
-0.00106364 0.00236146 -0.02169
155
1
1.0288 1.22851 -2.77807e-015
1.50135e-017 4.39528e-017 -0.0216398
156
1
1.02833 1.23128 0.0424267
0.00106364 -0.00236146 -0.02169
157
1
1.02679 1.23939 0.0843094
0.0017345 -0.00510682 -0.0215865
158
1
1.02478 1.25276 0.125176
0.0019106 -0.00829108 -0.0208961
159
1
1.02237 1.27158 0.164487
0.001802 -0.0117341 -0.0195027
160
1
1.01991 1.2959 0.201667
0.00149769 -0.0151158 -0.0176379
161
1
1.0179 1.3257 0.236174
0.000884674 -0.0180507 -0.0156316
162
1
1.0172 1.36068 0.267602
-0.000145851 -0.0202845 -0.0137905
163
1
1.01889 1.40022 0.295739
-0.00160979 -0.0217933 -0.0123179
164
1
1.02422 1.44313 0.320821
-0.00338754 -0.022714 -0.0113079
165
1
1.03409 1.48786 0.343679
-0.0053781 -0.0230659 -0.0106467
166
1
1.04852 1.53293 0.365434
-0.00741239 -0.0229773 -0.0102374
167
1
1.0667 1.57734 0.387177
-0.00932937 -0.0225689 -0.010009
168
1
1.0875 1.62092 0.409325
-0.0109514 -0.0220395 -0.00994293
169
1
1.10976 1.66401 0.431877
-0.0121192 -0.0215777 -0.010041
170
1
1.13292 1.70705 0.45456
-0.0127197 -0.021361 -0.0102808
171
1
1.15643 1.75023 0.477573
-0.0127443 -0.021458 -0.0106313
172
1
1.1795 1.79365 0.501492
-0.0122733 -0.0217997 -0.0111008
173
1
1.20085 1.83756 0.526862
-0.0113619 -0.0221928 -0.0117974
174
1
1.21943 1.8823 0.553759
-0.00997945 -0.0224759 -0.0128706
175
1
1.23485 1.92804 0.582006
-0.00812211 -0.0226858 -0.0143061
176
1
1.24742 1.97459 0.611735
-0.00600268 -0.0229604 -0.0158044
177
1
1.25746 2.02148 0.643561
-0.00402873 -0.0232068 -0.017067
178
1
1.26493 2.06816 0.678041
-0.00245083 -0.0231015 -0.0182659
179
1
1.26949 2.11425 0.715218
-0.00110991 -0.0225125 -0.0197808
180
1
1.27111 2.15958 0.754728
0.000358546 -0.0218809 -0.0212845
181
1
1.26987 2.20444 0.796066
0.00204969 -0.0217435 -0.0219695
182
1
1.26567 2.24921 0.838801
0.00360451 -0.0220836 -0.0219491
183
1
1.25825 2.29425 0.882306
0.00470117 -0.0225246 -0.0220905
184
1
1.24774 2.33979 0.925937
0.00576196 -0.0228437 -0.0222961
185
1
1.23421 2.38572 0.96954
0.00746035 -0.0229496 -0.0219981
186
1
1.21705 2.43158 1.01334
0.00977947 -0.0228068 -0.0217333
187
1
1.19524 2.47717 1.05732
0.0123733 -0.0228091 -0.0218419
188
1
1.16843 2.52289 1.10102
0.0149941 -0.0229478 -0.0215822
189
1
1.13678 2.56855 1.14465
0.0177077 -0.0227742 -0.0212748
190
1
1.09954 2.61398 1.18833
0.0205524 -0.0225783 -0.0216236
191
1
1.05677 2.65957 1.23193
0.0228085 -0.0229103 -0.0218823
192
1
1.00878 2.70532 1.27546
0.0255628 -0.0232364 -0.0223292
193
1
0.954796 2.7511 1.31893
0.0288066 -0.0233825 -0.0224147
