194
0
1
0.79079 1.9565 2.06606
0.0273991 -0.0237702 -0.0216138
1
1
0.733547 2.00184 2.10585
0.0309927 -0.0229225 -0.0200325
2
1
0.668435 2.04555 2.14318
0.0345775 -0.0216856 -0.0175673
3
1
0.595786 2.08654 2.17695
0.0385607 -0.0198188 -0.0159875
4
1
0.516323 2.12371 2.20787
0.041272 -0.0173074 -0.0143184
5
1
0.430855 2.15598 2.23585
0.0436435 -0.0145454 -0.0135284
6
1
0.340445 2.18229 2.2608
0.0457687 -0.0123159 -0.0122028
7
1
0.246168 2.20226 2.28154
0.0475689 -0.00953038 -0.00912584
8
1
0.148937 2.21579 2.296
0.0490286 -0.00562419 -0.00560704
9
1
0.0498518 2.22257 2.30317
0.0498415 -0.00177241 -0.00195331
10
1
-0.0498518 2.22257 2.30317
0.0498415 0.00177241 0.00195331
11
1
-0.148937 2.21579 2.296
0.0490286 0.00562419 0.00560704
12
1
-0.246168 2.20226 2.28154
0.0475689 0.00953038 0.00912584
13
1
-0.340445 2.18229 2.2608
0.0457687 0.0123159 0.0122028
14
1
-0.430855 2.15598 2.23585
0.0436435 0.0145454 0.0135284
15
1
-0.516323 2.12371 2.20787
0.041272 0.0173074 0.0143184
16
1
-0.595786 2.08654 2.17695
0.0385607 0.0198188 0.0159875
17
1
-0.668435 2.04555 2.14318
0.0345775 0.0216856 0.0175673
18
1
-0.733547 2.00184 2.10585
0.0309927 0.0229225 0.0200325
19
1
-0.79079 1.9565 2.06606
0.0273991 0.0237702 0.0216138
20
1
-0.840073 1.91014 2.02539
0.02279 0.0239006 0.021199
21
1
-0.881887 1.86323 1.98464
0.0192357 0.0239155 0.020633
22
1
-0.916536 1.81585 1.94435
0.0156886 0.0241725 0.0195917
23
1
-0.94494 1.76856 1.90424
0.012481 0.0243654 0.0190236
24
1
-0.967072 1.72228 1.86329
0.00930973 0.0238904 0.019309
25
1
-0.982665 1.67728 1.82114
0.00653644 0.0229583 0.0202287
26
1
-0.992566 1.63385 1.77775
0.00341964 0.0216665 0.0213962
27
1
-0.996968 1.59243 1.73273
0.000394534 0.0204775 0.0224058
28
1
-0.996409 1.55268 1.68647
-0.00145667 0.0195258 0.0232216
29
1
-0.992353 1.51434 1.63924
-0.00235769 0.0184254 0.0241253
30
1
-0.986075 1.47778 1.59085
-0.00317587 0.0171371 0.02508
31
1
-0.977681 1.44342 1.54119
-0.00424113 0.0159977 0.0257521
32
1
-0.966634 1.41093 1.49081
-0.00544993 0.0152111 0.0259883
33
1
-0.952948 1.37953 1.44045
-0.00674726 0.0146307 0.0259312
34
1
-0.937168 1.34896 1.39036
-0.00821272 0.0140305 0.0257282
35
1
-0.919772 1.31979 1.34017
-0.00988477 0.0132953 0.0254362
36
1
-0.900452 1.29327 1.28945
-0.011645 0.0123435 0.0251179
37
1
-0.87843 1.27048 1.2382
-0.0132971 0.0110773 0.0248452
38
1
-0.85306 1.25189 1.18696
-0.0146766 0.0094428 0.0246485
39
1
-0.824441 1.23727 1.13631
-0.0156952 0.00745771 0.024565
40
1
-0.793443 1.22613 1.08626
-0.0163232 0.005227 0.0246482
41
1
-0.761326 1.21817 1.03626
-0.0165567 0.00292107 0.0249236
42
1
-0.729307 1.21344 0.98556
-0.0163906 0.000714968 0.0253709
43
1
-0.698306 1.21218 0.933636
-0.0158285 -0.00125779 0.0259441
44
1
-0.668902 1.21442 0.880329
-0.0149077 -0.00291705 0.0266017
45
1
-0.641469 1.21981 0.825652
-0.0136965 -0.00422582 0.0273215
46
1
-0.616276 1.22771 0.769622
-0.0122827 -0.00517678 0.0280896
47
1
-0.593547 1.23737 0.712197
-0.0107608 -0.00578267 0.0288875
48
1
-0.573452 1.24805 0.653314
-0.00921847 -0.00606889 0.0296897
49
1
-0.556076 1.25912 0.592941
-0.00772822 -0.00607032 0.0304695
50
1
-0.541396 1.27008 0.53111
-0.00634262 -0.00582903 0.0312037
51
1
-0.529275 1.28052 0.467911
-0.00509492 -0.00539155 0.0318755
52
1
-0.519494 1.2901 0.403471
-0.00399992 -0.00480417 0.0324733
53
1
-0.511799 1.29856 0.337941
-0.00305862 -0.00410986 0.0329886
54
1
-0.505928 1.3057 0.271484
-0.00225881 -0.00334388 0.0334156
55
1
-0.501638 1.31137 0.204278
-0.00158127 -0.00253414 0.0337506
56
1
-0.498727 1.31548 0.136503
-0.000998656 -0.00169923 0.0339911
57
1
-0.497041 1.31797 0.0683471
-0.000482436 -0.000852023 0.0341358
58
1
-0.49649 1.3188 -1.66745e-016
-2.08517e-017 4.27254e-017 0.0341842
59
1
-0.497041 1.31797 -0.0683471
0.000482436 0.000852023 0.0341358
60
1
-0.498727 1.31548 -0.136503
0.000998656 0.00169923 0.0339911
61
1
-0.501638 1.31137 -0.204278
0.00158127 0.00253414 0.0337506
62
1
-0.505928 1.3057 -0.271484
0.00225881 0.00334388 0.0334156
63
1
-0.511799 1.29856 -0.337941
0.00305862 0.00410986 0.0329886
64
1
-0.519494 1.2901 -0.403471
0.00399992 0.00480417 0.0324733
65
1
-0.529275 1.28052 -0.467911
0.00509492 0.00539155 0.0318755
66
1
-0.541396 1.27008 -0.53111
0.00634262 0.00582903 0.0312037
67
1
-0.556076 1.25912 -0.592941
0.00772822 0.00607032 0.0304695
68
1
-0.573452 1.24805 -0.653314
0.00921847 0.00606889 0.0296897
69
1
-0.593547 1.23737 -0.712197
0.0107608 0.00578267 0.0288875
70
1
-0.616276 1.22771 -0.769622
0.0122827 0.00517678 0.0280896
71
1
-0.641469 1.21981 -0.825652
0.0136965 0.00422582 0.0273215
72
1
-0.668902 1.21442 -0.880329
0.0149077 0.00291705 0.0266017
73
1
-0.698306 1.21218 -0.933636
0.0158285 0.00125779 0.0259441
74
1
-0.729307 1.21344 -0.98556
0.0163906 -0.000714968 0.0253709
75
1
-0.761326 1.21817 -1.03626
0.0165567 -0.00292107 0.0249236
76
1
-0.793443 1.22613 -1.08626
0.0163232 -0.005227 0.0246482
77
1
-0.824441 1.23727 -1.13631
0.0156952 -0.00745771 0.024565
78
1
-0.85306 1.25189 -1.18696
0.0146766 -0.0094428 0.0246485
79
1
-0.87843 1.27048 -1.2382
0.0132971 -0.0110773 0.0248452
80
1
-0.900452 1.29327 -1.28945
0.011645 -0.0123435 0.0251179
81
1
-0.919772 1.31979 -1.34017
0.00988477 -0.0132953 0.0254362
82
1
-0.937168 1.34896 -1.39036
0.00821272 -0.0140305 0.0257282
83
1
-0.952948 1.37953 -1.44045
0.00674726 -0.0146307 0.0259312
84
1
-0.966634 1.41093 -1.49081
0.00544993 -0.0152111 0.0259883
85
1
-0.977681 1.44342 -1.54119
0.00424113 -0.0159977 0.0257521
86
1
-0.986075 1.47778 -1.59085
0.00317587 -0.0171371 0.02508
87
1
-0.992353 1.51434 -1.63924
0.00235769 -0.0184254 0.0241253
88
1
-0.996409 1.55268 -1.68647
0.00145667 -0.0195258 0.0232216
89
1
-0.996968 1.59243 -1.73273
-0.000394534 -0.0204775 0.0224058
90
1
-0.992566 1.63385 -1.77775
-0.00341964 -0.0216665 0.0213962
91
1
-0.982665 1.67728 -1.82114
-0.00653644 -0.0229583 0.0202287
92
1
-0.967072 1.72228 -1.86329
-0.00930973 -0.0238904 0.019309
93
1
-0.94494 1.76856 -1.90424
-0.012481 -0.0243654 0.0190236
94
1
-0.916536 1.81585 -1.94435
-0.0156886 -0.0241725 0.0195917
95
1
-0.881887 1.86323 -1.98464
-0.0192357 -0.0239155 0.020633
96
1
-0.840073 1.91014 -2.02539
-0.02279 -0.0239006 0.021199
97
1
-0.79079 1.9565 -2.06606
-0.0273991 -0.0237702 0.0216138
98
1
-0.733547 2.00184 -2.10585
-0.0309927 -0.0229225 0.0200325
99
1
-0.668435 2.04555 -2.14318
-0.0345775 -0.0216856 0.0175673
100
1
-0.595786 2.08654 -2.17695
-0.0385607 -0.0198188 0.0159875
101
1
-0.516323 2.12371 -2.20787
-0.041272 -0.0173074 0.0143184
102
1
-0.430855 2.15598 -2.23585
-0.0436435 -0.0145454 0.0135284
103
1
-0.340445 2.18229 -2.2608
-0.0457687 -0.0123159 0.0122028
104
1
-0.246168 2.20226 -2.28154
-0.0475689 -0.00953038 0.00912584
105
1
-0.148937 2.21579 -2.296
-0.0490286 -0.00562419 0.00560704
106
1
-0.0498518 2.22257 -2.30317
-0.0498415 -0.00177241 0.00195331
107
1
0.0498518 2.22257 -2.30317
-0.0498415 0.00177241 -0.00195331
108
1
0.148937 2.21579 -2.296
-0.0490286 0.00562419 -0.00560704
109
1
0.246168 2.20226 -2.28154
-0.0475689 0.00953038 -0.00912584
110
1
0.340445 2.18229 -2.2608
-0.0457687 0.0123159 -0.0122028
111
1
0.430855 2.15598 -2.23585
-0.0436435 0.0145454 -0.0135284
112
1
0.516323 2.12371 -2.20787
-0.041272 0.0173074 -0.0143184
113
1
0.595786 2.08654 -2.17695
-0.0385607 0.0198188 -0.0159875
114
1
0.668435 2.04555 -2.14318
-0.0345775 0.0216856 -0.0175673
115
1
0.733547 2.00184 -2.10585
-0.0309927 0.0229225 -0.0200325
116
1
0.79079 1.9565 -2.06606
-0.0273991 0.0237702 -0.0216138
117
1
0.840073 1.91014 -2.02539
-0.02279 0.0239006 -0.021199
118
1
0.881887 1.86323 -1.98464
-0.0192357 0.0239155 -0.020633
119
1
0.916536 1.81585 -1.94435
-0.0156886 0.0241725 -0.0195917
120
1
0.94494 1.76856 -1.90424
-0.012481 0.0243654 -0.0190236
121
1
0.967072 1.72228 -1.86329
-0.00930973 0.0238904 -0.019309
122
1
0.982665 1.67728 -1.82114
-0.00653644 0.0229583 -0.0202287
123
1
0.992566 1.63385 -1.77775
-0.00341964 0.0216665 -0.0213962
124
1
0.996968 1.59243 -1.73273
-0.000394534 0.0204775 -0.0224058
125
1
0.996409 1.55268 -1.68647
0.00145667 0.0195258 -0.0232216
126
1
0.992353 1.51434 -1.63924
0.00235769 0.0184254 -0.0241253
127
1
0.986075 1.47778 -1.59085
0.00317587 0.0171371 -0.02508
128
1
0.977681 1.44342 -1.54119
0.00424113 0.0159977 -0.0257521
129
1
0.966634 1.41093 -1.49081
0.00544993 0.0152111 -0.0259883
130
1
0.952948 1.37953 -1.44045
0.00674726 0.0146307 -0.0259312
131
1
0.937168 1.34896 -1.39036
0.00821272 0.0140305 -0.0257282
132
1
0.919772 1.31979 -1.34017
0.00988477 0.0132953 -0.0254362
133
1
0.900452 1.29327 -1.28945
0.011645 0.0123435 -0.0251179
134
1
0.87843 1.27048 -1.2382
0.0132971 0.0110773 -0.0248452
135
1
0.85306 1.25189 -1.18696
0.0146766 0.0094428 -0.0246485
136
1
0.824441 1.23727 -1.13631
0.0156952 0.00745771 -0.024565
137
1
0.793443 1.22613 -1.08626
0.0163232 0.005227 -0.0246482
138
1
0.761326 1.21817 -1.03626
0.0165567 0.00292107 -0.0249236
139
1
0.729307 1.21344 -0.98556
0.0163906 0.000714968 -0.0253709
140
1
0.698306 1.21218 -0.933636
0.0158285 -0.00125779 -0.0259441
141
1
0.668902 1.21442 -0.880329
0.0149077 -0.00291705 -0.0266017
142
1
0.641469 1.21981 -0.825652
0.0136965 -0.00422582 -0.0273215
143
1
0.616276 1.22771 -0.769622
0.0122827 -0.00517678 -0.0280896
144
1
0.593547 1.23737 -0.712197
0.0107608 -0.00578267 -0.0288875
145
1
0.573452 1.24805 -0.653314
0.00921847 -0.00606889 -0.0296897
146
1
0.556076 1.25912 -0.592941
0.00772822 -0.00607032 -0.0304695
147
1
0.541396 1.27008 -0.53111
0.00634262 -0.00582903 -0.0312037
148
1
0.529275 1.28052 -0.467911
0.00509492 -0.00539155 -0.0318755
149
1
0.519494 1.2901 -0.403471
0.00399992 -0.00480417 -0.0324733
150
1
0.511799 1.29856 -0.337941
0.00305862 -0.00410986 -0.0329886
151
1
0.505928 1.3057 -0.271484
0.00225881 -0.00334388 -0.0334156
152
1
0.501638 1.31137 -0.204278
0.00158127 -0.00253414 -0.0337506
153
1
0.498727 1.31548 -0.136503
0.000998656 -0.00169923 -0.0339911
154
1
0.497041 1.31797 -0.0683471
0.000482436 -0.000852023 -0.0341358
155
1
0.49649 1.3188 -6.14478e-017
2.45075e-017 -1.08405e-016 -0.0341842
156
1
0.497041 1.31797 0.0683471
-0.000482436 0.000852023 -0.0341358
157
1
0.498727 1.31548 0.136503
-0.000998656 0.00169923 -0.0339911
158
1
0.501638 1.31137 0.204278
-0.00158127 0.00253414 -0.0337506
159
1
0.505928 1.3057 0.271484
-0.00225881 0.00334388 -0.0334156
160
1
0.511799 1.29856 0.337941
-0.00305862 0.00410986 -0.0329886
161
1
0.519494 1.2901 0.403471
-0.00399992 0.00480417 -0.0324733
162
1
0.529275 1.28052 0.467911
-0.00509492 0.00539155 -0.0318755
163
1
0.541396 1.27008 0.53111
-0.00634262 0.00582903 -0.0312037
164
1
0.556076 1.25912 0.592941
-0.00772822 0.00607032 -0.0304695
165
1
0.573452 1.24805 0.653314
-0.00921847 0.00606889 -0.0296897
166
1
0.593547 1.23737 0.712197
-0.0107608 0.00578267 -0.0288875
167
1
0.616276 1.22771 0.769622
-0.0122827 0.00517678 -0.0280896
168
1
0.641469 1.21981 0.825652
-0.0136965 0.00422582 -0.0273215
169
1
0.668902 1.21442 0.880329
-0.0149077 0.00291705 -0.0266017
170
1
0.698306 1.21218 0.933636
-0.0158285 0.00125779 -0.0259441
171
1
0.729307 1.21344 0.98556
-0.0163906 -0.000714968 -0.0253709
172
1
0.761326 1.21817 1.03626
-0.0165567 -0.00292107 -0.0249236
173
1
0.793443 1.22613 1.08626
-0.0163232 -0.005227 -0.0246482
174
1
0.824441 1.23727 1.13631
-0.0156952 -0.00745771 -0.024565
175
1
0.85306 1.25189 1.18696
-0.0146766 -0.0094428 -0.0246485
176
1
0.87843 1.27048 1.2382
-0.0132971 -0.0110773 -0.0248452
177
1
0.900452 1.29327 1.28945
-0.011645 -0.0123435 -0.0251179
178
1
0.919772 1.31979 1.34017
-0.00988477 -0.0132953 -0.0254362
179
1
0.937168 1.34896 1.39036
-0.00821272 -0.0140305 -0.0257282
180
1
0.952948 1.37953 1.44045
-0.00674726 -0.0146307 -0.0259312
181
1
0.966634 1.41093 1.49081
-0.00544993 -0.0152111 -0.0259883
182
1
0.977681 1.44342 1.54119
-0.00424113 -0.0159977 -0.0257521
183
1
0.986075 1.47778 1.59085
-0.00317587 -0.0171371 -0.02508
184
1
0.992353 1.51434 1.63924
-0.00235769 -0.0184254 -0.0241253
185
1
0.996409 1.55268 1.68647
-0.00145667 -0.0195258 -0.0232216
186
1
0.996968 1.59243 1.73273
0.000394534 -0.0204775 -0.0224058
187
1
0.992566 1.63385 1.77775
0.00341964 -0.0216665 -0.0213962
188
1
0.982665 1.67728 1.82114
0.00653644 -0.0229583 -0.0202287
189
1
0.967072 1.72228 1.86329
0.00930973 -0.0238904 -0.019309
190
1
0.94494 1.76856 1.90424
0.012481 -0.0243654 -0.0190236
191
1
0.916536 1.81585 1.94435
0.0156886 -0.0241725 -0.0195917
192
1
0.881887 1.86323 1.98464
0.0192357 -0.0239155 -0.020633
193
1
0.840073 1.91014 2.02539
0.02279 -0.0239006 -0.021199
