194
0
1
1.05766 9.23733 0.582148
0.0548337 0.00805998 0.00812792
1
1
0.95034 9.21872 0.563541
0.0547625 0.0115811 0.00951982
2
1
0.835353 9.19277 0.542744
0.0599392 0.0147179 0.0110673
3
1
0.716111 9.15881 0.518011
0.0615242 0.0171211 0.0124393
4
1
0.593203 9.11458 0.483551
0.0606079 0.0228783 0.0182074
5
1
0.4671 9.06122 0.431861
0.0616797 0.0267303 0.0297662
6
1
0.333512 8.99188 0.354326
0.0492275 0.0382816 0.0376562
7
1
0.174483 8.86706 0.245692
0.047373 0.0496298 0.0320101
8
1
0.263743 6.12766 0.0585861
-0.0339544 -0.0342281 -0.00959295
9
1
0.0615592 12.8132 0.0858296
0.0209052 -0.0339403 -0.0273959
10
1
-0.0615592 12.8132 0.0858296
0.0209052 0.0339403 0.0273959
11
1
-0.263734 6.12766 0.0585882
-0.033956 0.0342268 0.00959185
12
1
-0.174483 8.86706 0.245692
0.047373 -0.0496297 -0.0320101
13
1
-0.333512 8.99188 0.354326
0.0492275 -0.0382816 -0.0376562
14
1
-0.4671 9.06122 0.431861
0.0616797 -0.0267303 -0.0297662
15
1
-0.593203 9.11458 0.483551
0.0606079 -0.0228783 -0.0182074
16
1
-0.716111 9.15881 0.518011
0.0615242 -0.0171211 -0.0124393
17
1
-0.835353 9.19277 0.542744
0.0599392 -0.0147178 -0.0110673
18
1
-0.95034 9.21872 0.563541
0.0547625 -0.0115811 -0.00951982
19
1
-1.05766 9.23733 0.582148
0.0548337 -0.00805998 -0.00812792
20
1
-1.15542 9.24821 0.599011
0.0459696 -0.0026254 -0.00795623
21
1
-1.24456 9.25247 0.615769
0.041273 -0.000580188 -0.00737217
22
1
-1.325 9.25312 0.634297
0.0391851 0.00108726 -0.0101935
23
1
-1.40003 9.25341 0.65746
0.0347417 0.00101608 -0.012792
24
1
-1.4692 9.25623 0.684729
0.0328231 -0.000651653 -0.0144644
25
1
-1.53251 9.26172 0.713634
0.0308653 -0.000996596 -0.015848
26
1
-1.59081 9.26959 0.741607
0.0255826 -0.00148602 -0.0145904
27
1
-1.64443 9.28065 0.76642
0.0233327 -0.00411637 -0.0134088
28
1
-1.6951 9.29573 0.788414
0.0243665 -0.00799855 -0.0126978
29
1
-1.74495 9.31474 0.807094
0.0244851 -0.0110822 -0.00950995
30
1
-1.79399 9.3371 0.820953
0.0239465 -0.012713 -0.00523113
31
1
-1.84215 9.36224 0.829225
0.0235059 -0.0142888 -0.000781403
32
1
-1.88901 9.38967 0.831963
0.0223714 -0.0152672 0.00164249
33
1
-1.93415 9.41878 0.829246
0.0217526 -0.01553 0.00321615
34
1
-1.97796 9.44912 0.821269
0.0225341 -0.016021 0.00706549
35
1
-2.02074 9.47996 0.80874
0.0216669 -0.0153891 0.00911715
36
1
-2.06165 9.51077 0.793658
0.01951 -0.0138269 0.00798266
37
1
-2.10132 9.54153 0.77655
0.0198199 -0.014453 0.0100111
38
1
-2.14084 9.57263 0.757769
0.0194217 -0.0159202 0.011846
39
1
-2.17942 9.60439 0.738055
0.0169144 -0.0153841 0.00919328
40
1
-2.2156 9.6368 0.717273
0.0179578 -0.0159113 0.00918894
41
1
-2.24851 9.6711 0.695856
0.0186724 -0.0178848 0.0113262
42
1
-2.27821 9.70695 0.675032
0.0141765 -0.0181948 0.00976117
43
1
-2.30449 9.74384 0.654673
0.0115241 -0.018262 0.00748681
44
1
-2.3277 9.78153 0.633207
0.011241 -0.0194362 0.0088152
45
1
-2.34835 9.82024 0.608839
0.00914836 -0.0208986 0.0130529
46
1
-2.36659 9.86 0.581
0.00722429 -0.0211722 0.0140796
47
1
-2.38394 9.89922 0.549046
0.00743146 -0.0197411 0.0151332
48
1
-2.40046 9.93665 0.511174
0.00790368 -0.0194325 0.0228412
49
1
-2.4159 9.9708 0.468825
0.00765528 -0.0173276 0.0263023
50
1
-2.43009 10.0019 0.423279
0.00620533 -0.014516 0.023718
51
1
-2.44384 10.0313 0.374603
0.00621281 -0.0143217 0.0251247
52
1
-2.45764 10.0587 0.323766
0.00929649 -0.0150046 0.0284723
53
1
-2.47122 10.084 0.270637
0.00906349 -0.0147474 0.0312393
54
1
-2.48253 10.1062 0.216017
0.00533044 -0.0120509 0.0308191
55
1
-2.49108 10.1243 0.161306
0.0036576 -0.00933247 0.0293033
56
1
-2.49743 10.1376 0.107217
0.00353028 -0.00648576 0.0279953
57
1
-2.50067 10.1457 0.0529138
0.00155579 -0.00345602 0.0268588
58
1
-2.50129 10.1485 6.745e-009
2.2898e-011 1.55887e-010 0.0264362
59
1
-2.50067 10.1457 -0.0529138
-0.00155579 0.00345602 0.0268588
60
1
-2.49743 10.1376 -0.107217
-0.00353028 0.00648576 0.0279953
61
1
-2.49108 10.1243 -0.161306
-0.0036576 0.00933247 0.0293033
62
1
-2.48253 10.1062 -0.216017
-0.00533044 0.0120509 0.0308191
63
1
-2.47122 10.084 -0.270637
-0.00906349 0.0147474 0.0312393
64
1
-2.45764 10.0587 -0.323766
-0.00929649 0.0150046 0.0284723
65
1
-2.44384 10.0313 -0.374603
-0.00621281 0.0143217 0.0251247
66
1
-2.43009 10.0019 -0.423279
-0.00620533 0.014516 0.023718
67
1
-2.4159 9.9708 -0.468825
-0.00765528 0.0173276 0.0263023
68
1
-2.40046 9.93665 -0.511174
-0.00790368 0.0194325 0.0228412
69
1
-2.38394 9.89922 -0.549046
-0.00743146 0.0197411 0.0151332
70
1
-2.36659 9.86 -0.581
-0.00722429 0.0211722 0.0140796
71
1
-2.34835 9.82024 -0.608839
-0.00914835 0.0208986 0.0130529
72
1
-2.3277 9.78153 -0.633207
-0.011241 0.0194362 0.0088152
73
1
-2.30449 9.74384 -0.654673
-0.0115241 0.018262 0.00748681
74
1
-2.27821 9.70695 -0.675032
-0.0141765 0.0181948 0.00976117
75
1
-2.24851 9.6711 -0.695856
-0.0186724 0.0178848 0.0113262
76
1
-2.2156 9.6368 -0.717273
-0.0179578 0.0159113 0.00918894
77
1
-2.17942 9.60439 -0.738055
-0.0169144 0.0153841 0.00919328
78
1
-2.14084 9.57263 -0.757769
-0.0194217 0.0159202 0.011846
79
1
-2.10132 9.54153 -0.77655
-0.0198199 0.014453 0.0100111
80
1
-2.06165 9.51077 -0.793658
-0.01951 0.0138269 0.00798266
81
1
-2.02074 9.47996 -0.80874
-0.0216669 0.0153891 0.00911715
82
1
-1.97796 9.44912 -0.821269
-0.0225341 0.016021 0.00706549
83
1
-1.93415 9.41878 -0.829246
-0.0217526 0.01553 0.00321615
84
1
-1.88901 9.38967 -0.831963
-0.0223714 0.0152672 0.00164249
85
1
-1.84215 9.36224 -0.829225
-0.0235059 0.0142888 -0.000781403
86
1
-1.79399 9.3371 -0.820953
-0.0239465 0.012713 -0.00523113
87
1
-1.74495 9.31474 -0.807094
-0.0244851 0.0110822 -0.00950995
88
1
-1.6951 9.29573 -0.788414
-0.0243665 0.00799855 -0.0126978
89
1
-1.64443 9.28065 -0.76642
-0.0233327 0.00411637 -0.0134088
90
1
-1.59081 9.26959 -0.741607
-0.0255826 0.00148602 -0.0145904
91
1
-1.53251 9.26172 -0.713634
-0.0308653 0.000996596 -0.015848
92
1
-1.4692 9.25623 -0.684729
-0.0328231 0.000651653 -0.0144644
93
1
-1.40003 9.25341 -0.65746
-0.0347417 -0.00101608 -0.012792
94
1
-1.325 9.25312 -0.634297
-0.0391851 -0.00108726 -0.0101935
95
1
-1.24456 9.25247 -0.615769
-0.041273 0.000580188 -0.00737217
96
1
-1.15542 9.24821 -0.599011
-0.0459696 0.0026254 -0.00795623
97
1
-1.05766 9.23733 -0.582148
-0.0548337 0.00805998 -0.00812792
98
1
-0.95034 9.21872 -0.563541
-0.0547625 0.0115811 -0.00951982
99
1
-0.835353 9.19277 -0.542744
-0.0599392 0.0147179 -0.0110673
100
1
-0.716111 9.15881 -0.518011
-0.0615242 0.0171211 -0.0124393
101
1
-0.593203 9.11458 -0.483551
-0.0606079 0.0228783 -0.0182074
102
1
-0.4671 9.06122 -0.431861
-0.0616797 0.0267303 -0.0297662
103
1
-0.333512 8.99188 -0.354326
-0.0492275 0.0382816 -0.0376562
104
1
-0.174483 8.86706 -0.245692
-0.047373 0.0496298 -0.0320101
105
1
-0.263743 6.12766 -0.0585839
0.0339544 -0.034228 0.00959313
106
1
-0.0615592 12.8132 -0.0858296
-0.0209052 -0.0339403 0.0273959
107
1
0.0615592 12.8132 -0.0858296
-0.0209052 0.0339403 -0.0273959
108
1
0.263734 6.12766 -0.058586
0.0339559 0.0342267 -0.00959203
109
1
0.174483 8.86706 -0.245692
-0.047373 -0.0496297 0.0320101
110
1
0.333512 8.99188 -0.354326
-0.0492275 -0.0382816 0.0376562
111
1
0.4671 9.06122 -0.431861
-0.0616797 -0.0267303 0.0297662
112
1
0.593203 9.11458 -0.483551
-0.0606079 -0.0228783 0.0182074
113
1
0.716111 9.15881 -0.518011
-0.0615242 -0.0171211 0.0124393
114
1
0.835353 9.19277 -0.542744
-0.0599392 -0.0147178 0.0110673
115
1
0.95034 9.21872 -0.563541
-0.0547625 -0.0115811 0.00951982
116
1
1.05766 9.23733 -0.582148
-0.0548337 -0.00805998 0.00812792
117
1
1.15542 9.24821 -0.599011
-0.0459696 -0.0026254 0.00795623
118
1
1.24456 9.25247 -0.615769
-0.041273 -0.000580188 0.00737217
119
1
1.325 9.25312 -0.634297
-0.0391851 0.00108726 0.0101935
120
1
1.40003 9.25341 -0.65746
-0.0347417 0.00101608 0.012792
121
1
1.4692 9.25623 -0.684729
-0.0328231 -0.000651654 0.0144644
122
1
1.53251 9.26172 -0.713634
-0.0308653 -0.000996596 0.015848
123
1
1.59081 9.26959 -0.741607
-0.0255826 -0.00148602 0.0145904
124
1
1.64443 9.28065 -0.76642
-0.0233327 -0.00411637 0.0134088
125
1
1.6951 9.29573 -0.788414
-0.0243665 -0.00799855 0.0126978
126
1
1.74495 9.31474 -0.807094
-0.0244851 -0.0110822 0.00950995
127
1
1.79399 9.3371 -0.820953
-0.0239465 -0.012713 0.00523113
128
1
1.84215 9.36224 -0.829225
-0.0235059 -0.0142888 0.000781402
129
1
1.88901 9.38967 -0.831963
-0.0223714 -0.0152672 -0.00164249
130
1
1.93415 9.41878 -0.829246
-0.0217526 -0.01553 -0.00321615
131
1
1.97796 9.44912 -0.821269
-0.0225341 -0.016021 -0.00706549
132
1
2.02074 9.47996 -0.80874
-0.0216669 -0.0153891 -0.00911715
133
1
2.06165 9.51077 -0.793658
-0.01951 -0.0138269 -0.00798266
134
1
2.10132 9.54153 -0.77655
-0.0198199 -0.014453 -0.0100111
135
1
2.14084 9.57263 -0.757769
-0.0194217 -0.0159202 -0.011846
136
1
2.17942 9.60439 -0.738055
-0.0169144 -0.0153841 -0.00919328
137
1
2.2156 9.6368 -0.717273
-0.0179578 -0.0159113 -0.00918894
138
1
2.24851 9.6711 -0.695856
-0.0186724 -0.0178848 -0.0113262
139
1
2.27821 9.70695 -0.675032
-0.0141765 -0.0181948 -0.00976117
140
1
2.30449 9.74384 -0.654673
-0.0115241 -0.018262 -0.00748681
141
1
2.3277 9.78153 -0.633207
-0.011241 -0.0194362 -0.0088152
142
1
2.34835 9.82024 -0.608839
-0.00914836 -0.0208986 -0.0130529
143
1
2.36659 9.86 -0.581
-0.00722429 -0.0211722 -0.0140796
144
1
2.38394 9.89922 -0.549046
-0.00743146 -0.0197411 -0.0151332
145
1
2.40046 9.93665 -0.511174
-0.00790368 -0.0194325 -0.0228412
146
1
2.4159 9.9708 -0.468825
-0.00765528 -0.0173276 -0.0263023
147
1
2.43009 10.0019 -0.423279
-0.00620533 -0.014516 -0.023718
148
1
2.44384 10.0313 -0.374603
-0.00621281 -0.0143217 -0.0251247
149
1
2.45764 10.0587 -0.323766
-0.00929649 -0.0150046 -0.0284723
150
1
2.47122 10.084 -0.270637
-0.00906349 -0.0147474 -0.0312393
151
1
2.48253 10.1062 -0.216017
-0.00533044 -0.0120509 -0.0308191
152
1
2.49108 10.1243 -0.161306
-0.0036576 -0.00933247 -0.0293033
153
1
2.49743 10.1376 -0.107217
-0.00353028 -0.00648576 -0.0279953
154
1
2.50067 10.1457 -0.0529138
-0.00155579 -0.00345602 -0.0268588
155
1
2.50129 10.1485 -1.04991e-008
2.07885e-011 1.1425e-010 -0.0264362
156
1
2.50067 10.1457 0.0529138
0.00155579 0.00345602 -0.0268588
157
1
2.49743 10.1376 0.107217
0.00353028 0.00648576 -0.0279953
158
1
2.49108 10.1243 0.161306
0.0036576 0.00933247 -0.0293033
159
1
2.48253 10.1062 0.216017
0.00533044 0.0120509 -0.0308191
160
1
2.47122 10.084 0.270637
0.00906349 0.0147474 -0.0312393
161
1
2.45764 10.0587 0.323766
0.00929649 0.0150046 -0.0284723
162
1
2.44384 10.0313 0.374603
0.00621281 0.0143217 -0.0251247
163
1
2.43009 10.0019 0.423279
0.00620533 0.014516 -0.023718
164
1
2.4159 9.9708 0.468825
0.00765528 0.0173276 -0.0263023
165
1
2.40046 9.93665 0.511174
0.00790368 0.0194325 -0.0228412
166
1
2.38394 9.89922 0.549046
0.00743146 0.0197411 -0.0151332
167
1
2.36659 9.86 0.581
0.00722429 0.0211722 -0.0140796
168
1
2.34835 9.82024 0.608839
0.00914835 0.0208986 -0.0130529
169
1
2.3277 9.78153 0.633207
0.011241 0.0194362 -0.0088152
170
1
2.30449 9.74384 0.654673
0.0115241 0.018262 -0.00748681
171
1
2.27821 9.70695 0.675032
0.0141765 0.0181948 -0.00976117
172
1
2.24851 9.6711 0.695856
0.0186724 0.0178848 -0.0113262
173
1
2.2156 9.6368 0.717273
0.0179578 0.0159113 -0.00918894
174
1
2.17942 9.60439 0.738055
0.0169144 0.0153841 -0.00919328
175
1
2.14084 9.57263 0.757769
0.0194217 0.0159202 -0.011846
176
1
2.10132 9.54153 0.77655
0.0198199 0.014453 -0.0100111
177
1
2.06165 9.51077 0.793658
0.01951 0.0138269 -0.00798265
178
1
2.02074 9.47996 0.80874
0.0216669 0.0153891 -0.00911715
179
1
1.97796 9.44912 0.821269
0.0225341 0.016021 -0.00706549
180
1
1.93415 9.41878 0.829246
0.0217526 0.01553 -0.00321615
181
1
1.88901 9.38967 0.831963
0.0223714 0.0152672 -0.00164249
182
1
1.84215 9.36224 0.829225
0.0235059 0.0142888 0.000781403
183
1
1.79399 9.3371 0.820953
0.0239465 0.012713 0.00523113
184
1
1.74495 9.31474 0.807094
0.0244851 0.0110822 0.00950995
185
1
1.6951 9.29573 0.788414
0.0243665 0.00799855 0.0126978
186
1
1.64443 9.28065 0.766419
0.0233327 0.00411637 0.0134088
187
1
1.59081 9.26959 0.741607
0.0255826 0.00148602 0.0145904
188
1
1.53251 9.26172 0.713634
0.0308653 0.000996596 0.015848
189
1
1.4692 9.25623 0.684728
0.0328231 0.000651653 0.0144644
190
1
1.40003 9.25341 0.657459
0.0347417 -0.00101608 0.012792
191
1
1.325 9.25312 0.634297
0.0391851 -0.00108726 0.0101935
192
1
1.24456 9.25247 0.615769
0.041273 0.000580188 0.00737217
193
1
1.15542 9.24821 0.599011
0.0459696 0.00262539 0.00795623
