194
0
1
0.825304 2.20805 1.84578
0.0296853 -0.0242492 -0.0214526
1
1
0.763778 2.25353 1.88614
0.0332765 -0.0225357 -0.0204995
2
1
0.694411 2.29632 1.92499
0.0368637 -0.0201501 -0.0192302
3
1
0.617796 2.33506 1.96203
0.0404845 -0.0182216 -0.0184252
4
1
0.534646 2.37024 1.99615
0.0428302 -0.0166297 -0.0160847
5
1
0.445853 2.40161 2.02586
0.0450317 -0.0152868 -0.0135845
6
1
0.35227 2.4291 2.04963
0.0473648 -0.0135415 -0.0104006
7
1
0.254603 2.45149 2.06655
0.0494078 -0.0102119 -0.00713903
8
1
0.153864 2.46677 2.07761
0.0507605 -0.00623208 -0.00473817
9
1
0.051454 2.47426 2.08353
0.051425 -0.00216751 -0.00180312
10
1
-0.051454 2.47426 2.08353
0.051425 0.00216751 0.00180312
11
1
-0.153864 2.46677 2.07761
0.0507605 0.00623208 0.00473817
12
1
-0.254603 2.45149 2.06655
0.0494078 0.0102119 0.00713903
13
1
-0.35227 2.4291 2.04963
0.0473648 0.0135415 0.0104006
14
1
-0.445853 2.40161 2.02586
0.0450317 0.0152868 0.0135845
15
1
-0.534646 2.37024 1.99615
0.0428302 0.0166297 0.0160847
16
1
-0.617796 2.33506 1.96203
0.0404845 0.0182216 0.0184252
17
1
-0.694411 2.29632 1.92499
0.0368637 0.0201501 0.0192302
18
1
-0.763778 2.25353 1.88614
0.0332765 0.0225357 0.0204995
19
1
-0.825304 2.20805 1.84578
0.0296853 0.0242492 0.0214526
20
1
-0.879126 2.16152 1.80451
0.0252242 0.024278 0.0212112
21
1
-0.926023 2.11503 1.76238
0.0219305 0.023489 0.0216647
22
1
-0.967082 2.06933 1.72
0.0191055 0.0227229 0.0215021
23
1
-1.00278 2.02436 1.67743
0.0166347 0.0223104 0.0211907
24
1
-1.03293 1.97963 1.63526
0.0137624 0.0221602 0.0209503
25
1
-1.05794 1.9349 1.59386
0.0111384 0.0224352 0.0206501
26
1
-1.07769 1.89039 1.55253
0.00828048 0.0228859 0.0198893
27
1
-1.09159 1.84591 1.5114
0.00545028 0.0231569 0.0191802
28
1
-1.10019 1.80196 1.47036
0.00324942 0.0227985 0.0193186
29
1
-1.10384 1.75944 1.42867
0.00100913 0.0216805 0.0201056
30
1
-1.10233 1.71885 1.38601
-0.00173301 0.0202412 0.0209578
31
1
-1.09586 1.68003 1.3427
-0.00427106 0.0189334 0.0217049
32
1
-1.08564 1.6427 1.2988
-0.00599106 0.0177999 0.0224748
33
1
-1.07287 1.60716 1.2538
-0.00709407 0.0166391 0.0233372
34
1
-1.05784 1.57375 1.20744
-0.00803359 0.0154427 0.0241443
35
1
-1.04046 1.5424 1.16008
-0.00902372 0.0143897 0.0246829
36
1
-1.02083 1.51248 1.11236
-0.0101017 0.0135856 0.0248773
37
1
-0.999489 1.48363 1.06446
-0.0112873 0.012971 0.0247894
38
1
-0.976792 1.45617 1.01623
-0.0125995 0.0124003 0.0245101
39
1
-0.952448 1.43108 0.967465
-0.014009 0.0117111 0.0241138
40
1
-0.925644 1.40931 0.918472
-0.0154353 0.0107508 0.0236577
41
1
-0.895643 1.39132 0.869997
-0.0167564 0.00943132 0.0231846
42
1
-0.862366 1.37691 0.822758
-0.0178691 0.00772687 0.0227517
43
1
-0.826476 1.36566 0.776909
-0.0187096 0.00568381 0.022434
44
1
-0.78909 1.35729 0.731908
-0.019238 0.00343803 0.0222931
45
1
-0.751375 1.35198 0.686863
-0.0194074 0.00116999 0.0223505
46
1
-0.714258 1.35016 0.641085
-0.0191658 -0.000958409 0.0225933
47
1
-0.678398 1.35207 0.594293
-0.0184968 -0.00283221 0.0229924
48
1
-0.644281 1.35752 0.546465
-0.0174316 -0.00437743 0.0235265
49
1
-0.612334 1.36586 0.497577
-0.0160381 -0.00554787 0.0241813
50
1
-0.582968 1.3762 0.447506
-0.0144017 -0.00631649 0.0249343
51
1
-0.556586 1.38766 0.396073
-0.0126095 -0.00667211 0.0257481
52
1
-0.533521 1.39939 0.343148
-0.0107374 -0.00661856 0.0265757
53
1
-0.514001 1.41066 0.288712
-0.00884659 -0.00617819 0.0273694
54
1
-0.498121 1.42084 0.232867
-0.00697897 -0.00539008 0.0280857
55
1
-0.485881 1.42939 0.1758
-0.00516074 -0.00430939 0.0286872
56
1
-0.477219 1.43584 0.117763
-0.0033977 -0.0030008 0.0291419
57
1
-0.472064 1.43986 0.0590537
-0.00168471 -0.00153839 0.0294253
58
1
-0.47035 1.44122 -2.82843e-016
2.42762e-017 -1.36437e-018 0.0295217
59
1
-0.472064 1.43986 -0.0590537
0.00168471 0.00153839 0.0294253
60
1
-0.477219 1.43584 -0.117763
0.0033977 0.0030008 0.0291419
61
1
-0.485881 1.42939 -0.1758
0.00516074 0.00430939 0.0286872
62
1
-0.498121 1.42084 -0.232867
0.00697897 0.00539008 0.0280857
63
1
-0.514001 1.41066 -0.288712
0.00884659 0.00617819 0.0273694
64
1
-0.533521 1.39939 -0.343148
0.0107374 0.00661856 0.0265757
65
1
-0.556586 1.38766 -0.396073
0.0126095 0.00667211 0.0257481
66
1
-0.582968 1.3762 -0.447506
0.0144017 0.00631649 0.0249343
67
1
-0.612334 1.36586 -0.497577
0.0160381 0.00554787 0.0241813
68
1
-0.644281 1.35752 -0.546465
0.0174316 0.00437743 0.0235265
69
1
-0.678398 1.35207 -0.594293
0.0184968 0.00283221 0.0229924
70
1
-0.714258 1.35016 -0.641085
0.0191658 0.000958409 0.0225933
71
1
-0.751375 1.35198 -0.686863
0.0194074 -0.00116999 0.0223505
72
1
-0.78909 1.35729 -0.731908
0.019238 -0.00343803 0.0222931
73
1
-0.826476 1.36566 -0.776909
0.0187096 -0.00568381 0.022434
74
1
-0.862366 1.37691 -0.822758
0.0178691 -0.00772687 0.0227517
75
1
-0.895643 1.39132 -0.869997
0.0167564 -0.00943132 0.0231846
76
1
-0.925644 1.40931 -0.918472
0.0154353 -0.0107508 0.0236577
77
1
-0.952448 1.43108 -0.967465
0.014009 -0.0117111 0.0241138
78
1
-0.976792 1.45617 -1.01623
0.0125995 -0.0124003 0.0245101
79
1
-0.999489 1.48363 -1.06446
0.0112873 -0.012971 0.0247894
80
1
-1.02083 1.51248 -1.11236
0.0101017 -0.0135856 0.0248773
81
1
-1.04046 1.5424 -1.16008
0.00902372 -0.0143897 0.0246829
82
1
-1.05784 1.57375 -1.20744
0.00803359 -0.0154427 0.0241443
83
1
-1.07287 1.60716 -1.2538
0.00709407 -0.0166391 0.0233372
84
1
-1.08564 1.6427 -1.2988
0.00599106 -0.0177999 0.0224748
85
1
-1.09586 1.68003 -1.3427
0.00427106 -0.0189334 0.0217049
86
1
-1.10233 1.71885 -1.38601
0.00173301 -0.0202412 0.0209578
87
1
-1.10384 1.75944 -1.42867
-0.00100913 -0.0216805 0.0201056
88
1
-1.10019 1.80196 -1.47036
-0.00324942 -0.0227985 0.0193186
89
1
-1.09159 1.84591 -1.5114
-0.00545028 -0.0231569 0.0191802
90
1
-1.07769 1.89039 -1.55253
-0.00828048 -0.0228859 0.0198893
91
1
-1.05794 1.9349 -1.59386
-0.0111384 -0.0224352 0.0206501
92
1
-1.03293 1.97963 -1.63526
-0.0137624 -0.0221602 0.0209503
93
1
-1.00278 2.02436 -1.67743
-0.0166347 -0.0223104 0.0211907
94
1
-0.967082 2.06933 -1.72
-0.0191055 -0.0227229 0.0215021
95
1
-0.926023 2.11503 -1.76238
-0.0219305 -0.023489 0.0216647
96
1
-0.879126 2.16152 -1.80451
-0.0252242 -0.024278 0.0212112
97
1
-0.825304 2.20805 -1.84578
-0.0296853 -0.0242492 0.0214526
98
1
-0.763778 2.25353 -1.88614
-0.0332765 -0.0225357 0.0204995
99
1
-0.694411 2.29632 -1.92499
-0.0368637 -0.0201501 0.0192302
100
1
-0.617796 2.33506 -1.96203
-0.0404845 -0.0182216 0.0184252
101
1
-0.534646 2.37024 -1.99615
-0.0428302 -0.0166297 0.0160847
102
1
-0.445853 2.40161 -2.02586
-0.0450317 -0.0152868 0.0135845
103
1
-0.35227 2.4291 -2.04963
-0.0473648 -0.0135415 0.0104006
104
1
-0.254603 2.45149 -2.06655
-0.0494078 -0.0102119 0.00713903
105
1
-0.153864 2.46677 -2.07761
-0.0507605 -0.00623208 0.00473817
106
1
-0.051454 2.47426 -2.08353
-0.051425 -0.00216751 0.00180312
107
1
0.051454 2.47426 -2.08353
-0.051425 0.00216751 -0.00180312
108
1
0.153864 2.46677 -2.07761
-0.0507605 0.00623208 -0.00473817
109
1
0.254603 2.45149 -2.06655
-0.0494078 0.0102119 -0.00713903
110
1
0.35227 2.4291 -2.04963
-0.0473648 0.0135415 -0.0104006
111
1
0.445853 2.40161 -2.02586
-0.0450317 0.0152868 -0.0135845
112
1
0.534646 2.37024 -1.99615
-0.0428302 0.0166297 -0.0160847
113
1
0.617796 2.33506 -1.96203
-0.0404845 0.0182216 -0.0184252
114
1
0.694411 2.29632 -1.92499
-0.0368637 0.0201501 -0.0192302
115
1
0.763778 2.25353 -1.88614
-0.0332765 0.0225357 -0.0204995
116
1
0.825304 2.20805 -1.84578
-0.0296853 0.0242492 -0.0214526
117
1
0.879126 2.16152 -1.80451
-0.0252242 0.024278 -0.0212112
118
1
0.926023 2.11503 -1.76238
-0.0219305 0.023489 -0.0216647
119
1
0.967082 2.06933 -1.72
-0.0191055 0.0227229 -0.0215021
120
1
1.00278 2.02436 -1.67743
-0.0166347 0.0223104 -0.0211907
121
1
1.03293 1.97963 -1.63526
-0.0137624 0.0221602 -0.0209503
122
1
1.05794 1.9349 -1.59386
-0.0111384 0.0224352 -0.0206501
123
1
1.07769 1.89039 -1.55253
-0.00828048 0.0228859 -0.0198893
124
1
1.09159 1.84591 -1.5114
-0.00545028 0.0231569 -0.0191802
125
1
1.10019 1.80196 -1.47036
-0.00324942 0.0227985 -0.0193186
126
1
1.10384 1.75944 -1.42867
-0.00100913 0.0216805 -0.0201056
127
1
1.10233 1.71885 -1.38601
0.00173301 0.0202412 -0.0209578
128
1
1.09586 1.68003 -1.3427
0.00427106 0.0189334 -0.0217049
129
1
1.08564 1.6427 -1.2988
0.00599106 0.0177999 -0.0224748
130
1
1.07287 1.60716 -1.2538
0.00709407 0.0166391 -0.0233372
131
1
1.05784 1.57375 -1.20744
0.00803359 0.0154427 -0.0241443
132
1
1.04046 1.5424 -1.16008
0.00902372 0.0143897 -0.0246829
133
1
1.02083 1.51248 -1.11236
0.0101017 0.0135856 -0.0248773
134
1
0.999489 1.48363 -1.06446
0.0112873 0.012971 -0.0247894
135
1
0.976792 1.45617 -1.01623
0.0125995 0.0124003 -0.0245101
136
1
0.952448 1.43108 -0.967465
0.014009 0.0117111 -0.0241138
137
1
0.925644 1.40931 -0.918472
0.0154353 0.0107508 -0.0236577
138
1
0.895643 1.39132 -0.869997
0.0167564 0.00943132 -0.0231846
139
1
0.862366 1.37691 -0.822758
0.0178691 0.00772687 -0.0227517
140
1
0.826476 1.36566 -0.776909
0.0187096 0.00568381 -0.022434
141
1
0.78909 1.35729 -0.731908
0.019238 0.00343803 -0.0222931
142
1
0.751375 1.35198 -0.686863
0.0194074 0.00116999 -0.0223505
143
1
0.714258 1.35016 -0.641085
0.0191658 -0.000958409 -0.0225933
144
1
0.678398 1.35207 -0.594293
0.0184968 -0.00283221 -0.0229924
145
1
0.644281 1.35752 -0.546465
0.0174316 -0.00437743 -0.0235265
146
1
0.612334 1.36586 -0.497577
0.0160381 -0.00554787 -0.0241813
147
1
0.582968 1.3762 -0.447506
0.0144017 -0.00631649 -0.0249343
148
1
0.556586 1.38766 -0.396073
0.0126095 -0.00667211 -0.0257481
149
1
0.533521 1.39939 -0.343148
0.0107374 -0.00661856 -0.0265757
150
1
0.514001 1.41066 -0.288712
0.00884659 -0.00617819 -0.0273694
151
1
0.498121 1.42084 -0.232867
0.00697897 -0.00539008 -0.0280857
152
1
0.485881 1.42939 -0.1758
0.00516074 -0.00430939 -0.0286872
153
1
0.477219 1.43584 -0.117763
0.0033977 -0.0030008 -0.0291419
154
1
0.472064 1.43986 -0.0590537
0.00168471 -0.00153839 -0.0294253
155
1
0.47035 1.44122 -1.14809e-016
1.19733e-016 -3.60672e-017 -0.0295217
156
1
0.472064 1.43986 0.0590537
-0.00168471 0.00153839 -0.0294253
157
1
0.477219 1.43584 0.117763
-0.0033977 0.0030008 -0.0291419
158
1
0.485881 1.42939 0.1758
-0.00516074 0.00430939 -0.0286872
159
1
0.498121 1.42084 0.232867
-0.00697897 0.00539008 -0.0280857
160
1
0.514001 1.41066 0.288712
-0.00884659 0.00617819 -0.0273694
161
1
0.533521 1.39939 0.343148
-0.0107374 0.00661856 -0.0265757
162
1
0.556586 1.38766 0.396073
-0.0126095 0.00667211 -0.0257481
163
1
0.582968 1.3762 0.447506
-0.0144017 0.00631649 -0.0249343
164
1
0.612334 1.36586 0.497577
-0.0160381 0.00554787 -0.0241813
165
1
0.644281 1.35752 0.546465
-0.0174316 0.00437743 -0.0235265
166
1
0.678398 1.35207 0.594293
-0.0184968 0.00283221 -0.0229924
167
1
0.714258 1.35016 0.641085
-0.0191658 0.000958409 -0.0225933
168
1
0.751375 1.35198 0.686863
-0.0194074 -0.00116999 -0.0223505
169
1
0.78909 1.35729 0.731908
-0.019238 -0.00343803 -0.0222931
170
1
0.826476 1.36566 0.776909
-0.0187096 -0.00568381 -0.022434
171
1
0.862366 1.37691 0.822758
-0.0178691 -0.00772687 -0.0227517
172
1
0.895643 1.39132 0.869997
-0.0167564 -0.00943132 -0.0231846
173
1
0.925644 1.40931 0.918472
-0.0154353 -0.0107508 -0.0236577
174
1
0.952448 1.43108 0.967465
-0.014009 -0.0117111 -0.0241138
175
1
0.976792 1.45617 1.01623
-0.0125995 -0.0124003 -0.0245101
176
1
0.999489 1.48363 1.06446
-0.0112873 -0.012971 -0.0247894
177
1
1.02083 1.51248 1.11236
-0.0101017 -0.0135856 -0.0248773
178
1
1.04046 1.5424 1.16008
-0.00902372 -0.0143897 -0.0246829
179
1
1.05784 1.57375 1.20744
-0.00803359 -0.0154427 -0.0241443
180
1
1.07287 1.60716 1.2538
-0.00709407 -0.0166391 -0.0233372
181
1
1.08564 1.6427 1.2988
-0.00599106 -0.0177999 -0.0224748
182
1
1.09586 1.68003 1.3427
-0.00427106 -0.0189334 -0.0217049
183
1
1.10233 1.71885 1.38601
-0.00173301 -0.0202412 -0.0209578
184
1
1.10384 1.75944 1.42867
0.00100913 -0.0216805 -0.0201056
185
1
1.10019 1.80196 1.47036
0.00324942 -0.0227985 -0.0193186
186
1
1.09159 1.84591 1.5114
0.00545028 -0.0231569 -0.0191802
187
1
1.07769 1.89039 1.55253
0.00828048 -0.0228859 -0.0198893
188
1
1.05794 1.9349 1.59386
0.0111384 -0.0224352 -0.0206501
189
1
1.03293 1.97963 1.63526
0.0137624 -0.0221602 -0.0209503
190
1
1.00278 2.02436 1.67743
0.0166347 -0.0223104 -0.0211907
191
1
0.967082 2.06933 1.72
0.0191055 -0.0227229 -0.0215021
192
1
0.926023 2.11503 1.76238
0.0219305 -0.023489 -0.0216647
193
1
0.879126 2.16152 1.80451
0.0252242 -0.024278 -0.0212112
