194
0
1
1.48917 7.39536 0.777992
0.0383538 0.025629 0.0245923
1
1
1.40978 7.34669 0.729078
0.0386484 0.0268407 0.0270622
2
1
1.32142 7.29495 0.674218
0.0459663 0.028038 0.0300244
3
1
1.2249 7.24203 0.615923
0.0493939 0.0294322 0.0285073
4
1
1.11949 7.18326 0.55514
0.0544166 0.0303025 0.0279203
5
1
1.0045 7.12014 0.485261
0.0605644 0.0307766 0.0381655
6
1
0.880037 7.05963 0.378558
0.0509016 0.0253571 0.0519252
7
1
0.738538 7.00295 0.198958
0.0393731 0.00838426 0.0666726
8
1
0.17424 6.24123 0.0772915
-0.0389168 0.0118834 -0.0120277
9
1
0.047998 9.68008 0.78406
0.000805391 -0.00522033 -0.0777428
10
1
-0.047998 9.68008 0.78406
0.000805391 0.00522033 0.0777428
11
1
-0.17424 6.24123 0.0772912
-0.0389168 -0.0118834 0.0120278
12
1
-0.738538 7.00295 0.198958
0.0393731 -0.00838426 -0.0666726
13
1
-0.880037 7.05963 0.378558
0.0509016 -0.0253571 -0.0519252
14
1
-1.0045 7.12014 0.485261
0.0605644 -0.0307766 -0.0381655
15
1
-1.11949 7.18326 0.55514
0.0544166 -0.0303025 -0.0279203
16
1
-1.2249 7.24203 0.615923
0.0493939 -0.0294322 -0.0285073
17
1
-1.32142 7.29495 0.674218
0.0459663 -0.028038 -0.0300244
18
1
-1.40978 7.34669 0.729078
0.0386484 -0.0268407 -0.0270622
19
1
-1.48917 7.39536 0.777992
0.0383538 -0.025629 -0.0245923
20
1
-1.56275 7.43668 0.82143
0.0348207 -0.0195967 -0.0212006
21
1
-1.63302 7.4708 0.858727
0.0332864 -0.0161452 -0.0166892
22
1
-1.69946 7.49909 0.889735
0.0329993 -0.0139747 -0.0142372
23
1
-1.76462 7.52265 0.917159
0.0312653 -0.00988866 -0.0126677
24
1
-1.82866 7.54046 0.941868
0.0317203 -0.00655035 -0.0115239
25
1
-1.89134 7.55267 0.963328
0.0317781 -0.00462319 -0.00983987
26
1
-1.9529 7.55997 0.98088
0.0292071 -0.00240096 -0.0070873
27
1
-2.01266 7.56301 0.993795
0.0285397 -0.000488801 -0.00473632
28
1
-2.0712 7.563 1.00226
0.0295299 0.000563356 -0.00341559
29
1
-2.12914 7.56063 1.00695
0.0290438 0.00125064 -0.00184489
30
1
-2.18587 7.55614 1.00823
0.0282031 0.00237663 -2.01031e-005
31
1
-2.24137 7.54955 1.0057
0.027834 0.00350419 0.00188424
32
1
-2.29548 7.54058 0.99944
0.0269461 0.00467839 0.00386982
33
1
-2.3476 7.52935 0.990041
0.0262478 0.00625563 0.00539701
34
1
-2.39772 7.51639 0.977537
0.0253442 0.00730764 0.00665389
35
1
-2.44557 7.50227 0.961653
0.0230032 0.00746436 0.00844273
36
1
-2.49077 7.48728 0.942951
0.021343 0.00773628 0.00995149
37
1
-2.53436 7.47168 0.921658
0.021422 0.00814331 0.0110664
38
1
-2.57675 7.45505 0.897495
0.02094 0.00850482 0.0126396
39
1
-2.61714 7.43678 0.870492
0.0193475 0.00891316 0.0143978
40
1
-2.65483 7.41756 0.840953
0.0187609 0.0094263 0.0157272
41
1
-2.68974 7.39787 0.809248
0.0179057 0.00995459 0.016602
42
1
-2.72114 7.37703 0.775551
0.0151343 0.0108654 0.0173873
43
1
-2.74878 7.35482 0.739874
0.0129454 0.0121343 0.0185028
44
1
-2.77285 7.33072 0.702082
0.0116405 0.0129491 0.0197324
45
1
-2.79332 7.30422 0.662054
0.00898351 0.0139475 0.0209212
46
1
-2.80929 7.2757 0.619477
0.00598809 0.0162415 0.0219015
47
1
-2.82045 7.2457 0.574829
0.00403022 0.017844 0.0225939
48
1
-2.82714 7.21538 0.528846
0.00206234 0.0173978 0.0235905
49
1
-2.83006 7.18706 0.481569
-0.000332048 0.0157129 0.0250281
50
1
-2.82996 7.1621 0.432983
-0.00248865 0.0123673 0.025781
51
1
-2.82744 7.14147 0.382983
-0.0036603 0.00882737 0.0262653
52
1
-2.82327 7.12519 0.33136
-0.00411953 0.00642712 0.0269332
53
1
-2.81784 7.1131 0.278184
-0.00463465 0.00452677 0.0274978
54
1
-2.81194 7.1052 0.22384
-0.0048139 0.00257221 0.0279259
55
1
-2.80652 7.10062 0.168737
-0.00373631 0.00075154 0.0284642
56
1
-2.80236 7.09855 0.113071
-0.00183482 -0.000225348 0.0288927
57
1
-2.80013 7.09773 0.0567416
-0.000631087 -0.00042849 0.0288897
58
1
-2.79934 7.09749 1.861e-010
2.65042e-012 -4.79351e-012 0.0287568
59
1
-2.80013 7.09773 -0.0567416
0.000631087 0.00042849 0.0288897
60
1
-2.80236 7.09855 -0.113071
0.00183482 0.000225348 0.0288927
61
1
-2.80652 7.10062 -0.168737
0.00373631 -0.00075154 0.0284642
62
1
-2.81194 7.1052 -0.22384
0.0048139 -0.00257221 0.0279259
63
1
-2.81784 7.1131 -0.278184
0.00463465 -0.00452677 0.0274978
64
1
-2.82327 7.12519 -0.33136
0.00411953 -0.00642712 0.0269332
65
1
-2.82744 7.14147 -0.382983
0.0036603 -0.00882737 0.0262653
66
1
-2.82996 7.1621 -0.432983
0.00248865 -0.0123673 0.025781
67
1
-2.83006 7.18706 -0.481569
0.000332048 -0.0157129 0.0250281
68
1
-2.82714 7.21538 -0.528846
-0.00206234 -0.0173978 0.0235905
69
1
-2.82045 7.2457 -0.574829
-0.00403022 -0.017844 0.0225939
70
1
-2.80929 7.2757 -0.619477
-0.00598809 -0.0162415 0.0219015
71
1
-2.79332 7.30422 -0.662054
-0.00898351 -0.0139475 0.0209212
72
1
-2.77285 7.33072 -0.702082
-0.0116405 -0.0129491 0.0197324
73
1
-2.74878 7.35482 -0.739874
-0.0129454 -0.0121343 0.0185028
74
1
-2.72114 7.37703 -0.775551
-0.0151343 -0.0108654 0.0173873
75
1
-2.68974 7.39787 -0.809248
-0.0179057 -0.00995459 0.016602
76
1
-2.65483 7.41756 -0.840953
-0.0187609 -0.0094263 0.0157272
77
1
-2.61714 7.43678 -0.870492
-0.0193475 -0.00891316 0.0143978
78
1
-2.57675 7.45505 -0.897495
-0.02094 -0.00850482 0.0126396
79
1
-2.53436 7.47168 -0.921658
-0.021422 -0.00814331 0.0110664
80
1
-2.49077 7.48728 -0.942951
-0.021343 -0.00773628 0.00995149
81
1
-2.44557 7.50227 -0.961653
-0.0230032 -0.00746436 0.00844273
82
1
-2.39772 7.51639 -0.977537
-0.0253442 -0.00730764 0.00665389
83
1
-2.3476 7.52935 -0.990041
-0.0262478 -0.00625563 0.00539701
84
1
-2.29548 7.54058 -0.99944
-0.0269461 -0.00467839 0.00386982
85
1
-2.24137 7.54955 -1.0057
-0.027834 -0.00350419 0.00188424
86
1
-2.18587 7.55614 -1.00823
-0.0282031 -0.00237663 -2.01031e-005
87
1
-2.12914 7.56063 -1.00695
-0.0290438 -0.00125064 -0.00184489
88
1
-2.0712 7.563 -1.00226
-0.0295299 -0.000563356 -0.00341559
89
1
-2.01266 7.56301 -0.993795
-0.0285397 0.000488801 -0.00473632
90
1
-1.9529 7.55997 -0.98088
-0.0292071 0.00240096 -0.0070873
91
1
-1.89134 7.55267 -0.963328
-0.0317781 0.00462319 -0.00983987
92
1
-1.82866 7.54046 -0.941868
-0.0317203 0.00655035 -0.0115239
93
1
-1.76462 7.52265 -0.917159
-0.0312653 0.00988866 -0.0126677
94
1
-1.69946 7.49909 -0.889735
-0.0329993 0.0139747 -0.0142372
95
1
-1.63302 7.4708 -0.858727
-0.0332864 0.0161452 -0.0166892
96
1
-1.56275 7.43668 -0.82143
-0.0348207 0.0195967 -0.0212006
97
1
-1.48917 7.39536 -0.777992
-0.0383538 0.025629 -0.0245923
98
1
-1.40978 7.34669 -0.729078
-0.0386484 0.0268407 -0.0270622
99
1
-1.32142 7.29495 -0.674218
-0.0459663 0.028038 -0.0300244
100
1
-1.2249 7.24203 -0.615923
-0.0493939 0.0294322 -0.0285073
101
1
-1.11949 7.18326 -0.55514
-0.0544166 0.0303025 -0.0279203
102
1
-1.0045 7.12014 -0.485261
-0.0605644 0.0307766 -0.0381655
103
1
-0.880037 7.05963 -0.378558
-0.0509016 0.0253571 -0.0519252
104
1
-0.738538 7.00295 -0.198958
-0.0393731 0.00838426 -0.0666726
105
1
-0.17424 6.24123 -0.0772914
0.0389168 0.0118834 0.0120277
106
1
-0.047998 9.68008 -0.78406
-0.000805391 -0.00522033 0.0777428
107
1
0.047998 9.68008 -0.78406
-0.000805391 0.00522033 -0.0777428
108
1
0.17424 6.24123 -0.0772912
0.0389168 -0.0118834 -0.0120278
109
1
0.738538 7.00295 -0.198958
-0.0393731 -0.00838426 0.0666726
110
1
0.880037 7.05963 -0.378558
-0.0509016 -0.0253571 0.0519252
111
1
1.0045 7.12014 -0.485261
-0.0605644 -0.0307766 0.0381655
112
1
1.11949 7.18326 -0.55514
-0.0544166 -0.0303025 0.0279203
113
1
1.2249 7.24203 -0.615923
-0.0493939 -0.0294322 0.0285073
114
1
1.32142 7.29495 -0.674218
-0.0459663 -0.028038 0.0300244
115
1
1.40978 7.34669 -0.729078
-0.0386484 -0.0268407 0.0270622
116
1
1.48917 7.39536 -0.777992
-0.0383538 -0.025629 0.0245923
117
1
1.56275 7.43668 -0.82143
-0.0348207 -0.0195967 0.0212006
118
1
1.63302 7.4708 -0.858727
-0.0332864 -0.0161452 0.0166892
119
1
1.69946 7.49909 -0.889735
-0.0329993 -0.0139747 0.0142372
120
1
1.76462 7.52265 -0.917159
-0.0312653 -0.00988866 0.0126677
121
1
1.82866 7.54046 -0.941868
-0.0317203 -0.00655035 0.0115239
122
1
1.89134 7.55267 -0.963328
-0.0317781 -0.00462319 0.00983987
123
1
1.9529 7.55997 -0.98088
-0.0292071 -0.00240096 0.0070873
124
1
2.01266 7.56301 -0.993795
-0.0285397 -0.000488801 0.00473632
125
1
2.0712 7.563 -1.00226
-0.0295299 0.000563356 0.00341559
126
1
2.12914 7.56063 -1.00695
-0.0290438 0.00125064 0.00184489
127
1
2.18587 7.55614 -1.00823
-0.0282031 0.00237663 2.01031e-005
128
1
2.24137 7.54955 -1.0057
-0.027834 0.00350419 -0.00188424
129
1
2.29548 7.54058 -0.99944
-0.0269461 0.00467839 -0.00386982
130
1
2.3476 7.52935 -0.990041
-0.0262478 0.00625563 -0.00539701
131
1
2.39772 7.51639 -0.977537
-0.0253442 0.00730764 -0.00665389
132
1
2.44557 7.50227 -0.961653
-0.0230032 0.00746436 -0.00844273
133
1
2.49077 7.48728 -0.942951
-0.021343 0.00773628 -0.00995149
134
1
2.53436 7.47168 -0.921658
-0.021422 0.00814331 -0.0110664
135
1
2.57675 7.45505 -0.897495
-0.02094 0.00850482 -0.0126396
136
1
2.61714 7.43678 -0.870492
-0.0193475 0.00891316 -0.0143978
137
1
2.65483 7.41756 -0.840953
-0.0187609 0.0094263 -0.0157272
138
1
2.68974 7.39787 -0.809248
-0.0179057 0.00995459 -0.016602
139
1
2.72114 7.37703 -0.775551
-0.0151343 0.0108654 -0.0173873
140
1
2.74878 7.35482 -0.739874
-0.0129454 0.0121343 -0.0185028
141
1
2.77285 7.33072 -0.702082
-0.0116405 0.0129491 -0.0197324
142
1
2.79332 7.30422 -0.662054
-0.00898351 0.0139475 -0.0209212
143
1
2.80929 7.2757 -0.619477
-0.00598809 0.0162415 -0.0219015
144
1
2.82045 7.2457 -0.574829
-0.00403022 0.017844 -0.0225939
145
1
2.82714 7.21538 -0.528846
-0.00206234 0.0173978 -0.0235905
146
1
2.83006 7.18706 -0.481569
0.000332048 0.0157129 -0.0250281
147
1
2.82996 7.1621 -0.432983
0.00248865 0.0123673 -0.025781
148
1
2.82744 7.14147 -0.382983
0.0036603 0.00882737 -0.0262653
149
1
2.82327 7.12519 -0.33136
0.00411953 0.00642712 -0.0269332
150
1
2.81784 7.1131 -0.278184
0.00463465 0.00452677 -0.0274978
151
1
2.81194 7.1052 -0.22384
0.0048139 0.00257221 -0.0279259
152
1
2.80652 7.10062 -0.168737
0.00373631 0.00075154 -0.0284642
153
1
2.80236 7.09855 -0.113071
0.00183482 -0.000225348 -0.0288927
154
1
2.80013 7.09773 -0.0567416
0.000631087 -0.00042849 -0.0288897
155
1
2.79934 7.09749 -2.42688e-010
-2.84874e-012 -6.91192e-012 -0.0287568
156
1
2.80013 7.09773 0.0567416
-0.000631087 0.00042849 -0.0288897
157
1
2.80236 7.09855 0.113071
-0.00183482 0.000225348 -0.0288927
158
1
2.80652 7.10062 0.168737
-0.00373631 -0.00075154 -0.0284642
159
1
2.81194 7.1052 0.22384
-0.0048139 -0.00257221 -0.0279259
160
1
2.81784 7.1131 0.278184
-0.00463465 -0.00452677 -0.0274978
161
1
2.82327 7.12519 0.33136
-0.00411953 -0.00642712 -0.0269332
162
1
2.82744 7.14147 0.382983
-0.0036603 -0.00882737 -0.0262653
163
1
2.82996 7.1621 0.432983
-0.00248865 -0.0123673 -0.025781
164
1
2.83006 7.18706 0.481569
-0.000332048 -0.0157129 -0.0250281
165
1
2.82714 7.21538 0.528846
0.00206234 -0.0173978 -0.0235905
166
1
2.82045 7.2457 0.574829
0.00403022 -0.017844 -0.0225939
167
1
2.80929 7.2757 0.619477
0.00598809 -0.0162415 -0.0219015
168
1
2.79332 7.30422 0.662054
0.00898351 -0.0139475 -0.0209212
169
1
2.77285 7.33072 0.702082
0.0116405 -0.0129491 -0.0197324
170
1
2.74878 7.35482 0.739874
0.0129454 -0.0121343 -0.0185028
171
1
2.72114 7.37703 0.775551
0.0151343 -0.0108654 -0.0173873
172
1
2.68974 7.39787 0.809248
0.0179057 -0.00995459 -0.016602
173
1
2.65483 7.41756 0.840953
0.0187609 -0.0094263 -0.0157272
174
1
2.61714 7.43678 0.870492
0.0193475 -0.00891316 -0.0143978
175
1
2.57675 7.45505 0.897495
0.02094 -0.00850482 -0.0126396
176
1
2.53436 7.47168 0.921658
0.021422 -0.00814331 -0.0110664
177
1
2.49077 7.48728 0.942951
0.021343 -0.00773628 -0.00995149
178
1
2.44557 7.50227 0.961653
0.0230032 -0.00746436 -0.00844273
179
1
2.39772 7.51639 0.977537
0.0253442 -0.00730764 -0.00665389
180
1
2.3476 7.52935 0.990041
0.0262478 -0.00625563 -0.00539701
181
1
2.29548 7.54058 0.99944
0.0269461 -0.00467839 -0.00386982
182
1
2.24137 7.54955 1.0057
0.027834 -0.00350419 -0.00188424
183
1
2.18587 7.55614 1.00823
0.0282031 -0.00237663 2.01031e-005
184
1
2.12914 7.56063 1.00695
0.0290438 -0.00125064 0.00184489
185
1
2.0712 7.563 1.00226
0.0295299 -0.000563356 0.00341559
186
1
2.01266 7.56301 0.993795
0.0285397 0.000488801 0.00473632
187
1
1.9529 7.55997 0.98088
0.0292071 0.00240096 0.0070873
188
1
1.89134 7.55267 0.963328
0.0317781 0.00462319 0.00983987
189
1
1.82866 7.54046 0.941868
0.0317203 0.00655035 0.0115239
190
1
1.76462 7.52265 0.917159
0.0312653 0.00988866 0.0126677
191
1
1.69946 7.49909 0.889735
0.0329993 0.0139747 0.0142372
192
1
1.63302 7.4708 0.858727
0.0332864 0.0161452 0.0166892
193
1
1.56275 7.43668 0.82143
0.0348207 0.0195967 0.0212006
