194
0
1
0.794485 11.7496 2.38485
0.00620778 0.0154568 -0.0363507
1
1
0.772283 11.7237 2.45816
0.0125231 0.0051813 -0.0263595
2
1
0.721271 11.7061 2.5504
0.0394374 -0.00166776 -0.0602954
3
1
0.652391 11.6871 2.63894
0.0388895 0.0149964 -0.040162
4
1
0.574672 11.6497 2.71009
0.0389946 0.0270449 -0.0297462
5
1
0.503031 11.6149 2.77021
0.0222372 0.00898566 -0.0125619
6
1
0.386155 11.577 2.8762
0.0513001 0.0157347 -0.0551713
7
1
0.185417 11.5454 3.01854
0.0708421 0.00085217 -0.0324426
8
1
0.113414 6.50409 0.0611688
-0.0456421 0.00548087 -0.00633382
9
1
1.6886 12.6714 -0.0344246
-0.0522695 0.033479 0.0164584
10
1
-1.6871 12.7037 0.177738
-0.0538817 -0.0344842 0.00190785
11
1
-0.113077 6.50383 0.0600017
-0.0455227 -0.00542508 0.00639126
12
1
-0.185488 11.5454 3.01855
0.0708481 -0.000864311 0.0324291
13
1
-0.386207 11.577 2.87624
0.0513096 -0.0157452 0.0551594
14
1
-0.503077 11.615 2.77028
0.0222326 -0.00899192 0.0125565
15
1
-0.574702 11.6498 2.71017
0.0389875 -0.0270648 0.0297364
16
1
-0.652412 11.6872 2.63905
0.0388898 -0.0150086 0.0401455
17
1
-0.721283 11.7063 2.55054
0.0394447 0.00166324 0.060271
18
1
-0.772292 11.7238 2.45834
0.012524 -0.00517775 0.0263476
19
1
-0.794496 11.7497 2.38507
0.00620857 -0.0154475 0.0363288
20
1
-0.805059 11.785 2.30375
-0.00427112 -0.024609 0.0467728
21
1
-0.813693 11.823 2.22003
0.00788888 -0.0153877 0.0361591
22
1
-0.829607 11.8655 2.1395
0.016772 -0.0322103 0.0447396
23
1
-0.841915 11.9082 2.06227
-0.00174241 -0.0189763 0.0354289
24
1
-0.843073 11.9409 1.99426
-0.00289884 -0.00618714 0.0225048
25
1
-0.836448 11.9678 1.9381
-0.000704624 -0.00903109 0.0286947
26
1
-0.82814 11.9979 1.88943
-0.000845076 -0.015006 0.0297132
27
1
-0.81869 12.0314 1.84862
-0.00383473 -0.0154312 0.018903
28
1
-0.8052 12.0679 1.81738
-0.0118363 -0.0177933 0.00951793
29
1
-0.786225 12.1083 1.79317
-0.0167059 -0.0238684 0.00563398
30
1
-0.768639 12.1505 1.77432
-0.0096131 -0.0191652 0.00425092
31
1
-0.752756 12.1923 1.76045
-0.00523358 -0.0180397 0.00377847
32
1
-0.740567 12.2357 1.75052
-0.00274652 -0.0231734 0.00329159
33
1
-0.731293 12.2785 1.74355
-0.000397065 -0.0204431 0.00362073
34
1
-0.724496 12.3205 1.73836
-0.000585815 -0.0194872 0.000529289
35
1
-0.716173 12.3637 1.73347
-0.00155948 -0.0237305 -0.00311704
36
1
-0.705496 12.4058 1.72671
-0.00465995 -0.0207164 0.000860128
37
1
-0.690359 12.445 1.71649
-0.0110725 -0.0185228 0.0070848
38
1
-0.670077 12.4823 1.70265
-0.0141122 -0.017728 0.00915014
39
1
-0.647184 12.5159 1.68594
-0.00956825 -0.012571 0.00798269
40
1
-0.623822 12.5455 1.66651
-0.00994514 -0.00993775 0.00927873
41
1
-0.599864 12.5717 1.64398
-0.0134257 -0.00928042 0.0106468
42
1
-0.574954 12.596 1.61751
-0.0123076 -0.00906502 0.0122813
43
1
-0.550833 12.6223 1.58599
-0.0117608 -0.0115703 0.0166426
44
1
-0.530186 12.6529 1.54727
-0.0133888 -0.0184621 0.0238867
45
1
-0.512878 12.6862 1.50009
-0.0080643 -0.0265091 0.0312277
46
1
-0.494931 12.7209 1.44593
-0.00206785 -0.0256844 0.0343972
47
1
-0.472395 12.7503 1.38888
-0.00529935 -0.0121804 0.0342031
48
1
-0.443814 12.7727 1.33192
-0.0214921 0.00154851 0.038922
49
1
-0.411037 12.7892 1.27896
-0.0526549 -0.0121975 0.0269214
50
1
-0.365242 12.8162 1.22783
-0.0194681 -0.0410786 0.038456
51
1
-0.32357 12.8436 1.16145
-0.00498529 -0.0106191 0.0505114
52
1
-0.300173 12.8873 1.11371
-0.0252719 -0.00810712 -0.0021583
53
1
-0.284699 12.9329 1.02096
0.0260825 -0.047717 0.055809
54
1
-0.264857 12.9824 0.95401
-0.00098466 -0.00788838 0.0391207
55
1
-0.328506 13.0663 0.912399
0.0125607 -0.00705755 -0.0123616
56
1
-0.0521956 13.7559 1.16118
-0.0232358 -0.00424987 0.0273456
57
1
-0.0323289 13.8457 0.0870274
0.0178524 0.0267173 0.00518375
58
1
-0.0691387 14.8355 0.00537549
0.00726931 0.00154967 0.077467
59
1
-0.03396 13.8448 -0.0871242
-0.0175637 -0.0270074 0.00518115
60
1
-0.112091 13.7307 -1.23763
-0.0325098 -0.0217113 0.0304497
61
1
-0.302887 13.0851 -0.904058
-0.0154593 0.00494246 -0.00973212
62
1
-0.244725 12.9957 -0.947513
0.00744889 0.0111894 0.0377507
63
1
-0.269149 12.952 -1.01535
-0.0182801 0.0489634 0.0577951
64
1
-0.290297 12.9043 -1.1114
0.0235475 0.00580446 -0.00178912
65
1
-0.31497 12.86 -1.15832
0.00358979 0.0157879 0.0482642
66
1
-0.359808 12.8315 -1.22423
0.0251196 0.0437631 0.0332986
67
1
-0.407365 12.8025 -1.27402
0.0553006 0.0116427 0.0291973
68
1
-0.442149 12.7841 -1.32734
0.0212153 0.000341077 0.0397012
69
1
-0.471887 12.7602 -1.38411
0.00581122 0.0132168 0.033793
70
1
-0.495527 12.7302 -1.44053
0.00272791 0.0250727 0.0335359
71
1
-0.514284 12.6949 -1.49418
0.00841756 0.0258488 0.030707
72
1
-0.532017 12.6609 -1.54113
0.013486 0.0185932 0.0238626
73
1
-0.552835 12.63 -1.57976
0.0117961 0.0119744 0.0166917
74
1
-0.577001 12.6032 -1.6112
0.0123228 0.00952636 0.0122923
75
1
-0.601914 12.5784 -1.63765
0.0133712 0.00973545 0.0105816
76
1
-0.625873 12.5516 -1.66023
0.00991972 0.0102968 0.00925226
77
1
-0.649178 12.5215 -1.68001
0.0095336 0.0129121 0.00802142
78
1
-0.67193 12.4872 -1.69712
0.0138786 0.0180514 0.00923614
79
1
-0.692004 12.4491 -1.7114
0.0108793 0.0188491 0.00736512
80
1
-0.706903 12.4091 -1.7221
0.00462508 0.0211288 0.00130864
81
1
-0.717278 12.3663 -1.72934
0.00152455 0.0241409 -0.00258769
82
1
-0.725281 12.3225 -1.73476
0.000461212 0.0198386 0.000930299
83
1
-0.731781 12.28 -1.74053
0.000209627 0.0207964 0.00394196
84
1
-0.740745 12.2367 -1.74807
0.00258705 0.0234483 0.0035725
85
1
-0.75267 12.193 -1.7585
0.00514962 0.0181966 0.00396073
86
1
-0.768385 12.1509 -1.77275
0.00956933 0.0192772 0.00441364
87
1
-0.785907 12.1085 -1.79189
0.0166884 0.0239656 0.00578991
88
1
-0.804874 12.0679 -1.81636
0.0118548 0.0178553 0.00958907
89
1
-0.818387 12.0313 -1.84777
0.00389251 0.0154628 0.0189357
90
1
-0.827844 11.9978 -1.88874
0.000938969 0.014998 0.0297435
91
1
-0.836183 11.9677 -1.93756
0.000786049 0.0090121 0.0287317
92
1
-0.842884 11.9408 -1.99381
0.0029451 0.00617805 0.0225428
93
1
-0.841807 11.9082 -2.06187
0.00178705 0.0189616 0.0354692
94
1
-0.82956 11.8655 -2.13916
-0.0167472 0.0322074 0.0447531
95
1
-0.813673 11.8229 -2.21972
-0.00788543 0.015397 0.0361708
96
1
-0.805048 11.7849 -2.30349
0.00427076 0.02462 0.0468019
97
1
-0.794485 11.7496 -2.38485
-0.00620778 0.0154568 0.0363507
98
1
-0.772282 11.7237 -2.45816
-0.0125231 0.0051813 0.0263595
99
1
-0.721271 11.7061 -2.5504
-0.0394374 -0.00166776 0.0602954
100
1
-0.652391 11.6871 -2.63894
-0.0388895 0.0149964 0.040162
101
1
-0.574672 11.6497 -2.71009
-0.0389946 0.0270449 0.0297462
102
1
-0.503031 11.6149 -2.77021
-0.0222372 0.00898566 0.0125619
103
1
-0.386155 11.577 -2.8762
-0.0513001 0.0157347 0.0551713
104
1
-0.185417 11.5454 -3.01854
-0.0708421 0.00085217 0.0324426
105
1
-0.113414 6.50408 -0.0611675
0.0456418 0.00548186 0.00633274
106
1
-1.68859 12.6714 0.0342316
0.0522729 0.0334817 -0.0164371
107
1
1.68707 12.7038 -0.177925
0.0538821 -0.0344807 -0.00192909
108
1
0.113077 6.50382 -0.0600003
0.0455224 -0.0054261 -0.00639021
109
1
0.185488 11.5454 -3.01855
-0.0708481 -0.000864315 -0.0324291
110
1
0.386207 11.577 -2.87624
-0.0513096 -0.0157452 -0.0551594
111
1
0.503077 11.615 -2.77028
-0.0222326 -0.00899192 -0.0125565
112
1
0.574702 11.6498 -2.71017
-0.0389875 -0.0270648 -0.0297364
113
1
0.652412 11.6872 -2.63905
-0.0388898 -0.0150086 -0.0401455
114
1
0.721283 11.7063 -2.55054
-0.0394447 0.00166323 -0.060271
115
1
0.772292 11.7238 -2.45834
-0.012524 -0.00517776 -0.0263476
116
1
0.794496 11.7497 -2.38507
-0.00620857 -0.0154475 -0.0363288
117
1
0.805059 11.785 -2.30375
0.00427113 -0.024609 -0.0467728
118
1
0.813692 11.823 -2.22003
-0.00788887 -0.0153877 -0.0361591
119
1
0.829607 11.8655 -2.1395
-0.016772 -0.0322103 -0.0447396
120
1
0.841915 11.9082 -2.06227
0.00174244 -0.0189763 -0.0354289
121
1
0.843072 11.9409 -1.99426
0.00289887 -0.00618713 -0.0225049
122
1
0.836448 11.9678 -1.9381
0.000704659 -0.00903109 -0.0286947
123
1
0.82814 11.9979 -1.88943
0.000845115 -0.015006 -0.0297132
124
1
0.81869 12.0314 -1.84862
0.00383476 -0.0154312 -0.0189031
125
1
0.805199 12.0679 -1.81738
0.0118363 -0.0177933 -0.00951795
126
1
0.786224 12.1083 -1.79317
0.0167059 -0.0238684 -0.00563401
127
1
0.768639 12.1505 -1.77432
0.0096131 -0.0191652 -0.00425094
128
1
0.752755 12.1923 -1.76045
0.00523359 -0.0180398 -0.0037785
129
1
0.740566 12.2357 -1.75052
0.00274653 -0.0231735 -0.00329165
130
1
0.731292 12.2785 -1.74355
0.000397086 -0.0204432 -0.0036208
131
1
0.724496 12.3205 -1.73836
0.000585847 -0.0194872 -0.000529358
132
1
0.716172 12.3637 -1.73347
0.00155951 -0.0237305 0.00311697
133
1
0.705496 12.4058 -1.72671
0.00465997 -0.0207164 -0.000860202
134
1
0.690358 12.445 -1.71649
0.0110726 -0.0185227 -0.00708489
135
1
0.670076 12.4823 -1.70264
0.0141122 -0.0177279 -0.00915022
136
1
0.647183 12.5159 -1.68594
0.00956822 -0.0125709 -0.00798274
137
1
0.623821 12.5455 -1.66651
0.00994511 -0.00993767 -0.00927879
138
1
0.599863 12.5717 -1.64398
0.0134256 -0.00928031 -0.0106469
139
1
0.574954 12.596 -1.61751
0.0123075 -0.0090649 -0.0122814
140
1
0.550833 12.6223 -1.58599
0.0117606 -0.0115701 -0.0166427
141
1
0.530186 12.6529 -1.54727
0.0133885 -0.018462 -0.0238868
142
1
0.512879 12.6862 -1.50009
0.00806395 -0.026509 -0.0312278
143
1
0.494932 12.7209 -1.44593
0.00206748 -0.0256844 -0.0343973
144
1
0.472397 12.7503 -1.38888
0.00529897 -0.0121805 -0.034203
145
1
0.443817 12.7727 -1.33192
0.0214915 0.00154821 -0.0389221
146
1
0.41104 12.7892 -1.27896
0.0526544 -0.0121975 -0.0269219
147
1
0.365246 12.8162 -1.22782
0.0194682 -0.0410791 -0.0384558
148
1
0.323575 12.8436 -1.16145
0.00498459 -0.0106198 -0.050511
149
1
0.300178 12.8873 -1.1137
0.0252711 -0.00810691 0.00215821
150
1
0.284706 12.9329 -1.02096
-0.0260825 -0.0477173 -0.0558087
151
1
0.264864 12.9824 -0.954007
0.000985575 -0.00788949 -0.0391204
152
1
0.328513 13.0663 -0.9124
-0.0125614 -0.00705649 0.0123622
153
1
0.0522016 13.7559 -1.16121
0.0232352 -0.00425161 -0.0273458
154
1
0.0323292 13.8457 -0.0870297
-0.0178523 0.0267175 -0.00518366
155
1
0.0691391 14.8355 -0.0053695
-0.00726937 0.00155062 -0.077467
156
1
0.0339605 13.8448 0.087122
0.0175637 -0.0270073 -0.00518124
157
1
0.112093 13.7307 1.23761
0.0325114 -0.0217144 -0.0304489
158
1
0.302871 13.0851 0.904058
0.0154594 0.00494353 0.00973066
159
1
0.244711 12.9957 0.947519
-0.00744944 0.0111878 -0.0377501
160
1
0.269136 12.952 1.01536
0.0182788 0.0489625 -0.0577962
161
1
0.290287 12.9043 1.11141
-0.023548 0.00580441 0.00178914
162
1
0.314961 12.86 1.15832
-0.00359069 0.0157874 -0.0482639
163
1
0.359801 12.8315 1.22424
-0.0251207 0.0437622 -0.033298
164
1
0.407359 12.8025 1.27403
-0.0553017 0.0116425 -0.0291967
165
1
0.442144 12.7841 1.32734
-0.0212161 0.000341085 -0.0397008
166
1
0.471884 12.7602 1.38412
-0.00581183 0.0132169 -0.0337927
167
1
0.495525 12.7302 1.44053
-0.00272853 0.0250726 -0.0335355
168
1
0.514282 12.6949 1.49418
-0.00841808 0.0258489 -0.0307067
169
1
0.532016 12.6609 1.54114
-0.0134863 0.0185934 -0.0238624
170
1
0.552835 12.63 1.57976
-0.0117963 0.0119746 -0.0166916
171
1
0.577001 12.6032 1.6112
-0.0123229 0.00952655 -0.0122922
172
1
0.601915 12.5784 1.63765
-0.0133713 0.00973563 -0.0105815
173
1
0.625874 12.5516 1.66024
-0.00991976 0.0102969 -0.00925217
174
1
0.649179 12.5215 1.68001
-0.00953364 0.0129122 -0.00802135
175
1
0.671931 12.4872 1.69712
-0.0138786 0.0180515 -0.00923604
176
1
0.692005 12.4491 1.7114
-0.0108793 0.0188492 -0.00736503
177
1
0.706904 12.4091 1.7221
-0.00462506 0.0211289 -0.00130858
178
1
0.717279 12.3663 1.72934
-0.00152452 0.0241409 0.00258776
179
1
0.725281 12.3225 1.73477
-0.000461172 0.0198386 -0.000930238
180
1
0.731781 12.28 1.74053
-0.000209595 0.0207964 -0.00394189
181
1
0.740745 12.2367 1.74807
-0.00258703 0.0234483 -0.00357244
182
1
0.75267 12.193 1.7585
-0.00514962 0.0181966 -0.00396069
183
1
0.768386 12.1509 1.77275
-0.00956933 0.0192772 -0.00441361
184
1
0.785907 12.1085 1.79189
-0.0166884 0.0239656 -0.00578988
185
1
0.804874 12.0679 1.81636
-0.0118548 0.0178553 -0.00958904
186
1
0.818387 12.0313 1.84777
-0.00389249 0.0154628 -0.0189356
187
1
0.827845 11.9978 1.88874
-0.000938934 0.014998 -0.0297434
188
1
0.836183 11.9677 1.93756
-0.000786017 0.0090121 -0.0287317
189
1
0.842884 11.9408 1.99381
-0.00294507 0.00617806 -0.0225428
190
1
0.841807 11.9082 2.06187
-0.00178701 0.0189617 -0.0354692
191
1
0.829561 11.8655 2.13916
0.0167472 0.0322074 -0.044753
192
1
0.813673 11.8229 2.21972
0.00788544 0.015397 -0.0361708
193
1
0.805048 11.7849 2.30349
-0.00427075 0.02462 -0.0468019
