194
0
1
1.13196 8.96797 0.618878
0.0564614 0.0124913 0.00561103
1
1
1.02246 8.94268 0.603983
0.0554658 0.0140335 0.00927102
2
1
0.90786 8.90878 0.582598
0.0588957 0.0191008 0.0129358
3
1
0.790963 8.86666 0.553122
0.0587733 0.0235695 0.0173656
4
1
0.668927 8.81782 0.511976
0.0595525 0.0252013 0.0257547
5
1
0.539724 8.7626 0.454757
0.0650775 0.0272956 0.031411
6
1
0.400676 8.70263 0.362673
0.0573463 0.0229753 0.0433032
7
1
0.237271 8.62018 0.209821
0.041997 0.0333945 0.0565058
8
1
0.170891 6.47992 0.0615521
-0.0458894 0.0132037 -0.00929407
9
1
0.0489988 12.2824 0.272771
0.00106669 -0.0294698 -0.0710376
10
1
-0.0489988 12.2824 0.272771
0.00106669 0.0294698 0.0710376
11
1
-0.170891 6.47992 0.0615445
-0.0458887 -0.0132035 0.00929447
12
1
-0.237271 8.62018 0.209821
0.041997 -0.0333945 -0.0565058
13
1
-0.400676 8.70263 0.362673
0.0573463 -0.0229753 -0.0433032
14
1
-0.539724 8.7626 0.454757
0.0650775 -0.0272956 -0.031411
15
1
-0.668927 8.81782 0.511976
0.0595525 -0.0252013 -0.0257547
16
1
-0.790963 8.86666 0.553122
0.0587733 -0.0235695 -0.0173656
17
1
-0.90786 8.90878 0.582598
0.0588957 -0.0191008 -0.0129358
18
1
-1.02246 8.94268 0.603983
0.0554658 -0.0140335 -0.00927102
19
1
-1.13196 8.96797 0.618878
0.0564614 -0.0124913 -0.00561103
20
1
-1.23364 8.98699 0.62831
0.0482792 -0.0081782 -0.00249225
21
1
-1.3281 9.00161 0.633262
0.0446462 -0.00654388 -0.000284351
22
1
-1.41547 9.0119 0.634221
0.0435058 -0.00290861 0.000889262
23
1
-1.49948 9.01692 0.632551
0.0395733 0.000523726 0.00111706
24
1
-1.57981 9.01773 0.629655
0.0386152 0.00103578 0.00107374
25
1
-1.65605 9.01665 0.626396
0.0380883 0.00165142 0.00184104
26
1
-1.72824 9.0159 0.623441
0.0331705 0.00179843 0.00211508
27
1
-1.79559 9.01745 0.622018
0.0307595 0.000908342 0.000873642
28
1
-1.85943 9.02179 0.623063
0.0316636 -0.000586201 -0.00138027
29
1
-1.92135 9.02936 0.625979
0.0309819 -0.00292387 -0.00302098
30
1
-1.98072 9.04094 0.629995
0.0291477 -0.00567735 -0.00392878
31
1
-2.03729 9.05692 0.634557
0.0274664 -0.00857598 -0.00404015
32
1
-2.09069 9.0772 0.639474
0.0255829 -0.0108153 -0.00436012
33
1
-2.14052 9.10135 0.644
0.0241722 -0.0128112 -0.00423012
34
1
-2.18717 9.12916 0.647044
0.022773 -0.0157489 -0.00175622
35
1
-2.23091 9.16005 0.647804
0.0203354 -0.0173157 0.000549324
36
1
-2.27175 9.19294 0.646331
0.0182469 -0.01665 0.00100146
37
1
-2.31081 9.22741 0.641466
0.0181005 -0.0179402 0.00351969
38
1
-2.34933 9.26313 0.632529
0.0180164 -0.0193718 0.00611233
39
1
-2.38727 9.29951 0.62043
0.0168004 -0.0177266 0.00557254
40
1
-2.42448 9.33566 0.605394
0.0181634 -0.0173897 0.00802757
41
1
-2.46205 9.37133 0.588159
0.0203546 -0.0183482 0.0122335
42
1
-2.50085 9.40522 0.569837
0.0189256 -0.0166335 0.0106219
43
1
-2.54047 9.43703 0.550849
0.0187887 -0.0149478 0.00817491
44
1
-2.58039 9.46765 0.530549
0.0213225 -0.01502 0.00970442
45
1
-2.62022 9.49861 0.508331
0.0214262 -0.0159276 0.011982
46
1
-2.65895 9.53104 0.484898
0.0198988 -0.0169138 0.0108388
47
1
-2.69624 9.5645 0.46021
0.0195081 -0.0174473 0.0103951
48
1
-2.73045 9.59875 0.432925
0.017983 -0.0194828 0.0138384
49
1
-2.76022 9.6322 0.403596
0.0151398 -0.01944 0.0152118
50
1
-2.78573 9.66368 0.371823
0.0119572 -0.0165927 0.0142359
51
1
-2.80814 9.69249 0.33639
0.0102229 -0.0144279 0.0174019
52
1
-2.8282 9.71738 0.296364
0.0105337 -0.0121959 0.0234946
53
1
-2.84608 9.73825 0.251406
0.00908533 -0.0101249 0.0283559
54
1
-2.86093 9.75459 0.202925
0.00600684 -0.00775528 0.0285046
55
1
-2.87255 9.76658 0.152898
0.0045728 -0.00491529 0.0274089
56
1
-2.88144 9.7745 0.10239
0.00414065 -0.00185105 0.0268354
57
1
-2.88641 9.7784 0.0509131
0.00181753 -0.000481933 0.0260843
58
1
-2.88767 9.77976 7.93592e-010
-1.37715e-012 9.36275e-011 0.0257695
59
1
-2.88641 9.7784 -0.0509131
-0.00181753 0.000481933 0.0260843
60
1
-2.88144 9.7745 -0.10239
-0.00414065 0.00185105 0.0268354
61
1
-2.87255 9.76658 -0.152898
-0.0045728 0.00491529 0.0274089
62
1
-2.86093 9.75459 -0.202925
-0.00600684 0.00775528 0.0285046
63
1
-2.84608 9.73825 -0.251406
-0.00908533 0.0101249 0.0283559
64
1
-2.8282 9.71738 -0.296364
-0.0105337 0.0121959 0.0234946
65
1
-2.80814 9.69249 -0.33639
-0.0102229 0.0144279 0.0174019
66
1
-2.78573 9.66368 -0.371823
-0.0119572 0.0165927 0.0142359
67
1
-2.76022 9.6322 -0.403596
-0.0151398 0.01944 0.0152118
68
1
-2.73045 9.59875 -0.432925
-0.017983 0.0194828 0.0138384
69
1
-2.69624 9.5645 -0.46021
-0.0195081 0.0174473 0.0103951
70
1
-2.65895 9.53104 -0.484898
-0.0198988 0.0169138 0.0108388
71
1
-2.62022 9.49861 -0.508331
-0.0214262 0.0159276 0.011982
72
1
-2.58039 9.46765 -0.530549
-0.0213225 0.01502 0.00970442
73
1
-2.54047 9.43703 -0.550849
-0.0187887 0.0149478 0.00817491
74
1
-2.50085 9.40522 -0.569837
-0.0189256 0.0166335 0.0106219
75
1
-2.46205 9.37133 -0.588159
-0.0203546 0.0183482 0.0122335
76
1
-2.42448 9.33566 -0.605394
-0.0181634 0.0173897 0.00802757
77
1
-2.38727 9.29951 -0.62043
-0.0168004 0.0177266 0.00557254
78
1
-2.34933 9.26313 -0.632529
-0.0180164 0.0193718 0.00611233
79
1
-2.31081 9.22741 -0.641466
-0.0181005 0.0179402 0.00351969
80
1
-2.27175 9.19294 -0.646331
-0.0182469 0.01665 0.00100146
81
1
-2.23091 9.16005 -0.647804
-0.0203354 0.0173157 0.000549324
82
1
-2.18717 9.12916 -0.647044
-0.022773 0.0157489 -0.00175622
83
1
-2.14052 9.10135 -0.644
-0.0241722 0.0128112 -0.00423012
84
1
-2.09069 9.0772 -0.639474
-0.0255829 0.0108153 -0.00436012
85
1
-2.03729 9.05692 -0.634557
-0.0274664 0.00857598 -0.00404015
86
1
-1.98072 9.04094 -0.629995
-0.0291477 0.00567735 -0.00392878
87
1
-1.92135 9.02936 -0.625979
-0.0309819 0.00292387 -0.00302098
88
1
-1.85943 9.02179 -0.623063
-0.0316636 0.000586201 -0.00138027
89
1
-1.79559 9.01745 -0.622018
-0.0307595 -0.000908342 0.000873642
90
1
-1.72824 9.0159 -0.623441
-0.0331705 -0.00179843 0.00211508
91
1
-1.65605 9.01665 -0.626396
-0.0380883 -0.00165142 0.00184104
92
1
-1.57981 9.01773 -0.629655
-0.0386152 -0.00103578 0.00107374
93
1
-1.49948 9.01692 -0.632551
-0.0395733 -0.000523726 0.00111706
94
1
-1.41547 9.0119 -0.634221
-0.0435058 0.00290861 0.000889263
95
1
-1.3281 9.00161 -0.633262
-0.0446462 0.00654388 -0.00028435
96
1
-1.23364 8.98699 -0.62831
-0.0482792 0.0081782 -0.00249225
97
1
-1.13196 8.96797 -0.618878
-0.0564614 0.0124913 -0.00561103
98
1
-1.02246 8.94268 -0.603983
-0.0554658 0.0140335 -0.00927102
99
1
-0.90786 8.90878 -0.582598
-0.0588957 0.0191008 -0.0129358
100
1
-0.790963 8.86666 -0.553122
-0.0587733 0.0235695 -0.0173656
101
1
-0.668927 8.81782 -0.511976
-0.0595525 0.0252013 -0.0257547
102
1
-0.539724 8.7626 -0.454757
-0.0650775 0.0272956 -0.031411
103
1
-0.400676 8.70263 -0.362673
-0.0573463 0.0229753 -0.0433032
104
1
-0.237271 8.62018 -0.209821
-0.041997 0.0333945 -0.0565058
105
1
-0.170891 6.47992 -0.0615508
0.0458893 0.0132037 0.0092942
106
1
-0.0489988 12.2824 -0.272771
-0.00106669 -0.0294698 0.0710376
107
1
0.0489988 12.2824 -0.272771
-0.00106669 0.0294698 -0.0710376
108
1
0.17089 6.47992 -0.0615432
0.0458887 -0.0132035 -0.0092946
109
1
0.237271 8.62018 -0.209821
-0.041997 -0.0333945 0.0565058
110
1
0.400676 8.70263 -0.362673
-0.0573463 -0.0229753 0.0433032
111
1
0.539724 8.7626 -0.454757
-0.0650775 -0.0272956 0.031411
112
1
0.668927 8.81782 -0.511976
-0.0595525 -0.0252013 0.0257547
113
1
0.790963 8.86666 -0.553122
-0.0587733 -0.0235695 0.0173656
114
1
0.90786 8.90878 -0.582598
-0.0588957 -0.0191008 0.0129358
115
1
1.02246 8.94268 -0.603983
-0.0554658 -0.0140335 0.00927102
116
1
1.13196 8.96797 -0.618878
-0.0564614 -0.0124913 0.00561103
117
1
1.23364 8.98699 -0.62831
-0.0482792 -0.0081782 0.00249225
118
1
1.3281 9.00161 -0.633262
-0.0446462 -0.00654388 0.000284351
119
1
1.41547 9.0119 -0.634221
-0.0435058 -0.00290861 -0.000889262
120
1
1.49948 9.01692 -0.632551
-0.0395733 0.000523726 -0.00111706
121
1
1.57981 9.01773 -0.629655
-0.0386152 0.00103578 -0.00107374
122
1
1.65605 9.01665 -0.626396
-0.0380883 0.00165142 -0.00184104
123
1
1.72824 9.0159 -0.623441
-0.0331705 0.00179843 -0.00211508
124
1
1.79559 9.01745 -0.622018
-0.0307595 0.000908342 -0.000873642
125
1
1.85943 9.02179 -0.623063
-0.0316636 -0.000586201 0.00138027
126
1
1.92135 9.02936 -0.625979
-0.0309819 -0.00292387 0.00302098
127
1
1.98072 9.04094 -0.629995
-0.0291477 -0.00567735 0.00392878
128
1
2.03729 9.05692 -0.634557
-0.0274664 -0.00857598 0.00404015
129
1
2.09069 9.0772 -0.639474
-0.0255829 -0.0108153 0.00436012
130
1
2.14052 9.10135 -0.644
-0.0241722 -0.0128112 0.00423012
131
1
2.18717 9.12916 -0.647044
-0.022773 -0.0157489 0.00175622
132
1
2.23091 9.16005 -0.647804
-0.0203354 -0.0173157 -0.000549324
133
1
2.27175 9.19294 -0.646331
-0.0182469 -0.01665 -0.00100146
134
1
2.31081 9.22741 -0.641466
-0.0181005 -0.0179402 -0.00351969
135
1
2.34933 9.26313 -0.632529
-0.0180164 -0.0193718 -0.00611233
136
1
2.38727 9.29951 -0.62043
-0.0168004 -0.0177266 -0.00557254
137
1
2.42448 9.33566 -0.605394
-0.0181634 -0.0173897 -0.00802757
138
1
2.46205 9.37133 -0.588159
-0.0203546 -0.0183482 -0.0122335
139
1
2.50085 9.40522 -0.569837
-0.0189256 -0.0166335 -0.0106219
140
1
2.54047 9.43703 -0.550849
-0.0187887 -0.0149478 -0.00817491
141
1
2.58039 9.46765 -0.530549
-0.0213225 -0.01502 -0.00970442
142
1
2.62022 9.49861 -0.508331
-0.0214262 -0.0159276 -0.011982
143
1
2.65895 9.53104 -0.484898
-0.0198988 -0.0169138 -0.0108388
144
1
2.69624 9.5645 -0.46021
-0.0195081 -0.0174473 -0.0103951
145
1
2.73045 9.59875 -0.432925
-0.017983 -0.0194828 -0.0138384
146
1
2.76022 9.6322 -0.403596
-0.0151398 -0.01944 -0.0152118
147
1
2.78573 9.66368 -0.371823
-0.0119572 -0.0165927 -0.0142359
148
1
2.80814 9.69249 -0.33639
-0.0102229 -0.0144279 -0.0174019
149
1
2.8282 9.71738 -0.296364
-0.0105337 -0.0121959 -0.0234946
150
1
2.84608 9.73825 -0.251406
-0.00908533 -0.0101249 -0.0283559
151
1
2.86093 9.75459 -0.202925
-0.00600684 -0.00775528 -0.0285046
152
1
2.87255 9.76658 -0.152898
-0.0045728 -0.00491529 -0.0274089
153
1
2.88144 9.7745 -0.10239
-0.00414065 -0.00185105 -0.0268354
154
1
2.88641 9.7784 -0.0509131
-0.00181753 -0.000481933 -0.0260843
155
1
2.88767 9.77976 -1.39057e-009
1.23584e-012 8.57095e-011 -0.0257695
156
1
2.88641 9.7784 0.0509131
0.00181753 0.000481933 -0.0260843
157
1
2.88144 9.7745 0.10239
0.00414065 0.00185105 -0.0268354
158
1
2.87255 9.76658 0.152898
0.0045728 0.00491529 -0.0274089
159
1
2.86093 9.75459 0.202925
0.00600684 0.00775528 -0.0285046
160
1
2.84608 9.73825 0.251406
0.00908533 0.0101249 -0.0283559
161
1
2.8282 9.71738 0.296364
0.0105337 0.0121959 -0.0234946
162
1
2.80814 9.69249 0.33639
0.0102229 0.0144279 -0.0174019
163
1
2.78573 9.66368 0.371823
0.0119572 0.0165927 -0.0142359
164
1
2.76022 9.6322 0.403596
0.0151398 0.01944 -0.0152118
165
1
2.73045 9.59875 0.432925
0.017983 0.0194828 -0.0138384
166
1
2.69624 9.5645 0.46021
0.0195081 0.0174473 -0.0103951
167
1
2.65895 9.53104 0.484898
0.0198988 0.0169138 -0.0108388
168
1
2.62022 9.49861 0.508331
0.0214262 0.0159276 -0.011982
169
1
2.58039 9.46765 0.530549
0.0213225 0.01502 -0.00970442
170
1
2.54047 9.43703 0.550849
0.0187887 0.0149478 -0.00817491
171
1
2.50085 9.40522 0.569837
0.0189256 0.0166335 -0.0106219
172
1
2.46205 9.37133 0.588159
0.0203546 0.0183482 -0.0122335
173
1
2.42448 9.33566 0.605394
0.0181634 0.0173897 -0.00802757
174
1
2.38727 9.29951 0.62043
0.0168004 0.0177266 -0.00557254
175
1
2.34933 9.26313 0.632529
0.0180164 0.0193718 -0.00611233
176
1
2.31081 9.22741 0.641466
0.0181005 0.0179402 -0.00351969
177
1
2.27175 9.19294 0.646331
0.0182469 0.01665 -0.00100146
178
1
2.23091 9.16005 0.647804
0.0203354 0.0173157 -0.000549324
179
1
2.18717 9.12916 0.647044
0.022773 0.0157489 0.00175622
180
1
2.14052 9.10135 0.644
0.0241722 0.0128112 0.00423012
181
1
2.09069 9.0772 0.639474
0.0255829 0.0108153 0.00436012
182
1
2.03729 9.05692 0.634557
0.0274664 0.00857598 0.00404015
183
1
1.98072 9.04094 0.629995
0.0291477 0.00567735 0.00392878
184
1
1.92135 9.02936 0.625979
0.0309819 0.00292387 0.00302098
185
1
1.85943 9.02179 0.623063
0.0316636 0.000586201 0.00138027
186
1
1.79559 9.01745 0.622018
0.0307595 -0.000908342 -0.000873642
187
1
1.72824 9.0159 0.623441
0.0331705 -0.00179843 -0.00211508
188
1
1.65605 9.01665 0.626396
0.0380883 -0.00165142 -0.00184104
189
1
1.57981 9.01773 0.629655
0.0386152 -0.00103578 -0.00107374
190
1
1.49948 9.01692 0.632551
0.0395733 -0.000523726 -0.00111706
191
1
1.41547 9.0119 0.634221
0.0435058 0.00290861 -0.000889263
192
1
1.3281 9.00161 0.633262
0.0446462 0.00654388 0.00028435
193
1
1.23364 8.98699 0.62831
0.0482792 0.0081782 0.00249225
