194
0
1
1.27673 8.35148 0.681509
0.0550736 0.0150301 0.00399525
1
1
1.16924 8.32244 0.670703
0.0544308 0.0149864 0.00970449
2
1
1.05569 8.2914 0.646807
0.0585086 0.0155516 0.0162927
3
1
0.939091 8.25974 0.608271
0.0590543 0.0169347 0.0225117
4
1
0.817977 8.22461 0.554635
0.0601548 0.0208682 0.0275841
5
1
0.694438 8.17794 0.482747
0.0603656 0.0238992 0.0416736
6
1
0.566885 8.11395 0.376843
0.050002 0.0276676 0.0513649
7
1
0.418146 8.04688 0.199263
0.0430146 0.0157366 0.0626019
8
1
0.776222 6.51686 0.0638118
0.0353199 0.0278673 -0.0102009
9
1
0.0480597 11.3387 0.559112
0.000757214 -0.0206984 -0.0751189
10
1
-0.0480597 11.3387 0.559112
0.000757216 0.0206984 0.0751189
11
1
-0.776222 6.51686 0.0638077
0.0353197 -0.0278671 0.010201
12
1
-0.418146 8.04688 0.199263
0.0430146 -0.0157366 -0.0626019
13
1
-0.566885 8.11395 0.376843
0.050002 -0.0276676 -0.0513649
14
1
-0.694438 8.17794 0.482746
0.0603656 -0.0238992 -0.0416736
15
1
-0.817977 8.22461 0.554635
0.0601548 -0.0208682 -0.0275841
16
1
-0.939091 8.25974 0.608271
0.0590543 -0.0169347 -0.0225117
17
1
-1.05569 8.2914 0.646807
0.0585086 -0.0155516 -0.0162927
18
1
-1.16924 8.32244 0.670703
0.0544308 -0.0149864 -0.00970449
19
1
-1.27673 8.35148 0.681509
0.0550736 -0.0150301 -0.00399525
20
1
-1.37633 8.37749 0.681998
0.0471319 -0.0118693 0.00340317
21
1
-1.4689 8.40209 0.674748
0.0439821 -0.011014 0.00580915
22
1
-1.55456 8.42706 0.663013
0.0427168 -0.0121342 0.00788575
23
1
-1.63659 8.4534 0.647595
0.0386059 -0.0123627 0.00920973
24
1
-1.71551 8.47891 0.629644
0.0382352 -0.0119341 0.00925286
25
1
-1.79184 8.50212 0.610684
0.0387869 -0.0114515 0.00955105
26
1
-1.86599 8.52325 0.59176
0.0349323 -0.0102743 0.00854699
27
1
-1.93712 8.54227 0.573826
0.0331696 -0.00925542 0.007987
28
1
-2.00631 8.55934 0.556811
0.034559 -0.00831971 0.00858348
29
1
-2.07529 8.57441 0.540681
0.0347585 -0.00713628 0.00855568
30
1
-2.14366 8.58707 0.526093
0.0340977 -0.00603135 0.00696062
31
1
-2.2115 8.59771 0.51343
0.0339703 -0.00518002 0.00570978
32
1
-2.27866 8.60625 0.502913
0.0334951 -0.00371114 0.00467473
33
1
-2.34442 8.61239 0.495067
0.0333305 -0.00208402 0.00327145
34
1
-2.40891 8.61643 0.490122
0.032804 -0.00122362 0.00181428
35
1
-2.47183 8.61895 0.487759
0.0304025 -0.000480686 6.00729e-005
36
1
-2.5324 8.6202 0.487125
0.0287146 0.000256523 -0.00125255
37
1
-2.59175 8.62116 0.487908
0.0291177 -5.86807e-005 -0.00107846
38
1
-2.65062 8.6228 0.489562
0.0290594 -0.000624016 -0.00127001
39
1
-2.70841 8.62534 0.491663
0.0277671 -0.000611078 -0.002839
40
1
-2.76426 8.6292 0.494154
0.027504 -0.00145066 -0.00317102
41
1
-2.81805 8.63464 0.496474
0.0270057 -0.00294467 -0.00195987
42
1
-2.86958 8.64202 0.49707
0.0251148 -0.0033616 -0.001603
43
1
-2.91902 8.65122 0.495553
0.0244342 -0.00403517 -0.00115605
44
1
-2.96717 8.66194 0.491301
0.0243716 -0.00625511 0.00176529
45
1
-3.01447 8.67393 0.482942
0.0234086 -0.00816141 0.00475804
46
1
-3.06041 8.68674 0.469359
0.0233482 -0.00841061 0.00511085
47
1
-3.10397 8.69985 0.449335
0.0222912 -0.00747416 0.00933856
48
1
-3.14443 8.71317 0.423152
0.0200051 -0.00727016 0.0174191
49
1
-3.18149 8.72455 0.392282
0.0180679 -0.00621651 0.0197054
50
1
-3.21515 8.73314 0.3581
0.0154877 -0.00373032 0.0177929
51
1
-3.2461 8.73828 0.320612
0.0137066 -0.00152877 0.01995
52
1
-3.27449 8.73973 0.279138
0.0139432 0.00133889 0.0253366
53
1
-3.29996 8.73819 0.234081
0.0138171 0.00335323 0.0273425
54
1
-3.32166 8.73488 0.187492
0.0116606 0.00352389 0.0248312
55
1
-3.33856 8.73098 0.140727
0.00832928 0.00315509 0.0236178
56
1
-3.35068 8.72738 0.0942465
0.00437384 0.00247448 0.0240171
57
1
-3.35732 8.72523 0.0471566
0.000890162 0.00104545 0.0239771
58
1
-3.35909 8.72495 -4.92221e-009
8.21791e-012 4.52744e-011 0.0238577
59
1
-3.35732 8.72523 -0.0471566
-0.000890162 -0.00104545 0.0239771
60
1
-3.35068 8.72738 -0.0942465
-0.00437384 -0.00247448 0.0240171
61
1
-3.33856 8.73098 -0.140727
-0.00832928 -0.00315509 0.0236178
62
1
-3.32166 8.73488 -0.187492
-0.0116606 -0.00352389 0.0248312
63
1
-3.29996 8.73819 -0.234081
-0.0138171 -0.00335323 0.0273425
64
1
-3.27449 8.73973 -0.279138
-0.0139432 -0.00133889 0.0253366
65
1
-3.2461 8.73828 -0.320612
-0.0137066 0.00152877 0.01995
66
1
-3.21515 8.73314 -0.3581
-0.0154877 0.00373032 0.0177929
67
1
-3.18149 8.72455 -0.392282
-0.0180679 0.00621651 0.0197054
68
1
-3.14443 8.71317 -0.423152
-0.0200051 0.00727016 0.0174191
69
1
-3.10397 8.69985 -0.449335
-0.0222912 0.00747416 0.00933856
70
1
-3.06041 8.68674 -0.469359
-0.0233482 0.00841061 0.00511085
71
1
-3.01447 8.67393 -0.482942
-0.0234086 0.00816141 0.00475804
72
1
-2.96717 8.66194 -0.491301
-0.0243716 0.00625511 0.00176529
73
1
-2.91902 8.65122 -0.495553
-0.0244342 0.00403517 -0.00115605
74
1
-2.86958 8.64202 -0.49707
-0.0251148 0.0033616 -0.001603
75
1
-2.81805 8.63464 -0.496474
-0.0270057 0.00294467 -0.00195987
76
1
-2.76426 8.6292 -0.494154
-0.027504 0.00145066 -0.00317102
77
1
-2.70841 8.62534 -0.491663
-0.0277671 0.000611078 -0.002839
78
1
-2.65062 8.6228 -0.489562
-0.0290594 0.000624016 -0.00127001
79
1
-2.59175 8.62116 -0.487908
-0.0291177 5.86806e-005 -0.00107846
80
1
-2.5324 8.6202 -0.487125
-0.0287146 -0.000256523 -0.00125255
81
1
-2.47183 8.61895 -0.487759
-0.0304025 0.000480686 6.00731e-005
82
1
-2.40891 8.61643 -0.490122
-0.032804 0.00122362 0.00181428
83
1
-2.34442 8.61239 -0.495067
-0.0333305 0.00208402 0.00327145
84
1
-2.27866 8.60625 -0.502913
-0.0334951 0.00371114 0.00467473
85
1
-2.2115 8.59771 -0.51343
-0.0339703 0.00518002 0.00570978
86
1
-2.14366 8.58707 -0.526093
-0.0340977 0.00603135 0.00696062
87
1
-2.07529 8.57441 -0.540681
-0.0347585 0.00713628 0.00855568
88
1
-2.00631 8.55934 -0.556811
-0.034559 0.00831971 0.00858348
89
1
-1.93712 8.54227 -0.573826
-0.0331696 0.00925542 0.007987
90
1
-1.86599 8.52325 -0.59176
-0.0349323 0.0102743 0.00854699
91
1
-1.79184 8.50212 -0.610684
-0.0387869 0.0114515 0.00955105
92
1
-1.71551 8.47891 -0.629644
-0.0382352 0.0119341 0.00925286
93
1
-1.63659 8.4534 -0.647595
-0.0386059 0.0123627 0.00920973
94
1
-1.55456 8.42706 -0.663013
-0.0427168 0.0121342 0.00788575
95
1
-1.4689 8.40209 -0.674748
-0.0439821 0.011014 0.00580916
96
1
-1.37633 8.37749 -0.681998
-0.0471319 0.0118693 0.00340317
97
1
-1.27673 8.35148 -0.681509
-0.0550736 0.0150301 -0.00399525
98
1
-1.16924 8.32244 -0.670703
-0.0544308 0.0149864 -0.00970449
99
1
-1.05569 8.2914 -0.646807
-0.0585086 0.0155516 -0.0162927
100
1
-0.939091 8.25974 -0.608271
-0.0590543 0.0169347 -0.0225117
101
1
-0.817977 8.22461 -0.554635
-0.0601548 0.0208682 -0.0275841
102
1
-0.694438 8.17794 -0.482747
-0.0603656 0.0238992 -0.0416736
103
1
-0.566885 8.11395 -0.376843
-0.050002 0.0276676 -0.0513649
104
1
-0.418146 8.04688 -0.199263
-0.0430146 0.0157366 -0.0626019
105
1
-0.776222 6.51686 -0.0638115
-0.0353199 0.0278673 0.010201
106
1
-0.0480597 11.3387 -0.559112
-0.000757214 -0.0206984 0.0751189
107
1
0.0480597 11.3387 -0.559112
-0.000757216 0.0206984 -0.0751189
108
1
0.776222 6.51686 -0.0638074
-0.0353196 -0.0278671 -0.010201
109
1
0.418146 8.04688 -0.199263
-0.0430146 -0.0157366 0.0626019
110
1
0.566885 8.11395 -0.376843
-0.050002 -0.0276676 0.0513649
111
1
0.694438 8.17794 -0.482746
-0.0603656 -0.0238992 0.0416736
112
1
0.817977 8.22461 -0.554635
-0.0601548 -0.0208682 0.0275841
113
1
0.939091 8.25974 -0.608271
-0.0590543 -0.0169347 0.0225117
114
1
1.05569 8.2914 -0.646807
-0.0585086 -0.0155516 0.0162927
115
1
1.16924 8.32244 -0.670703
-0.0544308 -0.0149864 0.00970449
116
1
1.27673 8.35148 -0.681509
-0.0550736 -0.0150301 0.00399525
117
1
1.37633 8.37749 -0.681998
-0.0471319 -0.0118693 -0.00340317
118
1
1.4689 8.40209 -0.674748
-0.0439821 -0.011014 -0.00580915
119
1
1.55456 8.42706 -0.663013
-0.0427168 -0.0121342 -0.00788575
120
1
1.63659 8.4534 -0.647595
-0.0386059 -0.0123627 -0.00920973
121
1
1.71551 8.47891 -0.629644
-0.0382352 -0.0119341 -0.00925286
122
1
1.79184 8.50212 -0.610684
-0.0387869 -0.0114515 -0.00955105
123
1
1.86599 8.52325 -0.59176
-0.0349323 -0.0102743 -0.00854699
124
1
1.93712 8.54227 -0.573826
-0.0331696 -0.00925542 -0.007987
125
1
2.00631 8.55934 -0.556811
-0.034559 -0.00831971 -0.00858348
126
1
2.07529 8.57441 -0.540681
-0.0347585 -0.00713628 -0.00855568
127
1
2.14366 8.58707 -0.526093
-0.0340977 -0.00603135 -0.00696062
128
1
2.2115 8.59771 -0.51343
-0.0339703 -0.00518002 -0.00570978
129
1
2.27866 8.60625 -0.502913
-0.0334951 -0.00371114 -0.00467473
130
1
2.34442 8.61239 -0.495067
-0.0333305 -0.00208402 -0.00327145
131
1
2.40891 8.61643 -0.490121
-0.032804 -0.00122362 -0.00181428
132
1
2.47183 8.61895 -0.487759
-0.0304025 -0.000480686 -6.00729e-005
133
1
2.5324 8.6202 -0.487125
-0.0287146 0.000256523 0.00125255
134
1
2.59175 8.62116 -0.487908
-0.0291177 -5.86807e-005 0.00107846
135
1
2.65062 8.6228 -0.489562
-0.0290594 -0.000624016 0.00127001
136
1
2.70841 8.62534 -0.491663
-0.0277671 -0.000611078 0.002839
137
1
2.76426 8.6292 -0.494154
-0.027504 -0.00145066 0.00317102
138
1
2.81805 8.63464 -0.496474
-0.0270057 -0.00294467 0.00195987
139
1
2.86958 8.64202 -0.49707
-0.0251148 -0.0033616 0.001603
140
1
2.91902 8.65122 -0.495553
-0.0244342 -0.00403517 0.00115605
141
1
2.96717 8.66194 -0.491301
-0.0243716 -0.00625511 -0.00176529
142
1
3.01447 8.67393 -0.482942
-0.0234086 -0.00816141 -0.00475804
143
1
3.06041 8.68674 -0.469359
-0.0233482 -0.00841061 -0.00511085
144
1
3.10397 8.69985 -0.449335
-0.0222912 -0.00747416 -0.00933856
145
1
3.14443 8.71317 -0.423152
-0.0200051 -0.00727016 -0.0174191
146
1
3.18149 8.72455 -0.392282
-0.0180679 -0.00621651 -0.0197054
147
1
3.21515 8.73314 -0.3581
-0.0154877 -0.00373032 -0.0177929
148
1
3.2461 8.73828 -0.320612
-0.0137066 -0.00152877 -0.01995
149
1
3.27449 8.73973 -0.279138
-0.0139432 0.00133889 -0.0253366
150
1
3.29996 8.73819 -0.234081
-0.0138171 0.00335323 -0.0273425
151
1
3.32166 8.73488 -0.187492
-0.0116606 0.00352389 -0.0248312
152
1
3.33856 8.73098 -0.140727
-0.00832928 0.00315509 -0.0236178
153
1
3.35068 8.72738 -0.0942465
-0.00437384 0.00247448 -0.0240171
154
1
3.35732 8.72523 -0.0471566
-0.000890162 0.00104545 -0.0239771
155
1
3.35909 8.72495 5.91263e-009
-1.33421e-011 5.91343e-011 -0.0238577
156
1
3.35732 8.72523 0.0471566
0.000890162 -0.00104545 -0.0239771
157
1
3.35068 8.72738 0.0942465
0.00437384 -0.00247448 -0.0240171
158
1
3.33856 8.73098 0.140727
0.00832928 -0.00315509 -0.0236178
159
1
3.32166 8.73488 0.187492
0.0116606 -0.00352389 -0.0248312
160
1
3.29996 8.73819 0.234081
0.0138171 -0.00335323 -0.0273425
161
1
3.27449 8.73973 0.279138
0.0139432 -0.00133889 -0.0253366
162
1
3.2461 8.73828 0.320612
0.0137066 0.00152877 -0.01995
163
1
3.21515 8.73314 0.3581
0.0154877 0.00373032 -0.0177929
164
1
3.18149 8.72455 0.392282
0.0180679 0.00621651 -0.0197054
165
1
3.14443 8.71317 0.423152
0.0200051 0.00727016 -0.0174191
166
1
3.10397 8.69985 0.449335
0.0222912 0.00747416 -0.00933856
167
1
3.06041 8.68674 0.469359
0.0233482 0.00841061 -0.00511085
168
1
3.01447 8.67393 0.482942
0.0234086 0.00816141 -0.00475804
169
1
2.96717 8.66194 0.491301
0.0243716 0.00625511 -0.00176529
170
1
2.91902 8.65122 0.495553
0.0244342 0.00403517 0.00115605
171
1
2.86958 8.64202 0.49707
0.0251148 0.0033616 0.001603
172
1
2.81805 8.63464 0.496474
0.0270057 0.00294467 0.00195987
173
1
2.76426 8.6292 0.494154
0.027504 0.00145066 0.00317102
174
1
2.70841 8.62534 0.491663
0.0277671 0.000611078 0.002839
175
1
2.65062 8.6228 0.489562
0.0290594 0.000624016 0.00127001
176
1
2.59175 8.62116 0.487908
0.0291177 5.86806e-005 0.00107846
177
1
2.5324 8.6202 0.487125
0.0287146 -0.000256523 0.00125255
178
1
2.47183 8.61895 0.487759
0.0304025 0.000480686 -6.00731e-005
179
1
2.40891 8.61643 0.490122
0.032804 0.00122362 -0.00181428
180
1
2.34442 8.61239 0.495067
0.0333305 0.00208402 -0.00327145
181
1
2.27866 8.60625 0.502913
0.0334951 0.00371114 -0.00467473
182
1
2.2115 8.59771 0.51343
0.0339703 0.00518002 -0.00570978
183
1
2.14366 8.58707 0.526093
0.0340977 0.00603135 -0.00696062
184
1
2.07529 8.57441 0.540681
0.0347585 0.00713628 -0.00855568
185
1
2.00631 8.55934 0.556811
0.034559 0.00831971 -0.00858348
186
1
1.93712 8.54227 0.573826
0.0331696 0.00925542 -0.007987
187
1
1.86599 8.52325 0.59176
0.0349323 0.0102743 -0.00854699
188
1
1.79184 8.50212 0.610684
0.0387869 0.0114515 -0.00955105
189
1
1.71551 8.47891 0.629644
0.0382352 0.0119341 -0.00925286
190
1
1.63659 8.4534 0.647595
0.0386059 0.0123627 -0.00920973
191
1
1.55456 8.42706 0.663013
0.0427168 0.0121342 -0.00788575
192
1
1.4689 8.40209 0.674748
0.0439821 0.011014 -0.00580916
193
1
1.37633 8.37749 0.681998
0.0471319 0.0118693 -0.00340317
