194
0
1
0.670961 12.9778 3.17861
0.0157206 0.0117111 -0.0333502
1
1
0.648911 12.948 3.24972
0.0074126 0.0171532 -0.0281039
2
1
0.62632 12.8828 3.33437
0.0072507 0.046506 -0.0527543
3
1
0.599064 12.8065 3.40691
0.014747 0.0391777 -0.0347775
4
1
0.558463 12.7337 3.45766
0.0270835 0.0394659 -0.0138625
5
1
0.507037 12.6759 3.48644
0.0136973 0.0109412 -0.00749233
6
1
0.402464 12.6061 3.51597
0.0604705 0.0188651 -0.00514752
7
1
0.188352 12.5405 3.54352
0.067972 0.00923403 -0.00728005
8
1
0.843349 6.55082 0.0954031
0.0479029 0.0178276 -0.00565345
9
1
0.549954 11.4394 0.943322
-0.040703 0.0461154 -0.0201035
10
1
-0.509981 11.3586 -0.857544
-0.0532162 -0.00394044 0.0218339
11
1
-0.850126 6.55543 0.0141548
0.0449648 -0.0169999 0.0121371
12
1
-0.193769 12.5418 3.54264
0.0669466 -0.00902919 0.00713719
13
1
-0.400852 12.6087 3.51765
0.0574152 -0.0190731 0.00348591
14
1
-0.498262 12.679 3.49075
0.0119331 -0.011278 0.00710325
15
1
-0.545592 12.7352 3.46226
0.0232206 -0.0378217 0.0120774
16
1
-0.581568 12.8057 3.4102
0.0120135 -0.0380617 0.0382811
17
1
-0.606543 12.8777 3.33348
0.00564704 -0.0424625 0.0562824
18
1
-0.627645 12.937 3.24581
0.00779103 -0.0156088 0.0290485
19
1
-0.649586 12.9624 3.17289
0.0157042 -0.0104515 0.0334751
20
1
-0.671567 12.9839 3.09194
0.0106557 -0.00776078 0.0465689
21
1
-0.686031 13.0037 3.00544
0.00965611 -0.0115509 0.0344963
22
1
-0.688837 13.0181 2.90406
0.00145459 -0.00154762 0.0778334
23
1
-0.679455 13.0275 2.81029
-0.0147161 -0.000214685 0.0347378
24
1
-0.658234 13.0375 2.74134
-0.00151318 -0.00328381 0.00756939
25
1
-0.648551 13.041 2.68442
-0.0084765 -0.00547463 0.0164243
26
1
-0.627477 13.0444 2.61991
-0.00976267 0.00274962 0.0393102
27
1
-0.616105 13.0483 2.55781
-0.00968967 -0.00509229 0.0533231
28
1
-0.601424 13.0543 2.48629
-0.0158401 -0.00420337 0.0399259
29
1
-0.593345 13.0592 2.41992
-0.00297661 -0.00150155 0.0288984
30
1
-0.597239 13.0626 2.36309
0.0102684 -0.00204087 0.0202052
31
1
-0.607886 13.0668 2.31265
0.0105696 -0.00237624 0.0163263
32
1
-0.617933 13.0722 2.26257
0.00272103 -0.00182416 0.0124905
33
1
-0.625299 13.0777 2.21174
0.00366978 -0.00642066 0.0314318
34
1
-0.629871 13.082 2.15762
0.000466549 -0.00268561 0.0320622
35
1
-0.631967 13.0835 2.09845
-9.84772e-005 0.00656197 0.0227587
36
1
-0.634837 13.0838 2.0352
0.00086838 0.00368576 0.0381503
37
1
-0.639108 13.0882 1.96694
0.00335471 -0.00783091 0.0497524
38
1
-0.645251 13.0992 1.89748
0.00883581 -0.00828116 0.0353188
39
1
-0.653629 13.1147 1.83143
0.00523228 -0.0018025 0.0189384
40
1
-0.663365 13.1217 1.76497
0.00231289 -0.00148486 0.0344947
41
1
-0.649936 13.1255 1.70092
-0.0100198 -0.00719647 0.0548032
42
1
-0.628188 13.1384 1.63729
-0.0180919 -0.0219366 0.049988
43
1
-0.596023 13.1507 1.57611
-0.014996 -0.0160845 0.0388865
44
1
-0.560228 13.155 1.51182
-0.0297116 -0.0189635 0.026437
45
1
-0.465889 13.147 1.4082
-0.039633 -0.0314418 0.0592662
46
1
-0.413296 13.1444 1.3291
0.0374425 0.0442499 -0.0382153
47
1
-0.433778 13.1307 1.2973
-0.0364042 -0.0154517 0.0248604
48
1
-0.458972 13.143 1.27741
0.00325037 0.0109821 0.0429632
49
1
-0.443771 13.175 1.2426
-0.0271379 0.0508935 0.0456624
50
1
-0.381703 13.1467 1.22196
-0.0406007 0.0388216 0.0123886
51
1
-0.425619 13.1062 1.18774
0.0122413 0.012868 0.00924063
52
1
-0.398847 13.2124 1.22973
0.019604 -0.0551555 -0.0514335
53
1
-0.293476 13.1403 0.941525
0.038155 0.0103686 0.0671442
54
1
-0.299421 13.088 0.60701
-0.0599872 0.00893178 0.0489245
55
1
-0.147919 13.1061 0.661616
0.0387795 -0.0663035 -0.0131088
56
1
0.507336 15.6831 1.5044
0.0469869 -0.0498243 0.0030937
57
1
-0.11772 13.3793 0.0179078
-0.00714802 -0.029583 -0.0162419
58
1
-0.048883 17.0108 -0.0365903
-0.0299748 0.0288695 0.049516
59
1
-0.107025 13.3709 -0.0484109
0.0101225 0.030949 -0.0185832
60
1
-0.524533 15.6994 -1.38155
0.0628316 -0.0180818 0.0141355
61
1
-0.201857 12.577 -0.966267
0.0232185 0.00715335 -0.0131732
62
1
-0.204851 12.8677 -0.966796
-0.0278568 -0.0523894 0.0505094
63
1
-0.190799 13.0926 -1.25151
-0.0460304 -0.0581121 0.0240008
64
1
-0.125211 12.8912 -1.46031
-0.0105491 -0.0221375 0.0739628
65
1
-0.430815 13.1696 -1.6023
-0.0583491 -0.0127004 -0.0500593
66
1
-0.441439 13.1016 -1.61226
0.0365056 0.0395586 0.056341
67
1
-0.444336 13.0785 -1.59895
0.0283691 0.0457496 0.0563384
68
1
-0.42836 13.0891 -1.68027
-0.0316776 0.0617719 0.0353922
69
1
-0.415474 13.1 -1.71188
0.0538715 -0.0533381 -0.0180212
70
1
-0.453133 13.0832 -1.72004
-0.00453957 -0.0218562 0.00372
71
1
-0.464021 13.0657 -1.7156
-0.025169 0.0303169 0.0672254
72
1
-0.481089 13.0427 -1.7528
-0.0103038 0.011411 0.0377577
73
1
-0.470574 13.0448 -1.79789
-0.0210922 0.00388321 0.0393801
74
1
-0.489513 13.0957 -1.82132
0.0372437 -0.00995174 -0.0289299
75
1
-0.448274 13.1439 -1.86415
0.0255239 -0.0201696 0.00277886
76
1
-0.448242 13.144 -1.90328
-0.00442732 -0.00654551 0.0175325
77
1
-0.461205 13.1591 -1.938
-0.00292147 0.00631971 0.0206895
78
1
-0.463828 13.1747 -1.98679
0.00446334 0.0151122 0.035497
79
1
-0.471471 13.17 -2.04773
0.0113372 0.0097456 0.0387422
80
1
-0.484896 13.1626 -2.10624
0.00886296 -0.00500548 0.0296054
81
1
-0.499192 13.1619 -2.16068
0.00763351 -0.00757713 0.0214351
82
1
-0.512749 13.1628 -2.21195
0.00615699 0.00165917 0.0256227
83
1
-0.520914 13.1611 -2.26046
0.0023171 0.0052979 0.0258761
84
1
-0.525081 13.1563 -2.30801
0.000979881 0.0022368 0.0137053
85
1
-0.526962 13.1494 -2.35738
-0.00598733 0.00285921 0.0192582
86
1
-0.528356 13.1422 -2.40909
-0.00512298 0.0028349 0.0233682
87
1
-0.536079 13.1345 -2.46629
0.00873854 0.0035895 0.0292731
88
1
-0.556214 13.1239 -2.52885
0.020527 0.00841321 0.0336717
89
1
-0.583069 13.1103 -2.59438
0.0182358 0.012059 0.0438225
90
1
-0.605762 13.0986 -2.65356
0.0175977 0.00286159 0.0393363
91
1
-0.634929 13.0888 -2.71426
0.0111783 0.00693164 0.0173053
92
1
-0.650733 13.078 -2.77054
0.00248621 0.00405082 0.00815107
93
1
-0.677557 13.0643 -2.83546
0.0167005 0.00422366 0.0326574
94
1
-0.695992 13.0479 -2.92278
0.00573059 0.00676858 0.0677491
95
1
-0.701435 13.028 -3.01591
-0.00725727 0.0130269 0.0325916
96
1
-0.691168 13.0037 -3.09969
-0.00954534 0.0110297 0.0471719
97
1
-0.670945 12.9779 -3.1786
-0.0157198 0.0117106 0.0333503
98
1
-0.648897 12.948 -3.24971
-0.00741185 0.0171529 0.0281041
99
1
-0.626309 12.8828 -3.33436
-0.00724966 0.0465055 0.0527546
100
1
-0.599055 12.8065 -3.4069
-0.0147464 0.0391773 0.0347778
101
1
-0.558455 12.7337 -3.45765
-0.0270832 0.0394659 0.0138633
102
1
-0.50703 12.6759 -3.48643
-0.0136972 0.0109412 0.00749253
103
1
-0.402458 12.6061 -3.51596
-0.0604704 0.0188655 0.00514788
104
1
-0.188347 12.5406 -3.54352
-0.0679717 0.00923417 0.00728003
105
1
-0.843501 6.55085 -0.0945966
-0.0478838 0.0178177 0.00574067
106
1
-0.549265 11.4398 -0.943314
0.0407063 0.0460906 0.0201462
107
1
0.510575 11.3583 0.857562
0.0531896 -0.00395932 -0.0218752
108
1
0.85016 6.55547 -0.0133336
-0.0449346 -0.0169909 -0.0122175
109
1
0.193772 12.5419 -3.54264
-0.0669466 -0.00902969 -0.00713769
110
1
0.400855 12.6087 -3.51764
-0.0574155 -0.0190736 -0.00348704
111
1
0.498266 12.679 -3.49074
-0.0119334 -0.011278 -0.0071037
112
1
0.545597 12.7352 -3.46225
-0.0232211 -0.0378225 -0.0120789
113
1
0.581574 12.8057 -3.41019
-0.0120137 -0.0380623 -0.0382812
114
1
0.606547 12.8777 -3.33346
-0.00564668 -0.0424638 -0.0562828
115
1
0.627648 12.937 -3.24579
-0.00779039 -0.0156094 -0.029049
116
1
0.649589 12.9625 -3.17287
-0.0157033 -0.0104521 -0.0334758
117
1
0.671568 12.9839 -3.09192
-0.0106545 -0.00776193 -0.0465703
118
1
0.68603 13.0037 -3.00542
-0.00965436 -0.0115518 -0.0344969
119
1
0.688833 13.0181 -2.90403
-0.00145089 -0.00155189 -0.0778344
120
1
0.679446 13.0276 -2.81026
0.0147171 -0.000217691 -0.0347402
121
1
0.658222 13.0376 -2.74131
0.00151384 -0.00328453 -0.0075706
122
1
0.648536 13.041 -2.68438
0.00847763 -0.00547679 -0.0164266
123
1
0.627459 13.0445 -2.61987
0.00976523 0.002743 -0.039312
124
1
0.616081 13.0484 -2.55776
0.00969482 -0.00510187 -0.0533279
125
1
0.601391 13.0543 -2.48624
0.015845 -0.00420998 -0.0399326
126
1
0.593302 13.0593 -2.41986
0.00298147 -0.00150668 -0.0289022
127
1
0.597187 13.0627 -2.36302
-0.0102636 -0.00204467 -0.0202048
128
1
0.607824 13.0669 -2.31258
-0.0105648 -0.00237908 -0.0163249
129
1
0.617859 13.0723 -2.2625
-0.00271698 -0.00182665 -0.0124912
130
1
0.625207 13.0778 -2.21166
-0.003657 -0.00642615 -0.031435
131
1
0.629753 13.0821 -2.15753
-0.000450317 -0.00269257 -0.0320699
132
1
0.631813 13.0837 -2.09835
0.000112039 0.00655438 -0.0227667
133
1
0.634635 13.084 -2.03508
-0.00083722 0.00367428 -0.038165
134
1
0.63884 13.0883 -1.9668
-0.00329705 -0.00784298 -0.0497665
135
1
0.644907 13.0994 -1.89732
-0.00878369 -0.00828452 -0.0353208
136
1
0.653212 13.1149 -1.83124
-0.00520256 -0.00180579 -0.0189472
137
1
0.662859 13.1219 -1.76472
-0.00225416 -0.00147347 -0.0345405
138
1
0.649254 13.1256 -1.70063
0.0101245 -0.00712683 -0.0549166
139
1
0.627319 13.1384 -1.63692
0.0183026 -0.0218741 -0.0501181
140
1
0.595109 13.1507 -1.57562
0.0151826 -0.0161613 -0.0390439
141
1
0.559039 13.1551 -1.51138
0.0297686 -0.0189153 -0.0265585
142
1
0.464909 13.1465 -1.40713
0.0395945 -0.0312435 -0.0593967
143
1
0.413052 13.1439 -1.32869
-0.0381091 0.044071 0.0390154
144
1
0.433942 13.1303 -1.29704
0.0365391 -0.0148635 -0.0251729
145
1
0.458769 13.1425 -1.27691
-0.00408962 0.0107218 -0.0417225
146
1
0.443046 13.1738 -1.24181
0.027213 0.051944 -0.0467091
147
1
0.381584 13.1449 -1.22107
0.0408086 0.039238 -0.0123355
148
1
0.425998 13.1045 -1.18699
-0.0122342 0.0127907 -0.00931229
149
1
0.399403 13.2115 -1.22881
-0.0187581 -0.0550117 0.0519009
150
1
0.295327 13.1397 -0.940329
-0.0382501 0.0102806 -0.0670872
151
1
0.299555 13.0882 -0.604192
0.0606426 0.00831289 -0.0482206
152
1
0.149509 13.1087 -0.660682
-0.0397319 -0.0658476 0.0125424
153
1
-0.507274 15.6831 -1.50444
-0.0469902 -0.0498193 -0.00307666
154
1
0.117632 13.3792 -0.0179065
0.00715379 -0.0295826 0.0162431
155
1
0.0488961 17.0108 0.0366398
0.0299748 0.0288699 -0.0495155
156
1
0.10694 13.3709 0.0484043
-0.0101275 0.0309416 0.018579
157
1
0.524629 15.6994 1.38152
-0.0628305 -0.0180781 -0.0141524
158
1
0.201853 12.5771 0.966394
-0.0231283 0.00710581 0.0131932
159
1
0.204803 12.868 0.967116
0.0278499 -0.0523973 -0.050505
160
1
0.19056 13.0929 1.25177
0.0460243 -0.0580727 -0.0241075
161
1
0.125461 12.8911 1.46056
0.0105138 -0.0221289 -0.0739704
162
1
0.430477 13.1709 1.60242
0.058462 -0.0126356 0.0499438
163
1
0.441586 13.1028 1.61216
-0.0363882 0.0396108 -0.0563803
164
1
0.444583 13.0798 1.59886
-0.0284286 0.0456946 -0.0563531
165
1
0.428744 13.0904 1.68125
0.0320223 0.0616228 -0.0353419
166
1
0.416449 13.1014 1.71302
-0.0541654 -0.0529545 0.0182696
167
1
0.4538 13.0839 1.72093
0.00367404 -0.0224131 -0.0026597
168
1
0.464324 13.0662 1.71625
0.0248336 0.0305246 -0.0672562
169
1
0.481006 13.0431 1.75337
0.011473 0.0124421 -0.0402119
170
1
0.470959 13.0456 1.79853
0.020851 0.00408464 -0.0391218
171
1
0.490191 13.0963 1.82188
-0.0374172 -0.00981421 0.0291567
172
1
0.448937 13.1447 1.86478
-0.0258363 -0.0200683 -0.00251958
173
1
0.449216 13.1441 1.90386
0.0047134 -0.00668133 -0.0174188
174
1
0.462117 13.1589 1.93843
0.00311017 0.0063134 -0.0206126
175
1
0.464431 13.175 1.98694
-0.00440202 0.0152632 -0.0355296
176
1
0.471851 13.1703 2.04783
-0.0113246 0.00987456 -0.0387301
177
1
0.485168 13.1628 2.10631
-0.00884186 -0.0049692 -0.0295728
178
1
0.499399 13.1619 2.16074
-0.00761896 -0.00756809 -0.0214198
179
1
0.512921 13.1628 2.21199
-0.00614237 0.00166538 -0.0256167
180
1
0.521063 13.1611 2.2605
-0.00230499 0.0053025 -0.0258757
181
1
0.525209 13.1563 2.30804
-0.00097486 0.00223856 -0.0137053
182
1
0.527071 13.1494 2.35741
0.00599229 0.00286119 -0.0192602
183
1
0.52845 13.1422 2.40912
0.00512765 0.00283646 -0.0233691
184
1
0.536157 13.1345 2.46632
-0.00873353 0.00359059 -0.0292707
185
1
0.556279 13.1239 2.52887
-0.0205219 0.0084137 -0.0336681
186
1
0.583123 13.1103 2.5944
-0.0182314 0.0120586 -0.0438202
187
1
0.605808 13.0986 2.65358
-0.0175954 0.00286072 -0.0393355
188
1
0.634969 13.0888 2.71427
-0.0111772 0.00693129 -0.0173044
189
1
0.650769 13.078 2.77056
-0.00248563 0.00405074 -0.00815051
190
1
0.677588 13.0643 2.83547
-0.0166992 0.00422338 -0.032656
191
1
0.696018 13.0479 2.92279
-0.00572806 0.00676845 -0.0677487
192
1
0.701457 13.028 3.01592
0.00725854 0.0130273 -0.0325916
193
1
0.691186 13.0037 3.0997
0.00954647 0.0110303 -0.0471715
