194
0
1
0.865118 4.03775 0.542367
0.0300521 -0.032582 0.0123349
1
1
0.802804 4.10299 0.523618
0.0303792 -0.0350166 0.00740443
2
1
0.736567 4.17247 0.514371
0.0330048 -0.0358305 0.00179361
3
1
0.664564 4.24217 0.516461
0.0365071 -0.0348989 -0.00515055
4
1
0.584625 4.3086 0.528935
0.0409069 -0.031859 -0.0096582
5
1
0.495986 4.36787 0.549193
0.0451928 -0.0268073 -0.0136265
6
1
0.39824 4.41692 0.573366
0.0503736 -0.0210213 -0.0139417
7
1
0.29166 4.45341 0.596555
0.0549948 -0.0141769 -0.0116739
8
1
0.177917 4.47695 0.614225
0.058075 -0.00821015 -0.00734446
9
1
0.0597844 4.48827 0.623799
0.0597147 -0.00245885 -0.0023856
10
1
-0.0597844 4.48827 0.623799
0.0597147 0.00245885 0.0023856
11
1
-0.177917 4.47695 0.614225
0.058075 0.00821015 0.00734446
12
1
-0.29166 4.45341 0.596555
0.0549948 0.0141769 0.0116739
13
1
-0.39824 4.41692 0.573366
0.0503736 0.0210213 0.0139417
14
1
-0.495986 4.36787 0.549193
0.0451928 0.0268073 0.0136265
15
1
-0.584625 4.3086 0.528935
0.0409069 0.031859 0.0096582
16
1
-0.664564 4.24217 0.516461
0.0365071 0.0348989 0.00515055
17
1
-0.736567 4.17247 0.514371
0.0330048 0.0358305 -0.00179361
18
1
-0.802804 4.10299 0.523618
0.0303792 0.0350166 -0.00740443
19
1
-0.865118 4.03775 0.542367
0.0300521 0.032582 -0.0123349
20
1
-0.924728 3.97919 0.567833
0.0288939 0.0280374 -0.015142
21
1
-0.982933 3.92814 0.596963
0.0280192 0.0234334 -0.0155241
22
1
-1.04079 3.88432 0.627275
0.0293956 0.0194715 -0.0162316
23
1
-1.09954 3.84631 0.657346
0.0286411 0.0162165 -0.0153618
24
1
-1.15894 3.8131 0.685403
0.0293251 0.0144397 -0.0141763
25
1
-1.21915 3.78364 0.710623
0.0305762 0.0132827 -0.0123893
26
1
-1.27955 3.75699 0.73279
0.0291734 0.0123265 -0.0108316
27
1
-1.33929 3.73228 0.752505
0.0287385 0.0122296 -0.00926089
28
1
-1.39874 3.70902 0.769709
0.0296352 0.0126925 -0.00742577
29
1
-1.45778 3.68634 0.784454
0.0289999 0.0122455 -0.00621612
30
1
-1.51611 3.66409 0.797208
0.0282606 0.011389 -0.0053622
31
1
-1.57404 3.64267 0.807834
0.0286699 0.0110185 -0.00422071
32
1
-1.63179 3.62245 0.815913
0.0288909 0.0103532 -0.00324777
33
1
-1.68926 3.60395 0.821627
0.028715 0.0089556 -0.00248069
34
1
-1.74642 3.5878 0.825601
0.0287178 0.00738761 -0.00161376
35
1
-1.8032 3.57447 0.828044
0.0282468 0.00582458 -0.00092427
36
1
-1.85925 3.56359 0.828599
0.0270816 0.00440159 -0.00057274
37
1
-1.91458 3.55428 0.826547
0.0265594 0.00347897 0.000276704
38
1
-1.96976 3.54625 0.82125
0.0271784 0.00296015 0.00239563
39
1
-2.02487 3.53961 0.811964
0.0276892 0.00239044 0.00512123
40
1
-2.07913 3.53412 0.798261
0.0272161 0.00187295 0.0077204
41
1
-2.13177 3.5289 0.780034
0.0262118 0.00213842 0.0105514
42
1
-2.18293 3.52298 0.757852
0.0252857 0.00326293 0.0131674
43
1
-2.23291 3.51616 0.731689
0.0246664 0.00433539 0.0148624
44
1
-2.28222 3.50875 0.701802
0.0242522 0.00483757 0.0164531
45
1
-2.33095 3.50144 0.667518
0.0237904 0.00495348 0.0190818
46
1
-2.37855 3.49426 0.628346
0.0230624 0.00471385 0.0223703
47
1
-2.42446 3.48733 0.584913
0.0223982 0.00410649 0.0246585
48
1
-2.46845 3.48083 0.538432
0.0220138 0.00324991 0.0255722
49
1
-2.51017 3.47489 0.489828
0.0212569 0.00211144 0.0263604
50
1
-2.54848 3.4695 0.439382
0.0195831 0.00129693 0.0270386
51
1
-2.58271 3.46448 0.387315
0.0175042 0.00146411 0.0274576
52
1
-2.61282 3.4591 0.333662
0.0153867 0.00230969 0.0277627
53
1
-2.63864 3.45312 0.278866
0.0131437 0.00297303 0.0281071
54
1
-2.66037 3.44713 0.223602
0.0106957 0.0030636 0.0284653
55
1
-2.67795 3.4421 0.168064
0.00814695 0.00270209 0.0287625
56
1
-2.69132 3.43857 0.112303
0.00546074 0.00203855 0.0287882
57
1
-2.69968 3.43655 0.0562296
0.00269055 0.00106477 0.0284872
58
1
-2.70263 3.43604 -3.04451e-015
1.42569e-016 3.94363e-016 0.0282835
59
1
-2.69968 3.43655 -0.0562296
-0.00269055 -0.00106477 0.0284872
60
1
-2.69132 3.43857 -0.112303
-0.00546074 -0.00203855 0.0287882
61
1
-2.67795 3.4421 -0.168064
-0.00814695 -0.00270209 0.0287625
62
1
-2.66037 3.44713 -0.223602
-0.0106957 -0.0030636 0.0284653
63
1
-2.63864 3.45312 -0.278866
-0.0131437 -0.00297303 0.0281071
64
1
-2.61282 3.4591 -0.333662
-0.0153867 -0.00230969 0.0277627
65
1
-2.58271 3.46448 -0.387315
-0.0175042 -0.00146411 0.0274576
66
1
-2.54848 3.4695 -0.439382
-0.0195831 -0.00129693 0.0270386
67
1
-2.51017 3.47489 -0.489828
-0.0212569 -0.00211144 0.0263604
68
1
-2.46845 3.48083 -0.538432
-0.0220138 -0.00324991 0.0255722
69
1
-2.42446 3.48733 -0.584913
-0.0223982 -0.00410649 0.0246585
70
1
-2.37855 3.49426 -0.628346
-0.0230624 -0.00471385 0.0223703
71
1
-2.33095 3.50144 -0.667518
-0.0237904 -0.00495348 0.0190818
72
1
-2.28222 3.50875 -0.701802
-0.0242522 -0.00483757 0.0164531
73
1
-2.23291 3.51616 -0.731689
-0.0246664 -0.00433539 0.0148624
74
1
-2.18293 3.52298 -0.757852
-0.0252857 -0.00326293 0.0131674
75
1
-2.13177 3.5289 -0.780034
-0.0262118 -0.00213842 0.0105514
76
1
-2.07913 3.53412 -0.798261
-0.0272161 -0.00187295 0.0077204
77
1
-2.02487 3.53961 -0.811964
-0.0276892 -0.00239044 0.00512123
78
1
-1.96976 3.54625 -0.82125
-0.0271784 -0.00296015 0.00239563
79
1
-1.91458 3.55428 -0.826547
-0.0265594 -0.00347897 0.000276704
80
1
-1.85925 3.56359 -0.828599
-0.0270816 -0.00440159 -0.00057274
81
1
-1.8032 3.57447 -0.828044
-0.0282468 -0.00582458 -0.00092427
82
1
-1.74642 3.5878 -0.825601
-0.0287178 -0.00738761 -0.00161376
83
1
-1.68926 3.60395 -0.821627
-0.028715 -0.0089556 -0.00248069
84
1
-1.63179 3.62245 -0.815913
-0.0288909 -0.0103532 -0.00324777
85
1
-1.57404 3.64267 -0.807834
-0.0286699 -0.0110185 -0.00422071
86
1
-1.51611 3.66409 -0.797208
-0.0282606 -0.011389 -0.0053622
87
1
-1.45778 3.68634 -0.784454
-0.0289999 -0.0122455 -0.00621612
88
1
-1.39874 3.70902 -0.769709
-0.0296352 -0.0126925 -0.00742577
89
1
-1.33929 3.73228 -0.752505
-0.0287385 -0.0122296 -0.00926089
90
1
-1.27955 3.75699 -0.73279
-0.0291734 -0.0123265 -0.0108316
91
1
-1.21915 3.78364 -0.710623
-0.0305762 -0.0132827 -0.0123893
92
1
-1.15894 3.8131 -0.685403
-0.0293251 -0.0144397 -0.0141763
93
1
-1.09954 3.84631 -0.657346
-0.0286411 -0.0162165 -0.0153618
94
1
-1.04079 3.88432 -0.627275
-0.0293956 -0.0194715 -0.0162316
95
1
-0.982933 3.92814 -0.596963
-0.0280192 -0.0234334 -0.0155241
96
1
-0.924728 3.97919 -0.567833
-0.0288939 -0.0280374 -0.015142
97
1
-0.865118 4.03775 -0.542367
-0.0300521 -0.032582 -0.0123349
98
1
-0.802804 4.10299 -0.523618
-0.0303792 -0.0350166 -0.00740443
99
1
-0.736567 4.17247 -0.514371
-0.0330048 -0.0358305 -0.00179361
100
1
-0.664564 4.24217 -0.516461
-0.0365071 -0.0348989 0.00515055
101
1
-0.584625 4.3086 -0.528935
-0.0409069 -0.031859 0.0096582
102
1
-0.495986 4.36787 -0.549193
-0.0451928 -0.0268073 0.0136265
103
1
-0.39824 4.41692 -0.573366
-0.0503736 -0.0210213 0.0139417
104
1
-0.29166 4.45341 -0.596555
-0.0549948 -0.0141769 0.0116739
105
1
-0.177917 4.47695 -0.614225
-0.058075 -0.00821015 0.00734446
106
1
-0.0597844 4.48827 -0.623799
-0.0597147 -0.00245885 0.0023856
107
1
0.0597844 4.48827 -0.623799
-0.0597147 0.00245885 -0.0023856
108
1
0.177917 4.47695 -0.614225
-0.058075 0.00821015 -0.00734446
109
1
0.29166 4.45341 -0.596555
-0.0549948 0.0141769 -0.0116739
110
1
0.39824 4.41692 -0.573366
-0.0503736 0.0210213 -0.0139417
111
1
0.495986 4.36787 -0.549193
-0.0451928 0.0268073 -0.0136265
112
1
0.584625 4.3086 -0.528935
-0.0409069 0.031859 -0.0096582
113
1
0.664564 4.24217 -0.516461
-0.0365071 0.0348989 -0.00515055
114
1
0.736567 4.17247 -0.514371
-0.0330048 0.0358305 0.00179361
115
1
0.802804 4.10299 -0.523618
-0.0303792 0.0350166 0.00740443
116
1
0.865118 4.03775 -0.542367
-0.0300521 0.032582 0.0123349
117
1
0.924728 3.97919 -0.567833
-0.0288939 0.0280374 0.015142
118
1
0.982933 3.92814 -0.596963
-0.0280192 0.0234334 0.0155241
119
1
1.04079 3.88432 -0.627275
-0.0293956 0.0194715 0.0162316
120
1
1.09954 3.84631 -0.657346
-0.0286411 0.0162165 0.0153618
121
1
1.15894 3.8131 -0.685403
-0.0293251 0.0144397 0.0141763
122
1
1.21915 3.78364 -0.710623
-0.0305762 0.0132827 0.0123893
123
1
1.27955 3.75699 -0.73279
-0.0291734 0.0123265 0.0108316
124
1
1.33929 3.73228 -0.752505
-0.0287385 0.0122296 0.00926089
125
1
1.39874 3.70902 -0.769709
-0.0296352 0.0126925 0.00742577
126
1
1.45778 3.68634 -0.784454
-0.0289999 0.0122455 0.00621612
127
1
1.51611 3.66409 -0.797208
-0.0282606 0.011389 0.0053622
128
1
1.57404 3.64267 -0.807834
-0.0286699 0.0110185 0.00422071
129
1
1.63179 3.62245 -0.815913
-0.0288909 0.0103532 0.00324777
130
1
1.68926 3.60395 -0.821627
-0.028715 0.0089556 0.00248069
131
1
1.74642 3.5878 -0.825601
-0.0287178 0.00738761 0.00161376
132
1
1.8032 3.57447 -0.828044
-0.0282468 0.00582458 0.00092427
133
1
1.85925 3.56359 -0.828599
-0.0270816 0.00440159 0.00057274
134
1
1.91458 3.55428 -0.826547
-0.0265594 0.00347897 -0.000276704
135
1
1.96976 3.54625 -0.82125
-0.0271784 0.00296015 -0.00239563
136
1
2.02487 3.53961 -0.811964
-0.0276892 0.00239044 -0.00512123
137
1
2.07913 3.53412 -0.798261
-0.0272161 0.00187295 -0.0077204
138
1
2.13177 3.5289 -0.780034
-0.0262118 0.00213842 -0.0105514
139
1
2.18293 3.52298 -0.757852
-0.0252857 0.00326293 -0.0131674
140
1
2.23291 3.51616 -0.731689
-0.0246664 0.00433539 -0.0148624
141
1
2.28222 3.50875 -0.701802
-0.0242522 0.00483757 -0.0164531
142
1
2.33095 3.50144 -0.667518
-0.0237904 0.00495348 -0.0190818
143
1
2.37855 3.49426 -0.628346
-0.0230624 0.00471385 -0.0223703
144
1
2.42446 3.48733 -0.584913
-0.0223982 0.00410649 -0.0246585
145
1
2.46845 3.48083 -0.538432
-0.0220138 0.00324991 -0.0255722
146
1
2.51017 3.47489 -0.489828
-0.0212569 0.00211144 -0.0263604
147
1
2.54848 3.4695 -0.439382
-0.0195831 0.00129693 -0.0270386
148
1
2.58271 3.46448 -0.387315
-0.0175042 0.00146411 -0.0274576
149
1
2.61282 3.4591 -0.333662
-0.0153867 0.00230969 -0.0277627
150
1
2.63864 3.45312 -0.278866
-0.0131437 0.00297303 -0.0281071
151
1
2.66037 3.44713 -0.223602
-0.0106957 0.0030636 -0.0284653
152
1
2.67795 3.4421 -0.168064
-0.00814695 0.00270209 -0.0287625
153
1
2.69132 3.43857 -0.112303
-0.00546074 0.00203855 -0.0287882
154
1
2.69968 3.43655 -0.0562296
-0.00269055 0.00106477 -0.0284872
155
1
2.70263 3.43604 -4.99259e-015
4.71032e-017 3.00601e-016 -0.0282835
156
1
2.69968 3.43655 0.0562296
0.00269055 -0.00106477 -0.0284872
157
1
2.69132 3.43857 0.112303
0.00546074 -0.00203855 -0.0287882
158
1
2.67795 3.4421 0.168064
0.00814695 -0.00270209 -0.0287625
159
1
2.66037 3.44713 0.223602
0.0106957 -0.0030636 -0.0284653
160
1
2.63864 3.45312 0.278866
0.0131437 -0.00297303 -0.0281071
161
1
2.61282 3.4591 0.333662
0.0153867 -0.00230969 -0.0277627
162
1
2.58271 3.46448 0.387315
0.0175042 -0.00146411 -0.0274576
163
1
2.54848 3.4695 0.439382
0.0195831 -0.00129693 -0.0270386
164
1
2.51017 3.47489 0.489828
0.0212569 -0.00211144 -0.0263604
165
1
2.46845 3.48083 0.538432
0.0220138 -0.00324991 -0.0255722
166
1
2.42446 3.48733 0.584913
0.0223982 -0.00410649 -0.0246585
167
1
2.37855 3.49426 0.628346
0.0230624 -0.00471385 -0.0223703
168
1
2.33095 3.50144 0.667518
0.0237904 -0.00495348 -0.0190818
169
1
2.28222 3.50875 0.701802
0.0242522 -0.00483757 -0.0164531
170
1
2.23291 3.51616 0.731689
0.0246664 -0.00433539 -0.0148624
171
1
2.18293 3.52298 0.757852
0.0252857 -0.00326293 -0.0131674
172
1
2.13177 3.5289 0.780034
0.0262118 -0.00213842 -0.0105514
173
1
2.07913 3.53412 0.798261
0.0272161 -0.00187295 -0.0077204
174
1
2.02487 3.53961 0.811964
0.0276892 -0.00239044 -0.00512123
175
1
1.96976 3.54625 0.82125
0.0271784 -0.00296015 -0.00239563
176
1
1.91458 3.55428 0.826547
0.0265594 -0.00347897 -0.000276704
177
1
1.85925 3.56359 0.828599
0.0270816 -0.00440159 0.00057274
178
1
1.8032 3.57447 0.828044
0.0282468 -0.00582458 0.00092427
179
1
1.74642 3.5878 0.825601
0.0287178 -0.00738761 0.00161376
180
1
1.68926 3.60395 0.821627
0.028715 -0.0089556 0.00248069
181
1
1.63179 3.62245 0.815913
0.0288909 -0.0103532 0.00324777
182
1
1.57404 3.64267 0.807834
0.0286699 -0.0110185 0.00422071
183
1
1.51611 3.66409 0.797208
0.0282606 -0.011389 0.0053622
184
1
1.45778 3.68634 0.784454
0.0289999 -0.0122455 0.00621612
185
1
1.39874 3.70902 0.769709
0.0296352 -0.0126925 0.00742577
186
1
1.33929 3.73228 0.752505
0.0287385 -0.0122296 0.00926089
187
1
1.27955 3.75699 0.73279
0.0291734 -0.0123265 0.0108316
188
1
1.21915 3.78364 0.710623
0.0305762 -0.0132827 0.0123893
189
1
1.15894 3.8131 0.685403
0.0293251 -0.0144397 0.0141763
190
1
1.09954 3.84631 0.657346
0.0286411 -0.0162165 0.0153618
191
1
1.04079 3.88432 0.627275
0.0293956 -0.0194715 0.0162316
192
1
0.982933 3.92814 0.596963
0.0280192 -0.0234334 0.0155241
193
1
0.924728 3.97919 0.567833
0.0288939 -0.0280374 0.015142
