194
0
1
1.39626 7.88648 0.680409
0.0525577 0.0213888 0.0027229
1
1
1.29351 7.84484 0.67284
0.0522457 0.0210976 0.0050312
2
1
1.18395 7.80145 0.657831
0.0561412 0.0234025 0.0106268
3
1
1.07175 7.75741 0.627595
0.0566819 0.0217933 0.0187945
4
1
0.95591 7.71394 0.575482
0.0567091 0.0209469 0.0317245
5
1
0.83387 7.6752 0.49817
0.0601545 0.020472 0.0444945
6
1
0.704304 7.63417 0.383738
0.0542229 0.0141535 0.0539244
7
1
0.559797 7.58104 0.200029
0.0372077 0.0200745 0.0654557
8
1
0.618497 5.91498 0.0684609
0.0153977 -0.0420438 -0.0109713
9
1
0.0478729 10.5908 0.70354
0.000760939 -0.0138144 -0.076684
10
1
-0.0478729 10.5908 0.70354
0.000760939 0.0138144 0.076684
11
1
-0.618499 5.91498 0.0684591
0.0153975 0.0420437 0.0109713
12
1
-0.559797 7.58104 0.200029
0.0372078 -0.0200745 -0.0654557
13
1
-0.704304 7.63417 0.383738
0.0542229 -0.0141535 -0.0539244
14
1
-0.83387 7.6752 0.49817
0.0601545 -0.020472 -0.0444945
15
1
-0.95591 7.71394 0.575482
0.0567091 -0.0209469 -0.0317245
16
1
-1.07175 7.75741 0.627595
0.0566819 -0.0217933 -0.0187945
17
1
-1.18395 7.80145 0.657831
0.0561412 -0.0234025 -0.0106268
18
1
-1.29351 7.84483 0.67284
0.0522457 -0.0210976 -0.0050312
19
1
-1.39626 7.88648 0.680409
0.0525577 -0.0213888 -0.0027229
20
1
-1.48995 7.92697 0.686366
0.0435488 -0.0210616 -0.00194693
21
1
-1.576 7.96626 0.692228
0.0403804 -0.0191281 -0.00138395
22
1
-1.65601 8.00199 0.696942
0.0399127 -0.0178285 -0.000894386
23
1
-1.73348 8.03506 0.700364
0.0365057 -0.0160562 -0.000765564
24
1
-1.80818 8.06516 0.702192
0.0358906 -0.0147806 -2.60937e-006
25
1
-1.88003 8.09186 0.702408
0.0359155 -0.0136303 0.00137468
26
1
-1.94956 8.11502 0.701323
0.0325202 -0.010949 0.00111857
27
1
-2.01613 8.13435 0.699266
0.0311114 -0.00888208 0.000681859
28
1
-2.08065 8.15041 0.696222
0.0321582 -0.00776337 0.00127172
29
1
-2.14448 8.16336 0.691871
0.0319958 -0.00602664 0.00223739
30
1
-2.20731 8.17265 0.686192
0.0313414 -0.00351562 0.00261063
31
1
-2.26945 8.17819 0.679407
0.0312211 -0.00151312 0.00329342
32
1
-2.33079 8.18008 0.670981
0.0306036 7.26506e-005 0.00467449
33
1
-2.39042 8.17842 0.660391
0.030172 0.00158911 0.00602283
34
1
-2.44826 8.17346 0.64783
0.0294076 0.00301774 0.0069441
35
1
-2.50417 8.16559 0.633905
0.0269309 0.0048044 0.00741685
36
1
-2.55764 8.1551 0.618924
0.0252382 0.00661651 0.00764474
37
1
-2.60972 8.14137 0.603147
0.0255941 0.00777238 0.00813247
38
1
-2.6611 8.12441 0.586532
0.0253582 0.00923137 0.00853687
39
1
-2.71134 8.10478 0.568862
0.0239439 0.0112339 0.00855677
40
1
-2.75988 8.0829 0.55035
0.0237319 0.0124296 0.00916274
41
1
-2.80688 8.05941 0.530949
0.0235815 0.0126053 0.0101429
42
1
-2.8526 8.03542 0.510428
0.0223175 0.0129747 0.0104261
43
1
-2.8972 8.01088 0.488685
0.0220736 0.0136323 0.01088
44
1
-2.94118 7.98562 0.465052
0.0223327 0.0135291 0.0123836
45
1
-2.98491 7.95995 0.438715
0.021688 0.0132765 0.0139555
46
1
-3.02862 7.93441 0.409845
0.0221172 0.0139896 0.0151455
47
1
-3.07216 7.90994 0.378295
0.0227247 0.0136115 0.0174896
48
1
-3.11502 7.88803 0.344604
0.0223249 0.011688 0.0196887
49
1
-3.15605 7.86883 0.310271
0.0220263 0.010225 0.0188586
50
1
-3.19498 7.85283 0.276412
0.0205065 0.00827378 0.0160871
51
1
-3.23138 7.84077 0.242895
0.0190313 0.00504037 0.0152903
52
1
-3.26494 7.83328 0.20871
0.0191493 0.00169517 0.0167869
53
1
-3.29513 7.82994 0.173776
0.0183276 -0.0002313 0.0175465
54
1
-3.32029 7.82915 0.138641
0.0148494 -0.000346096 0.0165174
55
1
-3.33958 7.82983 0.103845
0.0106279 -0.000733446 0.0162349
56
1
-3.35288 7.83083 0.0693207
0.00682081 -0.00141772 0.0169198
57
1
-3.36004 7.83247 0.0345815
0.00305158 -0.00128435 0.0171237
58
1
-3.36233 7.83323 -3.86904e-009
-1.69141e-011 1.18246e-011 0.0170743
59
1
-3.36004 7.83247 -0.0345815
-0.00305158 0.00128435 0.0171237
60
1
-3.35288 7.83083 -0.0693207
-0.00682081 0.00141772 0.0169198
61
1
-3.33958 7.82983 -0.103845
-0.0106279 0.000733446 0.0162349
62
1
-3.32029 7.82915 -0.138641
-0.0148494 0.000346096 0.0165174
63
1
-3.29513 7.82994 -0.173776
-0.0183276 0.0002313 0.0175465
64
1
-3.26494 7.83328 -0.20871
-0.0191493 -0.00169517 0.0167869
65
1
-3.23138 7.84077 -0.242895
-0.0190313 -0.00504037 0.0152903
66
1
-3.19498 7.85283 -0.276412
-0.0205065 -0.00827378 0.0160871
67
1
-3.15605 7.86883 -0.310271
-0.0220263 -0.010225 0.0188586
68
1
-3.11502 7.88803 -0.344604
-0.0223249 -0.011688 0.0196887
69
1
-3.07216 7.90994 -0.378295
-0.0227247 -0.0136115 0.0174896
70
1
-3.02862 7.93441 -0.409845
-0.0221172 -0.0139896 0.0151455
71
1
-2.98491 7.95995 -0.438715
-0.021688 -0.0132765 0.0139555
72
1
-2.94118 7.98562 -0.465052
-0.0223327 -0.0135291 0.0123836
73
1
-2.8972 8.01088 -0.488685
-0.0220736 -0.0136323 0.01088
74
1
-2.8526 8.03542 -0.510428
-0.0223175 -0.0129747 0.0104261
75
1
-2.80688 8.05941 -0.530949
-0.0235815 -0.0126053 0.0101429
76
1
-2.75988 8.0829 -0.55035
-0.0237319 -0.0124296 0.00916274
77
1
-2.71134 8.10478 -0.568862
-0.0239439 -0.0112339 0.00855677
78
1
-2.6611 8.12441 -0.586532
-0.0253582 -0.00923137 0.00853687
79
1
-2.60972 8.14137 -0.603147
-0.0255941 -0.00777238 0.00813247
80
1
-2.55764 8.1551 -0.618924
-0.0252382 -0.00661651 0.00764474
81
1
-2.50417 8.16559 -0.633905
-0.0269309 -0.0048044 0.00741685
82
1
-2.44826 8.17346 -0.64783
-0.0294076 -0.00301774 0.0069441
83
1
-2.39042 8.17842 -0.660391
-0.030172 -0.00158911 0.00602283
84
1
-2.33079 8.18008 -0.670981
-0.0306036 -7.26507e-005 0.00467449
85
1
-2.26945 8.17819 -0.679407
-0.0312211 0.00151312 0.00329342
86
1
-2.20731 8.17265 -0.686192
-0.0313414 0.00351562 0.00261063
87
1
-2.14448 8.16336 -0.691871
-0.0319958 0.00602664 0.00223739
88
1
-2.08065 8.15041 -0.696222
-0.0321582 0.00776337 0.00127172
89
1
-2.01613 8.13435 -0.699266
-0.0311114 0.00888208 0.00068186
90
1
-1.94956 8.11502 -0.701323
-0.0325202 0.010949 0.00111857
91
1
-1.88003 8.09186 -0.702408
-0.0359155 0.0136303 0.00137468
92
1
-1.80818 8.06516 -0.702192
-0.0358906 0.0147806 -2.60929e-006
93
1
-1.73348 8.03506 -0.700364
-0.0365057 0.0160562 -0.000765564
94
1
-1.65601 8.00199 -0.696942
-0.0399127 0.0178285 -0.000894386
95
1
-1.576 7.96626 -0.692228
-0.0403804 0.0191281 -0.00138395
96
1
-1.48995 7.92697 -0.686366
-0.0435488 0.0210616 -0.00194693
97
1
-1.39626 7.88648 -0.680409
-0.0525577 0.0213888 -0.0027229
98
1
-1.29351 7.84484 -0.67284
-0.0522457 0.0210976 -0.0050312
99
1
-1.18395 7.80145 -0.657831
-0.0561412 0.0234025 -0.0106268
100
1
-1.07175 7.75741 -0.627595
-0.0566819 0.0217933 -0.0187945
101
1
-0.95591 7.71394 -0.575482
-0.0567091 0.0209469 -0.0317245
102
1
-0.83387 7.6752 -0.49817
-0.0601545 0.020472 -0.0444945
103
1
-0.704304 7.63417 -0.383738
-0.0542229 0.0141535 -0.0539244
104
1
-0.559797 7.58104 -0.200029
-0.0372077 0.0200745 -0.0654557
105
1
-0.618497 5.91498 -0.0684607
-0.0153977 -0.0420438 0.0109714
106
1
-0.0478729 10.5908 -0.70354
-0.000760939 -0.0138144 0.076684
107
1
0.0478729 10.5908 -0.70354
-0.000760939 0.0138144 -0.076684
108
1
0.618499 5.91498 -0.0684589
-0.0153975 0.0420437 -0.0109713
109
1
0.559797 7.58104 -0.200029
-0.0372078 -0.0200745 0.0654557
110
1
0.704304 7.63417 -0.383738
-0.0542229 -0.0141535 0.0539244
111
1
0.83387 7.6752 -0.49817
-0.0601545 -0.020472 0.0444945
112
1
0.95591 7.71394 -0.575482
-0.0567091 -0.0209469 0.0317245
113
1
1.07175 7.75741 -0.627595
-0.0566819 -0.0217933 0.0187945
114
1
1.18395 7.80145 -0.657831
-0.0561412 -0.0234025 0.0106268
115
1
1.29351 7.84483 -0.67284
-0.0522457 -0.0210976 0.0050312
116
1
1.39626 7.88648 -0.680409
-0.0525577 -0.0213888 0.0027229
117
1
1.48995 7.92697 -0.686366
-0.0435488 -0.0210616 0.00194693
118
1
1.576 7.96626 -0.692228
-0.0403804 -0.0191281 0.00138395
119
1
1.65601 8.00199 -0.696942
-0.0399127 -0.0178285 0.000894386
120
1
1.73348 8.03506 -0.700364
-0.0365057 -0.0160562 0.000765564
121
1
1.80818 8.06516 -0.702192
-0.0358906 -0.0147806 2.60936e-006
122
1
1.88003 8.09186 -0.702408
-0.0359155 -0.0136303 -0.00137468
123
1
1.94956 8.11502 -0.701323
-0.0325202 -0.010949 -0.00111857
124
1
2.01613 8.13435 -0.699266
-0.0311114 -0.00888208 -0.000681859
125
1
2.08065 8.15041 -0.696222
-0.0321582 -0.00776337 -0.00127172
126
1
2.14448 8.16336 -0.691871
-0.0319958 -0.00602664 -0.00223739
127
1
2.20731 8.17265 -0.686192
-0.0313414 -0.00351562 -0.00261063
128
1
2.26945 8.17819 -0.679407
-0.0312211 -0.00151312 -0.00329342
129
1
2.33079 8.18008 -0.670981
-0.0306036 7.26506e-005 -0.00467449
130
1
2.39042 8.17842 -0.660391
-0.030172 0.00158911 -0.00602283
131
1
2.44826 8.17346 -0.64783
-0.0294076 0.00301774 -0.0069441
132
1
2.50417 8.16559 -0.633905
-0.0269309 0.0048044 -0.00741685
133
1
2.55764 8.1551 -0.618924
-0.0252382 0.00661651 -0.00764474
134
1
2.60972 8.14137 -0.603147
-0.0255941 0.00777238 -0.00813247
135
1
2.6611 8.12441 -0.586532
-0.0253582 0.00923137 -0.00853687
136
1
2.71134 8.10478 -0.568862
-0.0239439 0.0112339 -0.00855677
137
1
2.75988 8.0829 -0.55035
-0.0237319 0.0124296 -0.00916274
138
1
2.80688 8.05941 -0.530949
-0.0235815 0.0126053 -0.0101429
139
1
2.8526 8.03542 -0.510428
-0.0223175 0.0129747 -0.0104261
140
1
2.8972 8.01088 -0.488685
-0.0220736 0.0136323 -0.01088
141
1
2.94118 7.98562 -0.465052
-0.0223327 0.0135291 -0.0123836
142
1
2.98491 7.95995 -0.438715
-0.021688 0.0132765 -0.0139555
143
1
3.02862 7.93441 -0.409845
-0.0221172 0.0139896 -0.0151455
144
1
3.07216 7.90994 -0.378295
-0.0227247 0.0136115 -0.0174896
145
1
3.11502 7.88803 -0.344604
-0.0223249 0.011688 -0.0196887
146
1
3.15605 7.86883 -0.310271
-0.0220263 0.010225 -0.0188586
147
1
3.19498 7.85283 -0.276412
-0.0205065 0.00827378 -0.0160871
148
1
3.23138 7.84077 -0.242895
-0.0190313 0.00504037 -0.0152903
149
1
3.26494 7.83328 -0.20871
-0.0191493 0.00169517 -0.0167869
150
1
3.29513 7.82994 -0.173776
-0.0183276 -0.0002313 -0.0175465
151
1
3.32029 7.82915 -0.138641
-0.0148494 -0.000346096 -0.0165174
152
1
3.33958 7.82983 -0.103845
-0.0106279 -0.000733446 -0.0162349
153
1
3.35288 7.83083 -0.0693207
-0.00682081 -0.00141772 -0.0169198
154
1
3.36004 7.83247 -0.0345815
-0.00305158 -0.00128435 -0.0171237
155
1
3.36233 7.83323 3.89061e-009
1.59493e-011 1.08299e-011 -0.0170743
156
1
3.36004 7.83247 0.0345815
0.00305158 0.00128435 -0.0171237
157
1
3.35288 7.83083 0.0693207
0.00682081 0.00141772 -0.0169198
158
1
3.33958 7.82983 0.103845
0.0106279 0.000733446 -0.0162349
159
1
3.32029 7.82915 0.138641
0.0148494 0.000346096 -0.0165174
160
1
3.29513 7.82994 0.173776
0.0183276 0.0002313 -0.0175465
161
1
3.26494 7.83328 0.20871
0.0191493 -0.00169517 -0.0167869
162
1
3.23138 7.84077 0.242895
0.0190313 -0.00504037 -0.0152903
163
1
3.19498 7.85283 0.276412
0.0205065 -0.00827378 -0.0160871
164
1
3.15605 7.86883 0.310271
0.0220263 -0.010225 -0.0188586
165
1
3.11502 7.88803 0.344604
0.0223249 -0.011688 -0.0196887
166
1
3.07216 7.90994 0.378295
0.0227247 -0.0136115 -0.0174896
167
1
3.02862 7.93441 0.409845
0.0221172 -0.0139896 -0.0151455
168
1
2.98491 7.95995 0.438715
0.021688 -0.0132765 -0.0139555
169
1
2.94118 7.98562 0.465052
0.0223327 -0.0135291 -0.0123836
170
1
2.8972 8.01088 0.488685
0.0220736 -0.0136323 -0.01088
171
1
2.8526 8.03542 0.510428
0.0223175 -0.0129747 -0.0104261
172
1
2.80688 8.05941 0.530949
0.0235815 -0.0126053 -0.0101429
173
1
2.75988 8.0829 0.55035
0.0237319 -0.0124296 -0.00916274
174
1
2.71134 8.10478 0.568862
0.0239439 -0.0112339 -0.00855677
175
1
2.6611 8.12441 0.586532
0.0253582 -0.00923137 -0.00853687
176
1
2.60972 8.14137 0.603147
0.0255941 -0.00777238 -0.00813247
177
1
2.55764 8.1551 0.618924
0.0252382 -0.00661651 -0.00764474
178
1
2.50417 8.16559 0.633905
0.0269309 -0.0048044 -0.00741685
179
1
2.44826 8.17346 0.64783
0.0294076 -0.00301774 -0.0069441
180
1
2.39042 8.17842 0.660391
0.030172 -0.00158911 -0.00602283
181
1
2.33079 8.18008 0.670981
0.0306036 -7.26507e-005 -0.00467449
182
1
2.26945 8.17819 0.679407
0.0312211 0.00151312 -0.00329342
183
1
2.20731 8.17265 0.686192
0.0313414 0.00351562 -0.00261063
184
1
2.14448 8.16336 0.691871
0.0319958 0.00602664 -0.00223739
185
1
2.08065 8.15041 0.696222
0.0321582 0.00776337 -0.00127172
186
1
2.01613 8.13435 0.699266
0.0311114 0.00888208 -0.00068186
187
1
1.94956 8.11502 0.701323
0.0325202 0.010949 -0.00111857
188
1
1.88003 8.09186 0.702408
0.0359155 0.0136303 -0.00137468
189
1
1.80818 8.06516 0.702192
0.0358906 0.0147806 2.6093e-006
190
1
1.73348 8.03506 0.700364
0.0365057 0.0160562 0.000765564
191
1
1.65601 8.00199 0.696942
0.0399127 0.0178285 0.000894386
192
1
1.576 7.96626 0.692228
0.0403804 0.0191281 0.00138395
193
1
1.48995 7.92697 0.686366
0.0435488 0.0210616 0.00194693
