194
0
1
0.746852 9.98311 1.03794
0.0108359 0.0506534 -0.00598046
1
1
0.726133 9.89609 1.0519
0.0111738 0.0385654 -0.00735958
2
1
0.685298 9.80943 1.067
0.0253725 0.0425801 -0.00768477
3
1
0.617993 9.7184 1.0815
0.0456183 0.0502827 -0.00778262
4
1
0.537876 9.63393 1.0957
0.0428371 0.0405036 -0.00961411
5
1
0.447531 9.55642 1.11121
0.043378 0.0339418 -0.00883542
6
1
0.329531 9.50121 1.11022
0.0571079 0.0140153 0.00458687
7
1
0.16001 9.47786 1.05321
0.0460729 -0.0112221 0.0387505
8
1
0.226241 6.74063 0.0567881
-0.0369549 0.033235 -0.00921271
9
1
0.998021 12.403 0.060487
-0.0343412 0.0610287 0.00813969
10
1
-0.998022 12.403 0.0604939
-0.0343412 -0.0610288 -0.00813912
11
1
-0.226252 6.74064 0.0566839
-0.0369463 -0.0332268 0.00920313
12
1
-0.16001 9.47786 1.05321
0.0460729 0.0112221 -0.0387505
13
1
-0.32953 9.50121 1.11022
0.0571079 -0.0140154 -0.00458685
14
1
-0.447531 9.55642 1.1112
0.043378 -0.0339418 0.00883542
15
1
-0.537876 9.63393 1.0957
0.0428371 -0.0405036 0.00961411
16
1
-0.617993 9.7184 1.0815
0.0456183 -0.0502827 0.00778261
17
1
-0.685298 9.80943 1.067
0.0253726 -0.0425801 0.00768476
18
1
-0.726133 9.89609 1.0519
0.0111738 -0.0385654 0.00735958
19
1
-0.746851 9.98311 1.03794
0.0108359 -0.0506534 0.00598045
20
1
-0.751489 10.0671 1.02157
-0.00359438 -0.0422256 0.00987491
21
1
-0.742561 10.1444 0.999196
-0.00924362 -0.0294611 0.0126019
22
1
-0.729793 10.2149 0.973863
-0.00958043 -0.0348199 0.0173303
23
1
-0.717498 10.2831 0.949845
-0.00899853 -0.0333441 0.0136273
24
1
-0.705678 10.3452 0.932422
-0.00765722 -0.0242342 0.00437083
25
1
-0.694671 10.4013 0.921838
-0.00671561 -0.0258926 0.00377931
26
1
-0.685482 10.4552 0.916537
-0.0040516 -0.0262552 0.00413668
27
1
-0.68008 10.5072 0.915444
-0.0014826 -0.0240639 0.000956884
28
1
-0.679972 10.5579 0.917594
0.000481422 -0.0235198 -0.00330298
29
1
-0.683984 10.6087 0.921648
0.00224502 -0.02473 -0.00494599
30
1
-0.691092 10.658 0.927695
0.00486683 -0.0231505 -0.00668549
31
1
-0.701729 10.7058 0.935889
0.00684563 -0.0222766 -0.00657731
32
1
-0.716176 10.7528 0.94377
0.00714586 -0.0234672 -0.00553033
33
1
-0.733368 10.7976 0.949312
0.00782302 -0.0240691 -0.00565309
34
1
-0.752578 10.8398 0.95106
0.0108977 -0.0223154 -0.00283603
35
1
-0.774332 10.8801 0.949228
0.0126931 -0.0190338 0.00233015
36
1
-0.798176 10.9174 0.942957
0.0124121 -0.0163949 0.00356839
37
1
-0.824872 10.9513 0.933497
0.0151459 -0.0155802 0.00471603
38
1
-0.854491 10.9828 0.919853
0.0169513 -0.0140593 0.00857482
39
1
-0.88548 11.0119 0.901452
0.0138905 -0.0114629 0.01068
40
1
-0.916442 11.0388 0.879435
0.0138 -0.0114366 0.0125931
41
1
-0.948592 11.0641 0.854354
0.0173618 -0.0119857 0.0159306
42
1
-0.981807 11.0881 0.825358
0.0174719 -0.0100423 0.016155
43
1
-1.01567 11.1102 0.793596
0.0160444 -0.00877537 0.0147933
44
1
-1.05024 11.1309 0.75878
0.0186761 -0.00958075 0.0172082
45
1
-1.08663 11.1513 0.71977
0.0218645 -0.0103516 0.0229096
46
1
-1.12397 11.1713 0.67609
0.0191282 -0.0101928 0.0230303
47
1
-1.16027 11.1923 0.629691
0.0176888 -0.0115173 0.0221812
48
1
-1.19554 11.2141 0.579753
0.0188187 -0.0139274 0.0283157
49
1
-1.22838 11.2352 0.527884
0.0161588 -0.012049 0.0300154
50
1
-1.25888 11.2541 0.474521
0.0139484 -0.00844756 0.0270855
51
1
-1.28833 11.2715 0.418275
0.0154123 -0.00838119 0.0297158
52
1
-1.3168 11.2877 0.360207
0.0159271 -0.00913714 0.0326333
53
1
-1.34386 11.3014 0.300372
0.0154613 -0.00650745 0.0341869
54
1
-1.36796 11.312 0.239532
0.0145656 -0.00510177 0.0343029
55
1
-1.3878 11.3201 0.178452
0.00996952 -0.00468009 0.0328276
56
1
-1.40255 11.3257 0.11853
0.00710171 -0.00309114 0.0311918
57
1
-1.41182 11.3287 0.0583931
0.00373858 -0.000752715 0.0296937
58
1
-1.41494 11.3293 -6.31826e-008
2.87243e-009 8.30391e-010 0.0291736
59
1
-1.41182 11.3287 -0.0583932
-0.00373857 0.000752717 0.0296937
60
1
-1.40255 11.3257 -0.11853
-0.0071017 0.00309115 0.0311918
61
1
-1.3878 11.3201 -0.178452
-0.00996951 0.0046801 0.0328276
62
1
-1.36796 11.312 -0.239532
-0.0145656 0.00510178 0.0343029
63
1
-1.34386 11.3014 -0.300372
-0.0154612 0.00650745 0.0341869
64
1
-1.3168 11.2877 -0.360207
-0.0159271 0.00913714 0.0326333
65
1
-1.28833 11.2715 -0.418275
-0.0154123 0.00838119 0.0297158
66
1
-1.25888 11.2541 -0.474521
-0.0139484 0.00844756 0.0270855
67
1
-1.22838 11.2352 -0.527885
-0.0161588 0.012049 0.0300154
68
1
-1.19554 11.2141 -0.579753
-0.0188187 0.0139274 0.0283157
69
1
-1.16027 11.1923 -0.629691
-0.0176888 0.0115174 0.0221812
70
1
-1.12397 11.1713 -0.67609
-0.0191282 0.0101929 0.0230304
71
1
-1.08663 11.1513 -0.71977
-0.0218645 0.0103516 0.0229096
72
1
-1.05024 11.1309 -0.75878
-0.0186761 0.00958075 0.0172082
73
1
-1.01567 11.1102 -0.793596
-0.0160444 0.00877537 0.0147933
74
1
-0.981807 11.0881 -0.825358
-0.0174719 0.0100423 0.016155
75
1
-0.948592 11.0641 -0.854354
-0.0173618 0.0119857 0.0159306
76
1
-0.916443 11.0388 -0.879435
-0.0138 0.0114366 0.0125931
77
1
-0.885481 11.0119 -0.901452
-0.0138905 0.0114629 0.01068
78
1
-0.854491 10.9828 -0.919853
-0.0169513 0.0140593 0.00857483
79
1
-0.824873 10.9513 -0.933497
-0.0151459 0.0155802 0.00471603
80
1
-0.798176 10.9174 -0.942957
-0.0124121 0.0163949 0.0035684
81
1
-0.774332 10.8801 -0.949228
-0.0126931 0.0190338 0.00233015
82
1
-0.752579 10.8398 -0.95106
-0.0108977 0.0223154 -0.00283603
83
1
-0.733368 10.7976 -0.949313
-0.00782302 0.0240691 -0.00565309
84
1
-0.716176 10.7528 -0.94377
-0.00714586 0.0234672 -0.00553033
85
1
-0.701729 10.7058 -0.935889
-0.00684563 0.0222766 -0.00657731
86
1
-0.691092 10.658 -0.927696
-0.00486683 0.0231505 -0.00668549
87
1
-0.683984 10.6087 -0.921648
-0.00224503 0.02473 -0.00494599
88
1
-0.679972 10.5579 -0.917594
-0.000481424 0.0235198 -0.00330298
89
1
-0.68008 10.5072 -0.915444
0.0014826 0.0240639 0.000956881
90
1
-0.685482 10.4552 -0.916537
0.0040516 0.0262552 0.00413668
91
1
-0.694671 10.4013 -0.921838
0.00671562 0.0258926 0.0037793
92
1
-0.705678 10.3452 -0.932422
0.00765723 0.0242342 0.00437082
93
1
-0.717498 10.2831 -0.949845
0.00899854 0.0333441 0.0136273
94
1
-0.729793 10.2149 -0.973863
0.00958044 0.0348198 0.0173303
95
1
-0.742561 10.1444 -0.999196
0.00924362 0.0294611 0.0126019
96
1
-0.751489 10.0671 -1.02157
0.00359439 0.0422256 0.00987491
97
1
-0.746852 9.98311 -1.03794
-0.0108359 0.0506534 0.00598046
98
1
-0.726133 9.89609 -1.0519
-0.0111738 0.0385654 0.00735958
99
1
-0.685298 9.80943 -1.067
-0.0253725 0.0425801 0.00768477
100
1
-0.617993 9.7184 -1.0815
-0.0456183 0.0502827 0.00778262
101
1
-0.537876 9.63393 -1.0957
-0.0428371 0.0405036 0.00961411
102
1
-0.447531 9.55642 -1.11121
-0.043378 0.0339418 0.00883542
103
1
-0.329531 9.50121 -1.11022
-0.0571079 0.0140153 -0.00458687
104
1
-0.16001 9.47786 -1.05321
-0.0460729 -0.0112221 -0.0387505
105
1
-0.22624 6.74063 -0.0567843
0.0369547 0.0332349 0.00921298
106
1
-0.998021 12.403 -0.060487
0.0343412 0.0610287 -0.00813969
107
1
0.998022 12.403 -0.0604939
0.0343412 -0.0610288 0.00813912
108
1
0.226251 6.74064 -0.0566801
0.0369462 -0.0332266 -0.0092034
109
1
0.16001 9.47786 -1.05321
-0.0460729 0.0112221 0.0387505
110
1
0.32953 9.50121 -1.11022
-0.0571079 -0.0140154 0.00458685
111
1
0.447531 9.55642 -1.1112
-0.043378 -0.0339418 -0.00883542
112
1
0.537876 9.63393 -1.0957
-0.0428371 -0.0405036 -0.00961411
113
1
0.617993 9.7184 -1.0815
-0.0456183 -0.0502827 -0.00778261
114
1
0.685298 9.80943 -1.067
-0.0253726 -0.0425801 -0.00768476
115
1
0.726133 9.89609 -1.0519
-0.0111738 -0.0385654 -0.00735958
116
1
0.746851 9.98311 -1.03794
-0.0108359 -0.0506534 -0.00598045
117
1
0.751489 10.0671 -1.02157
0.00359438 -0.0422256 -0.00987491
118
1
0.742561 10.1444 -0.999196
0.00924362 -0.0294611 -0.0126019
119
1
0.729793 10.2149 -0.973863
0.00958043 -0.0348199 -0.0173303
120
1
0.717498 10.2831 -0.949845
0.00899853 -0.0333441 -0.0136273
121
1
0.705678 10.3452 -0.932422
0.00765722 -0.0242342 -0.00437083
122
1
0.694671 10.4013 -0.921838
0.00671561 -0.0258926 -0.00377931
123
1
0.685482 10.4552 -0.916537
0.0040516 -0.0262552 -0.00413668
124
1
0.68008 10.5072 -0.915444
0.0014826 -0.0240639 -0.000956884
125
1
0.679972 10.5579 -0.917594
-0.000481422 -0.0235198 0.00330298
126
1
0.683984 10.6087 -0.921648
-0.00224502 -0.02473 0.00494599
127
1
0.691092 10.658 -0.927695
-0.00486683 -0.0231505 0.00668549
128
1
0.701729 10.7058 -0.935889
-0.00684563 -0.0222766 0.00657731
129
1
0.716176 10.7528 -0.94377
-0.00714586 -0.0234672 0.00553033
130
1
0.733368 10.7976 -0.949312
-0.00782302 -0.0240691 0.00565309
131
1
0.752578 10.8398 -0.95106
-0.0108977 -0.0223154 0.00283603
132
1
0.774332 10.8801 -0.949228
-0.0126931 -0.0190338 -0.00233015
133
1
0.798176 10.9174 -0.942957
-0.0124121 -0.0163949 -0.00356839
134
1
0.824872 10.9513 -0.933497
-0.0151459 -0.0155802 -0.00471603
135
1
0.854491 10.9828 -0.919853
-0.0169513 -0.0140593 -0.00857482
136
1
0.88548 11.0119 -0.901452
-0.0138905 -0.0114629 -0.01068
137
1
0.916442 11.0388 -0.879435
-0.0138 -0.0114366 -0.0125931
138
1
0.948592 11.0641 -0.854354
-0.0173618 -0.0119857 -0.0159306
139
1
0.981807 11.0881 -0.825358
-0.0174719 -0.0100423 -0.016155
140
1
1.01567 11.1102 -0.793596
-0.0160444 -0.00877537 -0.0147933
141
1
1.05024 11.1309 -0.75878
-0.0186761 -0.00958075 -0.0172082
142
1
1.08663 11.1513 -0.71977
-0.0218645 -0.0103516 -0.0229096
143
1
1.12397 11.1713 -0.67609
-0.0191282 -0.0101928 -0.0230303
144
1
1.16027 11.1923 -0.629691
-0.0176888 -0.0115173 -0.0221812
145
1
1.19554 11.2141 -0.579753
-0.0188187 -0.0139274 -0.0283157
146
1
1.22838 11.2352 -0.527884
-0.0161588 -0.012049 -0.0300154
147
1
1.25888 11.2541 -0.474521
-0.0139484 -0.00844756 -0.0270855
148
1
1.28833 11.2715 -0.418275
-0.0154123 -0.00838119 -0.0297158
149
1
1.3168 11.2877 -0.360207
-0.0159271 -0.00913714 -0.0326333
150
1
1.34386 11.3014 -0.300372
-0.0154613 -0.00650745 -0.0341869
151
1
1.36796 11.312 -0.239532
-0.0145656 -0.00510177 -0.0343029
152
1
1.3878 11.3201 -0.178452
-0.00996952 -0.00468009 -0.0328276
153
1
1.40255 11.3257 -0.11853
-0.00710171 -0.00309114 -0.0311918
154
1
1.41182 11.3287 -0.0583931
-0.00373858 -0.000752715 -0.0296937
155
1
1.41494 11.3293 7.0882e-008
-2.88449e-009 1.0216e-009 -0.0291736
156
1
1.41182 11.3287 0.0583933
0.00373857 0.000752717 -0.0296937
157
1
1.40255 11.3257 0.11853
0.0071017 0.00309115 -0.0311918
158
1
1.3878 11.3201 0.178452
0.00996951 0.0046801 -0.0328276
159
1
1.36796 11.312 0.239532
0.0145656 0.00510178 -0.0343029
160
1
1.34386 11.3014 0.300372
0.0154612 0.00650745 -0.0341869
161
1
1.3168 11.2877 0.360207
0.0159271 0.00913714 -0.0326333
162
1
1.28833 11.2715 0.418275
0.0154123 0.00838119 -0.0297158
163
1
1.25888 11.2541 0.474521
0.0139484 0.00844756 -0.0270855
164
1
1.22838 11.2352 0.527885
0.0161588 0.012049 -0.0300154
165
1
1.19554 11.2141 0.579753
0.0188187 0.0139274 -0.0283157
166
1
1.16027 11.1923 0.629691
0.0176888 0.0115174 -0.0221812
167
1
1.12397 11.1713 0.67609
0.0191282 0.0101929 -0.0230304
168
1
1.08663 11.1513 0.71977
0.0218645 0.0103516 -0.0229096
169
1
1.05024 11.1309 0.75878
0.0186761 0.00958075 -0.0172082
170
1
1.01567 11.1102 0.793596
0.0160444 0.00877537 -0.0147933
171
1
0.981807 11.0881 0.825358
0.0174719 0.0100423 -0.016155
172
1
0.948592 11.0641 0.854354
0.0173618 0.0119857 -0.0159306
173
1
0.916443 11.0388 0.879435
0.0138 0.0114366 -0.0125931
174
1
0.885481 11.0119 0.901452
0.0138905 0.0114629 -0.01068
175
1
0.854491 10.9828 0.919853
0.0169513 0.0140593 -0.00857483
176
1
0.824873 10.9513 0.933497
0.0151459 0.0155802 -0.00471603
177
1
0.798176 10.9174 0.942957
0.0124121 0.0163949 -0.0035684
178
1
0.774332 10.8801 0.949228
0.0126931 0.0190338 -0.00233015
179
1
0.752579 10.8398 0.95106
0.0108977 0.0223154 0.00283603
180
1
0.733368 10.7976 0.949313
0.00782302 0.0240691 0.00565309
181
1
0.716176 10.7528 0.94377
0.00714586 0.0234672 0.00553033
182
1
0.701729 10.7058 0.935889
0.00684563 0.0222766 0.00657731
183
1
0.691092 10.658 0.927696
0.00486683 0.0231505 0.00668549
184
1
0.683984 10.6087 0.921648
0.00224503 0.02473 0.00494599
185
1
0.679972 10.5579 0.917594
0.000481424 0.0235198 0.00330298
186
1
0.68008 10.5072 0.915444
-0.0014826 0.0240639 -0.000956881
187
1
0.685482 10.4552 0.916537
-0.0040516 0.0262552 -0.00413668
188
1
0.694671 10.4013 0.921838
-0.00671562 0.0258926 -0.0037793
189
1
0.705678 10.3452 0.932422
-0.00765723 0.0242342 -0.00437082
190
1
0.717498 10.2831 0.949845
-0.00899854 0.0333441 -0.0136273
191
1
0.729793 10.2149 0.973863
-0.00958044 0.0348198 -0.0173303
192
1
0.742561 10.1444 0.999196
-0.00924362 0.0294611 -0.0126019
193
1
0.751489 10.0671 1.02157
-0.00359439 0.0422256 -0.00987491
