194
0
1
0.746573 9.75386 0.698236
-0.00245058 0.0409375 0.0177749
1
1
0.741351 9.67937 0.662558
-0.00528465 0.035631 0.0152013
2
1
0.731898 9.59942 0.631965
0.00445255 0.040842 0.0115851
3
1
0.70392 9.51403 0.605702
0.0186838 0.0491942 0.00785046
4
1
0.650068 9.43683 0.586167
0.0327841 0.03364 0.00740651
5
1
0.565557 9.37752 0.572013
0.0498099 0.0189337 0.00574652
6
1
0.436268 9.33971 0.566729
0.0719834 0.00303138 -0.00597768
7
1
0.219232 9.33059 0.610531
0.0687546 -0.00754311 -0.0296754
8
1
0.752898 6.73476 0.0566264
0.0321896 0.0363527 -0.00925149
9
1
1.2057 12.9589 0.0563921
-0.0631998 -0.0184138 0.00772605
10
1
-1.2057 12.9589 0.0563936
-0.0631998 0.0184138 -0.00772586
11
1
-0.752909 6.7348 0.0563443
0.0321808 -0.036346 0.00927812
12
1
-0.219232 9.33059 0.610531
0.0687546 0.00754309 0.0296754
13
1
-0.436269 9.33971 0.566729
0.0719834 -0.00303139 0.00597769
14
1
-0.565557 9.37752 0.572013
0.0498099 -0.0189337 -0.00574652
15
1
-0.650068 9.43683 0.586167
0.0327841 -0.03364 -0.00740651
16
1
-0.70392 9.51403 0.605702
0.0186838 -0.0491942 -0.00785045
17
1
-0.731898 9.59942 0.631965
0.00445255 -0.040842 -0.011585
18
1
-0.741351 9.67937 0.662558
-0.00528465 -0.035631 -0.0152013
19
1
-0.746573 9.75386 0.698236
-0.00245059 -0.0409375 -0.0177749
20
1
-0.75663 9.82037 0.738366
0.004052 -0.0326146 -0.0218241
21
1
-0.774106 9.87634 0.781811
0.009621 -0.02131 -0.0230764
22
1
-0.796348 9.92405 0.826589
0.0125631 -0.0210086 -0.0247224
23
1
-0.821412 9.96818 0.872769
0.0140238 -0.0195004 -0.0233898
24
1
-0.84931 10.0081 0.918028
0.0160884 -0.0168531 -0.0229233
25
1
-0.878636 10.0452 0.959359
0.0153578 -0.0167742 -0.0215742
26
1
-0.908151 10.0813 0.994722
0.0126152 -0.0157358 -0.0168962
27
1
-0.936852 10.1173 1.02383
0.0126585 -0.0154409 -0.0145078
28
1
-0.964987 10.1546 1.04746
0.0140025 -0.0171427 -0.013691
29
1
-0.992327 10.1946 1.06666
0.0136662 -0.0202179 -0.00953782
30
1
-1.01937 10.2361 1.08057
0.0132189 -0.021647 -0.005109
31
1
-1.04768 10.2781 1.08828
0.013794 -0.0220763 -0.000512518
32
1
-1.07782 10.3198 1.08897
0.0147579 -0.0216779 0.00276321
33
1
-1.10915 10.3602 1.08366
0.0162588 -0.0198496 0.00386976
34
1
-1.14119 10.3992 1.07399
0.0184733 -0.0191309 0.00665042
35
1
-1.17442 10.4372 1.06148
0.0172032 -0.0192696 0.00904718
36
1
-1.20748 10.4741 1.04665
0.0146745 -0.0177431 0.00801642
37
1
-1.24069 10.5095 1.02984
0.0168647 -0.0170552 0.00891617
38
1
-1.27414 10.545 1.01051
0.0183083 -0.017138 0.0111356
39
1
-1.30649 10.581 0.98901
0.0148951 -0.0158938 0.0100486
40
1
-1.33744 10.6158 0.96633
0.0149504 -0.0165283 0.0101102
41
1
-1.36765 10.6484 0.940863
0.0170619 -0.0173218 0.0133325
42
1
-1.39598 10.6795 0.911665
0.0141325 -0.0147191 0.0151827
43
1
-1.42179 10.7085 0.878908
0.010975 -0.0132031 0.0150327
44
1
-1.44614 10.7363 0.842616
0.011583 -0.0149307 0.0180235
45
1
-1.47071 10.7628 0.801728
0.0127222 -0.0159954 0.0243954
46
1
-1.49543 10.7866 0.755646
0.0115789 -0.0117177 0.0249154
47
1
-1.52051 10.806 0.706302
0.0122703 -0.00704395 0.0243593
48
1
-1.5462 10.8205 0.652557
0.0150414 -0.00470767 0.030702
49
1
-1.57082 10.8308 0.596481
0.0135753 -0.00371927 0.0316068
50
1
-1.59336 10.838 0.538514
0.0108265 -0.00191204 0.0289169
51
1
-1.61412 10.8428 0.476983
0.0111057 -0.000684927 0.0323614
52
1
-1.63268 10.8459 0.41276
0.0100194 -0.00128014 0.0359904
53
1
-1.64812 10.8479 0.345324
0.00653623 -0.000760306 0.0395491
54
1
-1.65952 10.8492 0.275741
0.00476682 -0.000299973 0.0403915
55
1
-1.66741 10.8506 0.205697
0.00265861 -0.0010051 0.0383765
56
1
-1.67264 10.8518 0.136697
0.00140645 -0.000210816 0.0361233
57
1
-1.67529 10.852 0.0673767
-5.89229e-005 0.00102268 0.0345796
58
1
-1.67593 10.8517 -7.16268e-008
1.21919e-009 1.29688e-009 0.0340712
59
1
-1.67529 10.852 -0.0673768
5.89254e-005 -0.00102268 0.0345796
60
1
-1.67264 10.8518 -0.136697
-0.00140644 0.000210819 0.0361233
61
1
-1.66741 10.8506 -0.205697
-0.00265861 0.0010051 0.0383765
62
1
-1.65952 10.8492 -0.275742
-0.00476681 0.000299976 0.0403915
63
1
-1.64812 10.8479 -0.345324
-0.00653622 0.000760309 0.0395491
64
1
-1.63268 10.8459 -0.41276
-0.0100194 0.00128014 0.0359904
65
1
-1.61412 10.8428 -0.476983
-0.0111057 0.000684929 0.0323614
66
1
-1.59336 10.838 -0.538514
-0.0108265 0.00191204 0.0289169
67
1
-1.57082 10.8308 -0.596481
-0.0135752 0.00371927 0.0316068
68
1
-1.5462 10.8205 -0.652557
-0.0150414 0.00470767 0.030702
69
1
-1.52051 10.806 -0.706302
-0.0122703 0.00704395 0.0243593
70
1
-1.49543 10.7866 -0.755647
-0.0115789 0.0117177 0.0249154
71
1
-1.47071 10.7628 -0.801728
-0.0127222 0.0159954 0.0243954
72
1
-1.44614 10.7363 -0.842616
-0.011583 0.0149307 0.0180235
73
1
-1.42179 10.7085 -0.878909
-0.010975 0.0132031 0.0150327
74
1
-1.39598 10.6795 -0.911665
-0.0141325 0.0147191 0.0151827
75
1
-1.36765 10.6484 -0.940863
-0.0170619 0.0173218 0.0133325
76
1
-1.33744 10.6158 -0.96633
-0.0149504 0.0165283 0.0101102
77
1
-1.30649 10.581 -0.98901
-0.0148951 0.0158938 0.0100486
78
1
-1.27414 10.545 -1.01051
-0.0183083 0.017138 0.0111356
79
1
-1.24069 10.5095 -1.02984
-0.0168647 0.0170552 0.00891617
80
1
-1.20748 10.4741 -1.04665
-0.0146745 0.0177431 0.00801642
81
1
-1.17442 10.4372 -1.06148
-0.0172032 0.0192696 0.00904718
82
1
-1.14119 10.3992 -1.07399
-0.0184733 0.0191309 0.00665042
83
1
-1.10915 10.3602 -1.08366
-0.0162588 0.0198496 0.00386976
84
1
-1.07782 10.3198 -1.08897
-0.0147579 0.0216779 0.00276321
85
1
-1.04768 10.2781 -1.08828
-0.013794 0.0220763 -0.000512518
86
1
-1.01937 10.2361 -1.08057
-0.0132189 0.0216471 -0.005109
87
1
-0.992327 10.1946 -1.06666
-0.0136662 0.0202179 -0.00953782
88
1
-0.964987 10.1546 -1.04746
-0.0140025 0.0171427 -0.013691
89
1
-0.936852 10.1173 -1.02383
-0.0126585 0.0154409 -0.0145078
90
1
-0.908151 10.0813 -0.994722
-0.0126152 0.0157358 -0.0168962
91
1
-0.878636 10.0452 -0.959359
-0.0153578 0.0167742 -0.0215742
92
1
-0.84931 10.0081 -0.918028
-0.0160884 0.0168532 -0.0229233
93
1
-0.821412 9.96818 -0.872769
-0.0140238 0.0195004 -0.0233898
94
1
-0.796348 9.92405 -0.82659
-0.0125631 0.0210086 -0.0247224
95
1
-0.774106 9.87634 -0.781811
-0.00962101 0.02131 -0.0230764
96
1
-0.75663 9.82037 -0.738367
-0.00405201 0.0326146 -0.0218241
97
1
-0.746573 9.75386 -0.698236
0.00245058 0.0409375 -0.0177749
98
1
-0.741351 9.67937 -0.662558
0.00528464 0.035631 -0.0152013
99
1
-0.731898 9.59942 -0.631965
-0.00445256 0.040842 -0.0115851
100
1
-0.70392 9.51403 -0.605702
-0.0186838 0.0491942 -0.00785046
101
1
-0.650068 9.43683 -0.586167
-0.0327841 0.03364 -0.00740651
102
1
-0.565557 9.37752 -0.572013
-0.0498099 0.0189337 -0.00574652
103
1
-0.436268 9.33971 -0.566729
-0.0719834 0.00303138 0.00597768
104
1
-0.219232 9.33059 -0.610531
-0.0687546 -0.00754311 0.0296754
105
1
-0.752898 6.73476 -0.0566221
-0.0321895 0.0363526 0.00925194
106
1
-1.2057 12.9589 -0.0563921
0.0631998 -0.0184138 -0.00772605
107
1
1.2057 12.9589 -0.0563936
0.0631998 0.0184138 0.00772586
108
1
0.75291 6.7348 -0.0563401
-0.0321807 -0.0363459 -0.00927856
109
1
0.219232 9.33059 -0.610531
-0.0687546 0.00754309 -0.0296754
110
1
0.436268 9.33971 -0.566729
-0.0719834 -0.00303139 -0.00597769
111
1
0.565557 9.37752 -0.572013
-0.0498099 -0.0189337 0.00574652
112
1
0.650068 9.43683 -0.586167
-0.0327841 -0.03364 0.00740651
113
1
0.70392 9.51403 -0.605702
-0.0186838 -0.0491942 0.00785045
114
1
0.731898 9.59942 -0.631965
-0.00445256 -0.040842 0.011585
115
1
0.741351 9.67937 -0.662558
0.00528465 -0.035631 0.0152013
116
1
0.746573 9.75386 -0.698236
0.00245059 -0.0409375 0.0177749
117
1
0.75663 9.82037 -0.738366
-0.004052 -0.0326146 0.0218241
118
1
0.774106 9.87634 -0.781811
-0.009621 -0.02131 0.0230764
119
1
0.796348 9.92405 -0.826589
-0.0125631 -0.0210086 0.0247224
120
1
0.821412 9.96818 -0.872769
-0.0140238 -0.0195004 0.0233898
121
1
0.84931 10.0081 -0.918028
-0.0160884 -0.0168531 0.0229233
122
1
0.878636 10.0452 -0.959359
-0.0153578 -0.0167742 0.0215742
123
1
0.908151 10.0813 -0.994722
-0.0126152 -0.0157358 0.0168962
124
1
0.936852 10.1173 -1.02383
-0.0126585 -0.0154409 0.0145078
125
1
0.964987 10.1546 -1.04746
-0.0140025 -0.0171427 0.013691
126
1
0.992327 10.1946 -1.06666
-0.0136662 -0.0202179 0.00953782
127
1
1.01937 10.2361 -1.08057
-0.0132189 -0.021647 0.005109
128
1
1.04768 10.2781 -1.08828
-0.013794 -0.0220763 0.000512518
129
1
1.07782 10.3198 -1.08897
-0.0147579 -0.0216779 -0.00276321
130
1
1.10915 10.3602 -1.08366
-0.0162588 -0.0198496 -0.00386976
131
1
1.14119 10.3992 -1.07399
-0.0184733 -0.0191309 -0.00665042
132
1
1.17442 10.4372 -1.06148
-0.0172032 -0.0192696 -0.00904718
133
1
1.20748 10.4741 -1.04665
-0.0146745 -0.0177431 -0.00801642
134
1
1.24069 10.5095 -1.02984
-0.0168647 -0.0170552 -0.00891617
135
1
1.27414 10.545 -1.01051
-0.0183083 -0.017138 -0.0111356
136
1
1.30649 10.581 -0.98901
-0.0148951 -0.0158938 -0.0100486
137
1
1.33744 10.6158 -0.96633
-0.0149504 -0.0165283 -0.0101102
138
1
1.36765 10.6484 -0.940863
-0.0170619 -0.0173218 -0.0133325
139
1
1.39598 10.6795 -0.911665
-0.0141325 -0.0147191 -0.0151827
140
1
1.42179 10.7085 -0.878908
-0.010975 -0.0132031 -0.0150327
141
1
1.44614 10.7363 -0.842616
-0.011583 -0.0149307 -0.0180235
142
1
1.47071 10.7628 -0.801728
-0.0127222 -0.0159954 -0.0243954
143
1
1.49543 10.7866 -0.755646
-0.0115789 -0.0117177 -0.0249154
144
1
1.52051 10.806 -0.706302
-0.0122703 -0.00704395 -0.0243593
145
1
1.5462 10.8205 -0.652557
-0.0150414 -0.00470767 -0.030702
146
1
1.57082 10.8308 -0.596481
-0.0135753 -0.00371927 -0.0316068
147
1
1.59336 10.838 -0.538514
-0.0108265 -0.00191203 -0.0289169
148
1
1.61412 10.8428 -0.476983
-0.0111057 -0.000684927 -0.0323614
149
1
1.63268 10.8459 -0.41276
-0.0100194 -0.00128014 -0.0359904
150
1
1.64812 10.8479 -0.345324
-0.00653623 -0.000760306 -0.0395491
151
1
1.65952 10.8492 -0.275741
-0.00476682 -0.000299973 -0.0403915
152
1
1.66741 10.8506 -0.205697
-0.00265861 -0.0010051 -0.0383765
153
1
1.67264 10.8518 -0.136697
-0.00140645 -0.000210816 -0.0361233
154
1
1.67529 10.852 -0.0673766
5.89231e-005 0.00102268 -0.0345796
155
1
1.67593 10.8517 7.80797e-008
-1.04135e-009 1.35635e-009 -0.0340712
156
1
1.67529 10.852 0.0673768
-5.89252e-005 -0.00102268 -0.0345796
157
1
1.67264 10.8518 0.136697
0.00140644 0.000210819 -0.0361233
158
1
1.66741 10.8506 0.205697
0.00265861 0.0010051 -0.0383765
159
1
1.65952 10.8492 0.275742
0.00476681 0.000299976 -0.0403915
160
1
1.64812 10.8479 0.345324
0.00653622 0.000760309 -0.0395491
161
1
1.63268 10.8459 0.41276
0.0100194 0.00128014 -0.0359904
162
1
1.61412 10.8428 0.476983
0.0111057 0.000684929 -0.0323614
163
1
1.59336 10.838 0.538515
0.0108265 0.00191204 -0.0289169
164
1
1.57082 10.8308 0.596481
0.0135752 0.00371927 -0.0316068
165
1
1.5462 10.8205 0.652557
0.0150414 0.00470767 -0.030702
166
1
1.52051 10.806 0.706302
0.0122703 0.00704395 -0.0243593
167
1
1.49543 10.7866 0.755647
0.0115789 0.0117177 -0.0249154
168
1
1.47071 10.7628 0.801728
0.0127222 0.0159954 -0.0243954
169
1
1.44614 10.7363 0.842616
0.011583 0.0149307 -0.0180235
170
1
1.42179 10.7085 0.878909
0.010975 0.0132031 -0.0150327
171
1
1.39598 10.6795 0.911665
0.0141325 0.0147191 -0.0151827
172
1
1.36765 10.6484 0.940863
0.0170619 0.0173218 -0.0133325
173
1
1.33744 10.6158 0.96633
0.0149504 0.0165283 -0.0101102
174
1
1.30649 10.581 0.98901
0.0148951 0.0158938 -0.0100486
175
1
1.27414 10.545 1.01051
0.0183083 0.017138 -0.0111356
176
1
1.24069 10.5095 1.02984
0.0168647 0.0170552 -0.00891617
177
1
1.20748 10.4741 1.04665
0.0146745 0.0177431 -0.00801642
178
1
1.17442 10.4372 1.06148
0.0172032 0.0192696 -0.00904718
179
1
1.14119 10.3992 1.07399
0.0184733 0.0191309 -0.00665042
180
1
1.10915 10.3602 1.08366
0.0162588 0.0198496 -0.00386976
181
1
1.07782 10.3198 1.08897
0.0147579 0.0216779 -0.00276321
182
1
1.04768 10.2781 1.08828
0.013794 0.0220763 0.000512518
183
1
1.01937 10.2361 1.08057
0.0132189 0.0216471 0.005109
184
1
0.992327 10.1946 1.06666
0.0136662 0.0202179 0.00953782
185
1
0.964987 10.1546 1.04746
0.0140025 0.0171427 0.013691
186
1
0.936852 10.1173 1.02383
0.0126585 0.0154409 0.0145078
187
1
0.908151 10.0813 0.994722
0.0126152 0.0157358 0.0168962
188
1
0.878636 10.0452 0.959359
0.0153578 0.0167742 0.0215742
189
1
0.84931 10.0081 0.918028
0.0160884 0.0168532 0.0229233
190
1
0.821412 9.96818 0.872769
0.0140238 0.0195004 0.0233898
191
1
0.796348 9.92405 0.82659
0.0125631 0.0210086 0.0247224
192
1
0.774106 9.87634 0.781811
0.00962101 0.02131 0.0230764
193
1
0.75663 9.82037 0.738367
0.00405201 0.0326146 0.0218241
