194
0
1
1.3958 6.82185 0.9847
0.0330798 0.007721 0.0341016
1
1
1.33475 6.80236 0.913232
0.0297072 0.0123505 0.037459
2
1
1.27534 6.77226 0.831857
0.0278264 0.0207308 0.0429295
3
1
1.21894 6.73451 0.739833
0.0241972 0.0237699 0.0499684
4
1
1.16342 6.68956 0.632914
0.0243362 0.0253736 0.0561487
5
1
1.10407 6.63456 0.512834
0.0323111 0.0309655 0.0637689
6
1
1.0236 6.56275 0.378092
0.0420823 0.0319186 0.0572899
7
1
0.904675 6.48331 0.199352
0.0415465 0.0238085 0.0596964
8
1
0.660786 6.27447 0.0830647
0.0353884 0.0343769 -0.0112798
9
1
0.0488394 8.72276 0.754799
0.000898239 0.00473456 -0.0777729
10
1
-0.0488394 8.72276 0.754799
0.000898239 -0.00473456 0.0777729
11
1
-0.660786 6.27447 0.0830647
0.0353884 -0.0343769 0.0112798
12
1
-0.904675 6.48331 0.199352
0.0415465 -0.0238085 -0.0596964
13
1
-1.0236 6.56275 0.378092
0.0420823 -0.0319186 -0.0572899
14
1
-1.10407 6.63456 0.512834
0.0323111 -0.0309655 -0.0637689
15
1
-1.16342 6.68956 0.632914
0.0243362 -0.0253736 -0.0561487
16
1
-1.21894 6.73451 0.739833
0.0241972 -0.0237699 -0.0499684
17
1
-1.27534 6.77226 0.831857
0.0278264 -0.0207308 -0.0429295
18
1
-1.33475 6.80236 0.913232
0.0297072 -0.0123505 -0.037459
19
1
-1.3958 6.82185 0.9847
0.0330798 -0.007721 -0.0341016
20
1
-1.45802 6.83203 1.04646
0.03237 -0.0031934 -0.0281286
21
1
-1.52005 6.83474 1.099
0.0299233 -0.000415217 -0.0238834
22
1
-1.58006 6.83313 1.14244
0.0290219 0.00192557 -0.0218075
23
1
-1.63955 6.82962 1.17986
0.0282191 0.00262314 -0.0180208
24
1
-1.6982 6.82515 1.21187
0.0290164 0.00244174 -0.0151266
25
1
-1.75538 6.81955 1.23872
0.0286009 0.00290004 -0.0135348
26
1
-1.81092 6.8126 1.2606
0.0258392 0.00340871 -0.0106458
27
1
-1.86412 6.80434 1.27676
0.0249586 0.00395092 -0.00751357
28
1
-1.91566 6.7948 1.28775
0.0256219 0.00499611 -0.00533524
29
1
-1.96632 6.78399 1.29393
0.0250359 0.00614714 -0.00259594
30
1
-2.01576 6.77182 1.2954
0.0242381 0.00739641 0.000114698
31
1
-2.06389 6.75807 1.2931
0.0238222 0.00803579 0.00209679
32
1
-2.11055 6.74304 1.28713
0.0228439 0.00832642 0.00413872
33
1
-2.15504 6.72689 1.27699
0.0218698 0.00931107 0.00623428
34
1
-2.19694 6.70972 1.26274
0.0206949 0.00982578 0.00782722
35
1
-2.23593 6.69201 1.24473
0.0183029 0.00926041 0.00973529
36
1
-2.2717 6.67445 1.22279
0.0162052 0.00911293 0.0115966
37
1
-2.30466 6.65674 1.19701
0.0152953 0.00936959 0.0131539
38
1
-2.33562 6.63928 1.1673
0.0141586 0.0088778 0.0157068
39
1
-2.36479 6.6231 1.13338
0.0125612 0.00771403 0.0188962
40
1
-2.3916 6.6084 1.09545
0.0118254 0.00664963 0.0209873
41
1
-2.41591 6.59505 1.05402
0.0111464 0.00535421 0.0224133
42
1
-2.43827 6.58393 1.00915
0.00963978 0.00393067 0.0243802
43
1
-2.45939 6.57514 0.960897
0.0088778 0.00316894 0.0262118
44
1
-2.48002 6.56869 0.909238
0.00950262 0.00258668 0.0274777
45
1
-2.50068 6.56448 0.853938
0.0102292 0.00157922 0.0291344
46
1
-2.52206 6.56246 0.795497
0.0106893 0.000323364 0.030951
47
1
-2.5437 6.56287 0.734644
0.0112181 -0.00127938 0.0320638
48
1
-2.56475 6.566 0.671869
0.0112558 -0.00287564 0.0330599
49
1
-2.58457 6.57096 0.607668
0.0103357 -0.00361055 0.0342331
50
1
-2.60223 6.57659 0.542433
0.00882532 -0.00337235 0.0346486
51
1
-2.61748 6.5817 0.476434
0.00717992 -0.00236051 0.0347503
52
1
-2.63006 6.58563 0.409523
0.00547619 -0.00129596 0.0348796
53
1
-2.63992 6.58851 0.341896
0.00413137 -0.000906818 0.0348456
54
1
-2.64736 6.59043 0.273972
0.00326492 -0.000669466 0.0348178
55
1
-2.65261 6.59147 0.205875
0.0022822 0.00011331 0.0351935
56
1
-2.65616 6.59154 0.137634
0.000866017 0.00106872 0.0355363
57
1
-2.65797 6.591 0.0689536
-0.000184381 0.000968569 0.0352696
58
1
-2.65856 6.5908 -2.00246e-011
-5.29292e-013 5.42652e-013 0.0349663
59
1
-2.65797 6.591 -0.0689536
0.000184381 -0.000968569 0.0352696
60
1
-2.65616 6.59154 -0.137634
-0.000866017 -0.00106872 0.0355363
61
1
-2.65261 6.59147 -0.205875
-0.0022822 -0.00011331 0.0351935
62
1
-2.64736 6.59043 -0.273972
-0.00326492 0.000669466 0.0348178
63
1
-2.63992 6.58851 -0.341896
-0.00413137 0.000906818 0.0348456
64
1
-2.63006 6.58563 -0.409523
-0.00547619 0.00129596 0.0348796
65
1
-2.61748 6.5817 -0.476434
-0.00717992 0.00236051 0.0347503
66
1
-2.60223 6.57659 -0.542433
-0.00882532 0.00337235 0.0346486
67
1
-2.58457 6.57096 -0.607668
-0.0103357 0.00361055 0.0342331
68
1
-2.56475 6.566 -0.671869
-0.0112558 0.00287564 0.0330599
69
1
-2.5437 6.56287 -0.734644
-0.0112181 0.00127938 0.0320638
70
1
-2.52206 6.56246 -0.795497
-0.0106893 -0.000323364 0.030951
71
1
-2.50068 6.56448 -0.853938
-0.0102292 -0.00157922 0.0291344
72
1
-2.48002 6.56869 -0.909238
-0.00950262 -0.00258668 0.0274777
73
1
-2.45939 6.57514 -0.960897
-0.0088778 -0.00316894 0.0262118
74
1
-2.43827 6.58393 -1.00915
-0.00963978 -0.00393067 0.0243802
75
1
-2.41591 6.59505 -1.05402
-0.0111464 -0.00535421 0.0224133
76
1
-2.3916 6.6084 -1.09545
-0.0118254 -0.00664963 0.0209873
77
1
-2.36479 6.6231 -1.13338
-0.0125612 -0.00771403 0.0188962
78
1
-2.33562 6.63928 -1.1673
-0.0141586 -0.0088778 0.0157068
79
1
-2.30466 6.65674 -1.19701
-0.0152953 -0.00936959 0.0131539
80
1
-2.2717 6.67445 -1.22279
-0.0162052 -0.00911293 0.0115966
81
1
-2.23593 6.69201 -1.24473
-0.0183029 -0.00926041 0.00973529
82
1
-2.19694 6.70972 -1.26274
-0.0206949 -0.00982578 0.00782722
83
1
-2.15504 6.72689 -1.27699
-0.0218698 -0.00931107 0.00623428
84
1
-2.11055 6.74304 -1.28713
-0.0228439 -0.00832642 0.00413872
85
1
-2.06389 6.75807 -1.2931
-0.0238222 -0.00803579 0.00209679
86
1
-2.01576 6.77182 -1.2954
-0.0242381 -0.00739641 0.000114698
87
1
-1.96632 6.78399 -1.29393
-0.0250359 -0.00614714 -0.00259594
88
1
-1.91566 6.7948 -1.28775
-0.0256219 -0.00499611 -0.00533524
89
1
-1.86412 6.80434 -1.27676
-0.0249586 -0.00395092 -0.00751357
90
1
-1.81092 6.8126 -1.2606
-0.0258392 -0.00340871 -0.0106458
91
1
-1.75538 6.81955 -1.23872
-0.0286009 -0.00290004 -0.0135348
92
1
-1.6982 6.82515 -1.21187
-0.0290164 -0.00244174 -0.0151266
93
1
-1.63955 6.82962 -1.17986
-0.0282191 -0.00262314 -0.0180208
94
1
-1.58006 6.83313 -1.14244
-0.0290219 -0.00192557 -0.0218075
95
1
-1.52005 6.83474 -1.099
-0.0299233 0.000415217 -0.0238834
96
1
-1.45802 6.83203 -1.04646
-0.03237 0.0031934 -0.0281286
97
1
-1.3958 6.82185 -0.9847
-0.0330798 0.007721 -0.0341016
98
1
-1.33475 6.80236 -0.913232
-0.0297072 0.0123505 -0.037459
99
1
-1.27534 6.77226 -0.831857
-0.0278264 0.0207308 -0.0429295
100
1
-1.21894 6.73451 -0.739833
-0.0241972 0.0237699 -0.0499684
101
1
-1.16342 6.68956 -0.632914
-0.0243362 0.0253736 -0.0561487
102
1
-1.10407 6.63456 -0.512834
-0.0323111 0.0309655 -0.0637689
103
1
-1.0236 6.56275 -0.378092
-0.0420823 0.0319186 -0.0572899
104
1
-0.904675 6.48331 -0.199352
-0.0415465 0.0238085 -0.0596964
105
1
-0.660786 6.27447 -0.0830647
-0.0353884 0.0343769 0.0112798
106
1
-0.0488394 8.72276 -0.754799
-0.000898239 0.00473456 0.0777729
107
1
0.0488394 8.72276 -0.754799
-0.000898239 -0.00473456 -0.0777729
108
1
0.660786 6.27447 -0.0830647
-0.0353884 -0.0343769 -0.0112798
109
1
0.904675 6.48331 -0.199352
-0.0415465 -0.0238085 0.0596964
110
1
1.0236 6.56275 -0.378092
-0.0420823 -0.0319186 0.0572899
111
1
1.10407 6.63456 -0.512834
-0.0323111 -0.0309655 0.0637689
112
1
1.16342 6.68956 -0.632914
-0.0243362 -0.0253736 0.0561487
113
1
1.21894 6.73451 -0.739833
-0.0241972 -0.0237699 0.0499684
114
1
1.27534 6.77226 -0.831857
-0.0278264 -0.0207308 0.0429295
115
1
1.33475 6.80236 -0.913232
-0.0297072 -0.0123505 0.037459
116
1
1.3958 6.82185 -0.9847
-0.0330798 -0.007721 0.0341016
117
1
1.45802 6.83203 -1.04646
-0.03237 -0.0031934 0.0281286
118
1
1.52005 6.83474 -1.099
-0.0299233 -0.000415217 0.0238834
119
1
1.58006 6.83313 -1.14244
-0.0290219 0.00192557 0.0218075
120
1
1.63955 6.82962 -1.17986
-0.0282191 0.00262314 0.0180208
121
1
1.6982 6.82515 -1.21187
-0.0290164 0.00244174 0.0151266
122
1
1.75538 6.81955 -1.23872
-0.0286009 0.00290004 0.0135348
123
1
1.81092 6.8126 -1.2606
-0.0258392 0.00340871 0.0106458
124
1
1.86412 6.80434 -1.27676
-0.0249586 0.00395092 0.00751357
125
1
1.91566 6.7948 -1.28775
-0.0256219 0.00499611 0.00533524
126
1
1.96632 6.78399 -1.29393
-0.0250359 0.00614714 0.00259594
127
1
2.01576 6.77182 -1.2954
-0.0242381 0.00739641 -0.000114698
128
1
2.06389 6.75807 -1.2931
-0.0238222 0.00803579 -0.00209679
129
1
2.11055 6.74304 -1.28713
-0.0228439 0.00832642 -0.00413872
130
1
2.15504 6.72689 -1.27699
-0.0218698 0.00931107 -0.00623428
131
1
2.19694 6.70972 -1.26274
-0.0206949 0.00982578 -0.00782722
132
1
2.23593 6.69201 -1.24473
-0.0183029 0.00926041 -0.00973529
133
1
2.2717 6.67445 -1.22279
-0.0162052 0.00911293 -0.0115966
134
1
2.30466 6.65674 -1.19701
-0.0152953 0.00936959 -0.0131539
135
1
2.33562 6.63928 -1.1673
-0.0141586 0.0088778 -0.0157068
136
1
2.36479 6.6231 -1.13338
-0.0125612 0.00771403 -0.0188962
137
1
2.3916 6.6084 -1.09545
-0.0118254 0.00664963 -0.0209873
138
1
2.41591 6.59505 -1.05402
-0.0111464 0.00535421 -0.0224133
139
1
2.43827 6.58393 -1.00915
-0.00963978 0.00393067 -0.0243802
140
1
2.45939 6.57514 -0.960897
-0.0088778 0.00316894 -0.0262118
141
1
2.48002 6.56869 -0.909238
-0.00950262 0.00258668 -0.0274777
142
1
2.50068 6.56448 -0.853938
-0.0102292 0.00157922 -0.0291344
143
1
2.52206 6.56246 -0.795497
-0.0106893 0.000323364 -0.030951
144
1
2.5437 6.56287 -0.734644
-0.0112181 -0.00127938 -0.0320638
145
1
2.56475 6.566 -0.671869
-0.0112558 -0.00287564 -0.0330599
146
1
2.58457 6.57096 -0.607668
-0.0103357 -0.00361055 -0.0342331
147
1
2.60223 6.57659 -0.542433
-0.00882532 -0.00337235 -0.0346486
148
1
2.61748 6.5817 -0.476434
-0.00717992 -0.00236051 -0.0347503
149
1
2.63006 6.58563 -0.409523
-0.00547619 -0.00129596 -0.0348796
150
1
2.63992 6.58851 -0.341896
-0.00413137 -0.000906818 -0.0348456
151
1
2.64736 6.59043 -0.273972
-0.00326492 -0.000669466 -0.0348178
152
1
2.65261 6.59147 -0.205875
-0.0022822 0.00011331 -0.0351935
153
1
2.65616 6.59154 -0.137634
-0.000866017 0.00106872 -0.0355363
154
1
2.65797 6.591 -0.0689536
0.000184381 0.000968569 -0.0352696
155
1
2.65856 6.5908 2.46733e-011
6.38749e-013 7.2519e-013 -0.0349663
156
1
2.65797 6.591 0.0689536
-0.000184381 -0.000968569 -0.0352696
157
1
2.65616 6.59154 0.137634
0.000866017 -0.00106872 -0.0355363
158
1
2.65261 6.59147 0.205875
0.0022822 -0.00011331 -0.0351935
159
1
2.64736 6.59043 0.273972
0.00326492 0.000669466 -0.0348178
160
1
2.63992 6.58851 0.341896
0.00413137 0.000906818 -0.0348456
161
1
2.63006 6.58563 0.409523
0.00547619 0.00129596 -0.0348796
162
1
2.61748 6.5817 0.476434
0.00717992 0.00236051 -0.0347503
163
1
2.60223 6.57659 0.542433
0.00882532 0.00337235 -0.0346486
164
1
2.58457 6.57096 0.607668
0.0103357 0.00361055 -0.0342331
165
1
2.56475 6.566 0.671869
0.0112558 0.00287564 -0.0330599
166
1
2.5437 6.56287 0.734644
0.0112181 0.00127938 -0.0320638
167
1
2.52206 6.56246 0.795497
0.0106893 -0.000323364 -0.030951
168
1
2.50068 6.56448 0.853938
0.0102292 -0.00157922 -0.0291344
169
1
2.48002 6.56869 0.909238
0.00950262 -0.00258668 -0.0274777
170
1
2.45939 6.57514 0.960897
0.0088778 -0.00316894 -0.0262118
171
1
2.43827 6.58393 1.00915
0.00963978 -0.00393067 -0.0243802
172
1
2.41591 6.59505 1.05402
0.0111464 -0.00535421 -0.0224133
173
1
2.3916 6.6084 1.09545
0.0118254 -0.00664963 -0.0209873
174
1
2.36479 6.6231 1.13338
0.0125612 -0.00771403 -0.0188962
175
1
2.33562 6.63928 1.1673
0.0141586 -0.0088778 -0.0157068
176
1
2.30466 6.65674 1.19701
0.0152953 -0.00936959 -0.0131539
177
1
2.2717 6.67445 1.22279
0.0162052 -0.00911293 -0.0115966
178
1
2.23593 6.69201 1.24473
0.0183029 -0.00926041 -0.00973529
179
1
2.19694 6.70972 1.26274
0.0206949 -0.00982578 -0.00782722
180
1
2.15504 6.72689 1.27699
0.0218698 -0.00931107 -0.00623428
181
1
2.11055 6.74304 1.28713
0.0228439 -0.00832642 -0.00413872
182
1
2.06389 6.75807 1.2931
0.0238222 -0.00803579 -0.00209679
183
1
2.01576 6.77182 1.2954
0.0242381 -0.00739641 -0.000114698
184
1
1.96632 6.78399 1.29393
0.0250359 -0.00614714 0.00259594
185
1
1.91566 6.7948 1.28775
0.0256219 -0.00499611 0.00533524
186
1
1.86412 6.80434 1.27676
0.0249586 -0.00395092 0.00751357
187
1
1.81092 6.8126 1.2606
0.0258392 -0.00340871 0.0106458
188
1
1.75538 6.81955 1.23872
0.0286009 -0.00290004 0.0135348
189
1
1.6982 6.82515 1.21187
0.0290164 -0.00244174 0.0151266
190
1
1.63955 6.82962 1.17986
0.0282191 -0.00262314 0.0180208
191
1
1.58006 6.83313 1.14244
0.0290219 -0.00192557 0.0218075
192
1
1.52005 6.83474 1.099
0.0299233 0.000415217 0.0238834
193
1
1.45802 6.83203 1.04646
0.03237 0.0031934 0.0281286
