194
0
1
0.979365 9.40851 0.578471
0.047747 -0.000333754 0.0172785
1
1
0.882974 9.40442 0.545116
0.0499669 0.0026477 0.0146102
2
1
0.777225 9.39172 0.512121
0.0556716 0.00671938 0.0164855
3
1
0.666538 9.36994 0.47511
0.0570843 0.0105082 0.0195795
4
1
0.552906 9.334 0.432813
0.0554413 0.0205613 0.0194201
5
1
0.43957 9.27615 0.385411
0.0519317 0.0347221 0.0252055
6
1
0.319149 9.18629 0.343529
0.0461716 0.0506808 0.0114117
7
1
0.163619 9.03604 0.333225
0.0534926 0.0538317 -0.0118996
8
1
0.563585 6.04781 0.0575047
0.00651695 -0.0478935 -0.00945362
9
1
0.303697 13.2019 0.0553601
0.0371916 -0.0574872 0.00745343
10
1
-0.303697 13.2019 0.05536
0.0371916 0.0574872 -0.00745334
11
1
-0.563619 6.04782 0.0574666
0.00651293 0.0478877 0.00944354
12
1
-0.163619 9.03604 0.333225
0.0534926 -0.0538317 0.0118997
13
1
-0.319149 9.18629 0.343529
0.0461715 -0.0506808 -0.0114117
14
1
-0.43957 9.27615 0.385411
0.0519317 -0.0347221 -0.0252055
15
1
-0.552906 9.334 0.432813
0.0554413 -0.0205613 -0.0194201
16
1
-0.666538 9.36994 0.47511
0.0570843 -0.0105082 -0.0195795
17
1
-0.777225 9.39172 0.512121
0.0556716 -0.00671938 -0.0164855
18
1
-0.882974 9.40442 0.545116
0.0499669 -0.0026477 -0.0146102
19
1
-0.979365 9.40851 0.578471
0.047747 0.000333756 -0.0172785
20
1
-1.0634 9.40876 0.615555
0.0379128 0.00126689 -0.0206809
21
1
-1.13653 9.41041 0.655958
0.0319902 0.000333807 -0.0209
22
1
-1.20031 9.41601 0.697391
0.0295467 -0.00158842 -0.0234645
23
1
-1.25926 9.42695 0.739419
0.0265624 -0.00529173 -0.0221931
24
1
-1.31421 9.44382 0.779415
0.0260182 -0.0105188 -0.0196513
25
1
-1.36518 9.46665 0.81574
0.0244944 -0.0134212 -0.0182093
26
1
-1.41221 9.49431 0.847902
0.0203112 -0.0134503 -0.0145901
27
1
-1.45667 9.52486 0.87492
0.0200907 -0.0153786 -0.0110868
28
1
-1.50219 9.55704 0.895794
0.0232741 -0.0181563 -0.00858653
29
1
-1.55048 9.58987 0.910886
0.0251289 -0.0178919 -0.00599563
30
1
-1.60059 9.62108 0.92078
0.0257403 -0.0152834 -0.00396356
31
1
-1.65118 9.65006 0.926339
0.0259951 -0.0135484 -0.00159997
32
1
-1.70089 9.67751 0.92871
0.0247176 -0.013175 -0.00014001
33
1
-1.74895 9.70452 0.928902
0.0239037 -0.0130787 0.000635303
34
1
-1.79568 9.73178 0.927095
0.0246088 -0.0132978 0.00262938
35
1
-1.84087 9.75956 0.923581
0.0230295 -0.0133747 0.00338514
36
1
-1.88317 9.78724 0.917278
0.0202212 -0.0128363 0.00233998
37
1
-1.9221 9.81543 0.907614
0.0195194 -0.0136425 0.00444233
38
1
-1.95727 9.8456 0.894008
0.0172436 -0.0153382 0.00761597
39
1
-1.98812 9.87775 0.877096
0.013603 -0.0152647 0.0067079
40
1
-2.01552 9.91042 0.858882
0.013305 -0.016013 0.00722928
41
1
-2.04045 9.94277 0.838104
0.0122899 -0.017402 0.0117052
42
1
-2.06185 9.97513 0.813816
0.00776672 -0.0164742 0.0140617
43
1
-2.07966 10.0072 0.786143
0.00562351 -0.0151703 0.0135564
44
1
-2.09507 10.0389 0.754595
0.00602423 -0.0149308 0.0167609
45
1
-2.10931 10.0708 0.717715
0.00579325 -0.0153964 0.0238639
46
1
-2.12286 10.1023 0.674958
0.00476411 -0.0155194 0.0242085
47
1
-2.13554 10.1341 0.628165
0.00580635 -0.0155389 0.0228008
48
1
-2.14903 10.1664 0.577784
0.00860198 -0.0179663 0.0283716
49
1
-2.16246 10.1978 0.526151
0.00937166 -0.0177126 0.0292963
50
1
-2.17449 10.2276 0.473764
0.00597469 -0.0147917 0.0258691
51
1
-2.18377 10.2562 0.419275
0.00311217 -0.0144235 0.0276677
52
1
-2.19013 10.2829 0.363019
0.00297414 -0.0155593 0.0308954
53
1
-2.19411 10.3071 0.304192
0.00134723 -0.0142764 0.0341914
54
1
-2.19605 10.3269 0.243339
-0.000740971 -0.00944415 0.0349296
55
1
-2.19635 10.3419 0.181906
-0.00106372 -0.00620871 0.0336339
56
1
-2.19614 10.3526 0.120981
-0.000423557 -0.00421482 0.0319029
57
1
-2.19628 10.3589 0.0596459
-0.000954649 -0.00237582 0.0305523
58
1
-2.1965 10.3606 -3.55063e-008
-3.98491e-010 3.71425e-010 0.0300492
59
1
-2.19628 10.3589 -0.0596459
0.000954648 0.00237582 0.0305523
60
1
-2.19614 10.3526 -0.120981
0.000423556 0.00421482 0.0319029
61
1
-2.19635 10.3419 -0.181906
0.00106372 0.00620871 0.0336339
62
1
-2.19605 10.3269 -0.243339
0.00074097 0.00944415 0.0349296
63
1
-2.19411 10.3071 -0.304192
-0.00134723 0.0142764 0.0341914
64
1
-2.19013 10.2829 -0.363019
-0.00297415 0.0155593 0.0308954
65
1
-2.18377 10.2562 -0.419275
-0.00311217 0.0144235 0.0276677
66
1
-2.17449 10.2276 -0.473764
-0.00597469 0.0147917 0.0258691
67
1
-2.16246 10.1978 -0.526151
-0.00937166 0.0177126 0.0292963
68
1
-2.14903 10.1664 -0.577784
-0.00860198 0.0179663 0.0283716
69
1
-2.13554 10.1341 -0.628165
-0.00580635 0.0155389 0.0228008
70
1
-2.12286 10.1023 -0.674958
-0.00476411 0.0155194 0.0242085
71
1
-2.10931 10.0708 -0.717715
-0.00579325 0.0153964 0.0238639
72
1
-2.09507 10.0389 -0.754595
-0.00602423 0.0149308 0.0167609
73
1
-2.07966 10.0072 -0.786143
-0.00562351 0.0151703 0.0135564
74
1
-2.06185 9.97513 -0.813816
-0.00776672 0.0164742 0.0140617
75
1
-2.04045 9.94277 -0.838104
-0.0122899 0.017402 0.0117052
76
1
-2.01552 9.91042 -0.858882
-0.013305 0.016013 0.00722928
77
1
-1.98812 9.87775 -0.877096
-0.013603 0.0152647 0.0067079
78
1
-1.95727 9.8456 -0.894008
-0.0172436 0.0153382 0.00761597
79
1
-1.9221 9.81543 -0.907614
-0.0195194 0.0136425 0.00444233
80
1
-1.88317 9.78724 -0.917278
-0.0202212 0.0128364 0.00233998
81
1
-1.84087 9.75956 -0.923581
-0.0230295 0.0133748 0.00338514
82
1
-1.79568 9.73178 -0.927095
-0.0246088 0.0132978 0.00262938
83
1
-1.74895 9.70452 -0.928903
-0.0239037 0.0130787 0.000635303
84
1
-1.70089 9.67751 -0.92871
-0.0247176 0.013175 -0.00014001
85
1
-1.65118 9.65006 -0.926339
-0.0259951 0.0135484 -0.00159997
86
1
-1.60059 9.62108 -0.92078
-0.0257403 0.0152834 -0.00396356
87
1
-1.55048 9.58987 -0.910886
-0.0251289 0.0178919 -0.00599563
88
1
-1.50219 9.55704 -0.895794
-0.0232741 0.0181563 -0.00858653
89
1
-1.45667 9.52486 -0.87492
-0.0200907 0.0153786 -0.0110868
90
1
-1.41221 9.49431 -0.847902
-0.0203112 0.0134503 -0.0145901
91
1
-1.36518 9.46665 -0.81574
-0.0244944 0.0134212 -0.0182093
92
1
-1.31421 9.44382 -0.779415
-0.0260182 0.0105188 -0.0196513
93
1
-1.25926 9.42695 -0.73942
-0.0265624 0.00529173 -0.0221931
94
1
-1.20031 9.41601 -0.697391
-0.0295467 0.00158842 -0.0234645
95
1
-1.13653 9.41041 -0.655958
-0.0319902 -0.000333806 -0.0209
96
1
-1.0634 9.40876 -0.615555
-0.0379128 -0.00126688 -0.0206809
97
1
-0.979365 9.40851 -0.578471
-0.047747 -0.000333754 -0.0172785
98
1
-0.882974 9.40442 -0.545116
-0.0499669 0.0026477 -0.0146102
99
1
-0.777225 9.39172 -0.512121
-0.0556716 0.00671938 -0.0164855
100
1
-0.666538 9.36994 -0.47511
-0.0570843 0.0105082 -0.0195795
101
1
-0.552906 9.334 -0.432813
-0.0554413 0.0205613 -0.0194201
102
1
-0.43957 9.27615 -0.385411
-0.0519317 0.0347221 -0.0252055
103
1
-0.319149 9.18629 -0.343529
-0.0461716 0.0506808 -0.0114117
104
1
-0.163619 9.03604 -0.333225
-0.0534926 0.0538317 0.0118996
105
1
-0.563585 6.04781 -0.0575016
-0.0065169 -0.0478933 0.00945392
106
1
-0.303697 13.2019 -0.0553601
-0.0371916 -0.0574872 -0.00745343
107
1
0.303697 13.2019 -0.05536
-0.0371916 0.0574872 0.00745334
108
1
0.56362 6.04782 -0.0574635
-0.00651289 0.0478876 -0.00944384
109
1
0.163619 9.03604 -0.333225
-0.0534926 -0.0538317 -0.0118997
110
1
0.319149 9.18629 -0.343529
-0.0461715 -0.0506808 0.0114117
111
1
0.43957 9.27615 -0.385411
-0.0519317 -0.0347221 0.0252055
112
1
0.552906 9.334 -0.432813
-0.0554413 -0.0205613 0.0194201
113
1
0.666538 9.36994 -0.47511
-0.0570843 -0.0105082 0.0195795
114
1
0.777225 9.39172 -0.512121
-0.0556716 -0.00671938 0.0164855
115
1
0.882974 9.40442 -0.545116
-0.0499669 -0.0026477 0.0146102
116
1
0.979365 9.40851 -0.578471
-0.047747 0.000333756 0.0172785
117
1
1.0634 9.40876 -0.615555
-0.0379128 0.00126689 0.0206809
118
1
1.13653 9.41041 -0.655958
-0.0319902 0.000333807 0.0209
119
1
1.20031 9.41601 -0.697391
-0.0295467 -0.00158842 0.0234645
120
1
1.25926 9.42695 -0.739419
-0.0265624 -0.00529173 0.0221931
121
1
1.31421 9.44382 -0.779415
-0.0260182 -0.0105188 0.0196513
122
1
1.36518 9.46665 -0.81574
-0.0244944 -0.0134212 0.0182093
123
1
1.41221 9.49431 -0.847902
-0.0203112 -0.0134503 0.0145901
124
1
1.45667 9.52486 -0.87492
-0.0200907 -0.0153786 0.0110868
125
1
1.50219 9.55704 -0.895794
-0.0232741 -0.0181563 0.00858653
126
1
1.55048 9.58987 -0.910886
-0.0251289 -0.0178919 0.00599563
127
1
1.60059 9.62108 -0.92078
-0.0257403 -0.0152834 0.00396356
128
1
1.65118 9.65006 -0.926339
-0.0259951 -0.0135484 0.00159997
129
1
1.70089 9.67751 -0.92871
-0.0247176 -0.013175 0.00014001
130
1
1.74895 9.70452 -0.928902
-0.0239037 -0.0130787 -0.000635303
131
1
1.79568 9.73178 -0.927095
-0.0246088 -0.0132978 -0.00262938
132
1
1.84087 9.75956 -0.923581
-0.0230295 -0.0133747 -0.00338514
133
1
1.88317 9.78724 -0.917278
-0.0202212 -0.0128363 -0.00233998
134
1
1.9221 9.81543 -0.907614
-0.0195194 -0.0136425 -0.00444233
135
1
1.95727 9.8456 -0.894008
-0.0172436 -0.0153382 -0.00761597
136
1
1.98812 9.87775 -0.877096
-0.013603 -0.0152647 -0.0067079
137
1
2.01552 9.91042 -0.858882
-0.013305 -0.016013 -0.00722928
138
1
2.04045 9.94277 -0.838104
-0.0122899 -0.017402 -0.0117052
139
1
2.06185 9.97513 -0.813816
-0.00776672 -0.0164742 -0.0140617
140
1
2.07966 10.0072 -0.786143
-0.00562351 -0.0151703 -0.0135564
141
1
2.09507 10.0389 -0.754595
-0.00602423 -0.0149308 -0.0167609
142
1
2.10931 10.0708 -0.717715
-0.00579325 -0.0153964 -0.0238639
143
1
2.12286 10.1023 -0.674958
-0.00476411 -0.0155194 -0.0242085
144
1
2.13554 10.1341 -0.628165
-0.00580635 -0.0155389 -0.0228008
145
1
2.14903 10.1664 -0.577784
-0.00860198 -0.0179663 -0.0283716
146
1
2.16246 10.1978 -0.526151
-0.00937166 -0.0177126 -0.0292963
147
1
2.17449 10.2276 -0.473764
-0.00597469 -0.0147917 -0.0258691
148
1
2.18377 10.2562 -0.419275
-0.00311217 -0.0144235 -0.0276677
149
1
2.19013 10.2829 -0.363019
-0.00297414 -0.0155593 -0.0308954
150
1
2.19411 10.3071 -0.304192
-0.00134723 -0.0142764 -0.0341914
151
1
2.19605 10.3269 -0.243339
0.000740971 -0.00944415 -0.0349296
152
1
2.19635 10.3419 -0.181906
0.00106372 -0.00620871 -0.0336339
153
1
2.19614 10.3526 -0.120981
0.000423557 -0.00421482 -0.0319029
154
1
2.19628 10.3589 -0.0596459
0.000954649 -0.00237582 -0.0305523
155
1
2.1965 10.3606 3.06767e-008
5.00376e-010 3.19849e-010 -0.0300492
156
1
2.19628 10.3589 0.0596459
-0.000954648 0.00237582 -0.0305523
157
1
2.19614 10.3526 0.120981
-0.000423556 0.00421482 -0.0319029
158
1
2.19635 10.3419 0.181906
-0.00106372 0.00620871 -0.0336339
159
1
2.19605 10.3269 0.243339
-0.00074097 0.00944415 -0.0349296
160
1
2.19411 10.3071 0.304192
0.00134723 0.0142764 -0.0341914
161
1
2.19013 10.2829 0.363019
0.00297415 0.0155593 -0.0308954
162
1
2.18377 10.2562 0.419275
0.00311217 0.0144235 -0.0276677
163
1
2.17449 10.2276 0.473764
0.00597469 0.0147917 -0.0258691
164
1
2.16246 10.1978 0.526151
0.00937166 0.0177126 -0.0292963
165
1
2.14903 10.1664 0.577784
0.00860198 0.0179663 -0.0283716
166
1
2.13554 10.1341 0.628165
0.00580635 0.0155389 -0.0228008
167
1
2.12286 10.1023 0.674958
0.00476411 0.0155194 -0.0242085
168
1
2.10931 10.0708 0.717715
0.00579325 0.0153964 -0.0238639
169
1
2.09507 10.0389 0.754595
0.00602423 0.0149308 -0.0167609
170
1
2.07966 10.0072 0.786143
0.00562351 0.0151703 -0.0135564
171
1
2.06185 9.97513 0.813816
0.00776672 0.0164742 -0.0140617
172
1
2.04045 9.94277 0.838104
0.0122899 0.017402 -0.0117052
173
1
2.01552 9.91042 0.858882
0.013305 0.016013 -0.00722928
174
1
1.98812 9.87775 0.877096
0.013603 0.0152647 -0.0067079
175
1
1.95727 9.8456 0.894008
0.0172436 0.0153382 -0.00761597
176
1
1.9221 9.81543 0.907614
0.0195194 0.0136425 -0.00444233
177
1
1.88317 9.78724 0.917278
0.0202212 0.0128364 -0.00233998
178
1
1.84087 9.75956 0.923581
0.0230295 0.0133748 -0.00338514
179
1
1.79568 9.73178 0.927095
0.0246088 0.0132978 -0.00262938
180
1
1.74895 9.70452 0.928903
0.0239037 0.0130787 -0.000635303
181
1
1.70089 9.67751 0.92871
0.0247176 0.013175 0.00014001
182
1
1.65118 9.65006 0.926339
0.0259951 0.0135484 0.00159997
183
1
1.60059 9.62108 0.92078
0.0257403 0.0152834 0.00396356
184
1
1.55048 9.58987 0.910886
0.0251289 0.0178919 0.00599563
185
1
1.50219 9.55704 0.895794
0.0232741 0.0181563 0.00858653
186
1
1.45667 9.52486 0.87492
0.0200907 0.0153786 0.0110868
187
1
1.41221 9.49431 0.847902
0.0203112 0.0134503 0.0145901
188
1
1.36518 9.46665 0.81574
0.0244944 0.0134212 0.0182093
189
1
1.31421 9.44382 0.779415
0.0260182 0.0105188 0.0196513
190
1
1.25926 9.42695 0.73942
0.0265624 0.00529173 0.0221931
191
1
1.20031 9.41601 0.697391
0.0295467 0.00158842 0.0234645
192
1
1.13653 9.41041 0.655958
0.0319902 -0.000333806 0.0209
193
1
1.0634 9.40876 0.615555
0.0379128 -0.00126688 0.0206809
