194
0
1
1.47247 7.544 0.736626
0.0432533 0.0273265 0.0154214
1
1
1.38684 7.4906 0.70148
0.043104 0.0282585 0.0178625
2
1
1.29395 7.43454 0.657907
0.0494375 0.0284657 0.023279
3
1
1.19359 7.38006 0.606941
0.0534291 0.0261747 0.0245424
4
1
1.08114 7.32796 0.551223
0.0589607 0.0225366 0.0274173
5
1
0.955782 7.27954 0.484773
0.0636379 0.0224816 0.0389442
6
1
0.822427 7.22407 0.383395
0.0551584 0.022971 0.0496081
7
1
0.681851 7.17229 0.202748
0.0346161 0.00984422 0.0688503
8
1
0.187042 6.05393 0.0748517
-0.040451 -0.0137045 -0.0116367
9
1
0.0479008 9.95464 0.770709
0.000787191 -0.0078703 -0.0775196
10
1
-0.0479008 9.95464 0.770709
0.000787191 0.0078703 0.0775196
11
1
-0.187042 6.05393 0.0748513
-0.040451 0.0137045 0.0116368
12
1
-0.681851 7.17229 0.202748
0.0346161 -0.00984422 -0.0688503
13
1
-0.822427 7.22407 0.383395
0.0551584 -0.022971 -0.0496081
14
1
-0.955782 7.27954 0.484773
0.0636379 -0.0224816 -0.0389442
15
1
-1.08114 7.32796 0.551223
0.0589607 -0.0225366 -0.0274173
16
1
-1.19359 7.38006 0.606941
0.0534291 -0.0261747 -0.0245424
17
1
-1.29395 7.43454 0.657907
0.0494375 -0.0284657 -0.023279
18
1
-1.38684 7.4906 0.70148
0.043104 -0.0282585 -0.0178625
19
1
-1.47247 7.544 0.736626
0.0432533 -0.0273265 -0.0154214
20
1
-1.55212 7.59031 0.767555
0.038049 -0.02155 -0.0146891
21
1
-1.62795 7.62888 0.794614
0.0361968 -0.0174938 -0.0121191
22
1
-1.69987 7.6607 0.816773
0.0358773 -0.0153082 -0.0105216
23
1
-1.77023 7.68803 0.835929
0.0332674 -0.0120831 -0.0102129
24
1
-1.83847 7.7108 0.853402
0.0329363 -0.00969972 -0.0100474
25
1
-1.90414 7.72907 0.86918
0.0326814 -0.00807153 -0.00880363
26
1
-1.9678 7.74278 0.882775
0.0298526 -0.00523524 -0.00671462
27
1
-2.02912 7.75179 0.893464
0.0290284 -0.00276755 -0.00491557
28
1
-2.08899 7.75707 0.900867
0.0300669 -0.00149674 -0.00349056
29
1
-2.14828 7.75936 0.905058
0.0296836 -0.000525214 -0.0015143
30
1
-2.20647 7.75886 0.906128
0.0289204 0.000993376 0.000452347
31
1
-2.26368 7.75568 0.903835
0.0286665 0.00241218 0.00219323
32
1
-2.31974 7.74962 0.898295
0.0279299 0.00363377 0.00377864
33
1
-2.37394 7.74082 0.890009
0.0273803 0.00500155 0.00486983
34
1
-2.42612 7.72981 0.878902
0.0265087 0.00600931 0.00588286
35
1
-2.47582 7.71707 0.864392
0.0239489 0.00662702 0.00763288
36
1
-2.52249 7.70286 0.846761
0.0220315 0.00738504 0.00931896
37
1
-2.56724 7.6875 0.826161
0.021929 0.00804129 0.0107807
38
1
-2.61057 7.67066 0.802264
0.0211863 0.00878146 0.0127272
39
1
-2.65181 7.65183 0.775042
0.0193451 0.00969314 0.0148097
40
1
-2.69051 7.63167 0.744954
0.0186965 0.0104023 0.0164903
41
1
-2.72687 7.61059 0.712586
0.0180969 0.0109188 0.0175184
42
1
-2.76042 7.58797 0.678314
0.0160626 0.0119501 0.0178949
43
1
-2.79134 7.56362 0.642531
0.0148055 0.0134031 0.0184725
44
1
-2.8203 7.537 0.605317
0.0145065 0.0142617 0.0194068
45
1
-2.84766 7.50765 0.566676
0.0134619 0.0151908 0.0200671
46
1
-2.87303 7.47608 0.526435
0.0128177 0.0173904 0.0203524
47
1
-2.89591 7.44289 0.484929
0.0127576 0.0187393 0.0210043
48
1
-2.91523 7.40913 0.442714
0.0111762 0.0184618 0.0219806
49
1
-2.93032 7.37665 0.400186
0.0075941 0.0180825 0.0225763
50
1
-2.94048 7.3462 0.357387
0.00302914 0.0165418 0.0220839
51
1
-2.94563 7.31843 0.314268
-0.000345912 0.0144474 0.0215751
52
1
-2.94641 7.29351 0.270607
-0.00218562 0.0130283 0.0217151
53
1
-2.94359 7.27188 0.226296
-0.00372336 0.0116011 0.0219934
54
1
-2.93844 7.25442 0.181481
-0.00498271 0.00936919 0.0222039
55
1
-2.93237 7.24135 0.136475
-0.00496304 0.00629064 0.0225411
56
1
-2.92671 7.23274 0.09134
-0.00355208 0.0033752 0.022924
57
1
-2.92296 7.22768 0.045844
-0.00184355 0.00121297 0.0230909
58
1
-2.9215 7.22599 4.8783e-010
4.41203e-012 -3.76236e-012 0.0230827
59
1
-2.92296 7.22768 -0.045844
0.00184355 -0.00121297 0.0230909
60
1
-2.92671 7.23274 -0.09134
0.00355208 -0.0033752 0.022924
61
1
-2.93237 7.24135 -0.136475
0.00496304 -0.00629064 0.0225411
62
1
-2.93844 7.25442 -0.181481
0.00498271 -0.00936919 0.0222039
63
1
-2.94359 7.27188 -0.226296
0.00372336 -0.0116011 0.0219934
64
1
-2.94641 7.29351 -0.270607
0.00218562 -0.0130283 0.0217151
65
1
-2.94563 7.31843 -0.314268
0.000345912 -0.0144474 0.0215751
66
1
-2.94048 7.3462 -0.357387
-0.00302914 -0.0165418 0.0220839
67
1
-2.93032 7.37665 -0.400186
-0.0075941 -0.0180825 0.0225763
68
1
-2.91523 7.40913 -0.442714
-0.0111762 -0.0184618 0.0219806
69
1
-2.89591 7.44289 -0.484929
-0.0127576 -0.0187393 0.0210043
70
1
-2.87303 7.47608 -0.526435
-0.0128177 -0.0173904 0.0203524
71
1
-2.84766 7.50765 -0.566676
-0.0134619 -0.0151908 0.0200671
72
1
-2.8203 7.537 -0.605317
-0.0145065 -0.0142617 0.0194068
73
1
-2.79134 7.56362 -0.642531
-0.0148055 -0.0134031 0.0184725
74
1
-2.76042 7.58797 -0.678314
-0.0160626 -0.0119501 0.0178949
75
1
-2.72687 7.61059 -0.712586
-0.0180969 -0.0109188 0.0175184
76
1
-2.69051 7.63167 -0.744954
-0.0186965 -0.0104023 0.0164903
77
1
-2.65181 7.65183 -0.775042
-0.0193451 -0.00969314 0.0148097
78
1
-2.61057 7.67066 -0.802264
-0.0211863 -0.00878146 0.0127272
79
1
-2.56724 7.6875 -0.826161
-0.021929 -0.00804129 0.0107807
80
1
-2.52249 7.70286 -0.846761
-0.0220315 -0.00738504 0.00931896
81
1
-2.47582 7.71707 -0.864392
-0.0239489 -0.00662702 0.00763288
82
1
-2.42612 7.72981 -0.878902
-0.0265087 -0.00600931 0.00588286
83
1
-2.37394 7.74082 -0.890009
-0.0273803 -0.00500155 0.00486983
84
1
-2.31974 7.74962 -0.898295
-0.0279299 -0.00363377 0.00377864
85
1
-2.26368 7.75568 -0.903835
-0.0286665 -0.00241218 0.00219323
86
1
-2.20647 7.75886 -0.906128
-0.0289204 -0.000993376 0.000452347
87
1
-2.14828 7.75936 -0.905058
-0.0296836 0.000525214 -0.0015143
88
1
-2.08899 7.75707 -0.900867
-0.0300669 0.00149674 -0.00349056
89
1
-2.02912 7.75179 -0.893464
-0.0290284 0.00276755 -0.00491557
90
1
-1.9678 7.74278 -0.882775
-0.0298526 0.00523524 -0.00671462
91
1
-1.90414 7.72907 -0.86918
-0.0326814 0.00807153 -0.00880363
92
1
-1.83847 7.7108 -0.853402
-0.0329363 0.00969972 -0.0100474
93
1
-1.77023 7.68803 -0.835929
-0.0332674 0.0120831 -0.0102129
94
1
-1.69987 7.6607 -0.816773
-0.0358773 0.0153082 -0.0105216
95
1
-1.62795 7.62888 -0.794614
-0.0361968 0.0174938 -0.0121191
96
1
-1.55212 7.59031 -0.767555
-0.038049 0.02155 -0.0146891
97
1
-1.47247 7.544 -0.736626
-0.0432533 0.0273265 -0.0154214
98
1
-1.38684 7.4906 -0.70148
-0.043104 0.0282585 -0.0178625
99
1
-1.29395 7.43454 -0.657907
-0.0494375 0.0284657 -0.023279
100
1
-1.19359 7.38006 -0.606941
-0.0534291 0.0261747 -0.0245424
101
1
-1.08114 7.32796 -0.551223
-0.0589607 0.0225366 -0.0274173
102
1
-0.955782 7.27954 -0.484773
-0.0636379 0.0224816 -0.0389442
103
1
-0.822427 7.22407 -0.383395
-0.0551584 0.022971 -0.0496081
104
1
-0.681851 7.17229 -0.202748
-0.0346161 0.00984422 -0.0688503
105
1
-0.187042 6.05393 -0.0748517
0.040451 -0.0137045 0.0116367
106
1
-0.0479008 9.95464 -0.770709
-0.000787191 -0.0078703 0.0775196
107
1
0.0479008 9.95464 -0.770709
-0.000787191 0.0078703 -0.0775196
108
1
0.187042 6.05393 -0.0748512
0.040451 0.0137045 -0.0116368
109
1
0.681851 7.17229 -0.202748
-0.0346161 -0.00984422 0.0688503
110
1
0.822427 7.22407 -0.383395
-0.0551584 -0.022971 0.0496081
111
1
0.955782 7.27954 -0.484773
-0.0636379 -0.0224816 0.0389442
112
1
1.08114 7.32796 -0.551223
-0.0589607 -0.0225366 0.0274173
113
1
1.19359 7.38006 -0.606941
-0.0534291 -0.0261747 0.0245424
114
1
1.29395 7.43454 -0.657907
-0.0494375 -0.0284657 0.023279
115
1
1.38684 7.4906 -0.70148
-0.043104 -0.0282585 0.0178625
116
1
1.47247 7.544 -0.736626
-0.0432533 -0.0273265 0.0154214
117
1
1.55212 7.59031 -0.767555
-0.038049 -0.02155 0.0146891
118
1
1.62795 7.62888 -0.794614
-0.0361968 -0.0174938 0.0121191
119
1
1.69987 7.6607 -0.816773
-0.0358773 -0.0153082 0.0105216
120
1
1.77023 7.68803 -0.835929
-0.0332674 -0.0120831 0.0102129
121
1
1.83847 7.7108 -0.853402
-0.0329363 -0.00969972 0.0100474
122
1
1.90414 7.72907 -0.86918
-0.0326814 -0.00807153 0.00880363
123
1
1.9678 7.74278 -0.882775
-0.0298526 -0.00523524 0.00671462
124
1
2.02912 7.75179 -0.893464
-0.0290284 -0.00276755 0.00491557
125
1
2.08899 7.75707 -0.900867
-0.0300669 -0.00149674 0.00349056
126
1
2.14828 7.75936 -0.905058
-0.0296836 -0.000525214 0.0015143
127
1
2.20647 7.75886 -0.906128
-0.0289204 0.000993376 -0.000452347
128
1
2.26368 7.75568 -0.903835
-0.0286665 0.00241218 -0.00219323
129
1
2.31974 7.74962 -0.898295
-0.0279299 0.00363377 -0.00377864
130
1
2.37394 7.74082 -0.890009
-0.0273803 0.00500155 -0.00486983
131
1
2.42612 7.72981 -0.878902
-0.0265087 0.00600931 -0.00588286
132
1
2.47582 7.71707 -0.864392
-0.0239489 0.00662702 -0.00763288
133
1
2.52249 7.70286 -0.846761
-0.0220315 0.00738504 -0.00931896
134
1
2.56724 7.6875 -0.826161
-0.021929 0.00804129 -0.0107807
135
1
2.61057 7.67066 -0.802264
-0.0211863 0.00878146 -0.0127272
136
1
2.65181 7.65183 -0.775042
-0.0193451 0.00969314 -0.0148097
137
1
2.69051 7.63167 -0.744954
-0.0186965 0.0104023 -0.0164903
138
1
2.72687 7.61059 -0.712586
-0.0180969 0.0109188 -0.0175184
139
1
2.76042 7.58797 -0.678314
-0.0160626 0.0119501 -0.0178949
140
1
2.79134 7.56362 -0.642531
-0.0148055 0.0134031 -0.0184725
141
1
2.8203 7.537 -0.605317
-0.0145065 0.0142617 -0.0194068
142
1
2.84766 7.50765 -0.566676
-0.0134619 0.0151908 -0.0200671
143
1
2.87303 7.47608 -0.526435
-0.0128177 0.0173904 -0.0203524
144
1
2.89591 7.44289 -0.484929
-0.0127576 0.0187393 -0.0210043
145
1
2.91523 7.40913 -0.442714
-0.0111762 0.0184618 -0.0219806
146
1
2.93032 7.37665 -0.400186
-0.0075941 0.0180825 -0.0225763
147
1
2.94048 7.3462 -0.357387
-0.00302914 0.0165418 -0.0220839
148
1
2.94563 7.31843 -0.314268
0.000345912 0.0144474 -0.0215751
149
1
2.94641 7.29351 -0.270607
0.00218562 0.0130283 -0.0217151
150
1
2.94359 7.27188 -0.226296
0.00372336 0.0116011 -0.0219934
151
1
2.93844 7.25442 -0.181481
0.00498271 0.00936919 -0.0222039
152
1
2.93237 7.24135 -0.136475
0.00496304 0.00629064 -0.0225411
153
1
2.92671 7.23274 -0.09134
0.00355208 0.0033752 -0.022924
154
1
2.92296 7.22768 -0.045844
0.00184355 0.00121297 -0.0230909
155
1
2.9215 7.22599 -5.73912e-010
-4.40614e-012 -5.9727e-012 -0.0230827
156
1
2.92296 7.22768 0.045844
-0.00184355 -0.00121297 -0.0230909
157
1
2.92671 7.23274 0.09134
-0.00355208 -0.0033752 -0.022924
158
1
2.93237 7.24135 0.136475
-0.00496304 -0.00629064 -0.0225411
159
1
2.93844 7.25442 0.181481
-0.00498271 -0.00936919 -0.0222039
160
1
2.94359 7.27188 0.226296
-0.00372336 -0.0116011 -0.0219934
161
1
2.94641 7.29351 0.270607
-0.00218562 -0.0130283 -0.0217151
162
1
2.94563 7.31843 0.314268
-0.000345912 -0.0144474 -0.0215751
163
1
2.94048 7.3462 0.357387
0.00302914 -0.0165418 -0.0220839
164
1
2.93032 7.37665 0.400186
0.0075941 -0.0180825 -0.0225763
165
1
2.91523 7.40913 0.442714
0.0111762 -0.0184618 -0.0219806
166
1
2.89591 7.44289 0.484929
0.0127576 -0.0187393 -0.0210043
167
1
2.87303 7.47608 0.526435
0.0128177 -0.0173904 -0.0203524
168
1
2.84766 7.50765 0.566676
0.0134619 -0.0151908 -0.0200671
169
1
2.8203 7.537 0.605317
0.0145065 -0.0142617 -0.0194068
170
1
2.79134 7.56362 0.642531
0.0148055 -0.0134031 -0.0184725
171
1
2.76042 7.58797 0.678314
0.0160626 -0.0119501 -0.0178949
172
1
2.72687 7.61059 0.712586
0.0180969 -0.0109188 -0.0175184
173
1
2.69051 7.63167 0.744954
0.0186965 -0.0104023 -0.0164903
174
1
2.65181 7.65183 0.775042
0.0193451 -0.00969314 -0.0148097
175
1
2.61057 7.67066 0.802264
0.0211863 -0.00878146 -0.0127272
176
1
2.56724 7.6875 0.826161
0.021929 -0.00804129 -0.0107807
177
1
2.52249 7.70286 0.846761
0.0220315 -0.00738504 -0.00931896
178
1
2.47582 7.71707 0.864392
0.0239489 -0.00662702 -0.00763288
179
1
2.42612 7.72981 0.878902
0.0265087 -0.00600931 -0.00588286
180
1
2.37394 7.74082 0.890009
0.0273803 -0.00500155 -0.00486983
181
1
2.31974 7.74962 0.898295
0.0279299 -0.00363377 -0.00377864
182
1
2.26368 7.75568 0.903835
0.0286665 -0.00241218 -0.00219323
183
1
2.20647 7.75886 0.906128
0.0289204 -0.000993376 -0.000452347
184
1
2.14828 7.75936 0.905058
0.0296836 0.000525214 0.0015143
185
1
2.08899 7.75707 0.900867
0.0300669 0.00149674 0.00349056
186
1
2.02912 7.75179 0.893464
0.0290284 0.00276755 0.00491557
187
1
1.9678 7.74278 0.882775
0.0298526 0.00523524 0.00671462
188
1
1.90414 7.72907 0.86918
0.0326814 0.00807153 0.00880363
189
1
1.83847 7.7108 0.853402
0.0329363 0.00969972 0.0100474
190
1
1.77023 7.68803 0.835929
0.0332674 0.0120831 0.0102129
191
1
1.69987 7.6607 0.816773
0.0358773 0.0153082 0.0105216
192
1
1.62795 7.62888 0.794614
0.0361968 0.0174938 0.0121191
193
1
1.55212 7.59031 0.767555
0.038049 0.02155 0.0146891
