194
0
1
0.761851 1.79525 2.20592
0.0262541 -0.0239125 -0.0203848
1
1
0.708762 1.8423 2.24482
0.0296929 -0.0233184 -0.0193426
2
1
0.647761 1.888 2.28174
0.0326413 -0.0225269 -0.017605
3
1
0.579449 1.93101 2.31568
0.0363166 -0.0208094 -0.0161542
4
1
0.504306 1.9698 2.34673
0.0392943 -0.0178275 -0.0140499
5
1
0.422504 2.00283 2.37408
0.0423637 -0.0138228 -0.0126084
6
1
0.33474 2.02882 2.39744
0.045036 -0.0103546 -0.0114276
7
1
0.242337 2.04775 2.41621
0.0469231 -0.00752355 -0.00890869
8
1
0.146689 2.06045 2.42907
0.0483488 -0.00442075 -0.00542049
9
1
0.049111 2.06697 2.43538
0.049152 -0.00138716 -0.00180831
10
1
-0.049111 2.06697 2.43538
0.049152 0.00138716 0.00180831
11
1
-0.146689 2.06045 2.42907
0.0483488 0.00442075 0.00542049
12
1
-0.242337 2.04775 2.41621
0.0469231 0.00752355 0.00890869
13
1
-0.33474 2.02882 2.39744
0.045036 0.0103546 0.0114276
14
1
-0.422504 2.00283 2.37408
0.0423637 0.0138228 0.0126084
15
1
-0.504306 1.9698 2.34673
0.0392943 0.0178275 0.0140499
16
1
-0.579449 1.93101 2.31568
0.0363166 0.0208094 0.0161542
17
1
-0.647761 1.888 2.28174
0.0326413 0.0225269 0.017605
18
1
-0.708762 1.8423 2.24482
0.0296929 0.0233184 0.0193426
19
1
-0.761851 1.79525 2.20592
0.0262541 0.0239125 0.0203848
20
1
-0.806332 1.74752 2.16612
0.0210675 0.0239509 0.0202706
21
1
-0.842213 1.69963 2.12562
0.016466 0.0238385 0.0204657
22
1
-0.869969 1.65168 2.08472
0.011729 0.0238113 0.0205591
23
1
-0.891205 1.60426 2.04313
0.00773303 0.0236846 0.0210099
24
1
-0.906875 1.55833 1.99988
0.00471592 0.0229834 0.0218302
25
1
-0.917632 1.51431 1.95467
0.00296556 0.0218058 0.0229147
26
1
-0.924808 1.47271 1.90732
0.00137823 0.0201619 0.0242686
27
1
-0.928437 1.43408 1.85757
-0.000418238 0.0187253 0.0253707
28
1
-0.928374 1.39778 1.80614
-0.00180534 0.0179896 0.0258534
29
1
-0.925309 1.36297 1.75385
-0.00264198 0.0175841 0.0260386
30
1
-0.920002 1.32962 1.70095
-0.00340712 0.0170827 0.0262003
31
1
-0.912163 1.29829 1.64746
-0.00450026 0.016421 0.0262556
32
1
-0.900684 1.26916 1.59388
-0.00596963 0.0156464 0.0261113
33
1
-0.884963 1.24179 1.54103
-0.00764975 0.0146629 0.0258618
34
1
-0.865394 1.21576 1.48938
-0.00941258 0.0133231 0.0256498
35
1
-0.843132 1.19117 1.4386
-0.0111837 0.0116136 0.0255526
36
1
-0.819243 1.16893 1.38775
-0.0128113 0.00965433 0.0255985
37
1
-0.79421 1.15028 1.33597
-0.0140747 0.00756835 0.0257946
38
1
-0.768105 1.13619 1.28303
-0.0148252 0.0054421 0.0261106
39
1
-0.74103 1.12688 1.22917
-0.0150294 0.00335043 0.0265236
40
1
-0.713413 1.12186 1.17459
-0.0147351 0.00137446 0.0270405
41
1
-0.685993 1.12039 1.11923
-0.0140364 -0.000404624 0.0276641
42
1
-0.659616 1.12175 1.06281
-0.013041 -0.00191625 0.0283719
43
1
-0.635025 1.12543 1.00504
-0.0118476 -0.00311239 0.0291246
44
1
-0.612706 1.131 0.945781
-0.0105404 -0.00397652 0.0298867
45
1
-0.592902 1.13803 0.885031
-0.00919089 -0.00452268 0.0306349
46
1
-0.575651 1.14608 0.822842
-0.00785929 -0.00478613 0.0313552
47
1
-0.560865 1.15466 0.759294
-0.00659447 -0.00481381 0.0320382
48
1
-0.548385 1.16336 0.694472
-0.00543315 -0.00465588 0.0326757
49
1
-0.538019 1.17181 0.628465
-0.00439886 -0.00436018 0.0332597
50
1
-0.529552 1.17973 0.561373
-0.00350164 -0.00396825 0.0337844
51
1
-0.522754 1.18693 0.493309
-0.00274074 -0.00351439 0.0342462
52
1
-0.517395 1.19328 0.424396
-0.00210633 -0.00302462 0.0346437
53
1
-0.51326 1.1987 0.354756
-0.00158399 -0.00251812 0.0349769
54
1
-0.510156 1.20315 0.284515
-0.00115516 -0.00200675 0.0352468
55
1
-0.507916 1.20661 0.213799
-0.000801584 -0.00149788 0.0354548
56
1
-0.506409 1.20908 0.142728
-0.00050315 -0.000993942 0.0356023
57
1
-0.505543 1.21056 0.0714225
-0.00024221 -0.000495387 0.0356902
58
1
-0.50526 1.21106 -1.38918e-016
-8.14876e-017 -4.65445e-017 0.0357195
59
1
-0.505543 1.21056 -0.0714225
0.00024221 0.000495387 0.0356902
60
1
-0.506409 1.20908 -0.142728
0.00050315 0.000993942 0.0356023
61
1
-0.507916 1.20661 -0.213799
0.000801584 0.00149788 0.0354548
62
1
-0.510156 1.20315 -0.284515
0.00115516 0.00200675 0.0352468
63
1
-0.51326 1.1987 -0.354756
0.00158399 0.00251812 0.0349769
64
1
-0.517395 1.19328 -0.424396
0.00210633 0.00302462 0.0346437
65
1
-0.522754 1.18693 -0.493309
0.00274074 0.00351439 0.0342462
66
1
-0.529552 1.17973 -0.561373
0.00350164 0.00396825 0.0337844
67
1
-0.538019 1.17181 -0.628465
0.00439886 0.00436018 0.0332597
68
1
-0.548385 1.16336 -0.694472
0.00543315 0.00465588 0.0326757
69
1
-0.560865 1.15466 -0.759294
0.00659447 0.00481381 0.0320382
70
1
-0.575651 1.14608 -0.822842
0.00785929 0.00478613 0.0313552
71
1
-0.592902 1.13803 -0.885031
0.00919089 0.00452268 0.0306349
72
1
-0.612706 1.131 -0.945781
0.0105404 0.00397652 0.0298867
73
1
-0.635025 1.12543 -1.00504
0.0118476 0.00311239 0.0291246
74
1
-0.659616 1.12175 -1.06281
0.013041 0.00191625 0.0283719
75
1
-0.685993 1.12039 -1.11923
0.0140364 0.000404624 0.0276641
76
1
-0.713413 1.12186 -1.17459
0.0147351 -0.00137446 0.0270405
77
1
-0.74103 1.12688 -1.22917
0.0150294 -0.00335043 0.0265236
78
1
-0.768105 1.13619 -1.28303
0.0148252 -0.0054421 0.0261106
79
1
-0.79421 1.15028 -1.33597
0.0140747 -0.00756835 0.0257946
80
1
-0.819243 1.16893 -1.38775
0.0128113 -0.00965433 0.0255985
81
1
-0.843132 1.19117 -1.4386
0.0111837 -0.0116136 0.0255526
82
1
-0.865394 1.21576 -1.48938
0.00941258 -0.0133231 0.0256498
83
1
-0.884963 1.24179 -1.54103
0.00764975 -0.0146629 0.0258618
84
1
-0.900684 1.26916 -1.59388
0.00596963 -0.0156464 0.0261113
85
1
-0.912163 1.29829 -1.64746
0.00450026 -0.016421 0.0262556
86
1
-0.920002 1.32962 -1.70095
0.00340712 -0.0170827 0.0262003
87
1
-0.925309 1.36297 -1.75385
0.00264198 -0.0175841 0.0260386
88
1
-0.928374 1.39778 -1.80614
0.00180534 -0.0179896 0.0258534
89
1
-0.928437 1.43408 -1.85757
0.000418238 -0.0187253 0.0253707
90
1
-0.924808 1.47271 -1.90732
-0.00137823 -0.0201619 0.0242686
91
1
-0.917632 1.51431 -1.95467
-0.00296556 -0.0218058 0.0229147
92
1
-0.906875 1.55833 -1.99988
-0.00471592 -0.0229834 0.0218302
93
1
-0.891205 1.60426 -2.04313
-0.00773303 -0.0236846 0.0210099
94
1
-0.869969 1.65168 -2.08472
-0.011729 -0.0238113 0.0205591
95
1
-0.842213 1.69963 -2.12562
-0.016466 -0.0238385 0.0204657
96
1
-0.806332 1.74752 -2.16612
-0.0210675 -0.0239509 0.0202706
97
1
-0.761851 1.79525 -2.20592
-0.0262541 -0.0239125 0.0203848
98
1
-0.708762 1.8423 -2.24482
-0.0296929 -0.0233184 0.0193426
99
1
-0.647761 1.888 -2.28174
-0.0326413 -0.0225269 0.017605
100
1
-0.579449 1.93101 -2.31568
-0.0363166 -0.0208094 0.0161542
101
1
-0.504306 1.9698 -2.34673
-0.0392943 -0.0178275 0.0140499
102
1
-0.422504 2.00283 -2.37408
-0.0423637 -0.0138228 0.0126084
103
1
-0.33474 2.02882 -2.39744
-0.045036 -0.0103546 0.0114276
104
1
-0.242337 2.04775 -2.41621
-0.0469231 -0.00752355 0.00890869
105
1
-0.146689 2.06045 -2.42907
-0.0483488 -0.00442075 0.00542049
106
1
-0.049111 2.06697 -2.43538
-0.049152 -0.00138716 0.00180831
107
1
0.049111 2.06697 -2.43538
-0.049152 0.00138716 -0.00180831
108
1
0.146689 2.06045 -2.42907
-0.0483488 0.00442075 -0.00542049
109
1
0.242337 2.04775 -2.41621
-0.0469231 0.00752355 -0.00890869
110
1
0.33474 2.02882 -2.39744
-0.045036 0.0103546 -0.0114276
111
1
0.422504 2.00283 -2.37408
-0.0423637 0.0138228 -0.0126084
112
1
0.504306 1.9698 -2.34673
-0.0392943 0.0178275 -0.0140499
113
1
0.579449 1.93101 -2.31568
-0.0363166 0.0208094 -0.0161542
114
1
0.647761 1.888 -2.28174
-0.0326413 0.0225269 -0.017605
115
1
0.708762 1.8423 -2.24482
-0.0296929 0.0233184 -0.0193426
116
1
0.761851 1.79525 -2.20592
-0.0262541 0.0239125 -0.0203848
117
1
0.806332 1.74752 -2.16612
-0.0210675 0.0239509 -0.0202706
118
1
0.842213 1.69963 -2.12562
-0.016466 0.0238385 -0.0204657
119
1
0.869969 1.65168 -2.08472
-0.011729 0.0238113 -0.0205591
120
1
0.891205 1.60426 -2.04313
-0.00773303 0.0236846 -0.0210099
121
1
0.906875 1.55833 -1.99988
-0.00471592 0.0229834 -0.0218302
122
1
0.917632 1.51431 -1.95467
-0.00296556 0.0218058 -0.0229147
123
1
0.924808 1.47271 -1.90732
-0.00137823 0.0201619 -0.0242686
124
1
0.928437 1.43408 -1.85757
0.000418238 0.0187253 -0.0253707
125
1
0.928374 1.39778 -1.80614
0.00180534 0.0179896 -0.0258534
126
1
0.925309 1.36297 -1.75385
0.00264198 0.0175841 -0.0260386
127
1
0.920002 1.32962 -1.70095
0.00340712 0.0170827 -0.0262003
128
1
0.912163 1.29829 -1.64746
0.00450026 0.016421 -0.0262556
129
1
0.900684 1.26916 -1.59388
0.00596963 0.0156464 -0.0261113
130
1
0.884963 1.24179 -1.54103
0.00764975 0.0146629 -0.0258618
131
1
0.865394 1.21576 -1.48938
0.00941258 0.0133231 -0.0256498
132
1
0.843132 1.19117 -1.4386
0.0111837 0.0116136 -0.0255526
133
1
0.819243 1.16893 -1.38775
0.0128113 0.00965433 -0.0255985
134
1
0.79421 1.15028 -1.33597
0.0140747 0.00756835 -0.0257946
135
1
0.768105 1.13619 -1.28303
0.0148252 0.0054421 -0.0261106
136
1
0.74103 1.12688 -1.22917
0.0150294 0.00335043 -0.0265236
137
1
0.713413 1.12186 -1.17459
0.0147351 0.00137446 -0.0270405
138
1
0.685993 1.12039 -1.11923
0.0140364 -0.000404624 -0.0276641
139
1
0.659616 1.12175 -1.06281
0.013041 -0.00191625 -0.0283719
140
1
0.635025 1.12543 -1.00504
0.0118476 -0.00311239 -0.0291246
141
1
0.612706 1.131 -0.945781
0.0105404 -0.00397652 -0.0298867
142
1
0.592902 1.13803 -0.885031
0.00919089 -0.00452268 -0.0306349
143
1
0.575651 1.14608 -0.822842
0.00785929 -0.00478613 -0.0313552
144
1
0.560865 1.15466 -0.759294
0.00659447 -0.00481381 -0.0320382
145
1
0.548385 1.16336 -0.694472
0.00543315 -0.00465588 -0.0326757
146
1
0.538019 1.17181 -0.628465
0.00439886 -0.00436018 -0.0332597
147
1
0.529552 1.17973 -0.561373
0.00350164 -0.00396825 -0.0337844
148
1
0.522754 1.18693 -0.493309
0.00274074 -0.00351439 -0.0342462
149
1
0.517395 1.19328 -0.424396
0.00210633 -0.00302462 -0.0346437
150
1
0.51326 1.1987 -0.354756
0.00158399 -0.00251812 -0.0349769
151
1
0.510156 1.20315 -0.284515
0.00115516 -0.00200675 -0.0352468
152
1
0.507916 1.20661 -0.213799
0.000801584 -0.00149788 -0.0354548
153
1
0.506409 1.20908 -0.142728
0.00050315 -0.000993942 -0.0356023
154
1
0.505543 1.21056 -0.0714225
0.00024221 -0.000495387 -0.0356902
155
1
0.50526 1.21106 -6.22062e-017
-6.39645e-017 -1.14164e-017 -0.0357195
156
1
0.505543 1.21056 0.0714225
-0.00024221 0.000495387 -0.0356902
157
1
0.506409 1.20908 0.142728
-0.00050315 0.000993942 -0.0356023
158
1
0.507916 1.20661 0.213799
-0.000801584 0.00149788 -0.0354548
159
1
0.510156 1.20315 0.284515
-0.00115516 0.00200675 -0.0352468
160
1
0.51326 1.1987 0.354756
-0.00158399 0.00251812 -0.0349769
161
1
0.517395 1.19328 0.424396
-0.00210633 0.00302462 -0.0346437
162
1
0.522754 1.18693 0.493309
-0.00274074 0.00351439 -0.0342462
163
1
0.529552 1.17973 0.561373
-0.00350164 0.00396825 -0.0337844
164
1
0.538019 1.17181 0.628465
-0.00439886 0.00436018 -0.0332597
165
1
0.548385 1.16336 0.694472
-0.00543315 0.00465588 -0.0326757
166
1
0.560865 1.15466 0.759294
-0.00659447 0.00481381 -0.0320382
167
1
0.575651 1.14608 0.822842
-0.00785929 0.00478613 -0.0313552
168
1
0.592902 1.13803 0.885031
-0.00919089 0.00452268 -0.0306349
169
1
0.612706 1.131 0.945781
-0.0105404 0.00397652 -0.0298867
170
1
0.635025 1.12543 1.00504
-0.0118476 0.00311239 -0.0291246
171
1
0.659616 1.12175 1.06281
-0.013041 0.00191625 -0.0283719
172
1
0.685993 1.12039 1.11923
-0.0140364 0.000404624 -0.0276641
173
1
0.713413 1.12186 1.17459
-0.0147351 -0.00137446 -0.0270405
174
1
0.74103 1.12688 1.22917
-0.0150294 -0.00335043 -0.0265236
175
1
0.768105 1.13619 1.28303
-0.0148252 -0.0054421 -0.0261106
176
1
0.79421 1.15028 1.33597
-0.0140747 -0.00756835 -0.0257946
177
1
0.819243 1.16893 1.38775
-0.0128113 -0.00965433 -0.0255985
178
1
0.843132 1.19117 1.4386
-0.0111837 -0.0116136 -0.0255526
179
1
0.865394 1.21576 1.48938
-0.00941258 -0.0133231 -0.0256498
180
1
0.884963 1.24179 1.54103
-0.00764975 -0.0146629 -0.0258618
181
1
0.900684 1.26916 1.59388
-0.00596963 -0.0156464 -0.0261113
182
1
0.912163 1.29829 1.64746
-0.00450026 -0.016421 -0.0262556
183
1
0.920002 1.32962 1.70095
-0.00340712 -0.0170827 -0.0262003
184
1
0.925309 1.36297 1.75385
-0.00264198 -0.0175841 -0.0260386
185
1
0.928374 1.39778 1.80614
-0.00180534 -0.0179896 -0.0258534
186
1
0.928437 1.43408 1.85757
-0.000418238 -0.0187253 -0.0253707
187
1
0.924808 1.47271 1.90732
0.00137823 -0.0201619 -0.0242686
188
1
0.917632 1.51431 1.95467
0.00296556 -0.0218058 -0.0229147
189
1
0.906875 1.55833 1.99988
0.00471592 -0.0229834 -0.0218302
190
1
0.891205 1.60426 2.04313
0.00773303 -0.0236846 -0.0210099
191
1
0.869969 1.65168 2.08472
0.011729 -0.0238113 -0.0205591
192
1
0.842213 1.69963 2.12562
0.016466 -0.0238385 -0.0204657
193
1
0.806332 1.74752 2.16612
0.0210675 -0.0239509 -0.0202706
