194
0
1
1.34046 8.09788 0.679954
0.0546825 0.0167964 0.00262592
1
1
1.2334 8.06621 0.672262
0.0546524 0.0155048 0.00667818
2
1
1.11928 8.03397 0.655476
0.0588878 0.0167608 0.0115616
3
1
1.00276 7.99976 0.624095
0.0587307 0.0180415 0.01894
4
1
0.884719 7.96028 0.571985
0.0576148 0.0226767 0.0289409
5
1
0.763331 7.91643 0.497828
0.0594662 0.0223998 0.0431969
6
1
0.639598 7.86415 0.382744
0.0484112 0.0186281 0.0571154
7
1
0.49273 7.80657 0.198089
0.0421343 0.0189374 0.0627529
8
1
0.826398 6.16673 0.0663702
0.042728 -0.013632 -0.0105565
9
1
0.0479378 10.9511 0.642902
0.000754987 -0.0171314 -0.0760118
10
1
-0.0479378 10.9511 0.642902
0.000754987 0.0171314 0.0760118
11
1
-0.8264 6.16673 0.0663634
0.0427279 0.013632 0.0105576
12
1
-0.49273 7.80657 0.198089
0.0421343 -0.0189374 -0.0627529
13
1
-0.639598 7.86415 0.382743
0.0484112 -0.0186281 -0.0571154
14
1
-0.763331 7.91643 0.497828
0.0594662 -0.0223998 -0.0431969
15
1
-0.884719 7.96028 0.571985
0.0576148 -0.0226767 -0.0289409
16
1
-1.00276 7.99976 0.624095
0.0587307 -0.0180415 -0.01894
17
1
-1.11928 8.03397 0.655476
0.0588878 -0.0167608 -0.0115616
18
1
-1.2334 8.06622 0.672262
0.0546524 -0.0155048 -0.00667818
19
1
-1.34046 8.09788 0.679954
0.0546825 -0.0167964 -0.00262592
20
1
-1.43803 8.13073 0.681036
0.0455395 -0.0171268 0.00271354
21
1
-1.52766 8.16472 0.677524
0.042234 -0.0162951 0.00412905
22
1
-1.61047 8.19827 0.671436
0.0414382 -0.016232 0.0044994
23
1
-1.69017 8.23128 0.66361
0.0377145 -0.01536 0.00457201
24
1
-1.76709 8.26208 0.654638
0.0373051 -0.0141522 0.0050077
25
1
-1.8416 8.28922 0.64467
0.037702 -0.0129889 0.00601572
26
1
-1.91398 8.3131 0.634024
0.0340673 -0.0110275 0.00526365
27
1
-1.98327 8.33408 0.623237
0.0324007 -0.00969538 0.00471022
28
1
-2.05049 8.35241 0.612224
0.0335355 -0.00892253 0.00546129
29
1
-2.11719 8.36817 0.600882
0.0335403 -0.00751024 0.0059231
30
1
-2.18311 8.38079 0.589878
0.0329368 -0.0054937 0.00510442
31
1
-2.24858 8.38962 0.579335
0.0328764 -0.0037581 0.00472673
32
1
-2.31341 8.3946 0.568843
0.0323653 -0.00177594 0.00516001
33
1
-2.37676 8.39609 0.558104
0.0321269 0.00037139 0.0056122
34
1
-2.4388 8.39439 0.547202
0.031609 0.00207944 0.00563727
35
1
-2.49939 8.38953 0.536753
0.0293253 0.00371616 0.00495172
36
1
-2.558 8.38208 0.52744
0.0278283 0.00509016 0.00425186
37
1
-2.6157 8.37267 0.518408
0.0284856 0.0055014 0.00440448
38
1
-2.67327 8.36153 0.509472
0.0286361 0.00603699 0.0042053
39
1
-2.73025 8.34899 0.501283
0.0275339 0.00726087 0.00303028
40
1
-2.78592 8.33565 0.493458
0.0275461 0.00779503 0.00288781
41
1
-2.84021 8.32218 0.485254
0.0274092 0.00746946 0.0037704
42
1
-2.89312 8.30876 0.476832
0.0260369 0.0075318 0.00383125
43
1
-2.94484 8.29575 0.467738
0.0259178 0.00765223 0.00373521
44
1
-2.99609 8.28381 0.45726
0.0262525 0.00683353 0.00479804
45
1
-3.04721 8.27328 0.445073
0.0255574 0.0058048 0.00583214
46
1
-3.09775 8.26412 0.430785
0.0262693 0.00561459 0.00577308
47
1
-3.14677 8.25689 0.413278
0.0262154 0.00433792 0.00798614
48
1
-3.19264 8.25193 0.391532
0.0241817 0.00115094 0.0121428
49
1
-3.23379 8.2504 0.365578
0.0224448 -0.000896269 0.0131847
50
1
-3.26943 8.2518 0.336101
0.018948 -0.00158697 0.0124393
51
1
-3.29954 8.25571 0.303509
0.014338 -0.0029692 0.0155773
52
1
-3.32501 8.26137 0.267285
0.0105536 -0.00457754 0.0220589
53
1
-3.34584 8.26759 0.227082
0.00743204 -0.00458112 0.0254668
54
1
-3.3617 8.27372 0.184208
0.00485363 -0.00295632 0.0239638
55
1
-3.37301 8.27894 0.139719
0.0024055 -0.00207491 0.0234415
56
1
-3.37956 8.28292 0.0940815
0.000391639 -0.00192151 0.0242173
57
1
-3.38308 8.2855 0.0472707
-0.000592779 -0.00151143 0.0242667
58
1
-3.38454 8.28622 -5.53555e-009
-1.15106e-011 3.47046e-011 0.0240705
59
1
-3.38308 8.2855 -0.0472708
0.000592779 0.00151143 0.0242667
60
1
-3.37956 8.28292 -0.0940815
-0.000391639 0.00192151 0.0242173
61
1
-3.37301 8.27894 -0.139719
-0.0024055 0.00207491 0.0234415
62
1
-3.3617 8.27372 -0.184208
-0.00485363 0.00295633 0.0239638
63
1
-3.34584 8.26759 -0.227082
-0.00743204 0.00458112 0.0254668
64
1
-3.32501 8.26137 -0.267285
-0.0105536 0.00457754 0.0220589
65
1
-3.29954 8.25571 -0.303509
-0.014338 0.0029692 0.0155773
66
1
-3.26943 8.2518 -0.336101
-0.018948 0.00158697 0.0124393
67
1
-3.23379 8.2504 -0.365578
-0.0224448 0.000896269 0.0131847
68
1
-3.19264 8.25193 -0.391532
-0.0241817 -0.00115094 0.0121428
69
1
-3.14677 8.25689 -0.413278
-0.0262154 -0.00433792 0.00798614
70
1
-3.09775 8.26412 -0.430785
-0.0262693 -0.00561459 0.00577308
71
1
-3.04721 8.27328 -0.445073
-0.0255574 -0.0058048 0.00583214
72
1
-2.99609 8.28381 -0.45726
-0.0262525 -0.00683353 0.00479804
73
1
-2.94484 8.29575 -0.467738
-0.0259178 -0.00765223 0.00373521
74
1
-2.89312 8.30876 -0.476832
-0.0260369 -0.0075318 0.00383125
75
1
-2.84021 8.32218 -0.485254
-0.0274092 -0.00746946 0.0037704
76
1
-2.78592 8.33565 -0.493458
-0.0275461 -0.00779503 0.00288781
77
1
-2.73025 8.34899 -0.501284
-0.0275339 -0.00726087 0.00303028
78
1
-2.67327 8.36153 -0.509472
-0.0286361 -0.00603699 0.0042053
79
1
-2.6157 8.37267 -0.518408
-0.0284856 -0.0055014 0.00440448
80
1
-2.558 8.38208 -0.52744
-0.0278283 -0.00509016 0.00425186
81
1
-2.49939 8.38953 -0.536753
-0.0293253 -0.00371616 0.00495172
82
1
-2.4388 8.39439 -0.547202
-0.031609 -0.00207944 0.00563727
83
1
-2.37676 8.39609 -0.558104
-0.0321269 -0.00037139 0.0056122
84
1
-2.31341 8.3946 -0.568843
-0.0323653 0.00177594 0.00516001
85
1
-2.24858 8.38962 -0.579335
-0.0328764 0.0037581 0.00472673
86
1
-2.18311 8.38079 -0.589878
-0.0329368 0.0054937 0.00510442
87
1
-2.11719 8.36817 -0.600882
-0.0335403 0.00751024 0.0059231
88
1
-2.05049 8.35241 -0.612224
-0.0335355 0.00892253 0.00546129
89
1
-1.98327 8.33408 -0.623237
-0.0324007 0.00969538 0.00471022
90
1
-1.91398 8.3131 -0.634024
-0.0340673 0.0110275 0.00526365
91
1
-1.8416 8.28922 -0.64467
-0.037702 0.0129889 0.00601572
92
1
-1.76709 8.26208 -0.654638
-0.0373051 0.0141522 0.0050077
93
1
-1.69017 8.23128 -0.66361
-0.0377145 0.01536 0.00457202
94
1
-1.61047 8.19827 -0.671436
-0.0414382 0.016232 0.0044994
95
1
-1.52766 8.16472 -0.677524
-0.042234 0.0162951 0.00412905
96
1
-1.43803 8.13073 -0.681036
-0.0455395 0.0171268 0.00271354
97
1
-1.34046 8.09788 -0.679954
-0.0546825 0.0167964 -0.00262592
98
1
-1.2334 8.06622 -0.672262
-0.0546524 0.0155048 -0.00667818
99
1
-1.11928 8.03397 -0.655476
-0.0588878 0.0167608 -0.0115616
100
1
-1.00276 7.99976 -0.624095
-0.0587307 0.0180415 -0.01894
101
1
-0.884719 7.96028 -0.571985
-0.0576148 0.0226767 -0.0289409
102
1
-0.763331 7.91643 -0.497828
-0.0594662 0.0223998 -0.0431969
103
1
-0.639598 7.86415 -0.382744
-0.0484112 0.0186281 -0.0571154
104
1
-0.49273 7.80657 -0.198089
-0.0421343 0.0189374 -0.0627529
105
1
-0.826398 6.16673 -0.0663699
-0.042728 -0.013632 0.0105565
106
1
-0.0479378 10.9511 -0.642902
-0.000754987 -0.0171314 0.0760118
107
1
0.0479378 10.9511 -0.642902
-0.000754987 0.0171314 -0.0760118
108
1
0.8264 6.16673 -0.0663631
-0.0427278 0.013632 -0.0105576
109
1
0.49273 7.80657 -0.198089
-0.0421343 -0.0189374 0.0627529
110
1
0.639598 7.86415 -0.382743
-0.0484112 -0.0186281 0.0571154
111
1
0.763331 7.91643 -0.497828
-0.0594662 -0.0223998 0.0431969
112
1
0.884719 7.96028 -0.571985
-0.0576148 -0.0226767 0.0289409
113
1
1.00276 7.99976 -0.624095
-0.0587307 -0.0180415 0.01894
114
1
1.11928 8.03397 -0.655476
-0.0588878 -0.0167608 0.0115616
115
1
1.2334 8.06622 -0.672262
-0.0546524 -0.0155048 0.00667818
116
1
1.34046 8.09788 -0.679954
-0.0546825 -0.0167964 0.00262592
117
1
1.43803 8.13073 -0.681036
-0.0455395 -0.0171268 -0.00271354
118
1
1.52766 8.16472 -0.677524
-0.042234 -0.0162951 -0.00412905
119
1
1.61047 8.19827 -0.671436
-0.0414382 -0.016232 -0.0044994
120
1
1.69017 8.23128 -0.66361
-0.0377145 -0.01536 -0.00457201
121
1
1.76709 8.26208 -0.654638
-0.0373051 -0.0141522 -0.0050077
122
1
1.8416 8.28922 -0.64467
-0.037702 -0.0129889 -0.00601572
123
1
1.91398 8.3131 -0.634024
-0.0340673 -0.0110275 -0.00526365
124
1
1.98327 8.33408 -0.623237
-0.0324007 -0.00969538 -0.00471022
125
1
2.05049 8.35241 -0.612224
-0.0335355 -0.00892253 -0.00546129
126
1
2.11719 8.36817 -0.600882
-0.0335403 -0.00751024 -0.0059231
127
1
2.18311 8.38079 -0.589878
-0.0329368 -0.0054937 -0.00510442
128
1
2.24858 8.38962 -0.579335
-0.0328764 -0.0037581 -0.00472673
129
1
2.31341 8.3946 -0.568843
-0.0323653 -0.00177594 -0.00516001
130
1
2.37676 8.39609 -0.558104
-0.0321269 0.00037139 -0.0056122
131
1
2.4388 8.39439 -0.547202
-0.031609 0.00207944 -0.00563727
132
1
2.49939 8.38953 -0.536753
-0.0293253 0.00371616 -0.00495172
133
1
2.558 8.38208 -0.52744
-0.0278283 0.00509016 -0.00425186
134
1
2.6157 8.37267 -0.518408
-0.0284856 0.0055014 -0.00440448
135
1
2.67327 8.36153 -0.509472
-0.0286361 0.00603699 -0.0042053
136
1
2.73025 8.34899 -0.501283
-0.0275339 0.00726087 -0.00303028
137
1
2.78592 8.33565 -0.493458
-0.0275461 0.00779503 -0.00288781
138
1
2.84021 8.32218 -0.485254
-0.0274092 0.00746946 -0.0037704
139
1
2.89312 8.30876 -0.476832
-0.0260369 0.0075318 -0.00383125
140
1
2.94484 8.29575 -0.467738
-0.0259178 0.00765223 -0.00373521
141
1
2.99609 8.28381 -0.45726
-0.0262525 0.00683353 -0.00479804
142
1
3.04721 8.27328 -0.445073
-0.0255574 0.0058048 -0.00583214
143
1
3.09775 8.26412 -0.430785
-0.0262693 0.00561459 -0.00577308
144
1
3.14677 8.25689 -0.413278
-0.0262154 0.00433792 -0.00798614
145
1
3.19264 8.25193 -0.391532
-0.0241817 0.00115094 -0.0121428
146
1
3.23379 8.2504 -0.365578
-0.0224448 -0.000896269 -0.0131847
147
1
3.26943 8.2518 -0.336101
-0.018948 -0.00158697 -0.0124393
148
1
3.29954 8.25571 -0.303509
-0.014338 -0.0029692 -0.0155773
149
1
3.32501 8.26137 -0.267285
-0.0105536 -0.00457754 -0.0220589
150
1
3.34584 8.26759 -0.227082
-0.00743204 -0.00458112 -0.0254668
151
1
3.3617 8.27372 -0.184208
-0.00485363 -0.00295632 -0.0239638
152
1
3.37301 8.27894 -0.139719
-0.0024055 -0.00207491 -0.0234415
153
1
3.37956 8.28292 -0.0940815
-0.000391639 -0.00192151 -0.0242173
154
1
3.38308 8.2855 -0.0472707
0.000592779 -0.00151143 -0.0242667
155
1
3.38454 8.28622 5.93568e-009
9.78563e-012 3.81333e-011 -0.0240705
156
1
3.38308 8.2855 0.0472708
-0.000592779 0.00151143 -0.0242667
157
1
3.37956 8.28292 0.0940815
0.000391639 0.00192151 -0.0242173
158
1
3.37301 8.27894 0.139719
0.0024055 0.00207491 -0.0234415
159
1
3.3617 8.27372 0.184208
0.00485363 0.00295633 -0.0239638
160
1
3.34584 8.26759 0.227082
0.00743204 0.00458112 -0.0254668
161
1
3.32501 8.26137 0.267285
0.0105536 0.00457754 -0.0220589
162
1
3.29954 8.25571 0.303509
0.014338 0.0029692 -0.0155773
163
1
3.26943 8.2518 0.336101
0.018948 0.00158697 -0.0124393
164
1
3.23379 8.2504 0.365578
0.0224448 0.000896269 -0.0131847
165
1
3.19264 8.25193 0.391532
0.0241817 -0.00115094 -0.0121428
166
1
3.14677 8.25689 0.413278
0.0262154 -0.00433792 -0.00798614
167
1
3.09775 8.26412 0.430785
0.0262693 -0.00561459 -0.00577308
168
1
3.04721 8.27328 0.445073
0.0255574 -0.0058048 -0.00583214
169
1
2.99609 8.28381 0.45726
0.0262525 -0.00683353 -0.00479804
170
1
2.94484 8.29575 0.467738
0.0259178 -0.00765223 -0.00373521
171
1
2.89312 8.30876 0.476832
0.0260369 -0.0075318 -0.00383125
172
1
2.84021 8.32218 0.485254
0.0274092 -0.00746946 -0.0037704
173
1
2.78592 8.33565 0.493458
0.0275461 -0.00779503 -0.00288781
174
1
2.73025 8.34899 0.501284
0.0275339 -0.00726087 -0.00303028
175
1
2.67327 8.36153 0.509472
0.0286361 -0.00603699 -0.0042053
176
1
2.6157 8.37267 0.518408
0.0284856 -0.0055014 -0.00440448
177
1
2.558 8.38208 0.52744
0.0278283 -0.00509016 -0.00425186
178
1
2.49939 8.38953 0.536753
0.0293253 -0.00371616 -0.00495172
179
1
2.4388 8.39439 0.547202
0.031609 -0.00207944 -0.00563727
180
1
2.37676 8.39609 0.558104
0.0321269 -0.00037139 -0.0056122
181
1
2.31341 8.3946 0.568843
0.0323653 0.00177594 -0.00516001
182
1
2.24858 8.38962 0.579335
0.0328764 0.0037581 -0.00472673
183
1
2.18311 8.38079 0.589878
0.0329368 0.0054937 -0.00510442
184
1
2.11719 8.36817 0.600882
0.0335403 0.00751024 -0.0059231
185
1
2.05049 8.35241 0.612224
0.0335355 0.00892253 -0.00546129
186
1
1.98327 8.33408 0.623237
0.0324007 0.00969538 -0.00471022
187
1
1.91398 8.3131 0.634024
0.0340673 0.0110275 -0.00526365
188
1
1.8416 8.28922 0.64467
0.037702 0.0129889 -0.00601572
189
1
1.76709 8.26208 0.654638
0.0373051 0.0141522 -0.0050077
190
1
1.69017 8.23128 0.66361
0.0377145 0.01536 -0.00457202
191
1
1.61047 8.19827 0.671436
0.0414382 0.016232 -0.0044994
192
1
1.52766 8.16472 0.677524
0.042234 0.0162951 -0.00412905
193
1
1.43803 8.13073 0.681036
0.0455395 0.0171268 -0.00271354
