194
0
1
0.588001 1.0824 2.72124
0.0157781 -0.0211139 -0.0308856
1
1
0.553221 1.12344 2.77976
0.0189518 -0.0222314 -0.0283597
2
1
0.511353 1.16617 2.83402
0.0225241 -0.0229258 -0.0248513
3
1
0.461761 1.20971 2.88232
0.0269796 -0.0226329 -0.0216833
4
1
0.40478 1.25194 2.92484
0.0300393 -0.0214185 -0.0189741
5
1
0.341428 1.29139 2.96129
0.0325852 -0.0196599 -0.0159611
6
1
0.27263 1.32662 2.9908
0.0352981 -0.0168763 -0.0125736
7
1
0.198786 1.35526 3.01271
0.0377169 -0.012934 -0.00908963
8
1
0.120914 1.37531 3.02717
0.0395423 -0.00817365 -0.00546712
9
1
0.0405724 1.38558 3.03441
0.0405328 -0.00280295 -0.00180526
10
1
-0.0405724 1.38558 3.03441
0.0405328 0.00280295 0.00180526
11
1
-0.120914 1.37531 3.02717
0.0395423 0.00817365 0.00546712
12
1
-0.198786 1.35526 3.01271
0.0377169 0.012934 0.00908963
13
1
-0.27263 1.32662 2.9908
0.0352981 0.0168763 0.0125736
14
1
-0.341428 1.29139 2.96129
0.0325852 0.0196599 0.0159611
15
1
-0.40478 1.25194 2.92484
0.0300393 0.0214185 0.0189741
16
1
-0.461761 1.20971 2.88232
0.0269796 0.0226329 0.0216833
17
1
-0.511353 1.16617 2.83402
0.0225241 0.0229258 0.0248513
18
1
-0.553221 1.12344 2.77976
0.0189518 0.0222314 0.0283597
19
1
-0.588001 1.0824 2.72124
0.0157781 0.0211139 0.0308856
20
1
-0.616406 1.04306 2.66054
0.0124414 0.0197686 0.0315126
21
1
-0.639278 1.00538 2.59877
0.0103585 0.0191905 0.0311038
22
1
-0.656988 0.968584 2.53695
0.0084738 0.0190348 0.0301425
23
1
-0.670104 0.932711 2.47565
0.00681206 0.0183656 0.0298363
24
1
-0.678227 0.898588 2.41462
0.00421401 0.0170763 0.0298434
25
1
-0.68048 0.866047 2.35402
0.000992167 0.01584 0.0297902
26
1
-0.677924 0.834511 2.29413
-0.00191636 0.0145683 0.0299039
27
1
-0.672372 0.804855 2.23419
-0.0042235 0.0130035 0.0302929
28
1
-0.664828 0.778636 2.17313
-0.00598445 0.0111859 0.0308424
29
1
-0.655282 0.756931 2.11048
-0.00717973 0.00930175 0.0314159
30
1
-0.643666 0.73975 2.04645
-0.00778252 0.00749603 0.0319615
31
1
-0.630387 0.726456 1.98141
-0.00786275 0.00582577 0.0324961
32
1
-0.61632 0.716207 1.91552
-0.00756488 0.00433133 0.0330388
33
1
-0.602378 0.708358 1.84874
-0.00703603 0.00305549 0.0335799
34
1
-0.589244 0.702508 1.781
-0.00638813 0.00202383 0.0340977
35
1
-0.577287 0.698343 1.71231
-0.00569182 0.00123075 0.0345774
36
1
-0.566644 0.695588 1.6427
-0.00499563 0.000648826 0.0350135
37
1
-0.557306 0.693942 1.57227
-0.00433037 0.000239785 0.0354078
38
1
-0.549197 0.693126 1.50109
-0.00371511 -3.50784e-005 0.0357637
39
1
-0.542213 0.692897 1.42923
-0.00316089 -0.000209932 0.0360844
40
1
-0.536241 0.693057 1.35676
-0.00267195 -0.000312545 0.0363729
41
1
-0.531166 0.693461 1.28375
-0.0022475 -0.000364348 0.0366315
42
1
-0.526875 0.694 1.21025
-0.0018837 -0.000381553 0.0368625
43
1
-0.523264 0.694604 1.13632
-0.00157466 -0.000375946 0.037068
44
1
-0.520233 0.695221 1.062
-0.0013138 -0.000355987 0.0372501
45
1
-0.517698 0.695821 0.987336
-0.00109463 -0.000327767 0.0374108
46
1
-0.515581 0.696385 0.912371
-0.000910873 -0.000295341 0.0375519
47
1
-0.513818 0.696899 0.837141
-0.000756912 -0.000261567 0.0376753
48
1
-0.512354 0.697358 0.761681
-0.000627632 -0.000228248 0.0377825
49
1
-0.51114 0.697761 0.686021
-0.000518628 -0.000196465 0.0378751
50
1
-0.510139 0.698111 0.610189
-0.000426272 -0.000166609 0.0379544
51
1
-0.509317 0.698407 0.534211
-0.000347767 -0.000139112 0.0380216
52
1
-0.508651 0.698658 0.45811
-0.000280384 -0.000113879 0.0380778
53
1
-0.50812 0.698861 0.381907
-0.00022194 -9.11502e-005 0.0381239
54
1
-0.507704 0.699023 0.305621
-0.000170096 -7.04787e-005 0.0381605
55
1
-0.507391 0.699145 0.229271
-0.000123684 -5.1805e-005 0.0381884
56
1
-0.507174 0.699231 0.152873
-8.07587e-005 -3.39879e-005 0.038208
57
1
-0.507047 0.69928 0.0764443
-3.99241e-005 -1.69427e-005 0.0382196
58
1
-0.507005 0.699297 -8.30451e-018
9.45986e-018 1.87342e-017 0.0382234
59
1
-0.507047 0.69928 -0.0764443
3.99241e-005 1.69427e-005 0.0382196
60
1
-0.507174 0.699231 -0.152873
8.07587e-005 3.39879e-005 0.038208
61
1
-0.507391 0.699145 -0.229271
0.000123684 5.1805e-005 0.0381884
62
1
-0.507704 0.699023 -0.305621
0.000170096 7.04787e-005 0.0381605
63
1
-0.50812 0.698861 -0.381907
0.00022194 9.11502e-005 0.0381239
64
1
-0.508651 0.698658 -0.45811
0.000280384 0.000113879 0.0380778
65
1
-0.509317 0.698407 -0.534211
0.000347767 0.000139112 0.0380216
66
1
-0.510139 0.698111 -0.610189
0.000426272 0.000166609 0.0379544
67
1
-0.51114 0.697761 -0.686021
0.000518628 0.000196465 0.0378751
68
1
-0.512354 0.697358 -0.761681
0.000627632 0.000228248 0.0377825
69
1
-0.513818 0.696899 -0.837141
0.000756912 0.000261567 0.0376753
70
1
-0.515581 0.696385 -0.912371
0.000910873 0.000295341 0.0375519
71
1
-0.517698 0.695821 -0.987336
0.00109463 0.000327767 0.0374108
72
1
-0.520233 0.695221 -1.062
0.0013138 0.000355987 0.0372501
73
1
-0.523264 0.694604 -1.13632
0.00157466 0.000375946 0.037068
74
1
-0.526875 0.694 -1.21025
0.0018837 0.000381553 0.0368625
75
1
-0.531166 0.693461 -1.28375
0.0022475 0.000364348 0.0366315
76
1
-0.536241 0.693057 -1.35676
0.00267195 0.000312545 0.0363729
77
1
-0.542213 0.692897 -1.42923
0.00316089 0.000209932 0.0360844
78
1
-0.549197 0.693126 -1.50109
0.00371511 3.50784e-005 0.0357637
79
1
-0.557306 0.693942 -1.57227
0.00433037 -0.000239785 0.0354078
80
1
-0.566644 0.695588 -1.6427
0.00499563 -0.000648826 0.0350135
81
1
-0.577287 0.698343 -1.71231
0.00569182 -0.00123075 0.0345774
82
1
-0.589244 0.702508 -1.781
0.00638813 -0.00202383 0.0340977
83
1
-0.602378 0.708358 -1.84874
0.00703603 -0.00305549 0.0335799
84
1
-0.61632 0.716207 -1.91552
0.00756488 -0.00433133 0.0330388
85
1
-0.630387 0.726456 -1.98141
0.00786275 -0.00582577 0.0324961
86
1
-0.643666 0.73975 -2.04645
0.00778252 -0.00749603 0.0319615
87
1
-0.655282 0.756931 -2.11048
0.00717973 -0.00930175 0.0314159
88
1
-0.664828 0.778636 -2.17313
0.00598445 -0.0111859 0.0308424
89
1
-0.672372 0.804855 -2.23419
0.0042235 -0.0130035 0.0302929
90
1
-0.677924 0.834511 -2.29413
0.00191636 -0.0145683 0.0299039
91
1
-0.68048 0.866047 -2.35402
-0.000992167 -0.01584 0.0297902
92
1
-0.678227 0.898588 -2.41462
-0.00421401 -0.0170763 0.0298434
93
1
-0.670104 0.932711 -2.47565
-0.00681206 -0.0183656 0.0298363
94
1
-0.656988 0.968584 -2.53695
-0.0084738 -0.0190348 0.0301425
95
1
-0.639278 1.00538 -2.59877
-0.0103585 -0.0191905 0.0311038
96
1
-0.616406 1.04306 -2.66054
-0.0124414 -0.0197686 0.0315126
97
1
-0.588001 1.0824 -2.72124
-0.0157781 -0.0211139 0.0308856
98
1
-0.553221 1.12344 -2.77976
-0.0189518 -0.0222314 0.0283597
99
1
-0.511353 1.16617 -2.83402
-0.0225241 -0.0229258 0.0248513
100
1
-0.461761 1.20971 -2.88232
-0.0269796 -0.0226329 0.0216833
101
1
-0.40478 1.25194 -2.92484
-0.0300393 -0.0214185 0.0189741
102
1
-0.341428 1.29139 -2.96129
-0.0325852 -0.0196599 0.0159611
103
1
-0.27263 1.32662 -2.9908
-0.0352981 -0.0168763 0.0125736
104
1
-0.198786 1.35526 -3.01271
-0.0377169 -0.012934 0.00908963
105
1
-0.120914 1.37531 -3.02717
-0.0395423 -0.00817365 0.00546712
106
1
-0.0405724 1.38558 -3.03441
-0.0405328 -0.00280295 0.00180526
107
1
0.0405724 1.38558 -3.03441
-0.0405328 0.00280295 -0.00180526
108
1
0.120914 1.37531 -3.02717
-0.0395423 0.00817365 -0.00546712
109
1
0.198786 1.35526 -3.01271
-0.0377169 0.012934 -0.00908963
110
1
0.27263 1.32662 -2.9908
-0.0352981 0.0168763 -0.0125736
111
1
0.341428 1.29139 -2.96129
-0.0325852 0.0196599 -0.0159611
112
1
0.40478 1.25194 -2.92484
-0.0300393 0.0214185 -0.0189741
113
1
0.461761 1.20971 -2.88232
-0.0269796 0.0226329 -0.0216833
114
1
0.511353 1.16617 -2.83402
-0.0225241 0.0229258 -0.0248513
115
1
0.553221 1.12344 -2.77976
-0.0189518 0.0222314 -0.0283597
116
1
0.588001 1.0824 -2.72124
-0.0157781 0.0211139 -0.0308856
117
1
0.616406 1.04306 -2.66054
-0.0124414 0.0197686 -0.0315126
118
1
0.639278 1.00538 -2.59877
-0.0103585 0.0191905 -0.0311038
119
1
0.656988 0.968584 -2.53695
-0.0084738 0.0190348 -0.0301425
120
1
0.670104 0.932711 -2.47565
-0.00681206 0.0183656 -0.0298363
121
1
0.678227 0.898588 -2.41462
-0.00421401 0.0170763 -0.0298434
122
1
0.68048 0.866047 -2.35402
-0.000992167 0.01584 -0.0297902
123
1
0.677924 0.834511 -2.29413
0.00191636 0.0145683 -0.0299039
124
1
0.672372 0.804855 -2.23419
0.0042235 0.0130035 -0.0302929
125
1
0.664828 0.778636 -2.17313
0.00598445 0.0111859 -0.0308424
126
1
0.655282 0.756931 -2.11048
0.00717973 0.00930175 -0.0314159
127
1
0.643666 0.73975 -2.04645
0.00778252 0.00749603 -0.0319615
128
1
0.630387 0.726456 -1.98141
0.00786275 0.00582577 -0.0324961
129
1
0.61632 0.716207 -1.91552
0.00756488 0.00433133 -0.0330388
130
1
0.602378 0.708358 -1.84874
0.00703603 0.00305549 -0.0335799
131
1
0.589244 0.702508 -1.781
0.00638813 0.00202383 -0.0340977
132
1
0.577287 0.698343 -1.71231
0.00569182 0.00123075 -0.0345774
133
1
0.566644 0.695588 -1.6427
0.00499563 0.000648826 -0.0350135
134
1
0.557306 0.693942 -1.57227
0.00433037 0.000239785 -0.0354078
135
1
0.549197 0.693126 -1.50109
0.00371511 -3.50784e-005 -0.0357637
136
1
0.542213 0.692897 -1.42923
0.00316089 -0.000209932 -0.0360844
137
1
0.536241 0.693057 -1.35676
0.00267195 -0.000312545 -0.0363729
138
1
0.531166 0.693461 -1.28375
0.0022475 -0.000364348 -0.0366315
139
1
0.526875 0.694 -1.21025
0.0018837 -0.000381553 -0.0368625
140
1
0.523264 0.694604 -1.13632
0.00157466 -0.000375946 -0.037068
141
1
0.520233 0.695221 -1.062
0.0013138 -0.000355987 -0.0372501
142
1
0.517698 0.695821 -0.987336
0.00109463 -0.000327767 -0.0374108
143
1
0.515581 0.696385 -0.912371
0.000910873 -0.000295341 -0.0375519
144
1
0.513818 0.696899 -0.837141
0.000756912 -0.000261567 -0.0376753
145
1
0.512354 0.697358 -0.761681
0.000627632 -0.000228248 -0.0377825
146
1
0.51114 0.697761 -0.686021
0.000518628 -0.000196465 -0.0378751
147
1
0.510139 0.698111 -0.610189
0.000426272 -0.000166609 -0.0379544
148
1
0.509317 0.698407 -0.534211
0.000347767 -0.000139112 -0.0380216
149
1
0.508651 0.698658 -0.45811
0.000280384 -0.000113879 -0.0380778
150
1
0.50812 0.698861 -0.381907
0.00022194 -9.11502e-005 -0.0381239
151
1
0.507704 0.699023 -0.305621
0.000170096 -7.04787e-005 -0.0381605
152
1
0.507391 0.699145 -0.229271
0.000123684 -5.1805e-005 -0.0381884
153
1
0.507174 0.699231 -0.152873
8.07587e-005 -3.39879e-005 -0.038208
154
1
0.507047 0.69928 -0.0764443
3.99241e-005 -1.69427e-005 -0.0382196
155
1
0.507005 0.699297 -8.30925e-018
1.67306e-017 -4.03667e-017 -0.0382234
156
1
0.507047 0.69928 0.0764443
-3.99241e-005 1.69427e-005 -0.0382196
157
1
0.507174 0.699231 0.152873
-8.07587e-005 3.39879e-005 -0.038208
158
1
0.507391 0.699145 0.229271
-0.000123684 5.1805e-005 -0.0381884
159
1
0.507704 0.699023 0.305621
-0.000170096 7.04787e-005 -0.0381605
160
1
0.50812 0.698861 0.381907
-0.00022194 9.11502e-005 -0.0381239
161
1
0.508651 0.698658 0.45811
-0.000280384 0.000113879 -0.0380778
162
1
0.509317 0.698407 0.534211
-0.000347767 0.000139112 -0.0380216
163
1
0.510139 0.698111 0.610189
-0.000426272 0.000166609 -0.0379544
164
1
0.51114 0.697761 0.686021
-0.000518628 0.000196465 -0.0378751
165
1
0.512354 0.697358 0.761681
-0.000627632 0.000228248 -0.0377825
166
1
0.513818 0.696899 0.837141
-0.000756912 0.000261567 -0.0376753
167
1
0.515581 0.696385 0.912371
-0.000910873 0.000295341 -0.0375519
168
1
0.517698 0.695821 0.987336
-0.00109463 0.000327767 -0.0374108
169
1
0.520233 0.695221 1.062
-0.0013138 0.000355987 -0.0372501
170
1
0.523264 0.694604 1.13632
-0.00157466 0.000375946 -0.037068
171
1
0.526875 0.694 1.21025
-0.0018837 0.000381553 -0.0368625
172
1
0.531166 0.693461 1.28375
-0.0022475 0.000364348 -0.0366315
173
1
0.536241 0.693057 1.35676
-0.00267195 0.000312545 -0.0363729
174
1
0.542213 0.692897 1.42923
-0.00316089 0.000209932 -0.0360844
175
1
0.549197 0.693126 1.50109
-0.00371511 3.50784e-005 -0.0357637
176
1
0.557306 0.693942 1.57227
-0.00433037 -0.000239785 -0.0354078
177
1
0.566644 0.695588 1.6427
-0.00499563 -0.000648826 -0.0350135
178
1
0.577287 0.698343 1.71231
-0.00569182 -0.00123075 -0.0345774
179
1
0.589244 0.702508 1.781
-0.00638813 -0.00202383 -0.0340977
180
1
0.602378 0.708358 1.84874
-0.00703603 -0.00305549 -0.0335799
181
1
0.61632 0.716207 1.91552
-0.00756488 -0.00433133 -0.0330388
182
1
0.630387 0.726456 1.98141
-0.00786275 -0.00582577 -0.0324961
183
1
0.643666 0.73975 2.04645
-0.00778252 -0.00749603 -0.0319615
184
1
0.655282 0.756931 2.11048
-0.00717973 -0.00930175 -0.0314159
185
1
0.664828 0.778636 2.17313
-0.00598445 -0.0111859 -0.0308424
186
1
0.672372 0.804855 2.23419
-0.0042235 -0.0130035 -0.0302929
187
1
0.677924 0.834511 2.29413
-0.00191636 -0.0145683 -0.0299039
188
1
0.68048 0.866047 2.35402
0.000992167 -0.01584 -0.0297902
189
1
0.678227 0.898588 2.41462
0.00421401 -0.0170763 -0.0298434
190
1
0.670104 0.932711 2.47565
0.00681206 -0.0183656 -0.0298363
191
1
0.656988 0.968584 2.53695
0.0084738 -0.0190348 -0.0301425
192
1
0.639278 1.00538 2.59877
0.0103585 -0.0191905 -0.0311038
193
1
0.616406 1.04306 2.66054
0.0124414 -0.0197686 -0.0315126
