194
0
1
0.917376 3.82441 0.606804
0.029013 -0.0334495 -0.00979207
1
1
0.855387 3.88762 0.628401
0.0324835 -0.0316929 -0.0146111
2
1
0.784739 3.94771 0.657225
0.0368185 -0.0291413 -0.017273
3
1
0.704858 4.00221 0.690832
0.041955 -0.0256892 -0.0191123
4
1
0.615412 4.04948 0.726022
0.0462586 -0.0216786 -0.01835
5
1
0.517049 4.08864 0.759488
0.050686 -0.0166606 -0.0164666
6
1
0.41071 4.11962 0.788621
0.0548387 -0.0129897 -0.013268
7
1
0.297781 4.14306 0.811478
0.0577878 -0.00971868 -0.00961223
8
1
0.180249 4.15889 0.826908
0.0594046 -0.0063289 -0.00623024
9
1
0.0603215 4.16706 0.834801
0.0602736 -0.00227438 -0.00198332
10
1
-0.0603215 4.16706 0.834801
0.0602736 0.00227438 0.00198332
11
1
-0.180249 4.15889 0.826908
0.0594046 0.0063289 0.00623024
12
1
-0.297781 4.14306 0.811478
0.0577878 0.00971868 0.00961223
13
1
-0.41071 4.11962 0.788621
0.0548387 0.0129897 0.013268
14
1
-0.517049 4.08864 0.759488
0.050686 0.0166606 0.0164666
15
1
-0.615412 4.04948 0.726022
0.0462586 0.0216786 0.01835
16
1
-0.704858 4.00221 0.690832
0.041955 0.0256892 0.0191123
17
1
-0.784739 3.94771 0.657225
0.0368185 0.0291413 0.017273
18
1
-0.855387 3.88762 0.628401
0.0324835 0.0316929 0.0146111
19
1
-0.917376 3.82441 0.606804
0.029013 0.0334495 0.00979207
20
1
-0.971785 3.76082 0.594047
0.0246926 0.0327759 0.00439289
21
1
-1.02029 3.69866 0.589682
0.0214822 0.0311227 0.000165254
22
1
-1.06459 3.63947 0.593048
0.0196995 0.0294933 -0.00455845
23
1
-1.10697 3.58358 0.602763
0.0182623 0.0271159 -0.00722899
24
1
-1.14881 3.53205 0.617122
0.0189731 0.0247699 -0.0093402
25
1
-1.19147 3.48504 0.634453
0.0206924 0.0222339 -0.0106298
26
1
-1.2353 3.44219 0.653336
0.0211748 0.0195609 -0.0107108
27
1
-1.2808 3.40361 0.672591
0.0226123 0.0173465 -0.0101617
28
1
-1.32858 3.36853 0.69051
0.0250835 0.0156941 -0.00927657
29
1
-1.37844 3.33605 0.706603
0.0258318 0.0142055 -0.00828228
30
1
-1.43005 3.306 0.720592
0.0260044 0.0131177 -0.00717264
31
1
-1.48328 3.27801 0.731807
0.0270265 0.0127066 -0.00571968
32
1
-1.5376 3.25157 0.740231
0.0276064 0.0125503 -0.00443879
33
1
-1.5923 3.22621 0.746544
0.0274289 0.0124011 -0.00350141
34
1
-1.64697 3.20172 0.751243
0.0272131 0.0125324 -0.00234382
35
1
-1.70127 3.17779 0.753921
0.0265718 0.0126923 -0.000884322
36
1
-1.75472 3.15397 0.754157
0.0254192 0.0125119 0.000428909
37
1
-1.80751 3.13001 0.751896
0.0250981 0.0123363 0.00178498
38
1
-1.86061 3.10643 0.746967
0.0260804 0.0122984 0.00327527
39
1
-1.91436 3.08422 0.739426
0.0270545 0.0116994 0.00401621
40
1
-1.96794 3.06426 0.729592
0.0271664 0.0100707 0.00416443
41
1
-2.02052 3.04668 0.717721
0.0267509 0.0079084 0.00522265
42
1
-2.07201 3.03155 0.70335
0.0261888 0.00605775 0.00737214
43
1
-2.12273 3.01819 0.685778
0.0257567 0.00496814 0.00960925
44
1
-2.17311 3.00662 0.664217
0.0255964 0.00432052 0.011634
45
1
-2.22309 2.99648 0.637982
0.0256957 0.00356026 0.0139033
46
1
-2.27202 2.98727 0.60705
0.0254288 0.00293718 0.0165255
47
1
-2.31869 2.97816 0.57167
0.0241811 0.00349195 0.0190573
48
1
-2.36199 2.96847 0.532168
0.0221692 0.00513566 0.0213314
49
1
-2.40109 2.9583 0.488734
0.019862 0.0064262 0.0234315
50
1
-2.43534 2.9481 0.441874
0.0172604 0.00651364 0.0249276
51
1
-2.4642 2.93861 0.391908
0.0144924 0.00579855 0.0261381
52
1
-2.48805 2.9305 0.3392
0.011751 0.00474093 0.0273395
53
1
-2.50769 2.92386 0.284675
0.00923084 0.0034613 0.0284377
54
1
-2.5238 2.91884 0.229004
0.00702141 0.00223454 0.0292304
55
1
-2.53672 2.91526 0.172521
0.0050343 0.00137508 0.0296967
56
1
-2.54623 2.91313 0.115393
0.00311256 0.000866683 0.0297405
57
1
-2.5522 2.912 0.057811
0.00140641 0.000410694 0.0294111
58
1
-2.55409 2.91165 -1.88104e-015
2.29283e-016 2.66263e-016 0.0291789
59
1
-2.5522 2.912 -0.057811
-0.00140641 -0.000410694 0.0294111
60
1
-2.54623 2.91313 -0.115393
-0.00311256 -0.000866683 0.0297405
61
1
-2.53672 2.91526 -0.172521
-0.0050343 -0.00137508 0.0296967
62
1
-2.5238 2.91884 -0.229004
-0.00702141 -0.00223454 0.0292304
63
1
-2.50769 2.92386 -0.284675
-0.00923084 -0.0034613 0.0284377
64
1
-2.48805 2.9305 -0.3392
-0.011751 -0.00474093 0.0273395
65
1
-2.4642 2.93861 -0.391908
-0.0144924 -0.00579855 0.0261381
66
1
-2.43534 2.9481 -0.441874
-0.0172604 -0.00651364 0.0249276
67
1
-2.40109 2.9583 -0.488734
-0.019862 -0.0064262 0.0234315
68
1
-2.36199 2.96847 -0.532168
-0.0221692 -0.00513566 0.0213314
69
1
-2.31869 2.97816 -0.57167
-0.0241811 -0.00349195 0.0190573
70
1
-2.27202 2.98727 -0.60705
-0.0254288 -0.00293718 0.0165255
71
1
-2.22309 2.99648 -0.637982
-0.0256957 -0.00356026 0.0139033
72
1
-2.17311 3.00662 -0.664217
-0.0255964 -0.00432052 0.011634
73
1
-2.12273 3.01819 -0.685778
-0.0257567 -0.00496814 0.00960925
74
1
-2.07201 3.03155 -0.70335
-0.0261888 -0.00605775 0.00737214
75
1
-2.02052 3.04668 -0.717721
-0.0267509 -0.0079084 0.00522265
76
1
-1.96794 3.06426 -0.729592
-0.0271664 -0.0100707 0.00416443
77
1
-1.91436 3.08422 -0.739426
-0.0270545 -0.0116994 0.00401621
78
1
-1.86061 3.10643 -0.746967
-0.0260804 -0.0122984 0.00327527
79
1
-1.80751 3.13001 -0.751896
-0.0250981 -0.0123363 0.00178498
80
1
-1.75472 3.15397 -0.754157
-0.0254192 -0.0125119 0.000428909
81
1
-1.70127 3.17779 -0.753921
-0.0265718 -0.0126923 -0.000884322
82
1
-1.64697 3.20172 -0.751243
-0.0272131 -0.0125324 -0.00234382
83
1
-1.5923 3.22621 -0.746544
-0.0274289 -0.0124011 -0.00350141
84
1
-1.5376 3.25157 -0.740231
-0.0276064 -0.0125503 -0.00443879
85
1
-1.48328 3.27801 -0.731807
-0.0270265 -0.0127066 -0.00571968
86
1
-1.43005 3.306 -0.720592
-0.0260044 -0.0131177 -0.00717264
87
1
-1.37844 3.33605 -0.706603
-0.0258318 -0.0142055 -0.00828228
88
1
-1.32858 3.36853 -0.69051
-0.0250835 -0.0156941 -0.00927657
89
1
-1.2808 3.40361 -0.672591
-0.0226123 -0.0173465 -0.0101617
90
1
-1.2353 3.44219 -0.653336
-0.0211748 -0.0195609 -0.0107108
91
1
-1.19147 3.48504 -0.634453
-0.0206924 -0.0222339 -0.0106298
92
1
-1.14881 3.53205 -0.617122
-0.0189731 -0.0247699 -0.0093402
93
1
-1.10697 3.58358 -0.602763
-0.0182623 -0.0271159 -0.00722899
94
1
-1.06459 3.63947 -0.593048
-0.0196995 -0.0294933 -0.00455845
95
1
-1.02029 3.69866 -0.589682
-0.0214822 -0.0311227 0.000165254
96
1
-0.971785 3.76082 -0.594047
-0.0246926 -0.0327759 0.00439289
97
1
-0.917376 3.82441 -0.606804
-0.029013 -0.0334495 0.00979207
98
1
-0.855387 3.88762 -0.628401
-0.0324835 -0.0316929 0.0146111
99
1
-0.784739 3.94771 -0.657225
-0.0368185 -0.0291413 0.017273
100
1
-0.704858 4.00221 -0.690832
-0.041955 -0.0256892 0.0191123
101
1
-0.615412 4.04948 -0.726022
-0.0462586 -0.0216786 0.01835
102
1
-0.517049 4.08864 -0.759488
-0.050686 -0.0166606 0.0164666
103
1
-0.41071 4.11962 -0.788621
-0.0548387 -0.0129897 0.013268
104
1
-0.297781 4.14306 -0.811478
-0.0577878 -0.00971868 0.00961223
105
1
-0.180249 4.15889 -0.826908
-0.0594046 -0.0063289 0.00623024
106
1
-0.0603215 4.16706 -0.834801
-0.0602736 -0.00227438 0.00198332
107
1
0.0603215 4.16706 -0.834801
-0.0602736 0.00227438 -0.00198332
108
1
0.180249 4.15889 -0.826908
-0.0594046 0.0063289 -0.00623024
109
1
0.297781 4.14306 -0.811478
-0.0577878 0.00971868 -0.00961223
110
1
0.41071 4.11962 -0.788621
-0.0548387 0.0129897 -0.013268
111
1
0.517049 4.08864 -0.759488
-0.050686 0.0166606 -0.0164666
112
1
0.615412 4.04948 -0.726022
-0.0462586 0.0216786 -0.01835
113
1
0.704858 4.00221 -0.690832
-0.041955 0.0256892 -0.0191123
114
1
0.784739 3.94771 -0.657225
-0.0368185 0.0291413 -0.017273
115
1
0.855387 3.88762 -0.628401
-0.0324835 0.0316929 -0.0146111
116
1
0.917376 3.82441 -0.606804
-0.029013 0.0334495 -0.00979207
117
1
0.971785 3.76082 -0.594047
-0.0246926 0.0327759 -0.00439289
118
1
1.02029 3.69866 -0.589682
-0.0214822 0.0311227 -0.000165254
119
1
1.06459 3.63947 -0.593048
-0.0196995 0.0294933 0.00455845
120
1
1.10697 3.58358 -0.602763
-0.0182623 0.0271159 0.00722899
121
1
1.14881 3.53205 -0.617122
-0.0189731 0.0247699 0.0093402
122
1
1.19147 3.48504 -0.634453
-0.0206924 0.0222339 0.0106298
123
1
1.2353 3.44219 -0.653336
-0.0211748 0.0195609 0.0107108
124
1
1.2808 3.40361 -0.672591
-0.0226123 0.0173465 0.0101617
125
1
1.32858 3.36853 -0.69051
-0.0250835 0.0156941 0.00927657
126
1
1.37844 3.33605 -0.706603
-0.0258318 0.0142055 0.00828228
127
1
1.43005 3.306 -0.720592
-0.0260044 0.0131177 0.00717264
128
1
1.48328 3.27801 -0.731807
-0.0270265 0.0127066 0.00571968
129
1
1.5376 3.25157 -0.740231
-0.0276064 0.0125503 0.00443879
130
1
1.5923 3.22621 -0.746544
-0.0274289 0.0124011 0.00350141
131
1
1.64697 3.20172 -0.751243
-0.0272131 0.0125324 0.00234382
132
1
1.70127 3.17779 -0.753921
-0.0265718 0.0126923 0.000884322
133
1
1.75472 3.15397 -0.754157
-0.0254192 0.0125119 -0.000428909
134
1
1.80751 3.13001 -0.751896
-0.0250981 0.0123363 -0.00178498
135
1
1.86061 3.10643 -0.746967
-0.0260804 0.0122984 -0.00327527
136
1
1.91436 3.08422 -0.739426
-0.0270545 0.0116994 -0.00401621
137
1
1.96794 3.06426 -0.729592
-0.0271664 0.0100707 -0.00416443
138
1
2.02052 3.04668 -0.717721
-0.0267509 0.0079084 -0.00522265
139
1
2.07201 3.03155 -0.70335
-0.0261888 0.00605775 -0.00737214
140
1
2.12273 3.01819 -0.685778
-0.0257567 0.00496814 -0.00960925
141
1
2.17311 3.00662 -0.664217
-0.0255964 0.00432052 -0.011634
142
1
2.22309 2.99648 -0.637982
-0.0256957 0.00356026 -0.0139033
143
1
2.27202 2.98727 -0.60705
-0.0254288 0.00293718 -0.0165255
144
1
2.31869 2.97816 -0.57167
-0.0241811 0.00349195 -0.0190573
145
1
2.36199 2.96847 -0.532168
-0.0221692 0.00513566 -0.0213314
146
1
2.40109 2.9583 -0.488734
-0.019862 0.0064262 -0.0234315
147
1
2.43534 2.9481 -0.441874
-0.0172604 0.00651364 -0.0249276
148
1
2.4642 2.93861 -0.391908
-0.0144924 0.00579855 -0.0261381
149
1
2.48805 2.9305 -0.3392
-0.011751 0.00474093 -0.0273395
150
1
2.50769 2.92386 -0.284675
-0.00923084 0.0034613 -0.0284377
151
1
2.5238 2.91884 -0.229004
-0.00702141 0.00223454 -0.0292304
152
1
2.53672 2.91526 -0.172521
-0.0050343 0.00137508 -0.0296967
153
1
2.54623 2.91313 -0.115393
-0.00311256 0.000866683 -0.0297405
154
1
2.5522 2.912 -0.057811
-0.00140641 0.000410694 -0.0294111
155
1
2.55409 2.91165 -4.07527e-015
-1.9234e-016 -2.95395e-016 -0.0291789
156
1
2.5522 2.912 0.057811
0.00140641 -0.000410694 -0.0294111
157
1
2.54623 2.91313 0.115393
0.00311256 -0.000866683 -0.0297405
158
1
2.53672 2.91526 0.172521
0.0050343 -0.00137508 -0.0296967
159
1
2.5238 2.91884 0.229004
0.00702141 -0.00223454 -0.0292304
160
1
2.50769 2.92386 0.284675
0.00923084 -0.0034613 -0.0284377
161
1
2.48805 2.9305 0.3392
0.011751 -0.00474093 -0.0273395
162
1
2.4642 2.93861 0.391908
0.0144924 -0.00579855 -0.0261381
163
1
2.43534 2.9481 0.441874
0.0172604 -0.00651364 -0.0249276
164
1
2.40109 2.9583 0.488734
0.019862 -0.0064262 -0.0234315
165
1
2.36199 2.96847 0.532168
0.0221692 -0.00513566 -0.0213314
166
1
2.31869 2.97816 0.57167
0.0241811 -0.00349195 -0.0190573
167
1
2.27202 2.98727 0.60705
0.0254288 -0.00293718 -0.0165255
168
1
2.22309 2.99648 0.637982
0.0256957 -0.00356026 -0.0139033
169
1
2.17311 3.00662 0.664217
0.0255964 -0.00432052 -0.011634
170
1
2.12273 3.01819 0.685778
0.0257567 -0.00496814 -0.00960925
171
1
2.07201 3.03155 0.70335
0.0261888 -0.00605775 -0.00737214
172
1
2.02052 3.04668 0.717721
0.0267509 -0.0079084 -0.00522265
173
1
1.96794 3.06426 0.729592
0.0271664 -0.0100707 -0.00416443
174
1
1.91436 3.08422 0.739426
0.0270545 -0.0116994 -0.00401621
175
1
1.86061 3.10643 0.746967
0.0260804 -0.0122984 -0.00327527
176
1
1.80751 3.13001 0.751896
0.0250981 -0.0123363 -0.00178498
177
1
1.75472 3.15397 0.754157
0.0254192 -0.0125119 -0.000428909
178
1
1.70127 3.17779 0.753921
0.0265718 -0.0126923 0.000884322
179
1
1.64697 3.20172 0.751243
0.0272131 -0.0125324 0.00234382
180
1
1.5923 3.22621 0.746544
0.0274289 -0.0124011 0.00350141
181
1
1.5376 3.25157 0.740231
0.0276064 -0.0125503 0.00443879
182
1
1.48328 3.27801 0.731807
0.0270265 -0.0127066 0.00571968
183
1
1.43005 3.306 0.720592
0.0260044 -0.0131177 0.00717264
184
1
1.37844 3.33605 0.706603
0.0258318 -0.0142055 0.00828228
185
1
1.32858 3.36853 0.69051
0.0250835 -0.0156941 0.00927657
186
1
1.2808 3.40361 0.672591
0.0226123 -0.0173465 0.0101617
187
1
1.2353 3.44219 0.653336
0.0211748 -0.0195609 0.0107108
188
1
1.19147 3.48504 0.634453
0.0206924 -0.0222339 0.0106298
189
1
1.14881 3.53205 0.617122
0.0189731 -0.0247699 0.0093402
190
1
1.10697 3.58358 0.602763
0.0182623 -0.0271159 0.00722899
191
1
1.06459 3.63947 0.593048
0.0196995 -0.0294933 0.00455845
192
1
1.02029 3.69866 0.589682
0.0214822 -0.0311227 -0.000165254
193
1
0.971785 3.76082 0.594047
0.0246926 -0.0327759 -0.00439289
