194
0
1
0.843168 2.35236 1.7223
0.0318767 -0.0236752 -0.0209659
1
1
0.778484 2.39679 1.76303
0.0348134 -0.0223808 -0.0205055
2
1
0.706844 2.43914 1.80277
0.0375612 -0.0205599 -0.0197958
3
1
0.629073 2.47851 1.8408
0.0406606 -0.0191355 -0.0188884
4
1
0.545355 2.51508 1.87532
0.0431994 -0.0171583 -0.0157482
5
1
0.455806 2.54754 1.90455
0.045932 -0.014923 -0.0122938
6
1
0.360727 2.57479 1.9274
0.0487556 -0.0122068 -0.00867322
7
1
0.260891 2.59568 1.94369
0.0509471 -0.00872325 -0.00579397
8
1
0.157706 2.60963 1.95473
0.0521782 -0.00564139 -0.00375333
9
1
0.0527492 2.61677 1.96082
0.0527648 -0.00215471 -0.00132188
10
1
-0.0527492 2.61677 1.96082
0.0527648 0.00215471 0.00132188
11
1
-0.157706 2.60963 1.95473
0.0521782 0.00564139 0.00375333
12
1
-0.260891 2.59568 1.94369
0.0509471 0.00872325 0.00579397
13
1
-0.360727 2.57479 1.9274
0.0487556 0.0122068 0.00867322
14
1
-0.455806 2.54754 1.90455
0.045932 0.014923 0.0122938
15
1
-0.545355 2.51508 1.87532
0.0431994 0.0171583 0.0157482
16
1
-0.629073 2.47851 1.8408
0.0406606 0.0191355 0.0188884
17
1
-0.706844 2.43914 1.80277
0.0375612 0.0205599 0.0197958
18
1
-0.778484 2.39679 1.76303
0.0348134 0.0223808 0.0205055
19
1
-0.843168 2.35236 1.7223
0.0318767 0.0236752 0.0209659
20
1
-0.900216 2.30687 1.68097
0.0273784 0.023674 0.0206078
21
1
-0.949736 2.26107 1.63859
0.0234206 0.023235 0.0214099
22
1
-0.992498 2.2157 1.59532
0.0199484 0.0226823 0.0218694
23
1
-1.02935 2.17094 1.55109
0.0172185 0.0222621 0.0220994
24
1
-1.06076 2.12648 1.50669
0.0145425 0.0220363 0.022147
25
1
-1.08768 2.08211 1.46289
0.012687 0.0220669 0.021977
26
1
-1.11041 2.03793 1.41953
0.0110097 0.0221924 0.021113
27
1
-1.12837 1.99353 1.37716
0.0090938 0.0222326 0.0201833
28
1
-1.14177 1.94918 1.33598
0.00702953 0.021958 0.0200859
29
1
-1.15054 1.9054 1.29543
0.00429973 0.021484 0.0202276
30
1
-1.15428 1.86234 1.25523
0.000882046 0.0211382 0.0199756
31
1
-1.15311 1.81993 1.21539
-0.00225164 0.0208435 0.0197417
32
1
-1.14799 1.77843 1.17545
-0.0045726 0.0202183 0.0200323
33
1
-1.13958 1.73877 1.13432
-0.00647007 0.0190976 0.0207675
34
1
-1.12775 1.70168 1.09145
-0.00828533 0.0177397 0.0215828
35
1
-1.11235 1.66728 1.04704
-0.00987102 0.0165047 0.0222596
36
1
-1.09381 1.63508 1.00159
-0.0110382 0.0155253 0.0227966
37
1
-1.07299 1.60484 0.955167
-0.0118734 0.0147429 0.0232354
38
1
-1.05027 1.5767 0.907758
-0.0125956 0.0140685 0.0235422
39
1
-1.02529 1.55097 0.859703
-0.0133757 0.0134424 0.023642
40
1
-0.99738 1.52756 0.811892
-0.0142926 0.0127753 0.0235066
41
1
-0.966218 1.50594 0.765318
-0.0153667 0.011946 0.0231559
42
1
-0.932175 1.48547 0.720535
-0.0165924 0.0108466 0.0226381
43
1
-0.896074 1.46603 0.677309
-0.0179252 0.00945543 0.0220152
44
1
-0.858676 1.44819 0.634876
-0.0192429 0.00783648 0.0213749
45
1
-0.820383 1.43309 0.592511
-0.0203534 0.00606753 0.0208194
46
1
-0.78129 1.42178 0.550006
-0.021081 0.00421425 0.0204159
47
1
-0.741552 1.41472 0.507567
-0.0213328 0.00235478 0.0201911
48
1
-0.701595 1.41162 0.465389
-0.0210944 0.000581365 0.0201721
49
1
-0.662149 1.41174 0.423322
-0.0204043 -0.0010024 0.0203786
50
1
-0.624166 1.41425 0.380873
-0.0193166 -0.00230059 0.0207987
51
1
-0.588615 1.41845 0.337493
-0.0178745 -0.0032351 0.0213889
52
1
-0.556367 1.42373 0.292807
-0.0161036 -0.00376309 0.0220894
53
1
-0.52814 1.42955 0.24668
-0.0140221 -0.00388199 0.0228377
54
1
-0.504459 1.43533 0.19918
-0.011648 -0.00361903 0.0235731
55
1
-0.485705 1.44051 0.150491
-0.00900901 -0.00302679 0.0242363
56
1
-0.472136 1.44459 0.100865
-0.00614084 -0.00217133 0.0247685
57
1
-0.46393 1.4472 0.0505949
-0.00311175 -0.00113033 0.0251148
58
1
-0.461181 1.4481 -5.65365e-016
8.45465e-017 -3.46382e-017 0.0252354
59
1
-0.46393 1.4472 -0.0505949
0.00311175 0.00113033 0.0251148
60
1
-0.472136 1.44459 -0.100865
0.00614084 0.00217133 0.0247685
61
1
-0.485705 1.44051 -0.150491
0.00900901 0.00302679 0.0242363
62
1
-0.504459 1.43533 -0.19918
0.011648 0.00361903 0.0235731
63
1
-0.52814 1.42955 -0.24668
0.0140221 0.00388199 0.0228377
64
1
-0.556367 1.42373 -0.292807
0.0161036 0.00376309 0.0220894
65
1
-0.588615 1.41845 -0.337493
0.0178745 0.0032351 0.0213889
66
1
-0.624166 1.41425 -0.380873
0.0193166 0.00230059 0.0207987
67
1
-0.662149 1.41174 -0.423322
0.0204043 0.0010024 0.0203786
68
1
-0.701595 1.41162 -0.465389
0.0210944 -0.000581365 0.0201721
69
1
-0.741552 1.41472 -0.507567
0.0213328 -0.00235478 0.0201911
70
1
-0.78129 1.42178 -0.550006
0.021081 -0.00421425 0.0204159
71
1
-0.820383 1.43309 -0.592511
0.0203534 -0.00606753 0.0208194
72
1
-0.858676 1.44819 -0.634876
0.0192429 -0.00783648 0.0213749
73
1
-0.896074 1.46603 -0.677309
0.0179252 -0.00945543 0.0220152
74
1
-0.932175 1.48547 -0.720535
0.0165924 -0.0108466 0.0226381
75
1
-0.966218 1.50594 -0.765318
0.0153667 -0.011946 0.0231559
76
1
-0.99738 1.52756 -0.811892
0.0142926 -0.0127753 0.0235066
77
1
-1.02529 1.55097 -0.859703
0.0133757 -0.0134424 0.023642
78
1
-1.05027 1.5767 -0.907758
0.0125956 -0.0140685 0.0235422
79
1
-1.07299 1.60484 -0.955167
0.0118734 -0.0147429 0.0232354
80
1
-1.09381 1.63508 -1.00159
0.0110382 -0.0155253 0.0227966
81
1
-1.11235 1.66728 -1.04704
0.00987102 -0.0165047 0.0222596
82
1
-1.12775 1.70168 -1.09145
0.00828533 -0.0177397 0.0215828
83
1
-1.13958 1.73877 -1.13432
0.00647007 -0.0190976 0.0207675
84
1
-1.14799 1.77843 -1.17545
0.0045726 -0.0202183 0.0200323
85
1
-1.15311 1.81993 -1.21539
0.00225164 -0.0208435 0.0197417
86
1
-1.15428 1.86234 -1.25523
-0.000882046 -0.0211382 0.0199756
87
1
-1.15054 1.9054 -1.29543
-0.00429973 -0.021484 0.0202276
88
1
-1.14177 1.94918 -1.33598
-0.00702953 -0.021958 0.0200859
89
1
-1.12837 1.99353 -1.37716
-0.0090938 -0.0222326 0.0201833
90
1
-1.11041 2.03793 -1.41953
-0.0110097 -0.0221924 0.021113
91
1
-1.08768 2.08211 -1.46289
-0.012687 -0.0220669 0.021977
92
1
-1.06076 2.12648 -1.50669
-0.0145425 -0.0220363 0.022147
93
1
-1.02935 2.17094 -1.55109
-0.0172185 -0.0222621 0.0220994
94
1
-0.992498 2.2157 -1.59532
-0.0199484 -0.0226823 0.0218694
95
1
-0.949736 2.26107 -1.63859
-0.0234206 -0.023235 0.0214099
96
1
-0.900216 2.30687 -1.68097
-0.0273784 -0.023674 0.0206078
97
1
-0.843168 2.35236 -1.7223
-0.0318767 -0.0236752 0.0209659
98
1
-0.778484 2.39679 -1.76303
-0.0348134 -0.0223808 0.0205055
99
1
-0.706844 2.43914 -1.80277
-0.0375612 -0.0205599 0.0197958
100
1
-0.629073 2.47851 -1.8408
-0.0406606 -0.0191355 0.0188884
101
1
-0.545355 2.51508 -1.87532
-0.0431994 -0.0171583 0.0157482
102
1
-0.455806 2.54754 -1.90455
-0.045932 -0.014923 0.0122938
103
1
-0.360727 2.57479 -1.9274
-0.0487556 -0.0122068 0.00867322
104
1
-0.260891 2.59568 -1.94369
-0.0509471 -0.00872325 0.00579397
105
1
-0.157706 2.60963 -1.95473
-0.0521782 -0.00564139 0.00375333
106
1
-0.0527492 2.61677 -1.96082
-0.0527648 -0.00215471 0.00132188
107
1
0.0527492 2.61677 -1.96082
-0.0527648 0.00215471 -0.00132188
108
1
0.157706 2.60963 -1.95473
-0.0521782 0.00564139 -0.00375333
109
1
0.260891 2.59568 -1.94369
-0.0509471 0.00872325 -0.00579397
110
1
0.360727 2.57479 -1.9274
-0.0487556 0.0122068 -0.00867322
111
1
0.455806 2.54754 -1.90455
-0.045932 0.014923 -0.0122938
112
1
0.545355 2.51508 -1.87532
-0.0431994 0.0171583 -0.0157482
113
1
0.629073 2.47851 -1.8408
-0.0406606 0.0191355 -0.0188884
114
1
0.706844 2.43914 -1.80277
-0.0375612 0.0205599 -0.0197958
115
1
0.778484 2.39679 -1.76303
-0.0348134 0.0223808 -0.0205055
116
1
0.843168 2.35236 -1.7223
-0.0318767 0.0236752 -0.0209659
117
1
0.900216 2.30687 -1.68097
-0.0273784 0.023674 -0.0206078
118
1
0.949736 2.26107 -1.63859
-0.0234206 0.023235 -0.0214099
119
1
0.992498 2.2157 -1.59532
-0.0199484 0.0226823 -0.0218694
120
1
1.02935 2.17094 -1.55109
-0.0172185 0.0222621 -0.0220994
121
1
1.06076 2.12648 -1.50669
-0.0145425 0.0220363 -0.022147
122
1
1.08768 2.08211 -1.46289
-0.012687 0.0220669 -0.021977
123
1
1.11041 2.03793 -1.41953
-0.0110097 0.0221924 -0.021113
124
1
1.12837 1.99353 -1.37716
-0.0090938 0.0222326 -0.0201833
125
1
1.14177 1.94918 -1.33598
-0.00702953 0.021958 -0.0200859
126
1
1.15054 1.9054 -1.29543
-0.00429973 0.021484 -0.0202276
127
1
1.15428 1.86234 -1.25523
-0.000882046 0.0211382 -0.0199756
128
1
1.15311 1.81993 -1.21539
0.00225164 0.0208435 -0.0197417
129
1
1.14799 1.77843 -1.17545
0.0045726 0.0202183 -0.0200323
130
1
1.13958 1.73877 -1.13432
0.00647007 0.0190976 -0.0207675
131
1
1.12775 1.70168 -1.09145
0.00828533 0.0177397 -0.0215828
132
1
1.11235 1.66728 -1.04704
0.00987102 0.0165047 -0.0222596
133
1
1.09381 1.63508 -1.00159
0.0110382 0.0155253 -0.0227966
134
1
1.07299 1.60484 -0.955167
0.0118734 0.0147429 -0.0232354
135
1
1.05027 1.5767 -0.907758
0.0125956 0.0140685 -0.0235422
136
1
1.02529 1.55097 -0.859703
0.0133757 0.0134424 -0.023642
137
1
0.99738 1.52756 -0.811892
0.0142926 0.0127753 -0.0235066
138
1
0.966218 1.50594 -0.765318
0.0153667 0.011946 -0.0231559
139
1
0.932175 1.48547 -0.720535
0.0165924 0.0108466 -0.0226381
140
1
0.896074 1.46603 -0.677309
0.0179252 0.00945543 -0.0220152
141
1
0.858676 1.44819 -0.634876
0.0192429 0.00783648 -0.0213749
142
1
0.820383 1.43309 -0.592511
0.0203534 0.00606753 -0.0208194
143
1
0.78129 1.42178 -0.550006
0.021081 0.00421425 -0.0204159
144
1
0.741552 1.41472 -0.507567
0.0213328 0.00235478 -0.0201911
145
1
0.701595 1.41162 -0.465389
0.0210944 0.000581365 -0.0201721
146
1
0.662149 1.41174 -0.423322
0.0204043 -0.0010024 -0.0203786
147
1
0.624166 1.41425 -0.380873
0.0193166 -0.00230059 -0.0207987
148
1
0.588615 1.41845 -0.337493
0.0178745 -0.0032351 -0.0213889
149
1
0.556367 1.42373 -0.292807
0.0161036 -0.00376309 -0.0220894
150
1
0.52814 1.42955 -0.24668
0.0140221 -0.00388199 -0.0228377
151
1
0.504459 1.43533 -0.19918
0.011648 -0.00361903 -0.0235731
152
1
0.485705 1.44051 -0.150491
0.00900901 -0.00302679 -0.0242363
153
1
0.472136 1.44459 -0.100865
0.00614084 -0.00217133 -0.0247685
154
1
0.46393 1.4472 -0.0505949
0.00311175 -0.00113033 -0.0251148
155
1
0.461181 1.4481 -3.74698e-016
1.44187e-016 2.4128e-017 -0.0252354
156
1
0.46393 1.4472 0.0505949
-0.00311175 0.00113033 -0.0251148
157
1
0.472136 1.44459 0.100865
-0.00614084 0.00217133 -0.0247685
158
1
0.485705 1.44051 0.150491
-0.00900901 0.00302679 -0.0242363
159
1
0.504459 1.43533 0.19918
-0.011648 0.00361903 -0.0235731
160
1
0.52814 1.42955 0.24668
-0.0140221 0.00388199 -0.0228377
161
1
0.556367 1.42373 0.292807
-0.0161036 0.00376309 -0.0220894
162
1
0.588615 1.41845 0.337493
-0.0178745 0.0032351 -0.0213889
163
1
0.624166 1.41425 0.380873
-0.0193166 0.00230059 -0.0207987
164
1
0.662149 1.41174 0.423322
-0.0204043 0.0010024 -0.0203786
165
1
0.701595 1.41162 0.465389
-0.0210944 -0.000581365 -0.0201721
166
1
0.741552 1.41472 0.507567
-0.0213328 -0.00235478 -0.0201911
167
1
0.78129 1.42178 0.550006
-0.021081 -0.00421425 -0.0204159
168
1
0.820383 1.43309 0.592511
-0.0203534 -0.00606753 -0.0208194
169
1
0.858676 1.44819 0.634876
-0.0192429 -0.00783648 -0.0213749
170
1
0.896074 1.46603 0.677309
-0.0179252 -0.00945543 -0.0220152
171
1
0.932175 1.48547 0.720535
-0.0165924 -0.0108466 -0.0226381
172
1
0.966218 1.50594 0.765318
-0.0153667 -0.011946 -0.0231559
173
1
0.99738 1.52756 0.811892
-0.0142926 -0.0127753 -0.0235066
174
1
1.02529 1.55097 0.859703
-0.0133757 -0.0134424 -0.023642
175
1
1.05027 1.5767 0.907758
-0.0125956 -0.0140685 -0.0235422
176
1
1.07299 1.60484 0.955167
-0.0118734 -0.0147429 -0.0232354
177
1
1.09381 1.63508 1.00159
-0.0110382 -0.0155253 -0.0227966
178
1
1.11235 1.66728 1.04704
-0.00987102 -0.0165047 -0.0222596
179
1
1.12775 1.70168 1.09145
-0.00828533 -0.0177397 -0.0215828
180
1
1.13958 1.73877 1.13432
-0.00647007 -0.0190976 -0.0207675
181
1
1.14799 1.77843 1.17545
-0.0045726 -0.0202183 -0.0200323
182
1
1.15311 1.81993 1.21539
-0.00225164 -0.0208435 -0.0197417
183
1
1.15428 1.86234 1.25523
0.000882046 -0.0211382 -0.0199756
184
1
1.15054 1.9054 1.29543
0.00429973 -0.021484 -0.0202276
185
1
1.14177 1.94918 1.33598
0.00702953 -0.021958 -0.0200859
186
1
1.12837 1.99353 1.37716
0.0090938 -0.0222326 -0.0201833
187
1
1.11041 2.03793 1.41953
0.0110097 -0.0221924 -0.021113
188
1
1.08768 2.08211 1.46289
0.012687 -0.0220669 -0.021977
189
1
1.06076 2.12648 1.50669
0.0145425 -0.0220363 -0.022147
190
1
1.02935 2.17094 1.55109
0.0172185 -0.0222621 -0.0220994
191
1
0.992498 2.2157 1.59532
0.0199484 -0.0226823 -0.0218694
192
1
0.949736 2.26107 1.63859
0.0234206 -0.023235 -0.0214099
193
1
0.900216 2.30687 1.68097
0.0273784 -0.023674 -0.0206078
