194
0
1
1.01124 5.64608 1.02436
0.0275169 -0.0188399 0.0245513
1
1
0.959793 5.67873 0.968157
0.024036 -0.0163349 0.0316358
2
1
0.914159 5.70932 0.896162
0.0186269 -0.0144054 0.0411035
3
1
0.877016 5.73623 0.808394
0.0138267 -0.0112298 0.0499314
4
1
0.849309 5.76188 0.701541
0.00719958 -0.0106541 0.0587036
5
1
0.832634 5.78652 0.573431
0.00639046 -0.0101968 0.0725123
6
1
0.823985 5.80412 0.413556
0.00466961 -0.00565948 0.0775759
7
1
0.810761 5.80979 0.19388
0.00661306 0.00340773 0.0775661
8
1
0.555387 5.82247 0.0594454
0.017321 -0.00849135 -0.0209763
9
1
0.0541704 7.11797 0.409107
0.0011372 0.0254907 -0.073626
10
1
-0.0541704 7.11797 0.409107
0.0011372 -0.0254907 0.073626
11
1
-0.555387 5.82247 0.0594454
0.017321 0.00849135 0.0209763
12
1
-0.810761 5.80979 0.19388
0.00661306 -0.00340773 -0.0775661
13
1
-0.823985 5.80412 0.413556
0.00466961 0.00565948 -0.0775759
14
1
-0.832634 5.78652 0.573431
0.00639046 0.0101968 -0.0725123
15
1
-0.849309 5.76188 0.701541
0.00719958 0.0106541 -0.0587036
16
1
-0.877016 5.73623 0.808394
0.0138267 0.0112298 -0.0499314
17
1
-0.914159 5.70932 0.896162
0.0186269 0.0144054 -0.0411035
18
1
-0.959793 5.67873 0.968157
0.024036 0.0163349 -0.0316358
19
1
-1.01124 5.64608 1.02436
0.0275169 0.0188399 -0.0245513
20
1
-1.06602 5.61303 1.0673
0.0286198 0.018887 -0.0167788
21
1
-1.12248 5.58136 1.09958
0.0280509 0.0160255 -0.0119645
22
1
-1.17924 5.5524 1.12421
0.0292527 0.0148335 -0.00929762
23
1
-1.23704 5.52613 1.14355
0.028455 0.0125915 -0.00737874
24
1
-1.29509 5.50369 1.15896
0.028769 0.0102674 -0.00626885
25
1
-1.35315 5.48548 1.17104
0.0295029 0.00822429 -0.00507701
26
1
-1.4112 5.47142 1.17987
0.0283137 0.0051257 -0.00383708
27
1
-1.46874 5.46182 1.18506
0.0282306 0.00294773 -0.00273517
28
1
-1.52583 5.4561 1.18651
0.0287155 0.0019398 -0.0013887
29
1
-1.58251 5.45399 1.18483
0.027908 0.000640304 0.00126552
30
1
-1.63858 5.45511 1.18034
0.0274321 -0.00078202 0.00389057
31
1
-1.69421 5.45821 1.17314
0.0276056 -0.00198379 0.00519527
32
1
-1.74964 5.46236 1.16343
0.0273675 -0.00285401 0.00640064
33
1
-1.80468 5.46695 1.15083
0.0270206 -0.00285455 0.00818727
34
1
-1.85895 5.47143 1.13517
0.0269136 -0.00251645 0.00916666
35
1
-1.91216 5.47547 1.11664
0.0263075 -0.00234094 0.00962457
36
1
-1.96431 5.47933 1.09594
0.025159 -0.00184635 0.0106091
37
1
-2.0159 5.48347 1.07308
0.0247147 -0.00136344 0.0118485
38
1
-2.06758 5.48793 1.0475
0.025396 -0.00173306 0.0131777
39
1
-2.11934 5.49245 1.01892
0.025971 -0.00260304 0.0147451
40
1
-2.17032 5.49714 0.987442
0.0256943 -0.00292868 0.0165858
41
1
-2.21963 5.50231 0.952945
0.0249645 -0.00310415 0.0182458
42
1
-2.26724 5.50805 0.915518
0.024048 -0.00367844 0.0195176
43
1
-2.31302 5.51422 0.874739
0.0232663 -0.00373452 0.0209255
44
1
-2.35753 5.52072 0.830693
0.0228175 -0.00310051 0.0228701
45
1
-2.40153 5.5279 0.783378
0.0225344 -0.00322409 0.0249261
46
1
-2.44487 5.53567 0.732866
0.0222727 -0.00408526 0.0265331
47
1
-2.48665 5.54403 0.679694
0.0218586 -0.00462513 0.0277788
48
1
-2.52604 5.55295 0.624383
0.0205462 -0.00528751 0.0291216
49
1
-2.56222 5.56177 0.567195
0.0184163 -0.00562313 0.0305633
50
1
-2.59459 5.56996 0.508502
0.0159872 -0.0045882 0.0313609
51
1
-2.62312 5.57656 0.448533
0.0135499 -0.00289154 0.0318654
52
1
-2.64751 5.58112 0.387066
0.0111875 -0.00177197 0.0322087
53
1
-2.6674 5.5838 0.324252
0.00869213 -0.00123389 0.0325243
54
1
-2.68258 5.58478 0.260414
0.00607974 -0.000473414 0.0330808
55
1
-2.69364 5.58464 0.195843
0.00409736 0.000579342 0.0337209
56
1
-2.70136 5.58366 0.130842
0.00290778 0.00132216 0.0338483
57
1
-2.70603 5.58267 0.0654805
0.001683 0.00105289 0.0333898
58
1
-2.70777 5.58224 2.50968e-014
5.08839e-016 -8.50463e-016 0.0330649
59
1
-2.70603 5.58267 -0.0654805
-0.001683 -0.00105289 0.0333898
60
1
-2.70136 5.58366 -0.130842
-0.00290778 -0.00132216 0.0338483
61
1
-2.69364 5.58464 -0.195843
-0.00409736 -0.000579342 0.0337209
62
1
-2.68258 5.58478 -0.260414
-0.00607974 0.000473414 0.0330808
63
1
-2.6674 5.5838 -0.324252
-0.00869213 0.00123389 0.0325243
64
1
-2.64751 5.58112 -0.387066
-0.0111875 0.00177197 0.0322087
65
1
-2.62312 5.57656 -0.448533
-0.0135499 0.00289154 0.0318654
66
1
-2.59459 5.56996 -0.508502
-0.0159872 0.0045882 0.0313609
67
1
-2.56222 5.56177 -0.567195
-0.0184163 0.00562313 0.0305633
68
1
-2.52604 5.55295 -0.624383
-0.0205462 0.00528751 0.0291216
69
1
-2.48665 5.54403 -0.679694
-0.0218586 0.00462513 0.0277788
70
1
-2.44487 5.53567 -0.732866
-0.0222727 0.00408526 0.0265331
71
1
-2.40153 5.5279 -0.783378
-0.0225344 0.00322409 0.0249261
72
1
-2.35753 5.52072 -0.830693
-0.0228175 0.00310051 0.0228701
73
1
-2.31302 5.51422 -0.874739
-0.0232663 0.00373452 0.0209255
74
1
-2.26724 5.50805 -0.915518
-0.024048 0.00367844 0.0195176
75
1
-2.21963 5.50231 -0.952945
-0.0249645 0.00310415 0.0182458
76
1
-2.17032 5.49714 -0.987442
-0.0256943 0.00292868 0.0165858
77
1
-2.11934 5.49245 -1.01892
-0.025971 0.00260304 0.0147451
78
1
-2.06758 5.48793 -1.0475
-0.025396 0.00173306 0.0131777
79
1
-2.0159 5.48347 -1.07308
-0.0247147 0.00136344 0.0118485
80
1
-1.96431 5.47933 -1.09594
-0.025159 0.00184635 0.0106091
81
1
-1.91216 5.47547 -1.11664
-0.0263075 0.00234094 0.00962457
82
1
-1.85895 5.47143 -1.13517
-0.0269136 0.00251645 0.00916666
83
1
-1.80468 5.46695 -1.15083
-0.0270206 0.00285455 0.00818727
84
1
-1.74964 5.46236 -1.16343
-0.0273675 0.00285401 0.00640064
85
1
-1.69421 5.45821 -1.17314
-0.0276056 0.00198379 0.00519527
86
1
-1.63858 5.45511 -1.18034
-0.0274321 0.00078202 0.00389057
87
1
-1.58251 5.45399 -1.18483
-0.027908 -0.000640304 0.00126552
88
1
-1.52583 5.4561 -1.18651
-0.0287155 -0.0019398 -0.0013887
89
1
-1.46874 5.46182 -1.18506
-0.0282306 -0.00294773 -0.00273517
90
1
-1.4112 5.47142 -1.17987
-0.0283137 -0.0051257 -0.00383708
91
1
-1.35315 5.48548 -1.17104
-0.0295029 -0.00822429 -0.00507701
92
1
-1.29509 5.50369 -1.15896
-0.028769 -0.0102674 -0.00626885
93
1
-1.23704 5.52613 -1.14355
-0.028455 -0.0125915 -0.00737874
94
1
-1.17924 5.5524 -1.12421
-0.0292527 -0.0148335 -0.00929762
95
1
-1.12248 5.58136 -1.09958
-0.0280509 -0.0160255 -0.0119645
96
1
-1.06602 5.61303 -1.0673
-0.0286198 -0.018887 -0.0167788
97
1
-1.01124 5.64608 -1.02436
-0.0275169 -0.0188399 -0.0245513
98
1
-0.959793 5.67873 -0.968157
-0.024036 -0.0163349 -0.0316358
99
1
-0.914159 5.70932 -0.896162
-0.0186269 -0.0144054 -0.0411035
100
1
-0.877016 5.73623 -0.808394
-0.0138267 -0.0112298 -0.0499314
101
1
-0.849309 5.76188 -0.701541
-0.00719958 -0.0106541 -0.0587036
102
1
-0.832634 5.78652 -0.573431
-0.00639046 -0.0101968 -0.0725123
103
1
-0.823985 5.80412 -0.413556
-0.00466961 -0.00565948 -0.0775759
104
1
-0.810761 5.80979 -0.19388
-0.00661306 0.00340773 -0.0775661
105
1
-0.555387 5.82247 -0.0594454
-0.017321 -0.00849135 0.0209763
106
1
-0.0541704 7.11797 -0.409107
-0.0011372 0.0254907 0.073626
107
1
0.0541704 7.11797 -0.409107
-0.0011372 -0.0254907 -0.073626
108
1
0.555387 5.82247 -0.0594454
-0.017321 0.00849135 -0.0209763
109
1
0.810761 5.80979 -0.19388
-0.00661306 -0.00340773 0.0775661
110
1
0.823985 5.80412 -0.413556
-0.00466961 0.00565948 0.0775759
111
1
0.832634 5.78652 -0.573431
-0.00639046 0.0101968 0.0725123
112
1
0.849309 5.76188 -0.701541
-0.00719958 0.0106541 0.0587036
113
1
0.877016 5.73623 -0.808394
-0.0138267 0.0112298 0.0499314
114
1
0.914159 5.70932 -0.896162
-0.0186269 0.0144054 0.0411035
115
1
0.959793 5.67873 -0.968157
-0.024036 0.0163349 0.0316358
116
1
1.01124 5.64608 -1.02436
-0.0275169 0.0188399 0.0245513
117
1
1.06602 5.61303 -1.0673
-0.0286198 0.018887 0.0167788
118
1
1.12248 5.58136 -1.09958
-0.0280509 0.0160255 0.0119645
119
1
1.17924 5.5524 -1.12421
-0.0292527 0.0148335 0.00929762
120
1
1.23704 5.52613 -1.14355
-0.028455 0.0125915 0.00737874
121
1
1.29509 5.50369 -1.15896
-0.028769 0.0102674 0.00626885
122
1
1.35315 5.48548 -1.17104
-0.0295029 0.00822429 0.00507701
123
1
1.4112 5.47142 -1.17987
-0.0283137 0.0051257 0.00383708
124
1
1.46874 5.46182 -1.18506
-0.0282306 0.00294773 0.00273517
125
1
1.52583 5.4561 -1.18651
-0.0287155 0.0019398 0.0013887
126
1
1.58251 5.45399 -1.18483
-0.027908 0.000640304 -0.00126552
127
1
1.63858 5.45511 -1.18034
-0.0274321 -0.00078202 -0.00389057
128
1
1.69421 5.45821 -1.17314
-0.0276056 -0.00198379 -0.00519527
129
1
1.74964 5.46236 -1.16343
-0.0273675 -0.00285401 -0.00640064
130
1
1.80468 5.46695 -1.15083
-0.0270206 -0.00285455 -0.00818727
131
1
1.85895 5.47143 -1.13517
-0.0269136 -0.00251645 -0.00916666
132
1
1.91216 5.47547 -1.11664
-0.0263075 -0.00234094 -0.00962457
133
1
1.96431 5.47933 -1.09594
-0.025159 -0.00184635 -0.0106091
134
1
2.0159 5.48347 -1.07308
-0.0247147 -0.00136344 -0.0118485
135
1
2.06758 5.48793 -1.0475
-0.025396 -0.00173306 -0.0131777
136
1
2.11934 5.49245 -1.01892
-0.025971 -0.00260304 -0.0147451
137
1
2.17032 5.49714 -0.987442
-0.0256943 -0.00292868 -0.0165858
138
1
2.21963 5.50231 -0.952945
-0.0249645 -0.00310415 -0.0182458
139
1
2.26724 5.50805 -0.915518
-0.024048 -0.00367844 -0.0195176
140
1
2.31302 5.51422 -0.874739
-0.0232663 -0.00373452 -0.0209255
141
1
2.35753 5.52072 -0.830693
-0.0228175 -0.00310051 -0.0228701
142
1
2.40153 5.5279 -0.783378
-0.0225344 -0.00322409 -0.0249261
143
1
2.44487 5.53567 -0.732866
-0.0222727 -0.00408526 -0.0265331
144
1
2.48665 5.54403 -0.679694
-0.0218586 -0.00462513 -0.0277788
145
1
2.52604 5.55295 -0.624383
-0.0205462 -0.00528751 -0.0291216
146
1
2.56222 5.56177 -0.567195
-0.0184163 -0.00562313 -0.0305633
147
1
2.59459 5.56996 -0.508502
-0.0159872 -0.0045882 -0.0313609
148
1
2.62312 5.57656 -0.448533
-0.0135499 -0.00289154 -0.0318654
149
1
2.64751 5.58112 -0.387066
-0.0111875 -0.00177197 -0.0322087
150
1
2.6674 5.5838 -0.324252
-0.00869213 -0.00123389 -0.0325243
151
1
2.68258 5.58478 -0.260414
-0.00607974 -0.000473414 -0.0330808
152
1
2.69364 5.58464 -0.195843
-0.00409736 0.000579342 -0.0337209
153
1
2.70136 5.58366 -0.130842
-0.00290778 0.00132216 -0.0338483
154
1
2.70603 5.58267 -0.0654805
-0.001683 0.00105289 -0.0333898
155
1
2.70777 5.58224 -3.40159e-014
-3.51278e-016 2.70852e-016 -0.0330649
156
1
2.70603 5.58267 0.0654805
0.001683 -0.00105289 -0.0333898
157
1
2.70136 5.58366 0.130842
0.00290778 -0.00132216 -0.0338483
158
1
2.69364 5.58464 0.195843
0.00409736 -0.000579342 -0.0337209
159
1
2.68258 5.58478 0.260414
0.00607974 0.000473414 -0.0330808
160
1
2.6674 5.5838 0.324252
0.00869213 0.00123389 -0.0325243
161
1
2.64751 5.58112 0.387066
0.0111875 0.00177197 -0.0322087
162
1
2.62312 5.57656 0.448533
0.0135499 0.00289154 -0.0318654
163
1
2.59459 5.56996 0.508502
0.0159872 0.0045882 -0.0313609
164
1
2.56222 5.56177 0.567195
0.0184163 0.00562313 -0.0305633
165
1
2.52604 5.55295 0.624383
0.0205462 0.00528751 -0.0291216
166
1
2.48665 5.54403 0.679694
0.0218586 0.00462513 -0.0277788
167
1
2.44487 5.53567 0.732866
0.0222727 0.00408526 -0.0265331
168
1
2.40153 5.5279 0.783378
0.0225344 0.00322409 -0.0249261
169
1
2.35753 5.52072 0.830693
0.0228175 0.00310051 -0.0228701
170
1
2.31302 5.51422 0.874739
0.0232663 0.00373452 -0.0209255
171
1
2.26724 5.50805 0.915518
0.024048 0.00367844 -0.0195176
172
1
2.21963 5.50231 0.952945
0.0249645 0.00310415 -0.0182458
173
1
2.17032 5.49714 0.987442
0.0256943 0.00292868 -0.0165858
174
1
2.11934 5.49245 1.01892
0.025971 0.00260304 -0.0147451
175
1
2.06758 5.48793 1.0475
0.025396 0.00173306 -0.0131777
176
1
2.0159 5.48347 1.07308
0.0247147 0.00136344 -0.0118485
177
1
1.96431 5.47933 1.09594
0.025159 0.00184635 -0.0106091
178
1
1.91216 5.47547 1.11664
0.0263075 0.00234094 -0.00962457
179
1
1.85895 5.47143 1.13517
0.0269136 0.00251645 -0.00916666
180
1
1.80468 5.46695 1.15083
0.0270206 0.00285455 -0.00818727
181
1
1.74964 5.46236 1.16343
0.0273675 0.00285401 -0.00640064
182
1
1.69421 5.45821 1.17314
0.0276056 0.00198379 -0.00519527
183
1
1.63858 5.45511 1.18034
0.0274321 0.00078202 -0.00389057
184
1
1.58251 5.45399 1.18483
0.027908 -0.000640304 -0.00126552
185
1
1.52583 5.4561 1.18651
0.0287155 -0.0019398 0.0013887
186
1
1.46874 5.46182 1.18506
0.0282306 -0.00294773 0.00273517
187
1
1.4112 5.47142 1.17987
0.0283137 -0.0051257 0.00383708
188
1
1.35315 5.48548 1.17104
0.0295029 -0.00822429 0.00507701
189
1
1.29509 5.50369 1.15896
0.028769 -0.0102674 0.00626885
190
1
1.23704 5.52613 1.14355
0.028455 -0.0125915 0.00737874
191
1
1.17924 5.5524 1.12421
0.0292527 -0.0148335 0.00929762
192
1
1.12248 5.58136 1.09958
0.0280509 -0.0160255 0.0119645
193
1
1.06602 5.61303 1.0673
0.0286198 -0.018887 0.0167788
