194
0
1
1.40792 6.86368 0.970824
0.0330629 0.00828848 0.0343855
1
1
1.34531 6.84476 0.89964
0.0302411 0.0130901 0.0373609
2
1
1.28373 6.81332 0.81944
0.0291463 0.0216028 0.0421141
3
1
1.2241 6.771 0.730895
0.0253457 0.0250604 0.048804
4
1
1.16543 6.72044 0.628106
0.0250739 0.0271187 0.0549325
5
1
1.10319 6.66277 0.510847
0.0336389 0.0324401 0.0622722
6
1
1.02164 6.59152 0.37608
0.0438855 0.0310411 0.0564124
7
1
0.897907 6.51336 0.198739
0.0421885 0.0229074 0.060156
8
1
0.637455 6.31009 0.0815242
0.0338964 0.0366387 -0.011597
9
1
0.0487544 8.78514 0.760409
0.000890932 0.00404159 -0.0778121
10
1
-0.0487544 8.78514 0.760409
0.000890932 -0.00404159 0.0778121
11
1
-0.637455 6.31009 0.0815242
0.0338964 -0.0366387 0.011597
12
1
-0.897907 6.51336 0.198739
0.0421885 -0.0229074 -0.060156
13
1
-1.02164 6.59152 0.37608
0.0438855 -0.0310411 -0.0564124
14
1
-1.10319 6.66277 0.510847
0.0336389 -0.0324401 -0.0622722
15
1
-1.16543 6.72044 0.628106
0.0250739 -0.0271187 -0.0549325
16
1
-1.2241 6.771 0.730895
0.0253457 -0.0250604 -0.048804
17
1
-1.28373 6.81332 0.81944
0.0291463 -0.0216028 -0.0421141
18
1
-1.34531 6.84476 0.89964
0.0302411 -0.0130901 -0.0373609
19
1
-1.40792 6.86368 0.970824
0.0330629 -0.00828848 -0.0343855
20
1
-1.47122 6.87374 1.03208
0.0320896 -0.00349918 -0.0285866
21
1
-1.53398 6.87799 1.08392
0.0296084 -0.000726894 -0.0243586
22
1
-1.59391 6.87914 1.12762
0.0287959 0.00147754 -0.0221687
23
1
-1.65297 6.87803 1.16591
0.0281812 0.00218453 -0.0180806
24
1
-1.71146 6.87509 1.19849
0.0292076 0.00200291 -0.014843
25
1
-1.76893 6.87077 1.22521
0.0289248 0.0023025 -0.0130148
26
1
-1.825 6.86518 1.24653
0.0261748 0.0027719 -0.0100441
27
1
-1.87881 6.85856 1.26226
0.0253134 0.00339025 -0.00690103
28
1
-1.93101 6.85053 1.27305
0.0260002 0.00451452 -0.00474761
29
1
-1.98233 6.84082 1.27963
0.0254394 0.00574946 -0.00214954
30
1
-2.03256 6.82939 1.28208
0.0246933 0.0070304 0.000393739
31
1
-2.08146 6.81568 1.28043
0.0243229 0.00764034 0.00225977
32
1
-2.12874 6.80008 1.27492
0.0233793 0.00789896 0.00418517
33
1
-2.1739 6.7834 1.26543
0.022448 0.00889159 0.00611153
34
1
-2.21658 6.76593 1.25188
0.0213043 0.00949942 0.00754728
35
1
-2.25628 6.74788 1.2345
0.0188835 0.00910902 0.0093152
36
1
-2.29286 6.72997 1.21351
0.0167655 0.00917148 0.0110491
37
1
-2.32661 6.7121 1.18855
0.0158511 0.00965557 0.0125071
38
1
-2.3579 6.69402 1.15953
0.0145766 0.00944025 0.0149801
39
1
-2.38697 6.67626 1.12655
0.0127153 0.00858459 0.018152
40
1
-2.41332 6.6598 1.08949
0.0117517 0.0077676 0.0202885
41
1
-2.43658 6.64519 1.04852
0.0108389 0.00660928 0.0217624
42
1
-2.4577 6.63258 1.00428
0.00910161 0.00524405 0.0237929
43
1
-2.47737 6.62182 0.956785
0.00823295 0.00443796 0.025691
44
1
-2.49665 6.61307 0.906022
0.00883523 0.00363741 0.0270197
45
1
-2.5162 6.60689 0.851655
0.00946848 0.00228807 0.0287585
46
1
-2.53591 6.60318 0.793863
0.00973292 0.000685469 0.0306868
47
1
-2.55544 6.60245 0.733387
0.00997894 -0.00120578 0.0319232
48
1
-2.57457 6.60493 0.67094
0.00976993 -0.00298005 0.0330403
49
1
-2.59242 6.60947 0.606902
0.0088129 -0.00374464 0.0342975
50
1
-2.60838 6.61478 0.541745
0.00753905 -0.00342802 0.03473
51
1
-2.62214 6.61934 0.475739
0.00627363 -0.00229185 0.034798
52
1
-2.63359 6.62269 0.408831
0.00490684 -0.00110766 0.0348902
53
1
-2.64289 6.62505 0.34127
0.00374075 -0.000683677 0.0348354
54
1
-2.65012 6.62661 0.273438
0.00299582 -0.000481625 0.0347941
55
1
-2.65565 6.62735 0.205458
0.00222938 0.000289466 0.0351564
56
1
-2.65948 6.62675 0.137333
0.00104602 0.00128066 0.0354753
57
1
-2.66155 6.6256 0.0687936
1.99769e-005 0.00113669 0.0351877
58
1
-2.66229 6.62496 -1.76063e-011
-5.44693e-013 6.28903e-013 0.034881
59
1
-2.66155 6.6256 -0.0687936
-1.99769e-005 -0.00113669 0.0351877
60
1
-2.65948 6.62675 -0.137333
-0.00104602 -0.00128066 0.0354753
61
1
-2.65565 6.62735 -0.205458
-0.00222938 -0.000289466 0.0351564
62
1
-2.65012 6.62661 -0.273438
-0.00299582 0.000481625 0.0347941
63
1
-2.64289 6.62505 -0.34127
-0.00374075 0.000683677 0.0348354
64
1
-2.63359 6.62269 -0.408831
-0.00490684 0.00110766 0.0348902
65
1
-2.62214 6.61934 -0.475739
-0.00627363 0.00229185 0.034798
66
1
-2.60838 6.61478 -0.541745
-0.00753905 0.00342802 0.03473
67
1
-2.59242 6.60947 -0.606902
-0.0088129 0.00374464 0.0342975
68
1
-2.57457 6.60493 -0.67094
-0.00976993 0.00298005 0.0330403
69
1
-2.55544 6.60245 -0.733387
-0.00997894 0.00120578 0.0319232
70
1
-2.53591 6.60318 -0.793863
-0.00973292 -0.000685469 0.0306868
71
1
-2.5162 6.60689 -0.851655
-0.00946848 -0.00228807 0.0287585
72
1
-2.49665 6.61307 -0.906022
-0.00883523 -0.00363741 0.0270197
73
1
-2.47737 6.62182 -0.956785
-0.00823295 -0.00443796 0.025691
74
1
-2.4577 6.63258 -1.00428
-0.00910161 -0.00524405 0.0237929
75
1
-2.43658 6.64519 -1.04852
-0.0108389 -0.00660928 0.0217624
76
1
-2.41332 6.6598 -1.08949
-0.0117517 -0.0077676 0.0202885
77
1
-2.38697 6.67626 -1.12655
-0.0127153 -0.00858459 0.018152
78
1
-2.3579 6.69402 -1.15953
-0.0145766 -0.00944025 0.0149801
79
1
-2.32661 6.7121 -1.18855
-0.0158511 -0.00965557 0.0125071
80
1
-2.29286 6.72997 -1.21351
-0.0167655 -0.00917148 0.0110491
81
1
-2.25628 6.74788 -1.2345
-0.0188835 -0.00910902 0.0093152
82
1
-2.21658 6.76593 -1.25188
-0.0213043 -0.00949942 0.00754728
83
1
-2.1739 6.7834 -1.26543
-0.022448 -0.00889159 0.00611153
84
1
-2.12874 6.80008 -1.27492
-0.0233793 -0.00789896 0.00418517
85
1
-2.08146 6.81568 -1.28043
-0.0243229 -0.00764034 0.00225977
86
1
-2.03256 6.82939 -1.28208
-0.0246933 -0.0070304 0.000393739
87
1
-1.98233 6.84082 -1.27963
-0.0254394 -0.00574946 -0.00214954
88
1
-1.93101 6.85053 -1.27305
-0.0260002 -0.00451452 -0.00474761
89
1
-1.87881 6.85856 -1.26226
-0.0253134 -0.00339025 -0.00690103
90
1
-1.825 6.86518 -1.24653
-0.0261748 -0.0027719 -0.0100441
91
1
-1.76893 6.87077 -1.22521
-0.0289248 -0.0023025 -0.0130148
92
1
-1.71146 6.87509 -1.19849
-0.0292076 -0.00200291 -0.014843
93
1
-1.65297 6.87803 -1.16591
-0.0281812 -0.00218453 -0.0180806
94
1
-1.59391 6.87914 -1.12762
-0.0287959 -0.00147754 -0.0221687
95
1
-1.53398 6.87799 -1.08392
-0.0296084 0.000726894 -0.0243586
96
1
-1.47122 6.87374 -1.03208
-0.0320896 0.00349918 -0.0285866
97
1
-1.40792 6.86368 -0.970824
-0.0330629 0.00828848 -0.0343855
98
1
-1.34531 6.84476 -0.89964
-0.0302411 0.0130901 -0.0373609
99
1
-1.28373 6.81332 -0.81944
-0.0291463 0.0216028 -0.0421141
100
1
-1.2241 6.771 -0.730895
-0.0253457 0.0250604 -0.048804
101
1
-1.16543 6.72044 -0.628106
-0.0250739 0.0271187 -0.0549325
102
1
-1.10319 6.66277 -0.510847
-0.0336389 0.0324401 -0.0622722
103
1
-1.02164 6.59152 -0.37608
-0.0438855 0.0310411 -0.0564124
104
1
-0.897907 6.51336 -0.198739
-0.0421885 0.0229074 -0.060156
105
1
-0.637455 6.31009 -0.0815242
-0.0338964 0.0366387 0.011597
106
1
-0.0487544 8.78514 -0.760409
-0.000890932 0.00404159 0.0778121
107
1
0.0487544 8.78514 -0.760409
-0.000890932 -0.00404159 -0.0778121
108
1
0.637455 6.31009 -0.0815242
-0.0338964 -0.0366387 -0.011597
109
1
0.897907 6.51336 -0.198739
-0.0421885 -0.0229074 0.060156
110
1
1.02164 6.59152 -0.37608
-0.0438855 -0.0310411 0.0564124
111
1
1.10319 6.66277 -0.510847
-0.0336389 -0.0324401 0.0622722
112
1
1.16543 6.72044 -0.628106
-0.0250739 -0.0271187 0.0549325
113
1
1.2241 6.771 -0.730895
-0.0253457 -0.0250604 0.048804
114
1
1.28373 6.81332 -0.81944
-0.0291463 -0.0216028 0.0421141
115
1
1.34531 6.84476 -0.89964
-0.0302411 -0.0130901 0.0373609
116
1
1.40792 6.86368 -0.970824
-0.0330629 -0.00828848 0.0343855
117
1
1.47122 6.87374 -1.03208
-0.0320896 -0.00349918 0.0285866
118
1
1.53398 6.87799 -1.08392
-0.0296084 -0.000726894 0.0243586
119
1
1.59391 6.87914 -1.12762
-0.0287959 0.00147754 0.0221687
120
1
1.65297 6.87803 -1.16591
-0.0281812 0.00218453 0.0180806
121
1
1.71146 6.87509 -1.19849
-0.0292076 0.00200291 0.014843
122
1
1.76893 6.87077 -1.22521
-0.0289248 0.0023025 0.0130148
123
1
1.825 6.86518 -1.24653
-0.0261748 0.0027719 0.0100441
124
1
1.87881 6.85856 -1.26226
-0.0253134 0.00339025 0.00690103
125
1
1.93101 6.85053 -1.27305
-0.0260002 0.00451452 0.00474761
126
1
1.98233 6.84082 -1.27963
-0.0254394 0.00574946 0.00214954
127
1
2.03256 6.82939 -1.28208
-0.0246933 0.0070304 -0.000393739
128
1
2.08146 6.81568 -1.28043
-0.0243229 0.00764034 -0.00225977
129
1
2.12874 6.80008 -1.27492
-0.0233793 0.00789896 -0.00418517
130
1
2.1739 6.7834 -1.26543
-0.022448 0.00889159 -0.00611153
131
1
2.21658 6.76593 -1.25188
-0.0213043 0.00949942 -0.00754728
132
1
2.25628 6.74788 -1.2345
-0.0188835 0.00910902 -0.0093152
133
1
2.29286 6.72997 -1.21351
-0.0167655 0.00917148 -0.0110491
134
1
2.32661 6.7121 -1.18855
-0.0158511 0.00965557 -0.0125071
135
1
2.3579 6.69402 -1.15953
-0.0145766 0.00944025 -0.0149801
136
1
2.38697 6.67626 -1.12655
-0.0127153 0.00858459 -0.018152
137
1
2.41332 6.6598 -1.08949
-0.0117517 0.0077676 -0.0202885
138
1
2.43658 6.64519 -1.04852
-0.0108389 0.00660928 -0.0217624
139
1
2.4577 6.63258 -1.00428
-0.00910161 0.00524405 -0.0237929
140
1
2.47737 6.62182 -0.956785
-0.00823295 0.00443796 -0.025691
141
1
2.49665 6.61307 -0.906022
-0.00883523 0.00363741 -0.0270197
142
1
2.5162 6.60689 -0.851655
-0.00946848 0.00228807 -0.0287585
143
1
2.53591 6.60318 -0.793863
-0.00973292 0.000685469 -0.0306868
144
1
2.55544 6.60245 -0.733387
-0.00997894 -0.00120578 -0.0319232
145
1
2.57457 6.60493 -0.67094
-0.00976993 -0.00298005 -0.0330403
146
1
2.59242 6.60947 -0.606902
-0.0088129 -0.00374464 -0.0342975
147
1
2.60838 6.61478 -0.541745
-0.00753905 -0.00342802 -0.03473
148
1
2.62214 6.61934 -0.475739
-0.00627363 -0.00229185 -0.034798
149
1
2.63359 6.62269 -0.408831
-0.00490684 -0.00110766 -0.0348902
150
1
2.64289 6.62505 -0.34127
-0.00374075 -0.000683677 -0.0348354
151
1
2.65012 6.62661 -0.273438
-0.00299582 -0.000481625 -0.0347941
152
1
2.65565 6.62735 -0.205458
-0.00222938 0.000289466 -0.0351564
153
1
2.65948 6.62675 -0.137333
-0.00104602 0.00128066 -0.0354753
154
1
2.66155 6.6256 -0.0687936
-1.99769e-005 0.00113669 -0.0351877
155
1
2.66229 6.62496 2.25557e-011
6.71955e-013 8.43462e-013 -0.034881
156
1
2.66155 6.6256 0.0687936
1.99769e-005 -0.00113669 -0.0351877
157
1
2.65948 6.62675 0.137333
0.00104602 -0.00128066 -0.0354753
158
1
2.65565 6.62735 0.205458
0.00222938 -0.000289466 -0.0351564
159
1
2.65012 6.62661 0.273438
0.00299582 0.000481625 -0.0347941
160
1
2.64289 6.62505 0.34127
0.00374075 0.000683677 -0.0348354
161
1
2.63359 6.62269 0.408831
0.00490684 0.00110766 -0.0348902
162
1
2.62214 6.61934 0.475739
0.00627363 0.00229185 -0.034798
163
1
2.60838 6.61478 0.541745
0.00753905 0.00342802 -0.03473
164
1
2.59242 6.60947 0.606902
0.0088129 0.00374464 -0.0342975
165
1
2.57457 6.60493 0.67094
0.00976993 0.00298005 -0.0330403
166
1
2.55544 6.60245 0.733387
0.00997894 0.00120578 -0.0319232
167
1
2.53591 6.60318 0.793863
0.00973292 -0.000685469 -0.0306868
168
1
2.5162 6.60689 0.851655
0.00946848 -0.00228807 -0.0287585
169
1
2.49665 6.61307 0.906022
0.00883523 -0.00363741 -0.0270197
170
1
2.47737 6.62182 0.956785
0.00823295 -0.00443796 -0.025691
171
1
2.4577 6.63258 1.00428
0.00910161 -0.00524405 -0.0237929
172
1
2.43658 6.64519 1.04852
0.0108389 -0.00660928 -0.0217624
173
1
2.41332 6.6598 1.08949
0.0117517 -0.0077676 -0.0202885
174
1
2.38697 6.67626 1.12655
0.0127153 -0.00858459 -0.018152
175
1
2.3579 6.69402 1.15953
0.0145766 -0.00944025 -0.0149801
176
1
2.32661 6.7121 1.18855
0.0158511 -0.00965557 -0.0125071
177
1
2.29286 6.72997 1.21351
0.0167655 -0.00917148 -0.0110491
178
1
2.25628 6.74788 1.2345
0.0188835 -0.00910902 -0.0093152
179
1
2.21658 6.76593 1.25188
0.0213043 -0.00949942 -0.00754728
180
1
2.1739 6.7834 1.26543
0.022448 -0.00889159 -0.00611153
181
1
2.12874 6.80008 1.27492
0.0233793 -0.00789896 -0.00418517
182
1
2.08146 6.81568 1.28043
0.0243229 -0.00764034 -0.00225977
183
1
2.03256 6.82939 1.28208
0.0246933 -0.0070304 -0.000393739
184
1
1.98233 6.84082 1.27963
0.0254394 -0.00574946 0.00214954
185
1
1.93101 6.85053 1.27305
0.0260002 -0.00451452 0.00474761
186
1
1.87881 6.85856 1.26226
0.0253134 -0.00339025 0.00690103
187
1
1.825 6.86518 1.24653
0.0261748 -0.0027719 0.0100441
188
1
1.76893 6.87077 1.22521
0.0289248 -0.0023025 0.0130148
189
1
1.71146 6.87509 1.19849
0.0292076 -0.00200291 0.014843
190
1
1.65297 6.87803 1.16591
0.0281812 -0.00218453 0.0180806
191
1
1.59391 6.87914 1.12762
0.0287959 -0.00147754 0.0221687
192
1
1.53398 6.87799 1.08392
0.0296084 0.000726894 0.0243586
193
1
1.47122 6.87374 1.03208
0.0320896 0.00349918 0.0285866
