194
0
1
0.709496 1.56786 2.39566
0.0212862 -0.0259097 -0.0206688
1
1
0.665038 1.61722 2.43669
0.0253683 -0.0249738 -0.0196924
2
1
0.611935 1.66473 2.47579
0.0289597 -0.0232948 -0.0186443
3
1
0.550735 1.70878 2.51235
0.033098 -0.0211051 -0.0173694
4
1
0.481907 1.74892 2.54456
0.0363449 -0.018463 -0.0144724
5
1
0.405615 1.78347 2.57103
0.0398676 -0.0148417 -0.0109998
6
1
0.322604 1.81097 2.59155
0.0431558 -0.0109269 -0.00835733
7
1
0.234249 1.83146 2.60667
0.0453993 -0.00760132 -0.00609384
8
1
0.141995 1.8451 2.61624
0.04687 -0.00454969 -0.0036142
9
1
0.0475551 1.8519 2.62061
0.0476377 -0.00149461 -0.00117264
10
1
-0.0475551 1.8519 2.62061
0.0476377 0.00149461 0.00117264
11
1
-0.141995 1.8451 2.61624
0.04687 0.00454969 0.0036142
12
1
-0.234249 1.83146 2.60667
0.0453993 0.00760132 0.00609384
13
1
-0.322604 1.81097 2.59155
0.0431558 0.0109269 0.00835733
14
1
-0.405615 1.78347 2.57103
0.0398676 0.0148417 0.0109998
15
1
-0.481907 1.74892 2.54456
0.0363449 0.018463 0.0144724
16
1
-0.550735 1.70878 2.51235
0.033098 0.0211051 0.0173694
17
1
-0.611935 1.66473 2.47579
0.0289597 0.0232948 0.0186443
18
1
-0.665038 1.61722 2.43669
0.0253683 0.0249738 0.0196924
19
1
-0.709496 1.56786 2.39566
0.0212862 0.0259097 0.0206688
20
1
-0.745316 1.51844 2.35301
0.0161392 0.0251918 0.0215285
21
1
-0.773112 1.47008 2.30855
0.0121977 0.0235751 0.0230226
22
1
-0.794548 1.4239 2.26202
0.00852239 0.0218143 0.024548
23
1
-0.810496 1.38039 2.21287
0.00549345 0.0203209 0.0260346
24
1
-0.821771 1.33902 2.16172
0.00319472 0.0193196 0.0268759
25
1
-0.829951 1.29936 2.10926
0.00208524 0.0188357 0.0270784
26
1
-0.835486 1.26169 2.05555
0.00138288 0.0181418 0.0273237
27
1
-0.838111 1.22564 2.00124
0.000135995 0.0172958 0.0275598
28
1
-0.837931 1.19099 1.94671
-0.0016775 0.0167812 0.0274558
29
1
-0.834955 1.15807 1.89177
-0.00358286 0.0164739 0.0271815
30
1
-0.828453 1.12773 1.83618
-0.00537257 0.0159068 0.0269926
31
1
-0.817453 1.10038 1.7803
-0.00711193 0.0148036 0.0269088
32
1
-0.801701 1.07586 1.7248
-0.00880241 0.0131843 0.0269025
33
1
-0.782012 1.05378 1.66996
-0.0103098 0.0111945 0.0270327
34
1
-0.759841 1.03407 1.61534
-0.0114987 0.00900456 0.0273531
35
1
-0.736636 1.01723 1.56008
-0.0122734 0.00678225 0.0278394
36
1
-0.713264 1.00401 1.50355
-0.0125829 0.00467279 0.0284239
37
1
-0.690176 0.994814 1.44556
-0.0124391 0.00277917 0.029049
38
1
-0.667646 0.989481 1.38625
-0.0119008 0.00115238 0.0296937
39
1
-0.646004 0.987424 1.32573
-0.0110594 -0.000189244 0.0303569
40
1
-0.625649 0.987908 1.26404
-0.0100217 -0.00124598 0.0310323
41
1
-0.606963 0.990241 1.20113
-0.00888758 -0.00202958 0.0317041
42
1
-0.590224 0.993883 1.13698
-0.00773739 -0.00256138 0.0323536
43
1
-0.57555 0.99841 1.0716
-0.00662849 -0.00287216 0.0329667
44
1
-0.562924 1.00347 1.00505
-0.0055978 -0.00299977 0.0335357
45
1
-0.552226 1.00879 0.937418
-0.00466651 -0.00298449 0.0340574
46
1
-0.543276 1.01412 0.868801
-0.00384401 -0.00286445 0.0345312
47
1
-0.53587 1.01928 0.799291
-0.00313192 -0.00267307 0.0349573
48
1
-0.529805 1.02412 0.728982
-0.00252593 -0.00243739 0.0353367
49
1
-0.52489 1.02855 0.657962
-0.00201759 -0.00217805 0.0356708
50
1
-0.520942 1.03252 0.586321
-0.00159586 -0.00190957 0.0359614
51
1
-0.517809 1.03601 0.514141
-0.00124897 -0.00164193 0.0362106
52
1
-0.515352 1.03899 0.441503
-0.000964523 -0.0013806 0.0364209
53
1
-0.513456 1.04148 0.368481
-0.000731553 -0.00112885 0.0365943
54
1
-0.512026 1.04349 0.295148
-0.000539161 -0.000887235 0.036733
55
1
-0.51099 1.04504 0.22157
-0.000378471 -0.000655558 0.0368389
56
1
-0.510288 1.04612 0.147812
-0.00023995 -0.000431748 0.0369134
57
1
-0.509883 1.04677 0.0739354
-0.000116343 -0.00021422 0.0369577
58
1
-0.509748 1.04699 -7.64135e-017
-3.00101e-017 -6.86035e-017 0.0369724
59
1
-0.509883 1.04677 -0.0739354
0.000116343 0.00021422 0.0369577
60
1
-0.510288 1.04612 -0.147812
0.00023995 0.000431748 0.0369134
61
1
-0.51099 1.04504 -0.22157
0.000378471 0.000655558 0.0368389
62
1
-0.512026 1.04349 -0.295148
0.000539161 0.000887235 0.036733
63
1
-0.513456 1.04148 -0.368481
0.000731553 0.00112885 0.0365943
64
1
-0.515352 1.03899 -0.441503
0.000964523 0.0013806 0.0364209
65
1
-0.517809 1.03601 -0.514141
0.00124897 0.00164193 0.0362106
66
1
-0.520942 1.03252 -0.586321
0.00159586 0.00190957 0.0359614
67
1
-0.52489 1.02855 -0.657962
0.00201759 0.00217805 0.0356708
68
1
-0.529805 1.02412 -0.728982
0.00252593 0.00243739 0.0353367
69
1
-0.53587 1.01928 -0.799291
0.00313192 0.00267307 0.0349573
70
1
-0.543276 1.01412 -0.868801
0.00384401 0.00286445 0.0345312
71
1
-0.552226 1.00879 -0.937418
0.00466651 0.00298449 0.0340574
72
1
-0.562924 1.00347 -1.00505
0.0055978 0.00299977 0.0335357
73
1
-0.57555 0.99841 -1.0716
0.00662849 0.00287216 0.0329667
74
1
-0.590224 0.993883 -1.13698
0.00773739 0.00256138 0.0323536
75
1
-0.606963 0.990241 -1.20113
0.00888758 0.00202958 0.0317041
76
1
-0.625649 0.987908 -1.26404
0.0100217 0.00124598 0.0310323
77
1
-0.646004 0.987424 -1.32573
0.0110594 0.000189244 0.0303569
78
1
-0.667646 0.989481 -1.38625
0.0119008 -0.00115238 0.0296937
79
1
-0.690176 0.994814 -1.44556
0.0124391 -0.00277917 0.029049
80
1
-0.713264 1.00401 -1.50355
0.0125829 -0.00467279 0.0284239
81
1
-0.736636 1.01723 -1.56008
0.0122734 -0.00678225 0.0278394
82
1
-0.759841 1.03407 -1.61534
0.0114987 -0.00900456 0.0273531
83
1
-0.782012 1.05378 -1.66996
0.0103098 -0.0111945 0.0270327
84
1
-0.801701 1.07586 -1.7248
0.00880241 -0.0131843 0.0269025
85
1
-0.817453 1.10038 -1.7803
0.00711193 -0.0148036 0.0269088
86
1
-0.828453 1.12773 -1.83618
0.00537257 -0.0159068 0.0269926
87
1
-0.834955 1.15807 -1.89177
0.00358286 -0.0164739 0.0271815
88
1
-0.837931 1.19099 -1.94671
0.0016775 -0.0167812 0.0274558
89
1
-0.838111 1.22564 -2.00124
-0.000135995 -0.0172958 0.0275598
90
1
-0.835486 1.26169 -2.05555
-0.00138288 -0.0181418 0.0273237
91
1
-0.829951 1.29936 -2.10926
-0.00208524 -0.0188357 0.0270784
92
1
-0.821771 1.33902 -2.16172
-0.00319472 -0.0193196 0.0268759
93
1
-0.810496 1.38039 -2.21287
-0.00549345 -0.0203209 0.0260346
94
1
-0.794548 1.4239 -2.26202
-0.00852239 -0.0218143 0.024548
95
1
-0.773112 1.47008 -2.30855
-0.0121977 -0.0235751 0.0230226
96
1
-0.745316 1.51844 -2.35301
-0.0161392 -0.0251918 0.0215285
97
1
-0.709496 1.56786 -2.39566
-0.0212862 -0.0259097 0.0206688
98
1
-0.665038 1.61722 -2.43669
-0.0253683 -0.0249738 0.0196924
99
1
-0.611935 1.66473 -2.47579
-0.0289597 -0.0232948 0.0186443
100
1
-0.550735 1.70878 -2.51235
-0.033098 -0.0211051 0.0173694
101
1
-0.481907 1.74892 -2.54456
-0.0363449 -0.018463 0.0144724
102
1
-0.405615 1.78347 -2.57103
-0.0398676 -0.0148417 0.0109998
103
1
-0.322604 1.81097 -2.59155
-0.0431558 -0.0109269 0.00835733
104
1
-0.234249 1.83146 -2.60667
-0.0453993 -0.00760132 0.00609384
105
1
-0.141995 1.8451 -2.61624
-0.04687 -0.00454969 0.0036142
106
1
-0.0475551 1.8519 -2.62061
-0.0476377 -0.00149461 0.00117264
107
1
0.0475551 1.8519 -2.62061
-0.0476377 0.00149461 -0.00117264
108
1
0.141995 1.8451 -2.61624
-0.04687 0.00454969 -0.0036142
109
1
0.234249 1.83146 -2.60667
-0.0453993 0.00760132 -0.00609384
110
1
0.322604 1.81097 -2.59155
-0.0431558 0.0109269 -0.00835733
111
1
0.405615 1.78347 -2.57103
-0.0398676 0.0148417 -0.0109998
112
1
0.481907 1.74892 -2.54456
-0.0363449 0.018463 -0.0144724
113
1
0.550735 1.70878 -2.51235
-0.033098 0.0211051 -0.0173694
114
1
0.611935 1.66473 -2.47579
-0.0289597 0.0232948 -0.0186443
115
1
0.665038 1.61722 -2.43669
-0.0253683 0.0249738 -0.0196924
116
1
0.709496 1.56786 -2.39566
-0.0212862 0.0259097 -0.0206688
117
1
0.745316 1.51844 -2.35301
-0.0161392 0.0251918 -0.0215285
118
1
0.773112 1.47008 -2.30855
-0.0121977 0.0235751 -0.0230226
119
1
0.794548 1.4239 -2.26202
-0.00852239 0.0218143 -0.024548
120
1
0.810496 1.38039 -2.21287
-0.00549345 0.0203209 -0.0260346
121
1
0.821771 1.33902 -2.16172
-0.00319472 0.0193196 -0.0268759
122
1
0.829951 1.29936 -2.10926
-0.00208524 0.0188357 -0.0270784
123
1
0.835486 1.26169 -2.05555
-0.00138288 0.0181418 -0.0273237
124
1
0.838111 1.22564 -2.00124
-0.000135995 0.0172958 -0.0275598
125
1
0.837931 1.19099 -1.94671
0.0016775 0.0167812 -0.0274558
126
1
0.834955 1.15807 -1.89177
0.00358286 0.0164739 -0.0271815
127
1
0.828453 1.12773 -1.83618
0.00537257 0.0159068 -0.0269926
128
1
0.817453 1.10038 -1.7803
0.00711193 0.0148036 -0.0269088
129
1
0.801701 1.07586 -1.7248
0.00880241 0.0131843 -0.0269025
130
1
0.782012 1.05378 -1.66996
0.0103098 0.0111945 -0.0270327
131
1
0.759841 1.03407 -1.61534
0.0114987 0.00900456 -0.0273531
132
1
0.736636 1.01723 -1.56008
0.0122734 0.00678225 -0.0278394
133
1
0.713264 1.00401 -1.50355
0.0125829 0.00467279 -0.0284239
134
1
0.690176 0.994814 -1.44556
0.0124391 0.00277917 -0.029049
135
1
0.667646 0.989481 -1.38625
0.0119008 0.00115238 -0.0296937
136
1
0.646004 0.987424 -1.32573
0.0110594 -0.000189244 -0.0303569
137
1
0.625649 0.987908 -1.26404
0.0100217 -0.00124598 -0.0310323
138
1
0.606963 0.990241 -1.20113
0.00888758 -0.00202958 -0.0317041
139
1
0.590224 0.993883 -1.13698
0.00773739 -0.00256138 -0.0323536
140
1
0.57555 0.99841 -1.0716
0.00662849 -0.00287216 -0.0329667
141
1
0.562924 1.00347 -1.00505
0.0055978 -0.00299977 -0.0335357
142
1
0.552226 1.00879 -0.937418
0.00466651 -0.00298449 -0.0340574
143
1
0.543276 1.01412 -0.868801
0.00384401 -0.00286445 -0.0345312
144
1
0.53587 1.01928 -0.799291
0.00313192 -0.00267307 -0.0349573
145
1
0.529805 1.02412 -0.728982
0.00252593 -0.00243739 -0.0353367
146
1
0.52489 1.02855 -0.657962
0.00201759 -0.00217805 -0.0356708
147
1
0.520942 1.03252 -0.586321
0.00159586 -0.00190957 -0.0359614
148
1
0.517809 1.03601 -0.514141
0.00124897 -0.00164193 -0.0362106
149
1
0.515352 1.03899 -0.441503
0.000964523 -0.0013806 -0.0364209
150
1
0.513456 1.04148 -0.368481
0.000731553 -0.00112885 -0.0365943
151
1
0.512026 1.04349 -0.295148
0.000539161 -0.000887235 -0.036733
152
1
0.51099 1.04504 -0.22157
0.000378471 -0.000655558 -0.0368389
153
1
0.510288 1.04612 -0.147812
0.00023995 -0.000431748 -0.0369134
154
1
0.509883 1.04677 -0.0739354
0.000116343 -0.00021422 -0.0369577
155
1
0.509748 1.04699 -3.321e-017
-6.51019e-017 3.97576e-018 -0.0369724
156
1
0.509883 1.04677 0.0739354
-0.000116343 0.00021422 -0.0369577
157
1
0.510288 1.04612 0.147812
-0.00023995 0.000431748 -0.0369134
158
1
0.51099 1.04504 0.22157
-0.000378471 0.000655558 -0.0368389
159
1
0.512026 1.04349 0.295148
-0.000539161 0.000887235 -0.036733
160
1
0.513456 1.04148 0.368481
-0.000731553 0.00112885 -0.0365943
161
1
0.515352 1.03899 0.441503
-0.000964523 0.0013806 -0.0364209
162
1
0.517809 1.03601 0.514141
-0.00124897 0.00164193 -0.0362106
163
1
0.520942 1.03252 0.586321
-0.00159586 0.00190957 -0.0359614
164
1
0.52489 1.02855 0.657962
-0.00201759 0.00217805 -0.0356708
165
1
0.529805 1.02412 0.728982
-0.00252593 0.00243739 -0.0353367
166
1
0.53587 1.01928 0.799291
-0.00313192 0.00267307 -0.0349573
167
1
0.543276 1.01412 0.868801
-0.00384401 0.00286445 -0.0345312
168
1
0.552226 1.00879 0.937418
-0.00466651 0.00298449 -0.0340574
169
1
0.562924 1.00347 1.00505
-0.0055978 0.00299977 -0.0335357
170
1
0.57555 0.99841 1.0716
-0.00662849 0.00287216 -0.0329667
171
1
0.590224 0.993883 1.13698
-0.00773739 0.00256138 -0.0323536
172
1
0.606963 0.990241 1.20113
-0.00888758 0.00202958 -0.0317041
173
1
0.625649 0.987908 1.26404
-0.0100217 0.00124598 -0.0310323
174
1
0.646004 0.987424 1.32573
-0.0110594 0.000189244 -0.0303569
175
1
0.667646 0.989481 1.38625
-0.0119008 -0.00115238 -0.0296937
176
1
0.690176 0.994814 1.44556
-0.0124391 -0.00277917 -0.029049
177
1
0.713264 1.00401 1.50355
-0.0125829 -0.00467279 -0.0284239
178
1
0.736636 1.01723 1.56008
-0.0122734 -0.00678225 -0.0278394
179
1
0.759841 1.03407 1.61534
-0.0114987 -0.00900456 -0.0273531
180
1
0.782012 1.05378 1.66996
-0.0103098 -0.0111945 -0.0270327
181
1
0.801701 1.07586 1.7248
-0.00880241 -0.0131843 -0.0269025
182
1
0.817453 1.10038 1.7803
-0.00711193 -0.0148036 -0.0269088
183
1
0.828453 1.12773 1.83618
-0.00537257 -0.0159068 -0.0269926
184
1
0.834955 1.15807 1.89177
-0.00358286 -0.0164739 -0.0271815
185
1
0.837931 1.19099 1.94671
-0.0016775 -0.0167812 -0.0274558
186
1
0.838111 1.22564 2.00124
0.000135995 -0.0172958 -0.0275598
187
1
0.835486 1.26169 2.05555
0.00138288 -0.0181418 -0.0273237
188
1
0.829951 1.29936 2.10926
0.00208524 -0.0188357 -0.0270784
189
1
0.821771 1.33902 2.16172
0.00319472 -0.0193196 -0.0268759
190
1
0.810496 1.38039 2.21287
0.00549345 -0.0203209 -0.0260346
191
1
0.794548 1.4239 2.26202
0.00852239 -0.0218143 -0.024548
192
1
0.773112 1.47008 2.30855
0.0121977 -0.0235751 -0.0230226
193
1
0.745316 1.51844 2.35301
0.0161392 -0.0251918 -0.0215285
