194
0
1
1.10653 9.06943 0.605295
0.0563213 0.0116041 0.00609819
1
1
0.99732 9.04425 0.590003
0.0554994 0.0138401 0.00915164
2
1
0.881928 9.01265 0.56875
0.0596693 0.0185498 0.0111333
3
1
0.76363 8.97256 0.541416
0.060204 0.0228094 0.0135194
4
1
0.64182 8.92395 0.501431
0.0599661 0.025947 0.0215419
5
1
0.513694 8.87127 0.444942
0.0639458 0.0269645 0.0301661
6
1
0.371556 8.81159 0.36271
0.0537903 0.0268096 0.0454092
7
1
0.21055 8.71368 0.216706
0.0443794 0.0384553 0.0511426
8
1
0.158077 6.34429 0.0616393
-0.047175 -0.00447736 -0.00897013
9
1
0.0499375 12.4611 0.206798
0.00173531 -0.0309927 -0.0678756
10
1
-0.0499375 12.4611 0.206798
0.00173531 0.0309927 0.0678756
11
1
-0.158074 6.34428 0.0616272
-0.0471746 0.00447808 0.00897287
12
1
-0.21055 8.71368 0.216706
0.0443794 -0.0384553 -0.0511426
13
1
-0.371556 8.81159 0.36271
0.0537903 -0.0268096 -0.0454092
14
1
-0.513694 8.87127 0.444942
0.0639458 -0.0269645 -0.0301661
15
1
-0.64182 8.92395 0.501431
0.0599661 -0.025947 -0.0215419
16
1
-0.76363 8.97256 0.541416
0.060204 -0.0228094 -0.0135194
17
1
-0.881928 9.01265 0.56875
0.0596693 -0.0185498 -0.0111333
18
1
-0.99732 9.04425 0.590003
0.0554994 -0.0138401 -0.00915164
19
1
-1.10653 9.06943 0.605295
0.0563213 -0.0116041 -0.00609819
20
1
-1.20762 9.08811 0.614721
0.0479978 -0.00692808 -0.00349593
21
1
-1.30145 9.10029 0.620137
0.044122 -0.00518139 -0.00151713
22
1
-1.38785 9.10624 0.624533
0.0427176 -0.00177285 -0.00185868
23
1
-1.47016 9.1078 0.630918
0.0385805 0.00122634 -0.00305754
24
1
-1.54805 9.10737 0.639378
0.0373418 0.00167901 -0.00378176
25
1
-1.6212 9.10645 0.648671
0.0363841 0.00256469 -0.0038594
26
1
-1.68977 9.10559 0.657865
0.0311963 0.00258209 -0.00355785
27
1
-1.75324 9.10603 0.666786
0.0286086 0.000917133 -0.00434689
28
1
-1.81307 9.11001 0.676343
0.0292874 -0.00175085 -0.005969
29
1
-1.8708 9.11885 0.68693
0.0284755 -0.00510495 -0.00617374
30
1
-1.92594 9.1329 0.697314
0.026672 -0.00837279 -0.00525793
31
1
-1.9784 9.15219 0.706198
0.025032 -0.0116168 -0.00365491
32
1
-2.02795 9.17619 0.712556
0.023221 -0.0138656 -0.0027898
33
1
-2.07446 9.20379 0.715638
0.0220288 -0.01543 -0.00177813
34
1
-2.11843 9.23431 0.714656
0.0213376 -0.0176757 0.00190622
35
1
-2.16016 9.26718 0.709422
0.0195845 -0.0183134 0.00479058
36
1
-2.19923 9.30131 0.700281
0.0176525 -0.0168662 0.00491594
37
1
-2.23702 9.33616 0.688092
0.0178379 -0.0177472 0.00759572
38
1
-2.2749 9.37197 0.673533
0.0180066 -0.0189714 0.0100934
39
1
-2.31276 9.40799 0.65669
0.0166766 -0.0172859 0.00848058
40
1
-2.35066 9.44281 0.637636
0.0183571 -0.0169513 0.00988697
41
1
-2.38818 9.47713 0.616237
0.0206342 -0.0180234 0.0130598
42
1
-2.42453 9.512 0.594783
0.018455 -0.0169778 0.0105854
43
1
-2.45985 9.54713 0.574849
0.0175395 -0.0161499 0.0074082
44
1
-2.49472 9.58225 0.555771
0.0191209 -0.0169675 0.00816608
45
1
-2.52899 9.61796 0.535688
0.0181537 -0.0183343 0.0105997
46
1
-2.56125 9.6546 0.513213
0.01593 -0.0193632 0.0103063
47
1
-2.59075 9.69241 0.488279
0.0148089 -0.0194883 0.0107677
48
1
-2.6174 9.73003 0.4593
0.0125395 -0.0209695 0.0163456
49
1
-2.64009 9.76573 0.426499
0.00983432 -0.0202091 0.0190423
50
1
-2.65973 9.79844 0.390308
0.00775211 -0.0169 0.0177434
51
1
-2.67761 9.82804 0.350156
0.00755397 -0.0148029 0.0203464
52
1
-2.69478 9.8538 0.306209
0.0100329 -0.0126029 0.0256057
53
1
-2.7112 9.87578 0.258157
0.0102823 -0.0105736 0.0296924
54
1
-2.72602 9.8934 0.207332
0.00757493 -0.00820783 0.0293923
55
1
-2.73809 9.90679 0.155453
0.00617724 -0.00570919 0.0280096
56
1
-2.74713 9.91629 0.103608
0.00570667 -0.00304476 0.0271367
57
1
-2.75333 9.92124 0.0513393
0.00273918 -0.00133233 0.0261922
58
1
-2.75542 9.92232 2.78385e-009
1.82986e-011 1.03374e-010 0.0258258
59
1
-2.75333 9.92124 -0.0513393
-0.00273918 0.00133233 0.0261922
60
1
-2.74713 9.91629 -0.103608
-0.00570667 0.00304476 0.0271367
61
1
-2.73809 9.90679 -0.155453
-0.00617724 0.00570919 0.0280096
62
1
-2.72602 9.8934 -0.207332
-0.00757493 0.00820783 0.0293923
63
1
-2.7112 9.87578 -0.258157
-0.0102823 0.0105736 0.0296924
64
1
-2.69478 9.8538 -0.306209
-0.0100329 0.0126029 0.0256057
65
1
-2.67761 9.82804 -0.350156
-0.00755397 0.0148029 0.0203464
66
1
-2.65973 9.79844 -0.390308
-0.00775211 0.0169 0.0177434
67
1
-2.64009 9.76573 -0.426499
-0.00983432 0.0202091 0.0190423
68
1
-2.6174 9.73003 -0.4593
-0.0125395 0.0209695 0.0163456
69
1
-2.59075 9.69241 -0.488279
-0.0148089 0.0194883 0.0107677
70
1
-2.56125 9.6546 -0.513213
-0.01593 0.0193632 0.0103063
71
1
-2.52899 9.61796 -0.535688
-0.0181537 0.0183343 0.0105997
72
1
-2.49472 9.58225 -0.555771
-0.0191209 0.0169675 0.00816608
73
1
-2.45985 9.54713 -0.574849
-0.0175395 0.0161499 0.0074082
74
1
-2.42453 9.512 -0.594783
-0.018455 0.0169778 0.0105854
75
1
-2.38818 9.47713 -0.616237
-0.0206342 0.0180234 0.0130598
76
1
-2.35066 9.44281 -0.637636
-0.0183571 0.0169513 0.00988697
77
1
-2.31276 9.40799 -0.65669
-0.0166766 0.0172859 0.00848058
78
1
-2.2749 9.37197 -0.673533
-0.0180066 0.0189714 0.0100934
79
1
-2.23702 9.33616 -0.688092
-0.0178379 0.0177472 0.00759572
80
1
-2.19923 9.30131 -0.700281
-0.0176525 0.0168662 0.00491594
81
1
-2.16016 9.26718 -0.709422
-0.0195845 0.0183134 0.00479058
82
1
-2.11843 9.23431 -0.714656
-0.0213376 0.0176757 0.00190622
83
1
-2.07446 9.20379 -0.715638
-0.0220288 0.01543 -0.00177813
84
1
-2.02795 9.17619 -0.712556
-0.023221 0.0138656 -0.0027898
85
1
-1.9784 9.15219 -0.706198
-0.025032 0.0116168 -0.00365491
86
1
-1.92594 9.1329 -0.697314
-0.026672 0.00837279 -0.00525793
87
1
-1.8708 9.11885 -0.68693
-0.0284755 0.00510495 -0.00617374
88
1
-1.81307 9.11001 -0.676343
-0.0292874 0.00175085 -0.005969
89
1
-1.75324 9.10603 -0.666786
-0.0286086 -0.000917133 -0.00434689
90
1
-1.68977 9.10559 -0.657865
-0.0311963 -0.00258209 -0.00355785
91
1
-1.6212 9.10645 -0.648671
-0.0363841 -0.00256469 -0.0038594
92
1
-1.54805 9.10737 -0.639378
-0.0373418 -0.00167901 -0.00378175
93
1
-1.47016 9.1078 -0.630918
-0.0385805 -0.00122634 -0.00305754
94
1
-1.38785 9.10624 -0.624533
-0.0427176 0.00177285 -0.00185868
95
1
-1.30145 9.10029 -0.620137
-0.044122 0.00518139 -0.00151713
96
1
-1.20762 9.08811 -0.614721
-0.0479978 0.00692808 -0.00349593
97
1
-1.10653 9.06943 -0.605295
-0.0563213 0.0116041 -0.00609819
98
1
-0.99732 9.04425 -0.590003
-0.0554994 0.0138401 -0.00915164
99
1
-0.881928 9.01265 -0.56875
-0.0596693 0.0185498 -0.0111333
100
1
-0.76363 8.97256 -0.541416
-0.060204 0.0228094 -0.0135194
101
1
-0.64182 8.92395 -0.501431
-0.0599661 0.025947 -0.0215419
102
1
-0.513694 8.87127 -0.444942
-0.0639458 0.0269645 -0.0301661
103
1
-0.371556 8.81159 -0.36271
-0.0537903 0.0268096 -0.0454092
104
1
-0.21055 8.71368 -0.216706
-0.0443794 0.0384553 -0.0511426
105
1
-0.158077 6.34429 -0.0616376
0.0471749 -0.00447732 0.00897029
106
1
-0.0499375 12.4611 -0.206798
-0.00173531 -0.0309927 0.0678756
107
1
0.0499375 12.4611 -0.206798
-0.00173531 0.0309927 -0.0678756
108
1
0.158073 6.34428 -0.0616255
0.0471745 0.00447804 -0.00897303
109
1
0.21055 8.71368 -0.216706
-0.0443794 -0.0384553 0.0511426
110
1
0.371556 8.81159 -0.36271
-0.0537903 -0.0268096 0.0454092
111
1
0.513694 8.87127 -0.444942
-0.0639458 -0.0269645 0.0301661
112
1
0.64182 8.92395 -0.501431
-0.0599661 -0.025947 0.0215419
113
1
0.76363 8.97256 -0.541416
-0.060204 -0.0228094 0.0135194
114
1
0.881928 9.01265 -0.56875
-0.0596693 -0.0185498 0.0111333
115
1
0.99732 9.04425 -0.590003
-0.0554994 -0.0138401 0.00915164
116
1
1.10653 9.06943 -0.605295
-0.0563213 -0.0116041 0.00609819
117
1
1.20762 9.08811 -0.614721
-0.0479978 -0.00692808 0.00349593
118
1
1.30145 9.10029 -0.620137
-0.044122 -0.00518139 0.00151713
119
1
1.38785 9.10624 -0.624533
-0.0427176 -0.00177285 0.00185868
120
1
1.47016 9.1078 -0.630918
-0.0385805 0.00122634 0.00305754
121
1
1.54805 9.10737 -0.639378
-0.0373418 0.00167901 0.00378176
122
1
1.6212 9.10645 -0.648671
-0.0363841 0.00256469 0.0038594
123
1
1.68977 9.10559 -0.657865
-0.0311963 0.00258209 0.00355785
124
1
1.75324 9.10603 -0.666786
-0.0286086 0.000917133 0.00434689
125
1
1.81307 9.11001 -0.676343
-0.0292874 -0.00175085 0.005969
126
1
1.8708 9.11885 -0.68693
-0.0284755 -0.00510495 0.00617374
127
1
1.92594 9.1329 -0.697314
-0.026672 -0.00837279 0.00525793
128
1
1.9784 9.15219 -0.706198
-0.025032 -0.0116168 0.00365491
129
1
2.02795 9.17619 -0.712556
-0.023221 -0.0138656 0.0027898
130
1
2.07446 9.20379 -0.715638
-0.0220288 -0.01543 0.00177813
131
1
2.11843 9.23431 -0.714656
-0.0213376 -0.0176757 -0.00190622
132
1
2.16016 9.26718 -0.709422
-0.0195845 -0.0183134 -0.00479058
133
1
2.19923 9.30131 -0.700281
-0.0176525 -0.0168662 -0.00491594
134
1
2.23702 9.33616 -0.688092
-0.0178379 -0.0177472 -0.00759572
135
1
2.2749 9.37197 -0.673533
-0.0180066 -0.0189714 -0.0100934
136
1
2.31276 9.40799 -0.65669
-0.0166766 -0.0172859 -0.00848058
137
1
2.35066 9.44281 -0.637636
-0.0183571 -0.0169513 -0.00988697
138
1
2.38818 9.47713 -0.616237
-0.0206342 -0.0180234 -0.0130598
139
1
2.42453 9.512 -0.594783
-0.018455 -0.0169778 -0.0105854
140
1
2.45985 9.54713 -0.574849
-0.0175395 -0.0161499 -0.0074082
141
1
2.49472 9.58225 -0.555771
-0.0191209 -0.0169675 -0.00816608
142
1
2.52899 9.61796 -0.535688
-0.0181537 -0.0183343 -0.0105997
143
1
2.56125 9.6546 -0.513213
-0.01593 -0.0193632 -0.0103063
144
1
2.59075 9.69241 -0.488279
-0.0148089 -0.0194883 -0.0107677
145
1
2.6174 9.73003 -0.4593
-0.0125395 -0.0209695 -0.0163456
146
1
2.64009 9.76573 -0.426499
-0.00983432 -0.0202091 -0.0190423
147
1
2.65973 9.79844 -0.390308
-0.00775211 -0.0169 -0.0177434
148
1
2.67761 9.82804 -0.350156
-0.00755397 -0.0148029 -0.0203464
149
1
2.69478 9.8538 -0.306209
-0.0100329 -0.0126029 -0.0256057
150
1
2.7112 9.87578 -0.258157
-0.0102823 -0.0105736 -0.0296924
151
1
2.72602 9.8934 -0.207332
-0.00757493 -0.00820783 -0.0293923
152
1
2.73809 9.90679 -0.155453
-0.00617724 -0.00570919 -0.0280096
153
1
2.74713 9.91629 -0.103608
-0.00570667 -0.00304476 -0.0271367
154
1
2.75333 9.92124 -0.0513393
-0.00273918 -0.00133233 -0.0261922
155
1
2.75542 9.92232 -4.45227e-009
-5.31393e-012 8.28911e-011 -0.0258258
156
1
2.75333 9.92124 0.0513393
0.00273918 0.00133233 -0.0261922
157
1
2.74713 9.91629 0.103608
0.00570667 0.00304476 -0.0271367
158
1
2.73809 9.90679 0.155453
0.00617724 0.00570919 -0.0280096
159
1
2.72602 9.8934 0.207332
0.00757493 0.00820783 -0.0293923
160
1
2.7112 9.87578 0.258157
0.0102823 0.0105736 -0.0296924
161
1
2.69478 9.8538 0.306209
0.0100329 0.0126029 -0.0256057
162
1
2.67761 9.82804 0.350156
0.00755397 0.0148029 -0.0203464
163
1
2.65973 9.79844 0.390308
0.00775211 0.0169 -0.0177434
164
1
2.64009 9.76573 0.426499
0.00983432 0.0202091 -0.0190423
165
1
2.6174 9.73003 0.4593
0.0125395 0.0209695 -0.0163456
166
1
2.59075 9.69241 0.488279
0.0148089 0.0194883 -0.0107677
167
1
2.56125 9.6546 0.513213
0.01593 0.0193632 -0.0103063
168
1
2.52899 9.61796 0.535688
0.0181537 0.0183343 -0.0105997
169
1
2.49472 9.58225 0.555771
0.0191209 0.0169675 -0.00816608
170
1
2.45985 9.54713 0.574849
0.0175395 0.0161499 -0.0074082
171
1
2.42453 9.512 0.594783
0.018455 0.0169778 -0.0105854
172
1
2.38818 9.47713 0.616237
0.0206342 0.0180234 -0.0130598
173
1
2.35066 9.44281 0.637636
0.0183571 0.0169513 -0.00988697
174
1
2.31276 9.40799 0.65669
0.0166766 0.0172859 -0.00848058
175
1
2.2749 9.37197 0.673533
0.0180066 0.0189714 -0.0100934
176
1
2.23702 9.33616 0.688092
0.0178379 0.0177472 -0.00759572
177
1
2.19923 9.30131 0.700281
0.0176525 0.0168662 -0.00491594
178
1
2.16016 9.26718 0.709422
0.0195845 0.0183134 -0.00479058
179
1
2.11843 9.23431 0.714656
0.0213376 0.0176757 -0.00190622
180
1
2.07446 9.20379 0.715638
0.0220288 0.01543 0.00177813
181
1
2.02795 9.17619 0.712556
0.023221 0.0138656 0.0027898
182
1
1.9784 9.15219 0.706198
0.025032 0.0116168 0.00365491
183
1
1.92594 9.1329 0.697314
0.026672 0.00837279 0.00525793
184
1
1.8708 9.11885 0.68693
0.0284755 0.00510495 0.00617374
185
1
1.81307 9.11001 0.676343
0.0292874 0.00175085 0.005969
186
1
1.75324 9.10603 0.666786
0.0286086 -0.000917133 0.00434689
187
1
1.68977 9.10559 0.657865
0.0311963 -0.00258209 0.00355785
188
1
1.6212 9.10645 0.648671
0.0363841 -0.00256469 0.0038594
189
1
1.54805 9.10737 0.639377
0.0373418 -0.00167901 0.00378175
190
1
1.47016 9.1078 0.630918
0.0385805 -0.00122634 0.00305754
191
1
1.38785 9.10624 0.624533
0.0427176 0.00177284 0.00185868
192
1
1.30145 9.10029 0.620137
0.044122 0.00518139 0.00151713
193
1
1.20762 9.08811 0.614721
0.0479978 0.00692808 0.00349593
