194
0
1
0.903336 2.87119 1.30422
0.0334075 -0.0244046 -0.0215874
1
1
0.834174 2.91613 1.34459
0.0371767 -0.0227302 -0.0197405
2
1
0.756711 2.95792 1.38224
0.0409247 -0.0200023 -0.0180798
3
1
0.671717 2.99563 1.41704
0.0447831 -0.0180607 -0.0164444
4
1
0.579772 3.02905 1.4485
0.0472712 -0.0155579 -0.014857
5
1
0.482276 3.05846 1.47616
0.0493664 -0.0138191 -0.0132648
6
1
0.380183 3.08393 1.4991
0.0516483 -0.0118069 -0.0109625
7
1
0.274435 3.10407 1.51737
0.0534642 -0.00894645 -0.00845863
8
1
0.165839 3.11745 1.53046
0.0547251 -0.00506176 -0.00524194
9
1
0.0554635 3.12364 1.53705
0.0554874 -0.0013088 -0.00171995
10
1
-0.0554635 3.12364 1.53705
0.0554874 0.0013088 0.00171995
11
1
-0.165839 3.11745 1.53046
0.0547251 0.00506176 0.00524194
12
1
-0.274435 3.10407 1.51737
0.0534642 0.00894645 0.00845863
13
1
-0.380183 3.08393 1.4991
0.0516483 0.0118069 0.0109625
14
1
-0.482276 3.05846 1.47616
0.0493664 0.0138191 0.0132648
15
1
-0.579772 3.02905 1.4485
0.0472712 0.0155579 0.014857
16
1
-0.671717 2.99563 1.41704
0.0447831 0.0180607 0.0164444
17
1
-0.756711 2.95792 1.38224
0.0409247 0.0200023 0.0180798
18
1
-0.834174 2.91613 1.34459
0.0371767 0.0227302 0.0197405
19
1
-0.903336 2.87119 1.30422
0.0334075 0.0244046 0.0215874
20
1
-0.964342 2.82488 1.26215
0.0290033 0.0240215 0.0218567
21
1
-1.01835 2.7782 1.21897
0.0256536 0.0236651 0.0220505
22
1
-1.06634 2.732 1.1754
0.0227765 0.0230459 0.0220001
23
1
-1.10908 2.68611 1.13162
0.0204391 0.022483 0.0220404
24
1
-1.1468 2.64034 1.08831
0.0176271 0.0227097 0.0216171
25
1
-1.17962 2.59451 1.04528
0.0149524 0.0231244 0.0216426
26
1
-1.20722 2.5483 1.0022
0.0123655 0.0232762 0.0215394
27
1
-1.22998 2.50154 0.959631
0.00984648 0.0235795 0.0210314
28
1
-1.24841 2.45468 0.91722
0.00753789 0.0239866 0.0209617
29
1
-1.26265 2.40791 0.874635
0.00568091 0.0239394 0.021159
30
1
-1.27316 2.36128 0.832179
0.00432855 0.0235001 0.0210683
31
1
-1.28063 2.31493 0.790164
0.00288289 0.0229883 0.0210092
32
1
-1.28532 2.26903 0.748676
0.00114767 0.0227162 0.0209985
33
1
-1.28706 2.22319 0.708142
-0.000268324 0.0229378 0.0203063
34
1
-1.28612 2.17664 0.669431
-0.0010478 0.0235936 0.0188915
35
1
-1.2831 2.12914 0.633078
-0.00165359 0.0241703 0.0174843
36
1
-1.27809 2.08107 0.599298
-0.00262087 0.0243253 0.0162409
37
1
-1.2705 2.03284 0.568293
-0.00399846 0.0242555 0.0146635
38
1
-1.26005 1.98443 0.540732
-0.00549373 0.0242296 0.0126229
39
1
-1.24727 1.93568 0.517169
-0.00682767 0.0242445 0.0105469
40
1
-1.23325 1.88671 0.497271
-0.00791566 0.0241181 0.00883594
41
1
-1.21876 1.83791 0.479892
-0.00874509 0.0238221 0.0075391
42
1
-1.20413 1.78956 0.463923
-0.00922429 0.0235291 0.00655898
43
1
-1.18959 1.74164 0.448792
-0.00919154 0.0234335 0.00588075
44
1
-1.17608 1.69388 0.434179
-0.00850859 0.0235881 0.00559926
45
1
-1.16484 1.64614 0.419435
-0.00713844 0.023901 0.0057938
46
1
-1.15705 1.59869 0.403449
-0.00515667 0.02415 0.00646482
47
1
-1.15289 1.55224 0.385173
-0.00272701 0.0241271 0.00755455
48
1
-1.15204 1.50758 0.363942
-0.000111894 0.0236313 0.00898202
49
1
-1.15371 1.46529 0.339632
0.00235689 0.0225954 0.0106849
50
1
-1.15723 1.42588 0.312262
0.00429098 0.0209751 0.0125844
51
1
-1.16203 1.38981 0.28193
0.00543725 0.0188835 0.0146774
52
1
-1.16762 1.3576 0.248719
0.0056056 0.0163069 0.0168445
53
1
-1.17346 1.32989 0.212578
0.00495276 0.0133277 0.0189672
54
1
-1.17917 1.30701 0.173735
0.00389173 0.0101401 0.0208784
55
1
-1.18423 1.28923 0.132517
0.0028718 0.00698776 0.0223086
56
1
-1.18821 1.27658 0.0894484
0.00201446 0.00413686 0.0230055
57
1
-1.19072 1.26922 0.0450428
0.00109289 0.00181382 0.0230488
58
1
-1.1917 1.26678 -3.49706e-015
8.21748e-018 -1.21609e-016 0.0229627
59
1
-1.19072 1.26922 -0.0450428
-0.00109289 -0.00181382 0.0230488
60
1
-1.18821 1.27658 -0.0894484
-0.00201446 -0.00413686 0.0230055
61
1
-1.18423 1.28923 -0.132517
-0.0028718 -0.00698776 0.0223086
62
1
-1.17917 1.30701 -0.173735
-0.00389173 -0.0101401 0.0208784
63
1
-1.17346 1.32989 -0.212578
-0.00495276 -0.0133277 0.0189672
64
1
-1.16762 1.3576 -0.248719
-0.0056056 -0.0163069 0.0168445
65
1
-1.16203 1.38981 -0.28193
-0.00543725 -0.0188835 0.0146774
66
1
-1.15723 1.42588 -0.312262
-0.00429098 -0.0209751 0.0125844
67
1
-1.15371 1.46529 -0.339632
-0.00235689 -0.0225954 0.0106849
68
1
-1.15204 1.50758 -0.363942
0.000111894 -0.0236313 0.00898202
69
1
-1.15289 1.55224 -0.385173
0.00272701 -0.0241271 0.00755455
70
1
-1.15705 1.59869 -0.403449
0.00515667 -0.02415 0.00646482
71
1
-1.16484 1.64614 -0.419435
0.00713844 -0.023901 0.0057938
72
1
-1.17608 1.69388 -0.434179
0.00850859 -0.0235881 0.00559926
73
1
-1.18959 1.74164 -0.448792
0.00919154 -0.0234335 0.00588075
74
1
-1.20413 1.78956 -0.463923
0.00922429 -0.0235291 0.00655898
75
1
-1.21876 1.83791 -0.479892
0.00874509 -0.0238221 0.0075391
76
1
-1.23325 1.88671 -0.497271
0.00791566 -0.0241181 0.00883594
77
1
-1.24727 1.93568 -0.517169
0.00682767 -0.0242445 0.0105469
78
1
-1.26005 1.98443 -0.540732
0.00549373 -0.0242296 0.0126229
79
1
-1.2705 2.03284 -0.568293
0.00399846 -0.0242555 0.0146635
80
1
-1.27809 2.08107 -0.599298
0.00262087 -0.0243253 0.0162409
81
1
-1.2831 2.12914 -0.633078
0.00165359 -0.0241703 0.0174843
82
1
-1.28612 2.17664 -0.669431
0.0010478 -0.0235936 0.0188915
83
1
-1.28706 2.22319 -0.708142
0.000268324 -0.0229378 0.0203063
84
1
-1.28532 2.26903 -0.748676
-0.00114767 -0.0227162 0.0209985
85
1
-1.28063 2.31493 -0.790164
-0.00288289 -0.0229883 0.0210092
86
1
-1.27316 2.36128 -0.832179
-0.00432855 -0.0235001 0.0210683
87
1
-1.26265 2.40791 -0.874635
-0.00568091 -0.0239394 0.021159
88
1
-1.24841 2.45468 -0.91722
-0.00753789 -0.0239866 0.0209617
89
1
-1.22998 2.50154 -0.959631
-0.00984648 -0.0235795 0.0210314
90
1
-1.20722 2.5483 -1.0022
-0.0123655 -0.0232762 0.0215394
91
1
-1.17962 2.59451 -1.04528
-0.0149524 -0.0231244 0.0216426
92
1
-1.1468 2.64034 -1.08831
-0.0176271 -0.0227097 0.0216171
93
1
-1.10908 2.68611 -1.13162
-0.0204391 -0.022483 0.0220404
94
1
-1.06634 2.732 -1.1754
-0.0227765 -0.0230459 0.0220001
95
1
-1.01835 2.7782 -1.21897
-0.0256536 -0.0236651 0.0220505
96
1
-0.964342 2.82488 -1.26215
-0.0290033 -0.0240215 0.0218567
97
1
-0.903336 2.87119 -1.30422
-0.0334075 -0.0244046 0.0215874
98
1
-0.834174 2.91613 -1.34459
-0.0371767 -0.0227302 0.0197405
99
1
-0.756711 2.95792 -1.38224
-0.0409247 -0.0200023 0.0180798
100
1
-0.671717 2.99563 -1.41704
-0.0447831 -0.0180607 0.0164444
101
1
-0.579772 3.02905 -1.4485
-0.0472712 -0.0155579 0.014857
102
1
-0.482276 3.05846 -1.47616
-0.0493664 -0.0138191 0.0132648
103
1
-0.380183 3.08393 -1.4991
-0.0516483 -0.0118069 0.0109625
104
1
-0.274435 3.10407 -1.51737
-0.0534642 -0.00894645 0.00845863
105
1
-0.165839 3.11745 -1.53046
-0.0547251 -0.00506176 0.00524194
106
1
-0.0554635 3.12364 -1.53705
-0.0554874 -0.0013088 0.00171995
107
1
0.0554635 3.12364 -1.53705
-0.0554874 0.0013088 -0.00171995
108
1
0.165839 3.11745 -1.53046
-0.0547251 0.00506176 -0.00524194
109
1
0.274435 3.10407 -1.51737
-0.0534642 0.00894645 -0.00845863
110
1
0.380183 3.08393 -1.4991
-0.0516483 0.0118069 -0.0109625
111
1
0.482276 3.05846 -1.47616
-0.0493664 0.0138191 -0.0132648
112
1
0.579772 3.02905 -1.4485
-0.0472712 0.0155579 -0.014857
113
1
0.671717 2.99563 -1.41704
-0.0447831 0.0180607 -0.0164444
114
1
0.756711 2.95792 -1.38224
-0.0409247 0.0200023 -0.0180798
115
1
0.834174 2.91613 -1.34459
-0.0371767 0.0227302 -0.0197405
116
1
0.903336 2.87119 -1.30422
-0.0334075 0.0244046 -0.0215874
117
1
0.964342 2.82488 -1.26215
-0.0290033 0.0240215 -0.0218567
118
1
1.01835 2.7782 -1.21897
-0.0256536 0.0236651 -0.0220505
119
1
1.06634 2.732 -1.1754
-0.0227765 0.0230459 -0.0220001
120
1
1.10908 2.68611 -1.13162
-0.0204391 0.022483 -0.0220404
121
1
1.1468 2.64034 -1.08831
-0.0176271 0.0227097 -0.0216171
122
1
1.17962 2.59451 -1.04528
-0.0149524 0.0231244 -0.0216426
123
1
1.20722 2.5483 -1.0022
-0.0123655 0.0232762 -0.0215394
124
1
1.22998 2.50154 -0.959631
-0.00984648 0.0235795 -0.0210314
125
1
1.24841 2.45468 -0.91722
-0.00753789 0.0239866 -0.0209617
126
1
1.26265 2.40791 -0.874635
-0.00568091 0.0239394 -0.021159
127
1
1.27316 2.36128 -0.832179
-0.00432855 0.0235001 -0.0210683
128
1
1.28063 2.31493 -0.790164
-0.00288289 0.0229883 -0.0210092
129
1
1.28532 2.26903 -0.748676
-0.00114767 0.0227162 -0.0209985
130
1
1.28706 2.22319 -0.708142
0.000268324 0.0229378 -0.0203063
131
1
1.28612 2.17664 -0.669431
0.0010478 0.0235936 -0.0188915
132
1
1.2831 2.12914 -0.633078
0.00165359 0.0241703 -0.0174843
133
1
1.27809 2.08107 -0.599298
0.00262087 0.0243253 -0.0162409
134
1
1.2705 2.03284 -0.568293
0.00399846 0.0242555 -0.0146635
135
1
1.26005 1.98443 -0.540732
0.00549373 0.0242296 -0.0126229
136
1
1.24727 1.93568 -0.517169
0.00682767 0.0242445 -0.0105469
137
1
1.23325 1.88671 -0.497271
0.00791566 0.0241181 -0.00883594
138
1
1.21876 1.83791 -0.479892
0.00874509 0.0238221 -0.0075391
139
1
1.20413 1.78956 -0.463923
0.00922429 0.0235291 -0.00655898
140
1
1.18959 1.74164 -0.448792
0.00919154 0.0234335 -0.00588075
141
1
1.17608 1.69388 -0.434179
0.00850859 0.0235881 -0.00559926
142
1
1.16484 1.64614 -0.419435
0.00713844 0.023901 -0.0057938
143
1
1.15705 1.59869 -0.403449
0.00515667 0.02415 -0.00646482
144
1
1.15289 1.55224 -0.385173
0.00272701 0.0241271 -0.00755455
145
1
1.15204 1.50758 -0.363942
0.000111894 0.0236313 -0.00898202
146
1
1.15371 1.46529 -0.339632
-0.00235689 0.0225954 -0.0106849
147
1
1.15723 1.42588 -0.312262
-0.00429098 0.0209751 -0.0125844
148
1
1.16203 1.38981 -0.28193
-0.00543725 0.0188835 -0.0146774
149
1
1.16762 1.3576 -0.248719
-0.0056056 0.0163069 -0.0168445
150
1
1.17346 1.32989 -0.212578
-0.00495276 0.0133277 -0.0189672
151
1
1.17917 1.30701 -0.173735
-0.00389173 0.0101401 -0.0208784
152
1
1.18423 1.28923 -0.132517
-0.0028718 0.00698776 -0.0223086
153
1
1.18821 1.27658 -0.0894484
-0.00201446 0.00413686 -0.0230055
154
1
1.19072 1.26922 -0.0450428
-0.00109289 0.00181382 -0.0230488
155
1
1.1917 1.26678 -2.59983e-015
2.29537e-017 1.04386e-016 -0.0229627
156
1
1.19072 1.26922 0.0450428
0.00109289 -0.00181382 -0.0230488
157
1
1.18821 1.27658 0.0894484
0.00201446 -0.00413686 -0.0230055
158
1
1.18423 1.28923 0.132517
0.0028718 -0.00698776 -0.0223086
159
1
1.17917 1.30701 0.173735
0.00389173 -0.0101401 -0.0208784
160
1
1.17346 1.32989 0.212578
0.00495276 -0.0133277 -0.0189672
161
1
1.16762 1.3576 0.248719
0.0056056 -0.0163069 -0.0168445
162
1
1.16203 1.38981 0.28193
0.00543725 -0.0188835 -0.0146774
163
1
1.15723 1.42588 0.312262
0.00429098 -0.0209751 -0.0125844
164
1
1.15371 1.46529 0.339632
0.00235689 -0.0225954 -0.0106849
165
1
1.15204 1.50758 0.363942
-0.000111894 -0.0236313 -0.00898202
166
1
1.15289 1.55224 0.385173
-0.00272701 -0.0241271 -0.00755455
167
1
1.15705 1.59869 0.403449
-0.00515667 -0.02415 -0.00646482
168
1
1.16484 1.64614 0.419435
-0.00713844 -0.023901 -0.0057938
169
1
1.17608 1.69388 0.434179
-0.00850859 -0.0235881 -0.00559926
170
1
1.18959 1.74164 0.448792
-0.00919154 -0.0234335 -0.00588075
171
1
1.20413 1.78956 0.463923
-0.00922429 -0.0235291 -0.00655898
172
1
1.21876 1.83791 0.479892
-0.00874509 -0.0238221 -0.0075391
173
1
1.23325 1.88671 0.497271
-0.00791566 -0.0241181 -0.00883594
174
1
1.24727 1.93568 0.517169
-0.00682767 -0.0242445 -0.0105469
175
1
1.26005 1.98443 0.540732
-0.00549373 -0.0242296 -0.0126229
176
1
1.2705 2.03284 0.568293
-0.00399846 -0.0242555 -0.0146635
177
1
1.27809 2.08107 0.599298
-0.00262087 -0.0243253 -0.0162409
178
1
1.2831 2.12914 0.633078
-0.00165359 -0.0241703 -0.0174843
179
1
1.28612 2.17664 0.669431
-0.0010478 -0.0235936 -0.0188915
180
1
1.28706 2.22319 0.708142
-0.000268324 -0.0229378 -0.0203063
181
1
1.28532 2.26903 0.748676
0.00114767 -0.0227162 -0.0209985
182
1
1.28063 2.31493 0.790164
0.00288289 -0.0229883 -0.0210092
183
1
1.27316 2.36128 0.832179
0.00432855 -0.0235001 -0.0210683
184
1
1.26265 2.40791 0.874635
0.00568091 -0.0239394 -0.021159
185
1
1.24841 2.45468 0.91722
0.00753789 -0.0239866 -0.0209617
186
1
1.22998 2.50154 0.959631
0.00984648 -0.0235795 -0.0210314
187
1
1.20722 2.5483 1.0022
0.0123655 -0.0232762 -0.0215394
188
1
1.17962 2.59451 1.04528
0.0149524 -0.0231244 -0.0216426
189
1
1.1468 2.64034 1.08831
0.0176271 -0.0227097 -0.0216171
190
1
1.10908 2.68611 1.13162
0.0204391 -0.022483 -0.0220404
191
1
1.06634 2.732 1.1754
0.0227765 -0.0230459 -0.0220001
192
1
1.01835 2.7782 1.21897
0.0256536 -0.0236651 -0.0220505
193
1
0.964342 2.82488 1.26215
0.0290033 -0.0240215 -0.0218567
