194
0
1
1.14901 8.89642 0.630687
0.0565051 0.0128119 0.00538191
1
1
1.04008 8.86898 0.615879
0.0552636 0.0145423 0.0089227
2
1
0.925806 8.8358 0.593286
0.0582517 0.0201 0.0135707
3
1
0.809256 8.79479 0.561431
0.0579984 0.0244825 0.019104
4
1
0.688388 8.74762 0.514807
0.0590251 0.0252559 0.0273557
5
1
0.559877 8.69565 0.453114
0.0639073 0.0277104 0.033299
6
1
0.417543 8.63077 0.36739
0.0591344 0.0223527 0.0431837
7
1
0.25696 8.55455 0.207319
0.0407202 0.0300825 0.0592348
8
1
0.207632 6.56021 0.0607329
-0.0415202 0.0244268 -0.0097004
9
1
0.0487064 12.1646 0.314743
0.000921934 -0.0284002 -0.0720813
10
1
-0.0487064 12.1646 0.314743
0.000921934 0.0284002 0.0720813
11
1
-0.207632 6.56021 0.0607265
-0.0415196 -0.0244267 0.00970061
12
1
-0.25696 8.55455 0.207319
0.0407202 -0.0300825 -0.0592348
13
1
-0.417543 8.63077 0.36739
0.0591344 -0.0223527 -0.0431837
14
1
-0.559877 8.69565 0.453114
0.0639073 -0.0277104 -0.033299
15
1
-0.688388 8.74762 0.514807
0.0590251 -0.0252559 -0.0273557
16
1
-0.809256 8.79479 0.561431
0.0579984 -0.0244825 -0.019104
17
1
-0.925806 8.8358 0.593286
0.0582517 -0.0201 -0.0135707
18
1
-1.04008 8.86898 0.615879
0.0552636 -0.0145423 -0.0089227
19
1
-1.14901 8.89642 0.630687
0.0565051 -0.0128119 -0.00538191
20
1
-1.25042 8.91883 0.638739
0.04844 -0.00858218 -0.00237791
21
1
-1.3451 8.93592 0.640616
0.0448364 -0.00736914 -8.7676e-005
22
1
-1.43299 8.94683 0.637766
0.0436575 -0.00426251 0.00239042
23
1
-1.51755 8.95259 0.632087
0.0397329 -0.000982345 0.00391017
24
1
-1.59857 8.95544 0.624954
0.0389172 -0.000599794 0.00436136
25
1
-1.67572 8.9577 0.616753
0.0385782 -0.000425797 0.00539588
26
1
-1.74908 8.96006 0.607617
0.0337608 -0.000394585 0.0054423
27
1
-1.81795 8.96275 0.598872
0.0314598 -0.00096882 0.00404349
28
1
-1.88379 8.96687 0.592413
0.0325542 -0.00189396 0.00185086
29
1
-1.9482 8.97343 0.589653
0.0320862 -0.00344832 -0.000101623
30
1
-2.01041 8.98299 0.590467
0.0304191 -0.00551066 -0.00168858
31
1
-2.07007 8.9963 0.593891
0.028943 -0.00780578 -0.00258224
32
1
-2.12674 9.01357 0.598752
0.0272002 -0.00962303 -0.00367658
33
1
-2.17987 9.03467 0.603967
0.0258479 -0.0114949 -0.00441532
34
1
-2.2297 9.0597 0.608477
0.0243006 -0.0144646 -0.00317098
35
1
-2.27621 9.08835 0.611405
0.0215613 -0.016244 -0.00179081
36
1
-2.3192 9.11946 0.611991
0.0192928 -0.0159091 -0.00155618
37
1
-2.36001 9.15245 0.610543
0.0188858 -0.0173472 0.000592656
38
1
-2.39984 9.18733 0.606901
0.0185804 -0.018924 0.00303598
39
1
-2.43907 9.22292 0.59998
0.0172745 -0.0176125 0.00302452
40
1
-2.47797 9.25763 0.589354
0.0182195 -0.0175176 0.00594751
41
1
-2.5168 9.29143 0.574441
0.0200104 -0.0184569 0.0106973
42
1
-2.5551 9.32476 0.55673
0.018844 -0.0163441 0.00990996
43
1
-2.59383 9.3568 0.538115
0.0190053 -0.0141214 0.00838798
44
1
-2.6342 9.3871 0.518606
0.0218025 -0.0137039 0.0109502
45
1
-2.67627 9.41641 0.497031
0.0224164 -0.0142657 0.0136452
46
1
-2.71881 9.44537 0.473248
0.0214792 -0.0149478 0.0121189
47
1
-2.76027 9.47521 0.447798
0.0218992 -0.0152438 0.0112448
48
1
-2.79992 9.50562 0.420753
0.0214481 -0.0170159 0.0138026
49
1
-2.83538 9.53505 0.391843
0.0189465 -0.0172443 0.0143595
50
1
-2.86637 9.56266 0.360868
0.0152011 -0.0150586 0.0131645
51
1
-2.8931 9.58808 0.326353
0.0125192 -0.0134797 0.0162148
52
1
-2.91578 9.61125 0.287666
0.0116875 -0.0120527 0.0222547
53
1
-2.9347 9.63194 0.244328
0.00915369 -0.0107344 0.0271265
54
1
-2.94979 9.64967 0.197805
0.00557061 -0.00868639 0.0274608
55
1
-2.96086 9.66323 0.14948
0.00379314 -0.00560568 0.0265926
56
1
-2.96801 9.67215 0.100234
0.00303366 -0.00205504 0.0262056
57
1
-2.97276 9.67711 0.0500364
0.0010712 -0.000445485 0.0256907
58
1
-2.97474 9.67841 5.01392e-010
1.91188e-012 7.80413e-011 0.0254483
59
1
-2.97276 9.67711 -0.0500364
-0.0010712 0.000445485 0.0256907
60
1
-2.96801 9.67215 -0.100234
-0.00303366 0.00205504 0.0262056
61
1
-2.96086 9.66323 -0.14948
-0.00379314 0.00560568 0.0265926
62
1
-2.94979 9.64967 -0.197805
-0.00557061 0.00868639 0.0274608
63
1
-2.9347 9.63194 -0.244327
-0.00915369 0.0107344 0.0271265
64
1
-2.91578 9.61125 -0.287666
-0.0116875 0.0120527 0.0222547
65
1
-2.8931 9.58808 -0.326353
-0.0125192 0.0134797 0.0162148
66
1
-2.86637 9.56266 -0.360868
-0.0152011 0.0150586 0.0131645
67
1
-2.83538 9.53505 -0.391843
-0.0189465 0.0172443 0.0143595
68
1
-2.79992 9.50562 -0.420753
-0.0214481 0.0170159 0.0138026
69
1
-2.76027 9.47521 -0.447798
-0.0218992 0.0152438 0.0112448
70
1
-2.71881 9.44537 -0.473248
-0.0214792 0.0149478 0.0121189
71
1
-2.67627 9.41641 -0.497031
-0.0224164 0.0142657 0.0136452
72
1
-2.6342 9.3871 -0.518606
-0.0218025 0.0137039 0.0109502
73
1
-2.59383 9.3568 -0.538115
-0.0190053 0.0141214 0.00838798
74
1
-2.5551 9.32476 -0.55673
-0.018844 0.0163441 0.00990996
75
1
-2.5168 9.29143 -0.574441
-0.0200104 0.0184569 0.0106973
76
1
-2.47797 9.25763 -0.589354
-0.0182195 0.0175176 0.00594751
77
1
-2.43907 9.22292 -0.59998
-0.0172745 0.0176125 0.00302452
78
1
-2.39984 9.18733 -0.606901
-0.0185804 0.018924 0.00303598
79
1
-2.36001 9.15245 -0.610543
-0.0188858 0.0173472 0.000592656
80
1
-2.3192 9.11946 -0.611991
-0.0192928 0.0159091 -0.00155618
81
1
-2.27621 9.08835 -0.611405
-0.0215613 0.016244 -0.00179081
82
1
-2.2297 9.0597 -0.608477
-0.0243006 0.0144646 -0.00317098
83
1
-2.17987 9.03467 -0.603967
-0.0258479 0.0114949 -0.00441532
84
1
-2.12674 9.01357 -0.598752
-0.0272002 0.00962303 -0.00367658
85
1
-2.07007 8.9963 -0.593891
-0.028943 0.00780578 -0.00258224
86
1
-2.01041 8.98299 -0.590467
-0.0304191 0.00551066 -0.00168858
87
1
-1.9482 8.97343 -0.589653
-0.0320862 0.00344832 -0.000101623
88
1
-1.88379 8.96687 -0.592413
-0.0325542 0.00189396 0.00185086
89
1
-1.81795 8.96275 -0.598872
-0.0314598 0.00096882 0.00404349
90
1
-1.74908 8.96006 -0.607617
-0.0337608 0.000394585 0.0054423
91
1
-1.67572 8.9577 -0.616753
-0.0385782 0.000425797 0.00539588
92
1
-1.59857 8.95544 -0.624954
-0.0389172 0.000599795 0.00436136
93
1
-1.51755 8.95259 -0.632087
-0.0397329 0.000982345 0.00391017
94
1
-1.43299 8.94683 -0.637766
-0.0436575 0.00426251 0.00239042
95
1
-1.3451 8.93592 -0.640616
-0.0448364 0.00736914 -8.76748e-005
96
1
-1.25042 8.91883 -0.638739
-0.04844 0.00858218 -0.00237791
97
1
-1.14901 8.89642 -0.630687
-0.0565051 0.0128119 -0.00538191
98
1
-1.04008 8.86898 -0.615879
-0.0552636 0.0145423 -0.0089227
99
1
-0.925806 8.8358 -0.593286
-0.0582517 0.0201 -0.0135707
100
1
-0.809256 8.79479 -0.561431
-0.0579984 0.0244825 -0.019104
101
1
-0.688388 8.74762 -0.514807
-0.0590251 0.0252559 -0.0273557
102
1
-0.559877 8.69565 -0.453114
-0.0639073 0.0277104 -0.033299
103
1
-0.417543 8.63077 -0.36739
-0.0591344 0.0223527 -0.0431837
104
1
-0.25696 8.55455 -0.207319
-0.0407202 0.0300825 -0.0592348
105
1
-0.207632 6.56021 -0.0607319
0.0415201 0.0244268 0.00970049
106
1
-0.0487064 12.1646 -0.314743
-0.000921934 -0.0284002 0.0720813
107
1
0.0487064 12.1646 -0.314743
-0.000921934 0.0284002 -0.0720813
108
1
0.207632 6.56021 -0.0607254
0.0415195 -0.0244266 -0.0097007
109
1
0.25696 8.55455 -0.207319
-0.0407202 -0.0300825 0.0592348
110
1
0.417543 8.63077 -0.36739
-0.0591344 -0.0223527 0.0431837
111
1
0.559877 8.69565 -0.453114
-0.0639073 -0.0277104 0.033299
112
1
0.688388 8.74762 -0.514807
-0.0590251 -0.0252559 0.0273557
113
1
0.809256 8.79479 -0.561431
-0.0579984 -0.0244825 0.019104
114
1
0.925806 8.8358 -0.593286
-0.0582517 -0.0201 0.0135707
115
1
1.04008 8.86898 -0.615879
-0.0552636 -0.0145423 0.0089227
116
1
1.14901 8.89642 -0.630687
-0.0565051 -0.0128119 0.00538192
117
1
1.25042 8.91883 -0.638739
-0.04844 -0.00858218 0.00237791
118
1
1.3451 8.93592 -0.640616
-0.0448364 -0.00736914 8.76761e-005
119
1
1.43299 8.94683 -0.637766
-0.0436575 -0.00426251 -0.00239042
120
1
1.51755 8.95259 -0.632087
-0.0397329 -0.000982345 -0.00391017
121
1
1.59857 8.95544 -0.624954
-0.0389172 -0.000599794 -0.00436136
122
1
1.67572 8.9577 -0.616753
-0.0385782 -0.000425797 -0.00539588
123
1
1.74908 8.96006 -0.607617
-0.0337608 -0.000394585 -0.0054423
124
1
1.81795 8.96275 -0.598872
-0.0314598 -0.00096882 -0.00404349
125
1
1.88379 8.96687 -0.592413
-0.0325542 -0.00189396 -0.00185086
126
1
1.9482 8.97343 -0.589653
-0.0320862 -0.00344832 0.000101623
127
1
2.01041 8.98299 -0.590467
-0.0304191 -0.00551066 0.00168858
128
1
2.07007 8.9963 -0.593891
-0.028943 -0.00780578 0.00258224
129
1
2.12674 9.01357 -0.598752
-0.0272002 -0.00962303 0.00367658
130
1
2.17987 9.03467 -0.603967
-0.0258479 -0.0114949 0.00441532
131
1
2.2297 9.0597 -0.608477
-0.0243006 -0.0144646 0.00317098
132
1
2.27621 9.08835 -0.611405
-0.0215613 -0.016244 0.00179081
133
1
2.3192 9.11946 -0.611991
-0.0192928 -0.0159091 0.00155618
134
1
2.36001 9.15245 -0.610543
-0.0188858 -0.0173472 -0.000592656
135
1
2.39984 9.18733 -0.606901
-0.0185804 -0.018924 -0.00303598
136
1
2.43907 9.22292 -0.59998
-0.0172745 -0.0176125 -0.00302452
137
1
2.47797 9.25763 -0.589354
-0.0182195 -0.0175176 -0.00594751
138
1
2.5168 9.29143 -0.574441
-0.0200104 -0.0184569 -0.0106973
139
1
2.5551 9.32476 -0.55673
-0.018844 -0.0163441 -0.00990996
140
1
2.59383 9.3568 -0.538115
-0.0190053 -0.0141214 -0.00838798
141
1
2.6342 9.3871 -0.518606
-0.0218025 -0.0137039 -0.0109502
142
1
2.67627 9.41641 -0.497031
-0.0224164 -0.0142657 -0.0136452
143
1
2.71881 9.44537 -0.473248
-0.0214792 -0.0149478 -0.0121189
144
1
2.76027 9.47521 -0.447798
-0.0218992 -0.0152438 -0.0112448
145
1
2.79992 9.50562 -0.420753
-0.0214481 -0.0170159 -0.0138026
146
1
2.83538 9.53505 -0.391843
-0.0189465 -0.0172443 -0.0143595
147
1
2.86637 9.56266 -0.360868
-0.0152011 -0.0150586 -0.0131645
148
1
2.8931 9.58808 -0.326353
-0.0125192 -0.0134797 -0.0162148
149
1
2.91578 9.61125 -0.287666
-0.0116875 -0.0120527 -0.0222547
150
1
2.9347 9.63194 -0.244328
-0.00915369 -0.0107344 -0.0271265
151
1
2.94979 9.64967 -0.197805
-0.00557061 -0.00868639 -0.0274608
152
1
2.96086 9.66323 -0.14948
-0.00379314 -0.00560568 -0.0265926
153
1
2.96801 9.67215 -0.100234
-0.00303366 -0.00205504 -0.0262056
154
1
2.97276 9.67711 -0.0500364
-0.0010712 -0.000445485 -0.0256907
155
1
2.97474 9.67841 -4.85174e-010
-9.5514e-012 7.82929e-011 -0.0254483
156
1
2.97276 9.67711 0.0500364
0.0010712 0.000445485 -0.0256907
157
1
2.96801 9.67215 0.100234
0.00303366 0.00205504 -0.0262056
158
1
2.96086 9.66323 0.14948
0.00379314 0.00560568 -0.0265926
159
1
2.94979 9.64967 0.197805
0.00557061 0.00868639 -0.0274608
160
1
2.9347 9.63194 0.244327
0.00915369 0.0107344 -0.0271265
161
1
2.91578 9.61125 0.287666
0.0116875 0.0120527 -0.0222547
162
1
2.8931 9.58808 0.326353
0.0125192 0.0134797 -0.0162148
163
1
2.86637 9.56266 0.360868
0.0152011 0.0150586 -0.0131645
164
1
2.83538 9.53505 0.391843
0.0189465 0.0172443 -0.0143595
165
1
2.79992 9.50562 0.420753
0.0214481 0.0170159 -0.0138026
166
1
2.76027 9.47521 0.447798
0.0218992 0.0152438 -0.0112448
167
1
2.71881 9.44537 0.473248
0.0214792 0.0149478 -0.0121189
168
1
2.67627 9.41641 0.497031
0.0224164 0.0142657 -0.0136452
169
1
2.6342 9.3871 0.518606
0.0218025 0.0137039 -0.0109502
170
1
2.59383 9.3568 0.538115
0.0190053 0.0141214 -0.00838798
171
1
2.5551 9.32476 0.55673
0.018844 0.0163441 -0.00990996
172
1
2.5168 9.29143 0.574441
0.0200104 0.0184569 -0.0106973
173
1
2.47797 9.25763 0.589354
0.0182195 0.0175176 -0.00594751
174
1
2.43907 9.22292 0.59998
0.0172745 0.0176125 -0.00302452
175
1
2.39984 9.18733 0.606901
0.0185804 0.018924 -0.00303598
176
1
2.36001 9.15245 0.610543
0.0188858 0.0173472 -0.000592656
177
1
2.3192 9.11946 0.611991
0.0192928 0.0159091 0.00155618
178
1
2.27621 9.08835 0.611405
0.0215613 0.016244 0.00179081
179
1
2.2297 9.0597 0.608477
0.0243006 0.0144646 0.00317098
180
1
2.17987 9.03467 0.603967
0.0258479 0.0114949 0.00441532
181
1
2.12674 9.01357 0.598752
0.0272002 0.00962303 0.00367658
182
1
2.07007 8.9963 0.593891
0.028943 0.00780578 0.00258224
183
1
2.01041 8.98299 0.590467
0.0304191 0.00551066 0.00168858
184
1
1.9482 8.97343 0.589653
0.0320862 0.00344832 0.000101623
185
1
1.88379 8.96687 0.592413
0.0325542 0.00189396 -0.00185086
186
1
1.81795 8.96275 0.598872
0.0314598 0.00096882 -0.00404349
187
1
1.74908 8.96006 0.607617
0.0337608 0.000394585 -0.0054423
188
1
1.67572 8.9577 0.616753
0.0385782 0.000425797 -0.00539588
189
1
1.59857 8.95544 0.624954
0.0389172 0.000599795 -0.00436136
190
1
1.51755 8.95259 0.632087
0.0397329 0.000982345 -0.00391017
191
1
1.43299 8.94683 0.637766
0.0436575 0.00426251 -0.00239042
192
1
1.3451 8.93592 0.640616
0.0448364 0.00736914 8.76747e-005
193
1
1.25042 8.91883 0.638739
0.04844 0.00858218 0.00237791
