194
0
1
0.74961 9.72595 0.677995
-0.00140038 0.0353765 0.0251833
1
1
0.743994 9.65999 0.627419
-0.0040894 0.0308504 0.023373
2
1
0.733267 9.58781 0.582827
0.00507432 0.0362088 0.0200052
3
1
0.705177 9.50879 0.547871
0.0175768 0.0444036 0.0153862
4
1
0.652764 9.43573 0.521432
0.0331797 0.0309345 0.00860063
5
1
0.568749 9.37721 0.506202
0.0516358 0.0182349 0.000102385
6
1
0.438172 9.33596 0.514863
0.0736215 0.00478876 -0.0155326
7
1
0.218298 9.31868 0.574093
0.0691232 -0.0018193 -0.0336744
8
1
0.801249 6.67995 0.0567039
0.038482 0.0296359 -0.00926557
9
1
1.16887 13.0354 0.0562019
-0.0594145 -0.0285274 0.0076896
10
1
-1.16887 13.0355 0.0562028
-0.0594145 0.0285274 -0.0076895
11
1
-0.801262 6.67997 0.0564393
0.0384716 -0.0296293 0.00928475
12
1
-0.218298 9.31868 0.574093
0.0691232 0.00181928 0.0336744
13
1
-0.438172 9.33596 0.514863
0.0736215 -0.00478877 0.0155326
14
1
-0.568749 9.37721 0.506202
0.0516359 -0.0182349 -0.000102384
15
1
-0.652764 9.43573 0.521432
0.0331797 -0.0309345 -0.00860063
16
1
-0.705177 9.50879 0.547871
0.0175768 -0.0444036 -0.0153862
17
1
-0.733267 9.58781 0.582827
0.00507431 -0.0362088 -0.0200051
18
1
-0.743994 9.65999 0.627419
-0.00408941 -0.0308504 -0.023373
19
1
-0.74961 9.72595 0.677994
-0.00140039 -0.0353765 -0.0251833
20
1
-0.760021 9.78553 0.729905
0.00642807 -0.0299141 -0.0253655
21
1
-0.779618 9.83699 0.780876
0.0134541 -0.0210872 -0.0233363
22
1
-0.807237 9.88189 0.828913
0.0168398 -0.0210908 -0.0239516
23
1
-0.840576 9.92459 0.874114
0.0179693 -0.0194524 -0.0223031
24
1
-0.876506 9.96443 0.916371
0.0201884 -0.0167555 -0.0215584
25
1
-0.913103 10.0009 0.955189
0.0192263 -0.0162801 -0.0202868
26
1
-0.948583 10.0353 0.990058
0.0156706 -0.0150684 -0.0160083
27
1
-0.982632 10.069 1.01989
0.0153963 -0.0148529 -0.0139777
28
1
-1.01615 10.1039 1.04481
0.0166032 -0.016654 -0.0137138
29
1
-1.04885 10.1421 1.06385
0.0153101 -0.0198548 -0.0104395
30
1
-1.07926 10.1828 1.07677
0.0135893 -0.0214929 -0.00666194
31
1
-1.10792 10.2249 1.0845
0.0130949 -0.0221687 -0.00220278
32
1
-1.1372 10.2668 1.08758
0.0135506 -0.0220795 0.00154547
33
1
-1.16782 10.3073 1.08557
0.0149046 -0.020463 0.00339746
34
1
-1.19943 10.3465 1.07826
0.0169787 -0.0198495 0.00671538
35
1
-1.23078 10.3857 1.06643
0.0160572 -0.019946 0.00912808
36
1
-1.26173 10.4238 1.05169
0.0140047 -0.0181847 0.00793847
37
1
-1.29272 10.4608 1.03489
0.0163987 -0.017203 0.00904544
38
1
-1.32501 10.4969 1.01505
0.0181622 -0.0170103 0.0114271
39
1
-1.35768 10.5314 0.992047
0.0150857 -0.0156341 0.0101025
40
1
-1.38872 10.5645 0.967359
0.0153343 -0.016082 0.0100849
41
1
-1.41902 10.5966 0.941496
0.0175318 -0.0168469 0.013298
42
1
-1.44862 10.6267 0.912823
0.0144595 -0.0146665 0.0149208
43
1
-1.47663 10.655 0.881449
0.0112944 -0.0135211 0.0145294
44
1
-1.50275 10.6826 0.846559
0.0121094 -0.0155194 0.017184
45
1
-1.52765 10.71 0.807028
0.0131549 -0.0167413 0.0232662
46
1
-1.55233 10.735 0.762576
0.0112095 -0.0122045 0.0242621
47
1
-1.57558 10.7551 0.71369
0.0108025 -0.00720654 0.0243434
48
1
-1.59849 10.77 0.659875
0.012408 -0.00459529 0.0312701
49
1
-1.61964 10.7801 0.603118
0.0109643 -0.00353539 0.032322
50
1
-1.6391 10.7868 0.544405
0.00869664 -0.00170987 0.0295584
51
1
-1.65701 10.7909 0.481993
0.00909019 -0.000351652 0.0330038
52
1
-1.67255 10.7941 0.41675
0.00840165 -0.00112549 0.0365896
53
1
-1.68529 10.7972 0.34832
0.00546285 -0.00118357 0.0400947
54
1
-1.69501 10.8001 0.277929
0.00416359 -0.000982208 0.0408187
55
1
-1.70165 10.8027 0.207192
0.0024608 -0.00166826 0.0387026
56
1
-1.70536 10.8048 0.137591
0.00125898 -0.000768346 0.0363601
57
1
-1.70719 10.8058 0.067799
-0.0002694 0.000643112 0.03479
58
1
-1.70786 10.8061 -7.14156e-008
9.37795e-010 1.12986e-009 0.0342903
59
1
-1.70719 10.8058 -0.0677991
0.000269402 -0.00064311 0.03479
60
1
-1.70536 10.8048 -0.137591
-0.00125897 0.000768349 0.0363601
61
1
-1.70165 10.8027 -0.207192
-0.0024608 0.00166827 0.0387026
62
1
-1.69501 10.8001 -0.277929
-0.00416359 0.000982211 0.0408187
63
1
-1.68529 10.7972 -0.348321
-0.00546284 0.00118358 0.0400947
64
1
-1.67255 10.7941 -0.416751
-0.00840165 0.00112549 0.0365896
65
1
-1.65701 10.7909 -0.481994
-0.00909019 0.000351654 0.0330038
66
1
-1.6391 10.7868 -0.544405
-0.00869663 0.00170987 0.0295584
67
1
-1.61964 10.7801 -0.603118
-0.0109643 0.00353539 0.032322
68
1
-1.59849 10.77 -0.659876
-0.012408 0.00459529 0.0312701
69
1
-1.57558 10.7551 -0.71369
-0.0108025 0.00720654 0.0243434
70
1
-1.55233 10.735 -0.762577
-0.0112095 0.0122045 0.0242621
71
1
-1.52765 10.71 -0.807028
-0.0131549 0.0167413 0.0232662
72
1
-1.50275 10.6826 -0.846559
-0.0121094 0.0155194 0.017184
73
1
-1.47663 10.655 -0.881449
-0.0112944 0.0135211 0.0145294
74
1
-1.44862 10.6267 -0.912823
-0.0144595 0.0146665 0.0149208
75
1
-1.41902 10.5966 -0.941496
-0.0175318 0.0168469 0.013298
76
1
-1.38872 10.5645 -0.967359
-0.0153343 0.016082 0.0100849
77
1
-1.35768 10.5314 -0.992047
-0.0150857 0.0156341 0.0101025
78
1
-1.32501 10.4969 -1.01505
-0.0181622 0.0170103 0.0114271
79
1
-1.29272 10.4608 -1.03489
-0.0163987 0.017203 0.00904544
80
1
-1.26173 10.4238 -1.05169
-0.0140047 0.0181847 0.00793847
81
1
-1.23078 10.3857 -1.06643
-0.0160572 0.019946 0.00912808
82
1
-1.19943 10.3465 -1.07827
-0.0169787 0.0198495 0.00671538
83
1
-1.16782 10.3073 -1.08557
-0.0149046 0.020463 0.00339746
84
1
-1.1372 10.2668 -1.08758
-0.0135506 0.0220795 0.00154547
85
1
-1.10792 10.2249 -1.0845
-0.0130949 0.0221687 -0.00220278
86
1
-1.07926 10.1828 -1.07677
-0.0135893 0.0214929 -0.00666194
87
1
-1.04885 10.1421 -1.06385
-0.0153101 0.0198548 -0.0104395
88
1
-1.01615 10.1039 -1.04481
-0.0166032 0.016654 -0.0137138
89
1
-0.982632 10.069 -1.01989
-0.0153963 0.0148529 -0.0139777
90
1
-0.948583 10.0353 -0.990058
-0.0156706 0.0150684 -0.0160083
91
1
-0.913103 10.0009 -0.95519
-0.0192263 0.0162801 -0.0202868
92
1
-0.876506 9.96443 -0.916371
-0.0201884 0.0167555 -0.0215584
93
1
-0.840576 9.92459 -0.874114
-0.0179693 0.0194524 -0.0223031
94
1
-0.807237 9.88189 -0.828914
-0.0168398 0.0210908 -0.0239516
95
1
-0.779618 9.83699 -0.780877
-0.0134541 0.0210872 -0.0233363
96
1
-0.760021 9.78553 -0.729905
-0.00642808 0.0299141 -0.0253655
97
1
-0.74961 9.72595 -0.677995
0.00140038 0.0353765 -0.0251833
98
1
-0.743994 9.65999 -0.627419
0.0040894 0.0308504 -0.023373
99
1
-0.733267 9.58781 -0.582827
-0.00507432 0.0362088 -0.0200052
100
1
-0.705177 9.50879 -0.547871
-0.0175768 0.0444036 -0.0153862
101
1
-0.652764 9.43573 -0.521432
-0.0331797 0.0309345 -0.00860063
102
1
-0.568749 9.37721 -0.506202
-0.0516358 0.0182349 -0.000102385
103
1
-0.438172 9.33596 -0.514863
-0.0736215 0.00478876 0.0155326
104
1
-0.218298 9.31868 -0.574093
-0.0691232 -0.0018193 0.0336744
105
1
-0.80125 6.67995 -0.0566997
-0.0384818 0.0296358 0.00926601
106
1
-1.16887 13.0354 -0.0562019
0.0594145 -0.0285274 -0.0076896
107
1
1.16887 13.0355 -0.0562028
0.0594145 0.0285274 0.0076895
108
1
0.801263 6.67997 -0.056435
-0.0384715 -0.0296292 -0.00928519
109
1
0.218298 9.31868 -0.574093
-0.0691232 0.00181928 -0.0336744
110
1
0.438172 9.33596 -0.514863
-0.0736215 -0.00478877 -0.0155326
111
1
0.568749 9.37721 -0.506202
-0.0516359 -0.0182349 0.000102384
112
1
0.652764 9.43573 -0.521432
-0.0331797 -0.0309345 0.00860063
113
1
0.705177 9.50879 -0.547871
-0.0175768 -0.0444036 0.0153862
114
1
0.733267 9.58781 -0.582827
-0.00507431 -0.0362088 0.0200051
115
1
0.743994 9.65999 -0.627419
0.00408941 -0.0308504 0.023373
116
1
0.74961 9.72595 -0.677994
0.00140039 -0.0353765 0.0251833
117
1
0.760021 9.78553 -0.729905
-0.00642807 -0.0299141 0.0253655
118
1
0.779618 9.83699 -0.780876
-0.0134541 -0.0210872 0.0233363
119
1
0.807237 9.88189 -0.828913
-0.0168398 -0.0210908 0.0239516
120
1
0.840576 9.92459 -0.874114
-0.0179693 -0.0194524 0.0223031
121
1
0.876506 9.96443 -0.916371
-0.0201884 -0.0167555 0.0215584
122
1
0.913103 10.0009 -0.955189
-0.0192263 -0.0162801 0.0202868
123
1
0.948583 10.0353 -0.990058
-0.0156706 -0.0150684 0.0160083
124
1
0.982632 10.069 -1.01989
-0.0153963 -0.0148529 0.0139777
125
1
1.01615 10.1039 -1.04481
-0.0166032 -0.016654 0.0137138
126
1
1.04885 10.1421 -1.06385
-0.0153101 -0.0198548 0.0104395
127
1
1.07926 10.1828 -1.07677
-0.0135893 -0.0214929 0.00666194
128
1
1.10792 10.2249 -1.0845
-0.0130949 -0.0221687 0.00220278
129
1
1.1372 10.2668 -1.08758
-0.0135506 -0.0220795 -0.00154547
130
1
1.16782 10.3073 -1.08557
-0.0149046 -0.020463 -0.00339746
131
1
1.19943 10.3465 -1.07826
-0.0169787 -0.0198495 -0.00671538
132
1
1.23078 10.3857 -1.06643
-0.0160572 -0.019946 -0.00912808
133
1
1.26173 10.4238 -1.05169
-0.0140047 -0.0181847 -0.00793847
134
1
1.29272 10.4608 -1.03489
-0.0163987 -0.017203 -0.00904544
135
1
1.32501 10.4969 -1.01505
-0.0181622 -0.0170103 -0.0114271
136
1
1.35768 10.5314 -0.992047
-0.0150857 -0.0156341 -0.0101025
137
1
1.38872 10.5645 -0.967359
-0.0153343 -0.016082 -0.0100849
138
1
1.41902 10.5966 -0.941496
-0.0175318 -0.0168469 -0.013298
139
1
1.44862 10.6267 -0.912823
-0.0144595 -0.0146665 -0.0149208
140
1
1.47663 10.655 -0.881449
-0.0112944 -0.0135211 -0.0145294
141
1
1.50275 10.6826 -0.846559
-0.0121094 -0.0155194 -0.017184
142
1
1.52765 10.71 -0.807028
-0.0131549 -0.0167413 -0.0232662
143
1
1.55233 10.735 -0.762576
-0.0112095 -0.0122045 -0.0242621
144
1
1.57558 10.7551 -0.71369
-0.0108025 -0.00720654 -0.0243434
145
1
1.59849 10.77 -0.659875
-0.012408 -0.00459529 -0.0312701
146
1
1.61964 10.7801 -0.603118
-0.0109643 -0.00353539 -0.032322
147
1
1.6391 10.7868 -0.544405
-0.00869664 -0.00170987 -0.0295584
148
1
1.65701 10.7909 -0.481993
-0.00909019 -0.000351652 -0.0330038
149
1
1.67255 10.7941 -0.41675
-0.00840165 -0.00112549 -0.0365896
150
1
1.68529 10.7972 -0.34832
-0.00546285 -0.00118357 -0.0400947
151
1
1.69501 10.8001 -0.277929
-0.00416359 -0.000982208 -0.0408187
152
1
1.70165 10.8027 -0.207192
-0.0024608 -0.00166826 -0.0387026
153
1
1.70536 10.8048 -0.137591
-0.00125898 -0.000768346 -0.0363601
154
1
1.70719 10.8058 -0.067799
0.0002694 0.000643112 -0.03479
155
1
1.70786 10.8061 7.67634e-008
-7.60676e-010 1.16726e-009 -0.0342903
156
1
1.70719 10.8058 0.0677991
-0.000269402 -0.00064311 -0.03479
157
1
1.70536 10.8048 0.137591
0.00125897 0.000768349 -0.0363601
158
1
1.70165 10.8027 0.207192
0.0024608 0.00166827 -0.0387026
159
1
1.69501 10.8001 0.277929
0.00416359 0.000982211 -0.0408187
160
1
1.68529 10.7972 0.348321
0.00546284 0.00118358 -0.0400947
161
1
1.67255 10.7941 0.416751
0.00840165 0.00112549 -0.0365896
162
1
1.65701 10.7909 0.481994
0.00909019 0.000351654 -0.0330038
163
1
1.6391 10.7868 0.544405
0.00869663 0.00170987 -0.0295584
164
1
1.61964 10.7801 0.603118
0.0109643 0.00353539 -0.032322
165
1
1.59849 10.77 0.659876
0.012408 0.00459529 -0.0312701
166
1
1.57558 10.7551 0.71369
0.0108025 0.00720654 -0.0243434
167
1
1.55233 10.735 0.762577
0.0112095 0.0122045 -0.0242621
168
1
1.52765 10.71 0.807028
0.0131549 0.0167413 -0.0232662
169
1
1.50275 10.6826 0.846559
0.0121094 0.0155194 -0.017184
170
1
1.47663 10.655 0.881449
0.0112944 0.0135211 -0.0145294
171
1
1.44862 10.6267 0.912823
0.0144595 0.0146665 -0.0149208
172
1
1.41902 10.5966 0.941496
0.0175318 0.0168469 -0.013298
173
1
1.38872 10.5645 0.967359
0.0153343 0.016082 -0.0100849
174
1
1.35768 10.5314 0.992047
0.0150857 0.0156341 -0.0101025
175
1
1.32501 10.4969 1.01505
0.0181622 0.0170103 -0.0114271
176
1
1.29272 10.4608 1.03489
0.0163987 0.017203 -0.00904544
177
1
1.26173 10.4238 1.05169
0.0140047 0.0181847 -0.00793847
178
1
1.23078 10.3857 1.06643
0.0160572 0.019946 -0.00912808
179
1
1.19943 10.3465 1.07827
0.0169787 0.0198495 -0.00671538
180
1
1.16782 10.3073 1.08557
0.0149046 0.020463 -0.00339746
181
1
1.1372 10.2668 1.08758
0.0135506 0.0220795 -0.00154547
182
1
1.10792 10.2249 1.0845
0.0130949 0.0221687 0.00220278
183
1
1.07926 10.1828 1.07677
0.0135893 0.0214929 0.00666194
184
1
1.04885 10.1421 1.06385
0.0153101 0.0198548 0.0104395
185
1
1.01615 10.1039 1.04481
0.0166032 0.016654 0.0137138
186
1
0.982632 10.069 1.01989
0.0153963 0.0148529 0.0139777
187
1
0.948583 10.0353 0.990058
0.0156706 0.0150684 0.0160083
188
1
0.913103 10.0009 0.95519
0.0192263 0.0162801 0.0202868
189
1
0.876506 9.96443 0.916371
0.0201884 0.0167555 0.0215584
190
1
0.840576 9.92459 0.874114
0.0179693 0.0194524 0.0223031
191
1
0.807237 9.88189 0.828914
0.0168398 0.0210908 0.0239516
192
1
0.779618 9.83699 0.780877
0.0134541 0.0210872 0.0233363
193
1
0.760021 9.78553 0.729905
0.00642808 0.0299141 0.0253655
