194
0
1
1.2571 8.4325 0.677904
0.0553113 0.0144156 0.00355824
1
1
1.15028 8.40241 0.664865
0.0542691 0.0149728 0.00938015
2
1
1.03787 8.37063 0.638899
0.0578434 0.0159726 0.0171534
3
1
0.921576 8.33761 0.601221
0.0584326 0.0173158 0.0241802
4
1
0.799355 8.29898 0.551329
0.0602729 0.0206176 0.0286163
5
1
0.67449 8.25314 0.479023
0.0608091 0.0260142 0.0408422
6
1
0.544938 8.19303 0.372398
0.0521208 0.0301346 0.0475032
7
1
0.394182 8.12208 0.200254
0.0420437 0.0157859 0.062951
8
1
0.707143 6.59843 0.0629931
0.0260083 0.037346 -0.0101187
9
1
0.0481075 11.4573 0.529552
0.000760634 -0.0217949 -0.0748081
10
1
-0.0481075 11.4573 0.529552
0.000760635 0.0217949 0.0748081
11
1
-0.707143 6.59844 0.0629894
0.0260081 -0.0373457 0.0101186
12
1
-0.394182 8.12208 0.200254
0.0420437 -0.0157859 -0.062951
13
1
-0.544938 8.19303 0.372398
0.0521208 -0.0301347 -0.0475032
14
1
-0.67449 8.25314 0.479023
0.0608091 -0.0260142 -0.0408422
15
1
-0.799355 8.29898 0.551329
0.0602729 -0.0206176 -0.0286163
16
1
-0.921576 8.33761 0.601221
0.0584326 -0.0173158 -0.0241803
17
1
-1.03787 8.37063 0.638899
0.0578434 -0.0159726 -0.0171534
18
1
-1.15028 8.40241 0.664865
0.0542691 -0.0149728 -0.00938015
19
1
-1.2571 8.4325 0.677904
0.0553113 -0.0144156 -0.00355824
20
1
-1.3568 8.45846 0.679178
0.0475874 -0.0104433 0.00319917
21
1
-1.45003 8.48054 0.672209
0.0442858 -0.00972137 0.00568924
22
1
-1.53671 8.5009 0.660265
0.0428578 -0.0108983 0.00863642
23
1
-1.62007 8.52182 0.6444
0.0387299 -0.0110332 0.0106676
24
1
-1.69999 8.54364 0.625859
0.0383567 -0.010615 0.0108287
25
1
-1.77681 8.56537 0.606241
0.0389186 -0.0101986 0.011037
26
1
-1.85109 8.58624 0.586417
0.0350098 -0.00920953 0.00989231
27
1
-1.92223 8.60516 0.56729
0.0332524 -0.00829475 0.00910654
28
1
-1.99164 8.62148 0.549226
0.0347408 -0.00734058 0.00933059
29
1
-2.0609 8.63554 0.532178
0.034978 -0.00627619 0.00895446
30
1
-2.12943 8.648 0.517104
0.0342525 -0.00550255 0.00715571
31
1
-2.19743 8.65905 0.504869
0.0340235 -0.00501608 0.00571439
32
1
-2.26465 8.6685 0.49576
0.0334539 -0.0039294 0.00424754
33
1
-2.33024 8.67614 0.489697
0.0331914 -0.00277236 0.00229429
34
1
-2.39431 8.6824 0.486481
0.0325544 -0.00245264 0.000473453
35
1
-2.45661 8.68792 0.486112
0.0300591 -0.00215337 -0.00144788
36
1
-2.51628 8.69354 0.488273
0.0282473 -0.00164739 -0.0028535
37
1
-2.57443 8.69964 0.491627
0.0284589 -0.00218785 -0.0026472
38
1
-2.63181 8.70665 0.495753
0.0282064 -0.00312748 -0.00266202
39
1
-2.68773 8.71527 0.500745
0.0267336 -0.00348781 -0.00403787
40
1
-2.74146 8.72551 0.505608
0.0262939 -0.00482827 -0.00400422
41
1
-2.79293 8.73746 0.508997
0.0256992 -0.00679265 -0.0022775
42
1
-2.84225 8.7507 0.510453
0.0237381 -0.00710046 -0.00161362
43
1
-2.88965 8.76489 0.508245
0.0229486 -0.00744397 -0.00069958
44
1
-2.93543 8.78052 0.501026
0.0228499 -0.00942028 0.00336317
45
1
-2.97994 8.79782 0.488701
0.0219087 -0.0109953 0.00721969
46
1
-3.02328 8.81583 0.47144
0.0216578 -0.010644 0.0076927
47
1
-3.06586 8.83293 0.449538
0.0212702 -0.00854942 0.0118191
48
1
-3.10745 8.84685 0.421782
0.0203501 -0.00696687 0.0197118
49
1
-3.14609 8.85781 0.388717
0.0190304 -0.00534296 0.0215045
50
1
-3.18146 8.86576 0.352159
0.0167476 -0.00319316 0.0188218
51
1
-3.21412 8.87088 0.312555
0.0157258 -0.00156878 0.0200961
52
1
-3.2449 8.87333 0.270124
0.0172589 0.000487454 0.0244857
53
1
-3.27351 8.87349 0.225293
0.0177114 0.00147066 0.0260077
54
1
-3.29869 8.87227 0.179809
0.0150439 0.00121437 0.023619
55
1
-3.31848 8.87069 0.134636
0.0109625 0.00119021 0.0224268
56
1
-3.3313 8.86926 0.0897613
0.00609508 0.00139174 0.0226315
57
1
-3.33892 8.86793 0.0448448
0.00160542 0.000714829 0.0225765
58
1
-3.34177 8.867 -3.97494e-009
1.64748e-011 4.83132e-011 0.0225481
59
1
-3.33892 8.86793 -0.0448448
-0.00160542 -0.000714829 0.0225765
60
1
-3.3313 8.86926 -0.0897613
-0.00609508 -0.00139174 0.0226315
61
1
-3.31848 8.87069 -0.134636
-0.0109625 -0.00119021 0.0224268
62
1
-3.29869 8.87227 -0.179809
-0.0150439 -0.00121437 0.023619
63
1
-3.27351 8.87349 -0.225293
-0.0177114 -0.00147066 0.0260077
64
1
-3.2449 8.87333 -0.270124
-0.0172589 -0.000487454 0.0244857
65
1
-3.21412 8.87088 -0.312555
-0.0157258 0.00156878 0.0200961
66
1
-3.18146 8.86576 -0.352159
-0.0167476 0.00319316 0.0188218
67
1
-3.14609 8.85781 -0.388717
-0.0190304 0.00534296 0.0215045
68
1
-3.10745 8.84685 -0.421782
-0.0203501 0.00696687 0.0197118
69
1
-3.06586 8.83293 -0.449538
-0.0212702 0.00854942 0.0118191
70
1
-3.02328 8.81583 -0.47144
-0.0216578 0.010644 0.0076927
71
1
-2.97994 8.79782 -0.488701
-0.0219087 0.0109953 0.00721969
72
1
-2.93543 8.78052 -0.501026
-0.0228499 0.00942028 0.00336317
73
1
-2.88965 8.76489 -0.508245
-0.0229486 0.00744397 -0.00069958
74
1
-2.84225 8.7507 -0.510453
-0.0237381 0.00710046 -0.00161362
75
1
-2.79293 8.73746 -0.508997
-0.0256992 0.00679265 -0.0022775
76
1
-2.74146 8.72551 -0.505608
-0.0262939 0.00482827 -0.00400422
77
1
-2.68773 8.71527 -0.500745
-0.0267336 0.00348781 -0.00403787
78
1
-2.63181 8.70665 -0.495753
-0.0282064 0.00312748 -0.00266202
79
1
-2.57443 8.69964 -0.491627
-0.0284589 0.00218785 -0.0026472
80
1
-2.51628 8.69354 -0.488273
-0.0282473 0.00164739 -0.0028535
81
1
-2.45661 8.68792 -0.486112
-0.0300591 0.00215337 -0.00144788
82
1
-2.39431 8.6824 -0.486481
-0.0325544 0.00245264 0.000473453
83
1
-2.33024 8.67614 -0.489697
-0.0331914 0.00277236 0.00229429
84
1
-2.26465 8.6685 -0.49576
-0.0334539 0.0039294 0.00424754
85
1
-2.19743 8.65905 -0.504869
-0.0340235 0.00501608 0.00571439
86
1
-2.12943 8.648 -0.517104
-0.0342525 0.00550255 0.00715571
87
1
-2.0609 8.63554 -0.532178
-0.034978 0.00627619 0.00895446
88
1
-1.99164 8.62148 -0.549226
-0.0347408 0.00734058 0.00933059
89
1
-1.92223 8.60516 -0.56729
-0.0332524 0.00829475 0.00910654
90
1
-1.85109 8.58624 -0.586417
-0.0350098 0.00920953 0.00989231
91
1
-1.77681 8.56537 -0.606241
-0.0389186 0.0101986 0.011037
92
1
-1.69999 8.54364 -0.625859
-0.0383567 0.010615 0.0108287
93
1
-1.62007 8.52182 -0.6444
-0.0387299 0.0110332 0.0106676
94
1
-1.53671 8.5009 -0.660265
-0.0428578 0.0108983 0.00863642
95
1
-1.45003 8.48054 -0.672209
-0.0442858 0.00972137 0.00568924
96
1
-1.3568 8.45846 -0.679178
-0.0475874 0.0104433 0.00319917
97
1
-1.2571 8.4325 -0.677904
-0.0553113 0.0144156 -0.00355824
98
1
-1.15028 8.40241 -0.664865
-0.0542691 0.0149728 -0.00938015
99
1
-1.03787 8.37063 -0.638899
-0.0578434 0.0159726 -0.0171534
100
1
-0.921576 8.33761 -0.601221
-0.0584326 0.0173158 -0.0241802
101
1
-0.799355 8.29898 -0.551329
-0.0602729 0.0206176 -0.0286163
102
1
-0.67449 8.25314 -0.479023
-0.0608091 0.0260142 -0.0408422
103
1
-0.544938 8.19303 -0.372398
-0.0521208 0.0301347 -0.0475032
104
1
-0.394182 8.12208 -0.200254
-0.0420437 0.0157859 -0.062951
105
1
-0.707143 6.59844 -0.0629927
-0.0260083 0.037346 0.0101187
106
1
-0.0481075 11.4573 -0.529552
-0.000760634 -0.0217949 0.0748081
107
1
0.0481075 11.4573 -0.529552
-0.000760635 0.0217949 -0.0748081
108
1
0.707143 6.59844 -0.062989
-0.0260081 -0.0373457 -0.0101187
109
1
0.394182 8.12208 -0.200254
-0.0420437 -0.0157859 0.062951
110
1
0.544938 8.19303 -0.372398
-0.0521208 -0.0301347 0.0475032
111
1
0.67449 8.25314 -0.479023
-0.0608091 -0.0260142 0.0408422
112
1
0.799355 8.29898 -0.551329
-0.0602729 -0.0206176 0.0286163
113
1
0.921576 8.33761 -0.601221
-0.0584326 -0.0173158 0.0241803
114
1
1.03787 8.37063 -0.638899
-0.0578434 -0.0159726 0.0171534
115
1
1.15028 8.40241 -0.664865
-0.0542691 -0.0149728 0.00938015
116
1
1.2571 8.4325 -0.677904
-0.0553113 -0.0144156 0.00355824
117
1
1.3568 8.45846 -0.679178
-0.0475874 -0.0104433 -0.00319917
118
1
1.45003 8.48054 -0.672209
-0.0442858 -0.00972137 -0.00568924
119
1
1.53671 8.5009 -0.660265
-0.0428578 -0.0108983 -0.00863642
120
1
1.62007 8.52182 -0.6444
-0.0387299 -0.0110332 -0.0106676
121
1
1.69999 8.54364 -0.625859
-0.0383567 -0.010615 -0.0108287
122
1
1.77681 8.56537 -0.606241
-0.0389186 -0.0101986 -0.011037
123
1
1.85109 8.58624 -0.586417
-0.0350098 -0.00920953 -0.00989231
124
1
1.92223 8.60516 -0.56729
-0.0332524 -0.00829475 -0.00910654
125
1
1.99164 8.62148 -0.549226
-0.0347408 -0.00734058 -0.00933059
126
1
2.0609 8.63554 -0.532178
-0.034978 -0.00627619 -0.00895446
127
1
2.12943 8.648 -0.517104
-0.0342525 -0.00550255 -0.00715571
128
1
2.19743 8.65905 -0.504869
-0.0340235 -0.00501608 -0.00571439
129
1
2.26465 8.6685 -0.49576
-0.0334539 -0.0039294 -0.00424754
130
1
2.33024 8.67614 -0.489697
-0.0331914 -0.00277236 -0.00229429
131
1
2.39431 8.6824 -0.486481
-0.0325544 -0.00245264 -0.000473453
132
1
2.45661 8.68792 -0.486112
-0.0300591 -0.00215337 0.00144788
133
1
2.51628 8.69354 -0.488273
-0.0282473 -0.00164739 0.0028535
134
1
2.57443 8.69964 -0.491627
-0.0284589 -0.00218785 0.0026472
135
1
2.63181 8.70665 -0.495753
-0.0282064 -0.00312748 0.00266202
136
1
2.68773 8.71527 -0.500745
-0.0267336 -0.00348781 0.00403787
137
1
2.74146 8.72551 -0.505608
-0.0262939 -0.00482827 0.00400422
138
1
2.79293 8.73746 -0.508997
-0.0256992 -0.00679265 0.0022775
139
1
2.84225 8.7507 -0.510453
-0.0237381 -0.00710046 0.00161362
140
1
2.88965 8.76489 -0.508245
-0.0229486 -0.00744397 0.00069958
141
1
2.93543 8.78052 -0.501026
-0.0228499 -0.00942028 -0.00336317
142
1
2.97994 8.79782 -0.488701
-0.0219087 -0.0109953 -0.00721969
143
1
3.02328 8.81583 -0.47144
-0.0216578 -0.010644 -0.0076927
144
1
3.06586 8.83293 -0.449538
-0.0212702 -0.00854942 -0.0118191
145
1
3.10745 8.84685 -0.421782
-0.0203501 -0.00696687 -0.0197118
146
1
3.14609 8.85781 -0.388717
-0.0190304 -0.00534296 -0.0215045
147
1
3.18146 8.86576 -0.352159
-0.0167476 -0.00319316 -0.0188218
148
1
3.21412 8.87088 -0.312555
-0.0157258 -0.00156878 -0.0200961
149
1
3.2449 8.87333 -0.270124
-0.0172589 0.000487454 -0.0244857
150
1
3.27351 8.87349 -0.225293
-0.0177114 0.00147066 -0.0260077
151
1
3.29869 8.87227 -0.179809
-0.0150439 0.00121437 -0.023619
152
1
3.31848 8.87069 -0.134636
-0.0109625 0.00119021 -0.0224268
153
1
3.3313 8.86926 -0.0897613
-0.00609508 0.00139174 -0.0226315
154
1
3.33892 8.86793 -0.0448448
-0.00160542 0.000714829 -0.0225765
155
1
3.34177 8.867 5.11659e-009
-2.22468e-011 6.38247e-011 -0.0225481
156
1
3.33892 8.86793 0.0448448
0.00160542 -0.000714829 -0.0225765
157
1
3.3313 8.86926 0.0897613
0.00609508 -0.00139174 -0.0226315
158
1
3.31848 8.87069 0.134636
0.0109625 -0.00119021 -0.0224268
159
1
3.29869 8.87227 0.179809
0.0150439 -0.00121437 -0.023619
160
1
3.27351 8.87349 0.225293
0.0177114 -0.00147066 -0.0260077
161
1
3.2449 8.87333 0.270124
0.0172589 -0.000487454 -0.0244857
162
1
3.21412 8.87088 0.312555
0.0157258 0.00156878 -0.0200961
163
1
3.18146 8.86576 0.352159
0.0167476 0.00319316 -0.0188218
164
1
3.14609 8.85781 0.388717
0.0190304 0.00534296 -0.0215045
165
1
3.10745 8.84685 0.421782
0.0203501 0.00696687 -0.0197118
166
1
3.06586 8.83293 0.449538
0.0212702 0.00854942 -0.0118191
167
1
3.02328 8.81583 0.47144
0.0216578 0.010644 -0.0076927
168
1
2.97994 8.79782 0.488701
0.0219087 0.0109953 -0.00721969
169
1
2.93543 8.78052 0.501026
0.0228499 0.00942028 -0.00336317
170
1
2.88965 8.76489 0.508245
0.0229486 0.00744397 0.00069958
171
1
2.84225 8.7507 0.510453
0.0237381 0.00710046 0.00161362
172
1
2.79293 8.73746 0.508997
0.0256992 0.00679265 0.0022775
173
1
2.74146 8.72551 0.505608
0.0262939 0.00482827 0.00400422
174
1
2.68773 8.71527 0.500745
0.0267336 0.00348781 0.00403787
175
1
2.63181 8.70665 0.495753
0.0282064 0.00312748 0.00266202
176
1
2.57443 8.69964 0.491627
0.0284589 0.00218785 0.0026472
177
1
2.51628 8.69354 0.488273
0.0282473 0.00164739 0.0028535
178
1
2.45661 8.68792 0.486112
0.0300591 0.00215337 0.00144788
179
1
2.39431 8.6824 0.486481
0.0325544 0.00245264 -0.000473453
180
1
2.33024 8.67614 0.489697
0.0331914 0.00277236 -0.00229429
181
1
2.26465 8.6685 0.49576
0.0334539 0.0039294 -0.00424754
182
1
2.19743 8.65905 0.504869
0.0340235 0.00501608 -0.00571439
183
1
2.12943 8.648 0.517104
0.0342525 0.00550255 -0.00715571
184
1
2.0609 8.63554 0.532178
0.034978 0.00627619 -0.00895446
185
1
1.99164 8.62148 0.549226
0.0347408 0.00734058 -0.00933059
186
1
1.92223 8.60516 0.56729
0.0332524 0.00829475 -0.00910654
187
1
1.85109 8.58624 0.586417
0.0350098 0.00920953 -0.00989231
188
1
1.77681 8.56537 0.606241
0.0389186 0.0101986 -0.011037
189
1
1.69999 8.54364 0.625859
0.0383567 0.010615 -0.0108287
190
1
1.62007 8.52182 0.6444
0.0387299 0.0110332 -0.0106676
191
1
1.53671 8.5009 0.660265
0.0428578 0.0108983 -0.00863642
192
1
1.45003 8.48054 0.672209
0.0442858 0.00972137 -0.00568924
193
1
1.3568 8.45846 0.679178
0.0475874 0.0104433 -0.00319917
