194
0
1
0.923041 3.80321 0.619942
0.0295512 -0.0328016 -0.0113031
1
1
0.860317 3.86531 0.644188
0.0332666 -0.0307495 -0.0156712
2
1
0.788612 3.92366 0.675288
0.0376115 -0.0280916 -0.0178856
3
1
0.707635 3.97627 0.710427
0.0427028 -0.0246681 -0.0192831
4
1
0.617322 4.02184 0.74662
0.046863 -0.0208473 -0.0182105
5
1
0.51814 4.0596 0.780249
0.0511594 -0.0161227 -0.0160135
6
1
0.411139 4.08967 0.808803
0.0551241 -0.0127165 -0.0128171
7
1
0.297856 4.11266 0.831026
0.0578999 -0.00959141 -0.00933756
8
1
0.180246 4.12811 0.846618
0.0594377 -0.00618911 -0.00614753
9
1
0.0603169 4.13608 0.854712
0.0602712 -0.00222934 -0.00198473
10
1
-0.0603169 4.13608 0.854712
0.0602712 0.00222934 0.00198473
11
1
-0.180246 4.12811 0.846618
0.0594377 0.00618911 0.00614753
12
1
-0.297856 4.11266 0.831026
0.0578999 0.00959141 0.00933756
13
1
-0.411139 4.08967 0.808803
0.0551241 0.0127165 0.0128171
14
1
-0.51814 4.0596 0.780249
0.0511594 0.0161227 0.0160135
15
1
-0.617322 4.02184 0.74662
0.046863 0.0208473 0.0182105
16
1
-0.707635 3.97627 0.710427
0.0427028 0.0246681 0.0192831
17
1
-0.788612 3.92366 0.675288
0.0376115 0.0280916 0.0178856
18
1
-0.860317 3.86531 0.644188
0.0332666 0.0307495 0.0156712
19
1
-0.923041 3.80321 0.619942
0.0295512 0.0328016 0.0113031
20
1
-0.977735 3.74015 0.604007
0.0249003 0.0325016 0.00622869
21
1
-1.0259 3.67781 0.596113
0.0213998 0.031208 0.00215921
22
1
-1.06935 3.61786 0.595624
0.019265 0.0299032 -0.00249872
23
1
-1.11033 3.56057 0.601412
0.017655 0.0277828 -0.00532509
24
1
-1.15046 3.50722 0.612173
0.0182185 0.0255937 -0.00775929
25
1
-1.19123 3.45818 0.626709
0.0197928 0.0231527 -0.00947227
26
1
-1.23339 3.41371 0.643972
0.0202605 0.0204609 -0.00996024
27
1
-1.27751 3.37393 0.662165
0.0217105 0.0181149 -0.00980914
28
1
-1.3237 3.33773 0.680032
0.0242067 0.0163021 -0.00930191
29
1
-1.372 3.30445 0.697092
0.0250864 0.0146621 -0.00853018
30
1
-1.42219 3.27363 0.712322
0.0254232 0.0134393 -0.00752635
31
1
-1.47388 3.24434 0.724852
0.026591 0.0129141 -0.00614634
32
1
-1.5267 3.21617 0.734579
0.0272888 0.0127063 -0.00489098
33
1
-1.58021 3.18921 0.741764
0.0271785 0.0125755 -0.00392169
34
1
-1.63406 3.16347 0.746295
0.0269937 0.0127262 -0.00265567
35
1
-1.68766 3.13844 0.747984
0.0263773 0.0128806 -0.00100695
36
1
-1.74053 3.11376 0.747077
0.0252615 0.0126827 0.000524159
37
1
-1.79298 3.08938 0.743892
0.02498 0.012505 0.00206927
38
1
-1.84579 3.06528 0.738099
0.0259755 0.0125605 0.00368606
39
1
-1.89908 3.04186 0.729724
0.0269202 0.0121925 0.00443853
40
1
-1.95213 3.02001 0.719455
0.0269997 0.0108194 0.00445758
41
1
-2.00447 3.0007 0.707893
0.0265971 0.00878651 0.00526281
42
1
-2.05601 2.98421 0.694305
0.026088 0.00691244 0.00714246
43
1
-2.10711 2.97014 0.678044
0.025721 0.00574781 0.0091935
44
1
-2.15788 2.95782 0.657895
0.0256214 0.00504717 0.0110934
45
1
-2.20828 2.94661 0.633272
0.0257788 0.00425831 0.0132354
46
1
-2.25765 2.93637 0.603979
0.0255156 0.00356052 0.0157992
47
1
-2.3047 2.92658 0.570079
0.0241489 0.00388957 0.0184974
48
1
-2.34812 2.91656 0.531607
0.0218908 0.0051364 0.0211326
49
1
-2.38678 2.90595 0.488634
0.0193427 0.00601983 0.0235527
50
1
-2.42025 2.8951 0.441911
0.0166782 0.00580996 0.0251971
51
1
-2.44859 2.88439 0.392189
0.0140552 0.00490195 0.0264506
52
1
-2.47222 2.87474 0.339683
0.0115804 0.00377052 0.0276387
53
1
-2.49186 2.86738 0.285094
0.0093504 0.00256167 0.028667
54
1
-2.50787 2.8627 0.22913
0.00735435 0.00152103 0.0293444
55
1
-2.52048 2.86039 0.172345
0.00543841 0.000881128 0.0296925
56
1
-2.5294 2.85957 0.115074
0.00344686 0.000566477 0.0296476
57
1
-2.53474 2.85956 0.0575688
0.00158644 0.000271423 0.0292677
58
1
-2.5365 2.8595 -1.59536e-015
-3.89657e-017 -2.84044e-016 0.0290263
59
1
-2.53474 2.85956 -0.0575688
-0.00158644 -0.000271423 0.0292677
60
1
-2.5294 2.85957 -0.115074
-0.00344686 -0.000566477 0.0296476
61
1
-2.52048 2.86039 -0.172345
-0.00543841 -0.000881128 0.0296925
62
1
-2.50787 2.8627 -0.22913
-0.00735435 -0.00152103 0.0293444
63
1
-2.49186 2.86738 -0.285094
-0.0093504 -0.00256167 0.028667
64
1
-2.47222 2.87474 -0.339683
-0.0115804 -0.00377052 0.0276387
65
1
-2.44859 2.88439 -0.392189
-0.0140552 -0.00490195 0.0264506
66
1
-2.42025 2.8951 -0.441911
-0.0166782 -0.00580996 0.0251971
67
1
-2.38678 2.90595 -0.488634
-0.0193427 -0.00601983 0.0235527
68
1
-2.34812 2.91656 -0.531607
-0.0218908 -0.0051364 0.0211326
69
1
-2.3047 2.92658 -0.570079
-0.0241489 -0.00388957 0.0184974
70
1
-2.25765 2.93637 -0.603979
-0.0255156 -0.00356052 0.0157992
71
1
-2.20828 2.94661 -0.633272
-0.0257788 -0.00425831 0.0132354
72
1
-2.15788 2.95782 -0.657895
-0.0256214 -0.00504717 0.0110934
73
1
-2.10711 2.97014 -0.678044
-0.025721 -0.00574781 0.0091935
74
1
-2.05601 2.98421 -0.694305
-0.026088 -0.00691244 0.00714246
75
1
-2.00447 3.0007 -0.707893
-0.0265971 -0.00878651 0.00526281
76
1
-1.95213 3.02001 -0.719455
-0.0269997 -0.0108194 0.00445758
77
1
-1.89908 3.04186 -0.729724
-0.0269202 -0.0121925 0.00443853
78
1
-1.84579 3.06528 -0.738099
-0.0259755 -0.0125605 0.00368606
79
1
-1.79298 3.08938 -0.743892
-0.02498 -0.012505 0.00206927
80
1
-1.74053 3.11376 -0.747077
-0.0252615 -0.0126827 0.000524159
81
1
-1.68766 3.13844 -0.747984
-0.0263773 -0.0128806 -0.00100695
82
1
-1.63406 3.16347 -0.746295
-0.0269937 -0.0127262 -0.00265567
83
1
-1.58021 3.18921 -0.741764
-0.0271785 -0.0125755 -0.00392169
84
1
-1.5267 3.21617 -0.734579
-0.0272888 -0.0127063 -0.00489098
85
1
-1.47388 3.24434 -0.724852
-0.026591 -0.0129141 -0.00614634
86
1
-1.42219 3.27363 -0.712322
-0.0254232 -0.0134393 -0.00752635
87
1
-1.372 3.30445 -0.697092
-0.0250864 -0.0146621 -0.00853018
88
1
-1.3237 3.33773 -0.680032
-0.0242067 -0.0163021 -0.00930191
89
1
-1.27751 3.37393 -0.662165
-0.0217105 -0.0181149 -0.00980914
90
1
-1.23339 3.41371 -0.643972
-0.0202605 -0.0204609 -0.00996024
91
1
-1.19123 3.45818 -0.626709
-0.0197928 -0.0231527 -0.00947227
92
1
-1.15046 3.50722 -0.612173
-0.0182185 -0.0255937 -0.00775929
93
1
-1.11033 3.56057 -0.601412
-0.017655 -0.0277828 -0.00532509
94
1
-1.06935 3.61786 -0.595624
-0.019265 -0.0299032 -0.00249872
95
1
-1.0259 3.67781 -0.596113
-0.0213998 -0.031208 0.00215921
96
1
-0.977735 3.74015 -0.604007
-0.0249003 -0.0325016 0.00622869
97
1
-0.923041 3.80321 -0.619942
-0.0295512 -0.0328016 0.0113031
98
1
-0.860317 3.86531 -0.644188
-0.0332666 -0.0307495 0.0156712
99
1
-0.788612 3.92366 -0.675288
-0.0376115 -0.0280916 0.0178856
100
1
-0.707635 3.97627 -0.710427
-0.0427028 -0.0246681 0.0192831
101
1
-0.617322 4.02184 -0.74662
-0.046863 -0.0208473 0.0182105
102
1
-0.51814 4.0596 -0.780249
-0.0511594 -0.0161227 0.0160135
103
1
-0.411139 4.08967 -0.808803
-0.0551241 -0.0127165 0.0128171
104
1
-0.297856 4.11266 -0.831026
-0.0578999 -0.00959141 0.00933756
105
1
-0.180246 4.12811 -0.846618
-0.0594377 -0.00618911 0.00614753
106
1
-0.0603169 4.13608 -0.854712
-0.0602712 -0.00222934 0.00198473
107
1
0.0603169 4.13608 -0.854712
-0.0602712 0.00222934 -0.00198473
108
1
0.180246 4.12811 -0.846618
-0.0594377 0.00618911 -0.00614753
109
1
0.297856 4.11266 -0.831026
-0.0578999 0.00959141 -0.00933756
110
1
0.411139 4.08967 -0.808803
-0.0551241 0.0127165 -0.0128171
111
1
0.51814 4.0596 -0.780249
-0.0511594 0.0161227 -0.0160135
112
1
0.617322 4.02184 -0.74662
-0.046863 0.0208473 -0.0182105
113
1
0.707635 3.97627 -0.710427
-0.0427028 0.0246681 -0.0192831
114
1
0.788612 3.92366 -0.675288
-0.0376115 0.0280916 -0.0178856
115
1
0.860317 3.86531 -0.644188
-0.0332666 0.0307495 -0.0156712
116
1
0.923041 3.80321 -0.619942
-0.0295512 0.0328016 -0.0113031
117
1
0.977735 3.74015 -0.604007
-0.0249003 0.0325016 -0.00622869
118
1
1.0259 3.67781 -0.596113
-0.0213998 0.031208 -0.00215921
119
1
1.06935 3.61786 -0.595624
-0.019265 0.0299032 0.00249872
120
1
1.11033 3.56057 -0.601412
-0.017655 0.0277828 0.00532509
121
1
1.15046 3.50722 -0.612173
-0.0182185 0.0255937 0.00775929
122
1
1.19123 3.45818 -0.626709
-0.0197928 0.0231527 0.00947227
123
1
1.23339 3.41371 -0.643972
-0.0202605 0.0204609 0.00996024
124
1
1.27751 3.37393 -0.662165
-0.0217105 0.0181149 0.00980914
125
1
1.3237 3.33773 -0.680032
-0.0242067 0.0163021 0.00930191
126
1
1.372 3.30445 -0.697092
-0.0250864 0.0146621 0.00853018
127
1
1.42219 3.27363 -0.712322
-0.0254232 0.0134393 0.00752635
128
1
1.47388 3.24434 -0.724852
-0.026591 0.0129141 0.00614634
129
1
1.5267 3.21617 -0.734579
-0.0272888 0.0127063 0.00489098
130
1
1.58021 3.18921 -0.741764
-0.0271785 0.0125755 0.00392169
131
1
1.63406 3.16347 -0.746295
-0.0269937 0.0127262 0.00265567
132
1
1.68766 3.13844 -0.747984
-0.0263773 0.0128806 0.00100695
133
1
1.74053 3.11376 -0.747077
-0.0252615 0.0126827 -0.000524159
134
1
1.79298 3.08938 -0.743892
-0.02498 0.012505 -0.00206927
135
1
1.84579 3.06528 -0.738099
-0.0259755 0.0125605 -0.00368606
136
1
1.89908 3.04186 -0.729724
-0.0269202 0.0121925 -0.00443853
137
1
1.95213 3.02001 -0.719455
-0.0269997 0.0108194 -0.00445758
138
1
2.00447 3.0007 -0.707893
-0.0265971 0.00878651 -0.00526281
139
1
2.05601 2.98421 -0.694305
-0.026088 0.00691244 -0.00714246
140
1
2.10711 2.97014 -0.678044
-0.025721 0.00574781 -0.0091935
141
1
2.15788 2.95782 -0.657895
-0.0256214 0.00504717 -0.0110934
142
1
2.20828 2.94661 -0.633272
-0.0257788 0.00425831 -0.0132354
143
1
2.25765 2.93637 -0.603979
-0.0255156 0.00356052 -0.0157992
144
1
2.3047 2.92658 -0.570079
-0.0241489 0.00388957 -0.0184974
145
1
2.34812 2.91656 -0.531607
-0.0218908 0.0051364 -0.0211326
146
1
2.38678 2.90595 -0.488634
-0.0193427 0.00601983 -0.0235527
147
1
2.42025 2.8951 -0.441911
-0.0166782 0.00580996 -0.0251971
148
1
2.44859 2.88439 -0.392189
-0.0140552 0.00490195 -0.0264506
149
1
2.47222 2.87474 -0.339683
-0.0115804 0.00377052 -0.0276387
150
1
2.49186 2.86738 -0.285094
-0.0093504 0.00256167 -0.028667
151
1
2.50787 2.8627 -0.22913
-0.00735435 0.00152103 -0.0293444
152
1
2.52048 2.86039 -0.172345
-0.00543841 0.000881128 -0.0296925
153
1
2.5294 2.85957 -0.115074
-0.00344686 0.000566477 -0.0296476
154
1
2.53474 2.85956 -0.0575688
-0.00158644 0.000271423 -0.0292677
155
1
2.5365 2.8595 -4.13898e-015
-1.10179e-016 -2.52006e-016 -0.0290263
156
1
2.53474 2.85956 0.0575688
0.00158644 -0.000271423 -0.0292677
157
1
2.5294 2.85957 0.115074
0.00344686 -0.000566477 -0.0296476
158
1
2.52048 2.86039 0.172345
0.00543841 -0.000881128 -0.0296925
159
1
2.50787 2.8627 0.22913
0.00735435 -0.00152103 -0.0293444
160
1
2.49186 2.86738 0.285094
0.0093504 -0.00256167 -0.028667
161
1
2.47222 2.87474 0.339683
0.0115804 -0.00377052 -0.0276387
162
1
2.44859 2.88439 0.392189
0.0140552 -0.00490195 -0.0264506
163
1
2.42025 2.8951 0.441911
0.0166782 -0.00580996 -0.0251971
164
1
2.38678 2.90595 0.488634
0.0193427 -0.00601983 -0.0235527
165
1
2.34812 2.91656 0.531607
0.0218908 -0.0051364 -0.0211326
166
1
2.3047 2.92658 0.570079
0.0241489 -0.00388957 -0.0184974
167
1
2.25765 2.93637 0.603979
0.0255156 -0.00356052 -0.0157992
168
1
2.20828 2.94661 0.633272
0.0257788 -0.00425831 -0.0132354
169
1
2.15788 2.95782 0.657895
0.0256214 -0.00504717 -0.0110934
170
1
2.10711 2.97014 0.678044
0.025721 -0.00574781 -0.0091935
171
1
2.05601 2.98421 0.694305
0.026088 -0.00691244 -0.00714246
172
1
2.00447 3.0007 0.707893
0.0265971 -0.00878651 -0.00526281
173
1
1.95213 3.02001 0.719455
0.0269997 -0.0108194 -0.00445758
174
1
1.89908 3.04186 0.729724
0.0269202 -0.0121925 -0.00443853
175
1
1.84579 3.06528 0.738099
0.0259755 -0.0125605 -0.00368606
176
1
1.79298 3.08938 0.743892
0.02498 -0.012505 -0.00206927
177
1
1.74053 3.11376 0.747077
0.0252615 -0.0126827 -0.000524159
178
1
1.68766 3.13844 0.747984
0.0263773 -0.0128806 0.00100695
179
1
1.63406 3.16347 0.746295
0.0269937 -0.0127262 0.00265567
180
1
1.58021 3.18921 0.741764
0.0271785 -0.0125755 0.00392169
181
1
1.5267 3.21617 0.734579
0.0272888 -0.0127063 0.00489098
182
1
1.47388 3.24434 0.724852
0.026591 -0.0129141 0.00614634
183
1
1.42219 3.27363 0.712322
0.0254232 -0.0134393 0.00752635
184
1
1.372 3.30445 0.697092
0.0250864 -0.0146621 0.00853018
185
1
1.3237 3.33773 0.680032
0.0242067 -0.0163021 0.00930191
186
1
1.27751 3.37393 0.662165
0.0217105 -0.0181149 0.00980914
187
1
1.23339 3.41371 0.643972
0.0202605 -0.0204609 0.00996024
188
1
1.19123 3.45818 0.626709
0.0197928 -0.0231527 0.00947227
189
1
1.15046 3.50722 0.612173
0.0182185 -0.0255937 0.00775929
190
1
1.11033 3.56057 0.601412
0.017655 -0.0277828 0.00532509
191
1
1.06935 3.61786 0.595624
0.019265 -0.0299032 0.00249872
192
1
1.0259 3.67781 0.596113
0.0213998 -0.031208 -0.00215921
193
1
0.977735 3.74015 0.604007
0.0249003 -0.0325016 -0.00622869
