194
0
1
1.25666 6.31052 1.08327
0.0245607 -0.00175368 0.0391513
1
1
1.20891 6.31494 1.00356
0.022964 -0.00285788 0.0430987
2
1
1.16219 6.31817 0.910815
0.0213259 -0.00265534 0.050125
3
1
1.11595 6.31767 0.807521
0.0226633 -0.000675215 0.0558029
4
1
1.06797 6.308 0.691265
0.0233637 0.00690584 0.0600426
5
1
1.02373 6.28282 0.560836
0.0221323 0.0180433 0.0711495
6
1
0.984172 6.24071 0.405065
0.015301 0.0289391 0.0707125
7
1
0.926416 6.15727 0.205256
0.021888 0.035526 0.0658078
8
1
0.697823 5.98442 0.0913038
0.0270964 0.0219808 -0.012078
9
1
0.0502286 8.02915 0.654957
0.000990556 0.0129833 -0.0768265
10
1
-0.0502286 8.02915 0.654957
0.000990556 -0.0129833 0.0768265
11
1
-0.697823 5.98442 0.0913038
0.0270964 -0.0219808 0.012078
12
1
-0.926416 6.15727 0.205256
0.021888 -0.035526 -0.0658078
13
1
-0.984172 6.24071 0.405065
0.015301 -0.0289391 -0.0707125
14
1
-1.02373 6.28282 0.560836
0.0221323 -0.0180433 -0.0711495
15
1
-1.06797 6.308 0.691265
0.0233637 -0.00690584 -0.0600426
16
1
-1.11595 6.31767 0.807521
0.0226633 0.000675215 -0.0558029
17
1
-1.16219 6.31817 0.910815
0.0213259 0.00265534 -0.050125
18
1
-1.20891 6.31494 1.00356
0.022964 0.00285788 -0.0430987
19
1
-1.25666 6.31052 1.08327
0.0245607 0.00175368 -0.0391513
20
1
-1.30541 6.30473 1.15034
0.0242345 0.00198195 -0.031452
21
1
-1.35525 6.29683 1.20463
0.0240026 0.00286067 -0.0243516
22
1
-1.40516 6.2865 1.24693
0.0250308 0.00501635 -0.0196424
23
1
-1.4562 6.27431 1.28034
0.0246202 0.00632772 -0.0150898
24
1
-1.50717 6.26056 1.30634
0.0247566 0.00778652 -0.0116226
25
1
-1.55707 6.24483 1.32627
0.0245902 0.0102817 -0.00814095
26
1
-1.60591 6.22663 1.34038
0.0228667 0.0110782 -0.0041471
27
1
-1.65341 6.20688 1.34846
0.0225892 0.0108615 -0.00103034
28
1
-1.70041 6.1868 1.35071
0.0233726 0.0107526 0.000753083
29
1
-1.74732 6.16717 1.34788
0.0232431 0.0100959 0.00299152
30
1
-1.79397 6.1491 1.3405
0.0230422 0.00943594 0.00549695
31
1
-1.84019 6.13323 1.32849
0.0228639 0.00833899 0.00735772
32
1
-1.88571 6.11953 1.31249
0.0221534 0.00685728 0.00943633
33
1
-1.9304 6.10803 1.29306
0.0216125 0.00587957 0.0118746
34
1
-1.97405 6.09871 1.2704
0.0211143 0.00440497 0.0133416
35
1
-2.01639 6.0916 1.24466
0.020065 0.00215483 0.0144141
36
1
-2.05752 6.08659 1.21624
0.0191494 0.000705219 0.0153822
37
1
-2.09805 6.08397 1.18494
0.0190306 2.35926e-005 0.0162513
38
1
-2.1384 6.08363 1.15018
0.0195569 -0.00105475 0.0178107
39
1
-2.17878 6.08506 1.11208
0.0201934 -0.00212943 0.0195996
40
1
-2.21911 6.08794 1.07171
0.0208038 -0.0022476 0.0206569
41
1
-2.25919 6.09219 1.02988
0.0209741 -0.00231924 0.0213062
42
1
-2.29861 6.0973 0.986301
0.0202464 -0.00320281 0.0222727
43
1
-2.33676 6.10351 0.940261
0.0194932 -0.00397574 0.0235254
44
1
-2.37373 6.11059 0.891328
0.0191863 -0.00413415 0.0250406
45
1
-2.41008 6.11812 0.839061
0.0185022 -0.00418491 0.0272659
46
1
-2.44524 6.12546 0.783011
0.0173689 -0.00388624 0.029818
47
1
-2.47868 6.13172 0.723622
0.0166252 -0.00294412 0.0317724
48
1
-2.51033 6.13624 0.661559
0.0159001 -0.00187664 0.0333717
49
1
-2.53954 6.13956 0.597414
0.0147768 -0.00142976 0.0346621
50
1
-2.56621 6.1429 0.532242
0.0134256 -0.00189932 0.0347728
51
1
-2.5901 6.14703 0.466595
0.0118866 -0.00272996 0.0344368
52
1
-2.61118 6.15207 0.40052
0.010088 -0.00339454 0.0342075
53
1
-2.62939 6.15738 0.33412
0.00849209 -0.00350018 0.0340612
54
1
-2.64453 6.16255 0.267567
0.00713801 -0.00311313 0.0340716
55
1
-2.65658 6.16753 0.200922
0.00543844 -0.00304111 0.0344034
56
1
-2.66495 6.17235 0.134184
0.00325452 -0.00316318 0.0345933
57
1
-2.66978 6.17638 0.0671756
0.00129511 -0.00234201 0.0342564
58
1
-2.6713 6.17787 -2.50382e-012
-3.89242e-014 9.23863e-015 0.0339396
59
1
-2.66978 6.17638 -0.0671756
-0.00129511 0.00234201 0.0342564
60
1
-2.66495 6.17235 -0.134184
-0.00325452 0.00316318 0.0345933
61
1
-2.65658 6.16753 -0.200922
-0.00543844 0.00304111 0.0344034
62
1
-2.64453 6.16255 -0.267567
-0.00713801 0.00311313 0.0340716
63
1
-2.62939 6.15738 -0.33412
-0.00849209 0.00350018 0.0340612
64
1
-2.61118 6.15207 -0.40052
-0.010088 0.00339454 0.0342075
65
1
-2.5901 6.14703 -0.466595
-0.0118866 0.00272996 0.0344368
66
1
-2.56621 6.1429 -0.532242
-0.0134256 0.00189932 0.0347728
67
1
-2.53954 6.13956 -0.597414
-0.0147768 0.00142976 0.0346621
68
1
-2.51033 6.13624 -0.661559
-0.0159001 0.00187664 0.0333717
69
1
-2.47868 6.13172 -0.723622
-0.0166252 0.00294412 0.0317724
70
1
-2.44524 6.12546 -0.783011
-0.0173689 0.00388624 0.029818
71
1
-2.41008 6.11812 -0.839061
-0.0185022 0.00418491 0.0272659
72
1
-2.37373 6.11059 -0.891328
-0.0191863 0.00413415 0.0250406
73
1
-2.33676 6.10351 -0.940261
-0.0194932 0.00397574 0.0235254
74
1
-2.29861 6.0973 -0.986301
-0.0202464 0.00320281 0.0222727
75
1
-2.25919 6.09219 -1.02988
-0.0209741 0.00231924 0.0213062
76
1
-2.21911 6.08794 -1.07171
-0.0208038 0.0022476 0.0206569
77
1
-2.17878 6.08506 -1.11208
-0.0201934 0.00212943 0.0195996
78
1
-2.1384 6.08363 -1.15018
-0.0195569 0.00105475 0.0178107
79
1
-2.09805 6.08397 -1.18494
-0.0190306 -2.35926e-005 0.0162513
80
1
-2.05752 6.08659 -1.21624
-0.0191494 -0.000705219 0.0153822
81
1
-2.01639 6.0916 -1.24466
-0.020065 -0.00215483 0.0144141
82
1
-1.97405 6.09871 -1.2704
-0.0211143 -0.00440497 0.0133416
83
1
-1.9304 6.10803 -1.29306
-0.0216125 -0.00587957 0.0118746
84
1
-1.88571 6.11953 -1.31249
-0.0221534 -0.00685728 0.00943633
85
1
-1.84019 6.13323 -1.32849
-0.0228639 -0.00833899 0.00735772
86
1
-1.79397 6.1491 -1.3405
-0.0230422 -0.00943594 0.00549695
87
1
-1.74732 6.16717 -1.34788
-0.0232431 -0.0100959 0.00299152
88
1
-1.70041 6.1868 -1.35071
-0.0233726 -0.0107526 0.000753083
89
1
-1.65341 6.20688 -1.34846
-0.0225892 -0.0108615 -0.00103034
90
1
-1.60591 6.22663 -1.34038
-0.0228667 -0.0110782 -0.0041471
91
1
-1.55707 6.24483 -1.32627
-0.0245902 -0.0102817 -0.00814095
92
1
-1.50717 6.26056 -1.30634
-0.0247566 -0.00778652 -0.0116226
93
1
-1.4562 6.27431 -1.28034
-0.0246202 -0.00632772 -0.0150898
94
1
-1.40516 6.2865 -1.24693
-0.0250308 -0.00501635 -0.0196424
95
1
-1.35525 6.29683 -1.20463
-0.0240026 -0.00286067 -0.0243516
96
1
-1.30541 6.30473 -1.15034
-0.0242345 -0.00198195 -0.031452
97
1
-1.25666 6.31052 -1.08327
-0.0245607 -0.00175368 -0.0391513
98
1
-1.20891 6.31494 -1.00356
-0.022964 -0.00285788 -0.0430987
99
1
-1.16219 6.31817 -0.910815
-0.0213259 -0.00265534 -0.050125
100
1
-1.11595 6.31767 -0.807521
-0.0226633 -0.000675215 -0.0558029
101
1
-1.06797 6.308 -0.691265
-0.0233637 0.00690584 -0.0600426
102
1
-1.02373 6.28282 -0.560836
-0.0221323 0.0180433 -0.0711495
103
1
-0.984172 6.24071 -0.405065
-0.015301 0.0289391 -0.0707125
104
1
-0.926416 6.15727 -0.205256
-0.021888 0.035526 -0.0658078
105
1
-0.697823 5.98442 -0.0913038
-0.0270964 0.0219808 0.012078
106
1
-0.0502286 8.02915 -0.654957
-0.000990556 0.0129833 0.0768265
107
1
0.0502286 8.02915 -0.654957
-0.000990556 -0.0129833 -0.0768265
108
1
0.697823 5.98442 -0.0913038
-0.0270964 -0.0219808 -0.012078
109
1
0.926416 6.15727 -0.205256
-0.021888 -0.035526 0.0658078
110
1
0.984172 6.24071 -0.405065
-0.015301 -0.0289391 0.0707125
111
1
1.02373 6.28282 -0.560836
-0.0221323 -0.0180433 0.0711495
112
1
1.06797 6.308 -0.691265
-0.0233637 -0.00690584 0.0600426
113
1
1.11595 6.31767 -0.807521
-0.0226633 0.000675215 0.0558029
114
1
1.16219 6.31817 -0.910815
-0.0213259 0.00265534 0.050125
115
1
1.20891 6.31494 -1.00356
-0.022964 0.00285788 0.0430987
116
1
1.25666 6.31052 -1.08327
-0.0245607 0.00175368 0.0391513
117
1
1.30541 6.30473 -1.15034
-0.0242345 0.00198195 0.031452
118
1
1.35525 6.29683 -1.20463
-0.0240026 0.00286067 0.0243516
119
1
1.40516 6.2865 -1.24693
-0.0250308 0.00501635 0.0196424
120
1
1.4562 6.27431 -1.28034
-0.0246202 0.00632772 0.0150898
121
1
1.50717 6.26056 -1.30634
-0.0247566 0.00778652 0.0116226
122
1
1.55707 6.24483 -1.32627
-0.0245902 0.0102817 0.00814095
123
1
1.60591 6.22663 -1.34038
-0.0228667 0.0110782 0.0041471
124
1
1.65341 6.20688 -1.34846
-0.0225892 0.0108615 0.00103034
125
1
1.70041 6.1868 -1.35071
-0.0233726 0.0107526 -0.000753083
126
1
1.74732 6.16717 -1.34788
-0.0232431 0.0100959 -0.00299152
127
1
1.79397 6.1491 -1.3405
-0.0230422 0.00943594 -0.00549695
128
1
1.84019 6.13323 -1.32849
-0.0228639 0.00833899 -0.00735772
129
1
1.88571 6.11953 -1.31249
-0.0221534 0.00685728 -0.00943633
130
1
1.9304 6.10803 -1.29306
-0.0216125 0.00587957 -0.0118746
131
1
1.97405 6.09871 -1.2704
-0.0211143 0.00440497 -0.0133416
132
1
2.01639 6.0916 -1.24466
-0.020065 0.00215483 -0.0144141
133
1
2.05752 6.08659 -1.21624
-0.0191494 0.000705219 -0.0153822
134
1
2.09805 6.08397 -1.18494
-0.0190306 2.35926e-005 -0.0162513
135
1
2.1384 6.08363 -1.15018
-0.0195569 -0.00105475 -0.0178107
136
1
2.17878 6.08506 -1.11208
-0.0201934 -0.00212943 -0.0195996
137
1
2.21911 6.08794 -1.07171
-0.0208038 -0.0022476 -0.0206569
138
1
2.25919 6.09219 -1.02988
-0.0209741 -0.00231924 -0.0213062
139
1
2.29861 6.0973 -0.986301
-0.0202464 -0.00320281 -0.0222727
140
1
2.33676 6.10351 -0.940261
-0.0194932 -0.00397574 -0.0235254
141
1
2.37373 6.11059 -0.891328
-0.0191863 -0.00413415 -0.0250406
142
1
2.41008 6.11812 -0.839061
-0.0185022 -0.00418491 -0.0272659
143
1
2.44524 6.12546 -0.783011
-0.0173689 -0.00388624 -0.029818
144
1
2.47868 6.13172 -0.723622
-0.0166252 -0.00294412 -0.0317724
145
1
2.51033 6.13624 -0.661559
-0.0159001 -0.00187664 -0.0333717
146
1
2.53954 6.13956 -0.597414
-0.0147768 -0.00142976 -0.0346621
147
1
2.56621 6.1429 -0.532242
-0.0134256 -0.00189932 -0.0347728
148
1
2.5901 6.14703 -0.466595
-0.0118866 -0.00272996 -0.0344368
149
1
2.61118 6.15207 -0.40052
-0.010088 -0.00339454 -0.0342075
150
1
2.62939 6.15738 -0.33412
-0.00849209 -0.00350018 -0.0340612
151
1
2.64453 6.16255 -0.267567
-0.00713801 -0.00311313 -0.0340716
152
1
2.65658 6.16753 -0.200922
-0.00543844 -0.00304111 -0.0344034
153
1
2.66495 6.17235 -0.134184
-0.00325452 -0.00316318 -0.0345933
154
1
2.66978 6.17638 -0.0671756
-0.00129511 -0.00234201 -0.0342564
155
1
2.6713 6.17787 2.75749e-012
4.32772e-014 1.26542e-014 -0.0339396
156
1
2.66978 6.17638 0.0671756
0.00129511 0.00234201 -0.0342564
157
1
2.66495 6.17235 0.134184
0.00325452 0.00316318 -0.0345933
158
1
2.65658 6.16753 0.200922
0.00543844 0.00304111 -0.0344034
159
1
2.64453 6.16255 0.267567
0.00713801 0.00311313 -0.0340716
160
1
2.62939 6.15738 0.33412
0.00849209 0.00350018 -0.0340612
161
1
2.61118 6.15207 0.40052
0.010088 0.00339454 -0.0342075
162
1
2.5901 6.14703 0.466595
0.0118866 0.00272996 -0.0344368
163
1
2.56621 6.1429 0.532242
0.0134256 0.00189932 -0.0347728
164
1
2.53954 6.13956 0.597414
0.0147768 0.00142976 -0.0346621
165
1
2.51033 6.13624 0.661559
0.0159001 0.00187664 -0.0333717
166
1
2.47868 6.13172 0.723622
0.0166252 0.00294412 -0.0317724
167
1
2.44524 6.12546 0.783011
0.0173689 0.00388624 -0.029818
168
1
2.41008 6.11812 0.839061
0.0185022 0.00418491 -0.0272659
169
1
2.37373 6.11059 0.891328
0.0191863 0.00413415 -0.0250406
170
1
2.33676 6.10351 0.940261
0.0194932 0.00397574 -0.0235254
171
1
2.29861 6.0973 0.986301
0.0202464 0.00320281 -0.0222727
172
1
2.25919 6.09219 1.02988
0.0209741 0.00231924 -0.0213062
173
1
2.21911 6.08794 1.07171
0.0208038 0.0022476 -0.0206569
174
1
2.17878 6.08506 1.11208
0.0201934 0.00212943 -0.0195996
175
1
2.1384 6.08363 1.15018
0.0195569 0.00105475 -0.0178107
176
1
2.09805 6.08397 1.18494
0.0190306 -2.35926e-005 -0.0162513
177
1
2.05752 6.08659 1.21624
0.0191494 -0.000705219 -0.0153822
178
1
2.01639 6.0916 1.24466
0.020065 -0.00215483 -0.0144141
179
1
1.97405 6.09871 1.2704
0.0211143 -0.00440497 -0.0133416
180
1
1.9304 6.10803 1.29306
0.0216125 -0.00587957 -0.0118746
181
1
1.88571 6.11953 1.31249
0.0221534 -0.00685728 -0.00943633
182
1
1.84019 6.13323 1.32849
0.0228639 -0.00833899 -0.00735772
183
1
1.79397 6.1491 1.3405
0.0230422 -0.00943594 -0.00549695
184
1
1.74732 6.16717 1.34788
0.0232431 -0.0100959 -0.00299152
185
1
1.70041 6.1868 1.35071
0.0233726 -0.0107526 -0.000753083
186
1
1.65341 6.20688 1.34846
0.0225892 -0.0108615 0.00103034
187
1
1.60591 6.22663 1.34038
0.0228667 -0.0110782 0.0041471
188
1
1.55707 6.24483 1.32627
0.0245902 -0.0102817 0.00814095
189
1
1.50717 6.26056 1.30634
0.0247566 -0.00778652 0.0116226
190
1
1.4562 6.27431 1.28034
0.0246202 -0.00632772 0.0150898
191
1
1.40516 6.2865 1.24693
0.0250308 -0.00501635 0.0196424
192
1
1.35525 6.29683 1.20463
0.0240026 -0.00286067 0.0243516
193
1
1.30541 6.30473 1.15034
0.0242345 -0.00198195 0.031452
