194
0
1
1.4287 7.75549 0.69627
0.0499034 0.0244861 0.00550917
1
1
1.33232 7.7055 0.679571
0.0494286 0.0249288 0.00730376
2
1
1.22989 7.65265 0.654848
0.0535261 0.0267458 0.0137458
3
1
1.12231 7.60345 0.617969
0.0553385 0.0232695 0.0204949
4
1
1.00722 7.55951 0.56467
0.0577219 0.0182002 0.0315574
5
1
0.882668 7.51742 0.492712
0.0615458 0.0179671 0.0442582
6
1
0.74595 7.47674 0.385955
0.0567071 0.0158406 0.0510414
7
1
0.603446 7.42547 0.203132
0.0335599 0.0172668 0.0681722
8
1
0.414679 5.8816 0.0699632
-0.011878 -0.0425526 -0.0113034
9
1
0.0478569 10.3493 0.735011
0.00076843 -0.011579 -0.0770531
10
1
-0.0478569 10.3493 0.735011
0.00076843 0.011579 0.0770531
11
1
-0.414679 5.8816 0.0699637
-0.011878 0.0425524 0.011303
12
1
-0.603446 7.42547 0.203132
0.0335599 -0.0172668 -0.0681722
13
1
-0.74595 7.47674 0.385955
0.0567071 -0.0158406 -0.0510414
14
1
-0.882668 7.51742 0.492712
0.0615458 -0.0179671 -0.0442582
15
1
-1.00722 7.55951 0.56467
0.0577219 -0.0182002 -0.0315574
16
1
-1.12231 7.60345 0.617969
0.0553385 -0.0232695 -0.0204949
17
1
-1.22989 7.65265 0.654848
0.0535261 -0.0267458 -0.0137458
18
1
-1.33232 7.7055 0.679571
0.0494286 -0.0249288 -0.00730376
19
1
-1.4287 7.75549 0.69627
0.0499034 -0.0244861 -0.00550917
20
1
-1.51817 7.79999 0.709603
0.0418878 -0.0219538 -0.00670073
21
1
-1.60167 7.83947 0.721605
0.0390838 -0.018928 -0.00631876
22
1
-1.67961 7.87408 0.731537
0.0387219 -0.0170869 -0.00558213
23
1
-1.75497 7.9058 0.740174
0.0355431 -0.0149082 -0.00536741
24
1
-1.82746 7.93446 0.747684
0.0348568 -0.0136007 -0.0047687
25
1
-1.89701 7.95935 0.753845
0.0346286 -0.0125061 -0.00337164
26
1
-1.96421 7.98028 0.758632
0.0314258 -0.00955216 -0.00273962
27
1
-2.02862 7.99692 0.762211
0.0302441 -0.00706088 -0.00238861
28
1
-2.0912 8.00969 0.764646
0.0312796 -0.00573609 -0.00145249
29
1
-2.15319 8.01892 0.765321
0.0310281 -0.00412216 0.000133505
30
1
-2.21417 8.02441 0.763653
0.0303354 -0.00182001 0.00139874
31
1
-2.27434 8.02615 0.759672
0.0301751 -5.41069e-006 0.00262703
32
1
-2.33355 8.02467 0.753043
0.0295325 0.001253 0.00411627
33
1
-2.39089 8.02049 0.743469
0.0290611 0.00241402 0.00536995
34
1
-2.44621 8.01375 0.731283
0.0282096 0.00353739 0.00640585
35
1
-2.49933 8.00444 0.717109
0.0255915 0.00504336 0.00756293
36
1
-2.54973 7.99273 0.701109
0.0236871 0.00675426 0.00855836
37
1
-2.59818 7.9779 0.682941
0.0237233 0.00804646 0.00955529
38
1
-2.64527 7.95987 0.662443
0.0230979 0.00966263 0.0107291
39
1
-2.69076 7.93929 0.639649
0.0213564 0.0116861 0.0118063
40
1
-2.73415 7.91636 0.61494
0.0208914 0.012979 0.0130031
41
1
-2.77556 7.89143 0.588636
0.0206173 0.0133919 0.0140223
42
1
-2.81549 7.86537 0.561114
0.0192879 0.014009 0.0142803
43
1
-2.85406 7.8382 0.532255
0.0189081 0.0149257 0.0147554
44
1
-2.89175 7.80994 0.501288
0.0192122 0.0150202 0.0161292
45
1
-2.92899 7.78092 0.467495
0.0187591 0.0149078 0.0175653
46
1
-2.966 7.75116 0.4313
0.0191214 0.015818 0.0188345
47
1
-3.00269 7.72122 0.392853
0.0198239 0.0158903 0.0210488
48
1
-3.03853 7.69203 0.352862
0.0193109 0.0151655 0.0229234
49
1
-3.07204 7.66336 0.312906
0.0180231 0.0156618 0.0220657
50
1
-3.10295 7.63528 0.274413
0.0158536 0.0156049 0.0189332
51
1
-3.13144 7.6085 0.237896
0.0143687 0.0144256 0.0167609
52
1
-3.15773 7.58405 0.202619
0.0144204 0.0135862 0.0163633
53
1
-3.18156 7.56267 0.168007
0.013794 0.0129258 0.016165
54
1
-3.20152 7.54487 0.133938
0.0111802 0.0115578 0.0155727
55
1
-3.21684 7.53146 0.100388
0.00796419 0.00884439 0.0154481
56
1
-3.22707 7.52257 0.0671029
0.00512253 0.00548844 0.0158999
57
1
-3.23231 7.51845 0.0334964
0.00223796 0.00225289 0.0161007
58
1
-3.23418 7.5172 -7.8125e-010
-6.00846e-012 2.26346e-012 0.0161544
59
1
-3.23231 7.51845 -0.0334964
-0.00223796 -0.00225289 0.0161007
60
1
-3.22707 7.52257 -0.0671029
-0.00512253 -0.00548844 0.0158999
61
1
-3.21684 7.53146 -0.100388
-0.00796419 -0.00884439 0.0154481
62
1
-3.20152 7.54487 -0.133938
-0.0111802 -0.0115578 0.0155727
63
1
-3.18156 7.56267 -0.168007
-0.013794 -0.0129258 0.016165
64
1
-3.15773 7.58405 -0.202619
-0.0144204 -0.0135862 0.0163633
65
1
-3.13144 7.6085 -0.237896
-0.0143687 -0.0144256 0.0167609
66
1
-3.10295 7.63528 -0.274413
-0.0158536 -0.0156049 0.0189332
67
1
-3.07204 7.66336 -0.312906
-0.0180231 -0.0156618 0.0220657
68
1
-3.03853 7.69203 -0.352862
-0.0193109 -0.0151655 0.0229234
69
1
-3.00269 7.72122 -0.392853
-0.0198239 -0.0158903 0.0210488
70
1
-2.966 7.75116 -0.4313
-0.0191214 -0.015818 0.0188345
71
1
-2.92899 7.78092 -0.467495
-0.0187591 -0.0149078 0.0175653
72
1
-2.89175 7.80994 -0.501288
-0.0192122 -0.0150202 0.0161292
73
1
-2.85406 7.8382 -0.532255
-0.0189081 -0.0149257 0.0147554
74
1
-2.81549 7.86537 -0.561114
-0.0192879 -0.014009 0.0142803
75
1
-2.77556 7.89143 -0.588636
-0.0206173 -0.0133919 0.0140223
76
1
-2.73415 7.91636 -0.61494
-0.0208914 -0.012979 0.0130031
77
1
-2.69076 7.93929 -0.639649
-0.0213564 -0.0116861 0.0118063
78
1
-2.64527 7.95987 -0.662443
-0.0230979 -0.00966263 0.0107291
79
1
-2.59818 7.9779 -0.682941
-0.0237233 -0.00804646 0.00955529
80
1
-2.54973 7.99273 -0.701109
-0.0236871 -0.00675426 0.00855836
81
1
-2.49933 8.00444 -0.717109
-0.0255915 -0.00504336 0.00756293
82
1
-2.44621 8.01375 -0.731283
-0.0282096 -0.00353739 0.00640585
83
1
-2.39089 8.02049 -0.743469
-0.0290611 -0.00241402 0.00536995
84
1
-2.33355 8.02467 -0.753043
-0.0295325 -0.001253 0.00411627
85
1
-2.27434 8.02615 -0.759672
-0.0301751 5.41067e-006 0.00262703
86
1
-2.21417 8.02441 -0.763653
-0.0303354 0.00182001 0.00139874
87
1
-2.15319 8.01892 -0.765321
-0.0310281 0.00412216 0.000133505
88
1
-2.0912 8.00969 -0.764646
-0.0312796 0.00573609 -0.00145249
89
1
-2.02862 7.99692 -0.762211
-0.0302441 0.00706088 -0.00238861
90
1
-1.96421 7.98028 -0.758632
-0.0314258 0.00955216 -0.00273962
91
1
-1.89701 7.95935 -0.753845
-0.0346286 0.0125061 -0.00337164
92
1
-1.82746 7.93446 -0.747684
-0.0348568 0.0136007 -0.0047687
93
1
-1.75497 7.9058 -0.740174
-0.0355431 0.0149082 -0.00536741
94
1
-1.67961 7.87408 -0.731537
-0.0387219 0.0170869 -0.00558213
95
1
-1.60167 7.83947 -0.721605
-0.0390838 0.018928 -0.00631876
96
1
-1.51817 7.79999 -0.709603
-0.0418878 0.0219538 -0.00670073
97
1
-1.4287 7.75549 -0.69627
-0.0499034 0.0244861 -0.00550917
98
1
-1.33232 7.7055 -0.679571
-0.0494286 0.0249288 -0.00730376
99
1
-1.22989 7.65265 -0.654848
-0.0535261 0.0267458 -0.0137458
100
1
-1.12231 7.60345 -0.617969
-0.0553385 0.0232695 -0.0204949
101
1
-1.00722 7.55951 -0.56467
-0.0577219 0.0182002 -0.0315574
102
1
-0.882668 7.51742 -0.492712
-0.0615458 0.0179671 -0.0442582
103
1
-0.74595 7.47674 -0.385955
-0.0567071 0.0158406 -0.0510414
104
1
-0.603446 7.42547 -0.203132
-0.0335599 0.0172668 -0.0681722
105
1
-0.414679 5.8816 -0.0699631
0.011878 -0.0425526 0.0113034
106
1
-0.0478569 10.3493 -0.735011
-0.00076843 -0.011579 0.0770531
107
1
0.0478569 10.3493 -0.735011
-0.00076843 0.011579 -0.0770531
108
1
0.414679 5.8816 -0.0699636
0.011878 0.0425524 -0.011303
109
1
0.603446 7.42547 -0.203132
-0.0335599 -0.0172668 0.0681722
110
1
0.74595 7.47674 -0.385955
-0.0567071 -0.0158406 0.0510414
111
1
0.882668 7.51742 -0.492712
-0.0615458 -0.0179671 0.0442582
112
1
1.00722 7.55951 -0.56467
-0.0577219 -0.0182002 0.0315574
113
1
1.12231 7.60345 -0.617969
-0.0553385 -0.0232695 0.0204949
114
1
1.22989 7.65265 -0.654848
-0.0535261 -0.0267458 0.0137458
115
1
1.33232 7.7055 -0.679571
-0.0494286 -0.0249288 0.00730376
116
1
1.4287 7.75549 -0.69627
-0.0499034 -0.0244861 0.00550917
117
1
1.51817 7.79999 -0.709603
-0.0418878 -0.0219538 0.00670073
118
1
1.60167 7.83947 -0.721605
-0.0390838 -0.018928 0.00631876
119
1
1.67961 7.87408 -0.731537
-0.0387219 -0.0170869 0.00558213
120
1
1.75497 7.9058 -0.740174
-0.0355431 -0.0149082 0.00536741
121
1
1.82746 7.93446 -0.747684
-0.0348568 -0.0136007 0.0047687
122
1
1.89701 7.95935 -0.753845
-0.0346286 -0.0125061 0.00337164
123
1
1.96421 7.98028 -0.758632
-0.0314258 -0.00955216 0.00273962
124
1
2.02862 7.99692 -0.762211
-0.0302441 -0.00706088 0.00238861
125
1
2.0912 8.00969 -0.764646
-0.0312796 -0.00573609 0.00145249
126
1
2.15319 8.01892 -0.765321
-0.0310281 -0.00412216 -0.000133505
127
1
2.21417 8.02441 -0.763653
-0.0303354 -0.00182001 -0.00139874
128
1
2.27434 8.02615 -0.759672
-0.0301751 -5.4107e-006 -0.00262703
129
1
2.33355 8.02467 -0.753043
-0.0295325 0.001253 -0.00411627
130
1
2.39089 8.02049 -0.743469
-0.0290611 0.00241402 -0.00536995
131
1
2.44621 8.01375 -0.731283
-0.0282096 0.00353739 -0.00640585
132
1
2.49933 8.00444 -0.717109
-0.0255915 0.00504336 -0.00756293
133
1
2.54973 7.99273 -0.701109
-0.0236871 0.00675426 -0.00855836
134
1
2.59818 7.9779 -0.682941
-0.0237233 0.00804646 -0.00955529
135
1
2.64527 7.95987 -0.662443
-0.0230979 0.00966263 -0.0107291
136
1
2.69076 7.93929 -0.639649
-0.0213564 0.0116861 -0.0118063
137
1
2.73415 7.91636 -0.61494
-0.0208914 0.012979 -0.0130031
138
1
2.77556 7.89143 -0.588636
-0.0206173 0.0133919 -0.0140223
139
1
2.81549 7.86537 -0.561114
-0.0192879 0.014009 -0.0142803
140
1
2.85406 7.8382 -0.532255
-0.0189081 0.0149257 -0.0147554
141
1
2.89175 7.80994 -0.501288
-0.0192122 0.0150202 -0.0161292
142
1
2.92899 7.78092 -0.467495
-0.0187591 0.0149078 -0.0175653
143
1
2.966 7.75116 -0.4313
-0.0191214 0.015818 -0.0188345
144
1
3.00269 7.72122 -0.392853
-0.0198239 0.0158903 -0.0210488
145
1
3.03853 7.69203 -0.352862
-0.0193109 0.0151655 -0.0229234
146
1
3.07204 7.66336 -0.312906
-0.0180231 0.0156618 -0.0220657
147
1
3.10295 7.63528 -0.274413
-0.0158536 0.0156049 -0.0189332
148
1
3.13144 7.6085 -0.237896
-0.0143687 0.0144256 -0.0167609
149
1
3.15773 7.58405 -0.202619
-0.0144204 0.0135862 -0.0163633
150
1
3.18156 7.56267 -0.168007
-0.013794 0.0129258 -0.016165
151
1
3.20152 7.54487 -0.133938
-0.0111802 0.0115578 -0.0155727
152
1
3.21684 7.53146 -0.100388
-0.00796419 0.00884439 -0.0154481
153
1
3.22707 7.52257 -0.0671029
-0.00512253 0.00548844 -0.0158999
154
1
3.23231 7.51845 -0.0334964
-0.00223796 0.00225289 -0.0161007
155
1
3.23418 7.5172 6.9697e-010
5.51554e-012 1.14128e-012 -0.0161544
156
1
3.23231 7.51845 0.0334964
0.00223796 -0.00225289 -0.0161007
157
1
3.22707 7.52257 0.0671029
0.00512253 -0.00548844 -0.0158999
158
1
3.21684 7.53146 0.100388
0.00796419 -0.00884439 -0.0154481
159
1
3.20152 7.54487 0.133938
0.0111802 -0.0115578 -0.0155727
160
1
3.18156 7.56267 0.168007
0.013794 -0.0129258 -0.016165
161
1
3.15773 7.58405 0.202619
0.0144204 -0.0135862 -0.0163633
162
1
3.13144 7.6085 0.237896
0.0143687 -0.0144256 -0.0167609
163
1
3.10295 7.63528 0.274413
0.0158536 -0.0156049 -0.0189332
164
1
3.07204 7.66336 0.312906
0.0180231 -0.0156618 -0.0220657
165
1
3.03853 7.69203 0.352862
0.0193109 -0.0151655 -0.0229234
166
1
3.00269 7.72122 0.392853
0.0198239 -0.0158903 -0.0210488
167
1
2.966 7.75116 0.4313
0.0191214 -0.015818 -0.0188345
168
1
2.92899 7.78092 0.467495
0.0187591 -0.0149078 -0.0175653
169
1
2.89175 7.80994 0.501288
0.0192122 -0.0150202 -0.0161292
170
1
2.85406 7.8382 0.532255
0.0189081 -0.0149257 -0.0147554
171
1
2.81549 7.86537 0.561114
0.0192879 -0.014009 -0.0142803
172
1
2.77556 7.89143 0.588636
0.0206173 -0.0133919 -0.0140223
173
1
2.73415 7.91636 0.61494
0.0208914 -0.012979 -0.0130031
174
1
2.69076 7.93929 0.639649
0.0213564 -0.0116861 -0.0118063
175
1
2.64527 7.95987 0.662443
0.0230979 -0.00966263 -0.0107291
176
1
2.59818 7.9779 0.682941
0.0237233 -0.00804646 -0.00955529
177
1
2.54973 7.99273 0.701109
0.0236871 -0.00675426 -0.00855836
178
1
2.49933 8.00444 0.717109
0.0255915 -0.00504336 -0.00756293
179
1
2.44621 8.01375 0.731283
0.0282096 -0.00353739 -0.00640585
180
1
2.39089 8.02049 0.743469
0.0290611 -0.00241402 -0.00536995
181
1
2.33355 8.02467 0.753043
0.0295325 -0.001253 -0.00411627
182
1
2.27434 8.02615 0.759672
0.0301751 5.41066e-006 -0.00262703
183
1
2.21417 8.02441 0.763653
0.0303354 0.00182001 -0.00139874
184
1
2.15319 8.01892 0.765321
0.0310281 0.00412216 -0.000133505
185
1
2.0912 8.00969 0.764646
0.0312796 0.00573609 0.00145249
186
1
2.02862 7.99692 0.762211
0.0302441 0.00706088 0.00238861
187
1
1.96421 7.98028 0.758632
0.0314258 0.00955216 0.00273962
188
1
1.89701 7.95935 0.753845
0.0346286 0.0125061 0.00337164
189
1
1.82746 7.93446 0.747684
0.0348568 0.0136007 0.0047687
190
1
1.75497 7.9058 0.740174
0.0355431 0.0149082 0.00536741
191
1
1.67961 7.87408 0.731537
0.0387219 0.0170869 0.00558213
192
1
1.60167 7.83947 0.721605
0.0390838 0.018928 0.00631876
193
1
1.51817 7.79999 0.709603
0.0418878 0.0219538 0.00670073
