194
0
1
0.866364 12.1223 2.55791
0.0289655 0.00840182 -0.025779
1
1
0.814084 12.091 2.61463
0.0198248 0.0156982 -0.0217045
2
1
0.743301 12.0367 2.69334
0.0445797 0.0422376 -0.0472448
3
1
0.674077 11.98 2.77836
0.0354874 0.0287889 -0.0444734
4
1
0.611448 11.9333 2.86862
0.0282271 0.0163159 -0.052504
5
1
0.553191 11.9074 2.94879
0.0169293 0.00809287 -0.0167804
6
1
0.432864 11.881 3.04891
0.0653949 0.00480953 -0.0399679
7
1
0.202791 11.865 3.16144
0.0741937 0.00316297 -0.0236038
8
1
0.261771 6.09532 0.0564038
-0.0302623 -0.0398853 -0.0101662
9
1
1.16106 12.245 0.0132381
0.0236069 0.0559466 0.0488318
10
1
-1.05071 12.306 0.0538225
0.000124945 -0.035671 0.0426339
11
1
-0.262944 6.09629 0.0541338
-0.0306696 0.0387614 0.00806417
12
1
-0.204094 11.8649 3.16121
0.0741889 -0.00312418 0.0236241
13
1
-0.434036 11.8808 3.04849
0.0653992 -0.00474858 0.0400153
14
1
-0.55431 11.907 2.94829
0.0169198 -0.0080549 0.0167864
15
1
-0.612514 11.9328 2.86809
0.0282048 -0.0162131 0.052531
16
1
-0.675115 11.9794 2.77782
0.0354609 -0.0286988 0.0444758
17
1
-0.744309 12.0359 2.69285
0.0445854 -0.0421218 0.0471995
18
1
-0.815111 12.0901 2.6143
0.0198499 -0.0156522 0.021636
19
1
-0.867416 12.1214 2.55784
0.029011 -0.00840673 0.0256145
20
1
-0.917462 12.1476 2.49766
0.029715 -0.0101367 0.0301305
21
1
-0.956334 12.1756 2.43379
0.0205756 -0.0113178 0.0272033
22
1
-0.978209 12.2112 2.36842
-0.00392124 -0.0272256 0.0422895
23
1
-0.986827 12.2522 2.30446
-0.000945159 -0.0164075 0.0312348
24
1
-0.987947 12.2912 2.2535
0.00497844 -0.00673599 0.0149481
25
1
-0.979356 12.3286 2.21599
-0.0012495 -0.0178626 0.0141073
26
1
-0.964424 12.3704 2.18159
-0.0168111 -0.0317362 0.01404
27
1
-0.94492 12.4105 2.14731
-0.0143879 -0.0220539 0.0155667
28
1
-0.921434 12.4468 2.11162
-0.0129072 -0.0160935 0.0189866
29
1
-0.893044 12.4783 2.07534
-0.0147621 -0.0177306 0.0231676
30
1
-0.862715 12.5023 2.04066
-0.0118418 -0.0116285 0.01593
31
1
-0.831996 12.5192 2.01232
-0.011534 -0.00618136 0.00943109
32
1
-0.800145 12.5301 1.98803
-0.0136377 -0.00284747 0.00555083
33
1
-0.767159 12.5363 1.96801
-0.0141862 0.00119242 0.00877872
34
1
-0.73277 12.54 1.94848
-0.017349 0.00438282 0.00839833
35
1
-0.693514 12.5431 1.92774
-0.0207897 0.00441689 0.00635041
36
1
-0.651808 12.5479 1.90466
-0.0215997 0.000253301 0.0137764
37
1
-0.608735 12.5569 1.87994
-0.0246409 -0.00634948 0.0174861
38
1
-0.565869 12.5722 1.8553
-0.0236792 -0.0132861 0.0100973
39
1
-0.526739 12.5928 1.83222
-0.0164392 -0.0121024 0.00450232
40
1
-0.49315 12.6139 1.80879
-0.0148347 -0.0112721 0.0058952
41
1
-0.466067 12.6344 1.78254
-0.015383 -0.0113917 0.008799
42
1
-0.443416 12.6564 1.75261
-0.0110221 -0.0115411 0.0123836
43
1
-0.426981 12.6781 1.71347
-0.00668792 -0.0131689 0.0203018
44
1
-0.411014 12.6944 1.66183
-0.00314227 -0.0119785 0.0378962
45
1
-0.3965 12.7115 1.59421
-0.00110402 0.00150452 0.0706877
46
1
-0.380665 12.7261 1.52107
-0.0252372 -0.00563587 0.057311
47
1
-0.363678 12.7476 1.45541
-0.016362 -0.0313643 0.0299762
48
1
-0.356564 12.7798 1.38996
0.0140751 -0.00609757 0.0470177
49
1
-0.357934 12.7981 1.33183
-0.0173689 -0.00463948 0.0205866
50
1
-0.362284 12.8222 1.26985
0.0118887 -0.046188 0.0590798
51
1
-0.378287 12.8687 1.17699
0.0393219 0.00814256 0.0667783
52
1
-0.385772 12.8978 1.10801
-0.0363568 -0.00995435 -0.0389175
53
1
-0.424735 12.9513 1.0326
0.061165 -0.0192175 0.0442874
54
1
-0.461947 12.9768 1.00844
0.00777776 -0.00845595 0.0195258
55
1
-0.52301 13.0493 0.999304
0.00391027 -0.000307343 -0.0113137
56
1
0.225812 14.2776 1.2985
0.0471491 -0.0469762 -0.0405222
57
1
-0.142942 13.8189 0.00462147
-0.0236811 0.0255653 -0.0195885
58
1
-0.0195062 15.6269 0.0640243
0.0745738 0.0210539 0.00820561
59
1
-0.129004 13.8178 -0.0524234
0.0239822 -0.0268825 -0.00789042
60
1
-0.106214 14.3177 -1.22273
0.0658346 -0.0294255 -0.0295262
61
1
-0.421781 13.0631 -0.957704
-0.00770518 0.00233915 -0.00979582
62
1
-0.351828 12.9968 -0.991922
-0.00599761 0.00739866 0.029524
63
1
-0.318496 12.9733 -1.03843
-0.0528012 0.0166064 0.0548462
64
1
-0.291113 12.9286 -1.13443
0.0365796 0.00697962 -0.0392898
65
1
-0.294857 12.9153 -1.20445
-0.0370417 -0.0118367 0.0675252
66
1
-0.293707 12.875 -1.28253
-0.000998043 0.0375925 0.0372873
67
1
-0.296649 12.8546 -1.33888
0.020325 0.000643789 0.0241433
68
1
-0.299931 12.8356 -1.39734
-0.0108767 0.00946005 0.0388896
69
1
-0.31915 12.8012 -1.45527
0.0271587 0.0315367 0.0271742
70
1
-0.345786 12.7793 -1.52007
0.032566 0.00493148 0.0653631
71
1
-0.371456 12.762 -1.59591
0.00901556 0.00376421 0.0701266
72
1
-0.395117 12.7409 -1.66302
0.00931889 0.0153942 0.0357391
73
1
-0.415518 12.7203 -1.71481
0.00990439 0.0148279 0.0193707
74
1
-0.43629 12.6942 -1.75339
0.01209 0.0126241 0.0123354
75
1
-0.462093 12.6687 -1.78246
0.0152661 0.012417 0.00896764
76
1
-0.491158 12.6453 -1.80794
0.014198 0.0122117 0.00622463
77
1
-0.525559 12.6213 -1.83074
0.0157991 0.0133019 0.00486376
78
1
-0.565064 12.5976 -1.85285
0.0228304 0.015289 0.00971314
79
1
-0.607846 12.5788 -1.87677
0.0239552 0.00857582 0.016104
80
1
-0.651156 12.5669 -1.90082
0.0219853 0.00138558 0.0131682
81
1
-0.693454 12.5596 -1.92346
0.0221014 -0.00338404 0.00707792
82
1
-0.73359 12.5544 -1.94392
0.0179866 -0.00331051 0.00832361
83
1
-0.768855 12.549 -1.96331
0.0145652 -0.000241245 0.0083668
84
1
-0.802565 12.5411 -1.98325
0.0141932 0.00355329 0.00536449
85
1
-0.834889 12.5286 -2.00741
0.0117128 0.00673105 0.00923005
86
1
-0.865684 12.5101 -2.03578
0.011693 0.0122077 0.0159553
87
1
-0.895649 12.4845 -2.0707
0.0142245 0.0183463 0.0234598
88
1
-0.923371 12.4517 -2.10724
0.0123031 0.0165727 0.0192772
89
1
-0.946152 12.4142 -2.14334
0.0139191 0.0226526 0.0159767
90
1
-0.965041 12.3729 -2.17818
0.0163754 0.032293 0.0146348
91
1
-0.979383 12.3304 -2.21313
0.00109159 0.0182237 0.0144574
92
1
-0.987469 12.2925 -2.25125
-0.00502654 0.0069317 0.0150967
93
1
-0.986028 12.2532 -2.30278
0.000802407 0.0164324 0.0315183
94
1
-0.977231 12.2121 -2.36729
0.00392172 0.0271334 0.0426116
95
1
-0.955358 12.1765 -2.43313
-0.020438 0.0113531 0.0274125
96
1
-0.916449 12.1484 -2.49741
-0.0296416 0.0101361 0.0303756
97
1
-0.866363 12.1223 -2.5579
-0.0289654 0.00840183 0.0257792
98
1
-0.814083 12.091 -2.61462
-0.0198247 0.0156982 0.0217046
99
1
-0.7433 12.0367 -2.69334
-0.0445796 0.0422376 0.0472449
100
1
-0.674077 11.98 -2.77836
-0.0354873 0.0287889 0.0444735
101
1
-0.611448 11.9333 -2.86862
-0.028227 0.0163159 0.052504
102
1
-0.553191 11.9074 -2.94879
-0.0169293 0.00809287 0.0167804
103
1
-0.432864 11.881 -3.0489
-0.0653949 0.00480954 0.039968
104
1
-0.202791 11.865 -3.16144
-0.0741937 0.00316297 0.0236038
105
1
-0.261791 6.09531 -0.0563383
0.0302643 -0.0398763 0.0101581
106
1
-1.16094 12.245 -0.0132708
-0.0235812 0.0559536 -0.0488361
107
1
1.05076 12.3059 -0.0537641
-0.000147284 -0.0356554 -0.042646
108
1
0.262966 6.09628 -0.0540679
0.0306709 0.0387532 -0.00805602
109
1
0.204093 11.8649 -3.16121
-0.0741889 -0.00312419 -0.0236241
110
1
0.434036 11.8808 -3.04849
-0.0653992 -0.0047486 -0.0400153
111
1
0.55431 11.907 -2.94829
-0.0169198 -0.00805491 -0.0167864
112
1
0.612514 11.9328 -2.86809
-0.0282047 -0.0162131 -0.052531
113
1
0.675115 11.9794 -2.77782
-0.0354609 -0.0286988 -0.0444759
114
1
0.744308 12.0359 -2.69285
-0.0445852 -0.0421218 -0.0471995
115
1
0.81511 12.0901 -2.61429
-0.0198499 -0.0156522 -0.021636
116
1
0.867415 12.1214 -2.55783
-0.0290109 -0.00840675 -0.0256146
117
1
0.917461 12.1476 -2.49766
-0.0297149 -0.0101367 -0.0301307
118
1
0.956333 12.1756 -2.43379
-0.0205754 -0.0113178 -0.0272034
119
1
0.978207 12.2112 -2.36842
0.00392143 -0.0272256 -0.0422897
120
1
0.986825 12.2522 -2.30446
0.000945294 -0.0164075 -0.0312349
121
1
0.987944 12.2912 -2.2535
-0.00497837 -0.00673603 -0.0149482
122
1
0.979354 12.3286 -2.21599
0.00124958 -0.0178626 -0.0141074
123
1
0.964421 12.3704 -2.18158
0.0168111 -0.0317361 -0.0140401
124
1
0.944917 12.4105 -2.1473
0.0143879 -0.0220538 -0.0155669
125
1
0.921432 12.4468 -2.11161
0.0129073 -0.0160934 -0.0189868
126
1
0.893042 12.4783 -2.07534
0.0147622 -0.0177305 -0.0231679
127
1
0.862712 12.5023 -2.04066
0.0118419 -0.0116285 -0.0159302
128
1
0.831993 12.5192 -2.01232
0.011534 -0.00618133 -0.00943119
129
1
0.800142 12.5301 -1.98802
0.0136377 -0.00284746 -0.00555093
130
1
0.767156 12.5363 -1.968
0.0141862 0.00119244 -0.00877884
131
1
0.732767 12.54 -1.94847
0.0173489 0.00438283 -0.00839841
132
1
0.693511 12.5431 -1.92773
0.0207895 0.00441685 -0.00635034
133
1
0.651806 12.5479 -1.90465
0.0215995 0.000253272 -0.0137764
134
1
0.608733 12.5569 -1.87994
0.0246408 -0.00634958 -0.0174863
135
1
0.565867 12.5722 -1.8553
0.023679 -0.0132863 -0.0100975
136
1
0.526738 12.5928 -1.83221
0.0164391 -0.0121026 -0.00450248
137
1
0.493149 12.6139 -1.80879
0.0148345 -0.0112723 -0.00589533
138
1
0.466066 12.6344 -1.78253
0.0153827 -0.0113919 -0.00879909
139
1
0.443415 12.6564 -1.7526
0.0110219 -0.0115412 -0.0123837
140
1
0.42698 12.6781 -1.71346
0.00668788 -0.013169 -0.0203017
141
1
0.411013 12.6944 -1.66182
0.0031426 -0.0119786 -0.0378958
142
1
0.396499 12.7115 -1.5942
0.0011047 0.00150437 -0.070687
143
1
0.380664 12.7261 -1.52106
0.0252371 -0.00563577 -0.0573116
144
1
0.363677 12.7476 -1.45541
0.0163618 -0.031364 -0.0299759
145
1
0.356562 12.7798 -1.38995
-0.0140757 -0.00609675 -0.0470171
146
1
0.357932 12.7981 -1.33182
0.0173693 -0.0046393 -0.0205872
147
1
0.362283 12.8222 -1.26984
-0.011888 -0.0461863 -0.0590756
148
1
0.378284 12.8687 -1.17699
-0.0393236 0.00814535 -0.0667769
149
1
0.385768 12.8978 -1.10801
0.0363583 -0.00995555 0.0389204
150
1
0.424728 12.9513 -1.03259
-0.0611646 -0.0192155 -0.044289
151
1
0.46194 12.9768 -1.00842
-0.0077774 -0.00845679 -0.0195286
152
1
0.523008 13.0493 -0.999286
-0.00391178 -0.000305927 0.0113156
153
1
-0.225798 14.2776 -1.29852
-0.0471436 -0.0469705 0.0405353
154
1
0.142942 13.8189 -0.00461812
0.0236821 0.025566 0.0195886
155
1
0.0195085 15.6269 -0.0640058
-0.0745737 0.0210543 -0.00820514
156
1
0.129007 13.8178 0.0524275
-0.023982 -0.0268815 0.00789026
157
1
0.106251 14.3177 1.22269
-0.0658426 -0.0294198 0.029514
158
1
0.421766 13.0631 0.957717
0.00770424 0.00234058 0.00979403
159
1
0.351815 12.9969 0.991939
0.00599753 0.00739817 -0.0295224
160
1
0.318485 12.9733 1.03844
0.0528005 0.0166073 -0.0548467
161
1
0.2911 12.9287 1.13444
-0.0365783 0.00697844 0.0392873
162
1
0.294845 12.9153 1.20446
0.0370406 -0.0118346 -0.0675262
163
1
0.293695 12.875 1.28254
0.000997111 0.0375926 -0.0372885
164
1
0.296637 12.8546 1.33889
-0.0203255 0.00064421 -0.0241435
165
1
0.299921 12.8356 1.39735
0.010876 0.00946037 -0.0388903
166
1
0.319141 12.8012 1.45529
-0.0271587 0.0315363 -0.0271741
167
1
0.345778 12.7793 1.52008
-0.0325669 0.00493106 -0.0653617
168
1
0.371449 12.762 1.59592
-0.00901738 0.00376367 -0.0701264
169
1
0.395112 12.7409 1.66303
-0.00932024 0.0153939 -0.0357389
170
1
0.415515 12.7203 1.71482
-0.00990524 0.0148277 -0.0193704
171
1
0.436288 12.6942 1.7534
-0.0120906 0.0126241 -0.0123351
172
1
0.462093 12.6687 1.78247
-0.0152665 0.012417 -0.00896737
173
1
0.491158 12.6453 1.80795
-0.0141982 0.0122116 -0.00622435
174
1
0.52556 12.6213 1.83075
-0.0157992 0.0133019 -0.00486346
175
1
0.565065 12.5976 1.85286
-0.0228306 0.0152891 -0.00971269
176
1
0.607848 12.5788 1.87677
-0.0239553 0.00857606 -0.0161035
177
1
0.651159 12.5669 1.90082
-0.0219855 0.00138581 -0.013168
178
1
0.693457 12.5596 1.92347
-0.0221018 -0.00338389 -0.00707804
179
1
0.733593 12.5544 1.94393
-0.0179867 -0.00331031 -0.00832348
180
1
0.768859 12.549 1.96331
-0.0145652 -0.000241068 -0.00836661
181
1
0.802568 12.5411 1.98326
-0.0141933 0.00355343 -0.00536434
182
1
0.834893 12.5286 2.00741
-0.0117128 0.00673119 -0.00922989
183
1
0.865688 12.5101 2.03579
-0.0116929 0.0122079 -0.0159551
184
1
0.895652 12.4845 2.07071
-0.0142243 0.0183466 -0.0234596
185
1
0.923374 12.4517 2.10724
-0.0123029 0.0165729 -0.019277
186
1
0.946155 12.4142 2.14334
-0.013919 0.0226528 -0.0159766
187
1
0.965044 12.3729 2.17818
-0.0163753 0.0322932 -0.0146347
188
1
0.979386 12.3304 2.21314
-0.00109149 0.0182237 -0.0144573
189
1
0.987471 12.2925 2.25125
0.00502662 0.00693168 -0.0150966
190
1
0.98603 12.2532 2.30278
-0.000802246 0.0164325 -0.0315182
191
1
0.977233 12.2121 2.36729
-0.0039215 0.0271335 -0.0426115
192
1
0.95536 12.1765 2.43313
0.0204382 0.011353 -0.0274124
193
1
0.91645 12.1484 2.49741
0.0296418 0.0101361 -0.0303755
