194
0
1
1.45578 7.0636 0.901295
0.0348614 0.0126605 0.0338269
1
1
1.38841 7.03482 0.831918
0.0345901 0.0164172 0.0349793
2
1
1.31707 6.9946 0.757998
0.0383175 0.0241896 0.0361937
3
1
1.24353 6.94399 0.680984
0.03533 0.0304686 0.0393541
4
1
1.16987 6.88267 0.593684
0.0341601 0.0351913 0.0439527
5
1
1.09168 6.81321 0.493356
0.0425196 0.0376579 0.0531261
6
1
0.989789 6.73842 0.373193
0.0483812 0.0258224 0.0553562
7
1
0.85319 6.66958 0.192663
0.0448725 0.0176262 0.0612179
8
1
0.464277 6.42605 0.0779901
0.0103456 0.0432894 -0.0127411
9
1
0.0484014 9.09568 0.780529
0.000856885 0.000696435 -0.0779143
10
1
-0.0484014 9.09568 0.780529
0.000856885 -0.000696435 0.0779143
11
1
-0.464277 6.42605 0.0779901
0.0103456 -0.0432894 0.0127411
12
1
-0.85319 6.66958 0.192663
0.0448725 -0.0176262 -0.0612179
13
1
-0.989789 6.73842 0.373193
0.0483812 -0.0258224 -0.0553562
14
1
-1.09168 6.81321 0.493356
0.0425196 -0.0376579 -0.0531261
15
1
-1.16987 6.88267 0.593684
0.0341601 -0.0351913 -0.0439527
16
1
-1.24353 6.94399 0.680984
0.03533 -0.0304686 -0.0393541
17
1
-1.31707 6.9946 0.757998
0.0383175 -0.0241896 -0.0361937
18
1
-1.38841 7.03482 0.831918
0.0345901 -0.0164172 -0.0349793
19
1
-1.45578 7.0636 0.901295
0.0348614 -0.0126605 -0.0338269
20
1
-1.52107 7.0832 0.962931
0.0325084 -0.00813642 -0.0290925
21
1
-1.58483 7.09674 1.01571
0.0297622 -0.00628114 -0.0249002
22
1
-1.64533 7.10662 1.05999
0.0288245 -0.00471621 -0.0225097
23
1
-1.70518 7.11335 1.09784
0.0283056 -0.00261818 -0.0180078
24
1
-1.76493 7.11678 1.12895
0.0298581 -0.00118925 -0.0140005
25
1
-1.82423 7.1176 1.15333
0.0301193 -0.000404519 -0.0113773
26
1
-1.88267 7.11634 1.17173
0.0275617 0.000494167 -0.00819337
27
1
-1.93915 7.11336 1.18454
0.0268073 0.00164493 -0.00530786
28
1
-1.9942 7.10864 1.19269
0.0275574 0.00310739 -0.00371833
29
1
-2.04844 7.10191 1.1973
0.0269362 0.00457729 -0.00199346
30
1
-2.10154 7.09327 1.1987
0.0261317 0.00593904 -7.16937e-005
31
1
-2.15346 7.08257 1.19652
0.0258111 0.00653206 0.00177323
32
1
-2.20394 7.07001 1.19077
0.0249807 0.00672572 0.00389328
33
1
-2.25246 7.05609 1.18165
0.0242519 0.00761824 0.00576527
34
1
-2.29886 7.04109 1.16913
0.023323 0.00826012 0.0070561
35
1
-2.34258 7.02489 1.15332
0.0210435 0.00811878 0.00850505
36
1
-2.38324 7.00772 1.13483
0.0191329 0.00859793 0.00966831
37
1
-2.42125 6.98948 1.11338
0.018539 0.00970523 0.010531
38
1
-2.45668 6.96949 1.08875
0.0172514 0.0105765 0.0122557
39
1
-2.48911 6.94767 1.0611
0.0148833 0.011176 0.014635
40
1
-2.51807 6.92527 1.03021
0.0134534 0.0117284 0.0164002
41
1
-2.54342 6.90363 0.995818
0.0119691 0.0116308 0.0178115
42
1
-2.56551 6.88272 0.958305
0.00932854 0.0109544 0.0198317
43
1
-2.58476 6.863 0.917497
0.00774232 0.0103124 0.0218942
44
1
-2.60196 6.84515 0.873106
0.00754758 0.00898125 0.0235958
45
1
-2.61751 6.83015 0.824578
0.00660302 0.00669436 0.0259248
46
1
-2.63027 6.81849 0.771579
0.00481398 0.00444764 0.0285706
47
1
-2.63989 6.8105 0.714722
0.00318556 0.00234374 0.0304285
48
1
-2.647 6.80588 0.654861
0.00183799 0.000507583 0.0320179
49
1
-2.65189 6.80391 0.592657
0.00105563 -0.000409255 0.0335679
50
1
-2.65585 6.80338 0.528935
0.00136363 -0.000621032 0.0340293
51
1
-2.65966 6.80309 0.464255
0.00233124 -0.00022027 0.0339982
52
1
-2.6638 6.80263 0.398732
0.00286726 0.000377228 0.0340216
53
1
-2.66811 6.80206 0.332639
0.00267984 0.000344699 0.0339531
54
1
-2.67221 6.80174 0.266341
0.00250017 4.68375e-005 0.0339255
55
1
-2.67636 6.80135 0.199964
0.00269472 0.000373454 0.0342653
56
1
-2.68014 6.80029 0.133541
0.00254557 0.00121022 0.034513
57
1
-2.68297 6.79903 0.0668469
0.00139317 0.00110522 0.0341705
58
1
-2.68406 6.79831 8.07045e-011
4.87327e-013 6.92956e-013 0.0338606
59
1
-2.68297 6.79903 -0.0668469
-0.00139317 -0.00110522 0.0341705
60
1
-2.68014 6.80029 -0.133541
-0.00254557 -0.00121022 0.034513
61
1
-2.67636 6.80135 -0.199964
-0.00269472 -0.000373454 0.0342653
62
1
-2.67221 6.80174 -0.266341
-0.00250017 -4.68375e-005 0.0339255
63
1
-2.66811 6.80206 -0.332639
-0.00267984 -0.000344699 0.0339531
64
1
-2.6638 6.80263 -0.398732
-0.00286726 -0.000377228 0.0340216
65
1
-2.65966 6.80309 -0.464255
-0.00233124 0.00022027 0.0339982
66
1
-2.65585 6.80338 -0.528935
-0.00136363 0.000621032 0.0340293
67
1
-2.65189 6.80391 -0.592657
-0.00105563 0.000409255 0.0335679
68
1
-2.647 6.80588 -0.654861
-0.00183799 -0.000507583 0.0320179
69
1
-2.63989 6.8105 -0.714722
-0.00318556 -0.00234374 0.0304285
70
1
-2.63027 6.81849 -0.771579
-0.00481398 -0.00444764 0.0285706
71
1
-2.61751 6.83015 -0.824578
-0.00660302 -0.00669436 0.0259248
72
1
-2.60196 6.84515 -0.873106
-0.00754758 -0.00898125 0.0235958
73
1
-2.58476 6.863 -0.917497
-0.00774232 -0.0103124 0.0218942
74
1
-2.56551 6.88272 -0.958305
-0.00932854 -0.0109544 0.0198317
75
1
-2.54342 6.90363 -0.995818
-0.0119691 -0.0116308 0.0178115
76
1
-2.51807 6.92527 -1.03021
-0.0134534 -0.0117284 0.0164002
77
1
-2.48911 6.94767 -1.0611
-0.0148833 -0.011176 0.014635
78
1
-2.45668 6.96949 -1.08875
-0.0172514 -0.0105765 0.0122557
79
1
-2.42125 6.98948 -1.11338
-0.018539 -0.00970523 0.010531
80
1
-2.38324 7.00772 -1.13483
-0.0191329 -0.00859793 0.00966831
81
1
-2.34258 7.02489 -1.15332
-0.0210435 -0.00811878 0.00850505
82
1
-2.29886 7.04109 -1.16913
-0.023323 -0.00826012 0.0070561
83
1
-2.25246 7.05609 -1.18165
-0.0242519 -0.00761824 0.00576527
84
1
-2.20394 7.07001 -1.19077
-0.0249807 -0.00672572 0.00389328
85
1
-2.15346 7.08257 -1.19652
-0.0258111 -0.00653206 0.00177323
86
1
-2.10154 7.09327 -1.1987
-0.0261317 -0.00593904 -7.16937e-005
87
1
-2.04844 7.10191 -1.1973
-0.0269362 -0.00457729 -0.00199346
88
1
-1.9942 7.10864 -1.19269
-0.0275574 -0.00310739 -0.00371833
89
1
-1.93915 7.11336 -1.18454
-0.0268073 -0.00164493 -0.00530786
90
1
-1.88267 7.11634 -1.17173
-0.0275617 -0.000494167 -0.00819337
91
1
-1.82423 7.1176 -1.15333
-0.0301193 0.000404519 -0.0113773
92
1
-1.76493 7.11678 -1.12895
-0.0298581 0.00118925 -0.0140005
93
1
-1.70518 7.11335 -1.09784
-0.0283056 0.00261818 -0.0180078
94
1
-1.64533 7.10662 -1.05999
-0.0288245 0.00471621 -0.0225097
95
1
-1.58483 7.09674 -1.01571
-0.0297622 0.00628114 -0.0249002
96
1
-1.52107 7.0832 -0.962931
-0.0325084 0.00813642 -0.0290925
97
1
-1.45578 7.0636 -0.901295
-0.0348614 0.0126605 -0.0338269
98
1
-1.38841 7.03482 -0.831918
-0.0345901 0.0164172 -0.0349793
99
1
-1.31707 6.9946 -0.757998
-0.0383175 0.0241896 -0.0361937
100
1
-1.24353 6.94399 -0.680984
-0.03533 0.0304686 -0.0393541
101
1
-1.16987 6.88267 -0.593684
-0.0341601 0.0351913 -0.0439527
102
1
-1.09168 6.81321 -0.493356
-0.0425196 0.0376579 -0.0531261
103
1
-0.989789 6.73842 -0.373193
-0.0483812 0.0258224 -0.0553562
104
1
-0.85319 6.66958 -0.192663
-0.0448725 0.0176262 -0.0612179
105
1
-0.464277 6.42605 -0.0779901
-0.0103456 0.0432894 0.0127411
106
1
-0.0484014 9.09568 -0.780529
-0.000856885 0.000696435 0.0779143
107
1
0.0484014 9.09568 -0.780529
-0.000856885 -0.000696435 -0.0779143
108
1
0.464277 6.42605 -0.0779901
-0.0103456 -0.0432894 -0.0127411
109
1
0.85319 6.66958 -0.192663
-0.0448725 -0.0176262 0.0612179
110
1
0.989789 6.73842 -0.373193
-0.0483812 -0.0258224 0.0553562
111
1
1.09168 6.81321 -0.493356
-0.0425196 -0.0376579 0.0531261
112
1
1.16987 6.88267 -0.593684
-0.0341601 -0.0351913 0.0439526
113
1
1.24353 6.94399 -0.680984
-0.03533 -0.0304686 0.0393541
114
1
1.31707 6.9946 -0.757998
-0.0383175 -0.0241896 0.0361937
115
1
1.38841 7.03482 -0.831918
-0.0345901 -0.0164172 0.0349793
116
1
1.45578 7.0636 -0.901295
-0.0348614 -0.0126605 0.0338269
117
1
1.52107 7.0832 -0.962931
-0.0325084 -0.00813642 0.0290925
118
1
1.58483 7.09674 -1.01571
-0.0297622 -0.00628114 0.0249002
119
1
1.64533 7.10662 -1.05999
-0.0288245 -0.00471621 0.0225097
120
1
1.70518 7.11335 -1.09784
-0.0283056 -0.00261818 0.0180078
121
1
1.76493 7.11678 -1.12895
-0.0298581 -0.00118925 0.0140005
122
1
1.82423 7.1176 -1.15333
-0.0301193 -0.000404519 0.0113773
123
1
1.88267 7.11634 -1.17173
-0.0275617 0.000494167 0.00819337
124
1
1.93915 7.11336 -1.18454
-0.0268073 0.00164493 0.00530786
125
1
1.9942 7.10864 -1.19269
-0.0275574 0.00310739 0.00371833
126
1
2.04844 7.10191 -1.1973
-0.0269362 0.00457729 0.00199346
127
1
2.10154 7.09327 -1.1987
-0.0261317 0.00593904 7.16937e-005
128
1
2.15346 7.08257 -1.19652
-0.0258111 0.00653206 -0.00177323
129
1
2.20394 7.07001 -1.19077
-0.0249807 0.00672572 -0.00389328
130
1
2.25246 7.05609 -1.18165
-0.0242519 0.00761824 -0.00576527
131
1
2.29886 7.04109 -1.16913
-0.023323 0.00826012 -0.0070561
132
1
2.34258 7.02489 -1.15332
-0.0210435 0.00811878 -0.00850505
133
1
2.38324 7.00772 -1.13483
-0.0191329 0.00859793 -0.00966831
134
1
2.42125 6.98948 -1.11338
-0.018539 0.00970523 -0.010531
135
1
2.45668 6.96949 -1.08875
-0.0172514 0.0105765 -0.0122557
136
1
2.48911 6.94767 -1.0611
-0.0148833 0.011176 -0.014635
137
1
2.51807 6.92527 -1.03021
-0.0134534 0.0117284 -0.0164002
138
1
2.54342 6.90363 -0.995818
-0.0119691 0.0116308 -0.0178115
139
1
2.56551 6.88272 -0.958305
-0.00932854 0.0109544 -0.0198317
140
1
2.58476 6.863 -0.917497
-0.00774232 0.0103124 -0.0218942
141
1
2.60196 6.84515 -0.873106
-0.00754758 0.00898125 -0.0235958
142
1
2.61751 6.83015 -0.824578
-0.00660302 0.00669436 -0.0259248
143
1
2.63027 6.81849 -0.771579
-0.00481398 0.00444764 -0.0285706
144
1
2.63989 6.8105 -0.714722
-0.00318556 0.00234374 -0.0304285
145
1
2.647 6.80588 -0.654861
-0.00183799 0.000507583 -0.0320179
146
1
2.65189 6.80391 -0.592657
-0.00105563 -0.000409255 -0.0335679
147
1
2.65585 6.80338 -0.528935
-0.00136363 -0.000621032 -0.0340293
148
1
2.65966 6.80309 -0.464255
-0.00233124 -0.00022027 -0.0339982
149
1
2.6638 6.80263 -0.398732
-0.00286726 0.000377228 -0.0340216
150
1
2.66811 6.80206 -0.332639
-0.00267984 0.000344699 -0.0339531
151
1
2.67221 6.80174 -0.266341
-0.00250017 4.68375e-005 -0.0339255
152
1
2.67636 6.80135 -0.199964
-0.00269472 0.000373454 -0.0342653
153
1
2.68014 6.80029 -0.133541
-0.00254557 0.00121022 -0.034513
154
1
2.68297 6.79903 -0.0668469
-0.00139317 0.00110522 -0.0341705
155
1
2.68406 6.79831 -8.39876e-011
-3.20705e-013 8.89086e-013 -0.0338606
156
1
2.68297 6.79903 0.0668469
0.00139317 -0.00110522 -0.0341705
157
1
2.68014 6.80029 0.133541
0.00254557 -0.00121022 -0.034513
158
1
2.67636 6.80135 0.199964
0.00269472 -0.000373454 -0.0342653
159
1
2.67221 6.80174 0.266341
0.00250017 -4.68375e-005 -0.0339255
160
1
2.66811 6.80206 0.332639
0.00267984 -0.000344699 -0.0339531
161
1
2.6638 6.80263 0.398732
0.00286726 -0.000377228 -0.0340216
162
1
2.65966 6.80309 0.464255
0.00233124 0.00022027 -0.0339982
163
1
2.65585 6.80338 0.528935
0.00136363 0.000621032 -0.0340293
164
1
2.65189 6.80391 0.592657
0.00105563 0.000409255 -0.0335679
165
1
2.647 6.80588 0.654861
0.00183799 -0.000507583 -0.0320179
166
1
2.63989 6.8105 0.714722
0.00318556 -0.00234374 -0.0304285
167
1
2.63027 6.81849 0.771579
0.00481398 -0.00444764 -0.0285706
168
1
2.61751 6.83015 0.824578
0.00660302 -0.00669436 -0.0259248
169
1
2.60196 6.84515 0.873106
0.00754758 -0.00898125 -0.0235958
170
1
2.58476 6.863 0.917497
0.00774232 -0.0103124 -0.0218942
171
1
2.56551 6.88272 0.958305
0.00932854 -0.0109544 -0.0198317
172
1
2.54342 6.90363 0.995818
0.0119691 -0.0116308 -0.0178115
173
1
2.51807 6.92527 1.03021
0.0134534 -0.0117284 -0.0164002
174
1
2.48911 6.94767 1.0611
0.0148833 -0.011176 -0.014635
175
1
2.45668 6.96949 1.08875
0.0172514 -0.0105765 -0.0122557
176
1
2.42125 6.98948 1.11338
0.018539 -0.00970523 -0.010531
177
1
2.38324 7.00772 1.13483
0.0191329 -0.00859793 -0.00966831
178
1
2.34258 7.02489 1.15332
0.0210435 -0.00811878 -0.00850505
179
1
2.29886 7.04109 1.16913
0.023323 -0.00826012 -0.0070561
180
1
2.25246 7.05609 1.18165
0.0242519 -0.00761824 -0.00576527
181
1
2.20394 7.07001 1.19077
0.0249807 -0.00672572 -0.00389328
182
1
2.15346 7.08257 1.19652
0.0258111 -0.00653206 -0.00177323
183
1
2.10154 7.09327 1.1987
0.0261317 -0.00593904 7.16937e-005
184
1
2.04844 7.10191 1.1973
0.0269362 -0.00457729 0.00199346
185
1
1.9942 7.10864 1.19269
0.0275574 -0.00310739 0.00371833
186
1
1.93915 7.11336 1.18454
0.0268073 -0.00164493 0.00530786
187
1
1.88267 7.11634 1.17173
0.0275617 -0.000494167 0.00819337
188
1
1.82423 7.1176 1.15333
0.0301193 0.000404519 0.0113773
189
1
1.76493 7.11678 1.12895
0.0298581 0.00118925 0.0140005
190
1
1.70518 7.11335 1.09784
0.0283056 0.00261818 0.0180078
191
1
1.64533 7.10662 1.05999
0.0288245 0.00471621 0.0225097
192
1
1.58483 7.09674 1.01571
0.0297622 0.00628114 0.0249002
193
1
1.52107 7.0832 0.962931
0.0325084 0.00813642 0.0290925
