194
0
1
0.695953 11.4819 2.23801
0.0179066 0.0212866 -0.0359951
1
1
0.67216 11.443 2.31375
0.00778869 0.0141067 -0.0278907
2
1
0.643523 11.3974 2.40916
0.0138604 0.035152 -0.0645955
3
1
0.601654 11.3633 2.50596
0.0298844 0.00519448 -0.0414619
4
1
0.545144 11.3536 2.59075
0.0357065 -0.00649133 -0.034531
5
1
0.481217 11.3505 2.65804
0.0198488 -0.00393779 -0.0174441
6
1
0.368859 11.327 2.75995
0.0578972 0.0268545 -0.0447057
7
1
0.171021 11.2701 2.89444
0.0646336 0.0115988 -0.0419501
8
1
0.272553 6.80253 0.056752
-0.0292679 0.0404542 -0.00926805
9
1
1.82982 13.2228 0.0539974
-0.0614927 -0.00923418 0.00588092
10
1
-1.83041 13.2395 0.0967146
-0.0632369 0.00744888 -0.00917428
11
1
-0.273534 6.80298 0.0537842
-0.0292237 -0.040111 0.00896461
12
1
-0.170844 11.2701 2.89446
0.0646353 -0.0116033 0.0419463
13
1
-0.368676 11.327 2.75999
0.0578972 -0.0268605 0.0447021
14
1
-0.481033 11.3505 2.6581
0.0198481 0.00393583 0.01744
15
1
-0.544955 11.3536 2.59083
0.0357062 0.00648956 0.0345226
16
1
-0.601454 11.3633 2.50605
0.0298807 -0.00519543 0.041452
17
1
-0.643309 11.3974 2.40928
0.0138509 -0.0351589 0.064587
18
1
-0.67193 11.4431 2.31388
0.00778191 -0.0141097 0.0278837
19
1
-0.695708 11.4819 2.23816
0.0178996 -0.021288 0.0359834
20
1
-0.717992 11.5259 2.15991
0.0112545 -0.0303966 0.0405507
21
1
-0.726613 11.5684 2.0806
-0.00431215 -0.00978798 0.0385126
22
1
-0.721748 11.6048 2.00246
-0.0030048 -0.0132106 0.0480535
23
1
-0.708966 11.646 1.93267
-0.0101988 -0.0249164 0.0292957
24
1
-0.692493 11.6916 1.87972
-0.00983696 -0.0194249 0.0133057
25
1
-0.676231 11.7393 1.83993
-0.0129018 -0.023405 0.0148554
26
1
-0.661172 11.7871 1.80339
-0.0119113 -0.0260181 0.0174558
27
1
-0.650362 11.8341 1.76827
-0.00309819 -0.0217722 0.0153542
28
1
-0.647263 11.8824 1.73537
0.00157855 -0.0218795 0.0129179
29
1
-0.652867 11.9334 1.70341
0.00844883 -0.0273294 0.0140865
30
1
-0.663029 11.9825 1.6709
0.0085878 -0.0215264 0.0136227
31
1
-0.674412 12.0303 1.63795
0.00623635 -0.0198825 0.0155232
32
1
-0.684802 12.0776 1.60149
0.00482715 -0.0252143 0.0213768
33
1
-0.692906 12.1229 1.56393
0.00335789 -0.0235545 0.0239338
34
1
-0.699136 12.1662 1.52661
0.004208 -0.0208818 0.0208034
35
1
-0.704449 12.2107 1.4911
0.00655584 -0.0233384 0.0180136
36
1
-0.707641 12.2549 1.45904
0.00477524 -0.0222467 0.0158276
37
1
-0.707916 12.2982 1.43195
0.000534021 -0.021078 0.0131909
38
1
-0.705573 12.341 1.4083
-0.00154975 -0.0217901 0.00892963
39
1
-0.700313 12.3817 1.38786
-0.000606708 -0.0180277 0.00655516
40
1
-0.691617 12.4182 1.37005
-0.00239414 -0.0156324 0.00592033
41
1
-0.679076 12.4513 1.35447
-0.00684037 -0.0155043 0.00474979
42
1
-0.66189 12.4827 1.34032
-0.00853023 -0.0147569 0.00493477
43
1
-0.63957 12.5123 1.32611
-0.0116606 -0.0145218 0.00628262
44
1
-0.611346 12.5394 1.31015
-0.020617 -0.014113 0.00796213
45
1
-0.574637 12.5647 1.29358
-0.0239016 -0.00989778 0.00893825
46
1
-0.532544 12.5888 1.27386
-0.0211317 -0.00595162 0.00827391
47
1
-0.48879 12.6129 1.25106
-0.0243479 -0.00570911 0.00680687
48
1
-0.446742 12.6418 1.2215
-0.0240721 -0.0132659 0.0120743
49
1
-0.412346 12.6762 1.1804
-0.0212236 -0.0338014 0.0313581
50
1
-0.374822 12.7079 1.12505
-0.0160556 -0.0394061 0.0652781
51
1
-0.338573 12.7391 1.06318
-0.0291037 0.000587643 0.0441564
52
1
-0.294443 12.7833 1.02551
-0.0263452 -0.0169681 -0.00208361
53
1
-0.224657 12.8272 0.968797
-0.00797574 -0.0611862 0.0435993
54
1
-0.196557 12.9122 0.931928
-0.0530707 -0.0183676 0.0172878
55
1
-0.189177 12.9985 0.886674
0.0287089 -0.0134262 -0.00240827
56
1
-0.0641528 13.3467 1.20476
0.000828149 -0.00519433 0.0321714
57
1
-0.0259264 13.6022 0.157082
0.00506093 0.0291672 0.0524193
58
1
-0.0683247 14.2038 0.000622804
0.000820901 0.000163073 0.0778059
59
1
-0.0257483 13.6022 -0.15718
-0.00524544 -0.02921 0.0524213
60
1
-0.0727323 13.3456 -1.2072
-0.00530398 0.00326568 0.0331063
61
1
-0.187953 13.0107 -0.884029
-0.025847 0.0117259 -0.00184297
62
1
-0.190243 12.9223 -0.931458
0.0495131 0.0202831 0.0170403
63
1
-0.220443 12.8353 -0.964084
0.00920884 0.0618107 0.042619
64
1
-0.292506 12.7904 -1.0196
0.0273109 0.0153125 -0.0021045
65
1
-0.337682 12.7466 -1.05734
0.0301749 0.00137011 0.0462737
66
1
-0.375072 12.715 -1.12062
0.0167431 0.040992 0.0641184
67
1
-0.412963 12.6818 -1.17611
0.0215544 0.0343681 0.030999
68
1
-0.447652 12.6461 -1.21706
0.0240702 0.0137446 0.0123138
69
1
-0.48984 12.6164 -1.24645
0.0241703 0.00617792 0.00701919
70
1
-0.533512 12.5918 -1.26925
0.0209497 0.00635623 0.00840469
71
1
-0.575377 12.5671 -1.28912
0.0237337 0.0102569 0.00906219
72
1
-0.612036 12.5413 -1.30614
0.0205672 0.0143358 0.0081522
73
1
-0.640244 12.5139 -1.3224
0.0116819 0.0146522 0.00646817
74
1
-0.662527 12.484 -1.33691
0.00854998 0.0148407 0.00511165
75
1
-0.679654 12.4523 -1.35134
0.00685431 0.0155606 0.00492691
76
1
-0.692138 12.419 -1.36718
0.00243059 0.0156861 0.00608028
77
1
-0.70082 12.3824 -1.38528
0.000640445 0.0180683 0.00671922
78
1
-0.706077 12.3415 -1.40603
0.00157027 0.0218193 0.00912196
79
1
-0.708441 12.2987 -1.43001
-0.000510505 0.0211256 0.0133633
80
1
-0.708169 12.2553 -1.45741
-0.00474792 0.022299 0.0159693
81
1
-0.704971 12.211 -1.48973
-0.00653037 0.0233831 0.018136
82
1
-0.699654 12.1664 -1.52547
-0.00419677 0.0209187 0.0209082
83
1
-0.693424 12.1231 -1.56298
-0.0033571 0.0235847 0.0240302
84
1
-0.685316 12.0777 -1.60069
-0.00482992 0.0252347 0.0214528
85
1
-0.674915 12.0304 -1.63728
-0.00624069 0.0198971 0.015573
86
1
-0.663515 11.9826 -1.67032
-0.00859337 0.0215398 0.0136669
87
1
-0.653332 11.9335 -1.70291
-0.00845816 0.0273417 0.0141308
88
1
-0.647704 11.8824 -1.73494
-0.00159122 0.0218874 0.012946
89
1
-0.650778 11.8341 -1.76789
0.00308314 0.0217791 0.0153764
90
1
-0.661563 11.7871 -1.80306
0.0118929 0.0260236 0.0174749
91
1
-0.676598 11.7392 -1.83963
0.0128882 0.0234102 0.0148703
92
1
-0.69284 11.6915 -1.87946
0.00982834 0.0194294 0.0133176
93
1
-0.70929 11.646 -1.93243
0.0101879 0.0249197 0.0293105
94
1
-0.722046 11.6048 -2.00224
0.00299681 0.0132101 0.0480603
95
1
-0.72689 11.5683 -2.08041
0.00430674 0.00978564 0.0385184
96
1
-0.718253 11.5258 -2.15973
-0.0112618 0.0303936 0.0405638
97
1
-0.695953 11.4819 -2.23801
-0.0179066 0.0212866 0.0359951
98
1
-0.67216 11.443 -2.31375
-0.00778869 0.0141067 0.0278907
99
1
-0.643523 11.3974 -2.40916
-0.0138604 0.035152 0.0645955
100
1
-0.601654 11.3633 -2.50596
-0.0298844 0.00519448 0.0414619
101
1
-0.545144 11.3536 -2.59075
-0.0357065 -0.00649133 0.034531
102
1
-0.481217 11.3505 -2.65804
-0.0198488 -0.00393779 0.0174441
103
1
-0.368859 11.327 -2.75995
-0.0578972 0.0268545 0.0447057
104
1
-0.171021 11.2701 -2.89444
-0.0646336 0.0115988 0.0419501
105
1
-0.27255 6.80252 -0.0567696
0.0292678 0.0404552 0.00926698
106
1
-1.82981 13.2228 -0.0541454
0.0614946 -0.0092333 -0.00587056
107
1
1.83039 13.2395 -0.0968607
0.0632393 0.00744867 0.00916344
108
1
0.273532 6.80297 -0.053802
0.0292235 -0.0401121 -0.00896355
109
1
0.170844 11.2701 -2.89446
-0.0646353 -0.0116033 -0.0419463
110
1
0.368676 11.327 -2.75999
-0.0578972 -0.0268605 -0.0447021
111
1
0.481033 11.3505 -2.6581
-0.0198481 0.00393583 -0.01744
112
1
0.544955 11.3536 -2.59083
-0.0357062 0.00648956 -0.0345226
113
1
0.601454 11.3633 -2.50605
-0.0298807 -0.00519543 -0.041452
114
1
0.643309 11.3974 -2.40928
-0.0138509 -0.0351589 -0.064587
115
1
0.67193 11.4431 -2.31389
-0.00778191 -0.0141097 -0.0278837
116
1
0.695708 11.4819 -2.23816
-0.0178997 -0.021288 -0.0359834
117
1
0.717992 11.5259 -2.15991
-0.0112545 -0.0303966 -0.0405507
118
1
0.726613 11.5684 -2.0806
0.00431215 -0.00978798 -0.0385126
119
1
0.721748 11.6048 -2.00246
0.00300481 -0.0132106 -0.0480535
120
1
0.708966 11.646 -1.93267
0.0101988 -0.0249164 -0.0292957
121
1
0.692493 11.6916 -1.87972
0.00983695 -0.0194249 -0.0133057
122
1
0.676231 11.7393 -1.83993
0.0129018 -0.023405 -0.0148554
123
1
0.661172 11.7871 -1.80339
0.0119112 -0.0260181 -0.0174558
124
1
0.650362 11.8341 -1.76827
0.00309819 -0.0217722 -0.0153542
125
1
0.647263 11.8824 -1.73537
-0.00157855 -0.0218795 -0.0129179
126
1
0.652867 11.9334 -1.70341
-0.00844883 -0.0273294 -0.0140865
127
1
0.663029 11.9825 -1.6709
-0.0085878 -0.0215264 -0.0136227
128
1
0.674412 12.0303 -1.63795
-0.00623635 -0.0198825 -0.0155232
129
1
0.684802 12.0776 -1.60149
-0.00482714 -0.0252143 -0.0213768
130
1
0.692906 12.1229 -1.56393
-0.00335789 -0.0235545 -0.0239338
131
1
0.699136 12.1662 -1.52661
-0.00420799 -0.0208818 -0.0208034
132
1
0.704449 12.2107 -1.4911
-0.00655583 -0.0233384 -0.0180136
133
1
0.707641 12.2549 -1.45904
-0.00477523 -0.0222467 -0.0158276
134
1
0.707916 12.2982 -1.43195
-0.00053401 -0.021078 -0.0131909
135
1
0.705573 12.341 -1.4083
0.00154976 -0.0217901 -0.00892966
136
1
0.700313 12.3817 -1.38786
0.000606717 -0.0180277 -0.00655518
137
1
0.691617 12.4182 -1.37005
0.00239415 -0.0156324 -0.00592035
138
1
0.679076 12.4513 -1.35447
0.00684037 -0.0155043 -0.00474982
139
1
0.66189 12.4827 -1.34032
0.00853022 -0.0147569 -0.0049348
140
1
0.63957 12.5123 -1.32611
0.0116606 -0.0145218 -0.00628266
141
1
0.611346 12.5394 -1.31015
0.020617 -0.014113 -0.00796218
142
1
0.574637 12.5647 -1.29358
0.0239016 -0.00989775 -0.00893832
143
1
0.532544 12.5888 -1.27386
0.0211316 -0.0059516 -0.00827398
144
1
0.488791 12.6129 -1.25106
0.0243479 -0.00570908 -0.00680694
145
1
0.446743 12.6418 -1.22149
0.024072 -0.0132659 -0.0120744
146
1
0.412347 12.6762 -1.1804
0.0212234 -0.0338014 -0.0313582
147
1
0.374823 12.7079 -1.12505
0.0160551 -0.0394064 -0.065278
148
1
0.338575 12.7391 -1.06318
0.0291034 0.000587247 -0.0441568
149
1
0.294445 12.7833 -1.0255
0.0263449 -0.0169678 0.00208356
150
1
0.22466 12.8272 -0.968795
0.00797564 -0.0611865 -0.0435987
151
1
0.19656 12.9122 -0.931928
0.0530699 -0.018368 -0.0172879
152
1
0.189181 12.9985 -0.886676
-0.0287081 -0.0134259 0.00240875
153
1
0.0641536 13.3467 -1.20476
-0.000827794 -0.00519509 -0.032171
154
1
0.0259264 13.6022 -0.157082
-0.00506093 0.0291671 -0.0524193
155
1
0.0683247 14.2038 -0.000621824
-0.000820962 0.00016347 -0.0778059
156
1
0.0257482 13.6022 0.15718
0.00524544 -0.02921 -0.0524213
157
1
0.0727322 13.3456 1.20719
0.00530444 0.00326485 -0.0331067
158
1
0.187949 13.0107 0.884027
0.0258476 0.0117256 0.00184229
159
1
0.190238 12.9223 0.931458
-0.0495138 0.0202832 -0.0170404
160
1
0.22044 12.8353 0.964084
-0.0092093 0.0618103 -0.0426196
161
1
0.292504 12.7904 1.0196
-0.0273112 0.0153126 0.00210444
162
1
0.337679 12.7466 1.05734
-0.0301754 0.0013699 -0.0462735
163
1
0.375071 12.715 1.12062
-0.0167437 0.0409919 -0.0641184
164
1
0.412962 12.6818 1.17611
-0.0215547 0.0343682 -0.0309989
165
1
0.447651 12.6461 1.21706
-0.0240703 0.0137447 -0.0123137
166
1
0.489839 12.6164 1.24646
-0.0241703 0.00617798 -0.00701914
167
1
0.533512 12.5918 1.26925
-0.0209498 0.00635628 -0.00840464
168
1
0.575377 12.5671 1.28912
-0.0237337 0.010257 -0.00906213
169
1
0.612036 12.5413 1.30614
-0.0205672 0.0143359 -0.00815216
170
1
0.640244 12.5139 1.3224
-0.0116819 0.0146522 -0.00646815
171
1
0.662527 12.484 1.33691
-0.00854999 0.0148407 -0.00511164
172
1
0.679654 12.4523 1.35134
-0.00685431 0.0155606 -0.00492689
173
1
0.692139 12.419 1.36718
-0.00243059 0.0156861 -0.00608027
174
1
0.70082 12.3824 1.38528
-0.00064044 0.0180683 -0.00671921
175
1
0.706077 12.3415 1.40603
-0.00157026 0.0218193 -0.00912195
176
1
0.708441 12.2987 1.43001
0.000510513 0.0211256 -0.0133633
177
1
0.708169 12.2553 1.45741
0.00474792 0.022299 -0.0159693
178
1
0.704971 12.211 1.48973
0.00653037 0.0233831 -0.018136
179
1
0.699654 12.1664 1.52547
0.00419677 0.0209187 -0.0209082
180
1
0.693424 12.1231 1.56298
0.0033571 0.0235848 -0.0240302
181
1
0.685316 12.0777 1.60069
0.00482993 0.0252347 -0.0214528
182
1
0.674915 12.0304 1.63728
0.00624069 0.0198971 -0.015573
183
1
0.663515 11.9826 1.67032
0.00859337 0.0215398 -0.0136669
184
1
0.653332 11.9335 1.70291
0.00845816 0.0273417 -0.0141308
185
1
0.647704 11.8824 1.73494
0.00159122 0.0218874 -0.012946
186
1
0.650778 11.8341 1.76789
-0.00308314 0.0217791 -0.0153764
187
1
0.661563 11.7871 1.80306
-0.0118929 0.0260236 -0.0174749
188
1
0.676598 11.7392 1.83963
-0.0128882 0.0234102 -0.0148703
189
1
0.69284 11.6915 1.87945
-0.00982834 0.0194294 -0.0133176
190
1
0.70929 11.646 1.93243
-0.0101879 0.0249197 -0.0293105
191
1
0.722046 11.6048 2.00224
-0.0029968 0.0132101 -0.0480603
192
1
0.72689 11.5683 2.08041
-0.00430673 0.00978563 -0.0385184
193
1
0.718253 11.5258 2.15973
0.0112618 0.0303936 -0.0405638
