194
0
1
0.49534 0.280168 3.01436
0.00536435 -0.00975075 -0.0382717
1
1
0.478156 0.299768 3.08899
0.0103485 -0.00793144 -0.0377993
2
1
0.451578 0.315667 3.16206
0.0148028 -0.00576526 -0.0365367
3
1
0.415814 0.327119 3.23175
0.0194522 -0.00422002 -0.0342183
4
1
0.370805 0.33525 3.29585
0.0241501 -0.00298042 -0.030845
5
1
0.316973 0.341391 3.3523
0.028577 -0.00208264 -0.0264891
6
1
0.25538 0.345564 3.39949
0.032406 -0.00143581 -0.0213419
7
1
0.187317 0.34845 3.43609
0.0354012 -0.000916805 -0.0156311
8
1
0.11439 0.350246 3.46105
0.03744 -0.000504982 -0.00953297
9
1
0.0384662 0.351095 3.47368
0.0384695 -0.000161055 -0.00320333
10
1
-0.0384662 0.351095 3.47368
0.0384695 0.000161055 0.00320333
11
1
-0.11439 0.350246 3.46105
0.03744 0.000504982 0.00953297
12
1
-0.187317 0.34845 3.43609
0.0354012 0.000916805 0.0156311
13
1
-0.25538 0.345564 3.39949
0.032406 0.00143581 0.0213419
14
1
-0.316973 0.341391 3.3523
0.028577 0.00208264 0.0264891
15
1
-0.370805 0.33525 3.29585
0.0241501 0.00298042 0.030845
16
1
-0.415814 0.327119 3.23175
0.0194522 0.00422002 0.0342183
17
1
-0.451578 0.315667 3.16206
0.0148028 0.00576526 0.0365367
18
1
-0.478156 0.299768 3.08899
0.0103485 0.00793144 0.0377993
19
1
-0.49534 0.280168 3.01436
0.00536435 0.00975075 0.0382717
20
1
-0.504946 0.259393 2.93953
0.00194771 0.0094584 0.0380042
21
1
-0.510982 0.240024 2.86464
0.000625815 0.00766671 0.0380807
22
1
-0.515012 0.224401 2.78911
-0.000664171 0.00576308 0.0381794
23
1
-0.516689 0.213008 2.71298
-0.0013678 0.00445578 0.0382472
24
1
-0.516408 0.204521 2.63654
-0.00153918 0.0035323 0.0382933
25
1
-0.515084 0.197893 2.55993
-0.00144847 0.00281167 0.0383442
26
1
-0.513348 0.192584 2.4832
-0.00127073 0.0022441 0.0384013
27
1
-0.511595 0.188264 2.40635
-0.00108199 0.00180483 0.0384582
28
1
-0.509987 0.184718 2.32939
-0.000909646 0.0014667 0.0385111
29
1
-0.508574 0.1818 2.25232
-0.000760845 0.00120588 0.0385589
30
1
-0.507356 0.179385 2.17517
-0.00063554 0.00100296 0.0386016
31
1
-0.506315 0.177366 2.09793
-0.000531268 0.000843102 0.0386396
32
1
-0.50543 0.175665 2.02062
-0.000444966 0.000715491 0.0386734
33
1
-0.504679 0.174222 1.94324
-0.00037367 0.00061233 0.0387036
34
1
-0.504042 0.172988 1.86581
-0.00031468 0.000527891 0.0387305
35
1
-0.503504 0.171927 1.78832
-0.000265769 0.000457966 0.0387545
36
1
-0.503046 0.171008 1.71079
-0.000225101 0.000399476 0.0387758
37
1
-0.502657 0.170209 1.63322
-0.000191197 0.0003501 0.0387948
38
1
-0.502326 0.169511 1.55561
-0.000162825 0.000308051 0.0388116
39
1
-0.502044 0.168897 1.47797
-0.000139026 0.000271955 0.0388265
40
1
-0.501803 0.168357 1.40031
-0.000118987 0.000240744 0.0388396
41
1
-0.501597 0.167881 1.32262
-0.000102067 0.000213556 0.0388513
42
1
-0.50142 0.167459 1.2449
-8.77054e-005 0.000189704 0.0388615
43
1
-0.501269 0.167086 1.16717
-7.54823e-005 0.000168646 0.0388706
44
1
-0.501139 0.166755 1.08942
-6.50234e-005 0.00014992 0.0388785
45
1
-0.501027 0.166461 1.01166
-5.60357e-005 0.000133152 0.0388855
46
1
-0.500931 0.166202 0.933882
-4.82777e-005 0.000118039 0.0388916
47
1
-0.500848 0.165973 0.856093
-4.15355e-005 0.000104309 0.038897
48
1
-0.500777 0.165771 0.778295
-3.56283e-005 9.1711e-005 0.0389016
49
1
-0.500717 0.165594 0.700487
-3.04321e-005 8.01189e-005 0.0389056
50
1
-0.500665 0.165441 0.622673
-2.58018e-005 6.93715e-005 0.038909
51
1
-0.500622 0.16531 0.544851
-2.1651e-005 5.93261e-005 0.038912
52
1
-0.500586 0.165198 0.467025
-1.78335e-005 4.98807e-005 0.0389144
53
1
-0.500556 0.165106 0.389194
-1.43733e-005 4.09084e-005 0.0389165
54
1
-0.500533 0.165031 0.311359
-1.12226e-005 3.22731e-005 0.0389181
55
1
-0.500516 0.164974 0.233522
-8.24803e-006 2.39474e-005 0.0389193
56
1
-0.500503 0.164933 0.155682
-5.42407e-006 1.58433e-005 0.0389202
57
1
-0.500496 0.164909 0.0778416
-2.68909e-006 7.88751e-006 0.0389207
58
1
-0.500494 0.164901 -5.65001e-019
3.42992e-019 1.03541e-018 0.0389209
59
1
-0.500496 0.164909 -0.0778416
2.68909e-006 -7.88751e-006 0.0389207
60
1
-0.500503 0.164933 -0.155682
5.42407e-006 -1.58433e-005 0.0389202
61
1
-0.500516 0.164974 -0.233522
8.24803e-006 -2.39474e-005 0.0389193
62
1
-0.500533 0.165031 -0.311359
1.12226e-005 -3.22731e-005 0.0389181
63
1
-0.500556 0.165106 -0.389194
1.43733e-005 -4.09084e-005 0.0389165
64
1
-0.500586 0.165198 -0.467025
1.78335e-005 -4.98807e-005 0.0389144
65
1
-0.500622 0.16531 -0.544851
2.1651e-005 -5.93261e-005 0.038912
66
1
-0.500665 0.165441 -0.622673
2.58018e-005 -6.93715e-005 0.038909
67
1
-0.500717 0.165594 -0.700487
3.04321e-005 -8.01189e-005 0.0389056
68
1
-0.500777 0.165771 -0.778295
3.56283e-005 -9.1711e-005 0.0389016
69
1
-0.500848 0.165973 -0.856093
4.15355e-005 -0.000104309 0.038897
70
1
-0.500931 0.166202 -0.933882
4.82777e-005 -0.000118039 0.0388916
71
1
-0.501027 0.166461 -1.01166
5.60357e-005 -0.000133152 0.0388855
72
1
-0.501139 0.166755 -1.08942
6.50234e-005 -0.00014992 0.0388785
73
1
-0.501269 0.167086 -1.16717
7.54823e-005 -0.000168646 0.0388706
74
1
-0.50142 0.167459 -1.2449
8.77054e-005 -0.000189704 0.0388615
75
1
-0.501597 0.167881 -1.32262
0.000102067 -0.000213556 0.0388513
76
1
-0.501803 0.168357 -1.40031
0.000118987 -0.000240744 0.0388396
77
1
-0.502044 0.168897 -1.47797
0.000139026 -0.000271955 0.0388265
78
1
-0.502326 0.169511 -1.55561
0.000162825 -0.000308051 0.0388116
79
1
-0.502657 0.170209 -1.63322
0.000191197 -0.0003501 0.0387948
80
1
-0.503046 0.171008 -1.71079
0.000225101 -0.000399476 0.0387758
81
1
-0.503504 0.171927 -1.78832
0.000265769 -0.000457966 0.0387545
82
1
-0.504042 0.172988 -1.86581
0.00031468 -0.000527891 0.0387305
83
1
-0.504679 0.174222 -1.94324
0.00037367 -0.00061233 0.0387036
84
1
-0.50543 0.175665 -2.02062
0.000444966 -0.000715491 0.0386734
85
1
-0.506315 0.177366 -2.09793
0.000531268 -0.000843102 0.0386396
86
1
-0.507356 0.179385 -2.17517
0.00063554 -0.00100296 0.0386016
87
1
-0.508574 0.1818 -2.25232
0.000760845 -0.00120588 0.0385589
88
1
-0.509987 0.184718 -2.32939
0.000909646 -0.0014667 0.0385111
89
1
-0.511595 0.188264 -2.40635
0.00108199 -0.00180483 0.0384582
90
1
-0.513348 0.192584 -2.4832
0.00127073 -0.0022441 0.0384013
91
1
-0.515084 0.197893 -2.55993
0.00144847 -0.00281167 0.0383442
92
1
-0.516408 0.204521 -2.63654
0.00153918 -0.0035323 0.0382933
93
1
-0.516689 0.213008 -2.71298
0.0013678 -0.00445578 0.0382472
94
1
-0.515012 0.224401 -2.78911
0.000664171 -0.00576308 0.0381794
95
1
-0.510982 0.240024 -2.86464
-0.000625815 -0.00766671 0.0380807
96
1
-0.504946 0.259393 -2.93953
-0.00194771 -0.0094584 0.0380042
97
1
-0.49534 0.280168 -3.01436
-0.00536435 -0.00975075 0.0382717
98
1
-0.478156 0.299768 -3.08899
-0.0103485 -0.00793144 0.0377993
99
1
-0.451578 0.315667 -3.16206
-0.0148028 -0.00576526 0.0365367
100
1
-0.415814 0.327119 -3.23175
-0.0194522 -0.00422002 0.0342183
101
1
-0.370805 0.33525 -3.29585
-0.0241501 -0.00298042 0.030845
102
1
-0.316973 0.341391 -3.3523
-0.028577 -0.00208264 0.0264891
103
1
-0.25538 0.345564 -3.39949
-0.032406 -0.00143581 0.0213419
104
1
-0.187317 0.34845 -3.43609
-0.0354012 -0.000916805 0.0156311
105
1
-0.11439 0.350246 -3.46105
-0.03744 -0.000504982 0.00953297
106
1
-0.0384662 0.351095 -3.47368
-0.0384695 -0.000161055 0.00320333
107
1
0.0384662 0.351095 -3.47368
-0.0384695 0.000161055 -0.00320333
108
1
0.11439 0.350246 -3.46105
-0.03744 0.000504982 -0.00953297
109
1
0.187317 0.34845 -3.43609
-0.0354012 0.000916805 -0.0156311
110
1
0.25538 0.345564 -3.39949
-0.032406 0.00143581 -0.0213419
111
1
0.316973 0.341391 -3.3523
-0.028577 0.00208264 -0.0264891
112
1
0.370805 0.33525 -3.29585
-0.0241501 0.00298042 -0.030845
113
1
0.415814 0.327119 -3.23175
-0.0194522 0.00422002 -0.0342183
114
1
0.451578 0.315667 -3.16206
-0.0148028 0.00576526 -0.0365367
115
1
0.478156 0.299768 -3.08899
-0.0103485 0.00793144 -0.0377993
116
1
0.49534 0.280168 -3.01436
-0.00536435 0.00975075 -0.0382717
117
1
0.504946 0.259393 -2.93953
-0.00194771 0.0094584 -0.0380042
118
1
0.510982 0.240024 -2.86464
-0.000625815 0.00766671 -0.0380807
119
1
0.515012 0.224401 -2.78911
0.000664171 0.00576308 -0.0381794
120
1
0.516689 0.213008 -2.71298
0.0013678 0.00445578 -0.0382472
121
1
0.516408 0.204521 -2.63654
0.00153918 0.0035323 -0.0382933
122
1
0.515084 0.197893 -2.55993
0.00144847 0.00281167 -0.0383442
123
1
0.513348 0.192584 -2.4832
0.00127073 0.0022441 -0.0384013
124
1
0.511595 0.188264 -2.40635
0.00108199 0.00180483 -0.0384582
125
1
0.509987 0.184718 -2.32939
0.000909646 0.0014667 -0.0385111
126
1
0.508574 0.1818 -2.25232
0.000760845 0.00120588 -0.0385589
127
1
0.507356 0.179385 -2.17517
0.00063554 0.00100296 -0.0386016
128
1
0.506315 0.177366 -2.09793
0.000531268 0.000843102 -0.0386396
129
1
0.50543 0.175665 -2.02062
0.000444966 0.000715491 -0.0386734
130
1
0.504679 0.174222 -1.94324
0.00037367 0.00061233 -0.0387036
131
1
0.504042 0.172988 -1.86581
0.00031468 0.000527891 -0.0387305
132
1
0.503504 0.171927 -1.78832
0.000265769 0.000457966 -0.0387545
133
1
0.503046 0.171008 -1.71079
0.000225101 0.000399476 -0.0387758
134
1
0.502657 0.170209 -1.63322
0.000191197 0.0003501 -0.0387948
135
1
0.502326 0.169511 -1.55561
0.000162825 0.000308051 -0.0388116
136
1
0.502044 0.168897 -1.47797
0.000139026 0.000271955 -0.0388265
137
1
0.501803 0.168357 -1.40031
0.000118987 0.000240744 -0.0388396
138
1
0.501597 0.167881 -1.32262
0.000102067 0.000213556 -0.0388513
139
1
0.50142 0.167459 -1.2449
8.77054e-005 0.000189704 -0.0388615
140
1
0.501269 0.167086 -1.16717
7.54823e-005 0.000168646 -0.0388706
141
1
0.501139 0.166755 -1.08942
6.50234e-005 0.00014992 -0.0388785
142
1
0.501027 0.166461 -1.01166
5.60357e-005 0.000133152 -0.0388855
143
1
0.500931 0.166202 -0.933882
4.82777e-005 0.000118039 -0.0388916
144
1
0.500848 0.165973 -0.856093
4.15355e-005 0.000104309 -0.038897
145
1
0.500777 0.165771 -0.778295
3.56283e-005 9.1711e-005 -0.0389016
146
1
0.500717 0.165594 -0.700487
3.04321e-005 8.01189e-005 -0.0389056
147
1
0.500665 0.165441 -0.622673
2.58018e-005 6.93715e-005 -0.038909
148
1
0.500622 0.16531 -0.544851
2.1651e-005 5.93261e-005 -0.038912
149
1
0.500586 0.165198 -0.467025
1.78335e-005 4.98807e-005 -0.0389144
150
1
0.500556 0.165106 -0.389194
1.43733e-005 4.09084e-005 -0.0389165
151
1
0.500533 0.165031 -0.311359
1.12226e-005 3.22731e-005 -0.0389181
152
1
0.500516 0.164974 -0.233522
8.24803e-006 2.39474e-005 -0.0389193
153
1
0.500503 0.164933 -0.155682
5.42407e-006 1.58433e-005 -0.0389202
154
1
0.500496 0.164909 -0.0778416
2.68909e-006 7.88751e-006 -0.0389207
155
1
0.500494 0.164901 6.61074e-019
-1.44987e-018 -2.07033e-018 -0.0389209
156
1
0.500496 0.164909 0.0778416
-2.68909e-006 -7.88751e-006 -0.0389207
157
1
0.500503 0.164933 0.155682
-5.42407e-006 -1.58433e-005 -0.0389202
158
1
0.500516 0.164974 0.233522
-8.24803e-006 -2.39474e-005 -0.0389193
159
1
0.500533 0.165031 0.311359
-1.12226e-005 -3.22731e-005 -0.0389181
160
1
0.500556 0.165106 0.389194
-1.43733e-005 -4.09084e-005 -0.0389165
161
1
0.500586 0.165198 0.467025
-1.78335e-005 -4.98807e-005 -0.0389144
162
1
0.500622 0.16531 0.544851
-2.1651e-005 -5.93261e-005 -0.038912
163
1
0.500665 0.165441 0.622673
-2.58018e-005 -6.93715e-005 -0.038909
164
1
0.500717 0.165594 0.700487
-3.04321e-005 -8.01189e-005 -0.0389056
165
1
0.500777 0.165771 0.778295
-3.56283e-005 -9.1711e-005 -0.0389016
166
1
0.500848 0.165973 0.856093
-4.15355e-005 -0.000104309 -0.038897
167
1
0.500931 0.166202 0.933882
-4.82777e-005 -0.000118039 -0.0388916
168
1
0.501027 0.166461 1.01166
-5.60357e-005 -0.000133152 -0.0388855
169
1
0.501139 0.166755 1.08942
-6.50234e-005 -0.00014992 -0.0388785
170
1
0.501269 0.167086 1.16717
-7.54823e-005 -0.000168646 -0.0388706
171
1
0.50142 0.167459 1.2449
-8.77054e-005 -0.000189704 -0.0388615
172
1
0.501597 0.167881 1.32262
-0.000102067 -0.000213556 -0.0388513
173
1
0.501803 0.168357 1.40031
-0.000118987 -0.000240744 -0.0388396
174
1
0.502044 0.168897 1.47797
-0.000139026 -0.000271955 -0.0388265
175
1
0.502326 0.169511 1.55561
-0.000162825 -0.000308051 -0.0388116
176
1
0.502657 0.170209 1.63322
-0.000191197 -0.0003501 -0.0387948
177
1
0.503046 0.171008 1.71079
-0.000225101 -0.000399476 -0.0387758
178
1
0.503504 0.171927 1.78832
-0.000265769 -0.000457966 -0.0387545
179
1
0.504042 0.172988 1.86581
-0.00031468 -0.000527891 -0.0387305
180
1
0.504679 0.174222 1.94324
-0.00037367 -0.00061233 -0.0387036
181
1
0.50543 0.175665 2.02062
-0.000444966 -0.000715491 -0.0386734
182
1
0.506315 0.177366 2.09793
-0.000531268 -0.000843102 -0.0386396
183
1
0.507356 0.179385 2.17517
-0.00063554 -0.00100296 -0.0386016
184
1
0.508574 0.1818 2.25232
-0.000760845 -0.00120588 -0.0385589
185
1
0.509987 0.184718 2.32939
-0.000909646 -0.0014667 -0.0385111
186
1
0.511595 0.188264 2.40635
-0.00108199 -0.00180483 -0.0384582
187
1
0.513348 0.192584 2.4832
-0.00127073 -0.0022441 -0.0384013
188
1
0.515084 0.197893 2.55993
-0.00144847 -0.00281167 -0.0383442
189
1
0.516408 0.204521 2.63654
-0.00153918 -0.0035323 -0.0382933
190
1
0.516689 0.213008 2.71298
-0.0013678 -0.00445578 -0.0382472
191
1
0.515012 0.224401 2.78911
-0.000664171 -0.00576308 -0.0381794
192
1
0.510982 0.240024 2.86464
0.000625815 -0.00766671 -0.0380807
193
1
0.504946 0.259393 2.93953
0.00194771 -0.0094584 -0.0380042
