194
0
1
0.43625 10.92 1.91721
-0.00176844 0.0399484 -0.0295284
1
1
0.439376 10.8496 1.97918
-0.00419914 0.0292775 -0.0248199
2
1
0.44811 10.7887 2.05906
-0.014647 0.0254471 -0.0524112
3
1
0.44801 10.7344 2.1502
-0.000858046 0.027401 -0.0422111
4
1
0.419325 10.6809 2.23541
0.0343818 0.0240327 -0.039976
5
1
0.373263 10.6327 2.31047
0.0139195 0.0125331 -0.0220569
6
1
0.299308 10.5727 2.41788
0.0350404 0.0411889 -0.0557762
7
1
0.149489 10.5232 2.54079
0.0656061 -0.00948139 -0.0341277
8
1
0.871881 6.5233 0.0603618
0.0493803 0.00675403 -0.0086985
9
1
1.01002 13.9082 0.087537
0.0072474 -0.0591643 0.00805968
10
1
-1.01177 13.9097 0.0737591
0.00732301 0.0589243 -0.00899411
11
1
-0.872779 6.52351 0.0492207
0.0488997 -0.00661926 0.00941913
12
1
-0.149506 10.5232 2.54079
0.0656063 0.00948176 0.0341284
13
1
-0.299326 10.5727 2.41787
0.0350405 -0.0411885 0.0557766
14
1
-0.373281 10.6327 2.31047
0.0139196 -0.012533 0.0220572
15
1
-0.419343 10.6809 2.23541
0.0343817 -0.0240326 0.0399765
16
1
-0.448028 10.7344 2.15019
-0.000858219 -0.027401 0.0422113
17
1
-0.448128 10.7887 2.05906
-0.0146468 -0.0254471 0.052411
18
1
-0.439394 10.8496 1.97917
-0.00419898 -0.0292777 0.0248199
19
1
-0.436269 10.92 1.91721
-0.00176816 -0.0399485 0.0295286
20
1
-0.44417 10.9936 1.85618
0.00742347 -0.0394509 0.0330372
21
1
-0.467644 11.0674 1.7915
0.0154547 -0.0313388 0.0265634
22
1
-0.505165 11.1352 1.72708
0.0269933 -0.0347275 0.0341892
23
1
-0.546097 11.2001 1.66173
0.0220003 -0.0338054 0.0358369
24
1
-0.580366 11.2583 1.59916
0.0118426 -0.0210559 0.0255556
25
1
-0.605837 11.3067 1.54038
0.0118024 -0.0211874 0.028176
26
1
-0.625745 11.3513 1.48388
0.0112187 -0.020855 0.0287573
27
1
-0.640383 11.3942 1.4304
0.0078567 -0.0181639 0.024767
28
1
-0.649474 11.4364 1.37797
0.00314092 -0.0197527 0.0215367
29
1
-0.652507 11.481 1.32485
-4.9154e-005 -0.0256977 0.0251766
30
1
-0.65034 11.527 1.27437
-0.00490835 -0.0214457 0.022744
31
1
-0.64636 11.573 1.22384
-0.00457259 -0.0198588 0.0232298
32
1
-0.640607 11.6192 1.17119
-0.00188875 -0.0248879 0.0295558
33
1
-0.632901 11.6648 1.11954
-0.00472971 -0.0253903 0.0303573
34
1
-0.621499 11.7086 1.06966
-0.00821468 -0.0227955 0.0266148
35
1
-0.606076 11.7535 1.02071
-0.00866033 -0.0227281 0.0252982
36
1
-0.587758 11.7979 0.973347
-0.0104911 -0.0228314 0.0235871
37
1
-0.567477 11.8423 0.928568
-0.0121959 -0.0236116 0.0221758
38
1
-0.545903 11.8861 0.885345
-0.0105741 -0.0221453 0.0198701
39
1
-0.524463 11.9284 0.845009
-0.00880276 -0.0172848 0.0167226
40
1
-0.503354 11.9674 0.8089
-0.010363 -0.0159545 0.0157271
41
1
-0.482306 12.0045 0.775277
-0.011274 -0.0169364 0.0147216
42
1
-0.460601 12.0423 0.742519
-0.0100457 -0.0177642 0.014969
43
1
-0.438044 12.0815 0.710358
-0.0103727 -0.0200532 0.0167812
44
1
-0.414013 12.1227 0.678511
-0.0133292 -0.0238062 0.0177888
45
1
-0.387494 12.1668 0.647318
-0.0141837 -0.0235978 0.0160334
46
1
-0.359969 12.2132 0.617303
-0.0126987 -0.020806 0.013623
47
1
-0.332632 12.2602 0.589366
-0.0132157 -0.0233105 0.0133743
48
1
-0.305305 12.3094 0.561703
-0.0135897 -0.0281451 0.0149134
49
1
-0.278338 12.3604 0.535481
-0.0136422 -0.0281955 0.0134527
50
1
-0.250702 12.4113 0.510233
-0.01372 -0.0255268 0.010884
51
1
-0.220444 12.4641 0.485222
-0.0161412 -0.0269505 0.0124535
52
1
-0.188316 12.5193 0.45916
-0.0192948 -0.029883 0.0143003
53
1
-0.154966 12.5776 0.43131
-0.0229034 -0.0356281 0.013445
54
1
-0.122496 12.6425 0.399679
-0.0243517 -0.0461823 0.0149419
55
1
-0.095275 12.7162 0.353733
-0.0126002 -0.0502117 0.0287655
56
1
-0.0767648 12.7925 0.280038
-0.00702389 -0.0504068 0.0474863
57
1
-0.0657893 12.8439 0.157982
-0.00265805 -0.0343578 0.069888
58
1
-0.0621181 12.8589 4.83188e-007
-1.16257e-006 5.89487e-007 0.0779221
59
1
-0.0657823 12.8439 -0.157981
0.00265476 0.0343582 0.0698879
60
1
-0.076751 12.7925 -0.28004
0.00702121 0.0504081 0.0474872
61
1
-0.0952561 12.7162 -0.353737
0.0125981 0.0502127 0.0287664
62
1
-0.122474 12.6425 -0.399685
0.0243501 0.046183 0.0149433
63
1
-0.154941 12.5776 -0.431317
0.0229025 0.0356286 0.013446
64
1
-0.18829 12.5193 -0.459169
0.0192943 0.0298833 0.014301
65
1
-0.220417 12.4641 -0.485232
0.0161409 0.0269507 0.0124541
66
1
-0.250674 12.4113 -0.510244
0.0137199 0.0255269 0.0108845
67
1
-0.27831 12.3604 -0.535494
0.0136422 0.0281956 0.0134532
68
1
-0.305277 12.3094 -0.561716
0.0135898 0.0281451 0.0149138
69
1
-0.332604 12.2602 -0.58938
0.0132159 0.0233105 0.0133746
70
1
-0.359942 12.2132 -0.617317
0.0126989 0.0208061 0.0136232
71
1
-0.387468 12.1668 -0.647333
0.0141839 0.0235979 0.0160336
72
1
-0.413987 12.1227 -0.678526
0.0133294 0.0238062 0.017789
73
1
-0.438017 12.0815 -0.710373
0.0103729 0.0200532 0.0167813
74
1
-0.460575 12.0423 -0.742535
0.0100459 0.0177643 0.0149691
75
1
-0.482281 12.0045 -0.775293
0.0112742 0.0169365 0.0147216
76
1
-0.503329 11.9674 -0.808916
0.0103632 0.0159545 0.0157271
77
1
-0.524438 11.9284 -0.845025
0.00880291 0.0172848 0.0167226
78
1
-0.545878 11.8861 -0.885361
0.0105742 0.0221453 0.01987
79
1
-0.567453 11.8423 -0.928584
0.0121961 0.0236116 0.0221757
80
1
-0.587734 11.7979 -0.973362
0.0104913 0.0228314 0.023587
81
1
-0.606053 11.7535 -1.02072
0.00866051 0.0227282 0.025298
82
1
-0.621476 11.7086 -1.06968
0.00821487 0.0227955 0.0266146
83
1
-0.632878 11.6648 -1.11956
0.00472989 0.0253903 0.0303571
84
1
-0.640584 11.6192 -1.17121
0.00188891 0.0248879 0.0295555
85
1
-0.646338 11.573 -1.22386
0.00457274 0.0198588 0.0232296
86
1
-0.650318 11.527 -1.27439
0.0049085 0.0214458 0.0227438
87
1
-0.652485 11.481 -1.32487
4.92721e-005 0.0256977 0.0251763
88
1
-0.649453 11.4365 -1.37798
-0.00314083 0.0197526 0.0215365
89
1
-0.640362 11.3942 -1.43041
-0.0078566 0.0181639 0.0247667
90
1
-0.625724 11.3513 -1.48389
-0.0112186 0.020855 0.0287569
91
1
-0.605816 11.3067 -1.5404
-0.0118023 0.0211875 0.0281756
92
1
-0.580345 11.2583 -1.59917
-0.0118425 0.021056 0.0255552
93
1
-0.546077 11.2001 -1.66174
-0.0220002 0.0338055 0.0358363
94
1
-0.505146 11.1352 -1.72709
-0.0269931 0.0347275 0.0341886
95
1
-0.467624 11.0674 -1.79151
-0.0154545 0.0313389 0.026563
96
1
-0.444151 10.9936 -1.85619
-0.00742314 0.0394509 0.0330369
97
1
-0.43625 10.92 -1.91721
0.00176844 0.0399484 0.0295284
98
1
-0.439376 10.8496 -1.97918
0.00419914 0.0292776 0.0248199
99
1
-0.44811 10.7887 -2.05906
0.014647 0.0254471 0.0524112
100
1
-0.44801 10.7344 -2.1502
0.000858045 0.027401 0.0422111
101
1
-0.419325 10.6809 -2.23541
-0.0343818 0.0240327 0.039976
102
1
-0.373263 10.6327 -2.31047
-0.0139195 0.0125331 0.0220569
103
1
-0.299308 10.5727 -2.41788
-0.0350404 0.0411889 0.0557762
104
1
-0.149489 10.5232 -2.54079
-0.0656061 -0.00948138 0.0341277
105
1
-0.871875 6.5233 -0.0604107
-0.0493817 0.0067545 0.00869316
106
1
-1.01001 13.9082 -0.0875568
-0.00724689 -0.0591649 -0.00805972
107
1
1.01177 13.9097 -0.073779
-0.00732249 0.058925 0.00899417
108
1
0.872774 6.5235 -0.0492698
-0.0489012 -0.00661973 -0.00941386
109
1
0.149506 10.5232 -2.54079
-0.0656063 0.00948176 -0.0341284
110
1
0.299326 10.5727 -2.41787
-0.0350405 -0.0411885 -0.0557766
111
1
0.373281 10.6327 -2.31047
-0.0139196 -0.012533 -0.0220572
112
1
0.419343 10.6809 -2.23541
-0.0343817 -0.0240326 -0.0399765
113
1
0.448028 10.7344 -2.15019
0.000858218 -0.027401 -0.0422113
114
1
0.448128 10.7887 -2.05906
0.0146468 -0.0254472 -0.052411
115
1
0.439394 10.8496 -1.97917
0.00419898 -0.0292777 -0.0248199
116
1
0.436269 10.92 -1.91721
0.00176816 -0.0399485 -0.0295286
117
1
0.44417 10.9936 -1.85618
-0.00742347 -0.0394509 -0.0330372
118
1
0.467644 11.0674 -1.7915
-0.0154547 -0.0313388 -0.0265635
119
1
0.505165 11.1352 -1.72708
-0.0269933 -0.0347275 -0.0341892
120
1
0.546097 11.2001 -1.66173
-0.0220003 -0.0338054 -0.0358369
121
1
0.580366 11.2583 -1.59916
-0.0118426 -0.0210559 -0.0255556
122
1
0.605837 11.3067 -1.54038
-0.0118024 -0.0211874 -0.028176
123
1
0.625745 11.3513 -1.48388
-0.0112187 -0.020855 -0.0287573
124
1
0.640383 11.3942 -1.4304
-0.0078567 -0.0181639 -0.024767
125
1
0.649474 11.4364 -1.37797
-0.00314092 -0.0197527 -0.0215367
126
1
0.652507 11.481 -1.32485
4.91539e-005 -0.0256977 -0.0251766
127
1
0.65034 11.527 -1.27437
0.00490835 -0.0214457 -0.022744
128
1
0.64636 11.573 -1.22384
0.00457259 -0.0198588 -0.0232298
129
1
0.640607 11.6192 -1.17119
0.00188875 -0.0248879 -0.0295558
130
1
0.632901 11.6648 -1.11954
0.0047297 -0.0253903 -0.0303573
131
1
0.621499 11.7086 -1.06966
0.00821468 -0.0227955 -0.0266148
132
1
0.606076 11.7535 -1.02071
0.00866033 -0.0227281 -0.0252982
133
1
0.587758 11.7979 -0.973347
0.0104911 -0.0228314 -0.0235871
134
1
0.567477 11.8423 -0.928568
0.0121959 -0.0236116 -0.0221758
135
1
0.545903 11.8861 -0.885345
0.0105741 -0.0221453 -0.0198701
136
1
0.524463 11.9284 -0.845009
0.00880276 -0.0172848 -0.0167226
137
1
0.503354 11.9674 -0.8089
0.010363 -0.0159545 -0.0157271
138
1
0.482306 12.0045 -0.775277
0.011274 -0.0169364 -0.0147216
139
1
0.460601 12.0423 -0.742519
0.0100457 -0.0177642 -0.014969
140
1
0.438044 12.0815 -0.710358
0.0103727 -0.0200532 -0.0167812
141
1
0.414013 12.1227 -0.678511
0.0133292 -0.0238062 -0.0177888
142
1
0.387495 12.1668 -0.647318
0.0141837 -0.0235978 -0.0160334
143
1
0.359969 12.2132 -0.617303
0.0126987 -0.020806 -0.013623
144
1
0.332632 12.2602 -0.589367
0.0132157 -0.0233105 -0.0133743
145
1
0.305305 12.3094 -0.561703
0.0135897 -0.0281451 -0.0149134
146
1
0.278338 12.3604 -0.535481
0.0136422 -0.0281955 -0.0134527
147
1
0.250702 12.4113 -0.510233
0.01372 -0.0255268 -0.010884
148
1
0.220444 12.4641 -0.485222
0.0161412 -0.0269505 -0.0124535
149
1
0.188316 12.5193 -0.45916
0.0192948 -0.029883 -0.0143003
150
1
0.154966 12.5776 -0.43131
0.0229034 -0.0356281 -0.013445
151
1
0.122496 12.6425 -0.399679
0.0243517 -0.0461823 -0.0149419
152
1
0.095275 12.7162 -0.353733
0.0126002 -0.0502117 -0.0287655
153
1
0.0767649 12.7925 -0.280038
0.0070239 -0.0504068 -0.0474863
154
1
0.0657893 12.8439 -0.157982
0.00265806 -0.0343578 -0.0698879
155
1
0.0621181 12.8589 -6.15867e-007
1.16112e-006 5.63419e-007 -0.0779221
156
1
0.0657822 12.8439 0.157981
-0.00265475 0.0343582 -0.0698879
157
1
0.076751 12.7925 0.28004
-0.0070212 0.050408 -0.0474872
158
1
0.0952561 12.7162 0.353736
-0.0125981 0.0502127 -0.0287664
159
1
0.122474 12.6425 0.399684
-0.0243501 0.046183 -0.0149433
160
1
0.154941 12.5776 0.431317
-0.0229025 0.0356287 -0.013446
161
1
0.18829 12.5193 0.459169
-0.0192943 0.0298833 -0.014301
162
1
0.220417 12.4641 0.485232
-0.0161409 0.0269507 -0.0124541
163
1
0.250674 12.4113 0.510244
-0.0137199 0.0255269 -0.0108845
164
1
0.27831 12.3604 0.535493
-0.0136422 0.0281956 -0.0134532
165
1
0.305277 12.3094 0.561716
-0.0135898 0.0281451 -0.0149138
166
1
0.332604 12.2602 0.58938
-0.0132159 0.0233105 -0.0133746
167
1
0.359942 12.2132 0.617317
-0.0126989 0.0208061 -0.0136232
168
1
0.387467 12.1668 0.647333
-0.0141839 0.0235979 -0.0160336
169
1
0.413987 12.1227 0.678526
-0.0133294 0.0238062 -0.017789
170
1
0.438017 12.0815 0.710373
-0.0103729 0.0200532 -0.0167813
171
1
0.460575 12.0423 0.742535
-0.0100459 0.0177643 -0.0149691
172
1
0.482281 12.0045 0.775293
-0.0112742 0.0169365 -0.0147216
173
1
0.503329 11.9674 0.808915
-0.0103632 0.0159545 -0.0157271
174
1
0.524438 11.9284 0.845025
-0.00880291 0.0172848 -0.0167226
175
1
0.545878 11.8861 0.885361
-0.0105742 0.0221453 -0.01987
176
1
0.567453 11.8423 0.928584
-0.0121962 0.0236116 -0.0221757
177
1
0.587734 11.7979 0.973362
-0.0104913 0.0228314 -0.023587
178
1
0.606053 11.7535 1.02072
-0.00866051 0.0227282 -0.025298
179
1
0.621476 11.7086 1.06968
-0.00821487 0.0227955 -0.0266146
180
1
0.632878 11.6648 1.11956
-0.00472989 0.0253903 -0.0303571
181
1
0.640584 11.6192 1.17121
-0.00188891 0.0248879 -0.0295555
182
1
0.646338 11.573 1.22386
-0.00457274 0.0198588 -0.0232296
183
1
0.650318 11.527 1.27439
-0.0049085 0.0214458 -0.0227438
184
1
0.652485 11.481 1.32487
-4.92722e-005 0.0256977 -0.0251763
185
1
0.649453 11.4365 1.37798
0.00314083 0.0197526 -0.0215365
186
1
0.640362 11.3942 1.43041
0.0078566 0.0181639 -0.0247667
187
1
0.625724 11.3513 1.48389
0.0112186 0.020855 -0.0287569
188
1
0.605816 11.3067 1.5404
0.0118023 0.0211875 -0.0281756
189
1
0.580345 11.2583 1.59917
0.0118425 0.021056 -0.0255552
190
1
0.546077 11.2001 1.66174
0.0220002 0.0338055 -0.0358363
191
1
0.505146 11.1352 1.72709
0.0269931 0.0347275 -0.0341886
192
1
0.467624 11.0674 1.79151
0.0154545 0.0313389 -0.026563
193
1
0.444151 10.9936 1.85619
0.00742314 0.0394509 -0.0330369
