194
0
1
0.870614 12.2274 2.62607
0.0290153 0.0190068 -0.017897
1
1
0.823321 12.1826 2.677
0.0178298 0.0196921 -0.0205864
2
1
0.762619 12.1184 2.75473
0.0338994 0.0430239 -0.0532242
3
1
0.700107 12.0621 2.84046
0.0315796 0.0253293 -0.0465249
4
1
0.634735 12.0295 2.9313
0.034848 0.00586624 -0.0510337
5
1
0.570249 12.0052 3.00499
0.0175855 0.00499978 -0.0171686
6
1
0.444189 11.9793 3.09965
0.0684415 0.0070749 -0.0360231
7
1
0.207885 11.958 3.20705
0.0747814 0.00374544 -0.021577
8
1
0.380331 6.03654 0.0593358
-0.0140607 -0.0482413 -0.0105293
9
1
1.03965 12.117 0.10648
0.0675099 0.0280045 0.0270188
10
1
-0.941843 12.2078 -0.148013
0.0400977 0.0025626 0.0497812
11
1
-0.385826 6.0375 0.0501982
-0.0146517 0.0465997 0.00763352
12
1
-0.208825 11.9579 3.20674
0.0747739 -0.00367838 0.0216144
13
1
-0.444933 11.9789 3.09913
0.0684238 -0.00696794 0.036082
14
1
-0.570876 12.0046 3.00438
0.0175663 -0.00494268 0.0171658
15
1
-0.635274 12.0287 2.93067
0.0348202 -0.00569692 0.0510351
16
1
-0.700495 12.061 2.83988
0.0315132 -0.0251635 0.0464824
17
1
-0.762863 12.1171 2.75438
0.033824 -0.0428375 0.0530428
18
1
-0.823371 12.1812 2.67711
0.0177729 -0.0196517 0.0203975
19
1
-0.870345 12.226 2.62671
0.0289214 -0.0190631 0.0175245
20
1
-0.918878 12.2738 2.58078
0.030957 -0.0252136 0.020109
21
1
-0.960954 12.3206 2.53143
0.0226052 -0.0189566 0.0221758
22
1
-0.987365 12.3646 2.47442
0.00315327 -0.0249463 0.0380681
23
1
-0.995838 12.4061 2.41642
0.00513586 -0.015598 0.0273282
24
1
-0.992793 12.4376 2.3678
0.00744746 -0.00644213 0.0128522
25
1
-0.983484 12.461 2.32707
-0.00417164 -0.0138528 0.01266
26
1
-0.961798 12.4885 2.2882
-0.0299945 -0.020104 0.0170647
27
1
-0.932724 12.5174 2.25207
-0.0232937 -0.0128923 0.0199397
28
1
-0.89931 12.5443 2.21403
-0.0176659 -0.0113444 0.0213297
29
1
-0.863202 12.5673 2.17409
-0.0180669 -0.0149049 0.0230294
30
1
-0.830046 12.5871 2.13606
-0.0136682 -0.00942482 0.0157667
31
1
-0.799803 12.6004 2.10247
-0.0118501 -0.00405889 0.0108334
32
1
-0.770467 12.6084 2.07039
-0.01203 -0.00111665 0.00861637
33
1
-0.743149 12.6103 2.03842
-0.0117151 0.00338292 0.0162588
34
1
-0.714669 12.6086 2.0053
-0.0134168 0.00597043 0.0182249
35
1
-0.682241 12.6039 1.96827
-0.0159407 0.00544997 0.0149663
36
1
-0.645695 12.6003 1.92898
-0.0185944 0.00282213 0.0252807
37
1
-0.605252 12.599 1.88914
-0.0242052 0.000754439 0.0279278
38
1
-0.561394 12.5999 1.85292
-0.0258193 -0.00068209 0.0141689
39
1
-0.516278 12.6026 1.82254
-0.0192122 -0.000548611 0.00621186
40
1
-0.47641 12.6101 1.79462
-0.0189346 -2.73257e-005 0.00941473
41
1
-0.444885 12.6203 1.76609
-0.0205602 -0.0014376 0.0132091
42
1
-0.418586 12.6355 1.73513
-0.0154524 -0.00637657 0.0139902
43
1
-0.399512 12.6597 1.69992
-0.0105672 -0.0154749 0.0179028
44
1
-0.388135 12.6837 1.65379
-0.00196656 -0.0312046 0.0303557
45
1
-0.382644 12.7139 1.59514
0.0226732 -0.0236334 0.0589725
46
1
-0.380563 12.7381 1.52705
-0.0135494 -0.00500065 0.0521066
47
1
-0.373377 12.7579 1.46349
-0.0150757 -0.0162675 0.0273229
48
1
-0.369868 12.7801 1.39083
0.0241155 0.00227965 0.061723
49
1
-0.372722 12.7904 1.33116
-0.0174808 8.68733e-005 0.0226308
50
1
-0.376058 12.8107 1.26486
0.017617 -0.0319931 0.0631397
51
1
-0.389367 12.8482 1.13769
0.0378507 -0.00376469 0.0680074
52
1
-0.427543 12.8889 1.07882
-0.0359554 -0.00568563 -0.0489951
53
1
-0.473889 12.9516 1.03334
0.0641853 -0.00375011 0.0334994
54
1
-0.496692 12.9716 1.00512
0.00710042 -0.00552074 0.0173917
55
1
-0.581529 12.9792 0.996988
0.00264624 -9.19677e-005 -0.00821061
56
1
0.16992 14.4981 1.33896
0.0198926 -0.0544152 0.0521068
57
1
-0.17356 13.7634 -0.000533624
-0.0360206 0.0204694 -0.020438
58
1
0.0505987 15.8492 0.0383887
0.0306508 0.0307184 -0.0647206
59
1
-0.163694 13.7535 -0.0555888
0.0360686 -0.0197553 -0.00454262
60
1
-0.259972 14.4902 -1.2383
0.0387426 -0.0240474 0.0631869
61
1
-0.453397 12.9896 -0.958413
-0.00640266 0.00362719 -0.00787689
62
1
-0.362971 12.9941 -1.00213
-0.00693487 0.00264514 0.0266022
63
1
-0.334585 12.9752 -1.04681
-0.0623864 -0.000947527 0.0453972
64
1
-0.295414 12.93 -1.12693
0.0416007 0.0136122 -0.0469072
65
1
-0.270757 12.8964 -1.18603
-0.0416244 -0.00661341 0.0655403
66
1
-0.281263 12.8655 -1.28732
-0.00313384 0.0359121 0.0384822
67
1
-0.281948 12.8471 -1.3432
0.0226833 -0.00301423 0.0263954
68
1
-0.284632 12.8391 -1.40131
-0.0188874 -0.00499046 0.0557301
69
1
-0.303763 12.8194 -1.46744
0.024799 0.00995585 0.0227513
70
1
-0.318622 12.8045 -1.53322
0.0136206 0.00174472 0.0650733
71
1
-0.329861 12.7815 -1.60769
-0.0137748 0.0297379 0.0639991
72
1
-0.345143 12.7505 -1.66731
0.0106472 0.0305844 0.0298994
73
1
-0.362994 12.7216 -1.71419
0.0158331 0.0157075 0.0178827
74
1
-0.390662 12.6943 -1.74904
0.018148 0.00771683 0.0138139
75
1
-0.423899 12.6768 -1.77924
0.0218831 0.00402354 0.0121445
76
1
-0.461588 12.6644 -1.80582
0.0194932 0.00299422 0.00825329
77
1
-0.505479 12.6531 -1.83035
0.0202699 0.00377976 0.00534897
78
1
-0.552713 12.6446 -1.85747
0.0269636 0.00506606 0.0113312
79
1
-0.599232 12.6379 -1.88965
0.0248232 0.00313386 0.0231638
80
1
-0.641451 12.6336 -1.92628
0.0196987 -0.000349114 0.0231215
81
1
-0.680141 12.6328 -1.96358
0.0175196 -0.00395762 0.0163507
82
1
-0.714798 12.6339 -1.99979
0.0143988 -0.004502 0.018116
83
1
-0.745152 12.6327 -2.03261
0.0124704 -0.00217282 0.0156517
84
1
-0.774131 12.6281 -2.06431
0.0128243 0.00186016 0.00859991
85
1
-0.804578 12.6175 -2.096
0.0122415 0.00479803 0.0106851
86
1
-0.835422 12.6015 -2.12927
0.0136476 0.0105326 0.0157204
87
1
-0.868544 12.5788 -2.16715
0.0174745 0.0165227 0.0230842
88
1
-0.90408 12.5531 -2.20713
0.0168462 0.0128001 0.02132
89
1
-0.937043 12.5239 -2.24553
0.022767 0.0144606 0.0202872
90
1
-0.965961 12.4928 -2.28237
0.0297553 0.0215953 0.0180244
91
1
-0.987178 12.4635 -2.32187
0.00421016 0.0145423 0.0131013
92
1
-0.995735 12.4387 -2.36317
-0.00741024 0.00671042 0.0129292
93
1
-0.997802 12.4066 -2.41253
-0.00542562 0.0154797 0.0275862
94
1
-0.988642 12.3652 -2.47132
-0.00349192 0.0243065 0.0385227
95
1
-0.961921 12.3216 -2.5291
-0.0225739 0.0188903 0.0226118
96
1
-0.919485 12.275 -2.57933
-0.0309937 0.025137 0.0206444
97
1
-0.870612 12.2274 -2.62606
-0.0290151 0.0190068 0.0178972
98
1
-0.82332 12.1826 -2.677
-0.0178297 0.0196921 0.0205865
99
1
-0.762618 12.1184 -2.75473
-0.0338992 0.0430239 0.0532244
100
1
-0.700106 12.0621 -2.84046
-0.0315795 0.0253293 0.0465251
101
1
-0.634734 12.0295 -2.9313
-0.0348479 0.00586626 0.0510338
102
1
-0.570249 12.0052 -3.00499
-0.0175855 0.00499979 0.0171686
103
1
-0.444188 11.9793 -3.09964
-0.0684414 0.00707493 0.0360232
104
1
-0.207885 11.958 -3.20705
-0.0747814 0.00374544 0.0215771
105
1
-0.380372 6.03653 -0.0591931
0.0140667 -0.0482289 0.0105268
106
1
-1.03946 12.1171 -0.106498
-0.0674865 0.0280154 -0.0270658
107
1
0.942066 12.2077 0.148106
-0.0401414 0.00259395 -0.0497597
108
1
0.385864 6.03749 -0.0500517
0.0146565 0.0465883 -0.00763054
109
1
0.208824 11.9579 -3.20674
-0.0747739 -0.00367839 -0.0216145
110
1
0.444932 11.9789 -3.09913
-0.0684237 -0.00696798 -0.036082
111
1
0.570875 12.0046 -3.00437
-0.0175663 -0.00494269 -0.0171658
112
1
0.635274 12.0287 -2.93067
-0.0348201 -0.00569695 -0.0510351
113
1
0.700494 12.061 -2.83988
-0.031513 -0.0251635 -0.0464825
114
1
0.762862 12.1171 -2.75437
-0.0338238 -0.0428375 -0.0530429
115
1
0.823369 12.1812 -2.67711
-0.0177728 -0.0196517 -0.0203976
116
1
0.870343 12.226 -2.62671
-0.0289213 -0.0190631 -0.0175247
117
1
0.918876 12.2738 -2.58077
-0.0309568 -0.0252136 -0.0201092
118
1
0.960952 12.3206 -2.53143
-0.022605 -0.0189566 -0.0221759
119
1
0.987362 12.3646 -2.47442
-0.00315306 -0.0249461 -0.0380684
120
1
0.995835 12.4061 -2.41642
-0.00513568 -0.0155979 -0.0273284
121
1
0.99279 12.4376 -2.3678
-0.00744733 -0.00644215 -0.0128523
122
1
0.983481 12.461 -2.32707
0.00417177 -0.0138528 -0.0126601
123
1
0.961795 12.4885 -2.28819
0.0299945 -0.020104 -0.0170648
124
1
0.932721 12.5174 -2.25206
0.0232936 -0.0128922 -0.0199398
125
1
0.899307 12.5443 -2.21402
0.0176659 -0.0113444 -0.0213299
126
1
0.863198 12.5673 -2.17408
0.018067 -0.0149048 -0.0230297
127
1
0.830043 12.5871 -2.13605
0.0136683 -0.00942478 -0.0157669
128
1
0.7998 12.6004 -2.10247
0.0118501 -0.00405887 -0.0108335
129
1
0.770463 12.6084 -2.07038
0.01203 -0.00111664 -0.00861649
130
1
0.743146 12.6103 -2.03842
0.0117151 0.00338293 -0.0162589
131
1
0.714665 12.6086 -2.00529
0.0134167 0.00597043 -0.0182249
132
1
0.682237 12.6039 -1.96826
0.0159406 0.00544989 -0.0149661
133
1
0.645692 12.6003 -1.92897
0.0185943 0.00282205 -0.0252805
134
1
0.605249 12.599 -1.88914
0.0242052 0.000754238 -0.0279277
135
1
0.561391 12.5999 -1.85291
0.0258195 -0.000682428 -0.0141689
136
1
0.516274 12.6026 -1.82254
0.0192124 -0.0005489 -0.00621186
137
1
0.476407 12.6101 -1.79462
0.0189348 -2.76244e-005 -0.00941459
138
1
0.444881 12.6203 -1.76608
0.0205603 -0.0014379 -0.0132089
139
1
0.418582 12.6355 -1.73512
0.0154524 -0.00637671 -0.01399
140
1
0.399508 12.6597 -1.69991
0.0105672 -0.0154748 -0.0179028
141
1
0.388131 12.6837 -1.65378
0.00196675 -0.0312035 -0.0303557
142
1
0.382639 12.7139 -1.59513
-0.0226726 -0.0236321 -0.0589728
143
1
0.380558 12.7381 -1.52704
0.0135491 -0.0050003 -0.0521075
144
1
0.373373 12.7579 -1.46348
0.0150757 -0.0162671 -0.0273223
145
1
0.369862 12.7801 -1.39082
-0.0241162 0.00228085 -0.0617229
146
1
0.372716 12.7904 -1.33115
0.0174813 8.74716e-005 -0.0226314
147
1
0.376051 12.8107 -1.26486
-0.0176162 -0.0319921 -0.0631402
148
1
0.389355 12.8482 -1.13768
-0.0378473 -0.00376097 -0.0680094
149
1
0.427527 12.8889 -1.07881
0.0359546 -0.00568538 0.049007
150
1
0.473873 12.9516 -1.03332
-0.064187 -0.00374541 -0.0335051
151
1
0.496678 12.9716 -1.0051
-0.00710112 -0.00552018 -0.0173961
152
1
0.581517 12.9792 -0.996968
-0.00264694 -9.00205e-005 0.00821223
153
1
-0.169901 14.4981 -1.33901
-0.0199105 -0.0544177 -0.0520974
154
1
0.17356 13.7634 0.000537071
0.0360218 0.0204697 0.020437
155
1
-0.0505951 15.8492 -0.0383659
-0.0306507 0.0307172 0.0647212
156
1
0.163697 13.7535 0.0555932
-0.0360684 -0.0197547 0.00454352
157
1
0.260019 14.4902 1.23828
-0.0387273 -0.0240499 -0.0631953
158
1
0.453388 12.9897 0.958427
0.00640237 0.00362868 0.00787524
159
1
0.362964 12.9941 1.00215
0.00693391 0.0026468 -0.0265992
160
1
0.33458 12.9752 1.04683
0.0623883 -0.000941448 -0.0453949
161
1
0.295408 12.93 1.12694
-0.041602 0.0136085 0.0468979
162
1
0.270748 12.8964 1.18604
0.0416269 -0.00660874 -0.0655391
163
1
0.281253 12.8655 1.28734
0.00313183 0.0359126 -0.0384829
164
1
0.281937 12.8471 1.34321
-0.0226849 -0.00301435 -0.0263965
165
1
0.284623 12.8392 1.40132
0.0188867 -0.00498932 -0.055731
166
1
0.303755 12.8194 1.46745
-0.0247992 0.00995636 -0.0227517
167
1
0.318616 12.8045 1.53324
-0.0136222 0.00174551 -0.0650719
168
1
0.329856 12.7815 1.60771
0.0137737 0.0297378 -0.064
169
1
0.345139 12.7505 1.66733
-0.0106479 0.0305837 -0.0298996
170
1
0.362992 12.7216 1.7142
-0.0158336 0.015707 -0.0178826
171
1
0.390661 12.6943 1.74905
-0.0181484 0.00771655 -0.0138137
172
1
0.423899 12.6768 1.77925
-0.0218834 0.00402335 -0.0121441
173
1
0.461588 12.6644 1.80584
-0.0194932 0.00299413 -0.00825283
174
1
0.50548 12.6532 1.83036
-0.0202699 0.00377974 -0.00534851
175
1
0.552715 12.6446 1.85748
-0.0269638 0.00506614 -0.0113304
176
1
0.599234 12.6379 1.88966
-0.0248234 0.0031341 -0.0231629
177
1
0.641454 12.6336 1.92629
-0.0196991 -0.000348831 -0.0231211
178
1
0.680144 12.6328 1.96359
-0.0175201 -0.00395741 -0.0163511
179
1
0.714802 12.6339 1.9998
-0.0143991 -0.00450172 -0.0181159
180
1
0.745156 12.6327 2.03262
-0.0124706 -0.00217258 -0.0156514
181
1
0.774135 12.6281 2.06432
-0.0128245 0.00186032 -0.00859976
182
1
0.804582 12.6175 2.09601
-0.0122416 0.00479821 -0.0106849
183
1
0.835427 12.6015 2.12928
-0.0136475 0.0105329 -0.0157202
184
1
0.868548 12.5788 2.16716
-0.0174744 0.016523 -0.0230837
185
1
0.904085 12.5531 2.20714
-0.0168461 0.0128003 -0.0213197
186
1
0.937048 12.5239 2.24554
-0.022767 0.0144609 -0.0202871
187
1
0.965965 12.4928 2.28237
-0.0297553 0.0215956 -0.0180244
188
1
0.987182 12.4635 2.32187
-0.00421001 0.0145424 -0.0131013
189
1
0.995738 12.4387 2.36318
0.00741039 0.00671043 -0.0129292
190
1
0.997806 12.4066 2.41253
0.00542589 0.0154799 -0.0275859
191
1
0.988645 12.3652 2.47132
0.00349225 0.0243068 -0.0385223
192
1
0.961923 12.3216 2.52911
0.0225741 0.0188903 -0.0226117
193
1
0.919487 12.275 2.57934
0.0309939 0.0251369 -0.0206442
