194
0
1
0.42904 10.8045 1.84469
0.0137049 0.0439565 -0.0267596
1
1
0.407496 10.7209 1.89577
0.00801255 0.0382941 -0.0192176
2
1
0.399906 10.6357 1.95215
-0.00774906 0.0466569 -0.0279693
3
1
0.394054 10.5555 2.0202
0.00291791 0.0397681 -0.0314123
4
1
0.373129 10.4943 2.09817
0.0177129 0.0158966 -0.0479456
5
1
0.340307 10.4499 2.17653
0.00788717 0.010263 -0.0246035
6
1
0.270132 10.3801 2.27534
0.0529438 0.0391876 -0.0413847
7
1
0.126853 10.3032 2.41363
0.048334 0.0156266 -0.0548762
8
1
0.844956 6.31552 0.0606427
0.0457327 -0.0196119 -0.00837742
9
1
0.730556 13.8164 0.085084
0.0287931 -0.0512028 0.00860321
10
1
-0.731748 13.8175 0.0775935
0.0288372 0.0509576 -0.00876813
11
1
-0.846472 6.31485 0.0490319
0.0453993 0.0196657 0.00975792
12
1
-0.126867 10.3032 2.41363
0.0483339 -0.0156265 0.0548764
13
1
-0.270146 10.3801 2.27533
0.0529437 -0.0391875 0.0413851
14
1
-0.34032 10.4499 2.17653
0.00788711 -0.0102631 0.0246037
15
1
-0.373142 10.4943 2.09817
0.0177127 -0.0158968 0.0479457
16
1
-0.394067 10.5555 2.0202
0.00291776 -0.0397682 0.0314123
17
1
-0.399919 10.6357 1.95214
-0.0077489 -0.0466569 0.0279694
18
1
-0.407509 10.7209 1.89576
0.0080127 -0.0382941 0.0192177
19
1
-0.429054 10.8045 1.84469
0.013705 -0.0439565 0.0267599
20
1
-0.457369 10.8825 1.78786
0.0160304 -0.0408249 0.0320524
21
1
-0.490143 10.9546 1.72062
0.0161839 -0.0289363 0.0301059
22
1
-0.525875 11.0153 1.64617
0.0225618 -0.0288126 0.0430121
23
1
-0.561472 11.0713 1.56926
0.0188102 -0.0294396 0.0414557
24
1
-0.590744 11.1224 1.49805
0.00952925 -0.0199408 0.0274812
25
1
-0.611134 11.167 1.434
0.00770922 -0.020675 0.0301327
26
1
-0.626002 11.2099 1.37384
0.00586204 -0.0200327 0.0315135
27
1
-0.636907 11.2529 1.31763
0.00431516 -0.0173059 0.0274
28
1
-0.644237 11.2966 1.26378
0.00366409 -0.0193059 0.0230721
29
1
-0.647859 11.3435 1.21087
0.00399966 -0.0264363 0.0252799
30
1
-0.647727 11.3913 1.16133
-0.00171091 -0.0229803 0.0211645
31
1
-0.644781 11.4379 1.11179
-0.00379964 -0.0210311 0.0217276
32
1
-0.638059 11.4838 1.05971
-0.00354754 -0.0245538 0.0290057
33
1
-0.62814 11.5291 1.00858
-0.00715521 -0.0252618 0.0298089
34
1
-0.615006 11.5738 0.959571
-0.00957621 -0.024001 0.0254916
35
1
-0.598854 11.6206 0.912008
-0.00886812 -0.0243346 0.0242074
36
1
-0.58123 11.6679 0.866148
-0.00947703 -0.0244494 0.0229305
37
1
-0.562342 11.7151 0.822682
-0.010333 -0.0249888 0.0220197
38
1
-0.542216 11.7612 0.780536
-0.00912256 -0.0228911 0.0200682
39
1
-0.521735 11.8052 0.741126
-0.00834511 -0.0177881 0.0164816
40
1
-0.501293 11.8453 0.705722
-0.0101805 -0.0167444 0.0149541
41
1
-0.480845 11.8832 0.672459
-0.0108668 -0.0178185 0.0141048
42
1
-0.460172 11.9216 0.639498
-0.00966576 -0.018113 0.0149623
43
1
-0.439433 11.9613 0.60639
-0.0100299 -0.0198529 0.0173711
44
1
-0.418439 12.0027 0.572716
-0.0121733 -0.0235329 0.0187816
45
1
-0.396582 12.0469 0.538531
-0.0121694 -0.0235067 0.0171069
46
1
-0.375415 12.0928 0.504042
-0.0105265 -0.0204298 0.0149885
47
1
-0.355513 12.138 0.4697
-0.0102087 -0.0219898 0.0162007
48
1
-0.336841 12.1837 0.433381
-0.0090152 -0.0256521 0.0199899
49
1
-0.31959 12.2292 0.396668
-0.00773419 -0.0250104 0.0194465
50
1
-0.30282 12.2726 0.3599
-0.00722566 -0.0221785 0.0160805
51
1
-0.284354 12.3151 0.322303
-0.00931406 -0.0225714 0.0170567
52
1
-0.264902 12.3554 0.283283
-0.0121103 -0.022428 0.018974
53
1
-0.24523 12.3913 0.24225
-0.0130967 -0.0214482 0.0198716
54
1
-0.22668 12.4216 0.198654
-0.011813 -0.0191875 0.0222437
55
1
-0.21039 12.4454 0.151014
-0.00898026 -0.0114893 0.0263723
56
1
-0.198386 12.4614 0.101789
-0.00541181 -0.00737417 0.0270043
57
1
-0.190123 12.472 0.0508628
-0.00229524 -0.00428768 0.0263016
58
1
-0.186703 12.4753 -5.16354e-006
-7.30558e-007 1.32761e-007 0.0260999
59
1
-0.19012 12.472 -0.0508732
0.0022938 0.00428792 0.0263016
60
1
-0.198381 12.4614 -0.101799
0.00541044 0.00737436 0.0270043
61
1
-0.210383 12.4454 -0.151024
0.00897905 0.0114895 0.0263724
62
1
-0.22667 12.4216 -0.198665
0.0118121 0.0191877 0.0222441
63
1
-0.245219 12.3913 -0.242261
0.0130961 0.0214483 0.019872
64
1
-0.26489 12.3554 -0.283294
0.0121099 0.0224281 0.0189742
65
1
-0.284341 12.3151 -0.322314
0.00931382 0.0225715 0.0170567
66
1
-0.302807 12.2726 -0.359912
0.0072255 0.0221786 0.0160805
67
1
-0.319576 12.2292 -0.39668
0.00773406 0.0250105 0.0194464
68
1
-0.336827 12.1837 -0.433393
0.00901513 0.0256522 0.0199897
69
1
-0.355499 12.138 -0.469711
0.0102087 0.0219899 0.0162006
70
1
-0.3754 12.0928 -0.504053
0.0105265 0.0204299 0.0149884
71
1
-0.396567 12.0469 -0.538543
0.0121694 0.0235068 0.0171068
72
1
-0.418424 12.0027 -0.572728
0.0121733 0.023533 0.0187815
73
1
-0.439418 11.9613 -0.606402
0.0100299 0.019853 0.017371
74
1
-0.460157 11.9216 -0.639509
0.0096658 0.018113 0.0149623
75
1
-0.48083 11.8832 -0.672471
0.0108668 0.0178185 0.0141047
76
1
-0.501278 11.8453 -0.705733
0.0101805 0.0167444 0.014954
77
1
-0.521721 11.8052 -0.741137
0.00834516 0.0177881 0.0164815
78
1
-0.542202 11.7612 -0.780546
0.00912262 0.0228912 0.0200681
79
1
-0.562328 11.7151 -0.822693
0.0103331 0.0249888 0.0220196
80
1
-0.581216 11.6679 -0.866159
0.00947709 0.0244494 0.0229304
81
1
-0.59884 11.6206 -0.912019
0.00886818 0.0243346 0.0242072
82
1
-0.614992 11.5738 -0.959581
0.00957628 0.0240011 0.0254915
83
1
-0.628127 11.5291 -1.00859
0.00715528 0.0252618 0.0298087
84
1
-0.638046 11.4838 -1.05972
0.0035476 0.0245538 0.0290055
85
1
-0.644768 11.4379 -1.1118
0.00379968 0.0210311 0.0217275
86
1
-0.647714 11.3913 -1.16134
0.00171094 0.0229804 0.0211644
87
1
-0.647845 11.3435 -1.21088
-0.00399964 0.0264363 0.0252797
88
1
-0.644223 11.2966 -1.26379
-0.00366407 0.0193059 0.0230719
89
1
-0.636894 11.2529 -1.31763
-0.00431514 0.0173059 0.0273998
90
1
-0.625989 11.2099 -1.37385
-0.00586203 0.0200327 0.0315133
91
1
-0.611121 11.167 -1.434
-0.00770923 0.020675 0.0301325
92
1
-0.59073 11.1224 -1.49806
-0.00952927 0.0199408 0.027481
93
1
-0.561459 11.0713 -1.56927
-0.0188103 0.0294396 0.0414554
94
1
-0.525861 11.0153 -1.64618
-0.0225618 0.0288126 0.0430117
95
1
-0.490129 10.9546 -1.72062
-0.0161839 0.0289363 0.0301056
96
1
-0.457355 10.8825 -1.78787
-0.0160303 0.040825 0.0320521
97
1
-0.42904 10.8045 -1.84469
-0.0137049 0.0439565 0.0267596
98
1
-0.407496 10.7209 -1.89577
-0.00801255 0.0382941 0.0192176
99
1
-0.399906 10.6357 -1.95215
0.00774906 0.0466569 0.0279693
100
1
-0.394054 10.5555 -2.0202
-0.00291791 0.0397681 0.0314123
101
1
-0.373129 10.4943 -2.09817
-0.0177129 0.0158966 0.0479456
102
1
-0.340307 10.4499 -2.17653
-0.00788717 0.010263 0.0246035
103
1
-0.270132 10.3801 -2.27534
-0.0529438 0.0391876 0.0413847
104
1
-0.126853 10.3032 -2.41363
-0.048334 0.0156266 0.0548762
105
1
-0.844949 6.31552 -0.0606834
-0.045734 -0.0196119 0.00837285
106
1
-0.730554 13.8164 -0.0850928
-0.0287929 -0.0512032 -0.00860354
107
1
0.731746 13.8175 -0.0776023
-0.028837 0.0509581 0.00876847
108
1
0.846466 6.31485 -0.0490728
-0.0454007 0.0196656 -0.0097534
109
1
0.126867 10.3032 -2.41363
-0.0483339 -0.0156265 -0.0548764
110
1
0.270146 10.3801 -2.27533
-0.0529437 -0.0391875 -0.0413851
111
1
0.34032 10.4499 -2.17653
-0.00788711 -0.0102631 -0.0246037
112
1
0.373142 10.4943 -2.09817
-0.0177127 -0.0158968 -0.0479457
113
1
0.394067 10.5555 -2.0202
-0.00291776 -0.0397682 -0.0314123
114
1
0.399919 10.6357 -1.95214
0.0077489 -0.0466569 -0.0279694
115
1
0.407509 10.7209 -1.89576
-0.0080127 -0.0382941 -0.0192177
116
1
0.429054 10.8045 -1.84469
-0.013705 -0.0439565 -0.0267599
117
1
0.457369 10.8825 -1.78786
-0.0160304 -0.0408249 -0.0320524
118
1
0.490143 10.9546 -1.72062
-0.0161839 -0.0289363 -0.0301059
119
1
0.525875 11.0153 -1.64617
-0.0225618 -0.0288126 -0.0430121
120
1
0.561472 11.0713 -1.56927
-0.0188102 -0.0294396 -0.0414557
121
1
0.590744 11.1224 -1.49805
-0.00952924 -0.0199408 -0.0274812
122
1
0.611134 11.167 -1.434
-0.00770922 -0.020675 -0.0301327
123
1
0.626002 11.2099 -1.37384
-0.00586204 -0.0200327 -0.0315135
124
1
0.636907 11.2529 -1.31763
-0.00431516 -0.0173059 -0.0274
125
1
0.644237 11.2966 -1.26378
-0.00366409 -0.0193059 -0.0230721
126
1
0.647859 11.3435 -1.21087
-0.00399966 -0.0264363 -0.0252799
127
1
0.647727 11.3913 -1.16133
0.00171091 -0.0229803 -0.0211645
128
1
0.644781 11.4379 -1.11179
0.00379964 -0.0210311 -0.0217276
129
1
0.638059 11.4838 -1.05971
0.00354754 -0.0245538 -0.0290057
130
1
0.62814 11.5291 -1.00858
0.00715521 -0.0252618 -0.0298089
131
1
0.615006 11.5738 -0.959571
0.00957621 -0.024001 -0.0254916
132
1
0.598854 11.6206 -0.912008
0.00886812 -0.0243346 -0.0242074
133
1
0.58123 11.6679 -0.866148
0.00947703 -0.0244494 -0.0229305
134
1
0.562342 11.7151 -0.822682
0.010333 -0.0249888 -0.0220197
135
1
0.542216 11.7612 -0.780536
0.00912256 -0.0228911 -0.0200682
136
1
0.521735 11.8052 -0.741126
0.00834511 -0.0177881 -0.0164816
137
1
0.501293 11.8453 -0.705722
0.0101805 -0.0167444 -0.0149541
138
1
0.480845 11.8832 -0.67246
0.0108668 -0.0178185 -0.0141048
139
1
0.460172 11.9216 -0.639498
0.00966576 -0.018113 -0.0149623
140
1
0.439433 11.9613 -0.60639
0.0100299 -0.0198529 -0.0173711
141
1
0.418439 12.0027 -0.572716
0.0121733 -0.0235329 -0.0187816
142
1
0.396582 12.0469 -0.538531
0.0121694 -0.0235067 -0.0171069
143
1
0.375415 12.0928 -0.504042
0.0105265 -0.0204298 -0.0149885
144
1
0.355513 12.138 -0.4697
0.0102087 -0.0219898 -0.0162007
145
1
0.336841 12.1837 -0.433381
0.0090152 -0.0256521 -0.0199899
146
1
0.31959 12.2292 -0.396668
0.00773419 -0.0250104 -0.0194465
147
1
0.30282 12.2726 -0.3599
0.00722566 -0.0221785 -0.0160805
148
1
0.284354 12.3151 -0.322303
0.00931406 -0.0225714 -0.0170567
149
1
0.264902 12.3554 -0.283283
0.0121103 -0.022428 -0.018974
150
1
0.24523 12.3913 -0.24225
0.0130967 -0.0214482 -0.0198716
151
1
0.22668 12.4216 -0.198654
0.011813 -0.0191875 -0.0222437
152
1
0.21039 12.4454 -0.151014
0.00898026 -0.0114893 -0.0263723
153
1
0.198386 12.4614 -0.101789
0.00541182 -0.00737417 -0.0270043
154
1
0.190123 12.472 -0.0508629
0.00229524 -0.00428768 -0.0263016
155
1
0.186703 12.4753 5.12172e-006
7.33456e-007 1.31214e-007 -0.0260999
156
1
0.19012 12.472 0.0508731
-0.0022938 0.00428792 -0.0263016
157
1
0.198381 12.4614 0.101799
-0.00541044 0.00737436 -0.0270043
158
1
0.210383 12.4454 0.151024
-0.00897905 0.0114895 -0.0263724
159
1
0.22667 12.4216 0.198665
-0.0118121 0.0191877 -0.0222441
160
1
0.245219 12.3913 0.242261
-0.0130961 0.0214483 -0.019872
161
1
0.26489 12.3554 0.283294
-0.0121099 0.0224281 -0.0189742
162
1
0.284341 12.3151 0.322314
-0.00931382 0.0225715 -0.0170567
163
1
0.302807 12.2726 0.359912
-0.0072255 0.0221786 -0.0160805
164
1
0.319576 12.2292 0.39668
-0.00773406 0.0250105 -0.0194464
165
1
0.336827 12.1837 0.433392
-0.00901513 0.0256522 -0.0199897
166
1
0.355499 12.138 0.469711
-0.0102087 0.0219899 -0.0162006
167
1
0.3754 12.0928 0.504053
-0.0105265 0.0204299 -0.0149884
168
1
0.396567 12.0469 0.538543
-0.0121694 0.0235068 -0.0171068
169
1
0.418424 12.0027 0.572728
-0.0121733 0.023533 -0.0187815
170
1
0.439418 11.9613 0.606402
-0.0100299 0.019853 -0.017371
171
1
0.460157 11.9216 0.639509
-0.0096658 0.018113 -0.0149623
172
1
0.48083 11.8832 0.672471
-0.0108668 0.0178185 -0.0141047
173
1
0.501278 11.8453 0.705733
-0.0101805 0.0167444 -0.014954
174
1
0.521721 11.8052 0.741137
-0.00834516 0.0177881 -0.0164815
175
1
0.542202 11.7612 0.780546
-0.00912262 0.0228912 -0.0200681
176
1
0.562328 11.7151 0.822693
-0.0103331 0.0249888 -0.0220196
177
1
0.581216 11.6679 0.866159
-0.00947709 0.0244494 -0.0229304
178
1
0.59884 11.6206 0.912019
-0.00886818 0.0243346 -0.0242072
179
1
0.614992 11.5738 0.959581
-0.00957628 0.0240011 -0.0254915
180
1
0.628127 11.5291 1.00859
-0.00715528 0.0252618 -0.0298087
181
1
0.638046 11.4838 1.05972
-0.0035476 0.0245538 -0.0290055
182
1
0.644768 11.4379 1.1118
-0.00379968 0.0210311 -0.0217275
183
1
0.647714 11.3913 1.16134
-0.00171094 0.0229803 -0.0211644
184
1
0.647845 11.3435 1.21088
0.00399964 0.0264363 -0.0252797
185
1
0.644223 11.2966 1.26379
0.00366407 0.0193059 -0.0230719
186
1
0.636894 11.2529 1.31763
0.00431514 0.0173059 -0.0273998
187
1
0.625989 11.2099 1.37385
0.00586203 0.0200327 -0.0315133
188
1
0.611121 11.167 1.434
0.00770923 0.020675 -0.0301325
189
1
0.59073 11.1224 1.49806
0.00952927 0.0199408 -0.027481
190
1
0.561459 11.0713 1.56927
0.0188103 0.0294396 -0.0414554
191
1
0.525861 11.0153 1.64618
0.0225618 0.0288126 -0.0430117
192
1
0.490129 10.9546 1.72062
0.0161839 0.0289363 -0.0301056
193
1
0.457355 10.8825 1.78787
0.0160303 0.040825 -0.0320521
