194
0
1
0.954637 5.44544 0.970826
0.0304766 -0.015866 0.0230008
1
1
0.901024 5.47885 0.917696
0.0251201 -0.0175408 0.0295497
2
1
0.856355 5.51684 0.850149
0.017821 -0.0209507 0.0376553
3
1
0.823402 5.55704 0.767825
0.0114705 -0.0216954 0.0453717
4
1
0.800445 5.59906 0.668052
0.00486827 -0.0235221 0.0537183
5
1
0.785207 5.64264 0.548908
0.0029394 -0.0221908 0.0679373
6
1
0.776886 5.68691 0.398998
8.91919e-005 -0.0172307 0.0759931
7
1
0.780372 5.7191 0.185829
-0.000751913 -0.00691333 0.0776112
8
1
0.594439 5.90882 0.0618766
0.0143117 -0.00890263 -0.0220667
9
1
0.0562916 6.84826 0.309607
0.00126899 0.0295515 -0.0720899
10
1
-0.0562916 6.84826 0.309607
0.00126899 -0.0295515 0.0720899
11
1
-0.594439 5.90882 0.0618766
0.0143117 0.00890263 0.0220667
12
1
-0.780372 5.7191 0.185829
-0.000751913 0.00691333 -0.0776112
13
1
-0.776886 5.68691 0.398998
8.91919e-005 0.0172307 -0.0759931
14
1
-0.785207 5.64264 0.548908
0.0029394 0.0221908 -0.0679373
15
1
-0.800445 5.59906 0.668052
0.00486827 0.0235221 -0.0537183
16
1
-0.823402 5.55704 0.767825
0.0114705 0.0216954 -0.0453717
17
1
-0.856355 5.51684 0.850149
0.017821 0.0209507 -0.0376553
18
1
-0.901024 5.47885 0.917696
0.0251201 0.0175408 -0.0295497
19
1
-0.954637 5.44544 0.970826
0.0304766 0.015866 -0.0230008
20
1
-1.01373 5.41614 1.01161
0.0327221 0.013589 -0.0156865
21
1
-1.0759 5.39047 1.04194
0.0320022 0.0106595 -0.0113911
22
1
-1.13901 5.3679 1.06414
0.0328318 0.0100688 -0.00865784
23
1
-1.20314 5.34769 1.08049
0.0314267 0.00919588 -0.00645691
24
1
-1.26686 5.32998 1.09288
0.0312727 0.0082234 -0.00537717
25
1
-1.32978 5.31493 1.10281
0.0315773 0.00749707 -0.0045531
26
1
-1.39179 5.3028 1.11108
0.0298672 0.00548984 -0.00412715
27
1
-1.45244 5.29424 1.11791
0.0294611 0.00395739 -0.00360501
28
1
-1.51202 5.28884 1.12303
0.0298652 0.0029091 -0.00262831
29
1
-1.57087 5.28587 1.12644
0.0290145 0.000890593 -0.000728966
30
1
-1.62907 5.28504 1.12771
0.0285662 -0.00117036 0.000896005
31
1
-1.68685 5.2858 1.12599
0.0288547 -0.00244936 0.00146728
32
1
-1.74421 5.28778 1.12099
0.028551 -0.00318871 0.00250973
33
1
-1.80069 5.29102 1.11236
0.0278647 -0.00326697 0.00471318
34
1
-1.85585 5.29535 1.10008
0.0274662 -0.00296431 0.00642452
35
1
-1.90949 5.3003 1.08437
0.0265923 -0.00274124 0.0077352
36
1
-1.96179 5.30523 1.06601
0.0251356 -0.00239277 0.00957237
37
1
-2.0135 5.30999 1.04513
0.0245246 -0.00199276 0.0114265
38
1
-2.06537 5.31476 1.02112
0.0252661 -0.00207817 0.0129791
39
1
-2.11732 5.31958 0.993574
0.026012 -0.00254854 0.014468
40
1
-2.16855 5.32477 0.962998
0.0258637 -0.00271019 0.0161687
41
1
-2.2184 5.33084 0.92982
0.0252469 -0.00290656 0.017676
42
1
-2.26696 5.33777 0.894334
0.0244197 -0.00356414 0.0188035
43
1
-2.31414 5.34549 0.85604
0.0235291 -0.00381603 0.0202838
44
1
-2.36039 5.35331 0.814626
0.0228068 -0.00345809 0.0225218
45
1
-2.40638 5.36082 0.769722
0.0224815 -0.00351107 0.0247626
46
1
-2.45175 5.36774 0.721125
0.0225385 -0.00361812 0.0263081
47
1
-2.4956 5.37418 0.669457
0.0226063 -0.00306494 0.0274196
48
1
-2.53716 5.38032 0.615472
0.0219158 -0.00303266 0.0284499
49
1
-2.57533 5.38602 0.559541
0.0201426 -0.00343077 0.0295442
50
1
-2.60923 5.39136 0.502067
0.0173538 -0.00306575 0.0303546
51
1
-2.63848 5.39592 0.443188
0.0141633 -0.00221673 0.0311206
52
1
-2.66276 5.39985 0.382621
0.0113472 -0.00179364 0.0316473
53
1
-2.68192 5.40359 0.320602
0.00876349 -0.00195805 0.0319845
54
1
-2.69601 5.40719 0.257581
0.00593277 -0.00198746 0.0325358
55
1
-2.70584 5.41034 0.193891
0.00337639 -0.00134743 0.0332464
56
1
-2.71221 5.4123 0.129693
0.00169348 -0.000262563 0.0334883
57
1
-2.7158 5.41324 0.064979
0.000699543 0.000269935 0.0331376
58
1
-2.71709 5.4134 1.6214e-014
-3.28375e-016 1.78016e-016 0.0328577
59
1
-2.7158 5.41324 -0.064979
-0.000699543 -0.000269935 0.0331376
60
1
-2.71221 5.4123 -0.129693
-0.00169348 0.000262563 0.0334883
61
1
-2.70584 5.41034 -0.193891
-0.00337639 0.00134743 0.0332464
62
1
-2.69601 5.40719 -0.257581
-0.00593277 0.00198746 0.0325358
63
1
-2.68192 5.40359 -0.320602
-0.00876349 0.00195805 0.0319845
64
1
-2.66276 5.39985 -0.382621
-0.0113472 0.00179364 0.0316473
65
1
-2.63848 5.39592 -0.443188
-0.0141633 0.00221673 0.0311206
66
1
-2.60923 5.39136 -0.502067
-0.0173538 0.00306575 0.0303546
67
1
-2.57533 5.38602 -0.559541
-0.0201426 0.00343077 0.0295442
68
1
-2.53716 5.38032 -0.615472
-0.0219158 0.00303266 0.0284499
69
1
-2.4956 5.37418 -0.669457
-0.0226063 0.00306494 0.0274196
70
1
-2.45175 5.36774 -0.721125
-0.0225385 0.00361812 0.0263081
71
1
-2.40638 5.36082 -0.769722
-0.0224815 0.00351107 0.0247626
72
1
-2.36039 5.35331 -0.814626
-0.0228068 0.00345809 0.0225218
73
1
-2.31414 5.34549 -0.85604
-0.0235291 0.00381603 0.0202838
74
1
-2.26696 5.33777 -0.894334
-0.0244197 0.00356414 0.0188035
75
1
-2.2184 5.33084 -0.92982
-0.0252469 0.00290656 0.017676
76
1
-2.16855 5.32477 -0.962998
-0.0258637 0.00271019 0.0161687
77
1
-2.11732 5.31958 -0.993574
-0.026012 0.00254854 0.014468
78
1
-2.06537 5.31476 -1.02112
-0.0252661 0.00207817 0.0129791
79
1
-2.0135 5.30999 -1.04513
-0.0245246 0.00199276 0.0114265
80
1
-1.96179 5.30523 -1.06601
-0.0251356 0.00239277 0.00957237
81
1
-1.90949 5.3003 -1.08437
-0.0265923 0.00274124 0.0077352
82
1
-1.85585 5.29535 -1.10008
-0.0274662 0.00296431 0.00642452
83
1
-1.80069 5.29102 -1.11236
-0.0278647 0.00326697 0.00471318
84
1
-1.74421 5.28778 -1.12099
-0.028551 0.00318871 0.00250973
85
1
-1.68685 5.2858 -1.12599
-0.0288547 0.00244936 0.00146728
86
1
-1.62907 5.28504 -1.12771
-0.0285662 0.00117036 0.000896005
87
1
-1.57087 5.28587 -1.12644
-0.0290145 -0.000890593 -0.000728966
88
1
-1.51202 5.28884 -1.12303
-0.0298652 -0.0029091 -0.00262831
89
1
-1.45244 5.29424 -1.11791
-0.0294611 -0.00395739 -0.00360501
90
1
-1.39179 5.3028 -1.11108
-0.0298672 -0.00548984 -0.00412715
91
1
-1.32978 5.31493 -1.10281
-0.0315773 -0.00749707 -0.0045531
92
1
-1.26686 5.32998 -1.09288
-0.0312727 -0.0082234 -0.00537717
93
1
-1.20314 5.34769 -1.08049
-0.0314267 -0.00919588 -0.00645691
94
1
-1.13901 5.3679 -1.06414
-0.0328318 -0.0100688 -0.00865784
95
1
-1.0759 5.39047 -1.04194
-0.0320022 -0.0106595 -0.0113911
96
1
-1.01373 5.41614 -1.01161
-0.0327221 -0.013589 -0.0156865
97
1
-0.954637 5.44544 -0.970826
-0.0304766 -0.015866 -0.0230008
98
1
-0.901024 5.47885 -0.917696
-0.0251201 -0.0175408 -0.0295497
99
1
-0.856355 5.51684 -0.850149
-0.017821 -0.0209507 -0.0376553
100
1
-0.823402 5.55704 -0.767825
-0.0114705 -0.0216954 -0.0453717
101
1
-0.800445 5.59906 -0.668052
-0.00486827 -0.0235221 -0.0537183
102
1
-0.785207 5.64264 -0.548908
-0.0029394 -0.0221908 -0.0679373
103
1
-0.776886 5.68691 -0.398998
-8.91919e-005 -0.0172307 -0.0759931
104
1
-0.780372 5.7191 -0.185829
0.000751913 -0.00691333 -0.0776112
105
1
-0.594439 5.90882 -0.0618766
-0.0143117 -0.00890263 0.0220667
106
1
-0.0562916 6.84826 -0.309607
-0.00126899 0.0295515 0.0720899
107
1
0.0562916 6.84826 -0.309607
-0.00126899 -0.0295515 -0.0720899
108
1
0.594439 5.90882 -0.0618766
-0.0143117 0.00890263 -0.0220667
109
1
0.780372 5.7191 -0.185829
0.000751913 0.00691333 0.0776112
110
1
0.776886 5.68691 -0.398998
-8.91919e-005 0.0172307 0.0759931
111
1
0.785207 5.64264 -0.548908
-0.0029394 0.0221908 0.0679373
112
1
0.800445 5.59906 -0.668052
-0.00486827 0.0235221 0.0537183
113
1
0.823402 5.55704 -0.767825
-0.0114705 0.0216954 0.0453717
114
1
0.856355 5.51684 -0.850149
-0.017821 0.0209507 0.0376553
115
1
0.901024 5.47885 -0.917696
-0.0251201 0.0175408 0.0295497
116
1
0.954637 5.44544 -0.970826
-0.0304766 0.015866 0.0230008
117
1
1.01373 5.41614 -1.01161
-0.0327221 0.013589 0.0156865
118
1
1.0759 5.39047 -1.04194
-0.0320022 0.0106595 0.0113911
119
1
1.13901 5.3679 -1.06414
-0.0328318 0.0100688 0.00865784
120
1
1.20314 5.34769 -1.08049
-0.0314267 0.00919588 0.00645691
121
1
1.26686 5.32998 -1.09288
-0.0312727 0.0082234 0.00537717
122
1
1.32978 5.31493 -1.10281
-0.0315773 0.00749707 0.0045531
123
1
1.39179 5.3028 -1.11108
-0.0298672 0.00548984 0.00412715
124
1
1.45244 5.29424 -1.11791
-0.0294611 0.00395739 0.00360501
125
1
1.51202 5.28884 -1.12303
-0.0298652 0.0029091 0.00262831
126
1
1.57087 5.28587 -1.12644
-0.0290145 0.000890593 0.000728966
127
1
1.62907 5.28504 -1.12771
-0.0285662 -0.00117036 -0.000896005
128
1
1.68685 5.2858 -1.12599
-0.0288547 -0.00244936 -0.00146728
129
1
1.74421 5.28778 -1.12099
-0.028551 -0.00318871 -0.00250973
130
1
1.80069 5.29102 -1.11236
-0.0278647 -0.00326697 -0.00471318
131
1
1.85585 5.29535 -1.10008
-0.0274662 -0.00296431 -0.00642452
132
1
1.90949 5.3003 -1.08437
-0.0265923 -0.00274124 -0.0077352
133
1
1.96179 5.30523 -1.06601
-0.0251356 -0.00239277 -0.00957237
134
1
2.0135 5.30999 -1.04513
-0.0245246 -0.00199276 -0.0114265
135
1
2.06537 5.31476 -1.02112
-0.0252661 -0.00207817 -0.0129791
136
1
2.11732 5.31958 -0.993574
-0.026012 -0.00254854 -0.014468
137
1
2.16855 5.32477 -0.962998
-0.0258637 -0.00271019 -0.0161687
138
1
2.2184 5.33084 -0.92982
-0.0252469 -0.00290656 -0.017676
139
1
2.26696 5.33777 -0.894334
-0.0244197 -0.00356414 -0.0188035
140
1
2.31414 5.34549 -0.85604
-0.0235291 -0.00381603 -0.0202838
141
1
2.36039 5.35331 -0.814626
-0.0228068 -0.00345809 -0.0225218
142
1
2.40638 5.36082 -0.769722
-0.0224815 -0.00351107 -0.0247626
143
1
2.45175 5.36774 -0.721125
-0.0225385 -0.00361812 -0.0263081
144
1
2.4956 5.37418 -0.669457
-0.0226063 -0.00306494 -0.0274196
145
1
2.53716 5.38032 -0.615472
-0.0219158 -0.00303266 -0.0284499
146
1
2.57533 5.38602 -0.559541
-0.0201426 -0.00343077 -0.0295442
147
1
2.60923 5.39136 -0.502067
-0.0173538 -0.00306575 -0.0303546
148
1
2.63848 5.39592 -0.443188
-0.0141633 -0.00221673 -0.0311206
149
1
2.66276 5.39985 -0.382621
-0.0113472 -0.00179364 -0.0316473
150
1
2.68192 5.40359 -0.320602
-0.00876349 -0.00195805 -0.0319845
151
1
2.69601 5.40719 -0.257581
-0.00593277 -0.00198746 -0.0325358
152
1
2.70584 5.41034 -0.193891
-0.00337639 -0.00134743 -0.0332464
153
1
2.71221 5.4123 -0.129693
-0.00169348 -0.000262563 -0.0334883
154
1
2.7158 5.41324 -0.064979
-0.000699543 0.000269935 -0.0331376
155
1
2.71709 5.4134 -2.16197e-014
-2.51376e-016 5.80326e-016 -0.0328577
156
1
2.7158 5.41324 0.064979
0.000699543 -0.000269935 -0.0331376
157
1
2.71221 5.4123 0.129693
0.00169348 0.000262563 -0.0334883
158
1
2.70584 5.41034 0.193891
0.00337639 0.00134743 -0.0332464
159
1
2.69601 5.40719 0.257581
0.00593277 0.00198746 -0.0325358
160
1
2.68192 5.40359 0.320602
0.00876349 0.00195805 -0.0319845
161
1
2.66276 5.39985 0.382621
0.0113472 0.00179364 -0.0316473
162
1
2.63848 5.39592 0.443188
0.0141633 0.00221673 -0.0311206
163
1
2.60923 5.39136 0.502067
0.0173538 0.00306575 -0.0303546
164
1
2.57533 5.38602 0.559541
0.0201426 0.00343077 -0.0295442
165
1
2.53716 5.38032 0.615472
0.0219158 0.00303266 -0.0284499
166
1
2.4956 5.37418 0.669457
0.0226063 0.00306494 -0.0274196
167
1
2.45175 5.36774 0.721125
0.0225385 0.00361812 -0.0263081
168
1
2.40638 5.36082 0.769722
0.0224815 0.00351107 -0.0247626
169
1
2.36039 5.35331 0.814626
0.0228068 0.00345809 -0.0225218
170
1
2.31414 5.34549 0.85604
0.0235291 0.00381603 -0.0202838
171
1
2.26696 5.33777 0.894334
0.0244197 0.00356414 -0.0188035
172
1
2.2184 5.33084 0.92982
0.0252469 0.00290656 -0.017676
173
1
2.16855 5.32477 0.962998
0.0258637 0.00271019 -0.0161687
174
1
2.11732 5.31958 0.993574
0.026012 0.00254854 -0.014468
175
1
2.06537 5.31476 1.02112
0.0252661 0.00207817 -0.0129791
176
1
2.0135 5.30999 1.04513
0.0245246 0.00199276 -0.0114265
177
1
1.96179 5.30523 1.06601
0.0251356 0.00239277 -0.00957237
178
1
1.90949 5.3003 1.08437
0.0265923 0.00274124 -0.0077352
179
1
1.85585 5.29535 1.10008
0.0274662 0.00296431 -0.00642452
180
1
1.80069 5.29102 1.11236
0.0278647 0.00326697 -0.00471318
181
1
1.74421 5.28778 1.12099
0.028551 0.00318871 -0.00250973
182
1
1.68685 5.2858 1.12599
0.0288547 0.00244936 -0.00146728
183
1
1.62907 5.28504 1.12771
0.0285662 0.00117036 -0.000896005
184
1
1.57087 5.28587 1.12644
0.0290145 -0.000890593 0.000728966
185
1
1.51202 5.28884 1.12303
0.0298652 -0.0029091 0.00262831
186
1
1.45244 5.29424 1.11791
0.0294611 -0.00395739 0.00360501
187
1
1.39179 5.3028 1.11108
0.0298672 -0.00548984 0.00412715
188
1
1.32978 5.31493 1.10281
0.0315773 -0.00749707 0.0045531
189
1
1.26686 5.32998 1.09288
0.0312727 -0.0082234 0.00537717
190
1
1.20314 5.34769 1.08049
0.0314267 -0.00919588 0.00645691
191
1
1.13901 5.3679 1.06414
0.0328318 -0.0100688 0.00865784
192
1
1.0759 5.39047 1.04194
0.0320022 -0.0106595 0.0113911
193
1
1.01373 5.41614 1.01161
0.0327221 -0.013589 0.0156865
