194
0
1
1.30985 8.21628 0.683031
0.0550184 0.0157211 0.00287375
1
1
1.20309 8.18509 0.671278
0.0547999 0.0143363 0.00789785
2
1
1.09005 8.15387 0.647876
0.0589079 0.0145996 0.0137448
3
1
0.97383 8.12067 0.61407
0.0588098 0.0161898 0.0210846
4
1
0.853517 8.08011 0.566456
0.0585194 0.0218493 0.0287166
5
1
0.731886 8.03394 0.493242
0.0588491 0.0238356 0.0431208
6
1
0.603485 7.98467 0.381754
0.0472402 0.0243702 0.0563483
7
1
0.458028 7.91816 0.198559
0.0431712 0.0172831 0.0625251
8
1
0.84053 6.33536 0.0652282
0.0442318 0.00635267 -0.0103768
9
1
0.0479899 11.1304 0.606559
0.000754759 -0.0187789 -0.0756217
10
1
-0.0479899 11.1304 0.606559
0.00075476 0.0187789 0.0756217
11
1
-0.840531 6.33535 0.065222
0.0442316 -0.00635259 0.0103776
12
1
-0.458028 7.91816 0.198559
0.0431712 -0.0172831 -0.0625251
13
1
-0.603485 7.98467 0.381754
0.0472402 -0.0243702 -0.0563483
14
1
-0.731886 8.03394 0.493242
0.0588491 -0.0238356 -0.0431208
15
1
-0.853517 8.08011 0.566455
0.0585194 -0.0218493 -0.0287166
16
1
-0.97383 8.12067 0.61407
0.0588098 -0.0161898 -0.0210846
17
1
-1.09005 8.15387 0.647876
0.0589079 -0.0145995 -0.0137448
18
1
-1.20309 8.18509 0.671278
0.0547999 -0.0143363 -0.00789785
19
1
-1.30985 8.21628 0.683031
0.0550184 -0.0157211 -0.00287375
20
1
-1.40832 8.2466 0.6834
0.0462425 -0.0151041 0.00385438
21
1
-1.49953 8.27585 0.675674
0.0428207 -0.0147648 0.00570353
22
1
-1.58431 8.30361 0.664628
0.041706 -0.0156935 0.00663418
23
1
-1.66603 8.33129 0.652037
0.0378237 -0.0153913 0.00716008
24
1
-1.74452 8.35848 0.638305
0.0374707 -0.0142728 0.00746588
25
1
-1.82002 8.38432 0.624025
0.0380329 -0.0130649 0.00822446
26
1
-1.89318 8.40827 0.609712
0.0343795 -0.0112068 0.00735936
27
1
-1.96338 8.42951 0.59584
0.032686 -0.00995071 0.00686541
28
1
-2.03173 8.44791 0.58217
0.0339459 -0.00910314 0.0076809
29
1
-2.09975 8.46361 0.568378
0.0340648 -0.00776322 0.00793887
30
1
-2.16697 8.4765 0.555106
0.0334613 -0.00608897 0.00665359
31
1
-2.23373 8.48672 0.543149
0.0334206 -0.00465442 0.00578234
32
1
-2.29993 8.49397 0.532452
0.0329957 -0.0027467 0.00550045
33
1
-2.36481 8.49769 0.522777
0.0328639 -0.000637263 0.00507503
34
1
-2.42849 8.49809 0.51419
0.0324133 0.000860819 0.00435139
35
1
-2.49078 8.49599 0.507017
0.0301325 0.00219099 0.00305781
36
1
-2.55097 8.49236 0.501053
0.0286084 0.00327252 0.00200283
37
1
-2.61028 8.48735 0.496181
0.029229 0.003299 0.00216961
38
1
-2.66954 8.48149 0.492423
0.0293666 0.00328471 0.00191542
39
1
-2.72813 8.47538 0.489655
0.0282441 0.0039276 0.000367696
40
1
-2.78526 8.46914 0.487646
0.0282176 0.0038649 -6.52101e-005
41
1
-2.84081 8.46306 0.485522
0.0279945 0.00304405 0.000763438
42
1
-2.89469 8.45823 0.482693
0.0264631 0.00281324 0.000709898
43
1
-2.94701 8.45459 0.478668
0.0262259 0.00241138 0.00049986
44
1
-2.99842 8.45225 0.472776
0.0264597 0.000765841 0.00187462
45
1
-3.04906 8.45208 0.46402
0.025596 -0.000921304 0.00336541
46
1
-3.09841 8.45441 0.452116
0.0259802 -0.00154231 0.00331268
47
1
-3.14543 8.45937 0.435829
0.0250633 -0.00254503 0.00658505
48
1
-3.18922 8.46642 0.414764
0.02226 -0.00496869 0.0129929
49
1
-3.22852 8.47375 0.388707
0.0200772 -0.00578876 0.0150928
50
1
-3.2629 8.48018 0.358509
0.0166698 -0.00447946 0.0143847
51
1
-3.29222 8.48489 0.32415
0.0128244 -0.0032666 0.0178357
52
1
-3.31651 8.48815 0.284706
0.0100701 -0.00166744 0.0246339
53
1
-3.33597 8.4898 0.240598
0.00797692 0.00034157 0.0277349
54
1
-3.35067 8.48989 0.19388
0.00597574 0.00169267 0.0256179
55
1
-3.36128 8.48875 0.146211
0.00367925 0.00195942 0.024633
56
1
-3.36805 8.4868 0.0981612
0.00131163 0.00133008 0.0251826
57
1
-3.37138 8.48583 0.0492205
-0.000310184 0.000244054 0.0251652
58
1
-3.37241 8.48591 -5.5548e-009
-5.30726e-012 3.85559e-011 0.0250061
59
1
-3.37138 8.48583 -0.0492205
0.000310184 -0.000244054 0.0251652
60
1
-3.36805 8.4868 -0.0981612
-0.00131163 -0.00133008 0.0251826
61
1
-3.36128 8.48875 -0.146211
-0.00367925 -0.00195942 0.024633
62
1
-3.35067 8.48989 -0.19388
-0.00597574 -0.00169267 0.0256179
63
1
-3.33597 8.4898 -0.240598
-0.00797692 -0.00034157 0.0277349
64
1
-3.31651 8.48815 -0.284706
-0.0100701 0.00166744 0.0246339
65
1
-3.29222 8.48489 -0.32415
-0.0128244 0.0032666 0.0178357
66
1
-3.2629 8.48018 -0.358509
-0.0166698 0.00447946 0.0143847
67
1
-3.22852 8.47375 -0.388707
-0.0200772 0.00578876 0.0150928
68
1
-3.18922 8.46642 -0.414764
-0.02226 0.00496869 0.0129929
69
1
-3.14543 8.45937 -0.435829
-0.0250633 0.00254503 0.00658505
70
1
-3.09841 8.45441 -0.452116
-0.0259802 0.00154231 0.00331268
71
1
-3.04906 8.45208 -0.46402
-0.025596 0.000921304 0.00336541
72
1
-2.99842 8.45225 -0.472776
-0.0264597 -0.000765841 0.00187462
73
1
-2.94701 8.45459 -0.478668
-0.0262259 -0.00241138 0.00049986
74
1
-2.89469 8.45823 -0.482693
-0.0264631 -0.00281324 0.000709898
75
1
-2.84081 8.46306 -0.485522
-0.0279945 -0.00304405 0.000763438
76
1
-2.78526 8.46914 -0.487646
-0.0282176 -0.0038649 -6.52101e-005
77
1
-2.72813 8.47538 -0.489655
-0.0282441 -0.0039276 0.000367696
78
1
-2.66954 8.48149 -0.492423
-0.0293666 -0.00328471 0.00191542
79
1
-2.61028 8.48735 -0.496181
-0.029229 -0.003299 0.00216961
80
1
-2.55097 8.49236 -0.501053
-0.0286084 -0.00327252 0.00200283
81
1
-2.49078 8.49599 -0.507017
-0.0301325 -0.00219099 0.00305781
82
1
-2.42849 8.49809 -0.51419
-0.0324133 -0.000860819 0.00435139
83
1
-2.36481 8.49769 -0.522777
-0.0328639 0.000637263 0.00507503
84
1
-2.29993 8.49396 -0.532452
-0.0329957 0.0027467 0.00550045
85
1
-2.23373 8.48672 -0.543149
-0.0334206 0.00465442 0.00578234
86
1
-2.16697 8.4765 -0.555106
-0.0334613 0.00608897 0.00665359
87
1
-2.09975 8.46361 -0.568378
-0.0340648 0.00776322 0.00793887
88
1
-2.03173 8.44791 -0.58217
-0.0339459 0.00910314 0.0076809
89
1
-1.96338 8.42951 -0.59584
-0.032686 0.00995071 0.00686541
90
1
-1.89318 8.40827 -0.609712
-0.0343795 0.0112068 0.00735936
91
1
-1.82002 8.38432 -0.624025
-0.0380329 0.0130649 0.00822446
92
1
-1.74452 8.35848 -0.638305
-0.0374707 0.0142728 0.00746588
93
1
-1.66603 8.33129 -0.652037
-0.0378237 0.0153913 0.00716008
94
1
-1.58431 8.30361 -0.664628
-0.041706 0.0156935 0.00663418
95
1
-1.49953 8.27585 -0.675674
-0.0428207 0.0147648 0.00570353
96
1
-1.40832 8.2466 -0.6834
-0.0462425 0.0151041 0.00385438
97
1
-1.30985 8.21628 -0.683031
-0.0550184 0.0157211 -0.00287375
98
1
-1.20309 8.18509 -0.671278
-0.0547999 0.0143363 -0.00789785
99
1
-1.09005 8.15387 -0.647876
-0.0589079 0.0145996 -0.0137448
100
1
-0.97383 8.12067 -0.61407
-0.0588098 0.0161898 -0.0210846
101
1
-0.853517 8.08011 -0.566456
-0.0585194 0.0218493 -0.0287166
102
1
-0.731886 8.03394 -0.493242
-0.0588491 0.0238356 -0.0431208
103
1
-0.603485 7.98467 -0.381754
-0.0472402 0.0243702 -0.0563483
104
1
-0.458028 7.91816 -0.198559
-0.0431712 0.0172831 -0.0625251
105
1
-0.84053 6.33536 -0.0652279
-0.0442318 0.00635267 0.0103768
106
1
-0.0479899 11.1304 -0.606559
-0.000754759 -0.0187789 0.0756217
107
1
0.0479899 11.1304 -0.606559
-0.00075476 0.0187789 -0.0756217
108
1
0.840531 6.33535 -0.0652217
-0.0442316 -0.00635259 -0.0103776
109
1
0.458028 7.91816 -0.198559
-0.0431712 -0.0172831 0.0625251
110
1
0.603485 7.98467 -0.381754
-0.0472402 -0.0243702 0.0563483
111
1
0.731886 8.03394 -0.493242
-0.0588491 -0.0238356 0.0431208
112
1
0.853517 8.08011 -0.566455
-0.0585194 -0.0218493 0.0287166
113
1
0.97383 8.12067 -0.61407
-0.0588098 -0.0161898 0.0210846
114
1
1.09005 8.15387 -0.647876
-0.0589079 -0.0145995 0.0137448
115
1
1.20309 8.18509 -0.671278
-0.0547999 -0.0143363 0.00789785
116
1
1.30985 8.21628 -0.683031
-0.0550184 -0.0157211 0.00287375
117
1
1.40832 8.2466 -0.6834
-0.0462425 -0.0151041 -0.00385438
118
1
1.49953 8.27585 -0.675674
-0.0428207 -0.0147648 -0.00570353
119
1
1.58431 8.30361 -0.664628
-0.041706 -0.0156935 -0.00663418
120
1
1.66603 8.33129 -0.652037
-0.0378237 -0.0153913 -0.00716008
121
1
1.74452 8.35848 -0.638305
-0.0374707 -0.0142728 -0.00746588
122
1
1.82002 8.38432 -0.624025
-0.0380329 -0.0130649 -0.00822446
123
1
1.89318 8.40827 -0.609712
-0.0343795 -0.0112068 -0.00735936
124
1
1.96338 8.42951 -0.59584
-0.032686 -0.00995071 -0.00686541
125
1
2.03173 8.44791 -0.58217
-0.0339459 -0.00910314 -0.0076809
126
1
2.09975 8.46361 -0.568378
-0.0340648 -0.00776322 -0.00793887
127
1
2.16697 8.4765 -0.555106
-0.0334613 -0.00608897 -0.00665359
128
1
2.23373 8.48672 -0.543149
-0.0334206 -0.00465442 -0.00578234
129
1
2.29993 8.49397 -0.532452
-0.0329957 -0.0027467 -0.00550045
130
1
2.36481 8.49769 -0.522777
-0.0328639 -0.000637263 -0.00507503
131
1
2.42849 8.49809 -0.51419
-0.0324133 0.000860819 -0.00435139
132
1
2.49078 8.49599 -0.507017
-0.0301325 0.00219099 -0.00305781
133
1
2.55097 8.49236 -0.501053
-0.0286084 0.00327252 -0.00200283
134
1
2.61028 8.48735 -0.496181
-0.029229 0.003299 -0.00216961
135
1
2.66954 8.48149 -0.492423
-0.0293666 0.00328471 -0.00191542
136
1
2.72813 8.47538 -0.489655
-0.0282441 0.0039276 -0.000367696
137
1
2.78526 8.46914 -0.487646
-0.0282176 0.0038649 6.52102e-005
138
1
2.84081 8.46306 -0.485522
-0.0279945 0.00304405 -0.000763438
139
1
2.89469 8.45823 -0.482693
-0.0264631 0.00281324 -0.000709898
140
1
2.94701 8.45459 -0.478668
-0.0262259 0.00241138 -0.00049986
141
1
2.99842 8.45225 -0.472776
-0.0264597 0.000765841 -0.00187462
142
1
3.04906 8.45208 -0.46402
-0.025596 -0.000921304 -0.00336541
143
1
3.09841 8.45441 -0.452116
-0.0259802 -0.00154231 -0.00331268
144
1
3.14543 8.45937 -0.435829
-0.0250633 -0.00254503 -0.00658505
145
1
3.18922 8.46642 -0.414764
-0.02226 -0.00496869 -0.0129929
146
1
3.22852 8.47375 -0.388707
-0.0200772 -0.00578876 -0.0150928
147
1
3.2629 8.48018 -0.358509
-0.0166698 -0.00447946 -0.0143847
148
1
3.29222 8.48489 -0.32415
-0.0128244 -0.0032666 -0.0178357
149
1
3.31651 8.48815 -0.284706
-0.0100701 -0.00166744 -0.0246339
150
1
3.33597 8.4898 -0.240598
-0.00797692 0.00034157 -0.0277349
151
1
3.35067 8.48989 -0.19388
-0.00597574 0.00169267 -0.0256179
152
1
3.36128 8.48875 -0.146211
-0.00367925 0.00195942 -0.024633
153
1
3.36805 8.4868 -0.0981612
-0.00131163 0.00133008 -0.0251826
154
1
3.37138 8.48583 -0.0492205
0.000310184 0.000244054 -0.0251652
155
1
3.37241 8.48591 6.22833e-009
1.71177e-012 4.70454e-011 -0.0250061
156
1
3.37138 8.48583 0.0492205
-0.000310184 -0.000244054 -0.0251652
157
1
3.36805 8.4868 0.0981612
0.00131163 -0.00133008 -0.0251826
158
1
3.36128 8.48875 0.146211
0.00367925 -0.00195942 -0.024633
159
1
3.35067 8.48989 0.19388
0.00597574 -0.00169267 -0.0256179
160
1
3.33597 8.4898 0.240598
0.00797692 -0.00034157 -0.0277349
161
1
3.31651 8.48815 0.284706
0.0100701 0.00166744 -0.0246339
162
1
3.29222 8.48489 0.32415
0.0128244 0.0032666 -0.0178357
163
1
3.2629 8.48018 0.358509
0.0166698 0.00447946 -0.0143847
164
1
3.22852 8.47375 0.388707
0.0200772 0.00578876 -0.0150928
165
1
3.18922 8.46642 0.414764
0.02226 0.00496869 -0.0129929
166
1
3.14543 8.45937 0.435829
0.0250633 0.00254503 -0.00658505
167
1
3.09841 8.45441 0.452116
0.0259802 0.00154231 -0.00331268
168
1
3.04906 8.45208 0.46402
0.025596 0.000921304 -0.00336541
169
1
2.99842 8.45225 0.472776
0.0264597 -0.000765841 -0.00187462
170
1
2.94701 8.45459 0.478668
0.0262259 -0.00241138 -0.00049986
171
1
2.89469 8.45823 0.482693
0.0264631 -0.00281324 -0.000709898
172
1
2.84081 8.46306 0.485522
0.0279945 -0.00304405 -0.000763438
173
1
2.78526 8.46914 0.487646
0.0282176 -0.0038649 6.52101e-005
174
1
2.72813 8.47538 0.489655
0.0282441 -0.0039276 -0.000367696
175
1
2.66954 8.48149 0.492423
0.0293666 -0.00328471 -0.00191542
176
1
2.61028 8.48735 0.496181
0.029229 -0.003299 -0.00216961
177
1
2.55097 8.49236 0.501053
0.0286084 -0.00327252 -0.00200283
178
1
2.49078 8.49599 0.507017
0.0301325 -0.00219099 -0.00305781
179
1
2.42849 8.49809 0.51419
0.0324133 -0.000860819 -0.00435139
180
1
2.36481 8.49769 0.522777
0.0328639 0.000637263 -0.00507503
181
1
2.29993 8.49396 0.532452
0.0329957 0.0027467 -0.00550045
182
1
2.23373 8.48672 0.543149
0.0334206 0.00465442 -0.00578234
183
1
2.16697 8.4765 0.555106
0.0334613 0.00608897 -0.00665359
184
1
2.09975 8.46361 0.568378
0.0340648 0.00776322 -0.00793887
185
1
2.03173 8.44791 0.58217
0.0339459 0.00910314 -0.0076809
186
1
1.96338 8.42951 0.59584
0.032686 0.00995071 -0.00686541
187
1
1.89318 8.40827 0.609712
0.0343795 0.0112068 -0.00735936
188
1
1.82002 8.38432 0.624025
0.0380329 0.0130649 -0.00822446
189
1
1.74452 8.35848 0.638305
0.0374707 0.0142728 -0.00746588
190
1
1.66603 8.33129 0.652037
0.0378237 0.0153913 -0.00716008
191
1
1.58431 8.30361 0.664628
0.041706 0.0156935 -0.00663418
192
1
1.49953 8.27585 0.675674
0.0428207 0.0147648 -0.00570353
193
1
1.40832 8.2466 0.6834
0.0462425 0.0151041 -0.00385438
