194
0
1
1.29097 8.29232 0.683787
0.0550395 0.0156203 0.00350434
1
1
1.18326 8.26419 0.67192
0.054546 0.0149901 0.00896814
2
1
1.06925 8.23495 0.648349
0.0588487 0.0150674 0.015104
3
1
0.952859 8.20237 0.611173
0.0593468 0.0161125 0.0215402
4
1
0.834101 8.16259 0.557565
0.0595145 0.0207571 0.02756
5
1
0.711388 8.11705 0.485908
0.0591774 0.0232799 0.0426673
6
1
0.58149 8.05789 0.380845
0.0483568 0.0263163 0.0544631
7
1
0.435296 7.99132 0.198979
0.0433115 0.016206 0.0625696
8
1
0.813625 6.44364 0.0644275
0.040427 0.0192152 -0.0102715
9
1
0.0480285 11.2496 0.580112
0.000755726 -0.0198759 -0.0753408
10
1
-0.0480285 11.2496 0.580112
0.000755727 0.0198759 0.0753408
11
1
-0.813626 6.44364 0.0644226
0.0404268 -0.019215 0.0102718
12
1
-0.435296 7.99132 0.198979
0.0433115 -0.016206 -0.0625696
13
1
-0.58149 8.05789 0.380845
0.0483568 -0.0263163 -0.0544631
14
1
-0.711388 8.11705 0.485908
0.0591774 -0.0232799 -0.0426673
15
1
-0.834101 8.16259 0.557565
0.0595145 -0.0207571 -0.02756
16
1
-0.952859 8.20237 0.611173
0.0593468 -0.0161125 -0.0215402
17
1
-1.06925 8.23495 0.648349
0.0588487 -0.0150674 -0.0151041
18
1
-1.18326 8.26419 0.67192
0.054546 -0.0149901 -0.00896814
19
1
-1.29097 8.29232 0.683787
0.0550395 -0.0156203 -0.00350435
20
1
-1.39031 8.32001 0.684894
0.0468355 -0.0133749 0.0036679
21
1
-1.48233 8.34725 0.677293
0.0435991 -0.0126621 0.00565826
22
1
-1.56735 8.37429 0.664452
0.0423666 -0.0137655 0.00703493
23
1
-1.64886 8.40169 0.648192
0.0382906 -0.0138922 0.00798226
24
1
-1.7274 8.42808 0.6309
0.0379026 -0.0132486 0.00823148
25
1
-1.80355 8.45217 0.613976
0.0384408 -0.0124973 0.00884356
26
1
-1.87763 8.47411 0.597555
0.0346699 -0.0110157 0.00798666
27
1
-1.94862 8.49387 0.581738
0.0329391 -0.00987158 0.00750306
28
1
-2.01756 8.5114 0.566016
0.0342729 -0.00895284 0.00824689
29
1
-2.08611 8.52689 0.550458
0.0344535 -0.00767627 0.00838117
30
1
-2.15402 8.54005 0.536299
0.0338394 -0.00631149 0.00692822
31
1
-2.22155 8.55052 0.523946
0.0337627 -0.00520013 0.00583851
32
1
-2.28849 8.55811 0.513361
0.0333171 -0.00348926 0.00511818
33
1
-2.35401 8.56298 0.504638
0.0331877 -0.00156654 0.00412228
34
1
-2.4183 8.56563 0.497863
0.0327319 -0.000354872 0.00296307
35
1
-2.48115 8.56627 0.493198
0.0304052 0.000684205 0.0013906
36
1
-2.54184 8.56524 0.490824
0.028793 0.00157781 0.000180534
37
1
-2.60148 8.56359 0.489597
0.029311 0.00139181 0.000343123
38
1
-2.66083 8.56177 0.488947
0.0293635 0.00104808 8.02704e-005
39
1
-2.71933 8.55994 0.48931
0.0281696 0.00133908 -0.00156151
40
1
-2.77615 8.5588 0.490198
0.0280467 0.000867734 -0.00203422
41
1
-2.83114 8.55923 0.490718
0.0276838 -0.000291271 -0.00109216
42
1
-2.88415 8.56085 0.490157
0.0259639 -0.000626722 -0.000972001
43
1
-2.93523 8.56436 0.487655
0.0254758 -0.00123717 -0.000863921
44
1
-2.98491 8.5705 0.482731
0.0254592 -0.00332172 0.0012459
45
1
-3.03361 8.57902 0.475002
0.0244487 -0.00526503 0.00352482
46
1
-3.08104 8.58884 0.463469
0.0245741 -0.00588694 0.00374484
47
1
-3.12654 8.59858 0.446489
0.0235239 -0.00595039 0.00776619
48
1
-3.16866 8.60776 0.422649
0.0207815 -0.00695402 0.0154122
49
1
-3.20638 8.61673 0.393669
0.018575 -0.00658186 0.0177074
50
1
-3.23949 8.62467 0.360925
0.01557 -0.00424086 0.0163358
51
1
-3.26849 8.63082 0.324478
0.012882 -0.00203042 0.0191248
52
1
-3.29437 8.63407 0.283773
0.0118414 0.000840895 0.0252798
53
1
-3.3167 8.63409 0.238818
0.0109585 0.00323923 0.027843
54
1
-3.33515 8.63172 0.191788
0.00901861 0.00387919 0.025461
55
1
-3.34923 8.62843 0.144197
0.00625051 0.00357875 0.0242922
56
1
-3.35861 8.6259 0.0965384
0.00301514 0.00264648 0.0246973
57
1
-3.36381 8.62372 0.0483443
0.000360804 0.00101395 0.0246432
58
1
-3.36529 8.62245 -5.34544e-009
1.9882e-012 4.17749e-011 0.0245186
59
1
-3.36381 8.62372 -0.0483443
-0.000360804 -0.00101395 0.0246432
60
1
-3.35861 8.6259 -0.0965384
-0.00301514 -0.00264648 0.0246973
61
1
-3.34923 8.62843 -0.144197
-0.00625051 -0.00357875 0.0242922
62
1
-3.33515 8.63172 -0.191788
-0.00901861 -0.00387919 0.025461
63
1
-3.3167 8.63409 -0.238818
-0.0109585 -0.00323923 0.027843
64
1
-3.29437 8.63407 -0.283773
-0.0118414 -0.000840895 0.0252798
65
1
-3.26849 8.63082 -0.324478
-0.012882 0.00203042 0.0191248
66
1
-3.23949 8.62467 -0.360925
-0.01557 0.00424086 0.0163358
67
1
-3.20638 8.61673 -0.393669
-0.018575 0.00658186 0.0177074
68
1
-3.16866 8.60776 -0.422649
-0.0207815 0.00695402 0.0154122
69
1
-3.12654 8.59858 -0.446489
-0.0235239 0.00595039 0.00776619
70
1
-3.08104 8.58884 -0.463469
-0.0245741 0.00588694 0.00374484
71
1
-3.03361 8.57902 -0.475002
-0.0244487 0.00526503 0.00352482
72
1
-2.98491 8.5705 -0.482731
-0.0254592 0.00332172 0.0012459
73
1
-2.93523 8.56436 -0.487655
-0.0254758 0.00123717 -0.000863921
74
1
-2.88415 8.56085 -0.490157
-0.0259639 0.000626722 -0.000972001
75
1
-2.83114 8.55923 -0.490718
-0.0276838 0.000291271 -0.00109216
76
1
-2.77615 8.5588 -0.490198
-0.0280467 -0.000867734 -0.00203422
77
1
-2.71933 8.55994 -0.48931
-0.0281696 -0.00133908 -0.00156151
78
1
-2.66083 8.56177 -0.488947
-0.0293635 -0.00104808 8.02705e-005
79
1
-2.60148 8.56359 -0.489597
-0.029311 -0.00139181 0.000343123
80
1
-2.54184 8.56524 -0.490824
-0.028793 -0.00157781 0.000180534
81
1
-2.48115 8.56627 -0.493198
-0.0304052 -0.000684205 0.0013906
82
1
-2.4183 8.56563 -0.497863
-0.0327319 0.000354872 0.00296307
83
1
-2.35401 8.56298 -0.504638
-0.0331877 0.00156654 0.00412228
84
1
-2.28849 8.55811 -0.513361
-0.0333171 0.00348926 0.00511818
85
1
-2.22155 8.55052 -0.523946
-0.0337627 0.00520013 0.00583851
86
1
-2.15402 8.54005 -0.536299
-0.0338394 0.00631149 0.00692822
87
1
-2.08611 8.52689 -0.550458
-0.0344535 0.00767627 0.00838117
88
1
-2.01756 8.5114 -0.566016
-0.0342729 0.00895284 0.00824689
89
1
-1.94862 8.49387 -0.581738
-0.0329391 0.00987158 0.00750306
90
1
-1.87763 8.47411 -0.597555
-0.0346699 0.0110157 0.00798666
91
1
-1.80355 8.45217 -0.613976
-0.0384408 0.0124973 0.00884356
92
1
-1.7274 8.42808 -0.6309
-0.0379026 0.0132486 0.00823148
93
1
-1.64886 8.40169 -0.648192
-0.0382906 0.0138922 0.00798226
94
1
-1.56735 8.37429 -0.664452
-0.0423666 0.0137655 0.00703493
95
1
-1.48233 8.34725 -0.677293
-0.0435991 0.0126621 0.00565826
96
1
-1.39031 8.32001 -0.684894
-0.0468355 0.0133749 0.0036679
97
1
-1.29097 8.29232 -0.683787
-0.0550395 0.0156203 -0.00350434
98
1
-1.18326 8.26419 -0.67192
-0.054546 0.0149901 -0.00896814
99
1
-1.06925 8.23495 -0.648349
-0.0588487 0.0150674 -0.015104
100
1
-0.952859 8.20237 -0.611173
-0.0593468 0.0161125 -0.0215402
101
1
-0.834101 8.16259 -0.557565
-0.0595145 0.0207571 -0.02756
102
1
-0.711388 8.11705 -0.485908
-0.0591774 0.0232799 -0.0426673
103
1
-0.58149 8.05789 -0.380845
-0.0483568 0.0263163 -0.0544631
104
1
-0.435296 7.99132 -0.198979
-0.0433115 0.016206 -0.0625696
105
1
-0.813625 6.44364 -0.0644272
-0.040427 0.0192152 0.0102715
106
1
-0.0480285 11.2496 -0.580112
-0.000755726 -0.0198759 0.0753408
107
1
0.0480285 11.2496 -0.580112
-0.000755727 0.0198759 -0.0753408
108
1
0.813626 6.44364 -0.0644223
-0.0404268 -0.019215 -0.0102719
109
1
0.435296 7.99132 -0.198979
-0.0433115 -0.016206 0.0625696
110
1
0.58149 8.05789 -0.380845
-0.0483568 -0.0263163 0.0544631
111
1
0.711388 8.11705 -0.485908
-0.0591774 -0.0232799 0.0426673
112
1
0.834101 8.16259 -0.557565
-0.0595145 -0.0207571 0.02756
113
1
0.952859 8.20237 -0.611173
-0.0593468 -0.0161125 0.0215402
114
1
1.06925 8.23495 -0.648349
-0.0588487 -0.0150674 0.0151041
115
1
1.18326 8.26419 -0.67192
-0.054546 -0.0149901 0.00896814
116
1
1.29097 8.29232 -0.683787
-0.0550395 -0.0156203 0.00350435
117
1
1.39031 8.32001 -0.684894
-0.0468355 -0.0133749 -0.0036679
118
1
1.48233 8.34725 -0.677293
-0.0435991 -0.0126621 -0.00565826
119
1
1.56735 8.37429 -0.664452
-0.0423666 -0.0137655 -0.00703493
120
1
1.64886 8.40169 -0.648192
-0.0382906 -0.0138922 -0.00798226
121
1
1.7274 8.42808 -0.6309
-0.0379026 -0.0132486 -0.00823148
122
1
1.80355 8.45217 -0.613976
-0.0384408 -0.0124973 -0.00884356
123
1
1.87763 8.47411 -0.597555
-0.0346699 -0.0110157 -0.00798666
124
1
1.94862 8.49387 -0.581738
-0.0329391 -0.00987158 -0.00750306
125
1
2.01756 8.5114 -0.566016
-0.0342729 -0.00895284 -0.00824689
126
1
2.08611 8.52689 -0.550458
-0.0344535 -0.00767627 -0.00838117
127
1
2.15402 8.54005 -0.536299
-0.0338394 -0.00631149 -0.00692822
128
1
2.22155 8.55052 -0.523946
-0.0337627 -0.00520013 -0.00583851
129
1
2.28849 8.55811 -0.513361
-0.0333171 -0.00348926 -0.00511818
130
1
2.35401 8.56298 -0.504638
-0.0331877 -0.00156654 -0.00412228
131
1
2.4183 8.56563 -0.497863
-0.0327319 -0.000354872 -0.00296307
132
1
2.48115 8.56627 -0.493198
-0.0304052 0.000684205 -0.0013906
133
1
2.54184 8.56524 -0.490824
-0.028793 0.00157781 -0.000180534
134
1
2.60148 8.56359 -0.489597
-0.029311 0.00139181 -0.000343123
135
1
2.66083 8.56177 -0.488947
-0.0293635 0.00104808 -8.02704e-005
136
1
2.71933 8.55994 -0.48931
-0.0281696 0.00133908 0.00156151
137
1
2.77615 8.5588 -0.490198
-0.0280467 0.000867734 0.00203422
138
1
2.83114 8.55923 -0.490718
-0.0276838 -0.000291271 0.00109216
139
1
2.88415 8.56085 -0.490157
-0.0259639 -0.000626722 0.000972001
140
1
2.93523 8.56436 -0.487655
-0.0254758 -0.00123717 0.000863921
141
1
2.98491 8.5705 -0.482731
-0.0254592 -0.00332172 -0.0012459
142
1
3.03361 8.57902 -0.475002
-0.0244487 -0.00526503 -0.00352482
143
1
3.08104 8.58884 -0.463469
-0.0245741 -0.00588694 -0.00374484
144
1
3.12654 8.59858 -0.446489
-0.0235239 -0.00595039 -0.00776619
145
1
3.16866 8.60776 -0.422649
-0.0207815 -0.00695402 -0.0154122
146
1
3.20638 8.61673 -0.393669
-0.018575 -0.00658186 -0.0177074
147
1
3.23949 8.62467 -0.360925
-0.01557 -0.00424086 -0.0163358
148
1
3.26849 8.63082 -0.324478
-0.012882 -0.00203042 -0.0191248
149
1
3.29437 8.63407 -0.283773
-0.0118414 0.000840895 -0.0252798
150
1
3.3167 8.63409 -0.238818
-0.0109585 0.00323923 -0.027843
151
1
3.33515 8.63172 -0.191788
-0.00901861 0.00387919 -0.025461
152
1
3.34923 8.62843 -0.144197
-0.00625051 0.00357875 -0.0242922
153
1
3.35861 8.6259 -0.0965384
-0.00301514 0.00264648 -0.0246973
154
1
3.36381 8.62372 -0.0483443
-0.000360804 0.00101395 -0.0246432
155
1
3.36529 8.62245 6.20603e-009
-6.7684e-012 5.37961e-011 -0.0245186
156
1
3.36381 8.62372 0.0483443
0.000360804 -0.00101395 -0.0246432
157
1
3.35861 8.6259 0.0965384
0.00301514 -0.00264648 -0.0246973
158
1
3.34923 8.62843 0.144197
0.00625051 -0.00357875 -0.0242922
159
1
3.33515 8.63172 0.191788
0.00901861 -0.00387919 -0.025461
160
1
3.3167 8.63409 0.238818
0.0109585 -0.00323923 -0.027843
161
1
3.29437 8.63407 0.283773
0.0118414 -0.000840895 -0.0252798
162
1
3.26849 8.63082 0.324478
0.012882 0.00203042 -0.0191248
163
1
3.23949 8.62467 0.360925
0.01557 0.00424086 -0.0163358
164
1
3.20638 8.61673 0.393669
0.018575 0.00658186 -0.0177074
165
1
3.16866 8.60776 0.422649
0.0207815 0.00695402 -0.0154122
166
1
3.12654 8.59858 0.446489
0.0235239 0.00595039 -0.00776619
167
1
3.08104 8.58884 0.463469
0.0245741 0.00588694 -0.00374484
168
1
3.03361 8.57902 0.475002
0.0244487 0.00526503 -0.00352482
169
1
2.98491 8.5705 0.482731
0.0254592 0.00332172 -0.0012459
170
1
2.93523 8.56436 0.487655
0.0254758 0.00123717 0.000863921
171
1
2.88415 8.56085 0.490157
0.0259639 0.000626722 0.000972001
172
1
2.83114 8.55923 0.490718
0.0276838 0.000291271 0.00109216
173
1
2.77615 8.5588 0.490198
0.0280467 -0.000867734 0.00203422
174
1
2.71933 8.55994 0.48931
0.0281696 -0.00133908 0.00156151
175
1
2.66083 8.56177 0.488947
0.0293635 -0.00104808 -8.02705e-005
176
1
2.60148 8.56359 0.489597
0.029311 -0.00139181 -0.000343123
177
1
2.54184 8.56524 0.490824
0.028793 -0.00157781 -0.000180534
178
1
2.48115 8.56627 0.493198
0.0304052 -0.000684205 -0.0013906
179
1
2.4183 8.56563 0.497863
0.0327319 0.000354872 -0.00296307
180
1
2.35401 8.56298 0.504638
0.0331877 0.00156654 -0.00412228
181
1
2.28849 8.55811 0.513361
0.0333171 0.00348926 -0.00511818
182
1
2.22155 8.55052 0.523946
0.0337627 0.00520013 -0.00583851
183
1
2.15402 8.54005 0.536299
0.0338394 0.00631149 -0.00692822
184
1
2.08611 8.52689 0.550458
0.0344535 0.00767627 -0.00838117
185
1
2.01756 8.5114 0.566016
0.0342729 0.00895284 -0.00824689
186
1
1.94862 8.49387 0.581738
0.0329391 0.00987158 -0.00750306
187
1
1.87763 8.47411 0.597555
0.0346699 0.0110157 -0.00798666
188
1
1.80355 8.45217 0.613976
0.0384408 0.0124973 -0.00884356
189
1
1.7274 8.42808 0.6309
0.0379026 0.0132486 -0.00823148
190
1
1.64886 8.40169 0.648192
0.0382906 0.0138922 -0.00798226
191
1
1.56735 8.37429 0.664452
0.0423666 0.0137655 -0.00703493
192
1
1.48233 8.34725 0.677293
0.0435991 0.0126621 -0.00565826
193
1
1.39031 8.32001 0.684894
0.0468355 0.0133749 -0.0036679
