194
0
1
0.71706 12.9022 3.15126
0.0100118 0.00789296 -0.0333229
1
1
0.701233 12.8665 3.21299
0.00577063 0.0154385 -0.0250497
2
1
0.677897 12.8033 3.28696
0.010685 0.0507214 -0.0395963
3
1
0.646874 12.7282 3.34909
0.0189234 0.0414479 -0.0259675
4
1
0.59583 12.6559 3.3904
0.0355576 0.0382522 -0.00961118
5
1
0.541172 12.5964 3.4186
0.0165357 0.010605 -0.00688268
6
1
0.424129 12.5352 3.45802
0.0650776 0.0162987 -0.0110693
7
1
0.197166 12.4758 3.4992
0.0711107 0.00878406 -0.00969019
8
1
0.865103 6.46211 0.0943946
0.0508238 0.00618936 -0.00597026
9
1
0.53029 11.5052 0.842741
-0.0303404 0.00282398 -0.0533029
10
1
-0.606573 11.4218 -0.79417
-0.0455322 0.0393841 -0.0123704
11
1
-0.872263 6.46338 0.0152248
0.0477431 -0.00558872 0.0118182
12
1
-0.201805 12.4763 3.49824
0.07051 -0.00851272 0.00971686
13
1
-0.424515 12.5364 3.45969
0.0634944 -0.0162228 0.00954266
14
1
-0.535585 12.5988 3.42285
0.0152463 -0.0107381 0.00626234
15
1
-0.585578 12.6579 3.39636
0.0323577 -0.036967 0.00751159
16
1
-0.63086 12.7289 3.35436
0.0151472 -0.0412506 0.0280641
17
1
-0.65638 12.8023 3.2902
0.0068652 -0.0483231 0.0423253
18
1
-0.676687 12.8617 3.21452
0.00566112 -0.0142187 0.0257609
19
1
-0.6933 12.8946 3.15189
0.0102343 -0.00684408 0.0331796
20
1
-0.707592 12.9155 3.07377
0.00369531 -0.00456067 0.0478187
21
1
-0.716082 12.9304 2.98772
0.00598473 -0.00988336 0.03364
22
1
-0.712083 12.9431 2.88652
-0.00894495 -0.00539602 0.0758159
23
1
-0.694204 12.9539 2.79362
-0.0180241 -0.0060368 0.0346814
24
1
-0.67553 12.9625 2.72255
-0.00182304 -0.00481044 0.00792221
25
1
-0.655218 12.9805 2.66946
-0.00876025 -0.00813258 0.0168187
26
1
-0.641149 12.9932 2.6049
-0.0117456 -0.00133418 0.0374506
27
1
-0.62387 13.0035 2.54514
-0.01098 -0.0121833 0.0519216
28
1
-0.610112 13.0148 2.475
-0.0155715 -0.0104532 0.0391325
29
1
-0.603225 13.0225 2.41003
-0.00373943 -0.00140591 0.0281667
30
1
-0.604377 13.0266 2.35465
0.00874291 0.00311598 0.0199419
31
1
-0.610594 13.0282 2.30507
0.00958789 0.00288026 0.0162934
32
1
-0.618931 13.0281 2.25567
0.00252973 0.000570346 0.0123833
33
1
-0.624353 13.0286 2.20546
0.00369468 -0.00373857 0.0307115
34
1
-0.626731 13.0284 2.15186
-0.00104619 -0.00220595 0.0317491
35
1
-0.626642 13.0255 2.09298
-0.00366305 0.00549101 0.0226978
36
1
-0.623961 13.0214 2.02995
-0.0034522 0.00345502 0.0381742
37
1
-0.623456 13.0199 1.96195
0.0020506 -0.00288106 0.0491506
38
1
-0.625939 13.0196 1.89268
0.00854223 -0.00144709 0.0344297
39
1
-0.6259 13.0168 1.82652
0.00353935 0.00227851 0.0186182
40
1
-0.613593 13.0196 1.76494
-0.00365528 0.00434422 0.0326235
41
1
-0.605367 13.0316 1.70372
-0.0175224 -0.00145857 0.0523592
42
1
-0.594858 13.0445 1.6402
-0.0189629 -0.0193659 0.0473828
43
1
-0.585554 13.0668 1.5768
-0.0132016 -0.0147992 0.0366781
44
1
-0.572825 13.096 1.51647
-0.0204083 -0.0187447 0.0248054
45
1
-0.581409 13.131 1.39823
-0.0194911 -0.0325221 0.0680754
46
1
-0.577989 13.1066 1.33821
0.024885 0.0278275 -0.0153798
47
1
-0.553933 13.1087 1.32651
-0.0329281 -0.00586049 0.00424793
48
1
-0.523223 13.1048 1.3242
0.0265522 -0.0111167 0.044783
49
1
-0.481036 13.0699 1.30877
-0.0130158 0.0345242 0.00380986
50
1
-0.496343 13.0313 1.27146
-0.0575105 0.0137519 0.0101702
51
1
-0.469645 13.0956 1.24066
0.0166844 0.0111165 0.0135579
52
1
-0.4414 13.0199 1.30795
-0.0279518 -0.0722091 -0.00874049
53
1
-0.274107 13.0545 0.986142
0.0366657 0.0196255 0.0658963
54
1
-0.334267 12.9959 0.751062
-0.017009 0.0221034 0.0727598
55
1
-0.193889 12.9072 0.703788
-0.0143919 -0.0705529 -0.0297828
56
1
0.537993 15.5543 1.45438
0.0197966 -0.0323325 -0.0534899
57
1
-0.143833 13.4108 0.00971655
-0.0215929 -0.0295122 -0.0183538
58
1
-0.000875826 16.8943 -0.0616112
-0.0530261 0.0252472 0.0041044
59
1
-0.129281 13.407 -0.0506305
0.022641 0.0284878 -0.0111705
60
1
-0.433454 15.5896 -1.39475
0.0353247 -0.0331771 -0.0431537
61
1
-0.252631 12.5452 -0.985333
0.0222534 0.00217711 -0.0137674
62
1
-0.204338 12.8019 -0.985641
-0.0358757 -0.0401093 0.0563563
63
1
-0.169887 13.0295 -1.21477
-0.0493454 -0.0529322 0.0288975
64
1
-0.208754 12.8136 -1.45328
-0.023285 -0.0109088 0.0735572
65
1
-0.213411 13.069 -1.55309
-0.033227 0.0178389 -0.0214369
66
1
-0.265877 13.0981 -1.5671
0.0312939 0.0181032 -0.00841074
67
1
-0.282321 13.1294 -1.57662
0.0658475 -0.00325704 -0.0114453
68
1
-0.288229 13.0476 -1.58484
0.00196743 0.0665865 -0.0174262
69
1
-0.315769 13.0345 -1.57831
-0.00566005 -0.0716404 0.0301241
70
1
-0.302321 13.0231 -1.60973
-0.029505 -0.0448126 0.0565079
71
1
-0.290846 13.0351 -1.63439
-0.00537339 -0.00602409 0.0547725
72
1
-0.304011 13.0251 -1.67597
0.0235704 0.00337265 0.0285595
73
1
-0.335891 13.038 -1.71925
0.0156349 -0.00046524 0.0291635
74
1
-0.363071 13.0345 -1.76739
0.0336779 -0.00202567 0.0270536
75
1
-0.405433 13.0564 -1.8093
0.0297063 -0.0106988 0.0305037
76
1
-0.436277 13.07 -1.85707
0.00765908 -0.00444859 0.0244894
77
1
-0.453552 13.0827 -1.91105
-0.000210334 -0.000593627 0.0205901
78
1
-0.466637 13.0862 -1.96889
-2.17567e-005 0.00193438 0.032498
79
1
-0.482046 13.0894 -2.02954
0.00818815 0.000726125 0.0387085
80
1
-0.498916 13.0947 -2.08833
0.0126026 -0.0054163 0.0299329
81
1
-0.516243 13.1016 -2.14351
0.0119194 -0.00612448 0.0212076
82
1
-0.529798 13.105 -2.196
0.00805623 0.00173472 0.0256385
83
1
-0.540243 13.1049 -2.24455
0.00256374 0.00347406 0.0258258
84
1
-0.547596 13.1039 -2.29188
0.00116362 0.000116612 0.0138096
85
1
-0.551998 13.1033 -2.34122
-0.00498715 -0.00180849 0.0194117
86
1
-0.557042 13.1006 -2.3922
-0.00361352 -0.0018222 0.0232519
87
1
-0.567093 13.0933 -2.44786
0.0087149 0.00332015 0.0285504
88
1
-0.584043 13.0801 -2.50956
0.0182502 0.0134063 0.0329727
89
1
-0.606969 13.0614 -2.57438
0.0164001 0.0184009 0.0433465
90
1
-0.631706 13.0441 -2.63132
0.0174954 0.0072774 0.0376127
91
1
-0.653645 13.0236 -2.69218
0.0109648 0.00960747 0.0173819
92
1
-0.680184 13.0011 -2.74277
0.00271993 0.00549694 0.00840495
93
1
-0.702235 12.9843 -2.81046
0.019622 0.00952924 0.0324402
94
1
-0.724556 12.9663 -2.8979
0.0145214 0.0103743 0.0658289
95
1
-0.733445 12.9467 -2.99106
-0.00346799 0.0113544 0.0318581
96
1
-0.728759 12.9267 -3.07456
-0.00232831 0.00713997 0.0486991
97
1
-0.71706 12.9022 -3.15125
-0.0100114 0.00789292 0.0333231
98
1
-0.701234 12.8666 -3.21298
-0.00577036 0.0154386 0.02505
99
1
-0.677898 12.8033 -3.28695
-0.0106849 0.0507215 0.039597
100
1
-0.646876 12.7282 -3.34908
-0.0189233 0.0414481 0.0259681
101
1
-0.595833 12.6559 -3.3904
-0.0355575 0.0382528 0.00961235
102
1
-0.541175 12.5965 -3.41859
-0.0165357 0.0106052 0.00688305
103
1
-0.424131 12.5353 -3.45802
-0.0650774 0.0162993 0.0110701
104
1
-0.197169 12.4758 -3.49919
-0.0711107 0.00878444 0.00969055
105
1
-0.865253 6.46213 -0.0935983
-0.0508031 0.00618258 0.00605711
106
1
-0.529629 11.5055 -0.842682
0.0302992 0.00278835 0.053328
107
1
0.607162 11.4215 0.794134
0.0455476 0.0393503 0.0123478
108
1
0.872308 6.4634 -0.0144152
-0.0477133 -0.00558351 -0.0118982
109
1
0.201803 12.4763 -3.49824
-0.0705102 -0.00851293 -0.00971694
110
1
0.424513 12.5364 -3.45969
-0.0634948 -0.016223 -0.00954341
111
1
0.535584 12.5988 -3.42285
-0.0152465 -0.0107381 -0.00626271
112
1
0.585577 12.6579 -3.39635
-0.0323581 -0.0369674 -0.00751287
113
1
0.63086 12.7289 -3.35435
-0.0151476 -0.0412505 -0.0280643
114
1
0.65638 12.8023 -3.29019
-0.0068654 -0.0483234 -0.0423255
115
1
0.676687 12.8617 -3.21451
-0.00566078 -0.0142188 -0.0257611
116
1
0.693299 12.8947 -3.15188
-0.0102338 -0.00684406 -0.0331799
117
1
0.707589 12.9155 -3.07376
-0.00369438 -0.00456089 -0.0478194
118
1
0.716078 12.9304 -2.98771
-0.00598354 -0.00988354 -0.03364
119
1
0.712077 12.9431 -2.88651
0.00894705 -0.00539767 -0.0758152
120
1
0.694196 12.9539 -2.79361
0.0180247 -0.00603802 -0.0346823
121
1
0.675521 12.9625 -2.72254
0.00182337 -0.0048107 -0.00792286
122
1
0.655207 12.9805 -2.66945
0.00876062 -0.00813327 -0.0168196
123
1
0.641136 12.9932 -2.60488
0.0117462 -0.00133658 -0.0374513
124
1
0.623854 13.0036 -2.54512
0.0109816 -0.0121867 -0.0519229
125
1
0.610094 13.0148 -2.47498
0.0155733 -0.0104556 -0.0391348
126
1
0.603203 13.0225 -2.41
0.00374117 -0.00140774 -0.0281686
127
1
0.604352 13.0267 -2.35463
-0.00874129 0.00311456 -0.0199424
128
1
0.610564 13.0282 -2.30504
-0.00958616 0.0028791 -0.0162935
129
1
0.618896 13.0281 -2.25564
-0.00252817 0.000569238 -0.0123839
130
1
0.624309 13.0287 -2.20543
-0.00368943 -0.00374094 -0.0307131
131
1
0.626678 13.0285 -2.15182
0.00105291 -0.00220923 -0.0317528
132
1
0.626573 13.0256 -2.09293
0.00366833 0.00548705 -0.0227019
133
1
0.623869 13.0215 -2.02989
0.00346494 0.00344786 -0.0381832
134
1
0.623329 13.02 -1.96188
-0.00202623 -0.0028902 -0.0491624
135
1
0.625766 13.0197 -1.8926
-0.00851959 -0.00145211 -0.0344363
136
1
0.625668 13.0169 -1.82641
-0.00352534 0.00227559 -0.0186258
137
1
0.613275 13.0198 -1.76481
0.00369257 0.00434423 -0.032653
138
1
0.605008 13.0317 -1.70353
0.0175987 -0.00144301 -0.0524559
139
1
0.59447 13.0446 -1.63985
0.0191193 -0.0193578 -0.0475415
140
1
0.585012 13.0668 -1.57636
0.0132948 -0.0148817 -0.0368322
141
1
0.572263 13.0961 -1.5159
0.0203334 -0.0187344 -0.0249244
142
1
0.581058 13.1307 -1.39755
0.0194231 -0.0323272 -0.0681876
143
1
0.577578 13.1061 -1.33775
-0.0251867 0.027998 0.0159325
144
1
0.55352 13.1083 -1.32611
0.0329729 -0.0057607 -0.00462452
145
1
0.522977 13.1046 -1.32333
-0.0265623 -0.0112546 -0.0441202
146
1
0.480917 13.0694 -1.30784
0.0132926 0.0347157 -0.0043341
147
1
0.49632 13.0309 -1.27064
0.0581867 0.0141031 -0.0103508
148
1
0.469407 13.0951 -1.23956
-0.0168192 0.0110458 -0.0134603
149
1
0.440704 13.0204 -1.30787
0.0277976 -0.0722744 0.00869236
150
1
0.274747 13.0549 -0.985335
-0.0367127 0.0194091 -0.0659341
151
1
0.335152 12.9962 -0.748726
0.017624 0.0220912 -0.072617
152
1
0.193964 12.909 -0.703136
0.013656 -0.0707681 0.0296182
153
1
-0.537927 15.5543 -1.4544
-0.0197839 -0.032327 0.0534981
154
1
0.143774 13.4108 -0.00970978
0.0215944 -0.0295106 0.0183519
155
1
0.0008893 16.8943 0.0616585
0.0530261 0.0252468 -0.00410395
156
1
0.129223 13.407 0.0506346
-0.0226416 0.0284829 0.0111712
157
1
0.433538 15.5896 1.3947
-0.035339 -0.0331708 0.0431461
158
1
0.252658 12.5453 0.985284
-0.0221697 0.00215216 0.0137776
159
1
0.204386 12.8021 0.985663
0.0358409 -0.040103 -0.0563829
160
1
0.169903 13.0295 1.21479
0.0493397 -0.0529041 -0.0289587
161
1
0.209171 12.8137 1.45308
0.0232694 -0.0108937 -0.0735643
162
1
0.213694 13.0697 1.55303
0.0336879 0.0183459 0.0221362
163
1
0.266335 13.0986 1.56705
-0.0314182 0.0178761 0.00812255
164
1
0.282778 13.1297 1.57656
-0.0662745 -0.0033679 0.0111325
165
1
0.288741 13.0478 1.58481
-0.00223152 0.0669203 0.0178417
166
1
0.316161 13.0346 1.57841
0.00572498 -0.071572 -0.0302742
167
1
0.302662 13.0233 1.60997
0.0295099 -0.0448538 -0.0564726
168
1
0.291121 13.0355 1.63471
0.00555711 -0.0059935 -0.0547701
169
1
0.304137 13.0256 1.67641
-0.0234794 0.00357891 -0.0283439
170
1
0.335937 13.0381 1.71949
-0.0156377 -0.000367254 -0.0290507
171
1
0.362951 13.0344 1.76756
-0.0337271 -0.00208319 -0.0270481
172
1
0.405314 13.0562 1.80946
-0.029739 -0.0107892 -0.030493
173
1
0.436215 13.0698 1.85717
-0.00766165 -0.00447986 -0.0244795
174
1
0.453521 13.0826 1.91112
0.000209286 -0.000605584 -0.0205858
175
1
0.466618 13.0861 1.96894
2.07571e-005 0.00192349 -0.032494
176
1
0.482032 13.0894 2.02959
-0.00818833 0.000717498 -0.0387048
177
1
0.498903 13.0946 2.08837
-0.012603 -0.0054221 -0.0299302
178
1
0.51623 13.1015 2.14355
-0.01192 -0.00612828 -0.0212065
179
1
0.529785 13.105 2.19603
-0.00805599 0.00173205 -0.025637
180
1
0.540231 13.1049 2.24458
-0.00256349 0.00347218 -0.025825
181
1
0.547585 13.1039 2.29191
-0.00116368 0.000115644 -0.0138094
182
1
0.551989 13.1032 2.34125
0.00498686 -0.00180946 -0.0194117
183
1
0.557034 13.1006 2.39222
0.00361301 -0.00182332 -0.0232516
184
1
0.567086 13.0933 2.44788
-0.00871546 0.00331868 -0.0285492
185
1
0.584036 13.08 2.50959
-0.0182506 0.0134044 -0.0329709
186
1
0.606964 13.0614 2.57441
-0.0164012 0.0183988 -0.0433449
187
1
0.631702 13.0441 2.63134
-0.0174969 0.00727589 -0.0376125
188
1
0.653642 13.0236 2.6922
-0.0109651 0.00960685 -0.0173814
189
1
0.680183 13.001 2.74279
-0.00271985 0.00549669 -0.00840443
190
1
0.702234 12.9843 2.81048
-0.0196222 0.00952855 -0.0324394
191
1
0.724556 12.9662 2.89791
-0.0145213 0.0103735 -0.0658286
192
1
0.733445 12.9467 2.99108
0.00346847 0.0113542 -0.0318578
193
1
0.728759 12.9267 3.07457
0.00232869 0.00713998 -0.0486986
