194
0
1
0.897088 4.62237 0.648892
0.0381674 -0.0195486 0.0265274
1
1
0.824018 4.66132 0.591469
0.0368245 -0.0214231 0.0306495
2
1
0.750965 4.70664 0.526631
0.0360063 -0.0250468 0.0344656
3
1
0.681129 4.76094 0.455673
0.0322941 -0.0298865 0.0381576
4
1
0.614581 4.82727 0.380237
0.0315536 -0.0364832 0.038959
5
1
0.549295 4.90624 0.304886
0.0307607 -0.0435658 0.0375662
6
1
0.478842 4.99757 0.234046
0.0357087 -0.0511489 0.0345274
7
1
0.391975 5.09706 0.17333
0.0467515 -0.0560291 0.0273294
8
1
0.271389 5.19466 0.127787
0.061643 -0.0452721 0.014914
9
1
0.10059 5.26289 0.10386
0.0757598 -0.0179302 0.00328765
10
1
-0.10059 5.26289 0.10386
0.0757598 0.0179302 -0.00328765
11
1
-0.271389 5.19466 0.127787
0.061643 0.0452721 -0.014914
12
1
-0.391975 5.09706 0.17333
0.0467515 0.0560291 -0.0273294
13
1
-0.478842 4.99757 0.234046
0.0357087 0.0511489 -0.0345274
14
1
-0.549295 4.90624 0.304886
0.0307607 0.0435658 -0.0375662
15
1
-0.614581 4.82727 0.380237
0.0315536 0.0364832 -0.038959
16
1
-0.681129 4.76094 0.455673
0.0322941 0.0298865 -0.0381576
17
1
-0.750965 4.70664 0.526631
0.0360063 0.0250468 -0.0344656
18
1
-0.824018 4.66132 0.591469
0.0368245 0.0214231 -0.0306495
19
1
-0.897088 4.62237 0.648892
0.0381674 0.0195486 -0.0265274
20
1
-0.968455 4.58798 0.699039
0.0369801 0.0162898 -0.0226262
21
1
-1.03695 4.55768 0.743369
0.0337336 0.0135731 -0.0202157
22
1
-1.1029 4.53156 0.782651
0.0331735 0.0120724 -0.0185585
23
1
-1.16747 4.50965 0.818082
0.030682 0.00936639 -0.0170913
24
1
-1.2304 4.49232 0.850048
0.0299688 0.00736652 -0.0164175
25
1
-1.2921 4.4789 0.878387
0.0302583 0.00588086 -0.0143676
26
1
-1.35299 4.46897 0.902465
0.0290746 0.00373096 -0.0116995
27
1
-1.41324 4.46204 0.921511
0.0291167 0.00204652 -0.00916969
28
1
-1.4732 4.45772 0.935999
0.0300399 0.00122664 -0.00676135
29
1
-1.53313 4.45541 0.946112
0.0295887 0.000585158 -0.00439548
30
1
-1.59285 4.4539 0.952067
0.0293031 0.000339315 -0.00183072
31
1
-1.6525 4.45236 0.954387
0.0299198 0.000605793 0.000709684
32
1
-1.71221 4.45087 0.953245
0.030035 0.000376817 0.00240892
33
1
-1.77178 4.44946 0.949006
0.0297029 -1.25238e-005 0.00335232
34
1
-1.83084 4.44751 0.942415
0.0295885 0.000748139 0.00387196
35
1
-1.88909 4.44432 0.934296
0.0290054 0.00184586 0.00422638
36
1
-1.94626 4.44019 0.924547
0.0276344 0.00199825 0.00468601
37
1
-2.00257 4.43574 0.912411
0.0269967 0.00187138 0.00548613
38
1
-2.05875 4.43142 0.897474
0.0278747 0.0020848 0.00667491
39
1
-2.11498 4.42827 0.879926
0.0286786 0.00172475 0.00802285
40
1
-2.1705 4.42727 0.859898
0.0282469 0.000511602 0.00966506
41
1
-2.22455 4.42843 0.837357
0.0273558 -0.000355092 0.0115891
42
1
-2.27691 4.43078 0.811724
0.0263701 -0.000587868 0.0136431
43
1
-2.32802 4.43336 0.782848
0.025228 -0.000774754 0.0161715
44
1
-2.37807 4.43584 0.749881
0.0243821 -0.00110696 0.0189546
45
1
-2.42722 4.43842 0.712238
0.02424 -0.00141058 0.0211166
46
1
-2.47502 4.44188 0.670124
0.0240644 -0.00189875 0.0228031
47
1
-2.52057 4.44642 0.624258
0.0230558 -0.00295985 0.0246646
48
1
-2.56319 4.45163 0.57535
0.0216645 -0.00367515 0.0263341
49
1
-2.60257 4.45693 0.524066
0.0201915 -0.00292444 0.0275747
50
1
-2.63859 4.46134 0.471186
0.0182467 -0.00176698 0.0282739
51
1
-2.67044 4.46432 0.416741
0.0157252 -0.00132256 0.0288274
52
1
-2.69744 4.46584 0.360362
0.012725 -0.000864144 0.0295157
53
1
-2.71911 4.46559 0.302114
0.00969174 0.000141238 0.0303397
54
1
-2.73555 4.46385 0.242506
0.00719309 0.00123996 0.0310324
55
1
-2.74763 4.46123 0.182161
0.00530632 0.00172071 0.0313997
56
1
-2.75603 4.45887 0.121537
0.00353885 0.00145134 0.0313098
57
1
-2.76126 4.4574 0.0607887
0.0016968 0.000726484 0.0308847
58
1
-2.76293 4.45685 -2.5823e-015
-1.25664e-017 -7.55646e-017 0.0306264
59
1
-2.76126 4.4574 -0.0607887
-0.0016968 -0.000726484 0.0308847
60
1
-2.75603 4.45887 -0.121537
-0.00353885 -0.00145134 0.0313098
61
1
-2.74763 4.46123 -0.182161
-0.00530632 -0.00172071 0.0313997
62
1
-2.73555 4.46385 -0.242506
-0.00719309 -0.00123996 0.0310324
63
1
-2.71911 4.46559 -0.302114
-0.00969174 -0.000141238 0.0303397
64
1
-2.69744 4.46584 -0.360362
-0.012725 0.000864144 0.0295157
65
1
-2.67044 4.46432 -0.416741
-0.0157252 0.00132256 0.0288274
66
1
-2.63859 4.46134 -0.471186
-0.0182467 0.00176698 0.0282739
67
1
-2.60257 4.45693 -0.524066
-0.0201915 0.00292444 0.0275747
68
1
-2.56319 4.45163 -0.57535
-0.0216645 0.00367515 0.0263341
69
1
-2.52057 4.44642 -0.624258
-0.0230558 0.00295985 0.0246646
70
1
-2.47502 4.44188 -0.670124
-0.0240644 0.00189875 0.0228031
71
1
-2.42722 4.43842 -0.712238
-0.02424 0.00141058 0.0211166
72
1
-2.37807 4.43584 -0.749881
-0.0243821 0.00110696 0.0189546
73
1
-2.32802 4.43336 -0.782848
-0.025228 0.000774754 0.0161715
74
1
-2.27691 4.43078 -0.811724
-0.0263701 0.000587868 0.0136431
75
1
-2.22455 4.42843 -0.837357
-0.0273558 0.000355092 0.0115891
76
1
-2.1705 4.42727 -0.859898
-0.0282469 -0.000511602 0.00966506
77
1
-2.11498 4.42827 -0.879926
-0.0286786 -0.00172475 0.00802285
78
1
-2.05875 4.43142 -0.897474
-0.0278747 -0.0020848 0.00667491
79
1
-2.00257 4.43574 -0.912411
-0.0269967 -0.00187138 0.00548613
80
1
-1.94626 4.44019 -0.924547
-0.0276344 -0.00199825 0.00468601
81
1
-1.88909 4.44432 -0.934296
-0.0290054 -0.00184586 0.00422638
82
1
-1.83084 4.44751 -0.942415
-0.0295885 -0.000748139 0.00387196
83
1
-1.77178 4.44946 -0.949006
-0.0297029 1.25238e-005 0.00335232
84
1
-1.71221 4.45087 -0.953245
-0.030035 -0.000376817 0.00240892
85
1
-1.6525 4.45236 -0.954387
-0.0299198 -0.000605793 0.000709684
86
1
-1.59285 4.4539 -0.952067
-0.0293031 -0.000339315 -0.00183072
87
1
-1.53313 4.45541 -0.946112
-0.0295887 -0.000585158 -0.00439548
88
1
-1.4732 4.45772 -0.935999
-0.0300399 -0.00122664 -0.00676135
89
1
-1.41324 4.46204 -0.921511
-0.0291167 -0.00204652 -0.00916969
90
1
-1.35299 4.46897 -0.902465
-0.0290746 -0.00373096 -0.0116995
91
1
-1.2921 4.4789 -0.878387
-0.0302583 -0.00588086 -0.0143676
92
1
-1.2304 4.49232 -0.850048
-0.0299688 -0.00736652 -0.0164175
93
1
-1.16747 4.50965 -0.818082
-0.030682 -0.00936639 -0.0170913
94
1
-1.1029 4.53156 -0.782651
-0.0331735 -0.0120724 -0.0185585
95
1
-1.03695 4.55768 -0.743369
-0.0337336 -0.0135731 -0.0202157
96
1
-0.968455 4.58798 -0.699039
-0.0369801 -0.0162898 -0.0226262
97
1
-0.897088 4.62237 -0.648892
-0.0381674 -0.0195486 -0.0265274
98
1
-0.824018 4.66132 -0.591469
-0.0368245 -0.0214231 -0.0306495
99
1
-0.750965 4.70664 -0.526631
-0.0360063 -0.0250468 -0.0344656
100
1
-0.681129 4.76094 -0.455673
-0.0322941 -0.0298865 -0.0381576
101
1
-0.614581 4.82727 -0.380237
-0.0315536 -0.0364832 -0.038959
102
1
-0.549295 4.90624 -0.304886
-0.0307607 -0.0435658 -0.0375662
103
1
-0.478842 4.99757 -0.234046
-0.0357087 -0.0511489 -0.0345274
104
1
-0.391975 5.09706 -0.17333
-0.0467515 -0.0560291 -0.0273294
105
1
-0.271389 5.19466 -0.127787
-0.061643 -0.0452721 -0.014914
106
1
-0.10059 5.26289 -0.10386
-0.0757598 -0.0179302 -0.00328765
107
1
0.10059 5.26289 -0.10386
-0.0757598 0.0179302 0.00328765
108
1
0.271389 5.19466 -0.127787
-0.061643 0.0452721 0.014914
109
1
0.391975 5.09706 -0.17333
-0.0467515 0.0560291 0.0273294
110
1
0.478842 4.99757 -0.234046
-0.0357087 0.0511489 0.0345274
111
1
0.549295 4.90624 -0.304886
-0.0307607 0.0435658 0.0375662
112
1
0.614581 4.82727 -0.380237
-0.0315536 0.0364832 0.038959
113
1
0.681129 4.76094 -0.455673
-0.0322941 0.0298865 0.0381576
114
1
0.750965 4.70664 -0.526631
-0.0360063 0.0250468 0.0344656
115
1
0.824018 4.66132 -0.591469
-0.0368245 0.0214231 0.0306495
116
1
0.897088 4.62237 -0.648892
-0.0381674 0.0195486 0.0265274
117
1
0.968455 4.58798 -0.699039
-0.0369801 0.0162898 0.0226262
118
1
1.03695 4.55768 -0.743369
-0.0337336 0.0135731 0.0202157
119
1
1.1029 4.53156 -0.782651
-0.0331735 0.0120724 0.0185585
120
1
1.16747 4.50965 -0.818082
-0.030682 0.00936639 0.0170913
121
1
1.2304 4.49232 -0.850048
-0.0299688 0.00736652 0.0164175
122
1
1.2921 4.4789 -0.878387
-0.0302583 0.00588086 0.0143676
123
1
1.35299 4.46897 -0.902465
-0.0290746 0.00373096 0.0116995
124
1
1.41324 4.46204 -0.921511
-0.0291167 0.00204652 0.00916969
125
1
1.4732 4.45772 -0.935999
-0.0300399 0.00122664 0.00676135
126
1
1.53313 4.45541 -0.946112
-0.0295887 0.000585158 0.00439548
127
1
1.59285 4.4539 -0.952067
-0.0293031 0.000339315 0.00183072
128
1
1.6525 4.45236 -0.954387
-0.0299198 0.000605793 -0.000709684
129
1
1.71221 4.45087 -0.953245
-0.030035 0.000376817 -0.00240892
130
1
1.77178 4.44946 -0.949006
-0.0297029 -1.25238e-005 -0.00335232
131
1
1.83084 4.44751 -0.942415
-0.0295885 0.000748139 -0.00387196
132
1
1.88909 4.44432 -0.934296
-0.0290054 0.00184586 -0.00422638
133
1
1.94626 4.44019 -0.924547
-0.0276344 0.00199825 -0.00468601
134
1
2.00257 4.43574 -0.912411
-0.0269967 0.00187138 -0.00548613
135
1
2.05875 4.43142 -0.897474
-0.0278747 0.0020848 -0.00667491
136
1
2.11498 4.42827 -0.879926
-0.0286786 0.00172475 -0.00802285
137
1
2.1705 4.42727 -0.859898
-0.0282469 0.000511602 -0.00966506
138
1
2.22455 4.42843 -0.837357
-0.0273558 -0.000355092 -0.0115891
139
1
2.27691 4.43078 -0.811724
-0.0263701 -0.000587868 -0.0136431
140
1
2.32802 4.43336 -0.782848
-0.025228 -0.000774754 -0.0161715
141
1
2.37807 4.43584 -0.749881
-0.0243821 -0.00110696 -0.0189546
142
1
2.42722 4.43842 -0.712238
-0.02424 -0.00141058 -0.0211166
143
1
2.47502 4.44188 -0.670124
-0.0240644 -0.00189875 -0.0228031
144
1
2.52057 4.44642 -0.624258
-0.0230558 -0.00295985 -0.0246646
145
1
2.56319 4.45163 -0.57535
-0.0216645 -0.00367515 -0.0263341
146
1
2.60257 4.45693 -0.524066
-0.0201915 -0.00292444 -0.0275747
147
1
2.63859 4.46134 -0.471186
-0.0182467 -0.00176698 -0.0282739
148
1
2.67044 4.46432 -0.416741
-0.0157252 -0.00132256 -0.0288274
149
1
2.69744 4.46584 -0.360362
-0.012725 -0.000864144 -0.0295157
150
1
2.71911 4.46559 -0.302114
-0.00969174 0.000141238 -0.0303397
151
1
2.73555 4.46385 -0.242506
-0.00719309 0.00123996 -0.0310324
152
1
2.74763 4.46123 -0.182161
-0.00530632 0.00172071 -0.0313997
153
1
2.75603 4.45887 -0.121537
-0.00353885 0.00145134 -0.0313098
154
1
2.76126 4.4574 -0.0607887
-0.0016968 0.000726484 -0.0308847
155
1
2.76293 4.45685 -6.16541e-015
5.33243e-016 9.28505e-017 -0.0306264
156
1
2.76126 4.4574 0.0607887
0.0016968 -0.000726484 -0.0308847
157
1
2.75603 4.45887 0.121537
0.00353885 -0.00145134 -0.0313098
158
1
2.74763 4.46123 0.182161
0.00530632 -0.00172071 -0.0313997
159
1
2.73555 4.46385 0.242506
0.00719309 -0.00123996 -0.0310324
160
1
2.71911 4.46559 0.302114
0.00969174 -0.000141238 -0.0303397
161
1
2.69744 4.46584 0.360362
0.012725 0.000864144 -0.0295157
162
1
2.67044 4.46432 0.416741
0.0157252 0.00132256 -0.0288274
163
1
2.63859 4.46134 0.471186
0.0182467 0.00176698 -0.0282739
164
1
2.60257 4.45693 0.524066
0.0201915 0.00292444 -0.0275747
165
1
2.56319 4.45163 0.57535
0.0216645 0.00367515 -0.0263341
166
1
2.52057 4.44642 0.624258
0.0230558 0.00295985 -0.0246646
167
1
2.47502 4.44188 0.670124
0.0240644 0.00189875 -0.0228031
168
1
2.42722 4.43842 0.712238
0.02424 0.00141058 -0.0211166
169
1
2.37807 4.43584 0.749881
0.0243821 0.00110696 -0.0189546
170
1
2.32802 4.43336 0.782848
0.025228 0.000774754 -0.0161715
171
1
2.27691 4.43078 0.811724
0.0263701 0.000587868 -0.0136431
172
1
2.22455 4.42843 0.837357
0.0273558 0.000355092 -0.0115891
173
1
2.1705 4.42727 0.859898
0.0282469 -0.000511602 -0.00966506
174
1
2.11498 4.42827 0.879926
0.0286786 -0.00172475 -0.00802285
175
1
2.05875 4.43142 0.897474
0.0278747 -0.0020848 -0.00667491
176
1
2.00257 4.43574 0.912411
0.0269967 -0.00187138 -0.00548613
177
1
1.94626 4.44019 0.924547
0.0276344 -0.00199825 -0.00468601
178
1
1.88909 4.44432 0.934296
0.0290054 -0.00184586 -0.00422638
179
1
1.83084 4.44751 0.942415
0.0295885 -0.000748139 -0.00387196
180
1
1.77178 4.44946 0.949006
0.0297029 1.25238e-005 -0.00335232
181
1
1.71221 4.45087 0.953245
0.030035 -0.000376817 -0.00240892
182
1
1.6525 4.45236 0.954387
0.0299198 -0.000605793 -0.000709684
183
1
1.59285 4.4539 0.952067
0.0293031 -0.000339315 0.00183072
184
1
1.53313 4.45541 0.946112
0.0295887 -0.000585158 0.00439548
185
1
1.4732 4.45772 0.935999
0.0300399 -0.00122664 0.00676135
186
1
1.41324 4.46204 0.921511
0.0291167 -0.00204652 0.00916969
187
1
1.35299 4.46897 0.902465
0.0290746 -0.00373096 0.0116995
188
1
1.2921 4.4789 0.878387
0.0302583 -0.00588086 0.0143676
189
1
1.2304 4.49232 0.850048
0.0299688 -0.00736652 0.0164175
190
1
1.16747 4.50965 0.818082
0.030682 -0.00936639 0.0170913
191
1
1.1029 4.53156 0.782651
0.0331735 -0.0120724 0.0185585
192
1
1.03695 4.55768 0.743369
0.0337336 -0.0135731 0.0202157
193
1
0.968455 4.58798 0.699039
0.0369801 -0.0162898 0.0226262
