194
0
1
1.22013 6.18945 1.08715
0.0225225 -0.00655158 0.0396135
1
1
1.17286 6.20217 1.00877
0.0223953 -0.00674344 0.0428716
2
1
1.12531 6.21421 0.918024
0.0220705 -0.00567894 0.0490527
3
1
1.07896 6.22196 0.81657
0.0235343 -0.00190688 0.0544268
4
1
1.03289 6.21936 0.701235
0.0217768 0.00648936 0.0597449
5
1
0.990214 6.20126 0.570683
0.0184708 0.014877 0.0726008
6
1
0.955592 6.1578 0.415289
0.0107751 0.0233168 0.0735668
7
1
0.917442 6.08938 0.210479
0.0141631 0.0336958 0.0688175
8
1
0.706554 5.9434 0.0824492
0.0309201 0.0239478 -0.0133809
9
1
0.0506949 7.86935 0.621751
0.00101359 0.0150415 -0.0764498
10
1
-0.0506949 7.86935 0.621751
0.00101359 -0.0150415 0.0764498
11
1
-0.706554 5.9434 0.0824492
0.0309201 -0.0239478 0.0133809
12
1
-0.917442 6.08938 0.210479
0.0141631 -0.0336958 -0.0688175
13
1
-0.955592 6.1578 0.415289
0.0107751 -0.0233168 -0.0735668
14
1
-0.990214 6.20126 0.570683
0.0184708 -0.014877 -0.0726008
15
1
-1.03289 6.21936 0.701235
0.0217768 -0.00648936 -0.0597449
16
1
-1.07896 6.22196 0.81657
0.0235343 0.00190688 -0.0544268
17
1
-1.12531 6.21421 0.918024
0.0220705 0.00567894 -0.0490527
18
1
-1.17286 6.20217 1.00877
0.0223953 0.00674344 -0.0428716
19
1
-1.22013 6.18945 1.08715
0.0225225 0.00655158 -0.0396135
20
1
-1.26694 6.17706 1.1537
0.021694 0.00644125 -0.0322174
21
1
-1.31356 6.16444 1.2085
0.0217499 0.00607229 -0.0250409
22
1
-1.36028 6.15103 1.25183
0.023369 0.00707751 -0.0201483
23
1
-1.40818 6.13566 1.28656
0.0236307 0.00736853 -0.015317
24
1
-1.45684 6.11822 1.31262
0.0243578 0.00798528 -0.011314
25
1
-1.50578 6.09938 1.3299
0.0247641 0.00953984 -0.00699575
26
1
-1.55486 6.08051 1.33912
0.0233933 0.00967612 -0.00245699
27
1
-1.6034 6.06271 1.34162
0.0232492 0.00921873 0.000782275
28
1
-1.6518 6.04608 1.33926
0.0240281 0.00907572 0.00248479
29
1
-1.70031 6.03045 1.33253
0.0238928 0.00852858 0.00450284
30
1
-1.74838 6.01567 1.32161
0.0237534 0.00790209 0.00671332
31
1
-1.79595 6.00214 1.30715
0.0237571 0.00672318 0.00820976
32
1
-1.84297 5.99052 1.28908
0.023275 0.0051532 0.00986811
33
1
-1.88918 5.98117 1.26751
0.0229249 0.00410636 0.0118856
34
1
-1.93455 5.97457 1.24308
0.0226352 0.00267013 0.0129122
35
1
-1.97914 5.97109 1.21672
0.0218037 0.000581152 0.0135095
36
1
-2.02288 5.97044 1.18867
0.0209146 -0.00069004 0.0141871
37
1
-2.06634 5.97154 1.15882
0.0207153 -0.00125478 0.015031
38
1
-2.1104 5.97396 1.12683
0.0212385 -0.00224905 0.0166159
39
1
-2.15507 5.97774 1.0922
0.0217994 -0.00316011 0.0185316
40
1
-2.19941 5.98224 1.05488
0.0221333 -0.00299539 0.0199101
41
1
-2.24282 5.98678 1.0152
0.0220698 -0.00276125 0.0208293
42
1
-2.28511 5.99199 0.973261
0.0213287 -0.00343847 0.0218035
43
1
-2.32656 5.99808 0.929223
0.0206734 -0.004107 0.0229544
44
1
-2.36708 6.00493 0.882448
0.0204365 -0.00423346 0.0244044
45
1
-2.40619 6.01211 0.831736
0.0196882 -0.00446784 0.0265747
46
1
-2.44335 6.01947 0.776923
0.0182509 -0.00449812 0.029158
47
1
-2.47792 6.02656 0.718494
0.0169563 -0.00370571 0.03133
48
1
-2.50963 6.03297 0.656961
0.0155985 -0.00257249 0.0332568
49
1
-2.53885 6.03858 0.593249
0.0141896 -0.0018859 0.0347895
50
1
-2.56562 6.04343 0.528301
0.0131055 -0.00193837 0.0349087
51
1
-2.59015 6.04819 0.462883
0.0121295 -0.0023665 0.0344383
52
1
-2.61238 6.05321 0.397113
0.0108219 -0.00277114 0.0340638
53
1
-2.63191 6.05857 0.331095
0.00943145 -0.0026886 0.0338535
54
1
-2.64859 6.06382 0.265002
0.00815171 -0.00218293 0.033867
55
1
-2.66203 6.06856 0.198803
0.00668941 -0.00219524 0.0341382
56
1
-2.67212 6.07266 0.132635
0.00473838 -0.00259004 0.0342095
57
1
-2.67843 6.07554 0.0663337
0.00240243 -0.00205719 0.0337841
58
1
-2.68053 6.07674 -9.75082e-013
-1.40981e-014 1.19967e-015 0.0334462
59
1
-2.67843 6.07554 -0.0663337
-0.00240243 0.00205719 0.0337841
60
1
-2.67212 6.07266 -0.132635
-0.00473838 0.00259004 0.0342095
61
1
-2.66203 6.06856 -0.198803
-0.00668941 0.00219524 0.0341382
62
1
-2.64859 6.06382 -0.265002
-0.00815171 0.00218293 0.033867
63
1
-2.63191 6.05857 -0.331095
-0.00943145 0.0026886 0.0338535
64
1
-2.61238 6.05321 -0.397113
-0.0108219 0.00277114 0.0340638
65
1
-2.59015 6.04819 -0.462883
-0.0121295 0.0023665 0.0344383
66
1
-2.56562 6.04343 -0.528301
-0.0131055 0.00193837 0.0349087
67
1
-2.53885 6.03858 -0.593249
-0.0141896 0.0018859 0.0347895
68
1
-2.50963 6.03297 -0.656961
-0.0155985 0.00257249 0.0332568
69
1
-2.47792 6.02656 -0.718494
-0.0169563 0.00370571 0.03133
70
1
-2.44335 6.01947 -0.776923
-0.0182509 0.00449812 0.029158
71
1
-2.40619 6.01211 -0.831736
-0.0196882 0.00446784 0.0265747
72
1
-2.36708 6.00493 -0.882448
-0.0204365 0.00423346 0.0244044
73
1
-2.32656 5.99808 -0.929223
-0.0206734 0.004107 0.0229544
74
1
-2.28511 5.99199 -0.973261
-0.0213287 0.00343847 0.0218035
75
1
-2.24282 5.98678 -1.0152
-0.0220698 0.00276125 0.0208293
76
1
-2.19941 5.98224 -1.05488
-0.0221333 0.00299539 0.0199101
77
1
-2.15507 5.97774 -1.0922
-0.0217994 0.00316011 0.0185316
78
1
-2.1104 5.97396 -1.12683
-0.0212385 0.00224905 0.0166159
79
1
-2.06634 5.97154 -1.15882
-0.0207153 0.00125478 0.015031
80
1
-2.02288 5.97044 -1.18867
-0.0209146 0.00069004 0.0141871
81
1
-1.97914 5.97109 -1.21672
-0.0218037 -0.000581152 0.0135095
82
1
-1.93455 5.97457 -1.24308
-0.0226352 -0.00267013 0.0129122
83
1
-1.88918 5.98117 -1.26751
-0.0229249 -0.00410636 0.0118856
84
1
-1.84297 5.99052 -1.28908
-0.023275 -0.0051532 0.00986811
85
1
-1.79595 6.00214 -1.30715
-0.0237571 -0.00672318 0.00820976
86
1
-1.74838 6.01567 -1.32161
-0.0237534 -0.00790209 0.00671332
87
1
-1.70031 6.03045 -1.33253
-0.0238928 -0.00852858 0.00450284
88
1
-1.6518 6.04608 -1.33926
-0.0240281 -0.00907572 0.00248479
89
1
-1.6034 6.06271 -1.34162
-0.0232492 -0.00921873 0.000782275
90
1
-1.55486 6.08051 -1.33912
-0.0233933 -0.00967612 -0.00245699
91
1
-1.50578 6.09938 -1.3299
-0.0247641 -0.00953984 -0.00699575
92
1
-1.45684 6.11822 -1.31262
-0.0243578 -0.00798528 -0.011314
93
1
-1.40818 6.13566 -1.28656
-0.0236307 -0.00736853 -0.015317
94
1
-1.36028 6.15103 -1.25183
-0.023369 -0.00707751 -0.0201483
95
1
-1.31356 6.16444 -1.2085
-0.0217499 -0.00607229 -0.0250409
96
1
-1.26694 6.17706 -1.1537
-0.021694 -0.00644125 -0.0322174
97
1
-1.22013 6.18945 -1.08715
-0.0225225 -0.00655158 -0.0396135
98
1
-1.17286 6.20217 -1.00877
-0.0223953 -0.00674344 -0.0428716
99
1
-1.12531 6.21421 -0.918024
-0.0220705 -0.00567894 -0.0490527
100
1
-1.07896 6.22196 -0.81657
-0.0235343 -0.00190688 -0.0544268
101
1
-1.03289 6.21936 -0.701235
-0.0217768 0.00648936 -0.0597449
102
1
-0.990214 6.20126 -0.570683
-0.0184708 0.014877 -0.0726008
103
1
-0.955592 6.1578 -0.415289
-0.0107751 0.0233168 -0.0735668
104
1
-0.917442 6.08938 -0.210479
-0.0141631 0.0336958 -0.0688175
105
1
-0.706554 5.9434 -0.0824492
-0.0309201 0.0239478 0.0133809
106
1
-0.0506949 7.86935 -0.621751
-0.00101359 0.0150415 0.0764498
107
1
0.0506949 7.86935 -0.621751
-0.00101359 -0.0150415 -0.0764498
108
1
0.706554 5.9434 -0.0824492
-0.0309201 -0.0239478 -0.0133809
109
1
0.917442 6.08938 -0.210479
-0.0141631 -0.0336958 0.0688175
110
1
0.955592 6.1578 -0.415289
-0.0107751 -0.0233168 0.0735668
111
1
0.990214 6.20126 -0.570683
-0.0184708 -0.014877 0.0726008
112
1
1.03289 6.21936 -0.701235
-0.0217768 -0.00648936 0.0597449
113
1
1.07896 6.22196 -0.81657
-0.0235343 0.00190688 0.0544268
114
1
1.12531 6.21421 -0.918024
-0.0220705 0.00567894 0.0490527
115
1
1.17286 6.20217 -1.00877
-0.0223953 0.00674344 0.0428716
116
1
1.22013 6.18945 -1.08715
-0.0225225 0.00655158 0.0396135
117
1
1.26694 6.17706 -1.1537
-0.021694 0.00644125 0.0322174
118
1
1.31356 6.16444 -1.2085
-0.0217499 0.00607229 0.0250409
119
1
1.36028 6.15103 -1.25183
-0.023369 0.00707751 0.0201483
120
1
1.40818 6.13566 -1.28656
-0.0236307 0.00736853 0.015317
121
1
1.45684 6.11822 -1.31262
-0.0243578 0.00798528 0.011314
122
1
1.50578 6.09938 -1.3299
-0.0247641 0.00953984 0.00699575
123
1
1.55486 6.08051 -1.33912
-0.0233933 0.00967612 0.00245699
124
1
1.6034 6.06271 -1.34162
-0.0232492 0.00921873 -0.000782275
125
1
1.6518 6.04608 -1.33926
-0.0240281 0.00907572 -0.00248479
126
1
1.70031 6.03045 -1.33253
-0.0238928 0.00852858 -0.00450284
127
1
1.74838 6.01567 -1.32161
-0.0237534 0.00790209 -0.00671332
128
1
1.79595 6.00214 -1.30715
-0.0237571 0.00672318 -0.00820976
129
1
1.84297 5.99052 -1.28908
-0.023275 0.0051532 -0.00986811
130
1
1.88918 5.98117 -1.26751
-0.0229249 0.00410636 -0.0118856
131
1
1.93455 5.97457 -1.24308
-0.0226352 0.00267013 -0.0129122
132
1
1.97914 5.97109 -1.21672
-0.0218037 0.000581152 -0.0135095
133
1
2.02288 5.97044 -1.18867
-0.0209146 -0.00069004 -0.0141871
134
1
2.06634 5.97154 -1.15882
-0.0207153 -0.00125478 -0.015031
135
1
2.1104 5.97396 -1.12683
-0.0212385 -0.00224905 -0.0166159
136
1
2.15507 5.97774 -1.0922
-0.0217994 -0.00316011 -0.0185316
137
1
2.19941 5.98224 -1.05488
-0.0221333 -0.00299539 -0.0199101
138
1
2.24282 5.98678 -1.0152
-0.0220698 -0.00276125 -0.0208293
139
1
2.28511 5.99199 -0.973261
-0.0213287 -0.00343847 -0.0218035
140
1
2.32656 5.99808 -0.929223
-0.0206734 -0.004107 -0.0229544
141
1
2.36708 6.00493 -0.882448
-0.0204365 -0.00423346 -0.0244044
142
1
2.40619 6.01211 -0.831736
-0.0196882 -0.00446784 -0.0265747
143
1
2.44335 6.01947 -0.776923
-0.0182509 -0.00449812 -0.029158
144
1
2.47792 6.02656 -0.718494
-0.0169563 -0.00370571 -0.03133
145
1
2.50963 6.03297 -0.656961
-0.0155985 -0.00257249 -0.0332568
146
1
2.53885 6.03858 -0.593249
-0.0141896 -0.0018859 -0.0347895
147
1
2.56562 6.04343 -0.528301
-0.0131055 -0.00193837 -0.0349087
148
1
2.59015 6.04819 -0.462883
-0.0121295 -0.0023665 -0.0344383
149
1
2.61238 6.05321 -0.397113
-0.0108219 -0.00277114 -0.0340638
150
1
2.63191 6.05857 -0.331095
-0.00943145 -0.0026886 -0.0338535
151
1
2.64859 6.06382 -0.265002
-0.00815171 -0.00218293 -0.033867
152
1
2.66203 6.06856 -0.198803
-0.00668941 -0.00219524 -0.0341382
153
1
2.67212 6.07266 -0.132635
-0.00473838 -0.00259004 -0.0342095
154
1
2.67843 6.07554 -0.0663337
-0.00240243 -0.00205719 -0.0337841
155
1
2.68053 6.07674 1.03882e-012
1.43092e-014 1.18785e-015 -0.0334462
156
1
2.67843 6.07554 0.0663337
0.00240243 0.00205719 -0.0337841
157
1
2.67212 6.07266 0.132635
0.00473838 0.00259004 -0.0342095
158
1
2.66203 6.06856 0.198803
0.00668941 0.00219524 -0.0341382
159
1
2.64859 6.06382 0.265002
0.00815171 0.00218293 -0.033867
160
1
2.63191 6.05857 0.331095
0.00943145 0.0026886 -0.0338535
161
1
2.61238 6.05321 0.397113
0.0108219 0.00277114 -0.0340638
162
1
2.59015 6.04819 0.462883
0.0121295 0.0023665 -0.0344383
163
1
2.56562 6.04343 0.528301
0.0131055 0.00193837 -0.0349087
164
1
2.53885 6.03858 0.593249
0.0141896 0.0018859 -0.0347895
165
1
2.50963 6.03297 0.656961
0.0155985 0.00257249 -0.0332568
166
1
2.47792 6.02656 0.718494
0.0169563 0.00370571 -0.03133
167
1
2.44335 6.01947 0.776923
0.0182509 0.00449812 -0.029158
168
1
2.40619 6.01211 0.831736
0.0196882 0.00446784 -0.0265747
169
1
2.36708 6.00493 0.882448
0.0204365 0.00423346 -0.0244044
170
1
2.32656 5.99808 0.929223
0.0206734 0.004107 -0.0229544
171
1
2.28511 5.99199 0.973261
0.0213287 0.00343847 -0.0218035
172
1
2.24282 5.98678 1.0152
0.0220698 0.00276125 -0.0208293
173
1
2.19941 5.98224 1.05488
0.0221333 0.00299539 -0.0199101
174
1
2.15507 5.97774 1.0922
0.0217994 0.00316011 -0.0185316
175
1
2.1104 5.97396 1.12683
0.0212385 0.00224905 -0.0166159
176
1
2.06634 5.97154 1.15882
0.0207153 0.00125478 -0.015031
177
1
2.02288 5.97044 1.18867
0.0209146 0.00069004 -0.0141871
178
1
1.97914 5.97109 1.21672
0.0218037 -0.000581152 -0.0135095
179
1
1.93455 5.97457 1.24308
0.0226352 -0.00267013 -0.0129122
180
1
1.88918 5.98117 1.26751
0.0229249 -0.00410636 -0.0118856
181
1
1.84297 5.99052 1.28908
0.023275 -0.0051532 -0.00986811
182
1
1.79595 6.00214 1.30715
0.0237571 -0.00672318 -0.00820976
183
1
1.74838 6.01567 1.32161
0.0237534 -0.00790209 -0.00671332
184
1
1.70031 6.03045 1.33253
0.0238928 -0.00852858 -0.00450284
185
1
1.6518 6.04608 1.33926
0.0240281 -0.00907572 -0.00248479
186
1
1.6034 6.06271 1.34162
0.0232492 -0.00921873 -0.000782275
187
1
1.55486 6.08051 1.33912
0.0233933 -0.00967612 0.00245699
188
1
1.50578 6.09938 1.3299
0.0247641 -0.00953984 0.00699575
189
1
1.45684 6.11822 1.31262
0.0243578 -0.00798528 0.011314
190
1
1.40818 6.13566 1.28656
0.0236307 -0.00736853 0.015317
191
1
1.36028 6.15103 1.25183
0.023369 -0.00707751 0.0201483
192
1
1.31356 6.16444 1.2085
0.0217499 -0.00607229 0.0250409
193
1
1.26694 6.17706 1.1537
0.021694 -0.00644125 0.0322174
