194
0
1
0.494087 0.19583 3.02754
0.00250109 -0.00798138 -0.0391653
1
1
0.476515 0.209752 3.10234
0.00803889 -0.00632942 -0.0381643
2
1
0.450673 0.220541 3.17506
0.0134782 -0.0043734 -0.0364499
3
1
0.415949 0.228602 3.24423
0.0189308 -0.00299432 -0.033877
4
1
0.371821 0.234259 3.308
0.0241117 -0.00199392 -0.0304183
5
1
0.318166 0.23808 3.36398
0.0287195 -0.00133675 -0.0260741
6
1
0.256423 0.240876 3.41065
0.0325846 -0.000909558 -0.0210038
7
1
0.188052 0.242751 3.44673
0.0355622 -0.000584652 -0.0153838
8
1
0.114815 0.243901 3.47131
0.0375792 -0.000326943 -0.00938192
9
1
0.0386049 0.244444 3.48376
0.038597 -0.000105286 -0.00315252
10
1
-0.0386049 0.244444 3.48376
0.038597 0.000105286 0.00315252
11
1
-0.114815 0.243901 3.47131
0.0375792 0.000326943 0.00938192
12
1
-0.188052 0.242751 3.44673
0.0355622 0.000584652 0.0153838
13
1
-0.256423 0.240876 3.41065
0.0325846 0.000909558 0.0210038
14
1
-0.318166 0.23808 3.36398
0.0287195 0.00133675 0.0260741
15
1
-0.371821 0.234259 3.308
0.0241117 0.00199392 0.0304183
16
1
-0.415949 0.228602 3.24423
0.0189308 0.00299432 0.033877
17
1
-0.450673 0.220541 3.17506
0.0134782 0.0043734 0.0364499
18
1
-0.476515 0.209752 3.10234
0.00803889 0.00632942 0.0381643
19
1
-0.494087 0.19583 3.02754
0.00250109 0.00798138 0.0391653
20
1
-0.504644 0.180661 2.95163
-0.000554129 0.0078481 0.039067
21
1
-0.510248 0.167956 2.87483
-0.000952431 0.00643796 0.0389167
22
1
-0.512404 0.158523 2.79749
-0.00128098 0.00485254 0.0387573
23
1
-0.512246 0.151162 2.72013
-0.00134851 0.00369062 0.0386725
24
1
-0.511083 0.145196 2.64282
-0.00122684 0.0028524 0.0386492
25
1
-0.509628 0.140348 2.56552
-0.00104403 0.00222441 0.0386586
26
1
-0.508214 0.13638 2.48818
-0.000864634 0.00175514 0.0386815
27
1
-0.506968 0.13315 2.4108
-0.000709614 0.00140539 0.0387072
28
1
-0.505908 0.130514 2.33336
-0.000581534 0.00114198 0.038732
29
1
-0.505012 0.128348 2.25587
-0.000477212 0.000940479 0.0387549
30
1
-0.504258 0.126549 2.17834
-0.00039278 0.000783785 0.0387758
31
1
-0.503627 0.125041 2.10077
-0.000324583 0.000660112 0.0387947
32
1
-0.5031 0.123767 2.02317
-0.000269344 0.000561087 0.0388117
33
1
-0.502658 0.122683 1.94553
-0.000224426 0.000480758 0.038827
34
1
-0.502287 0.121753 1.86786
-0.000187715 0.000414808 0.0388407
35
1
-0.501974 0.120951 1.79017
-0.000157576 0.00036006 0.038853
36
1
-0.50171 0.120256 1.71245
-0.000132742 0.000314159 0.0388641
37
1
-0.501487 0.11965 1.63471
-0.000112222 0.00027533 0.0388739
38
1
-0.501298 0.11912 1.55696
-9.5168e-005 0.000242218 0.0388826
39
1
-0.501138 0.118653 1.47918
-8.0955e-005 0.000213763 0.0388904
40
1
-0.501001 0.118243 1.40139
-6.90469e-005 0.000189133 0.0388973
41
1
-0.500884 0.11788 1.32359
-5.90444e-005 0.000167665 0.0389034
42
1
-0.500785 0.117559 1.24578
-5.05842e-005 0.000148829 0.0389087
43
1
-0.500699 0.117275 1.16796
-4.33968e-005 0.000132186 0.0389135
44
1
-0.500626 0.117023 1.09013
-3.7275e-005 0.000117366 0.0389177
45
1
-0.500563 0.116799 1.01229
-3.20406e-005 0.000104097 0.0389213
46
1
-0.500509 0.116602 0.934443
-2.75426e-005 9.21475e-005 0.0389245
47
1
-0.500463 0.116427 0.856591
-2.36419e-005 8.13165e-005 0.0389273
48
1
-0.500423 0.116274 0.778734
-2.02263e-005 7.14263e-005 0.0389298
49
1
-0.50039 0.116139 0.700872
-1.72017e-005 6.23443e-005 0.0389319
50
1
-0.500361 0.116023 0.623007
-1.45069e-005 5.3945e-005 0.0389337
51
1
-0.500337 0.115923 0.545138
-1.21563e-005 4.60789e-005 0.0389353
52
1
-0.500317 0.115838 0.467266
-1.00256e-005 3.86894e-005 0.0389365
53
1
-0.500301 0.115767 0.389392
-8.10442e-006 3.16839e-005 0.0389376
54
1
-0.500288 0.115711 0.311516
-6.32501e-006 2.49904e-005 0.0389385
55
1
-0.500279 0.115667 0.233638
-4.64843e-006 1.85403e-005 0.0389391
56
1
-0.500272 0.115636 0.155759
-3.05843e-006 1.22633e-005 0.0389396
57
1
-0.500268 0.115618 0.0778798
-1.51599e-006 6.1045e-006 0.0389398
58
1
-0.500266 0.115612 -3.32914e-019
-1.8921e-019 1.95296e-019 0.0389399
59
1
-0.500268 0.115618 -0.0778798
1.51599e-006 -6.1045e-006 0.0389398
60
1
-0.500272 0.115636 -0.155759
3.05843e-006 -1.22633e-005 0.0389396
61
1
-0.500279 0.115667 -0.233638
4.64843e-006 -1.85403e-005 0.0389391
62
1
-0.500288 0.115711 -0.311516
6.32501e-006 -2.49904e-005 0.0389385
63
1
-0.500301 0.115767 -0.389392
8.10442e-006 -3.16839e-005 0.0389376
64
1
-0.500317 0.115838 -0.467266
1.00256e-005 -3.86894e-005 0.0389365
65
1
-0.500337 0.115923 -0.545138
1.21563e-005 -4.60789e-005 0.0389353
66
1
-0.500361 0.116023 -0.623007
1.45069e-005 -5.3945e-005 0.0389337
67
1
-0.50039 0.116139 -0.700872
1.72017e-005 -6.23443e-005 0.0389319
68
1
-0.500423 0.116274 -0.778734
2.02263e-005 -7.14263e-005 0.0389298
69
1
-0.500463 0.116427 -0.856591
2.36419e-005 -8.13165e-005 0.0389273
70
1
-0.500509 0.116602 -0.934443
2.75426e-005 -9.21475e-005 0.0389245
71
1
-0.500563 0.116799 -1.01229
3.20406e-005 -0.000104097 0.0389213
72
1
-0.500626 0.117023 -1.09013
3.7275e-005 -0.000117366 0.0389177
73
1
-0.500699 0.117275 -1.16796
4.33968e-005 -0.000132186 0.0389135
74
1
-0.500785 0.117559 -1.24578
5.05842e-005 -0.000148829 0.0389087
75
1
-0.500884 0.11788 -1.32359
5.90444e-005 -0.000167665 0.0389034
76
1
-0.501001 0.118243 -1.40139
6.90469e-005 -0.000189133 0.0388973
77
1
-0.501138 0.118653 -1.47918
8.0955e-005 -0.000213763 0.0388904
78
1
-0.501298 0.11912 -1.55696
9.5168e-005 -0.000242218 0.0388826
79
1
-0.501487 0.11965 -1.63471
0.000112222 -0.00027533 0.0388739
80
1
-0.50171 0.120256 -1.71245
0.000132742 -0.000314159 0.0388641
81
1
-0.501974 0.120951 -1.79017
0.000157576 -0.00036006 0.038853
82
1
-0.502287 0.121753 -1.86786
0.000187715 -0.000414808 0.0388407
83
1
-0.502658 0.122683 -1.94553
0.000224426 -0.000480758 0.038827
84
1
-0.5031 0.123767 -2.02317
0.000269344 -0.000561087 0.0388117
85
1
-0.503627 0.125041 -2.10077
0.000324583 -0.000660112 0.0387947
86
1
-0.504258 0.126549 -2.17834
0.00039278 -0.000783785 0.0387758
87
1
-0.505012 0.128348 -2.25587
0.000477212 -0.000940479 0.0387549
88
1
-0.505908 0.130514 -2.33336
0.000581534 -0.00114198 0.038732
89
1
-0.506968 0.13315 -2.4108
0.000709614 -0.00140539 0.0387072
90
1
-0.508214 0.13638 -2.48818
0.000864634 -0.00175514 0.0386815
91
1
-0.509628 0.140348 -2.56552
0.00104403 -0.00222441 0.0386586
92
1
-0.511083 0.145196 -2.64282
0.00122684 -0.0028524 0.0386492
93
1
-0.512246 0.151162 -2.72013
0.00134851 -0.00369062 0.0386725
94
1
-0.512404 0.158523 -2.79749
0.00128098 -0.00485254 0.0387573
95
1
-0.510248 0.167956 -2.87483
0.000952431 -0.00643796 0.0389167
96
1
-0.504644 0.180661 -2.95163
0.000554129 -0.0078481 0.039067
97
1
-0.494087 0.19583 -3.02754
-0.00250109 -0.00798138 0.0391653
98
1
-0.476515 0.209752 -3.10234
-0.00803889 -0.00632942 0.0381643
99
1
-0.450673 0.220541 -3.17506
-0.0134782 -0.0043734 0.0364499
100
1
-0.415949 0.228602 -3.24423
-0.0189308 -0.00299432 0.033877
101
1
-0.371821 0.234259 -3.308
-0.0241117 -0.00199392 0.0304183
102
1
-0.318166 0.23808 -3.36398
-0.0287195 -0.00133675 0.0260741
103
1
-0.256423 0.240876 -3.41065
-0.0325846 -0.000909558 0.0210038
104
1
-0.188052 0.242751 -3.44673
-0.0355622 -0.000584652 0.0153838
105
1
-0.114815 0.243901 -3.47131
-0.0375792 -0.000326943 0.00938192
106
1
-0.0386049 0.244444 -3.48376
-0.038597 -0.000105286 0.00315252
107
1
0.0386049 0.244444 -3.48376
-0.038597 0.000105286 -0.00315252
108
1
0.114815 0.243901 -3.47131
-0.0375792 0.000326943 -0.00938192
109
1
0.188052 0.242751 -3.44673
-0.0355622 0.000584652 -0.0153838
110
1
0.256423 0.240876 -3.41065
-0.0325846 0.000909558 -0.0210038
111
1
0.318166 0.23808 -3.36398
-0.0287195 0.00133675 -0.0260741
112
1
0.371821 0.234259 -3.308
-0.0241117 0.00199392 -0.0304183
113
1
0.415949 0.228602 -3.24423
-0.0189308 0.00299432 -0.033877
114
1
0.450673 0.220541 -3.17506
-0.0134782 0.0043734 -0.0364499
115
1
0.476515 0.209752 -3.10234
-0.00803889 0.00632942 -0.0381643
116
1
0.494087 0.19583 -3.02754
-0.00250109 0.00798138 -0.0391653
117
1
0.504644 0.180661 -2.95163
0.000554129 0.0078481 -0.039067
118
1
0.510248 0.167956 -2.87483
0.000952431 0.00643796 -0.0389167
119
1
0.512404 0.158523 -2.79749
0.00128098 0.00485254 -0.0387573
120
1
0.512246 0.151162 -2.72013
0.00134851 0.00369062 -0.0386725
121
1
0.511083 0.145196 -2.64282
0.00122684 0.0028524 -0.0386492
122
1
0.509628 0.140348 -2.56552
0.00104403 0.00222441 -0.0386586
123
1
0.508214 0.13638 -2.48818
0.000864634 0.00175514 -0.0386815
124
1
0.506968 0.13315 -2.4108
0.000709614 0.00140539 -0.0387072
125
1
0.505908 0.130514 -2.33336
0.000581534 0.00114198 -0.038732
126
1
0.505012 0.128348 -2.25587
0.000477212 0.000940479 -0.0387549
127
1
0.504258 0.126549 -2.17834
0.00039278 0.000783785 -0.0387758
128
1
0.503627 0.125041 -2.10077
0.000324583 0.000660112 -0.0387947
129
1
0.5031 0.123767 -2.02317
0.000269344 0.000561087 -0.0388117
130
1
0.502658 0.122683 -1.94553
0.000224426 0.000480758 -0.038827
131
1
0.502287 0.121753 -1.86786
0.000187715 0.000414808 -0.0388407
132
1
0.501974 0.120951 -1.79017
0.000157576 0.00036006 -0.038853
133
1
0.50171 0.120256 -1.71245
0.000132742 0.000314159 -0.0388641
134
1
0.501487 0.11965 -1.63471
0.000112222 0.00027533 -0.0388739
135
1
0.501298 0.11912 -1.55696
9.5168e-005 0.000242218 -0.0388826
136
1
0.501138 0.118653 -1.47918
8.0955e-005 0.000213763 -0.0388904
137
1
0.501001 0.118243 -1.40139
6.90469e-005 0.000189133 -0.0388973
138
1
0.500884 0.11788 -1.32359
5.90444e-005 0.000167665 -0.0389034
139
1
0.500785 0.117559 -1.24578
5.05842e-005 0.000148829 -0.0389087
140
1
0.500699 0.117275 -1.16796
4.33968e-005 0.000132186 -0.0389135
141
1
0.500626 0.117023 -1.09013
3.7275e-005 0.000117366 -0.0389177
142
1
0.500563 0.116799 -1.01229
3.20406e-005 0.000104097 -0.0389213
143
1
0.500509 0.116602 -0.934443
2.75426e-005 9.21475e-005 -0.0389245
144
1
0.500463 0.116427 -0.856591
2.36419e-005 8.13165e-005 -0.0389273
145
1
0.500423 0.116274 -0.778734
2.02263e-005 7.14263e-005 -0.0389298
146
1
0.50039 0.116139 -0.700872
1.72017e-005 6.23443e-005 -0.0389319
147
1
0.500361 0.116023 -0.623007
1.45069e-005 5.3945e-005 -0.0389337
148
1
0.500337 0.115923 -0.545138
1.21563e-005 4.60789e-005 -0.0389353
149
1
0.500317 0.115838 -0.467266
1.00256e-005 3.86894e-005 -0.0389365
150
1
0.500301 0.115767 -0.389392
8.10442e-006 3.16839e-005 -0.0389376
151
1
0.500288 0.115711 -0.311516
6.32501e-006 2.49904e-005 -0.0389385
152
1
0.500279 0.115667 -0.233638
4.64843e-006 1.85403e-005 -0.0389391
153
1
0.500272 0.115636 -0.155759
3.05843e-006 1.22633e-005 -0.0389396
154
1
0.500268 0.115618 -0.0778798
1.51599e-006 6.1045e-006 -0.0389398
155
1
0.500266 0.115612 3.33563e-019
-5.67052e-019 2.10785e-019 -0.0389399
156
1
0.500268 0.115618 0.0778798
-1.51599e-006 -6.1045e-006 -0.0389398
157
1
0.500272 0.115636 0.155759
-3.05843e-006 -1.22633e-005 -0.0389396
158
1
0.500279 0.115667 0.233638
-4.64843e-006 -1.85403e-005 -0.0389391
159
1
0.500288 0.115711 0.311516
-6.32501e-006 -2.49904e-005 -0.0389385
160
1
0.500301 0.115767 0.389392
-8.10442e-006 -3.16839e-005 -0.0389376
161
1
0.500317 0.115838 0.467266
-1.00256e-005 -3.86894e-005 -0.0389365
162
1
0.500337 0.115923 0.545138
-1.21563e-005 -4.60789e-005 -0.0389353
163
1
0.500361 0.116023 0.623007
-1.45069e-005 -5.3945e-005 -0.0389337
164
1
0.50039 0.116139 0.700872
-1.72017e-005 -6.23443e-005 -0.0389319
165
1
0.500423 0.116274 0.778734
-2.02263e-005 -7.14263e-005 -0.0389298
166
1
0.500463 0.116427 0.856591
-2.36419e-005 -8.13165e-005 -0.0389273
167
1
0.500509 0.116602 0.934443
-2.75426e-005 -9.21475e-005 -0.0389245
168
1
0.500563 0.116799 1.01229
-3.20406e-005 -0.000104097 -0.0389213
169
1
0.500626 0.117023 1.09013
-3.7275e-005 -0.000117366 -0.0389177
170
1
0.500699 0.117275 1.16796
-4.33968e-005 -0.000132186 -0.0389135
171
1
0.500785 0.117559 1.24578
-5.05842e-005 -0.000148829 -0.0389087
172
1
0.500884 0.11788 1.32359
-5.90444e-005 -0.000167665 -0.0389034
173
1
0.501001 0.118243 1.40139
-6.90469e-005 -0.000189133 -0.0388973
174
1
0.501138 0.118653 1.47918
-8.0955e-005 -0.000213763 -0.0388904
175
1
0.501298 0.11912 1.55696
-9.5168e-005 -0.000242218 -0.0388826
176
1
0.501487 0.11965 1.63471
-0.000112222 -0.00027533 -0.0388739
177
1
0.50171 0.120256 1.71245
-0.000132742 -0.000314159 -0.0388641
178
1
0.501974 0.120951 1.79017
-0.000157576 -0.00036006 -0.038853
179
1
0.502287 0.121753 1.86786
-0.000187715 -0.000414808 -0.0388407
180
1
0.502658 0.122683 1.94553
-0.000224426 -0.000480758 -0.038827
181
1
0.5031 0.123767 2.02317
-0.000269344 -0.000561087 -0.0388117
182
1
0.503627 0.125041 2.10077
-0.000324583 -0.000660112 -0.0387947
183
1
0.504258 0.126549 2.17834
-0.00039278 -0.000783785 -0.0387758
184
1
0.505012 0.128348 2.25587
-0.000477212 -0.000940479 -0.0387549
185
1
0.505908 0.130514 2.33336
-0.000581534 -0.00114198 -0.038732
186
1
0.506968 0.13315 2.4108
-0.000709614 -0.00140539 -0.0387072
187
1
0.508214 0.13638 2.48818
-0.000864634 -0.00175514 -0.0386815
188
1
0.509628 0.140348 2.56552
-0.00104403 -0.00222441 -0.0386586
189
1
0.511083 0.145196 2.64282
-0.00122684 -0.0028524 -0.0386492
190
1
0.512246 0.151162 2.72013
-0.00134851 -0.00369062 -0.0386725
191
1
0.512404 0.158523 2.79749
-0.00128098 -0.00485254 -0.0387573
192
1
0.510248 0.167956 2.87483
-0.000952431 -0.00643796 -0.0389167
193
1
0.504644 0.180661 2.95163
-0.000554129 -0.0078481 -0.039067
