194
0
1
0.950563 3.59843 0.765093
0.0328778 -0.0280222 -0.0199652
1
1
0.881763 3.65072 0.803473
0.0375339 -0.0251797 -0.0201833
2
1
0.80343 3.69877 0.842113
0.0419006 -0.0223711 -0.0192962
3
1
0.716076 3.74182 0.879522
0.04673 -0.0193183 -0.0182678
4
1
0.620339 3.7792 0.914436
0.0497789 -0.0166556 -0.0164387
5
1
0.517401 3.81107 0.94522
0.0527783 -0.0142152 -0.0136435
6
1
0.408625 3.83726 0.971216
0.0554971 -0.0119129 -0.011432
7
1
0.295263 3.85742 0.991964
0.0575649 -0.00850237 -0.00882853
8
1
0.178482 3.87068 1.00632
0.0589684 -0.00446368 -0.00569437
9
1
0.0597224 3.87729 1.01379
0.0597149 -0.00149976 -0.00189515
10
1
-0.0597224 3.87729 1.01379
0.0597149 0.00149976 0.00189515
11
1
-0.178482 3.87068 1.00632
0.0589684 0.00446368 0.00569437
12
1
-0.295263 3.85742 0.991964
0.0575649 0.00850237 0.00882853
13
1
-0.408625 3.83726 0.971216
0.0554971 0.0119129 0.011432
14
1
-0.517401 3.81107 0.94522
0.0527783 0.0142152 0.0136435
15
1
-0.620339 3.7792 0.914436
0.0497789 0.0166556 0.0164387
16
1
-0.716076 3.74182 0.879522
0.04673 0.0193183 0.0182678
17
1
-0.80343 3.69877 0.842113
0.0419006 0.0223711 0.0192962
18
1
-0.881763 3.65072 0.803473
0.0375339 0.0251797 0.0201833
19
1
-0.950563 3.59843 0.765093
0.0328778 0.0280222 0.0199652
20
1
-1.00999 3.54337 0.72876
0.0274452 0.0287115 0.0184768
21
1
-1.06127 3.48649 0.695521
0.023612 0.0285971 0.0168355
22
1
-1.10574 3.42898 0.666846
0.020302 0.0285693 0.0141148
23
1
-1.14502 3.37117 0.643498
0.0175087 0.0281942 0.0116542
24
1
-1.18032 3.31424 0.626144
0.0158445 0.0279165 0.00808946
25
1
-1.21273 3.2585 0.614802
0.0146624 0.0275182 0.00427943
26
1
-1.24301 3.20415 0.6095
0.0132824 0.0264591 0.00100433
27
1
-1.27254 3.15204 0.609763
0.0130262 0.0252268 -0.00204849
28
1
-1.30224 3.1022 0.614451
0.0138488 0.0242048 -0.00480838
29
1
-1.33286 3.05467 0.623044
0.01445 0.0228165 -0.00654451
30
1
-1.36536 3.00994 0.634296
0.0153995 0.0212284 -0.00725246
31
1
-1.40026 2.96795 0.646452
0.0173098 0.0199168 -0.00725629
32
1
-1.43745 2.92813 0.658247
0.0191539 0.0188233 -0.00674024
33
1
-1.47674 2.89014 0.668996
0.020504 0.017775 -0.00576695
34
1
-1.5182 2.85397 0.677797
0.0218538 0.0167259 -0.00425018
35
1
-1.5616 2.81959 0.683564
0.0228382 0.0153859 -0.0024467
36
1
-1.60645 2.78694 0.685909
0.0231289 0.0138448 -0.00093805
37
1
-1.65273 2.75589 0.685168
0.0237879 0.0128205 0.000559296
38
1
-1.70089 2.7262 0.681419
0.0251113 0.0129272 0.0025609
39
1
-1.75054 2.69732 0.674542
0.0256313 0.0140845 0.00444573
40
1
-1.80015 2.66855 0.664911
0.0248958 0.0152245 0.00548687
41
1
-1.84854 2.63964 0.653307
0.0239112 0.0153665 0.00613188
42
1
-1.8955 2.61102 0.639632
0.0231733 0.0148115 0.00704647
43
1
-1.94148 2.58289 0.623599
0.0227314 0.0144861 0.00840652
44
1
-1.98694 2.55551 0.60407
0.0225291 0.0146835 0.0101352
45
1
-2.03194 2.52887 0.580416
0.0225965 0.0146646 0.0120492
46
1
-2.0762 2.50372 0.552715
0.0225538 0.0135703 0.0141724
47
1
-2.11933 2.48119 0.521351
0.0219729 0.0114197 0.0167032
48
1
-2.16109 2.46243 0.486402
0.0209114 0.00867492 0.0194923
49
1
-2.20097 2.44805 0.447724
0.0196665 0.00589204 0.021985
50
1
-2.23821 2.43792 0.405681
0.0181614 0.00374366 0.0234773
51
1
-2.27215 2.43074 0.360789
0.0163845 0.00249773 0.0244802
52
1
-2.3023 2.42524 0.313165
0.0143957 0.00187 0.0254666
53
1
-2.32854 2.42061 0.263453
0.0123498 0.00151086 0.0263764
54
1
-2.3505 2.41609 0.212252
0.0101874 0.00125802 0.0270323
55
1
-2.36785 2.41157 0.159996
0.00767621 0.00103004 0.0274553
56
1
-2.38013 2.40757 0.10701
0.00487089 0.000692764 0.0275322
57
1
-2.38734 2.4049 0.0535909
0.00223957 0.000274962 0.0272573
58
1
-2.38972 2.40381 -9.56954e-016
-2.29417e-016 -4.08261e-016 0.0270579
59
1
-2.38734 2.4049 -0.0535909
-0.00223957 -0.000274962 0.0272573
60
1
-2.38013 2.40757 -0.10701
-0.00487089 -0.000692764 0.0275322
61
1
-2.36785 2.41157 -0.159996
-0.00767621 -0.00103004 0.0274553
62
1
-2.3505 2.41609 -0.212252
-0.0101874 -0.00125802 0.0270323
63
1
-2.32854 2.42061 -0.263453
-0.0123498 -0.00151086 0.0263764
64
1
-2.3023 2.42524 -0.313165
-0.0143957 -0.00187 0.0254666
65
1
-2.27215 2.43074 -0.360789
-0.0163845 -0.00249773 0.0244802
66
1
-2.23821 2.43792 -0.405681
-0.0181614 -0.00374366 0.0234773
67
1
-2.20097 2.44805 -0.447724
-0.0196665 -0.00589204 0.021985
68
1
-2.16109 2.46243 -0.486402
-0.0209114 -0.00867492 0.0194923
69
1
-2.11933 2.48119 -0.521351
-0.0219729 -0.0114197 0.0167032
70
1
-2.0762 2.50372 -0.552715
-0.0225538 -0.0135703 0.0141724
71
1
-2.03194 2.52887 -0.580416
-0.0225965 -0.0146646 0.0120492
72
1
-1.98694 2.55551 -0.60407
-0.0225291 -0.0146835 0.0101352
73
1
-1.94148 2.58289 -0.623599
-0.0227314 -0.0144861 0.00840652
74
1
-1.8955 2.61102 -0.639632
-0.0231733 -0.0148115 0.00704647
75
1
-1.84854 2.63964 -0.653307
-0.0239112 -0.0153665 0.00613188
76
1
-1.80015 2.66855 -0.664911
-0.0248958 -0.0152245 0.00548687
77
1
-1.75054 2.69732 -0.674542
-0.0256313 -0.0140845 0.00444573
78
1
-1.70089 2.7262 -0.681419
-0.0251113 -0.0129272 0.0025609
79
1
-1.65273 2.75589 -0.685168
-0.0237879 -0.0128205 0.000559296
80
1
-1.60645 2.78694 -0.685909
-0.0231289 -0.0138448 -0.00093805
81
1
-1.5616 2.81959 -0.683564
-0.0228382 -0.0153859 -0.0024467
82
1
-1.5182 2.85397 -0.677797
-0.0218538 -0.0167259 -0.00425018
83
1
-1.47674 2.89014 -0.668996
-0.020504 -0.017775 -0.00576695
84
1
-1.43745 2.92813 -0.658247
-0.0191539 -0.0188233 -0.00674024
85
1
-1.40026 2.96795 -0.646452
-0.0173098 -0.0199168 -0.00725629
86
1
-1.36536 3.00994 -0.634296
-0.0153995 -0.0212284 -0.00725246
87
1
-1.33286 3.05467 -0.623044
-0.01445 -0.0228165 -0.00654451
88
1
-1.30224 3.1022 -0.614451
-0.0138488 -0.0242048 -0.00480838
89
1
-1.27254 3.15204 -0.609763
-0.0130262 -0.0252268 -0.00204849
90
1
-1.24301 3.20415 -0.6095
-0.0132824 -0.0264591 0.00100433
91
1
-1.21273 3.2585 -0.614802
-0.0146624 -0.0275182 0.00427943
92
1
-1.18032 3.31424 -0.626144
-0.0158445 -0.0279165 0.00808946
93
1
-1.14502 3.37117 -0.643498
-0.0175087 -0.0281942 0.0116542
94
1
-1.10574 3.42898 -0.666846
-0.020302 -0.0285693 0.0141148
95
1
-1.06127 3.48649 -0.695521
-0.023612 -0.0285971 0.0168355
96
1
-1.00999 3.54337 -0.72876
-0.0274452 -0.0287115 0.0184768
97
1
-0.950563 3.59843 -0.765093
-0.0328778 -0.0280222 0.0199652
98
1
-0.881763 3.65072 -0.803473
-0.0375339 -0.0251797 0.0201833
99
1
-0.80343 3.69877 -0.842113
-0.0419006 -0.0223711 0.0192962
100
1
-0.716076 3.74182 -0.879522
-0.04673 -0.0193183 0.0182678
101
1
-0.620339 3.7792 -0.914436
-0.0497789 -0.0166556 0.0164387
102
1
-0.517401 3.81107 -0.94522
-0.0527783 -0.0142152 0.0136435
103
1
-0.408625 3.83726 -0.971216
-0.0554971 -0.0119129 0.011432
104
1
-0.295263 3.85742 -0.991964
-0.0575649 -0.00850237 0.00882853
105
1
-0.178482 3.87068 -1.00632
-0.0589684 -0.00446368 0.00569437
106
1
-0.0597224 3.87729 -1.01379
-0.0597149 -0.00149976 0.00189515
107
1
0.0597224 3.87729 -1.01379
-0.0597149 0.00149976 -0.00189515
108
1
0.178482 3.87068 -1.00632
-0.0589684 0.00446368 -0.00569437
109
1
0.295263 3.85742 -0.991964
-0.0575649 0.00850237 -0.00882853
110
1
0.408625 3.83726 -0.971216
-0.0554971 0.0119129 -0.011432
111
1
0.517401 3.81107 -0.94522
-0.0527783 0.0142152 -0.0136435
112
1
0.620339 3.7792 -0.914436
-0.0497789 0.0166556 -0.0164387
113
1
0.716076 3.74182 -0.879522
-0.04673 0.0193183 -0.0182678
114
1
0.80343 3.69877 -0.842113
-0.0419006 0.0223711 -0.0192962
115
1
0.881763 3.65072 -0.803473
-0.0375339 0.0251797 -0.0201833
116
1
0.950563 3.59843 -0.765093
-0.0328778 0.0280222 -0.0199652
117
1
1.00999 3.54337 -0.72876
-0.0274452 0.0287115 -0.0184768
118
1
1.06127 3.48649 -0.695521
-0.023612 0.0285971 -0.0168355
119
1
1.10574 3.42898 -0.666846
-0.020302 0.0285693 -0.0141148
120
1
1.14502 3.37117 -0.643498
-0.0175087 0.0281942 -0.0116542
121
1
1.18032 3.31424 -0.626144
-0.0158445 0.0279165 -0.00808946
122
1
1.21273 3.2585 -0.614802
-0.0146624 0.0275182 -0.00427943
123
1
1.24301 3.20415 -0.6095
-0.0132824 0.0264591 -0.00100433
124
1
1.27254 3.15204 -0.609763
-0.0130262 0.0252268 0.00204849
125
1
1.30224 3.1022 -0.614451
-0.0138488 0.0242048 0.00480838
126
1
1.33286 3.05467 -0.623044
-0.01445 0.0228165 0.00654451
127
1
1.36536 3.00994 -0.634296
-0.0153995 0.0212284 0.00725246
128
1
1.40026 2.96795 -0.646452
-0.0173098 0.0199168 0.00725629
129
1
1.43745 2.92813 -0.658247
-0.0191539 0.0188233 0.00674024
130
1
1.47674 2.89014 -0.668996
-0.020504 0.017775 0.00576695
131
1
1.5182 2.85397 -0.677797
-0.0218538 0.0167259 0.00425018
132
1
1.5616 2.81959 -0.683564
-0.0228382 0.0153859 0.0024467
133
1
1.60645 2.78694 -0.685909
-0.0231289 0.0138448 0.00093805
134
1
1.65273 2.75589 -0.685168
-0.0237879 0.0128205 -0.000559296
135
1
1.70089 2.7262 -0.681419
-0.0251113 0.0129272 -0.0025609
136
1
1.75054 2.69732 -0.674542
-0.0256313 0.0140845 -0.00444573
137
1
1.80015 2.66855 -0.664911
-0.0248958 0.0152245 -0.00548687
138
1
1.84854 2.63964 -0.653307
-0.0239112 0.0153665 -0.00613188
139
1
1.8955 2.61102 -0.639632
-0.0231733 0.0148115 -0.00704647
140
1
1.94148 2.58289 -0.623599
-0.0227314 0.0144861 -0.00840652
141
1
1.98694 2.55551 -0.60407
-0.0225291 0.0146835 -0.0101352
142
1
2.03194 2.52887 -0.580416
-0.0225965 0.0146646 -0.0120492
143
1
2.0762 2.50372 -0.552715
-0.0225538 0.0135703 -0.0141724
144
1
2.11933 2.48119 -0.521351
-0.0219729 0.0114197 -0.0167032
145
1
2.16109 2.46243 -0.486402
-0.0209114 0.00867492 -0.0194923
146
1
2.20097 2.44805 -0.447724
-0.0196665 0.00589204 -0.021985
147
1
2.23821 2.43792 -0.405681
-0.0181614 0.00374366 -0.0234773
148
1
2.27215 2.43074 -0.360789
-0.0163845 0.00249773 -0.0244802
149
1
2.3023 2.42524 -0.313165
-0.0143957 0.00187 -0.0254666
150
1
2.32854 2.42061 -0.263453
-0.0123498 0.00151086 -0.0263764
151
1
2.3505 2.41609 -0.212252
-0.0101874 0.00125802 -0.0270323
152
1
2.36785 2.41157 -0.159996
-0.00767621 0.00103004 -0.0274553
153
1
2.38013 2.40757 -0.10701
-0.00487089 0.000692764 -0.0275322
154
1
2.38734 2.4049 -0.0535909
-0.00223957 0.000274962 -0.0272573
155
1
2.38972 2.40381 -3.57126e-015
-3.16307e-016 3.90544e-016 -0.0270579
156
1
2.38734 2.4049 0.0535909
0.00223957 -0.000274962 -0.0272573
157
1
2.38013 2.40757 0.10701
0.00487089 -0.000692764 -0.0275322
158
1
2.36785 2.41157 0.159996
0.00767621 -0.00103004 -0.0274553
159
1
2.3505 2.41609 0.212252
0.0101874 -0.00125802 -0.0270323
160
1
2.32854 2.42061 0.263453
0.0123498 -0.00151086 -0.0263764
161
1
2.3023 2.42524 0.313165
0.0143957 -0.00187 -0.0254666
162
1
2.27215 2.43074 0.360789
0.0163845 -0.00249773 -0.0244802
163
1
2.23821 2.43792 0.405681
0.0181614 -0.00374366 -0.0234773
164
1
2.20097 2.44805 0.447724
0.0196665 -0.00589204 -0.021985
165
1
2.16109 2.46243 0.486402
0.0209114 -0.00867492 -0.0194923
166
1
2.11933 2.48119 0.521351
0.0219729 -0.0114197 -0.0167032
167
1
2.0762 2.50372 0.552715
0.0225538 -0.0135703 -0.0141724
168
1
2.03194 2.52887 0.580416
0.0225965 -0.0146646 -0.0120492
169
1
1.98694 2.55551 0.60407
0.0225291 -0.0146835 -0.0101352
170
1
1.94148 2.58289 0.623599
0.0227314 -0.0144861 -0.00840652
171
1
1.8955 2.61102 0.639632
0.0231733 -0.0148115 -0.00704647
172
1
1.84854 2.63964 0.653307
0.0239112 -0.0153665 -0.00613188
173
1
1.80015 2.66855 0.664911
0.0248958 -0.0152245 -0.00548687
174
1
1.75054 2.69732 0.674542
0.0256313 -0.0140845 -0.00444573
175
1
1.70089 2.7262 0.681419
0.0251113 -0.0129272 -0.0025609
176
1
1.65273 2.75589 0.685168
0.0237879 -0.0128205 -0.000559296
177
1
1.60645 2.78694 0.685909
0.0231289 -0.0138448 0.00093805
178
1
1.5616 2.81959 0.683564
0.0228382 -0.0153859 0.0024467
179
1
1.5182 2.85397 0.677797
0.0218538 -0.0167259 0.00425018
180
1
1.47674 2.89014 0.668996
0.020504 -0.017775 0.00576695
181
1
1.43745 2.92813 0.658247
0.0191539 -0.0188233 0.00674024
182
1
1.40026 2.96795 0.646452
0.0173098 -0.0199168 0.00725629
183
1
1.36536 3.00994 0.634296
0.0153995 -0.0212284 0.00725246
184
1
1.33286 3.05467 0.623044
0.01445 -0.0228165 0.00654451
185
1
1.30224 3.1022 0.614451
0.0138488 -0.0242048 0.00480838
186
1
1.27254 3.15204 0.609763
0.0130262 -0.0252268 0.00204849
187
1
1.24301 3.20415 0.6095
0.0132824 -0.0264591 -0.00100433
188
1
1.21273 3.2585 0.614802
0.0146624 -0.0275182 -0.00427943
189
1
1.18032 3.31424 0.626144
0.0158445 -0.0279165 -0.00808946
190
1
1.14502 3.37117 0.643498
0.0175087 -0.0281942 -0.0116542
191
1
1.10574 3.42898 0.666846
0.020302 -0.0285693 -0.0141148
192
1
1.06127 3.48649 0.695521
0.023612 -0.0285971 -0.0168355
193
1
1.00999 3.54337 0.72876
0.0274452 -0.0287115 -0.0184768
