194
0
1
0.863574 4.04968 0.542452
0.0303782 -0.0320931 0.013508
1
1
0.800893 4.11439 0.521549
0.0305622 -0.0347382 0.00877027
2
1
0.734426 4.18367 0.510026
0.033028 -0.0358396 0.00318595
3
1
0.662368 4.25351 0.509811
0.036326 -0.0352117 -0.00389141
4
1
0.58265 4.32057 0.520192
0.0406657 -0.0323772 -0.00861627
5
1
0.494476 4.38092 0.538911
0.0448992 -0.0274638 -0.0128804
6
1
0.397279 4.43123 0.56224
0.0501111 -0.0216745 -0.0135122
7
1
0.29111 4.46877 0.584995
0.0547901 -0.0146742 -0.0115848
8
1
0.177648 4.49307 0.602531
0.0579435 -0.00849784 -0.00740499
9
1
0.0596955 4.50462 0.612025
0.0596139 -0.00253934 -0.00244885
10
1
-0.0596955 4.50462 0.612025
0.0596139 0.00253934 0.00244885
11
1
-0.177648 4.49307 0.602531
0.0579435 0.00849784 0.00740499
12
1
-0.29111 4.46877 0.584995
0.0547901 0.0146742 0.0115848
13
1
-0.397279 4.43123 0.56224
0.0501111 0.0216745 0.0135122
14
1
-0.494476 4.38092 0.538911
0.0448992 0.0274638 0.0128804
15
1
-0.58265 4.32057 0.520192
0.0406657 0.0323772 0.00861627
16
1
-0.662368 4.25351 0.509811
0.036326 0.0352117 0.00389141
17
1
-0.734426 4.18367 0.510026
0.033028 0.0358396 -0.00318595
18
1
-0.800893 4.11439 0.521549
0.0305622 0.0347382 -0.00877027
19
1
-0.863574 4.04968 0.542452
0.0303782 0.0320931 -0.013508
20
1
-0.923695 3.99182 0.56954
0.029297 0.0274638 -0.0160132
21
1
-0.982496 3.94149 0.599729
0.0284299 0.0228836 -0.0160714
22
1
-1.04111 3.89839 0.630473
0.0298645 0.0189773 -0.0164491
23
1
-1.10074 3.86117 0.660539
0.0290671 0.0158019 -0.0153541
24
1
-1.16103 3.82885 0.688344
0.0296878 0.014113 -0.0140187
25
1
-1.22199 3.80032 0.713335
0.0308877 0.0130316 -0.0121292
26
1
-1.28296 3.7746 0.735491
0.0294229 0.0120893 -0.0105744
27
1
-1.34298 3.75043 0.75536
0.0289393 0.0119861 -0.0090675
28
1
-1.40241 3.72735 0.773146
0.0297955 0.0124416 -0.00732876
29
1
-1.4614 3.70477 0.788511
0.029122 0.0119662 -0.0062178
30
1
-1.51967 3.68253 0.801594
0.0283529 0.0110798 -0.00544382
31
1
-1.57756 3.66118 0.812413
0.0287298 0.0106939 -0.00436332
32
1
-1.63533 3.64135 0.82064
0.0289188 0.0100235 -0.00340507
33
1
-1.69289 3.62355 0.826376
0.0287232 0.00861153 -0.00257782
34
1
-1.75008 3.6081 0.830184
0.0287227 0.00699754 -0.0015984
35
1
-1.80683 3.59531 0.832438
0.0282642 0.00536955 -0.000791754
36
1
-1.86286 3.58505 0.83273
0.0271084 0.00389843 -0.000360815
37
1
-1.91823 3.5767 0.830123
0.0265755 0.00295759 0.000540171
38
1
-1.97342 3.56971 0.824065
0.0271688 0.00247022 0.0027236
39
1
-2.02851 3.56392 0.814101
0.0276554 0.00199965 0.0055194
40
1
-2.08277 3.559 0.799905
0.02718 0.00161495 0.00814168
41
1
-2.13549 3.55423 0.781297
0.0262082 0.00200261 0.0109109
42
1
-2.18669 3.54844 0.758677
0.0253255 0.003186 0.0133969
43
1
-2.23677 3.54164 0.732261
0.0247414 0.00422715 0.0149668
44
1
-2.28624 3.53395 0.702378
0.0243421 0.00466892 0.0164879
45
1
-2.33533 3.52611 0.66846
0.0238878 0.00478145 0.019095
46
1
-2.38338 3.51839 0.629719
0.0231568 0.00459132 0.0223912
47
1
-2.42965 3.51098 0.586529
0.0224802 0.00398538 0.0246999
48
1
-2.47373 3.5041 0.539983
0.0220738 0.00305839 0.0256451
49
1
-2.51518 3.49796 0.49099
0.0212704 0.00185967 0.0264837
50
1
-2.55306 3.49289 0.440017
0.0195816 0.0010306 0.0271791
51
1
-2.58702 3.48862 0.38752
0.0175744 0.00121184 0.0275554
52
1
-2.61702 3.48425 0.333533
0.0155852 0.0020674 0.0277858
53
1
-2.64282 3.47942 0.278496
0.0134483 0.00271536 0.0280621
54
1
-2.66455 3.47426 0.223114
0.0110346 0.00278094 0.0283727
55
1
-2.6823 3.46955 0.167641
0.0084501 0.0024174 0.0286547
56
1
-2.69592 3.46576 0.112044
0.00568264 0.00180091 0.028692
57
1
-2.70456 3.46339 0.056124
0.00280595 0.000929198 0.028414
58
1
-2.70768 3.46263 -3.13318e-015
1.71098e-016 2.60599e-016 0.0282266
59
1
-2.70456 3.46339 -0.056124
-0.00280595 -0.000929198 0.028414
60
1
-2.69592 3.46576 -0.112044
-0.00568264 -0.00180091 0.028692
61
1
-2.6823 3.46955 -0.167641
-0.0084501 -0.0024174 0.0286547
62
1
-2.66455 3.47426 -0.223114
-0.0110346 -0.00278094 0.0283727
63
1
-2.64282 3.47942 -0.278496
-0.0134483 -0.00271536 0.0280621
64
1
-2.61702 3.48425 -0.333533
-0.0155852 -0.0020674 0.0277858
65
1
-2.58702 3.48862 -0.38752
-0.0175744 -0.00121184 0.0275554
66
1
-2.55306 3.49289 -0.440017
-0.0195816 -0.0010306 0.0271791
67
1
-2.51518 3.49796 -0.49099
-0.0212704 -0.00185967 0.0264837
68
1
-2.47373 3.5041 -0.539983
-0.0220738 -0.00305839 0.0256451
69
1
-2.42965 3.51098 -0.586529
-0.0224802 -0.00398538 0.0246999
70
1
-2.38338 3.51839 -0.629719
-0.0231568 -0.00459132 0.0223912
71
1
-2.33533 3.52611 -0.66846
-0.0238878 -0.00478145 0.019095
72
1
-2.28624 3.53395 -0.702378
-0.0243421 -0.00466892 0.0164879
73
1
-2.23677 3.54164 -0.732261
-0.0247414 -0.00422715 0.0149668
74
1
-2.18669 3.54844 -0.758677
-0.0253255 -0.003186 0.0133969
75
1
-2.13549 3.55423 -0.781297
-0.0262082 -0.00200261 0.0109109
76
1
-2.08277 3.559 -0.799905
-0.02718 -0.00161495 0.00814168
77
1
-2.02851 3.56392 -0.814101
-0.0276554 -0.00199965 0.0055194
78
1
-1.97342 3.56971 -0.824065
-0.0271688 -0.00247022 0.0027236
79
1
-1.91823 3.5767 -0.830123
-0.0265755 -0.00295759 0.000540171
80
1
-1.86286 3.58505 -0.83273
-0.0271084 -0.00389843 -0.000360815
81
1
-1.80683 3.59531 -0.832438
-0.0282642 -0.00536955 -0.000791754
82
1
-1.75008 3.6081 -0.830184
-0.0287227 -0.00699754 -0.0015984
83
1
-1.69289 3.62355 -0.826376
-0.0287232 -0.00861153 -0.00257782
84
1
-1.63533 3.64135 -0.82064
-0.0289188 -0.0100235 -0.00340507
85
1
-1.57756 3.66118 -0.812413
-0.0287298 -0.0106939 -0.00436332
86
1
-1.51967 3.68253 -0.801594
-0.0283529 -0.0110798 -0.00544382
87
1
-1.4614 3.70477 -0.788511
-0.029122 -0.0119662 -0.0062178
88
1
-1.40241 3.72735 -0.773146
-0.0297955 -0.0124416 -0.00732876
89
1
-1.34298 3.75043 -0.75536
-0.0289393 -0.0119861 -0.0090675
90
1
-1.28296 3.7746 -0.735491
-0.0294229 -0.0120893 -0.0105744
91
1
-1.22199 3.80032 -0.713335
-0.0308877 -0.0130316 -0.0121292
92
1
-1.16103 3.82885 -0.688344
-0.0296878 -0.014113 -0.0140187
93
1
-1.10074 3.86117 -0.660539
-0.0290671 -0.0158019 -0.0153541
94
1
-1.04111 3.89839 -0.630473
-0.0298645 -0.0189773 -0.0164491
95
1
-0.982496 3.94149 -0.599729
-0.0284299 -0.0228836 -0.0160714
96
1
-0.923695 3.99182 -0.56954
-0.029297 -0.0274638 -0.0160132
97
1
-0.863574 4.04968 -0.542452
-0.0303782 -0.0320931 -0.013508
98
1
-0.800893 4.11439 -0.521549
-0.0305622 -0.0347382 -0.00877027
99
1
-0.734426 4.18367 -0.510026
-0.033028 -0.0358396 -0.00318595
100
1
-0.662368 4.25351 -0.509811
-0.036326 -0.0352117 0.00389141
101
1
-0.58265 4.32057 -0.520192
-0.0406657 -0.0323772 0.00861627
102
1
-0.494476 4.38092 -0.538911
-0.0448992 -0.0274638 0.0128804
103
1
-0.397279 4.43123 -0.56224
-0.0501111 -0.0216745 0.0135122
104
1
-0.29111 4.46877 -0.584995
-0.0547901 -0.0146742 0.0115848
105
1
-0.177648 4.49307 -0.602531
-0.0579435 -0.00849784 0.00740499
106
1
-0.0596955 4.50462 -0.612025
-0.0596139 -0.00253934 0.00244885
107
1
0.0596955 4.50462 -0.612025
-0.0596139 0.00253934 -0.00244885
108
1
0.177648 4.49307 -0.602531
-0.0579435 0.00849784 -0.00740499
109
1
0.29111 4.46877 -0.584995
-0.0547901 0.0146742 -0.0115848
110
1
0.397279 4.43123 -0.56224
-0.0501111 0.0216745 -0.0135122
111
1
0.494476 4.38092 -0.538911
-0.0448992 0.0274638 -0.0128804
112
1
0.58265 4.32057 -0.520192
-0.0406657 0.0323772 -0.00861627
113
1
0.662368 4.25351 -0.509811
-0.036326 0.0352117 -0.00389141
114
1
0.734426 4.18367 -0.510026
-0.033028 0.0358396 0.00318595
115
1
0.800893 4.11439 -0.521549
-0.0305622 0.0347382 0.00877027
116
1
0.863574 4.04968 -0.542452
-0.0303782 0.0320931 0.013508
117
1
0.923695 3.99182 -0.56954
-0.029297 0.0274638 0.0160132
118
1
0.982496 3.94149 -0.599729
-0.0284299 0.0228836 0.0160714
119
1
1.04111 3.89839 -0.630473
-0.0298645 0.0189773 0.0164491
120
1
1.10074 3.86117 -0.660539
-0.0290671 0.0158019 0.0153541
121
1
1.16103 3.82885 -0.688344
-0.0296878 0.014113 0.0140187
122
1
1.22199 3.80032 -0.713335
-0.0308877 0.0130316 0.0121292
123
1
1.28296 3.7746 -0.735491
-0.0294229 0.0120893 0.0105744
124
1
1.34298 3.75043 -0.75536
-0.0289393 0.0119861 0.0090675
125
1
1.40241 3.72735 -0.773146
-0.0297955 0.0124416 0.00732876
126
1
1.4614 3.70477 -0.788511
-0.029122 0.0119662 0.0062178
127
1
1.51967 3.68253 -0.801594
-0.0283529 0.0110798 0.00544382
128
1
1.57756 3.66118 -0.812413
-0.0287298 0.0106939 0.00436332
129
1
1.63533 3.64135 -0.82064
-0.0289188 0.0100235 0.00340507
130
1
1.69289 3.62355 -0.826376
-0.0287232 0.00861153 0.00257782
131
1
1.75008 3.6081 -0.830184
-0.0287227 0.00699754 0.0015984
132
1
1.80683 3.59531 -0.832438
-0.0282642 0.00536955 0.000791754
133
1
1.86286 3.58505 -0.83273
-0.0271084 0.00389843 0.000360815
134
1
1.91823 3.5767 -0.830123
-0.0265755 0.00295759 -0.000540171
135
1
1.97342 3.56971 -0.824065
-0.0271688 0.00247022 -0.0027236
136
1
2.02851 3.56392 -0.814101
-0.0276554 0.00199965 -0.0055194
137
1
2.08277 3.559 -0.799905
-0.02718 0.00161495 -0.00814168
138
1
2.13549 3.55423 -0.781297
-0.0262082 0.00200261 -0.0109109
139
1
2.18669 3.54844 -0.758677
-0.0253255 0.003186 -0.0133969
140
1
2.23677 3.54164 -0.732261
-0.0247414 0.00422715 -0.0149668
141
1
2.28624 3.53395 -0.702378
-0.0243421 0.00466892 -0.0164879
142
1
2.33533 3.52611 -0.66846
-0.0238878 0.00478145 -0.019095
143
1
2.38338 3.51839 -0.629719
-0.0231568 0.00459132 -0.0223912
144
1
2.42965 3.51098 -0.586529
-0.0224802 0.00398538 -0.0246999
145
1
2.47373 3.5041 -0.539983
-0.0220738 0.00305839 -0.0256451
146
1
2.51518 3.49796 -0.49099
-0.0212704 0.00185967 -0.0264837
147
1
2.55306 3.49289 -0.440017
-0.0195816 0.0010306 -0.0271791
148
1
2.58702 3.48862 -0.38752
-0.0175744 0.00121184 -0.0275554
149
1
2.61702 3.48425 -0.333533
-0.0155852 0.0020674 -0.0277858
150
1
2.64282 3.47942 -0.278496
-0.0134483 0.00271536 -0.0280621
151
1
2.66455 3.47426 -0.223114
-0.0110346 0.00278094 -0.0283727
152
1
2.6823 3.46955 -0.167641
-0.0084501 0.0024174 -0.0286547
153
1
2.69592 3.46576 -0.112044
-0.00568264 0.00180091 -0.028692
154
1
2.70456 3.46339 -0.056124
-0.00280595 0.000929198 -0.028414
155
1
2.70768 3.46263 -5.17345e-015
1.51454e-016 2.9632e-016 -0.0282266
156
1
2.70456 3.46339 0.056124
0.00280595 -0.000929198 -0.028414
157
1
2.69592 3.46576 0.112044
0.00568264 -0.00180091 -0.028692
158
1
2.6823 3.46955 0.167641
0.0084501 -0.0024174 -0.0286547
159
1
2.66455 3.47426 0.223114
0.0110346 -0.00278094 -0.0283727
160
1
2.64282 3.47942 0.278496
0.0134483 -0.00271536 -0.0280621
161
1
2.61702 3.48425 0.333533
0.0155852 -0.0020674 -0.0277858
162
1
2.58702 3.48862 0.38752
0.0175744 -0.00121184 -0.0275554
163
1
2.55306 3.49289 0.440017
0.0195816 -0.0010306 -0.0271791
164
1
2.51518 3.49796 0.49099
0.0212704 -0.00185967 -0.0264837
165
1
2.47373 3.5041 0.539983
0.0220738 -0.00305839 -0.0256451
166
1
2.42965 3.51098 0.586529
0.0224802 -0.00398538 -0.0246999
167
1
2.38338 3.51839 0.629719
0.0231568 -0.00459132 -0.0223912
168
1
2.33533 3.52611 0.66846
0.0238878 -0.00478145 -0.019095
169
1
2.28624 3.53395 0.702378
0.0243421 -0.00466892 -0.0164879
170
1
2.23677 3.54164 0.732261
0.0247414 -0.00422715 -0.0149668
171
1
2.18669 3.54844 0.758677
0.0253255 -0.003186 -0.0133969
172
1
2.13549 3.55423 0.781297
0.0262082 -0.00200261 -0.0109109
173
1
2.08277 3.559 0.799905
0.02718 -0.00161495 -0.00814168
174
1
2.02851 3.56392 0.814101
0.0276554 -0.00199965 -0.0055194
175
1
1.97342 3.56971 0.824065
0.0271688 -0.00247022 -0.0027236
176
1
1.91823 3.5767 0.830123
0.0265755 -0.00295759 -0.000540171
177
1
1.86286 3.58505 0.83273
0.0271084 -0.00389843 0.000360815
178
1
1.80683 3.59531 0.832438
0.0282642 -0.00536955 0.000791754
179
1
1.75008 3.6081 0.830184
0.0287227 -0.00699754 0.0015984
180
1
1.69289 3.62355 0.826376
0.0287232 -0.00861153 0.00257782
181
1
1.63533 3.64135 0.82064
0.0289188 -0.0100235 0.00340507
182
1
1.57756 3.66118 0.812413
0.0287298 -0.0106939 0.00436332
183
1
1.51967 3.68253 0.801594
0.0283529 -0.0110798 0.00544382
184
1
1.4614 3.70477 0.788511
0.029122 -0.0119662 0.0062178
185
1
1.40241 3.72735 0.773146
0.0297955 -0.0124416 0.00732876
186
1
1.34298 3.75043 0.75536
0.0289393 -0.0119861 0.0090675
187
1
1.28296 3.7746 0.735491
0.0294229 -0.0120893 0.0105744
188
1
1.22199 3.80032 0.713335
0.0308877 -0.0130316 0.0121292
189
1
1.16103 3.82885 0.688344
0.0296878 -0.014113 0.0140187
190
1
1.10074 3.86117 0.660539
0.0290671 -0.0158019 0.0153541
191
1
1.04111 3.89839 0.630473
0.0298645 -0.0189773 0.0164491
192
1
0.982496 3.94149 0.599729
0.0284299 -0.0228836 0.0160714
193
1
0.923695 3.99182 0.56954
0.029297 -0.0274638 0.0160132
