194
0
1
0.774559 9.90904 0.890499
0.0156419 0.0495084 -0.00393064
1
1
0.751385 9.82377 0.896859
0.0127272 0.0383239 -0.00654566
2
1
0.711685 9.73677 0.91325
0.0246145 0.04282 -0.0092437
3
1
0.648472 9.64343 0.932938
0.0435366 0.0512268 -0.0105241
4
1
0.571901 9.55564 0.945023
0.0402903 0.0431978 -0.00344776
5
1
0.48522 9.47264 0.944207
0.0411955 0.0378413 0.00440981
6
1
0.370528 9.41024 0.93405
0.0564581 0.0175022 0.00976556
7
1
0.189169 9.40745 0.899668
0.0555704 -0.0298507 0.01565
8
1
0.379354 6.83061 0.0562239
-0.0167381 0.0462471 -0.0092378
9
1
1.15678 12.5242 0.0583731
-0.054188 0.0418443 0.00801335
10
1
-1.15678 12.5242 0.0583776
-0.0541881 -0.0418445 -0.00801306
11
1
-0.379381 6.83065 0.0560189
-0.0167355 -0.0462391 0.00925626
12
1
-0.189169 9.40745 0.899668
0.0555704 0.0298506 -0.0156499
13
1
-0.370528 9.41024 0.93405
0.0564581 -0.0175022 -0.00976556
14
1
-0.48522 9.47264 0.944206
0.0411955 -0.0378414 -0.00440981
15
1
-0.571901 9.55564 0.945023
0.0402903 -0.0431978 0.00344775
16
1
-0.648472 9.64343 0.932937
0.0435366 -0.0512268 0.0105241
17
1
-0.711685 9.73677 0.913249
0.0246145 -0.0428201 0.00924369
18
1
-0.751385 9.82377 0.896859
0.0127272 -0.0383239 0.00654566
19
1
-0.774559 9.90904 0.890499
0.0156419 -0.0495084 0.00393064
20
1
-0.782962 9.98986 0.891982
-0.00126651 -0.0401647 -0.00175193
21
1
-0.775538 10.0627 0.897958
-0.0114135 -0.0272315 -0.00368439
22
1
-0.759645 10.1278 0.904085
-0.0141637 -0.030369 -0.00304489
23
1
-0.741744 10.1901 0.910309
-0.0118794 -0.0291653 -0.00423125
24
1
-0.726027 10.2474 0.919234
-0.0077894 -0.0230682 -0.00748398
25
1
-0.71536 10.2996 0.931023
-0.00611695 -0.0242715 -0.00728497
26
1
-0.711143 10.3492 0.944425
-0.00322314 -0.0236926 -0.00514238
27
1
-0.71304 10.3963 0.95755
0.00043325 -0.0218019 -0.00518058
28
1
-0.720898 10.4422 0.969
0.00440894 -0.0216347 -0.00651449
29
1
-0.733508 10.4886 0.97912
0.00849437 -0.0225457 -0.00580542
30
1
-0.75098 10.534 0.988819
0.0126429 -0.0212212 -0.00537172
31
1
-0.774325 10.5776 0.998295
0.0156258 -0.0201595 -0.00457744
32
1
-0.80263 10.6198 1.00603
0.0162897 -0.0202856 -0.00399071
33
1
-0.833283 10.66 1.01118
0.016707 -0.020183 -0.0046796
34
1
-0.864303 10.6987 1.01285
0.0180302 -0.019664 -0.00208228
35
1
-0.895629 10.7364 1.01067
0.0166103 -0.0182741 0.00347826
36
1
-0.926002 10.7727 1.00344
0.0141941 -0.0164629 0.00508465
37
1
-0.956382 10.8069 0.991445
0.0157098 -0.0163077 0.00653389
38
1
-0.986872 10.8399 0.974061
0.0160848 -0.0160638 0.0103752
39
1
-1.01623 10.8719 0.951603
0.0121254 -0.0143453 0.0118252
40
1
-1.04436 10.9022 0.926257
0.0114735 -0.0148458 0.0133284
41
1
-1.07311 10.9304 0.897924
0.0141562 -0.015151 0.016928
42
1
-1.10211 10.9568 0.866006
0.0141119 -0.0117556 0.0178874
43
1
-1.13132 10.9807 0.831275
0.0129497 -0.00933175 0.0170744
44
1
-1.16124 11.0031 0.793269
0.0152032 -0.00945499 0.020269
45
1
-1.1931 11.0248 0.750477
0.0183166 -0.00978657 0.0267807
46
1
-1.22638 11.0457 0.702778
0.0173027 -0.00917097 0.0259255
47
1
-1.26039 11.0667 0.653066
0.0178803 -0.00987297 0.02359
48
1
-1.29508 11.0873 0.6008
0.0206707 -0.0121369 0.0285829
49
1
-1.3283 11.1064 0.54749
0.0178829 -0.0109717 0.0296544
50
1
-1.35908 11.1225 0.49305
0.0146574 -0.00741313 0.0270243
51
1
-1.38856 11.1359 0.435748
0.015686 -0.00624253 0.030043
52
1
-1.41673 11.1466 0.376358
0.0157259 -0.00561888 0.0332768
53
1
-1.44271 11.1537 0.314532
0.0141179 -0.00192156 0.0357462
54
1
-1.46492 11.1574 0.25105
0.0128424 2.29683e-005 0.0362952
55
1
-1.48263 11.1591 0.187087
0.00886005 -0.000313754 0.0345487
56
1
-1.49546 11.1595 0.124196
0.00627576 0.000227124 0.0327197
57
1
-1.50322 11.159 0.0611457
0.00318498 0.00112309 0.0312233
58
1
-1.50567 11.1584 -6.96183e-008
2.47434e-009 1.41999e-009 0.03069
59
1
-1.50322 11.159 -0.0611458
-0.00318498 -0.00112308 0.0312233
60
1
-1.49546 11.1595 -0.124197
-0.00627576 -0.000227122 0.0327197
61
1
-1.48263 11.1591 -0.187087
-0.00886005 0.000313757 0.0345487
62
1
-1.46492 11.1574 -0.251051
-0.0128424 -2.29658e-005 0.0362952
63
1
-1.44271 11.1537 -0.314532
-0.0141179 0.00192156 0.0357462
64
1
-1.41673 11.1466 -0.376359
-0.0157259 0.00561888 0.0332768
65
1
-1.38856 11.1359 -0.435748
-0.015686 0.00624253 0.030043
66
1
-1.35908 11.1225 -0.49305
-0.0146574 0.00741313 0.0270243
67
1
-1.3283 11.1064 -0.54749
-0.0178829 0.0109717 0.0296544
68
1
-1.29508 11.0873 -0.6008
-0.0206707 0.0121369 0.0285829
69
1
-1.26039 11.0667 -0.653066
-0.0178803 0.00987297 0.02359
70
1
-1.22638 11.0457 -0.702778
-0.0173027 0.00917097 0.0259255
71
1
-1.1931 11.0248 -0.750477
-0.0183166 0.00978657 0.0267807
72
1
-1.16124 11.0031 -0.793269
-0.0152032 0.00945499 0.020269
73
1
-1.13132 10.9807 -0.831275
-0.0129497 0.00933175 0.0170744
74
1
-1.10211 10.9568 -0.866006
-0.0141119 0.0117556 0.0178874
75
1
-1.07311 10.9304 -0.897924
-0.0141562 0.015151 0.016928
76
1
-1.04436 10.9022 -0.926257
-0.0114735 0.0148458 0.0133284
77
1
-1.01623 10.8719 -0.951603
-0.0121254 0.0143453 0.0118252
78
1
-0.986872 10.8399 -0.974061
-0.0160848 0.0160638 0.0103752
79
1
-0.956382 10.8069 -0.991445
-0.0157098 0.0163077 0.00653389
80
1
-0.926002 10.7727 -1.00344
-0.0141941 0.0164629 0.00508465
81
1
-0.895629 10.7364 -1.01067
-0.0166103 0.0182741 0.00347826
82
1
-0.864303 10.6987 -1.01285
-0.0180302 0.019664 -0.00208228
83
1
-0.833284 10.66 -1.01118
-0.016707 0.020183 -0.00467959
84
1
-0.80263 10.6198 -1.00603
-0.0162897 0.0202856 -0.0039907
85
1
-0.774325 10.5776 -0.998295
-0.0156258 0.0201595 -0.00457743
86
1
-0.75098 10.534 -0.988819
-0.0126429 0.0212213 -0.00537172
87
1
-0.733508 10.4886 -0.97912
-0.00849437 0.0225457 -0.00580542
88
1
-0.720898 10.4422 -0.969
-0.00440894 0.0216347 -0.00651449
89
1
-0.71304 10.3963 -0.95755
-0.000433254 0.0218019 -0.00518058
90
1
-0.711143 10.3492 -0.944426
0.00322314 0.0236926 -0.00514239
91
1
-0.71536 10.2996 -0.931024
0.00611694 0.0242715 -0.00728497
92
1
-0.726027 10.2474 -0.919235
0.0077894 0.0230682 -0.00748398
93
1
-0.741744 10.1901 -0.910309
0.0118794 0.0291653 -0.00423126
94
1
-0.759646 10.1278 -0.904085
0.0141637 0.030369 -0.0030449
95
1
-0.775538 10.0627 -0.897958
0.0114135 0.0272315 -0.0036844
96
1
-0.782962 9.98986 -0.891983
0.00126651 0.0401646 -0.00175194
97
1
-0.774559 9.90904 -0.890499
-0.0156419 0.0495084 0.00393064
98
1
-0.751385 9.82377 -0.896859
-0.0127272 0.0383239 0.00654566
99
1
-0.711685 9.73677 -0.91325
-0.0246145 0.04282 0.0092437
100
1
-0.648472 9.64343 -0.932938
-0.0435366 0.0512268 0.0105241
101
1
-0.571901 9.55564 -0.945023
-0.0402903 0.0431978 0.00344776
102
1
-0.48522 9.47264 -0.944207
-0.0411955 0.0378413 -0.00440981
103
1
-0.370528 9.41024 -0.93405
-0.0564581 0.0175022 -0.00976556
104
1
-0.189169 9.40745 -0.899668
-0.0555704 -0.0298507 -0.01565
105
1
-0.379354 6.83061 -0.0562203
0.016738 0.0462469 0.00923808
106
1
-1.15678 12.5242 -0.0583731
0.054188 0.0418443 -0.00801334
107
1
1.15678 12.5242 -0.0583776
0.0541881 -0.0418445 0.00801306
108
1
0.379381 6.83065 -0.0560153
0.0167354 -0.0462389 -0.00925654
109
1
0.189169 9.40745 -0.899668
-0.0555704 0.0298506 0.0156499
110
1
0.370528 9.41024 -0.93405
-0.0564581 -0.0175022 0.00976556
111
1
0.48522 9.47264 -0.944206
-0.0411955 -0.0378414 0.00440981
112
1
0.571901 9.55564 -0.945023
-0.0402903 -0.0431978 -0.00344775
113
1
0.648472 9.64343 -0.932937
-0.0435366 -0.0512268 -0.0105241
114
1
0.711685 9.73677 -0.913249
-0.0246145 -0.0428201 -0.00924369
115
1
0.751385 9.82377 -0.896859
-0.0127272 -0.0383239 -0.00654566
116
1
0.774559 9.90904 -0.890499
-0.0156419 -0.0495084 -0.00393064
117
1
0.782962 9.98986 -0.891982
0.00126651 -0.0401647 0.00175193
118
1
0.775538 10.0627 -0.897958
0.0114135 -0.0272315 0.00368439
119
1
0.759645 10.1278 -0.904085
0.0141637 -0.030369 0.00304489
120
1
0.741744 10.1901 -0.910309
0.0118794 -0.0291653 0.00423126
121
1
0.726027 10.2474 -0.919234
0.0077894 -0.0230682 0.00748398
122
1
0.71536 10.2996 -0.931023
0.00611695 -0.0242715 0.00728497
123
1
0.711143 10.3492 -0.944425
0.00322314 -0.0236926 0.00514238
124
1
0.71304 10.3963 -0.95755
-0.00043325 -0.0218019 0.00518058
125
1
0.720898 10.4422 -0.969
-0.00440894 -0.0216347 0.00651449
126
1
0.733508 10.4886 -0.97912
-0.00849437 -0.0225457 0.00580542
127
1
0.75098 10.534 -0.988819
-0.0126429 -0.0212212 0.00537172
128
1
0.774325 10.5776 -0.998295
-0.0156258 -0.0201595 0.00457744
129
1
0.80263 10.6198 -1.00603
-0.0162897 -0.0202856 0.00399071
130
1
0.833283 10.66 -1.01118
-0.016707 -0.020183 0.0046796
131
1
0.864303 10.6987 -1.01285
-0.0180302 -0.019664 0.00208228
132
1
0.895629 10.7364 -1.01067
-0.0166103 -0.0182741 -0.00347826
133
1
0.926002 10.7727 -1.00344
-0.0141941 -0.0164629 -0.00508465
134
1
0.956382 10.8069 -0.991445
-0.0157098 -0.0163077 -0.00653389
135
1
0.986872 10.8399 -0.974061
-0.0160848 -0.0160638 -0.0103752
136
1
1.01623 10.8719 -0.951603
-0.0121254 -0.0143453 -0.0118252
137
1
1.04436 10.9022 -0.926257
-0.0114735 -0.0148458 -0.0133284
138
1
1.07311 10.9304 -0.897924
-0.0141562 -0.015151 -0.016928
139
1
1.10211 10.9568 -0.866006
-0.0141119 -0.0117556 -0.0178874
140
1
1.13132 10.9807 -0.831275
-0.0129497 -0.00933175 -0.0170744
141
1
1.16124 11.0031 -0.793269
-0.0152032 -0.00945499 -0.020269
142
1
1.1931 11.0248 -0.750477
-0.0183166 -0.00978657 -0.0267807
143
1
1.22638 11.0457 -0.702778
-0.0173027 -0.00917097 -0.0259255
144
1
1.26039 11.0667 -0.653066
-0.0178803 -0.00987297 -0.02359
145
1
1.29508 11.0873 -0.6008
-0.0206707 -0.0121369 -0.0285829
146
1
1.3283 11.1064 -0.54749
-0.0178829 -0.0109717 -0.0296544
147
1
1.35908 11.1225 -0.49305
-0.0146574 -0.00741313 -0.0270243
148
1
1.38856 11.1359 -0.435748
-0.015686 -0.00624253 -0.030043
149
1
1.41673 11.1466 -0.376358
-0.0157259 -0.00561888 -0.0332768
150
1
1.44271 11.1537 -0.314532
-0.0141179 -0.00192156 -0.0357462
151
1
1.46492 11.1574 -0.25105
-0.0128424 2.29685e-005 -0.0362952
152
1
1.48263 11.1591 -0.187087
-0.00886005 -0.000313754 -0.0345487
153
1
1.49546 11.1595 -0.124196
-0.00627576 0.000227124 -0.0327197
154
1
1.50322 11.159 -0.0611457
-0.00318498 0.00112309 -0.0312233
155
1
1.50567 11.1584 7.87984e-008
-2.38516e-009 1.61532e-009 -0.03069
156
1
1.50322 11.159 0.0611458
0.00318498 -0.00112308 -0.0312233
157
1
1.49546 11.1595 0.124197
0.00627576 -0.000227121 -0.0327197
158
1
1.48263 11.1591 0.187087
0.00886005 0.000313757 -0.0345487
159
1
1.46492 11.1574 0.251051
0.0128424 -2.29656e-005 -0.0362952
160
1
1.44271 11.1537 0.314532
0.0141179 0.00192156 -0.0357462
161
1
1.41673 11.1466 0.376359
0.0157259 0.00561888 -0.0332768
162
1
1.38856 11.1359 0.435748
0.015686 0.00624253 -0.030043
163
1
1.35908 11.1225 0.49305
0.0146574 0.00741313 -0.0270243
164
1
1.3283 11.1064 0.54749
0.0178829 0.0109717 -0.0296544
165
1
1.29508 11.0873 0.6008
0.0206707 0.0121369 -0.0285829
166
1
1.26039 11.0667 0.653066
0.0178803 0.00987297 -0.02359
167
1
1.22638 11.0457 0.702778
0.0173027 0.00917097 -0.0259255
168
1
1.1931 11.0248 0.750477
0.0183166 0.00978657 -0.0267807
169
1
1.16124 11.0031 0.793269
0.0152032 0.00945499 -0.020269
170
1
1.13132 10.9807 0.831275
0.0129497 0.00933175 -0.0170744
171
1
1.10211 10.9568 0.866006
0.0141119 0.0117556 -0.0178874
172
1
1.07311 10.9304 0.897924
0.0141562 0.015151 -0.016928
173
1
1.04436 10.9022 0.926257
0.0114735 0.0148458 -0.0133284
174
1
1.01623 10.8719 0.951603
0.0121254 0.0143453 -0.0118252
175
1
0.986872 10.8399 0.974061
0.0160848 0.0160638 -0.0103752
176
1
0.956382 10.8069 0.991445
0.0157098 0.0163077 -0.00653389
177
1
0.926002 10.7727 1.00344
0.0141941 0.0164629 -0.00508465
178
1
0.895629 10.7364 1.01067
0.0166103 0.0182741 -0.00347826
179
1
0.864303 10.6987 1.01285
0.0180302 0.019664 0.00208228
180
1
0.833284 10.66 1.01118
0.016707 0.020183 0.00467959
181
1
0.80263 10.6198 1.00603
0.0162897 0.0202856 0.0039907
182
1
0.774325 10.5776 0.998295
0.0156258 0.0201595 0.00457743
183
1
0.75098 10.534 0.988819
0.0126429 0.0212213 0.00537172
184
1
0.733508 10.4886 0.97912
0.00849437 0.0225457 0.00580542
185
1
0.720898 10.4422 0.969
0.00440894 0.0216347 0.00651449
186
1
0.71304 10.3963 0.95755
0.000433254 0.0218019 0.00518058
187
1
0.711143 10.3492 0.944426
-0.00322314 0.0236926 0.00514239
188
1
0.71536 10.2996 0.931024
-0.00611694 0.0242715 0.00728497
189
1
0.726027 10.2474 0.919235
-0.0077894 0.0230682 0.00748398
190
1
0.741744 10.1901 0.910309
-0.0118794 0.0291653 0.00423126
191
1
0.759646 10.1278 0.904085
-0.0141637 0.030369 0.0030449
192
1
0.775538 10.0627 0.897958
-0.0114135 0.0272315 0.0036844
193
1
0.782962 9.98986 0.891983
-0.00126651 0.0401646 0.00175194
