194
0
1
0.948513 3.63733 0.737642
0.0322456 -0.0290384 -0.0188297
1
1
0.880511 3.69117 0.7742
0.0368909 -0.0260906 -0.0197575
2
1
0.802963 3.74048 0.812276
0.0413065 -0.023186 -0.019393
3
1
0.71618 3.78404 0.850176
0.0461659 -0.0200381 -0.0187661
4
1
0.620888 3.82187 0.885754
0.0493729 -0.0172587 -0.0169702
5
1
0.518196 3.85415 0.917099
0.0526059 -0.0145411 -0.0140761
6
1
0.409325 3.88074 0.942931
0.0554941 -0.0122184 -0.011627
7
1
0.295725 3.90122 0.963346
0.0576202 -0.00887921 -0.00897488
8
1
0.178793 3.91502 0.978107
0.0590413 -0.00482032 -0.00594648
9
1
0.0598261 3.92161 0.986111
0.0598045 -0.00164228 -0.00199252
10
1
-0.0598261 3.92161 0.986111
0.0598045 0.00164228 0.00199252
11
1
-0.178793 3.91502 0.978107
0.0590413 0.00482032 0.00594648
12
1
-0.295725 3.90122 0.963346
0.0576202 0.00887921 0.00897488
13
1
-0.409325 3.88074 0.942931
0.0554941 0.0122184 0.011627
14
1
-0.518196 3.85415 0.917099
0.0526059 0.0145411 0.0140761
15
1
-0.620888 3.82187 0.885754
0.0493729 0.0172587 0.0169702
16
1
-0.71618 3.78404 0.850176
0.0461659 0.0200381 0.0187661
17
1
-0.802963 3.74048 0.812276
0.0413065 0.023186 0.019393
18
1
-0.880511 3.69117 0.7742
0.0368909 0.0260906 0.0197575
19
1
-0.948513 3.63733 0.737642
0.0322456 0.0290384 0.0188297
20
1
-1.00699 3.58053 0.704125
0.026738 0.0297785 0.0167815
21
1
-1.05736 3.52223 0.674209
0.0227705 0.0296218 0.0147974
22
1
-1.10084 3.46358 0.648994
0.0194923 0.0294843 0.01176
23
1
-1.1393 3.40492 0.629284
0.0168566 0.0288515 0.00909827
24
1
-1.17421 3.34744 0.616014
0.0156214 0.028204 0.00543969
25
1
-1.20721 3.29187 0.609331
0.0150123 0.0273521 0.00159351
26
1
-1.23921 3.23861 0.608431
0.0141532 0.0258465 -0.00156304
27
1
-1.27082 3.18798 0.61298
0.0144063 0.0242212 -0.0043583
28
1
-1.30342 3.14036 0.621984
0.0157009 0.0228583 -0.00679535
29
1
-1.33741 3.09541 0.633896
0.0165215 0.0212656 -0.00816768
30
1
-1.37296 3.05292 0.647617
0.0174914 0.0196698 -0.00849518
31
1
-1.41075 3.0129 0.661814
0.0193434 0.0185057 -0.00811028
32
1
-1.45111 2.97517 0.674822
0.0209794 0.017636 -0.00729049
33
1
-1.49371 2.93928 0.685322
0.0219851 0.0168495 -0.00611606
34
1
-1.53815 2.90503 0.692782
0.0229489 0.0160943 -0.00437609
35
1
-1.58432 2.87288 0.696908
0.0235501 0.0150429 -0.00227028
36
1
-1.63189 2.8431 0.697466
0.0235304 0.013699 -0.000435817
37
1
-1.68056 2.81505 0.694564
0.0240084 0.0127575 0.00133861
38
1
-1.73034 2.78752 0.688898
0.0253104 0.0128612 0.00344592
39
1
-1.781 2.75963 0.681139
0.0259598 0.0138737 0.00509883
40
1
-1.83151 2.73137 0.671656
0.0254313 0.0146902 0.00569372
41
1
-1.88084 2.70322 0.660304
0.0246386 0.0144528 0.00600808
42
1
-1.92893 2.67584 0.647113
0.0240393 0.0136053 0.006777
43
1
-1.97604 2.64932 0.631482
0.0236755 0.0130877 0.00800083
44
1
-2.02294 2.62375 0.613178
0.0235576 0.013116 0.00953356
45
1
-2.06986 2.59943 0.591303
0.0237041 0.0129318 0.0113075
46
1
-2.11602 2.57694 0.565138
0.023582 0.0117964 0.013496
47
1
-2.16016 2.55694 0.534308
0.0226145 0.00981197 0.0163285
48
1
-2.20154 2.53981 0.498932
0.0209546 0.00736018 0.0195888
49
1
-2.24013 2.52581 0.459443
0.0191596 0.00484744 0.0225963
50
1
-2.27589 2.51489 0.416487
0.0173816 0.00284025 0.0244474
51
1
-2.30841 2.50686 0.37036
0.0156212 0.00164562 0.0255616
52
1
-2.33745 2.50119 0.321273
0.0138728 0.00108114 0.0264744
53
1
-2.36226 2.49688 0.269735
0.0121589 0.000814369 0.027213
54
1
-2.38215 2.49357 0.216486
0.0102943 0.000682615 0.0276527
55
1
-2.39684 2.49108 0.162347
0.00796579 0.000621231 0.027844
56
1
-2.40672 2.48949 0.108058
0.00518702 0.000475453 0.0277252
57
1
-2.41235 2.48861 0.0539392
0.00243938 0.00019862 0.0273355
58
1
-2.41406 2.4884 -1.11817e-015
-2.70264e-016 -5.82736e-016 0.0270939
59
1
-2.41235 2.48861 -0.0539392
-0.00243938 -0.00019862 0.0273355
60
1
-2.40672 2.48949 -0.108058
-0.00518702 -0.000475453 0.0277252
61
1
-2.39684 2.49108 -0.162347
-0.00796579 -0.000621231 0.027844
62
1
-2.38215 2.49357 -0.216486
-0.0102943 -0.000682615 0.0276527
63
1
-2.36226 2.49688 -0.269735
-0.0121589 -0.000814369 0.027213
64
1
-2.33745 2.50119 -0.321273
-0.0138728 -0.00108114 0.0264744
65
1
-2.30841 2.50686 -0.37036
-0.0156212 -0.00164562 0.0255616
66
1
-2.27589 2.51489 -0.416487
-0.0173816 -0.00284025 0.0244474
67
1
-2.24013 2.52581 -0.459443
-0.0191596 -0.00484744 0.0225963
68
1
-2.20154 2.53981 -0.498932
-0.0209546 -0.00736018 0.0195888
69
1
-2.16016 2.55694 -0.534308
-0.0226145 -0.00981197 0.0163285
70
1
-2.11602 2.57694 -0.565138
-0.023582 -0.0117964 0.013496
71
1
-2.06986 2.59943 -0.591303
-0.0237041 -0.0129318 0.0113075
72
1
-2.02294 2.62375 -0.613178
-0.0235576 -0.013116 0.00953356
73
1
-1.97604 2.64932 -0.631482
-0.0236755 -0.0130877 0.00800083
74
1
-1.92893 2.67584 -0.647113
-0.0240393 -0.0136053 0.006777
75
1
-1.88084 2.70322 -0.660304
-0.0246386 -0.0144528 0.00600808
76
1
-1.83151 2.73137 -0.671656
-0.0254313 -0.0146902 0.00569372
77
1
-1.781 2.75963 -0.681139
-0.0259598 -0.0138737 0.00509883
78
1
-1.73034 2.78752 -0.688898
-0.0253104 -0.0128612 0.00344592
79
1
-1.68056 2.81505 -0.694564
-0.0240084 -0.0127575 0.00133861
80
1
-1.63189 2.8431 -0.697466
-0.0235304 -0.013699 -0.000435817
81
1
-1.58432 2.87288 -0.696908
-0.0235501 -0.0150429 -0.00227028
82
1
-1.53815 2.90503 -0.692782
-0.0229489 -0.0160943 -0.00437609
83
1
-1.49371 2.93928 -0.685322
-0.0219851 -0.0168495 -0.00611606
84
1
-1.45111 2.97517 -0.674822
-0.0209794 -0.017636 -0.00729049
85
1
-1.41075 3.0129 -0.661814
-0.0193434 -0.0185057 -0.00811028
86
1
-1.37296 3.05292 -0.647617
-0.0174914 -0.0196698 -0.00849518
87
1
-1.33741 3.09541 -0.633896
-0.0165215 -0.0212656 -0.00816768
88
1
-1.30342 3.14036 -0.621984
-0.0157009 -0.0228583 -0.00679535
89
1
-1.27082 3.18798 -0.61298
-0.0144063 -0.0242212 -0.0043583
90
1
-1.23921 3.23861 -0.608431
-0.0141532 -0.0258465 -0.00156304
91
1
-1.20721 3.29187 -0.609331
-0.0150123 -0.0273521 0.00159351
92
1
-1.17421 3.34744 -0.616014
-0.0156214 -0.028204 0.00543969
93
1
-1.1393 3.40492 -0.629284
-0.0168566 -0.0288515 0.00909827
94
1
-1.10084 3.46358 -0.648994
-0.0194923 -0.0294843 0.01176
95
1
-1.05736 3.52223 -0.674209
-0.0227705 -0.0296218 0.0147974
96
1
-1.00699 3.58053 -0.704125
-0.026738 -0.0297785 0.0167815
97
1
-0.948513 3.63733 -0.737642
-0.0322456 -0.0290384 0.0188297
98
1
-0.880511 3.69117 -0.7742
-0.0368909 -0.0260906 0.0197575
99
1
-0.802963 3.74048 -0.812276
-0.0413065 -0.023186 0.019393
100
1
-0.71618 3.78404 -0.850176
-0.0461659 -0.0200381 0.0187661
101
1
-0.620888 3.82187 -0.885754
-0.0493729 -0.0172587 0.0169702
102
1
-0.518196 3.85415 -0.917099
-0.0526059 -0.0145411 0.0140761
103
1
-0.409325 3.88074 -0.942931
-0.0554941 -0.0122184 0.011627
104
1
-0.295725 3.90122 -0.963346
-0.0576202 -0.00887921 0.00897488
105
1
-0.178793 3.91502 -0.978107
-0.0590413 -0.00482032 0.00594648
106
1
-0.0598261 3.92161 -0.986111
-0.0598045 -0.00164228 0.00199252
107
1
0.0598261 3.92161 -0.986111
-0.0598045 0.00164228 -0.00199252
108
1
0.178793 3.91502 -0.978107
-0.0590413 0.00482032 -0.00594648
109
1
0.295725 3.90122 -0.963346
-0.0576202 0.00887921 -0.00897488
110
1
0.409325 3.88074 -0.942931
-0.0554941 0.0122184 -0.011627
111
1
0.518196 3.85415 -0.917099
-0.0526059 0.0145411 -0.0140761
112
1
0.620888 3.82187 -0.885754
-0.0493729 0.0172587 -0.0169702
113
1
0.71618 3.78404 -0.850176
-0.0461659 0.0200381 -0.0187661
114
1
0.802963 3.74048 -0.812276
-0.0413065 0.023186 -0.019393
115
1
0.880511 3.69117 -0.7742
-0.0368909 0.0260906 -0.0197575
116
1
0.948513 3.63733 -0.737642
-0.0322456 0.0290384 -0.0188297
117
1
1.00699 3.58053 -0.704125
-0.026738 0.0297785 -0.0167815
118
1
1.05736 3.52223 -0.674209
-0.0227705 0.0296218 -0.0147974
119
1
1.10084 3.46358 -0.648994
-0.0194923 0.0294843 -0.01176
120
1
1.1393 3.40492 -0.629284
-0.0168566 0.0288515 -0.00909827
121
1
1.17421 3.34744 -0.616014
-0.0156214 0.028204 -0.00543969
122
1
1.20721 3.29187 -0.609331
-0.0150123 0.0273521 -0.00159351
123
1
1.23921 3.23861 -0.608431
-0.0141532 0.0258465 0.00156304
124
1
1.27082 3.18798 -0.61298
-0.0144063 0.0242212 0.0043583
125
1
1.30342 3.14036 -0.621984
-0.0157009 0.0228583 0.00679535
126
1
1.33741 3.09541 -0.633896
-0.0165215 0.0212656 0.00816768
127
1
1.37296 3.05292 -0.647617
-0.0174914 0.0196698 0.00849518
128
1
1.41075 3.0129 -0.661814
-0.0193434 0.0185057 0.00811028
129
1
1.45111 2.97517 -0.674822
-0.0209794 0.017636 0.00729049
130
1
1.49371 2.93928 -0.685322
-0.0219851 0.0168495 0.00611606
131
1
1.53815 2.90503 -0.692782
-0.0229489 0.0160943 0.00437609
132
1
1.58432 2.87288 -0.696908
-0.0235501 0.0150429 0.00227028
133
1
1.63189 2.8431 -0.697466
-0.0235304 0.013699 0.000435817
134
1
1.68056 2.81505 -0.694564
-0.0240084 0.0127575 -0.00133861
135
1
1.73034 2.78752 -0.688898
-0.0253104 0.0128612 -0.00344592
136
1
1.781 2.75963 -0.681139
-0.0259598 0.0138737 -0.00509883
137
1
1.83151 2.73137 -0.671656
-0.0254313 0.0146902 -0.00569372
138
1
1.88084 2.70322 -0.660304
-0.0246386 0.0144528 -0.00600808
139
1
1.92893 2.67584 -0.647113
-0.0240393 0.0136053 -0.006777
140
1
1.97604 2.64932 -0.631482
-0.0236755 0.0130877 -0.00800083
141
1
2.02294 2.62375 -0.613178
-0.0235576 0.013116 -0.00953356
142
1
2.06986 2.59943 -0.591303
-0.0237041 0.0129318 -0.0113075
143
1
2.11602 2.57694 -0.565138
-0.023582 0.0117964 -0.013496
144
1
2.16016 2.55694 -0.534308
-0.0226145 0.00981197 -0.0163285
145
1
2.20154 2.53981 -0.498932
-0.0209546 0.00736018 -0.0195888
146
1
2.24013 2.52581 -0.459443
-0.0191596 0.00484744 -0.0225963
147
1
2.27589 2.51489 -0.416487
-0.0173816 0.00284025 -0.0244474
148
1
2.30841 2.50686 -0.37036
-0.0156212 0.00164562 -0.0255616
149
1
2.33745 2.50119 -0.321273
-0.0138728 0.00108114 -0.0264744
150
1
2.36226 2.49688 -0.269735
-0.0121589 0.000814369 -0.027213
151
1
2.38215 2.49357 -0.216486
-0.0102943 0.000682615 -0.0276527
152
1
2.39684 2.49108 -0.162347
-0.00796579 0.000621231 -0.027844
153
1
2.40672 2.48949 -0.108058
-0.00518702 0.000475453 -0.0277252
154
1
2.41235 2.48861 -0.0539392
-0.00243938 0.00019862 -0.0273355
155
1
2.41406 2.4884 -3.96189e-015
-5.99677e-017 1.59361e-016 -0.0270939
156
1
2.41235 2.48861 0.0539392
0.00243938 -0.00019862 -0.0273355
157
1
2.40672 2.48949 0.108058
0.00518702 -0.000475453 -0.0277252
158
1
2.39684 2.49108 0.162347
0.00796579 -0.000621231 -0.027844
159
1
2.38215 2.49357 0.216486
0.0102943 -0.000682615 -0.0276527
160
1
2.36226 2.49688 0.269735
0.0121589 -0.000814369 -0.027213
161
1
2.33745 2.50119 0.321273
0.0138728 -0.00108114 -0.0264744
162
1
2.30841 2.50686 0.37036
0.0156212 -0.00164562 -0.0255616
163
1
2.27589 2.51489 0.416487
0.0173816 -0.00284025 -0.0244474
164
1
2.24013 2.52581 0.459443
0.0191596 -0.00484744 -0.0225963
165
1
2.20154 2.53981 0.498932
0.0209546 -0.00736018 -0.0195888
166
1
2.16016 2.55694 0.534308
0.0226145 -0.00981197 -0.0163285
167
1
2.11602 2.57694 0.565138
0.023582 -0.0117964 -0.013496
168
1
2.06986 2.59943 0.591303
0.0237041 -0.0129318 -0.0113075
169
1
2.02294 2.62375 0.613178
0.0235576 -0.013116 -0.00953356
170
1
1.97604 2.64932 0.631482
0.0236755 -0.0130877 -0.00800083
171
1
1.92893 2.67584 0.647113
0.0240393 -0.0136053 -0.006777
172
1
1.88084 2.70322 0.660304
0.0246386 -0.0144528 -0.00600808
173
1
1.83151 2.73137 0.671656
0.0254313 -0.0146902 -0.00569372
174
1
1.781 2.75963 0.681139
0.0259598 -0.0138737 -0.00509883
175
1
1.73034 2.78752 0.688898
0.0253104 -0.0128612 -0.00344592
176
1
1.68056 2.81505 0.694564
0.0240084 -0.0127575 -0.00133861
177
1
1.63189 2.8431 0.697466
0.0235304 -0.013699 0.000435817
178
1
1.58432 2.87288 0.696908
0.0235501 -0.0150429 0.00227028
179
1
1.53815 2.90503 0.692782
0.0229489 -0.0160943 0.00437609
180
1
1.49371 2.93928 0.685322
0.0219851 -0.0168495 0.00611606
181
1
1.45111 2.97517 0.674822
0.0209794 -0.017636 0.00729049
182
1
1.41075 3.0129 0.661814
0.0193434 -0.0185057 0.00811028
183
1
1.37296 3.05292 0.647617
0.0174914 -0.0196698 0.00849518
184
1
1.33741 3.09541 0.633896
0.0165215 -0.0212656 0.00816768
185
1
1.30342 3.14036 0.621984
0.0157009 -0.0228583 0.00679535
186
1
1.27082 3.18798 0.61298
0.0144063 -0.0242212 0.0043583
187
1
1.23921 3.23861 0.608431
0.0141532 -0.0258465 0.00156304
188
1
1.20721 3.29187 0.609331
0.0150123 -0.0273521 -0.00159351
189
1
1.17421 3.34744 0.616014
0.0156214 -0.028204 -0.00543969
190
1
1.1393 3.40492 0.629284
0.0168566 -0.0288515 -0.00909827
191
1
1.10084 3.46358 0.648994
0.0194923 -0.0294843 -0.01176
192
1
1.05736 3.52223 0.674209
0.0227705 -0.0296218 -0.0147974
193
1
1.00699 3.58053 0.704125
0.026738 -0.0297785 -0.0167815
