194
0
1
1.19492 6.11908 1.08673
0.0223179 -0.00929143 0.0388603
1
1
1.1484 6.13774 1.00966
0.0230206 -0.00870023 0.041812
2
1
1.10133 6.15408 0.920227
0.0232591 -0.0070824 0.0476947
3
1
1.05534 6.16343 0.820104
0.024407 -0.00258473 0.0531889
4
1
1.01107 6.16151 0.705819
0.0210056 0.00592419 0.0591233
5
1
0.973193 6.14613 0.575303
0.0161951 0.0136029 0.0724853
6
1
0.93636 6.1127 0.419433
0.00878715 0.0206903 0.0746093
7
1
0.908672 6.05051 0.213316
0.00993774 0.0305391 0.0706226
8
1
0.716109 5.9125 0.0758612
0.0350689 0.0243419 -0.0142464
9
1
0.0510145 7.77296 0.599708
0.00102784 0.0163099 -0.0761891
10
1
-0.0510145 7.77296 0.599708
0.00102784 -0.0163099 0.0761891
11
1
-0.716109 5.9125 0.0758612
0.0350689 -0.0243419 0.0142464
12
1
-0.908672 6.05051 0.213316
0.00993774 -0.0305391 -0.0706226
13
1
-0.93636 6.1127 0.419433
0.00878715 -0.0206903 -0.0746093
14
1
-0.973193 6.14613 0.575303
0.0161951 -0.0136029 -0.0724853
15
1
-1.01107 6.16151 0.705819
0.0210056 -0.00592419 -0.0591233
16
1
-1.05534 6.16343 0.820104
0.024407 0.00258473 -0.0531889
17
1
-1.10133 6.15408 0.920227
0.0232591 0.0070824 -0.0476947
18
1
-1.1484 6.13774 1.00966
0.0230206 0.00870023 -0.041812
19
1
-1.19492 6.11908 1.08673
0.0223179 0.00929143 -0.0388603
20
1
-1.24086 6.10005 1.15182
0.0209974 0.00927196 -0.0318107
21
1
-1.28696 6.08191 1.20472
0.0208536 0.00835633 -0.0247498
22
1
-1.33323 6.0647 1.246
0.0224687 0.0087684 -0.0197734
23
1
-1.38088 6.04817 1.27874
0.0228812 0.00834905 -0.0147187
24
1
-1.42921 6.03178 1.30379
0.0239497 0.00821339 -0.0103815
25
1
-1.47777 6.01471 1.32147
0.024925 0.00891734 -0.00573792
26
1
-1.52674 5.99686 1.33136
0.0240524 0.00834336 -0.00112531
27
1
-1.57562 5.97946 1.33374
0.0241601 0.00748316 0.0020319
28
1
-1.62474 5.96344 1.32982
0.0249083 0.00716993 0.00363718
29
1
-1.67404 5.94876 1.32108
0.0246473 0.00670792 0.00555841
30
1
-1.72316 5.93569 1.3087
0.0244337 0.00621527 0.00766896
31
1
-1.77202 5.92467 1.29301
0.0244077 0.00515134 0.00900887
32
1
-1.82051 5.91553 1.27433
0.0239698 0.0036818 0.0104338
33
1
-1.86854 5.90825 1.25308
0.0237075 0.00271977 0.0122088
34
1
-1.91593 5.9031 1.22937
0.0235592 0.00143852 0.0129478
35
1
-1.96239 5.90042 1.20344
0.0228904 -0.00038507 0.0131964
36
1
-2.00797 5.90002 1.1758
0.0220499 -0.00137079 0.0136371
37
1
-2.05331 5.90188 1.14661
0.0218297 -0.00168409 0.0143695
38
1
-2.09899 5.90593 1.11524
0.0223275 -0.00247914 0.0158676
39
1
-2.14492 5.91138 1.08114
0.0227788 -0.00322493 0.0177919
40
1
-2.19061 5.91719 1.04471
0.022896 -0.00288868 0.0193766
41
1
-2.2357 5.92298 1.00641
0.0226535 -0.00249298 0.0205297
42
1
-2.27976 5.92872 0.96583
0.0218864 -0.00305249 0.0215651
43
1
-2.32253 5.93524 0.922646
0.021278 -0.00363179 0.02267
44
1
-2.36412 5.94248 0.876524
0.0210767 -0.0037212 0.024085
45
1
-2.40482 5.95002 0.826904
0.0203537 -0.00411638 0.0262154
46
1
-2.44355 5.95783 0.77316
0.0188827 -0.00452074 0.0287619
47
1
-2.47927 5.96548 0.715512
0.0174268 -0.00412218 0.0309718
48
1
-2.51164 5.97227 0.654486
0.015817 -0.00327615 0.0329924
49
1
-2.54064 5.97832 0.590865
0.0142657 -0.00261985 0.0345905
50
1
-2.56712 5.98394 0.526005
0.0132756 -0.00237612 0.034732
51
1
-2.59154 5.98938 0.460714
0.0125209 -0.00241291 0.0342453
52
1
-2.61393 5.9947 0.39513
0.0113965 -0.00255554 0.0338411
53
1
-2.63374 5.99947 0.329306
0.0100275 -0.00232772 0.0336321
54
1
-2.6506 6.00352 0.263382
0.00869848 -0.00168868 0.0336703
55
1
-2.66465 6.00686 0.197474
0.00731707 -0.00159206 0.0339406
56
1
-2.67546 6.00996 0.131674
0.00548716 -0.00199217 0.0339653
57
1
-2.68261 6.0126 0.0658444
0.00297039 -0.00166043 0.0335095
58
1
-2.68506 6.01357 -5.36521e-013
-7.83006e-015 -9.86803e-017 0.0331654
59
1
-2.68261 6.0126 -0.0658444
-0.00297039 0.00166043 0.0335095
60
1
-2.67546 6.00996 -0.131674
-0.00548716 0.00199217 0.0339653
61
1
-2.66465 6.00686 -0.197474
-0.00731707 0.00159206 0.0339406
62
1
-2.6506 6.00352 -0.263382
-0.00869848 0.00168868 0.0336703
63
1
-2.63374 5.99947 -0.329306
-0.0100275 0.00232772 0.0336321
64
1
-2.61393 5.9947 -0.39513
-0.0113965 0.00255554 0.0338411
65
1
-2.59154 5.98938 -0.460714
-0.0125209 0.00241291 0.0342453
66
1
-2.56712 5.98394 -0.526005
-0.0132756 0.00237612 0.034732
67
1
-2.54064 5.97832 -0.590865
-0.0142657 0.00261985 0.0345905
68
1
-2.51164 5.97227 -0.654486
-0.015817 0.00327615 0.0329924
69
1
-2.47927 5.96548 -0.715512
-0.0174268 0.00412218 0.0309718
70
1
-2.44355 5.95783 -0.77316
-0.0188827 0.00452074 0.0287619
71
1
-2.40482 5.95002 -0.826904
-0.0203537 0.00411638 0.0262154
72
1
-2.36412 5.94248 -0.876524
-0.0210767 0.0037212 0.024085
73
1
-2.32253 5.93524 -0.922646
-0.021278 0.00363179 0.02267
74
1
-2.27976 5.92872 -0.96583
-0.0218864 0.00305249 0.0215651
75
1
-2.2357 5.92298 -1.00641
-0.0226535 0.00249298 0.0205297
76
1
-2.19061 5.91719 -1.04471
-0.022896 0.00288868 0.0193766
77
1
-2.14492 5.91138 -1.08114
-0.0227788 0.00322493 0.0177919
78
1
-2.09899 5.90593 -1.11524
-0.0223275 0.00247914 0.0158676
79
1
-2.05331 5.90188 -1.14661
-0.0218297 0.00168409 0.0143695
80
1
-2.00797 5.90002 -1.1758
-0.0220499 0.00137079 0.0136371
81
1
-1.96239 5.90042 -1.20344
-0.0228904 0.00038507 0.0131964
82
1
-1.91593 5.9031 -1.22937
-0.0235592 -0.00143852 0.0129478
83
1
-1.86854 5.90825 -1.25308
-0.0237075 -0.00271977 0.0122088
84
1
-1.82051 5.91553 -1.27433
-0.0239698 -0.0036818 0.0104338
85
1
-1.77202 5.92467 -1.29301
-0.0244077 -0.00515134 0.00900887
86
1
-1.72316 5.93569 -1.3087
-0.0244337 -0.00621527 0.00766896
87
1
-1.67404 5.94876 -1.32108
-0.0246473 -0.00670792 0.00555841
88
1
-1.62474 5.96344 -1.32982
-0.0249083 -0.00716993 0.00363718
89
1
-1.57562 5.97946 -1.33374
-0.0241601 -0.00748316 0.0020319
90
1
-1.52674 5.99686 -1.33136
-0.0240524 -0.00834336 -0.00112531
91
1
-1.47777 6.01471 -1.32147
-0.024925 -0.00891734 -0.00573792
92
1
-1.42921 6.03178 -1.30379
-0.0239497 -0.00821339 -0.0103815
93
1
-1.38088 6.04817 -1.27874
-0.0228812 -0.00834905 -0.0147187
94
1
-1.33323 6.0647 -1.246
-0.0224687 -0.0087684 -0.0197734
95
1
-1.28696 6.08191 -1.20472
-0.0208536 -0.00835633 -0.0247498
96
1
-1.24086 6.10005 -1.15182
-0.0209974 -0.00927196 -0.0318107
97
1
-1.19492 6.11908 -1.08673
-0.0223179 -0.00929143 -0.0388603
98
1
-1.1484 6.13774 -1.00966
-0.0230206 -0.00870023 -0.041812
99
1
-1.10133 6.15408 -0.920227
-0.0232591 -0.0070824 -0.0476947
100
1
-1.05534 6.16343 -0.820104
-0.024407 -0.00258473 -0.0531889
101
1
-1.01107 6.16151 -0.705819
-0.0210056 0.00592419 -0.0591233
102
1
-0.973193 6.14613 -0.575303
-0.0161951 0.0136029 -0.0724853
103
1
-0.93636 6.1127 -0.419433
-0.00878715 0.0206903 -0.0746093
104
1
-0.908672 6.05051 -0.213316
-0.00993774 0.0305391 -0.0706226
105
1
-0.716109 5.9125 -0.0758612
-0.0350689 0.0243419 0.0142464
106
1
-0.0510145 7.77296 -0.599708
-0.00102784 0.0163099 0.0761891
107
1
0.0510145 7.77296 -0.599708
-0.00102784 -0.0163099 -0.0761891
108
1
0.716109 5.9125 -0.0758612
-0.0350689 -0.0243419 -0.0142464
109
1
0.908672 6.05051 -0.213316
-0.00993774 -0.0305391 0.0706226
110
1
0.93636 6.1127 -0.419433
-0.00878715 -0.0206903 0.0746093
111
1
0.973193 6.14613 -0.575303
-0.0161951 -0.0136029 0.0724853
112
1
1.01107 6.16151 -0.705819
-0.0210056 -0.00592419 0.0591233
113
1
1.05534 6.16343 -0.820104
-0.024407 0.00258473 0.0531889
114
1
1.10133 6.15408 -0.920227
-0.0232591 0.0070824 0.0476947
115
1
1.1484 6.13774 -1.00966
-0.0230206 0.00870023 0.041812
116
1
1.19492 6.11908 -1.08673
-0.0223179 0.00929143 0.0388603
117
1
1.24086 6.10005 -1.15182
-0.0209974 0.00927196 0.0318107
118
1
1.28696 6.08191 -1.20472
-0.0208536 0.00835633 0.0247498
119
1
1.33323 6.0647 -1.246
-0.0224687 0.0087684 0.0197734
120
1
1.38088 6.04817 -1.27874
-0.0228812 0.00834905 0.0147187
121
1
1.42921 6.03178 -1.30379
-0.0239497 0.00821339 0.0103815
122
1
1.47777 6.01471 -1.32147
-0.024925 0.00891734 0.00573792
123
1
1.52674 5.99686 -1.33136
-0.0240524 0.00834336 0.00112531
124
1
1.57562 5.97946 -1.33374
-0.0241601 0.00748316 -0.0020319
125
1
1.62474 5.96344 -1.32982
-0.0249083 0.00716993 -0.00363718
126
1
1.67404 5.94876 -1.32108
-0.0246473 0.00670792 -0.00555841
127
1
1.72316 5.93569 -1.3087
-0.0244337 0.00621527 -0.00766896
128
1
1.77202 5.92467 -1.29301
-0.0244077 0.00515134 -0.00900887
129
1
1.82051 5.91553 -1.27433
-0.0239698 0.0036818 -0.0104338
130
1
1.86854 5.90825 -1.25308
-0.0237075 0.00271977 -0.0122088
131
1
1.91593 5.9031 -1.22937
-0.0235592 0.00143852 -0.0129478
132
1
1.96239 5.90042 -1.20344
-0.0228904 -0.00038507 -0.0131964
133
1
2.00797 5.90002 -1.1758
-0.0220499 -0.00137079 -0.0136371
134
1
2.05331 5.90188 -1.14661
-0.0218297 -0.00168409 -0.0143695
135
1
2.09899 5.90593 -1.11524
-0.0223275 -0.00247914 -0.0158676
136
1
2.14492 5.91138 -1.08114
-0.0227788 -0.00322493 -0.0177919
137
1
2.19061 5.91719 -1.04471
-0.022896 -0.00288868 -0.0193766
138
1
2.2357 5.92298 -1.00641
-0.0226535 -0.00249298 -0.0205297
139
1
2.27976 5.92872 -0.96583
-0.0218864 -0.00305249 -0.0215651
140
1
2.32253 5.93524 -0.922646
-0.021278 -0.00363179 -0.02267
141
1
2.36412 5.94248 -0.876524
-0.0210767 -0.0037212 -0.024085
142
1
2.40482 5.95002 -0.826904
-0.0203537 -0.00411638 -0.0262154
143
1
2.44355 5.95783 -0.77316
-0.0188827 -0.00452074 -0.0287619
144
1
2.47927 5.96548 -0.715512
-0.0174268 -0.00412218 -0.0309718
145
1
2.51164 5.97227 -0.654486
-0.015817 -0.00327615 -0.0329924
146
1
2.54064 5.97832 -0.590865
-0.0142657 -0.00261985 -0.0345905
147
1
2.56712 5.98394 -0.526005
-0.0132756 -0.00237612 -0.034732
148
1
2.59154 5.98938 -0.460714
-0.0125209 -0.00241291 -0.0342453
149
1
2.61393 5.9947 -0.39513
-0.0113965 -0.00255554 -0.0338411
150
1
2.63374 5.99947 -0.329306
-0.0100275 -0.00232772 -0.0336321
151
1
2.6506 6.00352 -0.263382
-0.00869848 -0.00168868 -0.0336703
152
1
2.66465 6.00686 -0.197474
-0.00731707 -0.00159206 -0.0339406
153
1
2.67546 6.00996 -0.131674
-0.00548716 -0.00199217 -0.0339653
154
1
2.68261 6.0126 -0.0658444
-0.00297039 -0.00166043 -0.0335095
155
1
2.68506 6.01357 5.56414e-013
7.89018e-015 -5.20565e-016 -0.0331654
156
1
2.68261 6.0126 0.0658444
0.00297039 0.00166043 -0.0335095
157
1
2.67546 6.00996 0.131674
0.00548716 0.00199217 -0.0339653
158
1
2.66465 6.00686 0.197474
0.00731707 0.00159206 -0.0339406
159
1
2.6506 6.00352 0.263382
0.00869848 0.00168868 -0.0336703
160
1
2.63374 5.99947 0.329306
0.0100275 0.00232772 -0.0336321
161
1
2.61393 5.9947 0.39513
0.0113965 0.00255554 -0.0338411
162
1
2.59154 5.98938 0.460714
0.0125209 0.00241291 -0.0342453
163
1
2.56712 5.98394 0.526005
0.0132756 0.00237612 -0.034732
164
1
2.54064 5.97832 0.590865
0.0142657 0.00261985 -0.0345905
165
1
2.51164 5.97227 0.654486
0.015817 0.00327615 -0.0329924
166
1
2.47927 5.96548 0.715512
0.0174268 0.00412218 -0.0309718
167
1
2.44355 5.95783 0.77316
0.0188827 0.00452074 -0.0287619
168
1
2.40482 5.95002 0.826904
0.0203537 0.00411638 -0.0262154
169
1
2.36412 5.94248 0.876524
0.0210767 0.0037212 -0.024085
170
1
2.32253 5.93524 0.922646
0.021278 0.00363179 -0.02267
171
1
2.27976 5.92872 0.96583
0.0218864 0.00305249 -0.0215651
172
1
2.2357 5.92298 1.00641
0.0226535 0.00249298 -0.0205297
173
1
2.19061 5.91719 1.04471
0.022896 0.00288868 -0.0193766
174
1
2.14492 5.91138 1.08114
0.0227788 0.00322493 -0.0177919
175
1
2.09899 5.90593 1.11524
0.0223275 0.00247914 -0.0158676
176
1
2.05331 5.90188 1.14661
0.0218297 0.00168409 -0.0143695
177
1
2.00797 5.90002 1.1758
0.0220499 0.00137079 -0.0136371
178
1
1.96239 5.90042 1.20344
0.0228904 0.00038507 -0.0131964
179
1
1.91593 5.9031 1.22937
0.0235592 -0.00143852 -0.0129478
180
1
1.86854 5.90825 1.25308
0.0237075 -0.00271977 -0.0122088
181
1
1.82051 5.91553 1.27433
0.0239698 -0.0036818 -0.0104338
182
1
1.77202 5.92467 1.29301
0.0244077 -0.00515134 -0.00900887
183
1
1.72316 5.93569 1.3087
0.0244337 -0.00621527 -0.00766896
184
1
1.67404 5.94876 1.32108
0.0246473 -0.00670792 -0.00555841
185
1
1.62474 5.96344 1.32982
0.0249083 -0.00716993 -0.00363718
186
1
1.57562 5.97946 1.33374
0.0241601 -0.00748316 -0.0020319
187
1
1.52674 5.99686 1.33136
0.0240524 -0.00834336 0.00112531
188
1
1.47777 6.01471 1.32147
0.024925 -0.00891734 0.00573792
189
1
1.42921 6.03178 1.30379
0.0239497 -0.00821339 0.0103815
190
1
1.38088 6.04817 1.27874
0.0228812 -0.00834905 0.0147187
191
1
1.33323 6.0647 1.246
0.0224687 -0.0087684 0.0197734
192
1
1.28696 6.08191 1.20472
0.0208536 -0.00835633 0.0247498
193
1
1.24086 6.10005 1.15182
0.0209974 -0.00927196 0.0318107
