194
0
1
0.513083 11.0736 2.00374
-0.0110339 0.0209729 -0.0401388
1
1
0.515814 11.0307 2.07897
-0.00488309 0.0152984 -0.0298213
2
1
0.502743 10.9953 2.17569
0.023172 0.0117223 -0.064721
3
1
0.475744 10.9596 2.28035
0.0130481 0.0192562 -0.0486672
4
1
0.441672 10.91 2.37313
0.0181863 0.0346872 -0.0409188
5
1
0.403708 10.8605 2.45017
0.00983808 0.0114264 -0.0226979
6
1
0.332163 10.8275 2.56241
0.0390746 0.00303891 -0.0650698
7
1
0.169617 10.7917 2.68187
0.0746286 0.0153581 -0.015859
8
1
0.758482 6.75068 0.0613785
0.0346364 0.0355638 -0.00828999
9
1
1.36749 13.8576 0.089465
-0.02189 -0.0564675 0.00691465
10
1
-1.36927 13.8603 0.0690604
-0.0220389 0.0562758 -0.00955137
11
1
-0.759409 6.75232 0.048114
0.0343088 -0.0353962 0.00982099
12
1
-0.169641 10.7917 2.68187
0.0746288 -0.0153571 0.0158598
13
1
-0.332188 10.8275 2.56241
0.0390742 -0.00303915 0.0650699
14
1
-0.403733 10.8605 2.45016
0.00983833 -0.0114263 0.0226982
15
1
-0.441697 10.91 2.37312
0.0181866 -0.0346873 0.0409192
16
1
-0.475769 10.9596 2.28035
0.0130482 -0.019256 0.0486674
17
1
-0.502768 10.9953 2.17569
0.0231717 -0.0117221 0.0647208
18
1
-0.515839 11.0307 2.07896
-0.00488316 -0.0152985 0.0298213
19
1
-0.513109 11.0736 2.00374
-0.0110337 -0.0209731 0.0401389
20
1
-0.509061 11.126 1.93254
-0.0011286 -0.0288328 0.0374094
21
1
-0.512281 11.1911 1.868
0.0037619 -0.0338378 0.0210314
22
1
-0.525563 11.2645 1.81421
0.0116677 -0.0435707 0.0230754
23
1
-0.547716 11.3405 1.7628
0.0139186 -0.040509 0.0274795
24
1
-0.572795 11.4079 1.71256
0.0114092 -0.0238922 0.0205779
25
1
-0.595807 11.464 1.66424
0.0132889 -0.0251261 0.0220775
26
1
-0.617017 11.5154 1.61739
0.0127467 -0.0260325 0.0222147
27
1
-0.634834 11.563 1.5714
0.00864546 -0.0213379 0.020596
28
1
-0.646267 11.607 1.52274
0.00330693 -0.0195733 0.0207663
29
1
-0.651242 11.6502 1.47016
0.000839514 -0.0220797 0.0273504
30
1
-0.653192 11.6926 1.41809
-0.00228884 -0.0172184 0.0258444
31
1
-0.653192 11.7347 1.36561
-0.0018571 -0.0176674 0.0245397
32
1
-0.651028 11.7801 1.31362
-0.000188447 -0.0258387 0.0281186
33
1
-0.646813 11.826 1.26357
-0.00291658 -0.0266829 0.0286705
34
1
-0.639015 11.8704 1.21536
-0.00551521 -0.0225168 0.026361
35
1
-0.628239 11.9141 1.16646
-0.00547166 -0.0216023 0.0259147
36
1
-0.614227 11.9562 1.11871
-0.00778535 -0.0206495 0.0246554
37
1
-0.598256 11.997 1.07311
-0.0103739 -0.0207978 0.023058
38
1
-0.580771 12.0379 1.0301
-0.00891537 -0.0202078 0.0198913
39
1
-0.564186 12.0778 0.990627
-0.00650435 -0.0163174 0.0165683
40
1
-0.548748 12.1155 0.956179
-0.0074333 -0.0150055 0.0155448
41
1
-0.533152 12.1514 0.925111
-0.00851083 -0.0159309 0.0138634
42
1
-0.516799 12.188 0.895866
-0.00747093 -0.0171494 0.0132279
43
1
-0.499499 12.2262 0.868561
-0.00748867 -0.0197544 0.01405
44
1
-0.480234 12.2664 0.843334
-0.0102052 -0.0232937 0.0141048
45
1
-0.458883 12.3093 0.820304
-0.0110074 -0.0225675 0.0122605
46
1
-0.435915 12.3532 0.79988
-0.00975489 -0.0195264 0.00969354
47
1
-0.412422 12.3972 0.784322
-0.0111939 -0.0216634 0.00689843
48
1
-0.386516 12.4426 0.773611
-0.0126441 -0.0256729 0.00474495
49
1
-0.359205 12.4888 0.768246
-0.0140377 -0.0256534 -0.000102163
50
1
-0.330566 12.5353 0.768022
-0.0140916 -0.0240093 -0.00520226
51
1
-0.298335 12.5854 0.774877
-0.0140768 -0.0258661 -0.00607425
52
1
-0.255482 12.6349 0.787633
-0.0184907 -0.0289013 -0.00343332
53
1
-0.192432 12.6761 0.798346
-0.055238 -0.0297654 0.000151591
54
1
-0.116794 12.7279 0.784486
-0.0720149 -0.0152873 -0.0255343
55
1
-0.0787477 12.8368 0.82711
0.0280919 -0.0398688 -0.000372167
56
1
-0.00757167 12.7479 0.61216
0.00309124 -0.0583357 0.0515678
57
1
-0.0404663 13.1958 0.269167
0.00858773 0.00420504 0.0758157
58
1
-0.0418764 13.3089 7.81324e-006
1.16041e-005 2.78657e-006 0.0779221
59
1
-0.0404427 13.1958 -0.26917
-0.00861554 -0.00421775 0.0758168
60
1
-0.0075236 12.748 -0.612123
-0.00310199 0.0583377 0.051565
61
1
-0.0787017 12.8368 -0.827107
-0.0281583 0.0398554 -0.000324732
62
1
-0.116686 12.7279 -0.784473
0.0720195 0.0152894 -0.0255202
63
1
-0.192322 12.6761 -0.798341
0.0552696 0.0297745 0.000159732
64
1
-0.255398 12.6349 -0.78763
0.018495 0.0288986 -0.00342843
65
1
-0.298258 12.5854 -0.774877
0.0140786 0.0258634 -0.00607059
66
1
-0.330495 12.5353 -0.768026
0.0140929 0.0240075 -0.00520011
67
1
-0.359137 12.4888 -0.768253
0.014039 0.0256522 -0.00010076
68
1
-0.386451 12.4426 -0.77362
0.0126455 0.025672 0.00474599
69
1
-0.412359 12.3972 -0.784333
0.0111951 0.0216629 0.00689924
70
1
-0.435854 12.3532 -0.799893
0.0097559 0.019526 0.00969422
71
1
-0.458825 12.3093 -0.820317
0.0110085 0.0225671 0.0122612
72
1
-0.480178 12.2664 -0.843349
0.0102062 0.0232934 0.0141053
73
1
-0.499445 12.2262 -0.868577
0.0074895 0.0197542 0.0140504
74
1
-0.516747 12.188 -0.895883
0.00747165 0.0171493 0.0132282
75
1
-0.533101 12.1514 -0.925128
0.00851152 0.0159308 0.0138637
76
1
-0.548699 12.1155 -0.956196
0.00743393 0.0150054 0.0155451
77
1
-0.564139 12.0778 -0.990645
0.00650494 0.0163173 0.0165685
78
1
-0.580725 12.0379 -1.03012
0.00891603 0.0202077 0.0198914
79
1
-0.598211 11.997 -1.07313
0.0103746 0.0207977 0.0230582
80
1
-0.614184 11.9562 -1.11873
0.00778595 0.0206494 0.0246555
81
1
-0.628198 11.9141 -1.16648
0.00547224 0.0216021 0.0259147
82
1
-0.638975 11.8704 -1.21538
0.00551577 0.0225167 0.026361
83
1
-0.646774 11.826 -1.26359
0.00291711 0.0266828 0.0286703
84
1
-0.650989 11.7801 -1.31364
0.000188887 0.0258386 0.0281184
85
1
-0.653155 11.7347 -1.36563
0.00185747 0.0176674 0.0245396
86
1
-0.653155 11.6926 -1.4181
0.00228922 0.0172183 0.0258443
87
1
-0.651206 11.6502 -1.47018
-0.000839147 0.0220796 0.0273501
88
1
-0.646232 11.607 -1.52276
-0.00330662 0.0195732 0.0207659
89
1
-0.6348 11.563 -1.57142
-0.00864511 0.0213378 0.0205956
90
1
-0.616983 11.5154 -1.61741
-0.0127463 0.0260325 0.0222142
91
1
-0.595775 11.464 -1.66425
-0.0132885 0.0251261 0.0220769
92
1
-0.572764 11.4079 -1.71257
-0.0114087 0.0238922 0.0205773
93
1
-0.547686 11.3405 -1.76281
-0.0139178 0.040509 0.0274786
94
1
-0.525534 11.2645 -1.81422
-0.0116668 0.0435703 0.0230746
95
1
-0.512255 11.1911 -1.86801
-0.00376129 0.0338375 0.021031
96
1
-0.509035 11.126 -1.93255
0.00112914 0.0288325 0.0374093
97
1
-0.513083 11.0736 -2.00375
0.0110339 0.0209729 0.0401388
98
1
-0.515814 11.0307 -2.07897
0.00488309 0.0152984 0.0298213
99
1
-0.502743 10.9953 -2.17569
-0.023172 0.0117223 0.064721
100
1
-0.475744 10.9596 -2.28036
-0.0130481 0.0192562 0.0486672
101
1
-0.441672 10.91 -2.37313
-0.0181863 0.0346872 0.0409188
102
1
-0.403708 10.8605 -2.45017
-0.00983808 0.0114264 0.0226979
103
1
-0.332163 10.8275 -2.56241
-0.0390746 0.00303891 0.0650698
104
1
-0.169617 10.7917 -2.68187
-0.0746286 0.0153581 0.015859
105
1
-0.758476 6.75068 -0.0614287
-0.0346376 0.0355647 0.00828434
106
1
-1.36749 13.8576 -0.0895102
0.0218911 -0.0564681 -0.00691332
107
1
1.36926 13.8603 -0.0691058
0.0220402 0.0562764 0.00955005
108
1
0.759404 6.75231 -0.0481644
-0.0343102 -0.0353971 -0.00981538
109
1
0.169641 10.7917 -2.68187
-0.0746288 -0.0153571 -0.0158598
110
1
0.332188 10.8275 -2.56241
-0.0390742 -0.00303915 -0.0650699
111
1
0.403733 10.8605 -2.45016
-0.00983833 -0.0114263 -0.0226982
112
1
0.441697 10.91 -2.37312
-0.0181866 -0.0346873 -0.0409192
113
1
0.475769 10.9596 -2.28035
-0.0130482 -0.019256 -0.0486674
114
1
0.502768 10.9953 -2.17569
-0.0231717 -0.0117221 -0.0647208
115
1
0.515839 11.0307 -2.07896
0.00488316 -0.0152985 -0.0298213
116
1
0.513109 11.0736 -2.00374
0.0110337 -0.0209731 -0.0401389
117
1
0.509061 11.126 -1.93254
0.0011286 -0.0288328 -0.0374094
118
1
0.512281 11.1911 -1.868
-0.0037619 -0.0338378 -0.0210314
119
1
0.525563 11.2645 -1.81422
-0.0116677 -0.0435707 -0.0230755
120
1
0.547716 11.3405 -1.7628
-0.0139186 -0.0405091 -0.0274795
121
1
0.572795 11.4079 -1.71256
-0.0114092 -0.0238922 -0.0205779
122
1
0.595807 11.464 -1.66424
-0.0132889 -0.0251261 -0.0220775
123
1
0.617017 11.5154 -1.61739
-0.0127467 -0.0260325 -0.0222147
124
1
0.634834 11.563 -1.5714
-0.00864546 -0.0213379 -0.020596
125
1
0.646267 11.607 -1.52274
-0.00330693 -0.0195733 -0.0207663
126
1
0.651242 11.6502 -1.47016
-0.000839514 -0.0220797 -0.0273504
127
1
0.653192 11.6926 -1.41809
0.00228884 -0.0172184 -0.0258444
128
1
0.653192 11.7347 -1.36561
0.0018571 -0.0176674 -0.0245397
129
1
0.651028 11.7801 -1.31362
0.000188447 -0.0258387 -0.0281186
130
1
0.646813 11.826 -1.26357
0.00291658 -0.0266829 -0.0286705
131
1
0.639015 11.8704 -1.21536
0.00551521 -0.0225168 -0.026361
132
1
0.628239 11.9141 -1.16646
0.00547166 -0.0216023 -0.0259147
133
1
0.614227 11.9562 -1.11871
0.00778535 -0.0206495 -0.0246554
134
1
0.598256 11.997 -1.07311
0.0103739 -0.0207978 -0.023058
135
1
0.580771 12.0379 -1.0301
0.00891537 -0.0202078 -0.0198913
136
1
0.564186 12.0778 -0.990627
0.00650435 -0.0163174 -0.0165683
137
1
0.548748 12.1155 -0.956179
0.0074333 -0.0150055 -0.0155448
138
1
0.533152 12.1514 -0.925111
0.00851083 -0.0159309 -0.0138634
139
1
0.516799 12.188 -0.895867
0.00747093 -0.0171494 -0.0132279
140
1
0.499499 12.2262 -0.868561
0.00748867 -0.0197544 -0.01405
141
1
0.480234 12.2664 -0.843334
0.0102052 -0.0232937 -0.0141048
142
1
0.458883 12.3093 -0.820304
0.0110074 -0.0225675 -0.0122605
143
1
0.435915 12.3532 -0.79988
0.00975489 -0.0195264 -0.00969354
144
1
0.412422 12.3972 -0.784322
0.0111939 -0.0216634 -0.00689844
145
1
0.386516 12.4426 -0.773611
0.0126441 -0.0256729 -0.00474496
146
1
0.359205 12.4888 -0.768246
0.0140377 -0.0256534 0.00010216
147
1
0.330566 12.5353 -0.768022
0.0140916 -0.0240093 0.00520226
148
1
0.298335 12.5854 -0.774877
0.0140768 -0.0258661 0.00607426
149
1
0.255482 12.6349 -0.787634
0.0184906 -0.0289013 0.00343334
150
1
0.192432 12.6761 -0.798346
0.0552379 -0.0297653 -0.000151554
151
1
0.116794 12.7279 -0.784486
0.0720149 -0.0152872 0.0255344
152
1
0.0787478 12.8368 -0.82711
-0.0280918 -0.0398688 0.000372315
153
1
0.00757165 12.7479 -0.61216
-0.00309121 -0.0583357 -0.0515679
154
1
0.0404663 13.1958 -0.269167
-0.00858773 0.00420503 -0.0758157
155
1
0.0418764 13.3089 -8.00733e-006
-1.1613e-005 2.78642e-006 -0.0779221
156
1
0.0404427 13.1958 0.26917
0.00861554 -0.00421776 -0.0758168
157
1
0.00752362 12.748 0.612122
0.00310202 0.0583377 -0.0515649
158
1
0.0787015 12.8368 0.827107
0.0281584 0.0398554 0.000324584
159
1
0.116686 12.7279 0.784473
-0.0720195 0.0152894 0.0255202
160
1
0.192322 12.6761 0.798341
-0.0552696 0.0297746 -0.000159769
161
1
0.255398 12.6349 0.78763
-0.0184951 0.0288986 0.00342842
162
1
0.298258 12.5854 0.774877
-0.0140786 0.0258634 0.00607058
163
1
0.330495 12.5353 0.768026
-0.014093 0.0240075 0.00520011
164
1
0.359137 12.4888 0.768253
-0.014039 0.0256522 0.000100763
165
1
0.386451 12.4426 0.77362
-0.0126455 0.025672 -0.00474599
166
1
0.412359 12.3972 0.784333
-0.0111951 0.0216629 -0.00689923
167
1
0.435854 12.3532 0.799893
-0.0097559 0.019526 -0.00969422
168
1
0.458825 12.3093 0.820317
-0.0110085 0.0225671 -0.0122612
169
1
0.480178 12.2664 0.843349
-0.0102062 0.0232934 -0.0141053
170
1
0.499445 12.2262 0.868576
-0.0074895 0.0197542 -0.0140504
171
1
0.516747 12.188 0.895883
-0.00747165 0.0171493 -0.0132282
172
1
0.533101 12.1514 0.925128
-0.00851152 0.0159308 -0.0138637
173
1
0.548699 12.1155 0.956196
-0.00743393 0.0150054 -0.0155451
174
1
0.564139 12.0778 0.990645
-0.00650494 0.0163173 -0.0165685
175
1
0.580725 12.0379 1.03012
-0.00891603 0.0202077 -0.0198914
176
1
0.598211 11.997 1.07313
-0.0103746 0.0207977 -0.0230582
177
1
0.614184 11.9562 1.11873
-0.00778595 0.0206494 -0.0246555
178
1
0.628198 11.9141 1.16648
-0.00547224 0.0216021 -0.0259147
179
1
0.638975 11.8704 1.21538
-0.00551577 0.0225167 -0.026361
180
1
0.646774 11.826 1.26359
-0.00291711 0.0266828 -0.0286703
181
1
0.650989 11.7801 1.31364
-0.000188887 0.0258386 -0.0281184
182
1
0.653155 11.7347 1.36563
-0.00185747 0.0176674 -0.0245396
183
1
0.653155 11.6926 1.4181
-0.00228922 0.0172183 -0.0258443
184
1
0.651206 11.6502 1.47018
0.000839147 0.0220796 -0.0273501
185
1
0.646232 11.607 1.52276
0.00330662 0.0195732 -0.0207659
186
1
0.6348 11.563 1.57142
0.00864511 0.0213378 -0.0205956
187
1
0.616983 11.5154 1.61741
0.0127463 0.0260325 -0.0222142
188
1
0.595775 11.464 1.66425
0.0132885 0.0251261 -0.0220769
189
1
0.572764 11.4079 1.71257
0.0114087 0.0238922 -0.0205773
190
1
0.547686 11.3405 1.76281
0.0139178 0.040509 -0.0274786
191
1
0.525534 11.2645 1.81422
0.0116668 0.0435703 -0.0230746
192
1
0.512255 11.1911 1.86801
0.00376129 0.0338375 -0.0210309
193
1
0.509035 11.126 1.93255
-0.00112914 0.0288325 -0.0374093
