194
0
1
1.27186 8.37163 0.680645
0.055129 0.0147887 0.00399175
1
1
1.1646 8.34196 0.669613
0.0543972 0.0149309 0.00975109
2
1
1.05141 8.3104 0.645167
0.0583308 0.0156686 0.0166117
3
1
0.934784 8.27887 0.606672
0.0588597 0.017145 0.0229813
4
1
0.812796 8.24402 0.55428
0.0602741 0.0208887 0.0278083
5
1
0.689007 8.19731 0.481995
0.0606585 0.0243735 0.0413522
6
1
0.561806 8.13343 0.375351
0.0505823 0.0282714 0.0502258
7
1
0.412295 8.06562 0.199417
0.0428305 0.0156767 0.0626439
8
1
0.760835 6.53916 0.0636057
0.0332375 0.0304832 -0.0101791
9
1
0.0480709 11.3684 0.551889
0.000757897 -0.0209725 -0.0750429
10
1
-0.0480709 11.3684 0.551889
0.000757898 0.0209725 0.0750429
11
1
-0.760836 6.53916 0.0636018
0.0332372 -0.0304829 0.0101791
12
1
-0.412295 8.06562 0.199417
0.0428305 -0.0156767 -0.0626439
13
1
-0.561806 8.13343 0.375351
0.0505823 -0.0282714 -0.0502258
14
1
-0.689007 8.19731 0.481995
0.0606585 -0.0243735 -0.0413522
15
1
-0.812796 8.24402 0.55428
0.0602741 -0.0208887 -0.0278083
16
1
-0.934784 8.27887 0.606672
0.0588597 -0.017145 -0.0229813
17
1
-1.05141 8.3104 0.645167
0.0583308 -0.0156686 -0.0166117
18
1
-1.1646 8.34196 0.669613
0.0543972 -0.0149309 -0.00975109
19
1
-1.27186 8.37163 0.680645
0.055129 -0.0147887 -0.00399175
20
1
-1.37146 8.39752 0.680976
0.0472378 -0.0114033 0.00334847
21
1
-1.46418 8.42132 0.673737
0.0440632 -0.0105749 0.00585522
22
1
-1.55014 8.44511 0.662255
0.0427696 -0.0117253 0.0081824
23
1
-1.63256 8.47031 0.647178
0.0386614 -0.0119563 0.00966167
24
1
-1.71173 8.49513 0.629187
0.0383007 -0.0115305 0.00967443
25
1
-1.78811 8.51815 0.609821
0.038863 -0.0110773 0.00989197
26
1
-1.86222 8.5393 0.590318
0.0349912 -0.00996986 0.00883032
27
1
-1.93332 8.55829 0.571812
0.0332241 -0.00899158 0.00822273
28
1
-2.00258 8.5752 0.554468
0.0346349 -0.00805683 0.00874225
29
1
-2.07169 8.58997 0.538145
0.0348398 -0.00690663 0.00863839
30
1
-2.14014 8.60249 0.523353
0.0341622 -0.0058861 0.00699284
31
1
-2.20804 8.61325 0.510678
0.0340132 -0.00512336 0.00569332
32
1
-2.27524 8.62215 0.500424
0.0335202 -0.0037491 0.00455133
33
1
-2.34102 8.62872 0.492991
0.0333354 -0.002239 0.00300688
34
1
-2.40549 8.63319 0.488536
0.0327807 -0.00151049 0.00144992
35
1
-2.46834 8.63629 0.486791
0.0303541 -0.000873055 -0.000358343
36
1
-2.52875 8.63858 0.486756
0.0286399 -0.000190264 -0.0016995
37
1
-2.58791 8.64066 0.488084
0.0289998 -0.000552635 -0.00151638
38
1
-2.6465 8.64352 0.490411
0.0288971 -0.00120216 -0.00166647
39
1
-2.70391 8.64768 0.493207
0.0275603 -0.00128839 -0.00319258
40
1
-2.75929 8.65329 0.496326
0.0272438 -0.00226143 -0.00345086
41
1
-2.81256 8.66037 0.499037
0.0267059 -0.0038822 -0.00212517
42
1
-2.8635 8.66953 0.500088
0.0247773 -0.00430716 -0.00168961
43
1
-2.9124 8.68022 0.498819
0.0240617 -0.00495047 -0.00112768
44
1
-2.96007 8.69202 0.494201
0.023996 -0.00715465 0.00208327
45
1
-3.00676 8.70506 0.484885
0.0230229 -0.00900271 0.0053051
46
1
-3.05199 8.719 0.470167
0.0228682 -0.00909393 0.00569802
47
1
-3.09496 8.7335 0.449412
0.021898 -0.00782503 0.00995517
48
1
-3.1355 8.74775 0.423088
0.0199447 -0.0072389 0.0181148
49
1
-3.17293 8.75947 0.391819
0.018181 -0.00601919 0.0203397
50
1
-3.20708 8.76792 0.357051
0.0157147 -0.00359449 0.0182058
51
1
-3.23854 8.77263 0.318926
0.0141662 -0.00149919 0.0201073
52
1
-3.26751 8.77383 0.27705
0.0147779 0.00122812 0.0252015
53
1
-3.29382 8.77219 0.231961
0.0148525 0.00303482 0.027036
54
1
-3.31652 8.76904 0.185622
0.012583 0.00308541 0.0245317
55
1
-3.33424 8.76538 0.139235
0.00904606 0.00276802 0.0233196
56
1
-3.34664 8.76163 0.0931604
0.00483682 0.00226952 0.0236815
57
1
-3.35369 8.75957 0.0466065
0.00107772 0.000989455 0.0236515
58
1
-3.35599 8.75945 -4.7222e-009
1.03021e-011 4.62555e-011 0.0235679
59
1
-3.35369 8.75957 -0.0466066
-0.00107772 -0.000989455 0.0236515
60
1
-3.34664 8.76163 -0.0931604
-0.00483682 -0.00226952 0.0236815
61
1
-3.33424 8.76538 -0.139235
-0.00904606 -0.00276802 0.0233196
62
1
-3.31652 8.76904 -0.185622
-0.012583 -0.00308541 0.0245317
63
1
-3.29382 8.77219 -0.231961
-0.0148525 -0.00303482 0.027036
64
1
-3.26751 8.77383 -0.27705
-0.0147779 -0.00122812 0.0252015
65
1
-3.23854 8.77263 -0.318926
-0.0141662 0.00149919 0.0201073
66
1
-3.20708 8.76792 -0.357051
-0.0157147 0.00359449 0.0182058
67
1
-3.17293 8.75947 -0.391819
-0.018181 0.00601919 0.0203397
68
1
-3.1355 8.74775 -0.423088
-0.0199447 0.0072389 0.0181148
69
1
-3.09496 8.7335 -0.449412
-0.021898 0.00782503 0.00995517
70
1
-3.05199 8.719 -0.470167
-0.0228682 0.00909393 0.00569802
71
1
-3.00676 8.70506 -0.484885
-0.0230229 0.00900271 0.0053051
72
1
-2.96007 8.69202 -0.494201
-0.023996 0.00715465 0.00208327
73
1
-2.9124 8.68022 -0.498819
-0.0240617 0.00495047 -0.00112768
74
1
-2.8635 8.66953 -0.500088
-0.0247773 0.00430716 -0.00168961
75
1
-2.81256 8.66037 -0.499037
-0.0267059 0.0038822 -0.00212517
76
1
-2.75929 8.65329 -0.496326
-0.0272438 0.00226143 -0.00345086
77
1
-2.70391 8.64768 -0.493207
-0.0275603 0.00128839 -0.00319258
78
1
-2.6465 8.64352 -0.490411
-0.0288971 0.00120216 -0.00166647
79
1
-2.58791 8.64066 -0.488084
-0.0289998 0.000552635 -0.00151638
80
1
-2.52875 8.63858 -0.486756
-0.0286399 0.000190263 -0.0016995
81
1
-2.46834 8.63629 -0.486791
-0.0303541 0.000873055 -0.000358343
82
1
-2.40549 8.63319 -0.488536
-0.0327807 0.00151049 0.00144992
83
1
-2.34102 8.62872 -0.492991
-0.0333354 0.002239 0.00300689
84
1
-2.27524 8.62215 -0.500424
-0.0335202 0.0037491 0.00455133
85
1
-2.20804 8.61325 -0.510678
-0.0340132 0.00512336 0.00569332
86
1
-2.14014 8.60249 -0.523353
-0.0341622 0.0058861 0.00699284
87
1
-2.07169 8.58997 -0.538145
-0.0348398 0.00690663 0.00863839
88
1
-2.00258 8.5752 -0.554468
-0.0346349 0.00805683 0.00874225
89
1
-1.93332 8.55829 -0.571812
-0.0332241 0.00899158 0.00822273
90
1
-1.86222 8.5393 -0.590318
-0.0349912 0.00996986 0.00883032
91
1
-1.78811 8.51815 -0.609821
-0.038863 0.0110773 0.00989197
92
1
-1.71173 8.49513 -0.629187
-0.0383007 0.0115305 0.00967443
93
1
-1.63256 8.47031 -0.647178
-0.0386614 0.0119563 0.00966167
94
1
-1.55014 8.44511 -0.662255
-0.0427696 0.0117253 0.0081824
95
1
-1.46418 8.42132 -0.673737
-0.0440632 0.0105749 0.00585522
96
1
-1.37146 8.39752 -0.680976
-0.0472378 0.0114033 0.00334847
97
1
-1.27186 8.37163 -0.680645
-0.055129 0.0147887 -0.00399175
98
1
-1.1646 8.34196 -0.669613
-0.0543972 0.0149309 -0.00975109
99
1
-1.05141 8.3104 -0.645167
-0.0583308 0.0156686 -0.0166117
100
1
-0.934784 8.27887 -0.606672
-0.0588597 0.017145 -0.0229813
101
1
-0.812796 8.24402 -0.55428
-0.0602741 0.0208887 -0.0278083
102
1
-0.689007 8.19731 -0.481995
-0.0606585 0.0243735 -0.0413522
103
1
-0.561806 8.13343 -0.375351
-0.0505823 0.0282714 -0.0502258
104
1
-0.412295 8.06562 -0.199417
-0.0428305 0.0156767 -0.0626439
105
1
-0.760835 6.53916 -0.0636053
-0.0332375 0.0304832 0.0101791
106
1
-0.0480709 11.3684 -0.551889
-0.000757897 -0.0209725 0.0750429
107
1
0.0480709 11.3684 -0.551889
-0.000757898 0.0209725 -0.0750429
108
1
0.760836 6.53916 -0.0636014
-0.0332372 -0.0304829 -0.0101791
109
1
0.412295 8.06562 -0.199417
-0.0428305 -0.0156767 0.0626439
110
1
0.561806 8.13343 -0.375351
-0.0505823 -0.0282714 0.0502258
111
1
0.689007 8.19731 -0.481995
-0.0606585 -0.0243735 0.0413522
112
1
0.812796 8.24402 -0.55428
-0.0602741 -0.0208887 0.0278083
113
1
0.934784 8.27887 -0.606672
-0.0588597 -0.017145 0.0229813
114
1
1.05141 8.3104 -0.645167
-0.0583308 -0.0156686 0.0166117
115
1
1.1646 8.34196 -0.669613
-0.0543972 -0.0149309 0.00975109
116
1
1.27186 8.37163 -0.680645
-0.055129 -0.0147887 0.00399175
117
1
1.37146 8.39752 -0.680976
-0.0472378 -0.0114033 -0.00334847
118
1
1.46418 8.42132 -0.673737
-0.0440632 -0.0105749 -0.00585522
119
1
1.55014 8.44511 -0.662255
-0.0427696 -0.0117253 -0.0081824
120
1
1.63256 8.47031 -0.647178
-0.0386614 -0.0119563 -0.00966167
121
1
1.71173 8.49513 -0.629187
-0.0383007 -0.0115305 -0.00967443
122
1
1.78811 8.51815 -0.609821
-0.038863 -0.0110773 -0.00989197
123
1
1.86222 8.5393 -0.590318
-0.0349912 -0.00996986 -0.00883032
124
1
1.93332 8.55829 -0.571812
-0.0332241 -0.00899158 -0.00822273
125
1
2.00258 8.5752 -0.554468
-0.0346349 -0.00805683 -0.00874225
126
1
2.07169 8.58997 -0.538145
-0.0348398 -0.00690663 -0.00863839
127
1
2.14014 8.60249 -0.523353
-0.0341622 -0.0058861 -0.00699284
128
1
2.20804 8.61325 -0.510678
-0.0340132 -0.00512336 -0.00569332
129
1
2.27524 8.62215 -0.500424
-0.0335202 -0.0037491 -0.00455133
130
1
2.34102 8.62872 -0.492991
-0.0333354 -0.002239 -0.00300688
131
1
2.40549 8.63319 -0.488536
-0.0327807 -0.00151049 -0.00144992
132
1
2.46834 8.63629 -0.486791
-0.0303541 -0.000873055 0.000358343
133
1
2.52875 8.63858 -0.486756
-0.0286399 -0.000190264 0.0016995
134
1
2.58791 8.64066 -0.488084
-0.0289998 -0.000552635 0.00151638
135
1
2.6465 8.64352 -0.490411
-0.0288971 -0.00120216 0.00166647
136
1
2.70391 8.64768 -0.493207
-0.0275603 -0.00128839 0.00319258
137
1
2.75929 8.65329 -0.496326
-0.0272438 -0.00226143 0.00345086
138
1
2.81256 8.66037 -0.499037
-0.0267059 -0.0038822 0.00212517
139
1
2.8635 8.66953 -0.500088
-0.0247773 -0.00430716 0.00168961
140
1
2.9124 8.68022 -0.498819
-0.0240617 -0.00495047 0.00112768
141
1
2.96007 8.69202 -0.494201
-0.023996 -0.00715465 -0.00208327
142
1
3.00676 8.70506 -0.484885
-0.0230229 -0.00900271 -0.0053051
143
1
3.05199 8.719 -0.470167
-0.0228682 -0.00909393 -0.00569802
144
1
3.09496 8.7335 -0.449412
-0.021898 -0.00782503 -0.00995517
145
1
3.1355 8.74775 -0.423088
-0.0199447 -0.0072389 -0.0181148
146
1
3.17293 8.75947 -0.391819
-0.018181 -0.00601919 -0.0203397
147
1
3.20708 8.76792 -0.357051
-0.0157147 -0.00359449 -0.0182058
148
1
3.23854 8.77263 -0.318926
-0.0141662 -0.00149919 -0.0201073
149
1
3.26751 8.77383 -0.27705
-0.0147779 0.00122812 -0.0252015
150
1
3.29382 8.77219 -0.231961
-0.0148525 0.00303482 -0.027036
151
1
3.31652 8.76904 -0.185622
-0.012583 0.00308541 -0.0245317
152
1
3.33424 8.76538 -0.139235
-0.00904606 0.00276802 -0.0233196
153
1
3.34664 8.76163 -0.0931604
-0.00483682 0.00226952 -0.0236815
154
1
3.35369 8.75957 -0.0466065
-0.00107772 0.000989455 -0.0236515
155
1
3.35599 8.75945 5.753e-009
-1.55292e-011 6.05447e-011 -0.0235679
156
1
3.35369 8.75957 0.0466066
0.00107772 -0.000989455 -0.0236515
157
1
3.34664 8.76163 0.0931604
0.00483682 -0.00226952 -0.0236815
158
1
3.33424 8.76538 0.139235
0.00904606 -0.00276802 -0.0233196
159
1
3.31652 8.76904 0.185622
0.012583 -0.00308541 -0.0245317
160
1
3.29382 8.77219 0.231961
0.0148525 -0.00303482 -0.027036
161
1
3.26751 8.77383 0.27705
0.0147779 -0.00122812 -0.0252015
162
1
3.23854 8.77263 0.318926
0.0141662 0.00149919 -0.0201073
163
1
3.20708 8.76792 0.357051
0.0157147 0.00359449 -0.0182058
164
1
3.17293 8.75947 0.391819
0.018181 0.00601919 -0.0203397
165
1
3.1355 8.74775 0.423088
0.0199447 0.0072389 -0.0181148
166
1
3.09496 8.7335 0.449412
0.021898 0.00782503 -0.00995517
167
1
3.05199 8.719 0.470167
0.0228682 0.00909393 -0.00569802
168
1
3.00676 8.70506 0.484886
0.0230229 0.00900271 -0.0053051
169
1
2.96007 8.69202 0.494201
0.023996 0.00715465 -0.00208327
170
1
2.9124 8.68022 0.498819
0.0240617 0.00495047 0.00112768
171
1
2.8635 8.66953 0.500088
0.0247773 0.00430716 0.00168961
172
1
2.81256 8.66037 0.499037
0.0267059 0.0038822 0.00212517
173
1
2.75929 8.65329 0.496326
0.0272438 0.00226143 0.00345086
174
1
2.70391 8.64768 0.493207
0.0275603 0.00128839 0.00319258
175
1
2.6465 8.64352 0.490411
0.0288971 0.00120216 0.00166647
176
1
2.58791 8.64066 0.488084
0.0289998 0.000552635 0.00151638
177
1
2.52875 8.63858 0.486756
0.0286399 0.000190263 0.0016995
178
1
2.46834 8.63629 0.486791
0.0303541 0.000873055 0.000358343
179
1
2.40549 8.63319 0.488536
0.0327807 0.00151049 -0.00144992
180
1
2.34102 8.62872 0.492991
0.0333354 0.002239 -0.00300689
181
1
2.27524 8.62215 0.500424
0.0335202 0.0037491 -0.00455133
182
1
2.20804 8.61325 0.510678
0.0340132 0.00512336 -0.00569332
183
1
2.14014 8.60249 0.523353
0.0341622 0.0058861 -0.00699284
184
1
2.07169 8.58997 0.538145
0.0348398 0.00690663 -0.00863839
185
1
2.00258 8.5752 0.554468
0.0346349 0.00805683 -0.00874225
186
1
1.93332 8.55829 0.571812
0.0332241 0.00899158 -0.00822273
187
1
1.86222 8.5393 0.590318
0.0349912 0.00996986 -0.00883032
188
1
1.78811 8.51815 0.609821
0.038863 0.0110773 -0.00989197
189
1
1.71173 8.49513 0.629187
0.0383007 0.0115305 -0.00967443
190
1
1.63256 8.47031 0.647178
0.0386614 0.0119563 -0.00966167
191
1
1.55014 8.44511 0.662255
0.0427696 0.0117253 -0.0081824
192
1
1.46418 8.42132 0.673737
0.0440632 0.0105749 -0.00585522
193
1
1.37146 8.39752 0.680976
0.0472378 0.0114033 -0.00334847
