194
0
1
0.915718 2.98801 1.21165
0.0349261 -0.0239597 -0.0204505
1
1
0.844554 3.03266 1.25104
0.038623 -0.0219286 -0.0193546
2
1
0.765565 3.07401 1.28921
0.0419127 -0.019111 -0.018752
3
1
0.679613 3.11166 1.32559
0.0455082 -0.0172776 -0.0174136
4
1
0.58703 3.14532 1.35905
0.0479099 -0.0151285 -0.0154223
5
1
0.48873 3.17486 1.38824
0.0501211 -0.0136693 -0.0128055
6
1
0.385393 3.19987 1.41171
0.052588 -0.0116062 -0.00974285
7
1
0.278178 3.22 1.42965
0.0544163 -0.00896313 -0.00719045
8
1
0.168082 3.2343 1.4424
0.0555649 -0.00529544 -0.00478553
9
1
0.0562164 3.24127 1.44923
0.0562338 -0.00145422 -0.00183563
10
1
-0.0562164 3.24127 1.44923
0.0562338 0.00145422 0.00183563
11
1
-0.168082 3.2343 1.4424
0.0555649 0.00529544 0.00478553
12
1
-0.278178 3.22 1.42965
0.0544163 0.00896313 0.00719045
13
1
-0.385393 3.19987 1.41171
0.052588 0.0116062 0.00974285
14
1
-0.48873 3.17486 1.38824
0.0501211 0.0136693 0.0128055
15
1
-0.58703 3.14532 1.35905
0.0479099 0.0151285 0.0154223
16
1
-0.679613 3.11166 1.32559
0.0455082 0.0172776 0.0174136
17
1
-0.765565 3.07401 1.28921
0.0419127 0.019111 0.018752
18
1
-0.844554 3.03266 1.25104
0.038623 0.0219286 0.0193546
19
1
-0.915718 2.98801 1.21165
0.0349261 0.0239597 0.0204505
20
1
-0.978806 2.94165 1.17146
0.0301501 0.0239243 0.0207718
21
1
-1.03452 2.89461 1.13016
0.0263036 0.0238047 0.0213435
22
1
-1.08349 2.84786 1.08772
0.0228789 0.0233045 0.0218427
23
1
-1.12657 2.80138 1.04422
0.0202538 0.0227142 0.0223469
24
1
-1.16434 2.75515 1.00057
0.0176348 0.0229122 0.0219201
25
1
-1.19715 2.70877 0.95714
0.015333 0.0233573 0.0216619
26
1
-1.22507 2.66156 0.914399
0.01317 0.02353 0.0212401
27
1
-1.24882 2.61353 0.873079
0.0111008 0.02389 0.020341
28
1
-1.26845 2.56502 0.832833
0.00898801 0.0244219 0.019839
29
1
-1.28377 2.51603 0.793485
0.00685299 0.0244935 0.0197566
30
1
-1.29521 2.46681 0.755132
0.00490497 0.0241772 0.0195081
31
1
-1.30327 2.4177 0.717706
0.00284957 0.0239193 0.0191253
32
1
-1.30811 2.36882 0.681166
0.000776087 0.0239451 0.0186936
33
1
-1.31002 2.31972 0.646015
-0.000517912 0.0242294 0.0178792
34
1
-1.3101 2.26984 0.612957
-0.000810502 0.0246645 0.0167141
35
1
-1.3094 2.21919 0.58232
-0.000872352 0.0249322 0.0155749
36
1
-1.30824 2.16822 0.554405
-0.00127858 0.024905 0.0142851
37
1
-1.30648 2.11711 0.529843
-0.00170499 0.0248657 0.0123225
38
1
-1.30458 2.06577 0.509429
-0.00169883 0.0250417 0.00972633
39
1
-1.30345 2.01428 0.493334
-0.00127099 0.0253091 0.00705523
40
1
-1.30356 1.9631 0.480831
-0.00071587 0.0253474 0.0047238
41
1
-1.30451 1.91259 0.470985
-0.000200588 0.0250544 0.00279276
42
1
-1.30584 1.8628 0.463006
0.000346627 0.0246188 0.00127836
43
1
-1.30766 1.8135 0.456527
0.00113339 0.0243044 0.000331069
44
1
-1.31091 1.76467 0.450479
0.00229008 0.0241783 0.000240861
45
1
-1.31646 1.71658 0.443134
0.00376253 0.0240895 0.00122397
46
1
-1.32456 1.66984 0.43254
0.00534624 0.0237309 0.00328682
47
1
-1.33463 1.62494 0.417569
0.00683369 0.0228927 0.0062095
48
1
-1.34614 1.58243 0.397761
0.00806122 0.021455 0.00964288
49
1
-1.35861 1.54254 0.373271
0.00890182 0.019512 0.0131948
50
1
-1.37172 1.50568 0.34432
0.00918202 0.0172399 0.0164197
51
1
-1.38498 1.47223 0.311257
0.00883082 0.0149706 0.0191042
52
1
-1.39771 1.44258 0.274266
0.00773542 0.0128772 0.0211001
53
1
-1.40929 1.41717 0.233575
0.00603622 0.010975 0.0225833
54
1
-1.41912 1.3963 0.189952
0.00411233 0.00904817 0.0237591
55
1
-1.4267 1.38018 0.144124
0.00250652 0.00681728 0.0246052
56
1
-1.4319 1.3688 0.0968357
0.00143637 0.00432768 0.0249193
57
1
-1.43476 1.36221 0.0486208
0.000678311 0.00197521 0.0247571
58
1
-1.43579 1.36006 -3.06395e-015
5.24888e-017 -1.80054e-016 0.0246053
59
1
-1.43476 1.36221 -0.0486208
-0.000678311 -0.00197521 0.0247571
60
1
-1.4319 1.3688 -0.0968357
-0.00143637 -0.00432768 0.0249193
61
1
-1.4267 1.38018 -0.144124
-0.00250652 -0.00681728 0.0246052
62
1
-1.41912 1.3963 -0.189952
-0.00411233 -0.00904817 0.0237591
63
1
-1.40929 1.41717 -0.233575
-0.00603622 -0.010975 0.0225833
64
1
-1.39771 1.44258 -0.274266
-0.00773542 -0.0128772 0.0211001
65
1
-1.38498 1.47223 -0.311257
-0.00883082 -0.0149706 0.0191042
66
1
-1.37172 1.50568 -0.34432
-0.00918202 -0.0172399 0.0164197
67
1
-1.35861 1.54254 -0.373271
-0.00890182 -0.019512 0.0131948
68
1
-1.34614 1.58243 -0.397761
-0.00806122 -0.021455 0.00964288
69
1
-1.33463 1.62494 -0.417569
-0.00683369 -0.0228927 0.0062095
70
1
-1.32456 1.66984 -0.43254
-0.00534624 -0.0237309 0.00328682
71
1
-1.31646 1.71658 -0.443134
-0.00376253 -0.0240895 0.00122397
72
1
-1.31091 1.76467 -0.450479
-0.00229008 -0.0241783 0.000240861
73
1
-1.30766 1.8135 -0.456527
-0.00113339 -0.0243044 0.000331069
74
1
-1.30584 1.8628 -0.463006
-0.000346627 -0.0246188 0.00127836
75
1
-1.30451 1.91259 -0.470985
0.000200588 -0.0250544 0.00279276
76
1
-1.30356 1.9631 -0.480831
0.00071587 -0.0253474 0.0047238
77
1
-1.30345 2.01428 -0.493334
0.00127099 -0.0253091 0.00705523
78
1
-1.30458 2.06577 -0.509429
0.00169883 -0.0250417 0.00972633
79
1
-1.30648 2.11711 -0.529843
0.00170499 -0.0248657 0.0123225
80
1
-1.30824 2.16822 -0.554405
0.00127858 -0.024905 0.0142851
81
1
-1.3094 2.21919 -0.58232
0.000872352 -0.0249322 0.0155749
82
1
-1.3101 2.26984 -0.612957
0.000810502 -0.0246645 0.0167141
83
1
-1.31002 2.31972 -0.646015
0.000517912 -0.0242294 0.0178792
84
1
-1.30811 2.36882 -0.681166
-0.000776087 -0.0239451 0.0186936
85
1
-1.30327 2.4177 -0.717706
-0.00284957 -0.0239193 0.0191253
86
1
-1.29521 2.46681 -0.755132
-0.00490497 -0.0241772 0.0195081
87
1
-1.28377 2.51603 -0.793485
-0.00685299 -0.0244935 0.0197566
88
1
-1.26845 2.56502 -0.832833
-0.00898801 -0.0244219 0.019839
89
1
-1.24882 2.61353 -0.873079
-0.0111008 -0.02389 0.020341
90
1
-1.22507 2.66156 -0.914399
-0.01317 -0.02353 0.0212401
91
1
-1.19715 2.70877 -0.95714
-0.015333 -0.0233573 0.0216619
92
1
-1.16434 2.75515 -1.00057
-0.0176348 -0.0229122 0.0219201
93
1
-1.12657 2.80138 -1.04422
-0.0202538 -0.0227142 0.0223469
94
1
-1.08349 2.84786 -1.08772
-0.0228789 -0.0233045 0.0218427
95
1
-1.03452 2.89461 -1.13016
-0.0263036 -0.0238047 0.0213435
96
1
-0.978806 2.94165 -1.17146
-0.0301501 -0.0239243 0.0207718
97
1
-0.915718 2.98801 -1.21165
-0.0349261 -0.0239597 0.0204505
98
1
-0.844554 3.03266 -1.25104
-0.038623 -0.0219286 0.0193546
99
1
-0.765565 3.07401 -1.28921
-0.0419127 -0.019111 0.018752
100
1
-0.679613 3.11166 -1.32559
-0.0455082 -0.0172776 0.0174136
101
1
-0.58703 3.14532 -1.35905
-0.0479099 -0.0151285 0.0154223
102
1
-0.48873 3.17486 -1.38824
-0.0501211 -0.0136693 0.0128055
103
1
-0.385393 3.19987 -1.41171
-0.052588 -0.0116062 0.00974285
104
1
-0.278178 3.22 -1.42965
-0.0544163 -0.00896313 0.00719045
105
1
-0.168082 3.2343 -1.4424
-0.0555649 -0.00529544 0.00478553
106
1
-0.0562164 3.24127 -1.44923
-0.0562338 -0.00145422 0.00183563
107
1
0.0562164 3.24127 -1.44923
-0.0562338 0.00145422 -0.00183563
108
1
0.168082 3.2343 -1.4424
-0.0555649 0.00529544 -0.00478553
109
1
0.278178 3.22 -1.42965
-0.0544163 0.00896313 -0.00719045
110
1
0.385393 3.19987 -1.41171
-0.052588 0.0116062 -0.00974285
111
1
0.48873 3.17486 -1.38824
-0.0501211 0.0136693 -0.0128055
112
1
0.58703 3.14532 -1.35905
-0.0479099 0.0151285 -0.0154223
113
1
0.679613 3.11166 -1.32559
-0.0455082 0.0172776 -0.0174136
114
1
0.765565 3.07401 -1.28921
-0.0419127 0.019111 -0.018752
115
1
0.844554 3.03266 -1.25104
-0.038623 0.0219286 -0.0193546
116
1
0.915718 2.98801 -1.21165
-0.0349261 0.0239597 -0.0204505
117
1
0.978806 2.94165 -1.17146
-0.0301501 0.0239243 -0.0207718
118
1
1.03452 2.89461 -1.13016
-0.0263036 0.0238047 -0.0213435
119
1
1.08349 2.84786 -1.08772
-0.0228789 0.0233045 -0.0218427
120
1
1.12657 2.80138 -1.04422
-0.0202538 0.0227142 -0.0223469
121
1
1.16434 2.75515 -1.00057
-0.0176348 0.0229122 -0.0219201
122
1
1.19715 2.70877 -0.95714
-0.015333 0.0233573 -0.0216619
123
1
1.22507 2.66156 -0.914399
-0.01317 0.02353 -0.0212401
124
1
1.24882 2.61353 -0.873079
-0.0111008 0.02389 -0.020341
125
1
1.26845 2.56502 -0.832833
-0.00898801 0.0244219 -0.019839
126
1
1.28377 2.51603 -0.793485
-0.00685299 0.0244935 -0.0197566
127
1
1.29521 2.46681 -0.755132
-0.00490497 0.0241772 -0.0195081
128
1
1.30327 2.4177 -0.717706
-0.00284957 0.0239193 -0.0191253
129
1
1.30811 2.36882 -0.681166
-0.000776087 0.0239451 -0.0186936
130
1
1.31002 2.31972 -0.646015
0.000517912 0.0242294 -0.0178792
131
1
1.3101 2.26984 -0.612957
0.000810502 0.0246645 -0.0167141
132
1
1.3094 2.21919 -0.58232
0.000872352 0.0249322 -0.0155749
133
1
1.30824 2.16822 -0.554405
0.00127858 0.024905 -0.0142851
134
1
1.30648 2.11711 -0.529843
0.00170499 0.0248657 -0.0123225
135
1
1.30458 2.06577 -0.509429
0.00169883 0.0250417 -0.00972633
136
1
1.30345 2.01428 -0.493334
0.00127099 0.0253091 -0.00705523
137
1
1.30356 1.9631 -0.480831
0.00071587 0.0253474 -0.0047238
138
1
1.30451 1.91259 -0.470985
0.000200588 0.0250544 -0.00279276
139
1
1.30584 1.8628 -0.463006
-0.000346627 0.0246188 -0.00127836
140
1
1.30766 1.8135 -0.456527
-0.00113339 0.0243044 -0.000331069
141
1
1.31091 1.76467 -0.450479
-0.00229008 0.0241783 -0.000240861
142
1
1.31646 1.71658 -0.443134
-0.00376253 0.0240895 -0.00122397
143
1
1.32456 1.66984 -0.43254
-0.00534624 0.0237309 -0.00328682
144
1
1.33463 1.62494 -0.417569
-0.00683369 0.0228927 -0.0062095
145
1
1.34614 1.58243 -0.397761
-0.00806122 0.021455 -0.00964288
146
1
1.35861 1.54254 -0.373271
-0.00890182 0.019512 -0.0131948
147
1
1.37172 1.50568 -0.34432
-0.00918202 0.0172399 -0.0164197
148
1
1.38498 1.47223 -0.311257
-0.00883082 0.0149706 -0.0191042
149
1
1.39771 1.44258 -0.274266
-0.00773542 0.0128772 -0.0211001
150
1
1.40929 1.41717 -0.233575
-0.00603622 0.010975 -0.0225833
151
1
1.41912 1.3963 -0.189952
-0.00411233 0.00904817 -0.0237591
152
1
1.4267 1.38018 -0.144124
-0.00250652 0.00681728 -0.0246052
153
1
1.4319 1.3688 -0.0968357
-0.00143637 0.00432768 -0.0249193
154
1
1.43476 1.36221 -0.0486208
-0.000678311 0.00197521 -0.0247571
155
1
1.43579 1.36006 -2.30932e-015
-3.36349e-017 1.34242e-016 -0.0246053
156
1
1.43476 1.36221 0.0486208
0.000678311 -0.00197521 -0.0247571
157
1
1.4319 1.3688 0.0968357
0.00143637 -0.00432768 -0.0249193
158
1
1.4267 1.38018 0.144124
0.00250652 -0.00681728 -0.0246052
159
1
1.41912 1.3963 0.189952
0.00411233 -0.00904817 -0.0237591
160
1
1.40929 1.41717 0.233575
0.00603622 -0.010975 -0.0225833
161
1
1.39771 1.44258 0.274266
0.00773542 -0.0128772 -0.0211001
162
1
1.38498 1.47223 0.311257
0.00883082 -0.0149706 -0.0191042
163
1
1.37172 1.50568 0.34432
0.00918202 -0.0172399 -0.0164197
164
1
1.35861 1.54254 0.373271
0.00890182 -0.019512 -0.0131948
165
1
1.34614 1.58243 0.397761
0.00806122 -0.021455 -0.00964288
166
1
1.33463 1.62494 0.417569
0.00683369 -0.0228927 -0.0062095
167
1
1.32456 1.66984 0.43254
0.00534624 -0.0237309 -0.00328682
168
1
1.31646 1.71658 0.443134
0.00376253 -0.0240895 -0.00122397
169
1
1.31091 1.76467 0.450479
0.00229008 -0.0241783 -0.000240861
170
1
1.30766 1.8135 0.456527
0.00113339 -0.0243044 -0.000331069
171
1
1.30584 1.8628 0.463006
0.000346627 -0.0246188 -0.00127836
172
1
1.30451 1.91259 0.470985
-0.000200588 -0.0250544 -0.00279276
173
1
1.30356 1.9631 0.480831
-0.00071587 -0.0253474 -0.0047238
174
1
1.30345 2.01428 0.493334
-0.00127099 -0.0253091 -0.00705523
175
1
1.30458 2.06577 0.509429
-0.00169883 -0.0250417 -0.00972633
176
1
1.30648 2.11711 0.529843
-0.00170499 -0.0248657 -0.0123225
177
1
1.30824 2.16822 0.554405
-0.00127858 -0.024905 -0.0142851
178
1
1.3094 2.21919 0.58232
-0.000872352 -0.0249322 -0.0155749
179
1
1.3101 2.26984 0.612957
-0.000810502 -0.0246645 -0.0167141
180
1
1.31002 2.31972 0.646015
-0.000517912 -0.0242294 -0.0178792
181
1
1.30811 2.36882 0.681166
0.000776087 -0.0239451 -0.0186936
182
1
1.30327 2.4177 0.717706
0.00284957 -0.0239193 -0.0191253
183
1
1.29521 2.46681 0.755132
0.00490497 -0.0241772 -0.0195081
184
1
1.28377 2.51603 0.793485
0.00685299 -0.0244935 -0.0197566
185
1
1.26845 2.56502 0.832833
0.00898801 -0.0244219 -0.019839
186
1
1.24882 2.61353 0.873079
0.0111008 -0.02389 -0.020341
187
1
1.22507 2.66156 0.914399
0.01317 -0.02353 -0.0212401
188
1
1.19715 2.70877 0.95714
0.015333 -0.0233573 -0.0216619
189
1
1.16434 2.75515 1.00057
0.0176348 -0.0229122 -0.0219201
190
1
1.12657 2.80138 1.04422
0.0202538 -0.0227142 -0.0223469
191
1
1.08349 2.84786 1.08772
0.0228789 -0.0233045 -0.0218427
192
1
1.03452 2.89461 1.13016
0.0263036 -0.0238047 -0.0213435
193
1
0.978806 2.94165 1.17146
0.0301501 -0.0239243 -0.0207718
