194
0
1
0.868566 4.01458 0.543337
0.0293727 -0.0335015 0.0100106
1
1
0.80699 4.08075 0.529032
0.0299968 -0.0355032 0.00471131
2
1
0.741039 4.15032 0.524352
0.0329288 -0.035768 -0.000916595
3
1
0.668967 4.21947 0.530648
0.0368396 -0.0342748 -0.00753361
4
1
0.588497 4.28451 0.546859
0.0413678 -0.030873 -0.0115413
5
1
0.49887 4.34155 0.569961
0.0457448 -0.0255916 -0.0148718
6
1
0.399994 4.38787 0.595793
0.0508442 -0.0198479 -0.0145857
7
1
0.292613 4.42224 0.619622
0.0553485 -0.0133206 -0.0117364
8
1
0.178376 4.44446 0.637424
0.0583003 -0.00774026 -0.00720038
9
1
0.0599289 4.45547 0.646829
0.0598756 -0.00233783 -0.00227218
10
1
-0.0599289 4.45547 0.646829
0.0598756 0.00233783 0.00227218
11
1
-0.178376 4.44446 0.637424
0.0583003 0.00774026 0.00720038
12
1
-0.292613 4.42224 0.619622
0.0553485 0.0133206 0.0117364
13
1
-0.399994 4.38787 0.595793
0.0508442 0.0198479 0.0145857
14
1
-0.49887 4.34155 0.569961
0.0457448 0.0255916 0.0148718
15
1
-0.588497 4.28451 0.546859
0.0413678 0.030873 0.0115413
16
1
-0.668967 4.21947 0.530648
0.0368396 0.0342748 0.00753361
17
1
-0.741039 4.15032 0.524352
0.0329288 0.035768 0.000916595
18
1
-0.80699 4.08075 0.529032
0.0299968 0.0355032 -0.00471131
19
1
-0.868566 4.01458 0.543337
0.0293727 0.0335015 -0.0100106
20
1
-0.927266 3.95473 0.565207
0.0280394 0.029173 -0.0134253
21
1
-0.984399 3.90223 0.591742
0.0271182 0.024584 -0.0144533
22
1
-1.04094 3.85704 0.620722
0.0283397 0.0205602 -0.0157941
23
1
-1.09807 3.81762 0.650507
0.027665 0.0171514 -0.0153389
24
1
-1.15569 3.78294 0.679091
0.0284921 0.0151644 -0.0144368
25
1
-1.21423 3.75185 0.705079
0.0298915 0.0138006 -0.0128619
26
1
-1.27317 3.72341 0.727911
0.0286806 0.0127246 -0.0113387
27
1
-1.33211 3.69732 0.74754
0.0283902 0.0125288 -0.00970061
28
1
-1.39114 3.67275 0.763647
0.0293822 0.0129277 -0.00774998
29
1
-1.44998 3.6491 0.777146
0.0288174 0.0125311 -0.00639385
30
1
-1.50837 3.62655 0.788837
0.0281204 0.0117698 -0.00539627
31
1
-1.56644 3.60496 0.798588
0.0285731 0.0114754 -0.00412388
32
1
-1.62419 3.58418 0.806304
0.0288462 0.0108735 -0.00309396
33
1
-1.68161 3.56476 0.812243
0.0287007 0.00955801 -0.00241115
34
1
-1.73879 3.54761 0.816589
0.0286976 0.0081255 -0.00172864
35
1
-1.79559 3.53305 0.819156
0.028197 0.00673301 -0.0012195
36
1
-1.85158 3.52064 0.819999
0.027012 0.0054417 -0.000968085
37
1
-1.90686 3.50965 0.81908
0.0265082 0.00457997 -0.000188945
38
1
-1.9621 3.50002 0.815351
0.0271869 0.00400814 0.00179858
39
1
-2.01731 3.49186 0.807464
0.0277756 0.00323309 0.00434822
40
1
-2.07162 3.48499 0.79485
0.0273553 0.00241987 0.0068441
41
1
-2.12431 3.47867 0.777709
0.0263457 0.00238629 0.00973733
42
1
-2.1755 3.47251 0.75636
0.0253672 0.00329963 0.0125542
43
1
-2.22544 3.46576 0.730718
0.0247078 0.00432503 0.014467
44
1
-2.27438 3.45872 0.700641
0.0242808 0.00486154 0.0161724
45
1
-2.32221 3.45161 0.665538
0.0238222 0.00495316 0.0188094
46
1
-2.36875 3.44459 0.625572
0.0231186 0.004659 0.0220523
47
1
-2.4138 3.43796 0.581679
0.0224745 0.00417039 0.0242999
48
1
-2.45728 3.43193 0.535162
0.0220855 0.00362826 0.0251833
49
1
-2.49892 3.42655 0.486972
0.0213087 0.0027696 0.025919
50
1
-2.53772 3.42115 0.437494
0.0195595 0.00206311 0.0266052
51
1
-2.57263 3.41524 0.38655
0.0172739 0.00221922 0.0271715
52
1
-2.60345 3.40852 0.333916
0.0148902 0.00301146 0.0276973
53
1
-2.62996 3.40117 0.279866
0.0124709 0.00362591 0.028237
54
1
-2.65188 3.39434 0.224797
0.0100129 0.00366057 0.0286992
55
1
-2.66884 3.38889 0.168966
0.00758151 0.00322226 0.0289979
56
1
-2.68078 3.38538 0.112715
0.00506893 0.00244173 0.0289486
57
1
-2.68784 3.38345 0.0563336
0.00249397 0.00128922 0.0285658
58
1
-2.69005 3.38294 -2.95932e-015
1.20845e-016 4.94582e-016 0.028318
59
1
-2.68784 3.38345 -0.0563336
-0.00249397 -0.00128922 0.0285658
60
1
-2.68078 3.38538 -0.112715
-0.00506893 -0.00244173 0.0289486
61
1
-2.66884 3.38889 -0.168966
-0.00758151 -0.00322226 0.0289979
62
1
-2.65188 3.39434 -0.224797
-0.0100129 -0.00366057 0.0286992
63
1
-2.62996 3.40117 -0.279866
-0.0124709 -0.00362591 0.028237
64
1
-2.60345 3.40852 -0.333916
-0.0148902 -0.00301146 0.0276973
65
1
-2.57263 3.41524 -0.38655
-0.0172739 -0.00221922 0.0271715
66
1
-2.53772 3.42115 -0.437494
-0.0195595 -0.00206311 0.0266052
67
1
-2.49892 3.42655 -0.486972
-0.0213087 -0.0027696 0.025919
68
1
-2.45728 3.43193 -0.535162
-0.0220855 -0.00362826 0.0251833
69
1
-2.4138 3.43796 -0.581679
-0.0224745 -0.00417039 0.0242999
70
1
-2.36875 3.44459 -0.625572
-0.0231186 -0.004659 0.0220523
71
1
-2.32221 3.45161 -0.665538
-0.0238222 -0.00495316 0.0188094
72
1
-2.27438 3.45872 -0.700641
-0.0242808 -0.00486154 0.0161724
73
1
-2.22544 3.46576 -0.730718
-0.0247078 -0.00432503 0.014467
74
1
-2.1755 3.47251 -0.75636
-0.0253672 -0.00329963 0.0125542
75
1
-2.12431 3.47867 -0.777709
-0.0263457 -0.00238629 0.00973733
76
1
-2.07162 3.48499 -0.79485
-0.0273553 -0.00241987 0.0068441
77
1
-2.01731 3.49186 -0.807464
-0.0277756 -0.00323309 0.00434822
78
1
-1.9621 3.50002 -0.815351
-0.0271869 -0.00400814 0.00179858
79
1
-1.90686 3.50965 -0.81908
-0.0265082 -0.00457997 -0.000188945
80
1
-1.85158 3.52064 -0.819999
-0.027012 -0.0054417 -0.000968085
81
1
-1.79559 3.53305 -0.819156
-0.028197 -0.00673301 -0.0012195
82
1
-1.73879 3.54761 -0.816589
-0.0286976 -0.0081255 -0.00172864
83
1
-1.68161 3.56476 -0.812243
-0.0287007 -0.00955801 -0.00241115
84
1
-1.62419 3.58418 -0.806304
-0.0288462 -0.0108735 -0.00309396
85
1
-1.56644 3.60496 -0.798588
-0.0285731 -0.0114754 -0.00412388
86
1
-1.50837 3.62655 -0.788837
-0.0281204 -0.0117698 -0.00539627
87
1
-1.44998 3.6491 -0.777146
-0.0288174 -0.0125311 -0.00639385
88
1
-1.39114 3.67275 -0.763647
-0.0293822 -0.0129277 -0.00774998
89
1
-1.33211 3.69732 -0.74754
-0.0283902 -0.0125288 -0.00970061
90
1
-1.27317 3.72341 -0.727911
-0.0286806 -0.0127246 -0.0113387
91
1
-1.21423 3.75185 -0.705079
-0.0298915 -0.0138006 -0.0128619
92
1
-1.15569 3.78294 -0.679091
-0.0284921 -0.0151644 -0.0144368
93
1
-1.09807 3.81762 -0.650507
-0.027665 -0.0171514 -0.0153389
94
1
-1.04094 3.85704 -0.620722
-0.0283397 -0.0205602 -0.0157941
95
1
-0.984399 3.90223 -0.591742
-0.0271182 -0.024584 -0.0144533
96
1
-0.927266 3.95473 -0.565207
-0.0280394 -0.029173 -0.0134253
97
1
-0.868566 4.01458 -0.543337
-0.0293727 -0.0335015 -0.0100106
98
1
-0.80699 4.08075 -0.529032
-0.0299968 -0.0355032 -0.00471131
99
1
-0.741039 4.15032 -0.524352
-0.0329288 -0.035768 0.000916595
100
1
-0.668967 4.21947 -0.530648
-0.0368396 -0.0342748 0.00753361
101
1
-0.588497 4.28451 -0.546859
-0.0413678 -0.030873 0.0115413
102
1
-0.49887 4.34155 -0.569961
-0.0457448 -0.0255916 0.0148718
103
1
-0.399994 4.38787 -0.595793
-0.0508442 -0.0198479 0.0145857
104
1
-0.292613 4.42224 -0.619622
-0.0553485 -0.0133206 0.0117364
105
1
-0.178376 4.44446 -0.637424
-0.0583003 -0.00774026 0.00720038
106
1
-0.0599289 4.45547 -0.646829
-0.0598756 -0.00233783 0.00227218
107
1
0.0599289 4.45547 -0.646829
-0.0598756 0.00233783 -0.00227218
108
1
0.178376 4.44446 -0.637424
-0.0583003 0.00774026 -0.00720038
109
1
0.292613 4.42224 -0.619622
-0.0553485 0.0133206 -0.0117364
110
1
0.399994 4.38787 -0.595793
-0.0508442 0.0198479 -0.0145857
111
1
0.49887 4.34155 -0.569961
-0.0457448 0.0255916 -0.0148718
112
1
0.588497 4.28451 -0.546859
-0.0413678 0.030873 -0.0115413
113
1
0.668967 4.21947 -0.530648
-0.0368396 0.0342748 -0.00753361
114
1
0.741039 4.15032 -0.524352
-0.0329288 0.035768 -0.000916595
115
1
0.80699 4.08075 -0.529032
-0.0299968 0.0355032 0.00471131
116
1
0.868566 4.01458 -0.543337
-0.0293727 0.0335015 0.0100106
117
1
0.927266 3.95473 -0.565207
-0.0280394 0.029173 0.0134253
118
1
0.984399 3.90223 -0.591742
-0.0271182 0.024584 0.0144533
119
1
1.04094 3.85704 -0.620722
-0.0283397 0.0205602 0.0157941
120
1
1.09807 3.81762 -0.650507
-0.027665 0.0171514 0.0153389
121
1
1.15569 3.78294 -0.679091
-0.0284921 0.0151644 0.0144368
122
1
1.21423 3.75185 -0.705079
-0.0298915 0.0138006 0.0128619
123
1
1.27317 3.72341 -0.727911
-0.0286806 0.0127246 0.0113387
124
1
1.33211 3.69732 -0.74754
-0.0283902 0.0125288 0.00970061
125
1
1.39114 3.67275 -0.763647
-0.0293822 0.0129277 0.00774998
126
1
1.44998 3.6491 -0.777146
-0.0288174 0.0125311 0.00639385
127
1
1.50837 3.62655 -0.788837
-0.0281204 0.0117698 0.00539627
128
1
1.56644 3.60496 -0.798588
-0.0285731 0.0114754 0.00412388
129
1
1.62419 3.58418 -0.806304
-0.0288462 0.0108735 0.00309396
130
1
1.68161 3.56476 -0.812243
-0.0287007 0.00955801 0.00241115
131
1
1.73879 3.54761 -0.816589
-0.0286976 0.0081255 0.00172864
132
1
1.79559 3.53305 -0.819156
-0.028197 0.00673301 0.0012195
133
1
1.85158 3.52064 -0.819999
-0.027012 0.0054417 0.000968085
134
1
1.90686 3.50965 -0.81908
-0.0265082 0.00457997 0.000188945
135
1
1.9621 3.50002 -0.815351
-0.0271869 0.00400814 -0.00179858
136
1
2.01731 3.49186 -0.807464
-0.0277756 0.00323309 -0.00434822
137
1
2.07162 3.48499 -0.79485
-0.0273553 0.00241987 -0.0068441
138
1
2.12431 3.47867 -0.777709
-0.0263457 0.00238629 -0.00973733
139
1
2.1755 3.47251 -0.75636
-0.0253672 0.00329963 -0.0125542
140
1
2.22544 3.46576 -0.730718
-0.0247078 0.00432503 -0.014467
141
1
2.27438 3.45872 -0.700641
-0.0242808 0.00486154 -0.0161724
142
1
2.32221 3.45161 -0.665538
-0.0238222 0.00495316 -0.0188094
143
1
2.36875 3.44459 -0.625572
-0.0231186 0.004659 -0.0220523
144
1
2.4138 3.43796 -0.581679
-0.0224745 0.00417039 -0.0242999
145
1
2.45728 3.43193 -0.535162
-0.0220855 0.00362826 -0.0251833
146
1
2.49892 3.42655 -0.486972
-0.0213087 0.0027696 -0.025919
147
1
2.53772 3.42115 -0.437494
-0.0195595 0.00206311 -0.0266052
148
1
2.57263 3.41524 -0.38655
-0.0172739 0.00221922 -0.0271715
149
1
2.60345 3.40852 -0.333916
-0.0148902 0.00301146 -0.0276973
150
1
2.62996 3.40117 -0.279866
-0.0124709 0.00362591 -0.028237
151
1
2.65188 3.39434 -0.224797
-0.0100129 0.00366057 -0.0286992
152
1
2.66884 3.38889 -0.168966
-0.00758151 0.00322226 -0.0289979
153
1
2.68078 3.38538 -0.112715
-0.00506893 0.00244173 -0.0289486
154
1
2.68784 3.38345 -0.0563336
-0.00249397 0.00128922 -0.0285658
155
1
2.69005 3.38294 -4.77884e-015
-1.01012e-016 1.63279e-016 -0.028318
156
1
2.68784 3.38345 0.0563336
0.00249397 -0.00128922 -0.0285658
157
1
2.68078 3.38538 0.112715
0.00506893 -0.00244173 -0.0289486
158
1
2.66884 3.38889 0.168966
0.00758151 -0.00322226 -0.0289979
159
1
2.65188 3.39434 0.224797
0.0100129 -0.00366057 -0.0286992
160
1
2.62996 3.40117 0.279866
0.0124709 -0.00362591 -0.028237
161
1
2.60345 3.40852 0.333916
0.0148902 -0.00301146 -0.0276973
162
1
2.57263 3.41524 0.38655
0.0172739 -0.00221922 -0.0271715
163
1
2.53772 3.42115 0.437494
0.0195595 -0.00206311 -0.0266052
164
1
2.49892 3.42655 0.486972
0.0213087 -0.0027696 -0.025919
165
1
2.45728 3.43193 0.535162
0.0220855 -0.00362826 -0.0251833
166
1
2.4138 3.43796 0.581679
0.0224745 -0.00417039 -0.0242999
167
1
2.36875 3.44459 0.625572
0.0231186 -0.004659 -0.0220523
168
1
2.32221 3.45161 0.665538
0.0238222 -0.00495316 -0.0188094
169
1
2.27438 3.45872 0.700641
0.0242808 -0.00486154 -0.0161724
170
1
2.22544 3.46576 0.730718
0.0247078 -0.00432503 -0.014467
171
1
2.1755 3.47251 0.75636
0.0253672 -0.00329963 -0.0125542
172
1
2.12431 3.47867 0.777709
0.0263457 -0.00238629 -0.00973733
173
1
2.07162 3.48499 0.79485
0.0273553 -0.00241987 -0.0068441
174
1
2.01731 3.49186 0.807464
0.0277756 -0.00323309 -0.00434822
175
1
1.9621 3.50002 0.815351
0.0271869 -0.00400814 -0.00179858
176
1
1.90686 3.50965 0.81908
0.0265082 -0.00457997 0.000188945
177
1
1.85158 3.52064 0.819999
0.027012 -0.0054417 0.000968085
178
1
1.79559 3.53305 0.819156
0.028197 -0.00673301 0.0012195
179
1
1.73879 3.54761 0.816589
0.0286976 -0.0081255 0.00172864
180
1
1.68161 3.56476 0.812243
0.0287007 -0.00955801 0.00241115
181
1
1.62419 3.58418 0.806304
0.0288462 -0.0108735 0.00309396
182
1
1.56644 3.60496 0.798588
0.0285731 -0.0114754 0.00412388
183
1
1.50837 3.62655 0.788837
0.0281204 -0.0117698 0.00539627
184
1
1.44998 3.6491 0.777146
0.0288174 -0.0125311 0.00639385
185
1
1.39114 3.67275 0.763647
0.0293822 -0.0129277 0.00774998
186
1
1.33211 3.69732 0.74754
0.0283902 -0.0125288 0.00970061
187
1
1.27317 3.72341 0.727911
0.0286806 -0.0127246 0.0113387
188
1
1.21423 3.75185 0.705079
0.0298915 -0.0138006 0.0128619
189
1
1.15569 3.78294 0.679091
0.0284921 -0.0151644 0.0144368
190
1
1.09807 3.81762 0.650507
0.027665 -0.0171514 0.0153389
191
1
1.04094 3.85704 0.620722
0.0283397 -0.0205602 0.0157941
192
1
0.984399 3.90223 0.591742
0.0271182 -0.024584 0.0144533
193
1
0.927266 3.95473 0.565207
0.0280394 -0.029173 0.0134253
