194
0
1
1.11493 9.03694 0.60987
0.0564337 0.0119719 0.00599567
1
1
1.0054 9.01153 0.595332
0.0556105 0.0138189 0.00918976
2
1
0.890289 8.97894 0.573421
0.0595747 0.0185672 0.0115563
3
1
0.772447 8.9379 0.545349
0.0599173 0.0228593 0.0145411
4
1
0.650997 8.8874 0.505554
0.060034 0.0254975 0.0227071
5
1
0.523257 8.83249 0.448267
0.0645248 0.0272562 0.0300937
6
1
0.381008 8.77682 0.361885
0.054824 0.0255984 0.0447365
7
1
0.218984 8.68342 0.213862
0.0435535 0.0367428 0.0531498
8
1
0.156655 6.3902 0.0618377
-0.0473368 0.00142389 -0.00895177
9
1
0.0495367 12.4011 0.229155
0.00140529 -0.0305024 -0.0692883
10
1
-0.0495367 12.4011 0.229155
0.00140529 0.0305024 0.0692883
11
1
-0.156653 6.3902 0.0618273
-0.0473363 -0.0014234 0.00895344
12
1
-0.218984 8.68342 0.213862
0.0435535 -0.0367428 -0.0531498
13
1
-0.381007 8.77682 0.361885
0.054824 -0.0255984 -0.0447365
14
1
-0.523257 8.83249 0.448267
0.0645248 -0.0272561 -0.0300937
15
1
-0.650997 8.8874 0.505554
0.060034 -0.0254975 -0.0227071
16
1
-0.772447 8.9379 0.545349
0.0599173 -0.0228593 -0.0145411
17
1
-0.890289 8.97894 0.573421
0.0595747 -0.0185673 -0.0115563
18
1
-1.0054 9.01153 0.595332
0.0556105 -0.0138189 -0.00918976
19
1
-1.11493 9.03694 0.60987
0.0564337 -0.0119719 -0.00599568
20
1
-1.21648 9.05544 0.618291
0.0481079 -0.00753857 -0.0031165
21
1
-1.31074 9.06755 0.623098
0.0443135 -0.00581348 -0.00091904
22
1
-1.39756 9.07416 0.626926
0.0430158 -0.00212385 -0.000695757
23
1
-1.48048 9.07693 0.631102
0.0389897 0.00124052 -0.00148179
24
1
-1.55936 9.07747 0.635426
0.037888 0.0018465 -0.00200489
25
1
-1.63382 9.07702 0.639515
0.0371209 0.00268828 -0.00174218
26
1
-1.70391 9.07614 0.643882
0.0320371 0.00270661 -0.0014108
27
1
-1.76893 9.076 0.64954
0.0295109 0.00128963 -0.00234979
28
1
-1.83037 9.07892 0.656681
0.0302903 -0.000952124 -0.00419395
29
1
-1.88967 9.08698 0.665187
0.0295088 -0.00395819 -0.0049376
30
1
-1.9461 9.10064 0.674103
0.0276229 -0.00709219 -0.00470225
31
1
-1.99946 9.11973 0.682222
0.0258618 -0.0102897 -0.0037446
32
1
-2.04971 9.14323 0.688581
0.0239367 -0.0126388 -0.00332368
33
1
-2.09685 9.17007 0.692494
0.0226183 -0.0144659 -0.00259719
34
1
-2.14143 9.19976 0.693131
0.021663 -0.0170699 0.000746317
35
1
-2.18373 9.23192 0.689964
0.019681 -0.01811 0.00350544
36
1
-2.22364 9.26518 0.682882
0.0177105 -0.0169316 0.00377349
37
1
-2.26191 9.29977 0.672718
0.0177972 -0.0179459 0.00644895
38
1
-2.29939 9.33626 0.659799
0.017906 -0.0192163 0.00901763
39
1
-2.33669 9.37314 0.644404
0.0166497 -0.0174919 0.00776251
40
1
-2.37444 9.40885 0.627256
0.0182862 -0.0171443 0.00951037
41
1
-2.41299 9.44311 0.607665
0.0206191 -0.0181663 0.0129661
42
1
-2.45084 9.47676 0.586387
0.0187652 -0.0168644 0.0106303
43
1
-2.48765 9.5103 0.565459
0.0181921 -0.0157261 0.00759752
44
1
-2.52395 9.54416 0.545332
0.0201614 -0.0162776 0.00854061
45
1
-2.55983 9.57891 0.524686
0.0195428 -0.0174807 0.0108564
46
1
-2.59449 9.61438 0.502391
0.0174689 -0.0185523 0.0102804
47
1
-2.62635 9.65101 0.477581
0.01643 -0.0189056 0.0104435
48
1
-2.65518 9.68814 0.449694
0.0142124 -0.0206992 0.0152867
49
1
-2.68012 9.72356 0.418564
0.0113496 -0.0202563 0.0175834
50
1
-2.70197 9.75626 0.384433
0.00893324 -0.0170596 0.0164801
51
1
-2.72179 9.78567 0.346173
0.00829875 -0.0148262 0.0193403
52
1
-2.74003 9.81113 0.303584
0.0101143 -0.012443 0.0249506
53
1
-2.75672 9.83245 0.256377
0.00992045 -0.0102266 0.0293204
54
1
-2.7712 9.84958 0.206212
0.0072062 -0.00780555 0.0291555
55
1
-2.78279 9.86213 0.154751
0.00584528 -0.00521036 0.0278346
56
1
-2.79127 9.87026 0.103125
0.00539786 -0.00244354 0.0270096
57
1
-2.79725 9.87498 0.0511841
0.00254916 -0.000945291 0.0261392
58
1
-2.79974 9.87634 1.77716e-009
6.95611e-012 1.02013e-010 0.0258285
59
1
-2.79725 9.87498 -0.0511841
-0.00254916 0.000945291 0.0261392
60
1
-2.79127 9.87026 -0.103125
-0.00539786 0.00244354 0.0270096
61
1
-2.78279 9.86213 -0.154751
-0.00584528 0.00521036 0.0278346
62
1
-2.7712 9.84958 -0.206212
-0.0072062 0.00780555 0.0291555
63
1
-2.75672 9.83245 -0.256377
-0.00992045 0.0102266 0.0293204
64
1
-2.74003 9.81113 -0.303584
-0.0101143 0.012443 0.0249506
65
1
-2.72179 9.78567 -0.346173
-0.00829875 0.0148262 0.0193403
66
1
-2.70197 9.75626 -0.384433
-0.00893324 0.0170596 0.0164801
67
1
-2.68012 9.72356 -0.418564
-0.0113496 0.0202563 0.0175834
68
1
-2.65518 9.68814 -0.449694
-0.0142124 0.0206992 0.0152867
69
1
-2.62635 9.65101 -0.477581
-0.01643 0.0189056 0.0104435
70
1
-2.59449 9.61438 -0.502391
-0.0174689 0.0185523 0.0102804
71
1
-2.55983 9.57891 -0.524686
-0.0195428 0.0174807 0.0108564
72
1
-2.52395 9.54416 -0.545332
-0.0201614 0.0162776 0.00854061
73
1
-2.48765 9.5103 -0.565459
-0.0181921 0.0157261 0.00759752
74
1
-2.45084 9.47676 -0.586387
-0.0187652 0.0168644 0.0106303
75
1
-2.41299 9.44311 -0.607665
-0.0206191 0.0181663 0.0129661
76
1
-2.37444 9.40885 -0.627256
-0.0182862 0.0171443 0.00951037
77
1
-2.33669 9.37314 -0.644404
-0.0166497 0.0174919 0.00776251
78
1
-2.29939 9.33626 -0.659799
-0.017906 0.0192163 0.00901763
79
1
-2.26191 9.29977 -0.672718
-0.0177972 0.0179459 0.00644895
80
1
-2.22364 9.26518 -0.682882
-0.0177105 0.0169316 0.00377349
81
1
-2.18373 9.23192 -0.689964
-0.019681 0.01811 0.00350544
82
1
-2.14143 9.19976 -0.693131
-0.021663 0.0170699 0.000746317
83
1
-2.09685 9.17007 -0.692494
-0.0226183 0.0144659 -0.00259719
84
1
-2.04971 9.14323 -0.688581
-0.0239367 0.0126388 -0.00332368
85
1
-1.99946 9.11973 -0.682222
-0.0258618 0.0102897 -0.0037446
86
1
-1.9461 9.10064 -0.674103
-0.0276229 0.00709219 -0.00470225
87
1
-1.88967 9.08698 -0.665187
-0.0295088 0.00395819 -0.0049376
88
1
-1.83037 9.07892 -0.656681
-0.0302903 0.000952125 -0.00419395
89
1
-1.76893 9.076 -0.64954
-0.0295109 -0.00128963 -0.00234979
90
1
-1.70391 9.07614 -0.643882
-0.0320371 -0.00270661 -0.0014108
91
1
-1.63382 9.07702 -0.639515
-0.0371209 -0.00268828 -0.00174218
92
1
-1.55936 9.07747 -0.635426
-0.037888 -0.0018465 -0.00200489
93
1
-1.48048 9.07693 -0.631102
-0.0389897 -0.00124052 -0.00148179
94
1
-1.39756 9.07416 -0.626926
-0.0430158 0.00212385 -0.000695756
95
1
-1.31074 9.06755 -0.623098
-0.0443135 0.00581348 -0.000919039
96
1
-1.21648 9.05544 -0.618291
-0.0481079 0.00753857 -0.0031165
97
1
-1.11493 9.03694 -0.60987
-0.0564337 0.0119719 -0.00599567
98
1
-1.0054 9.01153 -0.595332
-0.0556105 0.0138189 -0.00918976
99
1
-0.890289 8.97894 -0.573421
-0.0595747 0.0185672 -0.0115563
100
1
-0.772447 8.9379 -0.545349
-0.0599173 0.0228593 -0.0145411
101
1
-0.650997 8.8874 -0.505554
-0.060034 0.0254975 -0.0227071
102
1
-0.523257 8.83249 -0.448267
-0.0645248 0.0272562 -0.0300937
103
1
-0.381008 8.77682 -0.361885
-0.054824 0.0255984 -0.0447365
104
1
-0.218984 8.68342 -0.213862
-0.0435535 0.0367428 -0.0531498
105
1
-0.156655 6.3902 -0.0618362
0.0473368 0.00142391 0.00895192
106
1
-0.0495367 12.4011 -0.229155
-0.00140529 -0.0305024 0.0692883
107
1
0.0495367 12.4011 -0.229155
-0.00140529 0.0305024 -0.0692883
108
1
0.156653 6.3902 -0.0618258
0.0473362 -0.00142343 -0.0089536
109
1
0.218984 8.68342 -0.213862
-0.0435535 -0.0367428 0.0531498
110
1
0.381007 8.77682 -0.361885
-0.054824 -0.0255984 0.0447365
111
1
0.523257 8.83249 -0.448267
-0.0645248 -0.0272561 0.0300937
112
1
0.650997 8.8874 -0.505554
-0.060034 -0.0254975 0.0227071
113
1
0.772447 8.9379 -0.545349
-0.0599173 -0.0228593 0.0145411
114
1
0.890289 8.97894 -0.573421
-0.0595747 -0.0185673 0.0115563
115
1
1.0054 9.01153 -0.595332
-0.0556105 -0.0138189 0.00918976
116
1
1.11493 9.03694 -0.60987
-0.0564337 -0.0119719 0.00599568
117
1
1.21648 9.05544 -0.618291
-0.0481079 -0.00753857 0.0031165
118
1
1.31074 9.06755 -0.623098
-0.0443135 -0.00581348 0.00091904
119
1
1.39756 9.07416 -0.626926
-0.0430158 -0.00212385 0.000695757
120
1
1.48048 9.07693 -0.631102
-0.0389897 0.00124052 0.00148179
121
1
1.55936 9.07747 -0.635426
-0.037888 0.0018465 0.00200489
122
1
1.63382 9.07702 -0.639515
-0.0371209 0.00268828 0.00174218
123
1
1.70391 9.07614 -0.643882
-0.0320371 0.00270661 0.0014108
124
1
1.76893 9.076 -0.64954
-0.0295109 0.00128963 0.00234979
125
1
1.83037 9.07892 -0.656681
-0.0302903 -0.000952124 0.00419395
126
1
1.88967 9.08698 -0.665187
-0.0295088 -0.00395819 0.0049376
127
1
1.9461 9.10064 -0.674103
-0.0276229 -0.00709219 0.00470225
128
1
1.99946 9.11973 -0.682222
-0.0258618 -0.0102897 0.0037446
129
1
2.04971 9.14323 -0.688581
-0.0239367 -0.0126388 0.00332368
130
1
2.09685 9.17007 -0.692494
-0.0226183 -0.0144659 0.00259719
131
1
2.14143 9.19976 -0.693131
-0.021663 -0.0170699 -0.000746318
132
1
2.18373 9.23192 -0.689964
-0.019681 -0.01811 -0.00350544
133
1
2.22364 9.26518 -0.682882
-0.0177105 -0.0169316 -0.00377349
134
1
2.26191 9.29977 -0.672718
-0.0177972 -0.0179459 -0.00644895
135
1
2.29939 9.33626 -0.659799
-0.017906 -0.0192163 -0.00901763
136
1
2.33669 9.37314 -0.644404
-0.0166497 -0.0174919 -0.00776252
137
1
2.37444 9.40885 -0.627256
-0.0182862 -0.0171443 -0.00951037
138
1
2.41299 9.44311 -0.607665
-0.0206191 -0.0181663 -0.0129661
139
1
2.45084 9.47676 -0.586387
-0.0187652 -0.0168644 -0.0106303
140
1
2.48765 9.5103 -0.565459
-0.0181921 -0.0157261 -0.00759752
141
1
2.52395 9.54416 -0.545332
-0.0201614 -0.0162776 -0.00854061
142
1
2.55983 9.57891 -0.524686
-0.0195428 -0.0174807 -0.0108564
143
1
2.59449 9.61438 -0.502391
-0.0174689 -0.0185523 -0.0102804
144
1
2.62635 9.65101 -0.477581
-0.01643 -0.0189056 -0.0104435
145
1
2.65518 9.68814 -0.449694
-0.0142124 -0.0206992 -0.0152867
146
1
2.68012 9.72356 -0.418564
-0.0113496 -0.0202563 -0.0175834
147
1
2.70197 9.75626 -0.384433
-0.00893324 -0.0170596 -0.0164801
148
1
2.72179 9.78567 -0.346173
-0.00829875 -0.0148262 -0.0193403
149
1
2.74003 9.81113 -0.303584
-0.0101143 -0.012443 -0.0249506
150
1
2.75672 9.83245 -0.256377
-0.00992045 -0.0102266 -0.0293204
151
1
2.7712 9.84958 -0.206212
-0.0072062 -0.00780555 -0.0291555
152
1
2.78279 9.86213 -0.154751
-0.00584528 -0.00521036 -0.0278346
153
1
2.79127 9.87026 -0.103125
-0.00539786 -0.00244354 -0.0270096
154
1
2.79725 9.87498 -0.0511841
-0.00254916 -0.000945291 -0.0261392
155
1
2.79974 9.87634 -3.07129e-009
1.74899e-012 8.55296e-011 -0.0258285
156
1
2.79725 9.87498 0.0511841
0.00254916 0.000945291 -0.0261392
157
1
2.79127 9.87026 0.103125
0.00539786 0.00244354 -0.0270096
158
1
2.78279 9.86213 0.154751
0.00584528 0.00521036 -0.0278346
159
1
2.7712 9.84958 0.206212
0.0072062 0.00780555 -0.0291555
160
1
2.75672 9.83245 0.256377
0.00992045 0.0102266 -0.0293204
161
1
2.74003 9.81113 0.303584
0.0101143 0.012443 -0.0249506
162
1
2.72179 9.78567 0.346173
0.00829875 0.0148262 -0.0193403
163
1
2.70197 9.75626 0.384433
0.00893324 0.0170596 -0.0164801
164
1
2.68012 9.72356 0.418564
0.0113496 0.0202563 -0.0175834
165
1
2.65518 9.68814 0.449694
0.0142124 0.0206992 -0.0152867
166
1
2.62635 9.65101 0.477581
0.01643 0.0189056 -0.0104435
167
1
2.59449 9.61438 0.502391
0.0174689 0.0185523 -0.0102804
168
1
2.55983 9.57891 0.524686
0.0195428 0.0174807 -0.0108564
169
1
2.52395 9.54416 0.545332
0.0201614 0.0162776 -0.00854061
170
1
2.48765 9.5103 0.565459
0.0181921 0.0157261 -0.00759752
171
1
2.45084 9.47676 0.586387
0.0187652 0.0168644 -0.0106303
172
1
2.41299 9.44311 0.607665
0.0206191 0.0181663 -0.0129661
173
1
2.37444 9.40885 0.627256
0.0182862 0.0171443 -0.00951037
174
1
2.33669 9.37314 0.644404
0.0166497 0.0174919 -0.00776251
175
1
2.29939 9.33626 0.659799
0.017906 0.0192163 -0.00901763
176
1
2.26191 9.29977 0.672718
0.0177972 0.0179459 -0.00644895
177
1
2.22364 9.26518 0.682882
0.0177105 0.0169316 -0.00377349
178
1
2.18373 9.23192 0.689964
0.019681 0.01811 -0.00350544
179
1
2.14143 9.19976 0.693131
0.021663 0.0170699 -0.000746317
180
1
2.09685 9.17007 0.692494
0.0226183 0.0144659 0.00259719
181
1
2.04971 9.14323 0.688581
0.0239367 0.0126388 0.00332368
182
1
1.99946 9.11973 0.682222
0.0258618 0.0102897 0.0037446
183
1
1.9461 9.10064 0.674103
0.0276229 0.00709219 0.00470225
184
1
1.88967 9.08698 0.665187
0.0295088 0.00395819 0.0049376
185
1
1.83037 9.07892 0.656681
0.0302903 0.000952125 0.00419395
186
1
1.76893 9.076 0.64954
0.0295109 -0.00128963 0.00234979
187
1
1.70391 9.07614 0.643882
0.0320371 -0.00270661 0.0014108
188
1
1.63382 9.07702 0.639515
0.0371209 -0.00268828 0.00174218
189
1
1.55936 9.07747 0.635426
0.037888 -0.0018465 0.00200489
190
1
1.48048 9.07693 0.631102
0.0389897 -0.00124052 0.00148179
191
1
1.39756 9.07416 0.626926
0.0430158 0.00212385 0.000695756
192
1
1.31074 9.06755 0.623098
0.0443135 0.00581348 0.000919039
193
1
1.21648 9.05544 0.618291
0.0481079 0.00753857 0.0031165
