194
0
1
0.856433 4.12318 0.548712
0.0321847 -0.0293703 0.0193749
1
1
0.790613 4.18342 0.516592
0.0316692 -0.0328842 0.0159863
2
1
0.722361 4.25016 0.491105
0.0333141 -0.035474 0.0109885
3
1
0.65034 4.3206 0.475914
0.0354456 -0.0366896 0.00375952
4
1
0.571877 4.39125 0.472322
0.0393448 -0.0353512 -0.0018498
5
1
0.485576 4.45709 0.479505
0.0430974 -0.0316211 -0.00768083
6
1
0.39058 4.51371 0.494427
0.0483051 -0.0260653 -0.0102511
7
1
0.286885 4.55781 0.512352
0.0532423 -0.0183197 -0.0105411
8
1
0.175502 4.58739 0.527995
0.0568838 -0.0107512 -0.00747004
9
1
0.0590886 4.60224 0.536962
0.0589043 -0.00323816 -0.0027297
10
1
-0.0590886 4.60224 0.536962
0.0589043 0.00323816 0.0027297
11
1
-0.175502 4.58739 0.527995
0.0568838 0.0107512 0.00747004
12
1
-0.286885 4.55781 0.512352
0.0532423 0.0183197 0.0105411
13
1
-0.39058 4.51371 0.494427
0.0483051 0.0260653 0.0102511
14
1
-0.485576 4.45709 0.479505
0.0430974 0.0316211 0.00768083
15
1
-0.571877 4.39125 0.472322
0.0393448 0.0353512 0.0018498
16
1
-0.65034 4.3206 0.475914
0.0354456 0.0366896 -0.00375952
17
1
-0.722361 4.25016 0.491105
0.0333141 0.035474 -0.0109885
18
1
-0.790613 4.18342 0.516592
0.0316692 0.0328842 -0.0159863
19
1
-0.856433 4.12318 0.548712
0.0321847 0.0293703 -0.0193749
20
1
-0.920764 4.07098 0.583981
0.0313429 0.0245718 -0.0201105
21
1
-0.98432 4.02674 0.619126
0.0303183 0.0203462 -0.0183693
22
1
-1.04765 3.98967 0.652371
0.0319125 0.0168562 -0.0169234
23
1
-1.11147 3.95797 0.683388
0.0309591 0.0139976 -0.0147777
24
1
-1.17493 3.93002 0.711638
0.03137 0.0126148 -0.0130081
25
1
-1.23805 3.90425 0.736929
0.032374 0.0117585 -0.0110873
26
1
-1.30029 3.87964 0.759394
0.0305923 0.0106719 -0.010118
27
1
-1.36129 3.85614 0.779294
0.0297798 0.0103728 -0.00943018
28
1
-1.42145 3.83342 0.796292
0.0302667 0.0106895 -0.00848254
29
1
-1.48087 3.81166 0.811161
0.0293586 0.0100967 -0.00782136
30
1
-1.53958 3.79175 0.824518
0.0284978 0.00908972 -0.00718802
31
1
-1.59784 3.77388 0.836105
0.0287435 0.00860821 -0.00615052
32
1
-1.65569 3.75777 0.845583
0.0288204 0.0079318 -0.0050066
33
1
-1.71311 3.74367 0.85261
0.0285796 0.00661729 -0.00359375
34
1
-1.77017 3.73227 0.856678
0.0285575 0.00506322 -0.00170175
35
1
-1.82676 3.72388 0.857324
0.0280971 0.00333938 7.44562e-005
36
1
-1.88257 3.71805 0.854884
0.0269512 0.00170162 0.00122942
37
1
-1.93781 3.71387 0.849761
0.0264441 0.000733375 0.00258096
38
1
-1.99314 3.71066 0.841283
0.0271115 0.000582412 0.00505035
39
1
-2.04856 3.70775 0.828404
0.0277119 0.000794732 0.00786685
40
1
-2.10325 3.70443 0.811018
0.0274128 0.00111908 0.0101088
41
1
-2.15665 3.69996 0.789751
0.0267751 0.00201093 0.0120891
42
1
-2.20895 3.69427 0.765363
0.0263391 0.003279 0.0135663
43
1
-2.26029 3.68714 0.737848
0.0261644 0.00394396 0.0143078
44
1
-2.31076 3.67914 0.706987
0.0260368 0.00401436 0.0153129
45
1
-2.36008 3.67053 0.671859
0.0256366 0.00425894 0.0175341
46
1
-2.40769 3.66157 0.632163
0.0246858 0.00461637 0.0206237
47
1
-2.45306 3.6533 0.588397
0.0235151 0.00433231 0.0231695
48
1
-2.49596 3.64689 0.541483
0.0223283 0.00327615 0.0247983
49
1
-2.53632 3.6429 0.492261
0.0206136 0.00183384 0.0264729
50
1
-2.57363 3.6406 0.441238
0.0184098 0.000790707 0.0277854
51
1
-2.6077 3.63916 0.388685
0.0165714 0.000634795 0.0283213
52
1
-2.63882 3.63776 0.33474
0.0152043 0.000987046 0.0283868
53
1
-2.6666 3.63614 0.279773
0.0137278 0.00114736 0.0284513
54
1
-2.69024 3.63479 0.224196
0.0117502 0.000988944 0.0286171
55
1
-2.70867 3.63405 0.168167
0.00931325 0.000739546 0.028771
56
1
-2.72151 3.63406 0.11199
0.006432 0.000511494 0.0286473
57
1
-2.72887 3.63425 0.0558938
0.00323661 0.000239172 0.0282266
58
1
-2.73116 3.63449 -3.84348e-015
8.2639e-016 -7.58703e-017 0.0279683
59
1
-2.72887 3.63425 -0.0558938
-0.00323661 -0.000239172 0.0282266
60
1
-2.72151 3.63406 -0.11199
-0.006432 -0.000511494 0.0286473
61
1
-2.70867 3.63405 -0.168167
-0.00931325 -0.000739546 0.028771
62
1
-2.69024 3.63479 -0.224196
-0.0117502 -0.000988944 0.0286171
63
1
-2.6666 3.63614 -0.279773
-0.0137278 -0.00114736 0.0284513
64
1
-2.63882 3.63776 -0.33474
-0.0152043 -0.000987046 0.0283868
65
1
-2.6077 3.63916 -0.388685
-0.0165714 -0.000634795 0.0283213
66
1
-2.57363 3.6406 -0.441238
-0.0184098 -0.000790707 0.0277854
67
1
-2.53632 3.6429 -0.492261
-0.0206136 -0.00183384 0.0264729
68
1
-2.49596 3.64689 -0.541483
-0.0223283 -0.00327615 0.0247983
69
1
-2.45306 3.6533 -0.588397
-0.0235151 -0.00433231 0.0231695
70
1
-2.40769 3.66157 -0.632163
-0.0246858 -0.00461637 0.0206237
71
1
-2.36008 3.67053 -0.671859
-0.0256366 -0.00425894 0.0175341
72
1
-2.31076 3.67914 -0.706987
-0.0260368 -0.00401436 0.0153129
73
1
-2.26029 3.68714 -0.737848
-0.0261644 -0.00394396 0.0143078
74
1
-2.20895 3.69427 -0.765363
-0.0263391 -0.003279 0.0135663
75
1
-2.15665 3.69996 -0.789751
-0.0267751 -0.00201093 0.0120891
76
1
-2.10325 3.70443 -0.811018
-0.0274128 -0.00111908 0.0101088
77
1
-2.04856 3.70775 -0.828404
-0.0277119 -0.000794732 0.00786685
78
1
-1.99314 3.71066 -0.841283
-0.0271115 -0.000582412 0.00505035
79
1
-1.93781 3.71387 -0.849761
-0.0264441 -0.000733375 0.00258096
80
1
-1.88257 3.71805 -0.854884
-0.0269512 -0.00170162 0.00122942
81
1
-1.82676 3.72388 -0.857324
-0.0280971 -0.00333938 7.44562e-005
82
1
-1.77017 3.73227 -0.856678
-0.0285575 -0.00506322 -0.00170175
83
1
-1.71311 3.74367 -0.85261
-0.0285796 -0.00661729 -0.00359375
84
1
-1.65569 3.75777 -0.845583
-0.0288204 -0.0079318 -0.0050066
85
1
-1.59784 3.77388 -0.836105
-0.0287435 -0.00860821 -0.00615052
86
1
-1.53958 3.79175 -0.824518
-0.0284978 -0.00908972 -0.00718802
87
1
-1.48087 3.81166 -0.811161
-0.0293586 -0.0100967 -0.00782136
88
1
-1.42145 3.83342 -0.796292
-0.0302667 -0.0106895 -0.00848254
89
1
-1.36129 3.85614 -0.779294
-0.0297798 -0.0103728 -0.00943018
90
1
-1.30029 3.87964 -0.759394
-0.0305923 -0.0106719 -0.010118
91
1
-1.23805 3.90425 -0.736929
-0.032374 -0.0117585 -0.0110873
92
1
-1.17493 3.93002 -0.711638
-0.03137 -0.0126148 -0.0130081
93
1
-1.11147 3.95797 -0.683388
-0.0309591 -0.0139976 -0.0147777
94
1
-1.04765 3.98967 -0.652371
-0.0319125 -0.0168562 -0.0169234
95
1
-0.98432 4.02674 -0.619126
-0.0303183 -0.0203462 -0.0183693
96
1
-0.920764 4.07098 -0.583981
-0.0313429 -0.0245718 -0.0201105
97
1
-0.856433 4.12318 -0.548712
-0.0321847 -0.0293703 -0.0193749
98
1
-0.790613 4.18342 -0.516592
-0.0316692 -0.0328842 -0.0159863
99
1
-0.722361 4.25016 -0.491105
-0.0333141 -0.035474 -0.0109885
100
1
-0.65034 4.3206 -0.475914
-0.0354456 -0.0366896 -0.00375952
101
1
-0.571877 4.39125 -0.472322
-0.0393448 -0.0353512 0.0018498
102
1
-0.485576 4.45709 -0.479505
-0.0430974 -0.0316211 0.00768083
103
1
-0.39058 4.51371 -0.494427
-0.0483051 -0.0260653 0.0102511
104
1
-0.286885 4.55781 -0.512352
-0.0532423 -0.0183197 0.0105411
105
1
-0.175502 4.58739 -0.527995
-0.0568838 -0.0107512 0.00747004
106
1
-0.0590886 4.60224 -0.536962
-0.0589043 -0.00323816 0.0027297
107
1
0.0590886 4.60224 -0.536962
-0.0589043 0.00323816 -0.0027297
108
1
0.175502 4.58739 -0.527995
-0.0568838 0.0107512 -0.00747004
109
1
0.286885 4.55781 -0.512352
-0.0532423 0.0183197 -0.0105411
110
1
0.39058 4.51371 -0.494427
-0.0483051 0.0260653 -0.0102511
111
1
0.485576 4.45709 -0.479505
-0.0430974 0.0316211 -0.00768083
112
1
0.571877 4.39125 -0.472322
-0.0393448 0.0353512 -0.0018498
113
1
0.65034 4.3206 -0.475914
-0.0354456 0.0366896 0.00375952
114
1
0.722361 4.25016 -0.491105
-0.0333141 0.035474 0.0109885
115
1
0.790613 4.18342 -0.516592
-0.0316692 0.0328842 0.0159863
116
1
0.856433 4.12318 -0.548712
-0.0321847 0.0293703 0.0193749
117
1
0.920764 4.07098 -0.583981
-0.0313429 0.0245718 0.0201105
118
1
0.98432 4.02674 -0.619126
-0.0303183 0.0203462 0.0183693
119
1
1.04765 3.98967 -0.652371
-0.0319125 0.0168562 0.0169234
120
1
1.11147 3.95797 -0.683388
-0.0309591 0.0139976 0.0147777
121
1
1.17493 3.93002 -0.711638
-0.03137 0.0126148 0.0130081
122
1
1.23805 3.90425 -0.736929
-0.032374 0.0117585 0.0110873
123
1
1.30029 3.87964 -0.759394
-0.0305923 0.0106719 0.010118
124
1
1.36129 3.85614 -0.779294
-0.0297798 0.0103728 0.00943018
125
1
1.42145 3.83342 -0.796292
-0.0302667 0.0106895 0.00848254
126
1
1.48087 3.81166 -0.811161
-0.0293586 0.0100967 0.00782136
127
1
1.53958 3.79175 -0.824518
-0.0284978 0.00908972 0.00718802
128
1
1.59784 3.77388 -0.836105
-0.0287435 0.00860821 0.00615052
129
1
1.65569 3.75777 -0.845583
-0.0288204 0.0079318 0.0050066
130
1
1.71311 3.74367 -0.85261
-0.0285796 0.00661729 0.00359375
131
1
1.77017 3.73227 -0.856678
-0.0285575 0.00506322 0.00170175
132
1
1.82676 3.72388 -0.857324
-0.0280971 0.00333938 -7.44562e-005
133
1
1.88257 3.71805 -0.854884
-0.0269512 0.00170162 -0.00122942
134
1
1.93781 3.71387 -0.849761
-0.0264441 0.000733375 -0.00258096
135
1
1.99314 3.71066 -0.841283
-0.0271115 0.000582412 -0.00505035
136
1
2.04856 3.70775 -0.828404
-0.0277119 0.000794732 -0.00786685
137
1
2.10325 3.70443 -0.811018
-0.0274128 0.00111908 -0.0101088
138
1
2.15665 3.69996 -0.789751
-0.0267751 0.00201093 -0.0120891
139
1
2.20895 3.69427 -0.765363
-0.0263391 0.003279 -0.0135663
140
1
2.26029 3.68714 -0.737848
-0.0261644 0.00394396 -0.0143078
141
1
2.31076 3.67914 -0.706987
-0.0260368 0.00401436 -0.0153129
142
1
2.36008 3.67053 -0.671859
-0.0256366 0.00425894 -0.0175341
143
1
2.40769 3.66157 -0.632163
-0.0246858 0.00461637 -0.0206237
144
1
2.45306 3.6533 -0.588397
-0.0235151 0.00433231 -0.0231695
145
1
2.49596 3.64689 -0.541483
-0.0223283 0.00327615 -0.0247983
146
1
2.53632 3.6429 -0.492261
-0.0206136 0.00183384 -0.0264729
147
1
2.57363 3.6406 -0.441238
-0.0184098 0.000790707 -0.0277854
148
1
2.6077 3.63916 -0.388685
-0.0165714 0.000634795 -0.0283213
149
1
2.63882 3.63776 -0.33474
-0.0152043 0.000987046 -0.0283868
150
1
2.6666 3.63614 -0.279773
-0.0137278 0.00114736 -0.0284513
151
1
2.69024 3.63479 -0.224196
-0.0117502 0.000988944 -0.0286171
152
1
2.70867 3.63405 -0.168167
-0.00931325 0.000739546 -0.028771
153
1
2.72151 3.63406 -0.11199
-0.006432 0.000511494 -0.0286473
154
1
2.72887 3.63425 -0.0558938
-0.00323661 0.000239172 -0.0282266
155
1
2.73116 3.63449 -5.02912e-015
-2.73806e-016 -4.29243e-017 -0.0279683
156
1
2.72887 3.63425 0.0558938
0.00323661 -0.000239172 -0.0282266
157
1
2.72151 3.63406 0.11199
0.006432 -0.000511494 -0.0286473
158
1
2.70867 3.63405 0.168167
0.00931325 -0.000739546 -0.028771
159
1
2.69024 3.63479 0.224196
0.0117502 -0.000988944 -0.0286171
160
1
2.6666 3.63614 0.279773
0.0137278 -0.00114736 -0.0284513
161
1
2.63882 3.63776 0.33474
0.0152043 -0.000987046 -0.0283868
162
1
2.6077 3.63916 0.388685
0.0165714 -0.000634795 -0.0283213
163
1
2.57363 3.6406 0.441238
0.0184098 -0.000790707 -0.0277854
164
1
2.53632 3.6429 0.492261
0.0206136 -0.00183384 -0.0264729
165
1
2.49596 3.64689 0.541483
0.0223283 -0.00327615 -0.0247983
166
1
2.45306 3.6533 0.588397
0.0235151 -0.00433231 -0.0231695
167
1
2.40769 3.66157 0.632163
0.0246858 -0.00461637 -0.0206237
168
1
2.36008 3.67053 0.671859
0.0256366 -0.00425894 -0.0175341
169
1
2.31076 3.67914 0.706987
0.0260368 -0.00401436 -0.0153129
170
1
2.26029 3.68714 0.737848
0.0261644 -0.00394396 -0.0143078
171
1
2.20895 3.69427 0.765363
0.0263391 -0.003279 -0.0135663
172
1
2.15665 3.69996 0.789751
0.0267751 -0.00201093 -0.0120891
173
1
2.10325 3.70443 0.811018
0.0274128 -0.00111908 -0.0101088
174
1
2.04856 3.70775 0.828404
0.0277119 -0.000794732 -0.00786685
175
1
1.99314 3.71066 0.841283
0.0271115 -0.000582412 -0.00505035
176
1
1.93781 3.71387 0.849761
0.0264441 -0.000733375 -0.00258096
177
1
1.88257 3.71805 0.854884
0.0269512 -0.00170162 -0.00122942
178
1
1.82676 3.72388 0.857324
0.0280971 -0.00333938 -7.44562e-005
179
1
1.77017 3.73227 0.856678
0.0285575 -0.00506322 0.00170175
180
1
1.71311 3.74367 0.85261
0.0285796 -0.00661729 0.00359375
181
1
1.65569 3.75777 0.845583
0.0288204 -0.0079318 0.0050066
182
1
1.59784 3.77388 0.836105
0.0287435 -0.00860821 0.00615052
183
1
1.53958 3.79175 0.824518
0.0284978 -0.00908972 0.00718802
184
1
1.48087 3.81166 0.811161
0.0293586 -0.0100967 0.00782136
185
1
1.42145 3.83342 0.796292
0.0302667 -0.0106895 0.00848254
186
1
1.36129 3.85614 0.779294
0.0297798 -0.0103728 0.00943018
187
1
1.30029 3.87964 0.759394
0.0305923 -0.0106719 0.010118
188
1
1.23805 3.90425 0.736929
0.032374 -0.0117585 0.0110873
189
1
1.17493 3.93002 0.711638
0.03137 -0.0126148 0.0130081
190
1
1.11147 3.95797 0.683388
0.0309591 -0.0139976 0.0147777
191
1
1.04765 3.98967 0.652371
0.0319125 -0.0168562 0.0169234
192
1
0.98432 4.02674 0.619126
0.0303183 -0.0203462 0.0183693
193
1
0.920764 4.07098 0.583981
0.0313429 -0.0245718 0.0201105
