194
0
1
0.767239 9.85717 0.802463
0.0104529 0.0483327 -0.00363244
1
1
0.750345 9.77303 0.803722
0.00695681 0.0391564 -0.00653791
2
1
0.721886 9.68405 0.811652
0.0179813 0.0441783 -0.00958577
3
1
0.670507 9.5885 0.822053
0.0353723 0.0523366 -0.0111122
4
1
0.602598 9.5013 0.827483
0.0369736 0.041124 0.000450086
5
1
0.517664 9.4252 0.818777
0.042706 0.0323434 0.0116364
6
1
0.401157 9.36902 0.794595
0.0605831 0.0124746 0.0118025
7
1
0.206749 9.37105 0.780415
0.0621785 -0.0278359 -0.0057454
8
1
0.517354 6.84276 0.0563248
0.00142514 0.0487954 -0.00922121
9
1
1.22399 12.6638 0.0574164
-0.0632394 0.0216333 0.00789757
10
1
-1.22399 12.6638 0.0574198
-0.0632394 -0.0216334 -0.00789729
11
1
-0.517377 6.84281 0.0560381
0.0014233 -0.0487892 0.00926123
12
1
-0.206749 9.37105 0.780415
0.0621784 0.0278359 0.00574545
13
1
-0.401157 9.36902 0.794594
0.0605831 -0.0124746 -0.0118025
14
1
-0.517664 9.4252 0.818777
0.042706 -0.0323434 -0.0116364
15
1
-0.602598 9.5013 0.827482
0.0369736 -0.041124 -0.000450092
16
1
-0.670507 9.5885 0.822053
0.0353723 -0.0523366 0.0111122
17
1
-0.721886 9.68405 0.811652
0.0179813 -0.0441783 0.00958577
18
1
-0.750345 9.77303 0.803722
0.00695681 -0.0391564 0.00653791
19
1
-0.767239 9.85717 0.802463
0.0104529 -0.0483327 0.00363244
20
1
-0.777318 9.93428 0.811234
0.000750844 -0.0377892 -0.00877368
21
1
-0.779006 10.0019 0.8307
-0.00613933 -0.0247659 -0.015189
22
1
-0.773248 10.0609 0.857608
-0.00782094 -0.0261921 -0.0171863
23
1
-0.765183 10.1156 0.889711
-0.00575693 -0.024967 -0.0167955
24
1
-0.760167 10.1656 0.922956
-0.00255249 -0.0209274 -0.0172214
25
1
-0.759577 10.2122 0.953187
-0.00126837 -0.0218054 -0.0160972
26
1
-0.763723 10.2578 0.977837
0.000400256 -0.0209448 -0.0120394
27
1
-0.7718 10.3021 0.997513
0.003127 -0.0197343 -0.00999325
28
1
-0.783468 10.3459 1.01402
0.00662184 -0.0204 -0.00927876
29
1
-0.800419 10.3898 1.02885
0.0103626 -0.0219378 -0.0060501
30
1
-0.823301 10.4326 1.04027
0.014083 -0.0212557 -0.00311748
31
1
-0.851714 10.4743 1.04664
0.0172631 -0.0202127 -0.000670952
32
1
-0.883967 10.5153 1.04856
0.0185762 -0.0196941 0.000285839
33
1
-0.918429 10.5545 1.04735
0.0194693 -0.0187852 -0.000530783
34
1
-0.953943 10.5918 1.0436
0.0208699 -0.0184846 0.00133428
35
1
-0.990148 10.6277 1.03609
0.0184246 -0.0182018 0.00537754
36
1
-1.02494 10.6625 1.02535
0.0151348 -0.0168788 0.00611261
37
1
-1.05785 10.6968 1.01102
0.01652 -0.0168913 0.00720259
38
1
-1.08953 10.7318 0.993203
0.0167685 -0.0172822 0.0102427
39
1
-1.11957 10.7675 0.97254
0.012635 -0.0160632 0.010811
40
1
-1.14763 10.8015 0.948578
0.0120307 -0.01686 0.0117153
41
1
-1.17426 10.8334 0.920297
0.0142672 -0.0172908 0.0151846
42
1
-1.20052 10.8629 0.888386
0.0131829 -0.0135133 0.01694
43
1
-1.22613 10.8894 0.853093
0.0113167 -0.0108762 0.0168449
44
1
-1.25226 10.9132 0.813992
0.012681 -0.0112431 0.0204437
45
1
-1.28019 10.9351 0.769706
0.014964 -0.0116598 0.0273251
46
1
-1.30997 10.956 0.721062
0.0147595 -0.00988215 0.0265355
47
1
-1.34206 10.9748 0.670675
0.0165827 -0.00877248 0.0240675
48
1
-1.37581 10.9926 0.617998
0.020455 -0.00965733 0.0288828
49
1
-1.40862 11.0083 0.564317
0.0180925 -0.00870656 0.0296887
50
1
-1.43879 11.0216 0.50946
0.0145082 -0.00570662 0.0271929
51
1
-1.46721 11.0321 0.451437
0.0150339 -0.00431435 0.0304755
52
1
-1.49313 11.0389 0.390689
0.0142414 -0.00358306 0.0339796
53
1
-1.51555 11.0425 0.326951
0.0112525 -0.000263601 0.0371042
54
1
-1.53407 11.0436 0.261348
0.00937179 0.00155422 0.0379795
55
1
-1.54869 11.0434 0.195129
0.00603413 0.000946716 0.0362061
56
1
-1.55905 11.0424 0.129727
0.00409322 0.00125617 0.0342498
57
1
-1.5652 11.0414 0.063942
0.00185578 0.00179825 0.0327669
58
1
-1.56697 11.041 -7.19271e-008
2.00278e-009 1.64469e-009 0.032236
59
1
-1.5652 11.0414 -0.0639422
-0.00185577 -0.00179825 0.0327669
60
1
-1.55905 11.0424 -0.129728
-0.00409322 -0.00125617 0.0342498
61
1
-1.54869 11.0434 -0.195129
-0.00603412 -0.000946712 0.0362061
62
1
-1.53407 11.0436 -0.261348
-0.00937178 -0.00155422 0.0379795
63
1
-1.51555 11.0425 -0.326951
-0.0112525 0.000263604 0.0371042
64
1
-1.49313 11.0389 -0.39069
-0.0142414 0.00358306 0.0339796
65
1
-1.46721 11.0321 -0.451437
-0.0150339 0.00431435 0.0304755
66
1
-1.43879 11.0216 -0.509461
-0.0145082 0.00570663 0.0271929
67
1
-1.40862 11.0083 -0.564317
-0.0180925 0.00870656 0.0296887
68
1
-1.37581 10.9926 -0.617998
-0.020455 0.00965733 0.0288828
69
1
-1.34207 10.9748 -0.670675
-0.0165827 0.00877248 0.0240675
70
1
-1.30997 10.956 -0.721062
-0.0147595 0.00988215 0.0265355
71
1
-1.28019 10.9351 -0.769706
-0.014964 0.0116598 0.0273251
72
1
-1.25226 10.9132 -0.813992
-0.012681 0.0112431 0.0204437
73
1
-1.22613 10.8894 -0.853093
-0.0113167 0.0108762 0.0168449
74
1
-1.20052 10.8629 -0.888386
-0.0131829 0.0135133 0.01694
75
1
-1.17426 10.8334 -0.920297
-0.0142672 0.0172908 0.0151846
76
1
-1.14763 10.8015 -0.948578
-0.0120307 0.01686 0.0117153
77
1
-1.11957 10.7675 -0.97254
-0.012635 0.0160632 0.010811
78
1
-1.08953 10.7318 -0.993204
-0.0167685 0.0172822 0.0102427
79
1
-1.05785 10.6968 -1.01102
-0.01652 0.0168913 0.00720259
80
1
-1.02494 10.6625 -1.02535
-0.0151348 0.0168788 0.00611261
81
1
-0.990148 10.6277 -1.03609
-0.0184246 0.0182018 0.00537754
82
1
-0.953943 10.5918 -1.0436
-0.0208699 0.0184846 0.00133428
83
1
-0.918429 10.5545 -1.04735
-0.0194693 0.0187852 -0.000530781
84
1
-0.883967 10.5153 -1.04856
-0.0185762 0.0196941 0.000285841
85
1
-0.851714 10.4743 -1.04664
-0.0172631 0.0202127 -0.000670949
86
1
-0.823301 10.4326 -1.04027
-0.014083 0.0212557 -0.00311747
87
1
-0.800419 10.3898 -1.02885
-0.0103626 0.0219378 -0.0060501
88
1
-0.783468 10.3459 -1.01402
-0.00662184 0.0204 -0.00927876
89
1
-0.7718 10.3021 -0.997514
-0.003127 0.0197343 -0.00999325
90
1
-0.763723 10.2578 -0.977837
-0.000400261 0.0209449 -0.0120394
91
1
-0.759577 10.2122 -0.953188
0.00126837 0.0218054 -0.0160972
92
1
-0.760167 10.1656 -0.922956
0.00255248 0.0209274 -0.0172214
93
1
-0.765183 10.1156 -0.889711
0.00575692 0.024967 -0.0167955
94
1
-0.773249 10.0609 -0.857608
0.00782093 0.026192 -0.0171863
95
1
-0.779007 10.0019 -0.8307
0.00613932 0.0247659 -0.015189
96
1
-0.777318 9.93428 -0.811234
-0.000750849 0.0377892 -0.00877368
97
1
-0.767239 9.85717 -0.802463
-0.0104529 0.0483327 0.00363244
98
1
-0.750345 9.77303 -0.803722
-0.00695681 0.0391564 0.00653791
99
1
-0.721886 9.68405 -0.811652
-0.0179813 0.0441783 0.00958576
100
1
-0.670507 9.5885 -0.822053
-0.0353723 0.0523366 0.0111122
101
1
-0.602598 9.5013 -0.827483
-0.0369736 0.041124 -0.000450087
102
1
-0.517664 9.4252 -0.818777
-0.042706 0.0323434 -0.0116364
103
1
-0.401157 9.36902 -0.794595
-0.0605831 0.0124746 -0.0118025
104
1
-0.206749 9.37105 -0.780415
-0.0621785 -0.0278359 0.0057454
105
1
-0.517354 6.84276 -0.056321
-0.00142513 0.0487952 0.00922156
106
1
-1.22399 12.6638 -0.0574164
0.0632394 0.0216333 -0.00789757
107
1
1.22399 12.6638 -0.0574198
0.0632394 -0.0216334 0.00789728
108
1
0.517377 6.84281 -0.0560342
-0.00142329 -0.048789 -0.00926159
109
1
0.206749 9.37105 -0.780415
-0.0621784 0.0278359 -0.00574545
110
1
0.401157 9.36902 -0.794594
-0.0605831 -0.0124746 0.0118025
111
1
0.517664 9.4252 -0.818777
-0.042706 -0.0323434 0.0116364
112
1
0.602598 9.5013 -0.827482
-0.0369736 -0.041124 0.000450093
113
1
0.670507 9.5885 -0.822053
-0.0353723 -0.0523366 -0.0111122
114
1
0.721886 9.68405 -0.811651
-0.0179813 -0.0441783 -0.00958577
115
1
0.750345 9.77303 -0.803722
-0.00695681 -0.0391564 -0.00653791
116
1
0.767239 9.85717 -0.802463
-0.0104529 -0.0483327 -0.00363244
117
1
0.777318 9.93428 -0.811234
-0.000750845 -0.0377892 0.00877368
118
1
0.779007 10.0019 -0.8307
0.00613933 -0.0247659 0.015189
119
1
0.773248 10.0609 -0.857608
0.00782094 -0.0261921 0.0171863
120
1
0.765183 10.1156 -0.889711
0.00575693 -0.024967 0.0167955
121
1
0.760167 10.1656 -0.922956
0.00255249 -0.0209274 0.0172214
122
1
0.759577 10.2122 -0.953187
0.00126837 -0.0218054 0.0160972
123
1
0.763723 10.2578 -0.977837
-0.000400256 -0.0209449 0.0120394
124
1
0.7718 10.3021 -0.997513
-0.003127 -0.0197343 0.00999325
125
1
0.783468 10.3459 -1.01402
-0.00662184 -0.0204 0.00927876
126
1
0.800419 10.3898 -1.02885
-0.0103626 -0.0219378 0.0060501
127
1
0.823301 10.4326 -1.04027
-0.014083 -0.0212557 0.00311748
128
1
0.851714 10.4743 -1.04664
-0.0172631 -0.0202127 0.000670952
129
1
0.883967 10.5153 -1.04856
-0.0185762 -0.0196941 -0.000285839
130
1
0.918429 10.5545 -1.04735
-0.0194693 -0.0187852 0.000530783
131
1
0.953943 10.5918 -1.0436
-0.0208699 -0.0184846 -0.00133428
132
1
0.990148 10.6277 -1.03609
-0.0184246 -0.0182018 -0.00537754
133
1
1.02494 10.6625 -1.02535
-0.0151348 -0.0168788 -0.00611261
134
1
1.05785 10.6968 -1.01102
-0.01652 -0.0168913 -0.00720259
135
1
1.08953 10.7318 -0.993203
-0.0167685 -0.0172822 -0.0102427
136
1
1.11957 10.7675 -0.97254
-0.012635 -0.0160632 -0.010811
137
1
1.14763 10.8015 -0.948578
-0.0120307 -0.01686 -0.0117153
138
1
1.17426 10.8334 -0.920297
-0.0142672 -0.0172908 -0.0151846
139
1
1.20052 10.8629 -0.888386
-0.0131829 -0.0135133 -0.01694
140
1
1.22613 10.8894 -0.853093
-0.0113167 -0.0108762 -0.0168449
141
1
1.25226 10.9132 -0.813992
-0.012681 -0.0112431 -0.0204437
142
1
1.28019 10.9351 -0.769706
-0.014964 -0.0116598 -0.0273251
143
1
1.30997 10.956 -0.721062
-0.0147595 -0.00988215 -0.0265355
144
1
1.34206 10.9748 -0.670675
-0.0165827 -0.00877248 -0.0240675
145
1
1.37581 10.9926 -0.617998
-0.020455 -0.00965733 -0.0288828
146
1
1.40862 11.0083 -0.564317
-0.0180925 -0.00870656 -0.0296887
147
1
1.43879 11.0216 -0.50946
-0.0145082 -0.00570662 -0.0271929
148
1
1.46721 11.0321 -0.451437
-0.0150339 -0.00431435 -0.0304755
149
1
1.49313 11.0389 -0.390689
-0.0142414 -0.00358306 -0.0339796
150
1
1.51555 11.0425 -0.326951
-0.0112525 -0.000263601 -0.0371042
151
1
1.53407 11.0436 -0.261348
-0.00937179 0.00155422 -0.0379795
152
1
1.54869 11.0434 -0.195129
-0.00603413 0.000946716 -0.0362061
153
1
1.55905 11.0424 -0.129727
-0.00409322 0.00125617 -0.0342498
154
1
1.5652 11.0414 -0.063942
-0.00185578 0.00179825 -0.0327669
155
1
1.56697 11.041 8.09807e-008
-1.86173e-009 1.80144e-009 -0.032236
156
1
1.5652 11.0414 0.0639422
0.00185577 -0.00179825 -0.0327669
157
1
1.55905 11.0424 0.129728
0.00409322 -0.00125617 -0.0342498
158
1
1.54869 11.0434 0.195129
0.00603412 -0.000946712 -0.0362061
159
1
1.53407 11.0436 0.261348
0.00937178 -0.00155422 -0.0379795
160
1
1.51555 11.0425 0.326951
0.0112525 0.000263604 -0.0371042
161
1
1.49313 11.0389 0.39069
0.0142414 0.00358306 -0.0339796
162
1
1.46721 11.0321 0.451437
0.0150339 0.00431435 -0.0304755
163
1
1.43879 11.0216 0.509461
0.0145082 0.00570663 -0.0271929
164
1
1.40862 11.0083 0.564317
0.0180925 0.00870656 -0.0296887
165
1
1.37581 10.9926 0.617998
0.020455 0.00965733 -0.0288828
166
1
1.34207 10.9748 0.670675
0.0165827 0.00877248 -0.0240675
167
1
1.30997 10.956 0.721062
0.0147595 0.00988215 -0.0265355
168
1
1.28019 10.9351 0.769706
0.014964 0.0116598 -0.0273251
169
1
1.25226 10.9132 0.813992
0.012681 0.0112431 -0.0204437
170
1
1.22613 10.8894 0.853093
0.0113167 0.0108762 -0.0168449
171
1
1.20052 10.8629 0.888386
0.0131829 0.0135133 -0.01694
172
1
1.17426 10.8334 0.920297
0.0142672 0.0172908 -0.0151846
173
1
1.14763 10.8015 0.948578
0.0120307 0.01686 -0.0117153
174
1
1.11957 10.7675 0.97254
0.012635 0.0160632 -0.010811
175
1
1.08953 10.7318 0.993204
0.0167685 0.0172822 -0.0102427
176
1
1.05785 10.6968 1.01102
0.01652 0.0168913 -0.00720259
177
1
1.02494 10.6625 1.02535
0.0151348 0.0168788 -0.00611261
178
1
0.990148 10.6277 1.03609
0.0184246 0.0182018 -0.00537754
179
1
0.953943 10.5918 1.0436
0.0208699 0.0184846 -0.00133428
180
1
0.918429 10.5545 1.04735
0.0194693 0.0187852 0.000530781
181
1
0.883967 10.5153 1.04856
0.0185762 0.0196941 -0.000285841
182
1
0.851714 10.4743 1.04664
0.0172631 0.0202127 0.000670949
183
1
0.823301 10.4326 1.04027
0.014083 0.0212557 0.00311747
184
1
0.800419 10.3898 1.02885
0.0103626 0.0219378 0.0060501
185
1
0.783468 10.3459 1.01402
0.00662184 0.0204 0.00927876
186
1
0.7718 10.3021 0.997514
0.003127 0.0197343 0.00999325
187
1
0.763723 10.2578 0.977837
0.000400261 0.0209449 0.0120394
188
1
0.759577 10.2122 0.953188
-0.00126837 0.0218054 0.0160972
189
1
0.760167 10.1656 0.922956
-0.00255248 0.0209274 0.0172214
190
1
0.765183 10.1156 0.889711
-0.00575692 0.024967 0.0167955
191
1
0.773249 10.0609 0.857608
-0.00782093 0.026192 0.0171863
192
1
0.779007 10.0019 0.8307
-0.00613932 0.0247659 0.015189
193
1
0.777318 9.93428 0.811234
0.000750849 0.0377892 0.00877368
