194
0
1
1.45345 7.65572 0.707815
0.0463579 0.0273129 0.00977055
1
1
1.36084 7.60431 0.685386
0.0457324 0.0283365 0.0123307
2
1
1.26154 7.54963 0.654956
0.0506987 0.0293674 0.0190948
3
1
1.15594 7.49603 0.615416
0.0541154 0.0257823 0.023054
4
1
1.04008 7.44879 0.562448
0.0590031 0.0205568 0.0292834
5
1
0.916593 7.40795 0.486942
0.0632915 0.0203975 0.0406199
6
1
0.780194 7.36336 0.383317
0.0571509 0.0202225 0.0487662
7
1
0.638286 7.3105 0.203716
0.0328009 0.0140369 0.0692557
8
1
0.28179 5.93434 0.0715543
-0.0293708 -0.0324262 -0.0115818
9
1
0.047869 10.1675 0.75388
0.000776185 -0.00987938 -0.0772894
10
1
-0.047869 10.1675 0.75388
0.000776185 0.00987938 0.0772894
11
1
-0.281789 5.93434 0.0715543
-0.0293708 0.0324262 0.0115818
12
1
-0.638286 7.3105 0.203716
0.0328009 -0.0140369 -0.0692557
13
1
-0.780194 7.36336 0.383317
0.0571509 -0.0202225 -0.0487662
14
1
-0.916593 7.40795 0.486942
0.0632915 -0.0203975 -0.0406199
15
1
-1.04008 7.44879 0.562448
0.0590031 -0.0205568 -0.0292834
16
1
-1.15594 7.49603 0.615416
0.0541154 -0.0257823 -0.023054
17
1
-1.26154 7.54963 0.654956
0.0506987 -0.0293674 -0.0190948
18
1
-1.36084 7.60431 0.685386
0.0457324 -0.0283365 -0.0123307
19
1
-1.45345 7.65572 0.707815
0.0463579 -0.0273129 -0.00977055
20
1
-1.53848 7.70265 0.727194
0.0399536 -0.0225739 -0.0101266
21
1
-1.61788 7.74381 0.745753
0.0377919 -0.0187193 -0.00851619
22
1
-1.69255 7.7784 0.762792
0.0375865 -0.0167258 -0.00708931
23
1
-1.7655 7.80805 0.778829
0.034604 -0.0142445 -0.00684992
24
1
-1.83616 7.83332 0.793547
0.0339619 -0.0126644 -0.00663935
25
1
-1.90404 7.85468 0.805909
0.0336698 -0.0113657 -0.00554761
26
1
-1.96965 7.8722 0.815901
0.030624 -0.00823822 -0.00449631
27
1
-2.03262 7.88537 0.823553
0.029616 -0.00552053 -0.00367219
28
1
-2.09394 7.89447 0.828573
0.0306623 -0.00405625 -0.00263026
29
1
-2.15462 7.90026 0.830662
0.0303435 -0.00258908 -0.000868611
30
1
-2.21414 7.90307 0.829703
0.0296085 -0.000521043 0.000774112
31
1
-2.27269 7.90284 0.825652
0.0293979 0.00119723 0.00225193
32
1
-2.33018 7.89978 0.818916
0.0287209 0.00243124 0.00374031
33
1
-2.38595 7.89436 0.809908
0.0282426 0.00360823 0.00486058
34
1
-2.43979 7.88656 0.798479
0.027394 0.00460514 0.00589448
35
1
-2.49119 7.87597 0.784328
0.0247519 0.0056982 0.00743881
36
1
-2.53956 7.86285 0.767703
0.0227535 0.00701208 0.00890785
37
1
-2.58577 7.84768 0.74806
0.0226145 0.0080753 0.0102653
38
1
-2.63046 7.83025 0.725312
0.0217966 0.00938056 0.0119994
39
1
-2.6734 7.81027 0.699993
0.0198995 0.0109862 0.0137825
40
1
-2.71401 7.78824 0.672181
0.0192784 0.012065 0.0153726
41
1
-2.75232 7.76465 0.642042
0.0188449 0.0125468 0.0164487
42
1
-2.78847 7.73929 0.610446
0.017268 0.0133774 0.0167157
43
1
-2.8228 7.71239 0.577507
0.0165728 0.0145658 0.0171767
44
1
-2.85627 7.68422 0.542898
0.0167293 0.0149855 0.018316
45
1
-2.88959 7.65485 0.506299
0.016263 0.015242 0.0193672
46
1
-2.92212 7.62422 0.467483
0.0164718 0.0165531 0.0201771
47
1
-2.95338 7.59265 0.426789
0.0170899 0.0170351 0.021699
48
1
-2.98247 7.56066 0.385135
0.0161196 0.0166505 0.0231063
49
1
-3.00781 7.52914 0.343401
0.0133743 0.0173572 0.0227354
50
1
-3.02855 7.49796 0.302578
0.00953301 0.0174666 0.0204999
51
1
-3.04455 7.46739 0.263122
0.00675426 0.0166117 0.0186895
52
1
-3.05658 7.43797 0.224752
0.00550289 0.0160892 0.0182041
53
1
-3.06521 7.41046 0.187061
0.00410928 0.0154163 0.0180552
54
1
-3.07063 7.38648 0.149652
0.00207266 0.0135804 0.0178613
55
1
-3.07375 7.36739 0.11245
0.000480331 0.0102401 0.0179968
56
1
-3.07517 7.35402 0.0752495
-0.000126121 0.00635854 0.0184229
57
1
-3.07598 7.34637 0.037738
-0.000311635 0.00269643 0.0186811
58
1
-3.07616 7.34367 6.22997e-010
1.65325e-012 -2.64731e-012 0.0187482
59
1
-3.07598 7.34637 -0.037738
0.000311635 -0.00269643 0.0186811
60
1
-3.07517 7.35402 -0.0752495
0.000126121 -0.00635854 0.0184229
61
1
-3.07375 7.36739 -0.11245
-0.000480331 -0.0102401 0.0179968
62
1
-3.07063 7.38648 -0.149652
-0.00207266 -0.0135804 0.0178613
63
1
-3.06521 7.41046 -0.187061
-0.00410928 -0.0154163 0.0180552
64
1
-3.05658 7.43797 -0.224752
-0.00550289 -0.0160892 0.0182041
65
1
-3.04455 7.46739 -0.263122
-0.00675426 -0.0166117 0.0186895
66
1
-3.02855 7.49796 -0.302578
-0.00953301 -0.0174666 0.0204999
67
1
-3.00781 7.52914 -0.343401
-0.0133743 -0.0173572 0.0227354
68
1
-2.98247 7.56066 -0.385135
-0.0161196 -0.0166505 0.0231063
69
1
-2.95338 7.59265 -0.426789
-0.0170899 -0.0170351 0.021699
70
1
-2.92212 7.62422 -0.467483
-0.0164718 -0.0165531 0.0201771
71
1
-2.88959 7.65485 -0.506299
-0.016263 -0.015242 0.0193672
72
1
-2.85627 7.68422 -0.542898
-0.0167293 -0.0149855 0.018316
73
1
-2.8228 7.71239 -0.577507
-0.0165728 -0.0145658 0.0171767
74
1
-2.78847 7.73929 -0.610446
-0.017268 -0.0133774 0.0167157
75
1
-2.75232 7.76465 -0.642042
-0.0188449 -0.0125468 0.0164487
76
1
-2.71401 7.78824 -0.672181
-0.0192784 -0.012065 0.0153726
77
1
-2.6734 7.81027 -0.699993
-0.0198995 -0.0109862 0.0137825
78
1
-2.63046 7.83025 -0.725312
-0.0217966 -0.00938056 0.0119994
79
1
-2.58577 7.84768 -0.74806
-0.0226145 -0.0080753 0.0102653
80
1
-2.53956 7.86285 -0.767703
-0.0227535 -0.00701208 0.00890785
81
1
-2.49119 7.87597 -0.784328
-0.0247519 -0.0056982 0.00743881
82
1
-2.43979 7.88656 -0.798479
-0.027394 -0.00460514 0.00589448
83
1
-2.38595 7.89436 -0.809908
-0.0282426 -0.00360823 0.00486058
84
1
-2.33018 7.89978 -0.818916
-0.0287209 -0.00243124 0.00374031
85
1
-2.27269 7.90284 -0.825652
-0.0293979 -0.00119723 0.00225193
86
1
-2.21414 7.90307 -0.829703
-0.0296085 0.000521043 0.000774112
87
1
-2.15462 7.90026 -0.830662
-0.0303435 0.00258908 -0.000868611
88
1
-2.09394 7.89447 -0.828573
-0.0306623 0.00405625 -0.00263026
89
1
-2.03262 7.88537 -0.823553
-0.029616 0.00552053 -0.00367219
90
1
-1.96965 7.8722 -0.815901
-0.030624 0.00823822 -0.00449631
91
1
-1.90404 7.85468 -0.805909
-0.0336698 0.0113657 -0.00554761
92
1
-1.83616 7.83332 -0.793547
-0.0339619 0.0126644 -0.00663935
93
1
-1.7655 7.80805 -0.778829
-0.034604 0.0142445 -0.00684992
94
1
-1.69255 7.7784 -0.762792
-0.0375865 0.0167258 -0.00708931
95
1
-1.61788 7.74381 -0.745753
-0.0377919 0.0187193 -0.00851619
96
1
-1.53848 7.70265 -0.727194
-0.0399536 0.0225739 -0.0101266
97
1
-1.45345 7.65572 -0.707815
-0.0463579 0.0273129 -0.00977055
98
1
-1.36084 7.60431 -0.685386
-0.0457324 0.0283365 -0.0123307
99
1
-1.26154 7.54963 -0.654956
-0.0506987 0.0293674 -0.0190948
100
1
-1.15594 7.49603 -0.615416
-0.0541154 0.0257823 -0.023054
101
1
-1.04008 7.44879 -0.562448
-0.0590031 0.0205568 -0.0292834
102
1
-0.916593 7.40795 -0.486942
-0.0632915 0.0203975 -0.0406199
103
1
-0.780194 7.36336 -0.383317
-0.0571509 0.0202225 -0.0487662
104
1
-0.638286 7.3105 -0.203716
-0.0328009 0.0140369 -0.0692557
105
1
-0.28179 5.93434 -0.0715543
0.0293708 -0.0324262 0.0115818
106
1
-0.047869 10.1675 -0.75388
-0.000776185 -0.00987938 0.0772894
107
1
0.047869 10.1675 -0.75388
-0.000776185 0.00987938 -0.0772894
108
1
0.281789 5.93434 -0.0715543
0.0293708 0.0324262 -0.0115818
109
1
0.638286 7.3105 -0.203716
-0.0328009 -0.0140369 0.0692557
110
1
0.780194 7.36336 -0.383317
-0.0571509 -0.0202225 0.0487662
111
1
0.916593 7.40795 -0.486942
-0.0632915 -0.0203975 0.0406199
112
1
1.04008 7.44879 -0.562448
-0.0590031 -0.0205568 0.0292834
113
1
1.15594 7.49603 -0.615416
-0.0541154 -0.0257823 0.023054
114
1
1.26154 7.54963 -0.654956
-0.0506987 -0.0293674 0.0190948
115
1
1.36084 7.60431 -0.685386
-0.0457324 -0.0283365 0.0123307
116
1
1.45345 7.65572 -0.707815
-0.0463579 -0.0273129 0.00977055
117
1
1.53848 7.70265 -0.727194
-0.0399536 -0.0225739 0.0101266
118
1
1.61788 7.74381 -0.745753
-0.0377919 -0.0187193 0.00851619
119
1
1.69255 7.7784 -0.762792
-0.0375865 -0.0167258 0.00708931
120
1
1.7655 7.80805 -0.778829
-0.034604 -0.0142445 0.00684992
121
1
1.83616 7.83332 -0.793547
-0.0339619 -0.0126644 0.00663935
122
1
1.90404 7.85468 -0.805909
-0.0336698 -0.0113657 0.00554761
123
1
1.96965 7.8722 -0.815901
-0.030624 -0.00823822 0.00449631
124
1
2.03262 7.88537 -0.823553
-0.029616 -0.00552053 0.00367219
125
1
2.09394 7.89447 -0.828573
-0.0306623 -0.00405625 0.00263026
126
1
2.15462 7.90026 -0.830662
-0.0303435 -0.00258908 0.000868611
127
1
2.21414 7.90307 -0.829703
-0.0296085 -0.000521043 -0.000774112
128
1
2.27269 7.90284 -0.825652
-0.0293979 0.00119723 -0.00225193
129
1
2.33018 7.89978 -0.818916
-0.0287209 0.00243124 -0.00374031
130
1
2.38595 7.89436 -0.809908
-0.0282426 0.00360823 -0.00486058
131
1
2.43979 7.88656 -0.798479
-0.027394 0.00460514 -0.00589448
132
1
2.49119 7.87597 -0.784328
-0.0247519 0.0056982 -0.00743881
133
1
2.53956 7.86285 -0.767703
-0.0227535 0.00701208 -0.00890785
134
1
2.58577 7.84768 -0.74806
-0.0226145 0.0080753 -0.0102653
135
1
2.63046 7.83025 -0.725312
-0.0217966 0.00938056 -0.0119994
136
1
2.6734 7.81027 -0.699993
-0.0198995 0.0109862 -0.0137825
137
1
2.71401 7.78824 -0.672181
-0.0192784 0.012065 -0.0153726
138
1
2.75232 7.76465 -0.642042
-0.0188449 0.0125468 -0.0164487
139
1
2.78847 7.73929 -0.610446
-0.017268 0.0133774 -0.0167157
140
1
2.8228 7.71239 -0.577507
-0.0165728 0.0145658 -0.0171767
141
1
2.85627 7.68422 -0.542898
-0.0167293 0.0149855 -0.018316
142
1
2.88959 7.65485 -0.506299
-0.016263 0.015242 -0.0193672
143
1
2.92212 7.62422 -0.467483
-0.0164718 0.0165531 -0.0201771
144
1
2.95338 7.59265 -0.426789
-0.0170899 0.0170351 -0.021699
145
1
2.98247 7.56066 -0.385135
-0.0161196 0.0166505 -0.0231063
146
1
3.00781 7.52914 -0.343401
-0.0133743 0.0173572 -0.0227354
147
1
3.02855 7.49796 -0.302578
-0.00953301 0.0174666 -0.0204999
148
1
3.04455 7.46739 -0.263122
-0.00675426 0.0166117 -0.0186895
149
1
3.05658 7.43797 -0.224752
-0.00550289 0.0160892 -0.0182041
150
1
3.06521 7.41046 -0.187061
-0.00410928 0.0154163 -0.0180552
151
1
3.07063 7.38648 -0.149652
-0.00207266 0.0135804 -0.0178613
152
1
3.07375 7.36739 -0.11245
-0.000480331 0.0102401 -0.0179968
153
1
3.07517 7.35402 -0.0752495
0.000126121 0.00635854 -0.0184229
154
1
3.07598 7.34637 -0.037738
0.000311635 0.00269643 -0.0186811
155
1
3.07616 7.34367 -7.25622e-010
-1.84502e-012 -4.2961e-012 -0.0187482
156
1
3.07598 7.34637 0.037738
-0.000311635 -0.00269643 -0.0186811
157
1
3.07517 7.35402 0.0752495
-0.000126121 -0.00635854 -0.0184229
158
1
3.07375 7.36739 0.11245
0.000480331 -0.0102401 -0.0179968
159
1
3.07063 7.38648 0.149652
0.00207266 -0.0135804 -0.0178613
160
1
3.06521 7.41046 0.187061
0.00410928 -0.0154163 -0.0180552
161
1
3.05658 7.43797 0.224752
0.00550289 -0.0160892 -0.0182041
162
1
3.04455 7.46739 0.263122
0.00675426 -0.0166117 -0.0186895
163
1
3.02855 7.49796 0.302578
0.00953301 -0.0174666 -0.0204999
164
1
3.00781 7.52914 0.343401
0.0133743 -0.0173572 -0.0227354
165
1
2.98247 7.56066 0.385135
0.0161196 -0.0166505 -0.0231063
166
1
2.95338 7.59265 0.426789
0.0170899 -0.0170351 -0.021699
167
1
2.92212 7.62422 0.467483
0.0164718 -0.0165531 -0.0201771
168
1
2.88959 7.65485 0.506299
0.016263 -0.015242 -0.0193672
169
1
2.85627 7.68422 0.542898
0.0167293 -0.0149855 -0.018316
170
1
2.8228 7.71239 0.577507
0.0165728 -0.0145658 -0.0171767
171
1
2.78847 7.73929 0.610446
0.017268 -0.0133774 -0.0167157
172
1
2.75232 7.76465 0.642042
0.0188449 -0.0125468 -0.0164487
173
1
2.71401 7.78824 0.672181
0.0192784 -0.012065 -0.0153726
174
1
2.6734 7.81027 0.699993
0.0198995 -0.0109862 -0.0137825
175
1
2.63046 7.83025 0.725312
0.0217966 -0.00938056 -0.0119994
176
1
2.58577 7.84768 0.74806
0.0226145 -0.0080753 -0.0102653
177
1
2.53956 7.86285 0.767703
0.0227535 -0.00701208 -0.00890785
178
1
2.49119 7.87597 0.784328
0.0247519 -0.0056982 -0.00743881
179
1
2.43979 7.88656 0.798479
0.027394 -0.00460514 -0.00589448
180
1
2.38595 7.89436 0.809908
0.0282426 -0.00360823 -0.00486058
181
1
2.33018 7.89978 0.818916
0.0287209 -0.00243124 -0.00374031
182
1
2.27269 7.90284 0.825652
0.0293979 -0.00119723 -0.00225193
183
1
2.21414 7.90307 0.829703
0.0296085 0.000521043 -0.000774112
184
1
2.15462 7.90026 0.830662
0.0303435 0.00258908 0.000868611
185
1
2.09394 7.89447 0.828573
0.0306623 0.00405625 0.00263026
186
1
2.03262 7.88537 0.823553
0.029616 0.00552053 0.00367219
187
1
1.96965 7.8722 0.815901
0.030624 0.00823822 0.00449631
188
1
1.90404 7.85468 0.805909
0.0336698 0.0113657 0.00554761
189
1
1.83616 7.83332 0.793547
0.0339619 0.0126644 0.00663935
190
1
1.7655 7.80805 0.778829
0.034604 0.0142445 0.00684992
191
1
1.69255 7.7784 0.762792
0.0375865 0.0167258 0.00708931
192
1
1.61788 7.74381 0.745753
0.0377919 0.0187193 0.00851619
193
1
1.53848 7.70265 0.727194
0.0399536 0.0225739 0.0101266
