194
0
1
1.2697 6.35798 1.0802
0.0254475 0.000163881 0.0387641
1
1
1.22073 6.36004 1.00096
0.0233657 -0.000807832 0.0429864
2
1
1.17411 6.36029 0.907856
0.0213262 -0.000501379 0.0502412
3
1
1.1294 6.35624 0.803486
0.0225005 0.000876432 0.0560294
4
1
1.08323 6.34341 0.686167
0.0237651 0.00790779 0.0600053
5
1
1.03857 6.31776 0.555402
0.0229316 0.0195488 0.0708268
6
1
0.991311 6.27334 0.401783
0.0170181 0.0306241 0.0696017
7
1
0.928095 6.18551 0.203628
0.0248401 0.03536 0.064842
8
1
0.697734 6.00043 0.0936843
0.0267396 0.0214188 -0.0116295
9
1
0.0500634 8.0929 0.667094
0.00098146 0.01218 -0.076958
10
1
-0.0500634 8.0929 0.667094
0.00098146 -0.01218 0.076958
11
1
-0.697734 6.00043 0.0936843
0.0267396 -0.0214188 0.0116295
12
1
-0.928095 6.18551 0.203628
0.0248401 -0.03536 -0.064842
13
1
-0.991311 6.27334 0.401783
0.0170181 -0.0306241 -0.0696017
14
1
-1.03857 6.31776 0.555402
0.0229316 -0.0195488 -0.0708268
15
1
-1.08323 6.34341 0.686167
0.0237651 -0.00790779 -0.0600053
16
1
-1.1294 6.35624 0.803486
0.0225005 -0.000876432 -0.0560294
17
1
-1.17411 6.36029 0.907856
0.0213262 0.000501379 -0.0502412
18
1
-1.22073 6.36004 1.00096
0.0233657 0.000807832 -0.0429864
19
1
-1.2697 6.35798 1.0802
0.0254475 -0.000163881 -0.0387641
20
1
-1.32064 6.35454 1.14602
0.0252525 0.000489937 -0.0308801
21
1
-1.37266 6.34923 1.19903
0.0249095 0.0018966 -0.0237931
22
1
-1.4244 6.34163 1.24052
0.0258044 0.0044062 -0.019222
23
1
-1.47643 6.33178 1.2746
0.0253567 0.00586854 -0.0149316
24
1
-1.52782 6.31895 1.30252
0.0254706 0.00732682 -0.0118793
25
1
-1.57784 6.30252 1.32454
0.0250979 0.00985274 -0.00893563
26
1
-1.62671 6.28303 1.34021
0.0230863 0.0107534 -0.00527512
27
1
-1.67414 6.26223 1.34928
0.0226257 0.0106162 -0.00224272
28
1
-1.721 6.24177 1.35265
0.0233555 0.0105607 -0.00041499
29
1
-1.76767 6.22206 1.35088
0.0231594 0.0099525 0.00198914
30
1
-1.81382 6.20353 1.34466
0.0228822 0.00936681 0.00468025
31
1
-1.85955 6.18691 1.33435
0.0226804 0.00838159 0.00672921
32
1
-1.90458 6.17205 1.31994
0.0219378 0.0070431 0.00898893
33
1
-1.94852 6.15877 1.30154
0.0213395 0.00622462 0.0115794
34
1
-1.99119 6.1474 1.27924
0.0207515 0.00491001 0.0132045
35
1
-2.03238 6.13856 1.25333
0.0195523 0.00277598 0.0144808
36
1
-2.07201 6.1322 1.22413
0.0185108 0.00139629 0.0156048
37
1
-2.11096 6.12825 1.19203
0.0183272 0.000764595 0.0165542
38
1
-2.15002 6.12696 1.15681
0.0187666 -0.000292778 0.0181985
39
1
-2.18918 6.1281 1.11834
0.0193425 -0.00142591 0.0200387
40
1
-2.22822 6.13082 1.07752
0.0199896 -0.00169969 0.0210586
41
1
-2.26709 6.13451 1.03524
0.020205 -0.00194431 0.021668
42
1
-2.30512 6.13928 0.99102
0.019455 -0.0029156 0.0226697
43
1
-2.34216 6.1456 0.944553
0.0186712 -0.00370444 0.0239861
44
1
-2.37825 6.15295 0.89529
0.0183968 -0.00386531 0.0255222
45
1
-2.41371 6.1602 0.842492
0.0178479 -0.00387245 0.0277174
46
1
-2.44822 6.16688 0.785911
0.0169686 -0.00350638 0.0301708
47
1
-2.48121 6.17237 0.726046
0.0165601 -0.00258481 0.0319465
48
1
-2.51227 6.1763 0.663479
0.0161454 -0.00161244 0.0333523
49
1
-2.54111 6.17955 0.599079
0.0151388 -0.00127424 0.0345342
50
1
-2.56753 6.18283 0.533814
0.0136551 -0.00184563 0.034653
51
1
-2.59115 6.18694 0.468144
0.0118754 -0.00273191 0.0343899
52
1
-2.61177 6.19193 0.401986
0.00988312 -0.00341298 0.0342335
53
1
-2.62902 6.19733 0.335371
0.0082076 -0.00355991 0.0341157
54
1
-2.64301 6.20273 0.26858
0.00681467 -0.00321956 0.0341288
55
1
-2.65379 6.20773 0.201688
0.00500461 -0.00311495 0.0344781
56
1
-2.66132 6.21248 0.134744
0.00271241 -0.00314382 0.0347202
57
1
-2.66578 6.21618 0.0674825
0.000874216 -0.00229128 0.034427
58
1
-2.66711 6.21763 -3.50807e-012
-5.54163e-014 1.65494e-014 0.0341212
59
1
-2.66578 6.21618 -0.0674825
-0.000874216 0.00229128 0.034427
60
1
-2.66132 6.21248 -0.134744
-0.00271241 0.00314382 0.0347202
61
1
-2.65379 6.20773 -0.201688
-0.00500461 0.00311495 0.0344781
62
1
-2.64301 6.20273 -0.26858
-0.00681467 0.00321956 0.0341288
63
1
-2.62902 6.19733 -0.335371
-0.0082076 0.00355991 0.0341157
64
1
-2.61177 6.19193 -0.401986
-0.00988312 0.00341298 0.0342335
65
1
-2.59115 6.18694 -0.468144
-0.0118754 0.00273191 0.0343899
66
1
-2.56753 6.18283 -0.533814
-0.0136551 0.00184563 0.034653
67
1
-2.54111 6.17955 -0.599079
-0.0151388 0.00127424 0.0345342
68
1
-2.51227 6.1763 -0.663479
-0.0161454 0.00161244 0.0333523
69
1
-2.48121 6.17237 -0.726046
-0.0165601 0.00258481 0.0319465
70
1
-2.44822 6.16688 -0.785911
-0.0169686 0.00350638 0.0301708
71
1
-2.41371 6.1602 -0.842492
-0.0178479 0.00387245 0.0277174
72
1
-2.37825 6.15295 -0.89529
-0.0183968 0.00386531 0.0255222
73
1
-2.34216 6.1456 -0.944553
-0.0186712 0.00370444 0.0239861
74
1
-2.30512 6.13928 -0.99102
-0.019455 0.0029156 0.0226697
75
1
-2.26709 6.13451 -1.03524
-0.020205 0.00194431 0.021668
76
1
-2.22822 6.13082 -1.07752
-0.0199896 0.00169969 0.0210586
77
1
-2.18918 6.1281 -1.11834
-0.0193425 0.00142591 0.0200387
78
1
-2.15002 6.12696 -1.15681
-0.0187666 0.000292778 0.0181985
79
1
-2.11096 6.12825 -1.19203
-0.0183272 -0.000764595 0.0165542
80
1
-2.07201 6.1322 -1.22413
-0.0185108 -0.00139629 0.0156048
81
1
-2.03238 6.13856 -1.25333
-0.0195523 -0.00277598 0.0144808
82
1
-1.99119 6.1474 -1.27924
-0.0207515 -0.00491001 0.0132045
83
1
-1.94852 6.15877 -1.30154
-0.0213395 -0.00622462 0.0115794
84
1
-1.90458 6.17205 -1.31994
-0.0219378 -0.0070431 0.00898893
85
1
-1.85955 6.18691 -1.33435
-0.0226804 -0.00838159 0.00672921
86
1
-1.81382 6.20353 -1.34466
-0.0228822 -0.00936681 0.00468025
87
1
-1.76767 6.22206 -1.35088
-0.0231594 -0.0099525 0.00198914
88
1
-1.721 6.24177 -1.35265
-0.0233555 -0.0105607 -0.00041499
89
1
-1.67414 6.26223 -1.34928
-0.0226257 -0.0106162 -0.00224272
90
1
-1.62671 6.28303 -1.34021
-0.0230863 -0.0107534 -0.00527512
91
1
-1.57784 6.30252 -1.32454
-0.0250979 -0.00985274 -0.00893563
92
1
-1.52782 6.31895 -1.30252
-0.0254706 -0.00732682 -0.0118793
93
1
-1.47643 6.33178 -1.2746
-0.0253567 -0.00586854 -0.0149316
94
1
-1.4244 6.34163 -1.24052
-0.0258044 -0.0044062 -0.019222
95
1
-1.37266 6.34923 -1.19903
-0.0249095 -0.0018966 -0.0237931
96
1
-1.32064 6.35454 -1.14602
-0.0252525 -0.000489937 -0.0308801
97
1
-1.2697 6.35798 -1.0802
-0.0254475 0.000163881 -0.0387641
98
1
-1.22073 6.36004 -1.00096
-0.0233657 -0.000807832 -0.0429864
99
1
-1.17411 6.36029 -0.907856
-0.0213262 -0.000501379 -0.0502412
100
1
-1.1294 6.35624 -0.803486
-0.0225005 0.000876432 -0.0560294
101
1
-1.08323 6.34341 -0.686167
-0.0237651 0.00790779 -0.0600053
102
1
-1.03857 6.31776 -0.555402
-0.0229316 0.0195488 -0.0708268
103
1
-0.991311 6.27334 -0.401783
-0.0170181 0.0306241 -0.0696017
104
1
-0.928095 6.18551 -0.203628
-0.0248401 0.03536 -0.064842
105
1
-0.697734 6.00043 -0.0936843
-0.0267396 0.0214188 0.0116295
106
1
-0.0500634 8.0929 -0.667094
-0.00098146 0.01218 0.076958
107
1
0.0500634 8.0929 -0.667094
-0.00098146 -0.01218 -0.076958
108
1
0.697734 6.00043 -0.0936843
-0.0267396 -0.0214188 -0.0116295
109
1
0.928095 6.18551 -0.203628
-0.0248401 -0.03536 0.064842
110
1
0.991311 6.27334 -0.401783
-0.0170181 -0.0306241 0.0696017
111
1
1.03857 6.31776 -0.555402
-0.0229316 -0.0195488 0.0708268
112
1
1.08323 6.34341 -0.686167
-0.0237651 -0.00790779 0.0600053
113
1
1.1294 6.35624 -0.803486
-0.0225005 -0.000876432 0.0560294
114
1
1.17411 6.36029 -0.907856
-0.0213262 0.000501379 0.0502412
115
1
1.22073 6.36004 -1.00096
-0.0233657 0.000807832 0.0429864
116
1
1.2697 6.35798 -1.0802
-0.0254475 -0.000163881 0.0387641
117
1
1.32064 6.35454 -1.14602
-0.0252525 0.000489937 0.0308801
118
1
1.37266 6.34923 -1.19903
-0.0249095 0.0018966 0.0237931
119
1
1.4244 6.34163 -1.24052
-0.0258044 0.0044062 0.019222
120
1
1.47643 6.33178 -1.2746
-0.0253567 0.00586854 0.0149316
121
1
1.52782 6.31895 -1.30252
-0.0254706 0.00732682 0.0118793
122
1
1.57784 6.30252 -1.32454
-0.0250979 0.00985274 0.00893563
123
1
1.62671 6.28303 -1.34021
-0.0230863 0.0107534 0.00527512
124
1
1.67414 6.26223 -1.34928
-0.0226257 0.0106162 0.00224272
125
1
1.721 6.24177 -1.35265
-0.0233555 0.0105607 0.00041499
126
1
1.76767 6.22206 -1.35088
-0.0231594 0.0099525 -0.00198914
127
1
1.81382 6.20353 -1.34466
-0.0228822 0.00936681 -0.00468025
128
1
1.85955 6.18691 -1.33435
-0.0226804 0.00838159 -0.00672921
129
1
1.90458 6.17205 -1.31994
-0.0219378 0.0070431 -0.00898893
130
1
1.94852 6.15877 -1.30154
-0.0213395 0.00622462 -0.0115794
131
1
1.99119 6.1474 -1.27924
-0.0207515 0.00491001 -0.0132045
132
1
2.03238 6.13856 -1.25333
-0.0195523 0.00277598 -0.0144808
133
1
2.07201 6.1322 -1.22413
-0.0185108 0.00139629 -0.0156048
134
1
2.11096 6.12825 -1.19203
-0.0183272 0.000764595 -0.0165542
135
1
2.15002 6.12696 -1.15681
-0.0187666 -0.000292778 -0.0181985
136
1
2.18918 6.1281 -1.11834
-0.0193425 -0.00142591 -0.0200387
137
1
2.22822 6.13082 -1.07752
-0.0199896 -0.00169969 -0.0210586
138
1
2.26709 6.13451 -1.03524
-0.020205 -0.00194431 -0.021668
139
1
2.30512 6.13928 -0.99102
-0.019455 -0.0029156 -0.0226697
140
1
2.34216 6.1456 -0.944553
-0.0186712 -0.00370444 -0.0239861
141
1
2.37825 6.15295 -0.89529
-0.0183968 -0.00386531 -0.0255222
142
1
2.41371 6.1602 -0.842492
-0.0178479 -0.00387245 -0.0277174
143
1
2.44822 6.16688 -0.785911
-0.0169686 -0.00350638 -0.0301708
144
1
2.48121 6.17237 -0.726046
-0.0165601 -0.00258481 -0.0319465
145
1
2.51227 6.1763 -0.663479
-0.0161454 -0.00161244 -0.0333523
146
1
2.54111 6.17955 -0.599079
-0.0151388 -0.00127424 -0.0345342
147
1
2.56753 6.18283 -0.533814
-0.0136551 -0.00184563 -0.034653
148
1
2.59115 6.18694 -0.468144
-0.0118754 -0.00273191 -0.0343899
149
1
2.61177 6.19193 -0.401986
-0.00988312 -0.00341298 -0.0342335
150
1
2.62902 6.19733 -0.335371
-0.0082076 -0.00355991 -0.0341157
151
1
2.64301 6.20273 -0.26858
-0.00681467 -0.00321956 -0.0341288
152
1
2.65379 6.20773 -0.201688
-0.00500461 -0.00311495 -0.0344781
153
1
2.66132 6.21248 -0.134744
-0.00271241 -0.00314382 -0.0347202
154
1
2.66578 6.21618 -0.0674825
-0.000874216 -0.00229128 -0.034427
155
1
2.66711 6.21763 3.90417e-012
6.20099e-014 2.13872e-014 -0.0341212
156
1
2.66578 6.21618 0.0674825
0.000874216 0.00229128 -0.034427
157
1
2.66132 6.21248 0.134744
0.00271241 0.00314382 -0.0347202
158
1
2.65379 6.20773 0.201688
0.00500461 0.00311495 -0.0344781
159
1
2.64301 6.20273 0.26858
0.00681467 0.00321956 -0.0341288
160
1
2.62902 6.19733 0.335371
0.0082076 0.00355991 -0.0341157
161
1
2.61177 6.19193 0.401986
0.00988312 0.00341298 -0.0342335
162
1
2.59115 6.18694 0.468144
0.0118754 0.00273191 -0.0343899
163
1
2.56753 6.18283 0.533814
0.0136551 0.00184563 -0.034653
164
1
2.54111 6.17955 0.599079
0.0151388 0.00127424 -0.0345342
165
1
2.51227 6.1763 0.663479
0.0161454 0.00161244 -0.0333523
166
1
2.48121 6.17237 0.726046
0.0165601 0.00258481 -0.0319465
167
1
2.44822 6.16688 0.785911
0.0169686 0.00350638 -0.0301708
168
1
2.41371 6.1602 0.842492
0.0178479 0.00387245 -0.0277174
169
1
2.37825 6.15295 0.89529
0.0183968 0.00386531 -0.0255222
170
1
2.34216 6.1456 0.944553
0.0186712 0.00370444 -0.0239861
171
1
2.30512 6.13928 0.99102
0.019455 0.0029156 -0.0226697
172
1
2.26709 6.13451 1.03524
0.020205 0.00194431 -0.021668
173
1
2.22822 6.13082 1.07752
0.0199896 0.00169969 -0.0210586
174
1
2.18918 6.1281 1.11834
0.0193425 0.00142591 -0.0200387
175
1
2.15002 6.12696 1.15681
0.0187666 0.000292778 -0.0181985
176
1
2.11096 6.12825 1.19203
0.0183272 -0.000764595 -0.0165542
177
1
2.07201 6.1322 1.22413
0.0185108 -0.00139629 -0.0156048
178
1
2.03238 6.13856 1.25333
0.0195523 -0.00277598 -0.0144808
179
1
1.99119 6.1474 1.27924
0.0207515 -0.00491001 -0.0132045
180
1
1.94852 6.15877 1.30154
0.0213395 -0.00622462 -0.0115794
181
1
1.90458 6.17205 1.31994
0.0219378 -0.0070431 -0.00898893
182
1
1.85955 6.18691 1.33435
0.0226804 -0.00838159 -0.00672921
183
1
1.81382 6.20353 1.34466
0.0228822 -0.00936681 -0.00468025
184
1
1.76767 6.22206 1.35088
0.0231594 -0.0099525 -0.00198914
185
1
1.721 6.24177 1.35265
0.0233555 -0.0105607 0.00041499
186
1
1.67414 6.26223 1.34928
0.0226257 -0.0106162 0.00224272
187
1
1.62671 6.28303 1.34021
0.0230863 -0.0107534 0.00527512
188
1
1.57784 6.30252 1.32454
0.0250979 -0.00985274 0.00893563
189
1
1.52782 6.31895 1.30252
0.0254706 -0.00732682 0.0118793
190
1
1.47643 6.33178 1.2746
0.0253567 -0.00586854 0.0149316
191
1
1.4244 6.34163 1.24052
0.0258044 -0.0044062 0.019222
192
1
1.37266 6.34923 1.19903
0.0249095 -0.0018966 0.0237931
193
1
1.32064 6.35454 1.14602
0.0252525 -0.000489937 0.0308801
