194
0
1
1.35 8.06035 0.681899
0.0546512 0.0174313 0.00237939
1
1
1.24296 8.02829 0.673261
0.0545809 0.0162292 0.00574205
2
1
1.12897 7.99643 0.65566
0.0587324 0.0175562 0.010535
3
1
1.01315 7.96106 0.624532
0.0585717 0.0181394 0.0184158
4
1
0.896176 7.91877 0.573305
0.0573731 0.0219695 0.0294368
5
1
0.776385 7.87521 0.497211
0.0590326 0.0214495 0.0437323
6
1
0.649738 7.82412 0.384872
0.0489109 0.0170426 0.0577461
7
1
0.503931 7.76902 0.198296
0.0415058 0.0193858 0.0630342
8
1
0.806957 6.11334 0.0667341
0.0402557 -0.0199075 -0.0106212
9
1
0.0479234 10.8912 0.654124
0.000755498 -0.016581 -0.0761338
10
1
-0.0479234 10.8912 0.654124
0.000755499 0.016581 0.0761338
11
1
-0.806959 6.11334 0.0667277
0.0402555 0.0199075 0.0106222
12
1
-0.503931 7.76902 0.198296
0.0415058 -0.0193858 -0.0630342
13
1
-0.649738 7.82412 0.384872
0.0489109 -0.0170426 -0.0577461
14
1
-0.776385 7.87521 0.497211
0.0590326 -0.0214495 -0.0437323
15
1
-0.896176 7.91877 0.573305
0.0573731 -0.0219695 -0.0294368
16
1
-1.01315 7.96106 0.624532
0.0585717 -0.0181394 -0.0184158
17
1
-1.12897 7.99643 0.65566
0.0587324 -0.0175562 -0.010535
18
1
-1.24296 8.02829 0.673261
0.0545809 -0.0162292 -0.00574205
19
1
-1.35 8.06035 0.681899
0.0546512 -0.0174313 -0.00237939
20
1
-1.4473 8.09462 0.683658
0.0453721 -0.0178581 0.0018963
21
1
-1.53626 8.1306 0.680575
0.0420161 -0.0168744 0.00289936
22
1
-1.61851 8.16526 0.674843
0.0412739 -0.016591 0.00309572
23
1
-1.69783 8.19857 0.667664
0.0375969 -0.0155566 0.00317072
24
1
-1.77434 8.22955 0.65961
0.0371456 -0.0143121 0.00379081
25
1
-1.84834 8.25716 0.651086
0.0374738 -0.0131589 0.00501174
26
1
-1.92025 8.28146 0.642189
0.0338709 -0.0111348 0.00443084
27
1
-1.98922 8.30235 0.63305
0.0322283 -0.00976897 0.00392022
28
1
-2.05617 8.32023 0.623489
0.0333258 -0.00902528 0.00465312
29
1
-2.12253 8.33533 0.613292
0.0332879 -0.00757678 0.00519422
30
1
-2.18798 8.34724 0.602983
0.0326739 -0.00542441 0.0045662
31
1
-2.25292 8.35556 0.593069
0.0326078 -0.00357808 0.0043897
32
1
-2.3172 8.36016 0.583092
0.0320815 -0.00160116 0.00505898
33
1
-2.37998 8.36103 0.572412
0.0318084 0.000499804 0.00575831
34
1
-2.44134 8.3584 0.561092
0.0312491 0.00223251 0.00599442
35
1
-2.5012 8.35271 0.549897
0.0289492 0.0039687 0.00550475
36
1
-2.55903 8.34477 0.53925
0.0274552 0.00545832 0.00493264
37
1
-2.61593 8.33439 0.528856
0.0281028 0.00600964 0.00510263
38
1
-2.67269 8.32176 0.518739
0.0282286 0.00672137 0.00494922
39
1
-2.72885 8.30761 0.509018
0.0271105 0.0081146 0.00392253
40
1
-2.78363 8.29223 0.499431
0.027119 0.00880347 0.00387729
41
1
-2.837 8.27617 0.489351
0.0270061 0.00860481 0.00476053
42
1
-2.88909 8.26037 0.478798
0.0256722 0.0087669 0.00486088
43
1
-2.94006 8.24484 0.467488
0.0255547 0.00906502 0.00485924
44
1
-2.99048 8.22972 0.454639
0.0258855 0.00850264 0.0059507
45
1
-3.04074 8.21555 0.439839
0.0251929 0.00774283 0.00700387
46
1
-3.09063 8.20281 0.423153
0.0258729 0.00783304 0.00712214
47
1
-3.13941 8.19249 0.403784
0.0259693 0.00667819 0.00918935
48
1
-3.18578 8.1855 0.381293
0.0242652 0.00346773 0.0127422
49
1
-3.22783 8.18154 0.355272
0.0228581 0.00111292 0.0134197
50
1
-3.26475 8.1802 0.326128
0.0197001 -0.000224306 0.0124928
51
1
-3.29618 8.18151 0.293805
0.0154208 -0.00246756 0.0152124
52
1
-3.32256 8.18582 0.257772
0.0119672 -0.00511543 0.0210659
53
1
-3.34416 8.19225 0.218271
0.00891183 -0.00587816 0.0241242
54
1
-3.36047 8.19959 0.176562
0.00599911 -0.00434588 0.022675
55
1
-3.3721 8.20649 0.133656
0.00322405 -0.0033666 0.0222209
56
1
-3.37942 8.21162 0.089906
0.00100501 -0.00298698 0.0230443
57
1
-3.3831 8.21568 0.04516
-0.00021446 -0.00208236 0.0231381
58
1
-3.3845 8.21751 -5.48462e-009
-1.32028e-011 3.19531e-011 0.0229651
59
1
-3.3831 8.21568 -0.04516
0.00021446 0.00208236 0.0231381
60
1
-3.37942 8.21162 -0.089906
-0.00100501 0.00298698 0.0230443
61
1
-3.3721 8.20649 -0.133656
-0.00322405 0.0033666 0.0222209
62
1
-3.36047 8.19959 -0.176562
-0.00599911 0.00434588 0.022675
63
1
-3.34416 8.19225 -0.218271
-0.00891183 0.00587816 0.0241242
64
1
-3.32256 8.18582 -0.257772
-0.0119672 0.00511543 0.0210659
65
1
-3.29618 8.18151 -0.293806
-0.0154208 0.00246756 0.0152124
66
1
-3.26475 8.1802 -0.326128
-0.0197001 0.000224306 0.0124928
67
1
-3.22783 8.18154 -0.355272
-0.0228581 -0.00111292 0.0134197
68
1
-3.18578 8.1855 -0.381293
-0.0242652 -0.00346773 0.0127422
69
1
-3.13941 8.19249 -0.403784
-0.0259693 -0.00667819 0.00918935
70
1
-3.09063 8.20281 -0.423153
-0.0258729 -0.00783304 0.00712214
71
1
-3.04074 8.21555 -0.439839
-0.0251929 -0.00774283 0.00700387
72
1
-2.99048 8.22972 -0.454639
-0.0258855 -0.00850264 0.0059507
73
1
-2.94006 8.24484 -0.467488
-0.0255547 -0.00906502 0.00485924
74
1
-2.88909 8.26037 -0.478798
-0.0256722 -0.0087669 0.00486088
75
1
-2.837 8.27617 -0.489351
-0.0270061 -0.00860481 0.00476053
76
1
-2.78363 8.29223 -0.499431
-0.027119 -0.00880347 0.00387729
77
1
-2.72885 8.30761 -0.509018
-0.0271105 -0.0081146 0.00392253
78
1
-2.67269 8.32176 -0.518739
-0.0282286 -0.00672137 0.00494922
79
1
-2.61593 8.33439 -0.528856
-0.0281028 -0.00600964 0.00510263
80
1
-2.55903 8.34477 -0.53925
-0.0274552 -0.00545832 0.00493264
81
1
-2.5012 8.35271 -0.549897
-0.0289492 -0.0039687 0.00550475
82
1
-2.44134 8.3584 -0.561092
-0.0312491 -0.00223251 0.00599442
83
1
-2.37998 8.36103 -0.572412
-0.0318084 -0.000499804 0.00575831
84
1
-2.3172 8.36016 -0.583092
-0.0320815 0.00160116 0.00505898
85
1
-2.25292 8.35556 -0.593069
-0.0326078 0.00357808 0.0043897
86
1
-2.18798 8.34724 -0.602983
-0.0326739 0.00542441 0.0045662
87
1
-2.12253 8.33533 -0.613292
-0.0332879 0.00757678 0.00519422
88
1
-2.05617 8.32023 -0.623489
-0.0333258 0.00902528 0.00465312
89
1
-1.98922 8.30235 -0.63305
-0.0322283 0.00976897 0.00392022
90
1
-1.92025 8.28146 -0.642189
-0.0338709 0.0111348 0.00443084
91
1
-1.84834 8.25716 -0.651086
-0.0374738 0.0131589 0.00501174
92
1
-1.77434 8.22955 -0.65961
-0.0371456 0.0143121 0.00379081
93
1
-1.69783 8.19857 -0.667664
-0.0375969 0.0155566 0.00317073
94
1
-1.61851 8.16526 -0.674843
-0.0412739 0.016591 0.00309572
95
1
-1.53626 8.1306 -0.680575
-0.0420161 0.0168744 0.00289936
96
1
-1.4473 8.09462 -0.683658
-0.0453721 0.0178581 0.0018963
97
1
-1.35 8.06035 -0.681899
-0.0546512 0.0174313 -0.00237939
98
1
-1.24296 8.02829 -0.673261
-0.0545809 0.0162292 -0.00574205
99
1
-1.12897 7.99643 -0.65566
-0.0587324 0.0175562 -0.010535
100
1
-1.01315 7.96106 -0.624532
-0.0585717 0.0181394 -0.0184158
101
1
-0.896176 7.91877 -0.573305
-0.0573731 0.0219695 -0.0294368
102
1
-0.776385 7.87521 -0.497211
-0.0590326 0.0214495 -0.0437323
103
1
-0.649738 7.82412 -0.384872
-0.0489109 0.0170426 -0.0577461
104
1
-0.503931 7.76902 -0.198296
-0.0415058 0.0193858 -0.0630342
105
1
-0.806957 6.11334 -0.0667339
-0.0402557 -0.0199074 0.0106212
106
1
-0.0479234 10.8912 -0.654124
-0.000755498 -0.016581 0.0761338
107
1
0.0479234 10.8912 -0.654124
-0.000755499 0.016581 -0.0761338
108
1
0.806959 6.11334 -0.0667274
-0.0402555 0.0199075 -0.0106223
109
1
0.503931 7.76902 -0.198296
-0.0415058 -0.0193858 0.0630342
110
1
0.649738 7.82412 -0.384872
-0.0489109 -0.0170426 0.0577461
111
1
0.776385 7.87521 -0.497211
-0.0590326 -0.0214495 0.0437323
112
1
0.896176 7.91877 -0.573305
-0.0573731 -0.0219695 0.0294368
113
1
1.01315 7.96106 -0.624532
-0.0585717 -0.0181394 0.0184158
114
1
1.12897 7.99643 -0.65566
-0.0587324 -0.0175562 0.010535
115
1
1.24296 8.02829 -0.673261
-0.0545809 -0.0162292 0.00574205
116
1
1.35 8.06035 -0.681899
-0.0546512 -0.0174313 0.00237939
117
1
1.4473 8.09462 -0.683658
-0.0453721 -0.0178581 -0.0018963
118
1
1.53626 8.1306 -0.680575
-0.0420161 -0.0168744 -0.00289936
119
1
1.61851 8.16526 -0.674843
-0.0412739 -0.016591 -0.00309572
120
1
1.69783 8.19857 -0.667664
-0.0375969 -0.0155566 -0.00317072
121
1
1.77434 8.22955 -0.65961
-0.0371456 -0.0143121 -0.00379081
122
1
1.84834 8.25716 -0.651086
-0.0374738 -0.0131589 -0.00501174
123
1
1.92025 8.28146 -0.642189
-0.0338709 -0.0111348 -0.00443084
124
1
1.98922 8.30235 -0.63305
-0.0322283 -0.00976897 -0.00392022
125
1
2.05617 8.32023 -0.623489
-0.0333258 -0.00902528 -0.00465312
126
1
2.12253 8.33533 -0.613292
-0.0332879 -0.00757678 -0.00519422
127
1
2.18798 8.34724 -0.602983
-0.0326739 -0.00542441 -0.0045662
128
1
2.25292 8.35556 -0.593069
-0.0326078 -0.00357808 -0.0043897
129
1
2.3172 8.36016 -0.583092
-0.0320815 -0.00160116 -0.00505898
130
1
2.37998 8.36103 -0.572412
-0.0318084 0.000499804 -0.00575831
131
1
2.44134 8.3584 -0.561092
-0.0312491 0.00223251 -0.00599442
132
1
2.5012 8.35271 -0.549897
-0.0289492 0.0039687 -0.00550475
133
1
2.55903 8.34477 -0.53925
-0.0274552 0.00545832 -0.00493264
134
1
2.61593 8.33439 -0.528856
-0.0281028 0.00600964 -0.00510263
135
1
2.67269 8.32176 -0.518739
-0.0282286 0.00672137 -0.00494922
136
1
2.72885 8.30761 -0.509018
-0.0271105 0.0081146 -0.00392253
137
1
2.78363 8.29223 -0.499431
-0.027119 0.00880347 -0.00387729
138
1
2.837 8.27617 -0.489351
-0.0270061 0.00860481 -0.00476053
139
1
2.88909 8.26037 -0.478798
-0.0256722 0.0087669 -0.00486088
140
1
2.94006 8.24484 -0.467488
-0.0255547 0.00906502 -0.00485924
141
1
2.99048 8.22972 -0.454639
-0.0258855 0.00850264 -0.0059507
142
1
3.04074 8.21555 -0.439839
-0.0251929 0.00774283 -0.00700387
143
1
3.09063 8.20281 -0.423153
-0.0258729 0.00783304 -0.00712214
144
1
3.13941 8.19249 -0.403784
-0.0259693 0.00667819 -0.00918935
145
1
3.18578 8.1855 -0.381293
-0.0242652 0.00346773 -0.0127422
146
1
3.22783 8.18154 -0.355272
-0.0228581 0.00111292 -0.0134197
147
1
3.26475 8.1802 -0.326128
-0.0197001 -0.000224306 -0.0124928
148
1
3.29618 8.18151 -0.293805
-0.0154208 -0.00246756 -0.0152124
149
1
3.32256 8.18582 -0.257772
-0.0119672 -0.00511543 -0.0210659
150
1
3.34416 8.19225 -0.218271
-0.00891183 -0.00587816 -0.0241242
151
1
3.36047 8.19959 -0.176562
-0.00599911 -0.00434588 -0.022675
152
1
3.3721 8.20649 -0.133656
-0.00322405 -0.0033666 -0.0222209
153
1
3.37942 8.21162 -0.089906
-0.00100501 -0.00298698 -0.0230443
154
1
3.3831 8.21568 -0.04516
0.00021446 -0.00208236 -0.0231381
155
1
3.3845 8.21751 5.80376e-009
1.18408e-011 3.40265e-011 -0.0229651
156
1
3.3831 8.21568 0.04516
-0.00021446 0.00208236 -0.0231381
157
1
3.37942 8.21162 0.089906
0.00100501 0.00298698 -0.0230443
158
1
3.3721 8.20649 0.133656
0.00322405 0.0033666 -0.0222209
159
1
3.36047 8.19959 0.176562
0.00599911 0.00434588 -0.022675
160
1
3.34416 8.19225 0.218271
0.00891183 0.00587816 -0.0241242
161
1
3.32256 8.18582 0.257772
0.0119672 0.00511543 -0.0210659
162
1
3.29618 8.18151 0.293806
0.0154208 0.00246756 -0.0152124
163
1
3.26475 8.1802 0.326128
0.0197001 0.000224306 -0.0124928
164
1
3.22783 8.18154 0.355272
0.0228581 -0.00111292 -0.0134197
165
1
3.18578 8.1855 0.381293
0.0242652 -0.00346773 -0.0127422
166
1
3.13941 8.19249 0.403784
0.0259693 -0.00667819 -0.00918935
167
1
3.09063 8.20281 0.423153
0.0258729 -0.00783304 -0.00712214
168
1
3.04074 8.21555 0.439839
0.0251929 -0.00774283 -0.00700387
169
1
2.99048 8.22972 0.454639
0.0258855 -0.00850264 -0.0059507
170
1
2.94006 8.24484 0.467488
0.0255547 -0.00906502 -0.00485924
171
1
2.88909 8.26037 0.478798
0.0256722 -0.0087669 -0.00486088
172
1
2.837 8.27617 0.489351
0.0270061 -0.00860481 -0.00476053
173
1
2.78363 8.29223 0.499431
0.027119 -0.00880347 -0.00387729
174
1
2.72885 8.30761 0.509018
0.0271105 -0.0081146 -0.00392253
175
1
2.67269 8.32176 0.518739
0.0282286 -0.00672137 -0.00494922
176
1
2.61593 8.33439 0.528856
0.0281028 -0.00600964 -0.00510263
177
1
2.55903 8.34477 0.53925
0.0274552 -0.00545832 -0.00493264
178
1
2.5012 8.35271 0.549897
0.0289492 -0.0039687 -0.00550475
179
1
2.44134 8.3584 0.561092
0.0312491 -0.00223251 -0.00599442
180
1
2.37998 8.36103 0.572412
0.0318084 -0.000499804 -0.00575831
181
1
2.3172 8.36016 0.583092
0.0320815 0.00160116 -0.00505898
182
1
2.25292 8.35556 0.593069
0.0326078 0.00357808 -0.0043897
183
1
2.18798 8.34724 0.602983
0.0326739 0.00542441 -0.0045662
184
1
2.12253 8.33533 0.613292
0.0332879 0.00757678 -0.00519422
185
1
2.05617 8.32023 0.623489
0.0333258 0.00902528 -0.00465312
186
1
1.98922 8.30235 0.63305
0.0322283 0.00976897 -0.00392022
187
1
1.92025 8.28146 0.642189
0.0338709 0.0111348 -0.00443084
188
1
1.84834 8.25716 0.651086
0.0374738 0.0131589 -0.00501174
189
1
1.77434 8.22955 0.65961
0.0371456 0.0143121 -0.00379081
190
1
1.69783 8.19857 0.667664
0.0375969 0.0155566 -0.00317073
191
1
1.61851 8.16526 0.674843
0.0412739 0.016591 -0.00309572
192
1
1.53626 8.1306 0.680575
0.0420161 0.0168744 -0.00289936
193
1
1.4473 8.09462 0.683658
0.0453721 0.0178581 -0.0018963
