194
0
1
1.41013 7.83329 0.686456
0.0517275 0.0228078 0.00312356
1
1
1.30852 7.79063 0.675385
0.0512436 0.0231639 0.00495638
2
1
1.20058 7.74618 0.656033
0.0550655 0.0253721 0.0108994
3
1
1.08966 7.70068 0.624633
0.0562093 0.0225521 0.0188789
4
1
0.973488 7.65672 0.573647
0.0575162 0.0195267 0.0313733
5
1
0.853581 7.61583 0.49408
0.0610199 0.018544 0.0439027
6
1
0.720976 7.57343 0.383993
0.0556664 0.0137373 0.0525922
7
1
0.576568 7.52242 0.201053
0.0357506 0.0192935 0.0664944
8
1
0.542734 5.88768 0.0689882
0.00523772 -0.0442642 -0.0110883
9
1
0.0478629 10.5003 0.716182
0.000763373 -0.0129796 -0.0768297
10
1
-0.0478629 10.5003 0.716182
0.000763373 0.0129796 0.0768297
11
1
-0.542735 5.88768 0.0689878
0.00523758 0.0442641 0.0110879
12
1
-0.576568 7.52242 0.201053
0.0357506 -0.0192935 -0.0664944
13
1
-0.720976 7.57343 0.383993
0.0556664 -0.0137373 -0.0525922
14
1
-0.853581 7.61583 0.49408
0.0610199 -0.018544 -0.0439027
15
1
-0.973488 7.65672 0.573647
0.0575162 -0.0195267 -0.0313733
16
1
-1.08966 7.70068 0.624633
0.0562093 -0.0225521 -0.0188789
17
1
-1.20058 7.74618 0.656033
0.0550655 -0.0253721 -0.0108994
18
1
-1.30852 7.79063 0.675385
0.0512436 -0.0231639 -0.00495638
19
1
-1.41013 7.83329 0.686456
0.0517275 -0.0228078 -0.00312356
20
1
-1.50249 7.87549 0.694523
0.0431027 -0.021282 -0.00350974
21
1
-1.58715 7.91643 0.701546
0.0401112 -0.0186851 -0.00316832
22
1
-1.66586 7.95327 0.707887
0.0397302 -0.0170718 -0.00256807
23
1
-1.7422 7.98687 0.713572
0.036378 -0.0151896 -0.00235306
24
1
-1.81593 8.01708 0.718063
0.035701 -0.0139938 -0.00160468
25
1
-1.88679 8.04389 0.720766
0.035607 -0.0129655 -0.000222112
26
1
-1.95539 8.067 0.722156
0.0322502 -0.0103043 -0.00022178
27
1
-2.02128 8.08564 0.722694
0.0309009 -0.00818542 -0.000461247
28
1
-2.08533 8.1002 0.721895
0.0319177 -0.00707033 0.000156581
29
1
-2.1487 8.11117 0.719323
0.0316872 -0.00539849 0.00128433
30
1
-2.21095 8.11843 0.714985
0.0309898 -0.00293217 0.00195955
31
1
-2.27229 8.12234 0.708666
0.0308336 -0.000962802 0.00285389
32
1
-2.33268 8.12304 0.700254
0.0301848 0.000500619 0.00433516
33
1
-2.39139 8.1206 0.690028
0.0297334 0.0018541 0.00572961
34
1
-2.44834 8.1152 0.677969
0.0289466 0.00315809 0.00675439
35
1
-2.50316 8.1068 0.663835
0.0264098 0.00486811 0.00750861
36
1
-2.55517 8.09522 0.648055
0.0246044 0.00669498 0.00802495
37
1
-2.60568 8.0809 0.631081
0.0248221 0.00797858 0.00869882
38
1
-2.65543 8.06372 0.61282
0.0244367 0.00958678 0.00939464
39
1
-2.70379 8.04329 0.593261
0.022895 0.0116783 0.00981789
40
1
-2.75034 8.02045 0.572539
0.0225905 0.0129656 0.0106465
41
1
-2.79537 7.99618 0.55059
0.0224115 0.0132512 0.011638
42
1
-2.83867 7.97074 0.527093
0.0211381 0.0137079 0.0119103
43
1
-2.88068 7.9446 0.502153
0.02084 0.0144657 0.0123962
44
1
-2.92232 7.9179 0.475458
0.0210994 0.014438 0.0139105
45
1
-2.96402 7.89064 0.446396
0.0205289 0.0142313 0.0155205
46
1
-3.00564 7.86356 0.414374
0.020942 0.015 0.0168493
47
1
-3.0469 7.83712 0.379463
0.0216174 0.0147704 0.0192429
48
1
-3.08709 7.81208 0.342377
0.0212816 0.013325 0.0213501
49
1
-3.12621 7.78928 0.30543
0.0208613 0.0125583 0.0204465
50
1
-3.16401 7.76901 0.269878
0.0194652 0.0111425 0.0173476
51
1
-3.20009 7.75167 0.23583
0.0184388 0.00855505 0.0157511
52
1
-3.23386 7.73718 0.202226
0.0190789 0.0061705 0.0162988
53
1
-3.264 7.72546 0.168147
0.0187156 0.00473927 0.0165949
54
1
-3.28901 7.71647 0.133998
0.0155224 0.00409615 0.0157189
55
1
-3.30757 7.71013 0.100121
0.0113578 0.00283793 0.0154188
56
1
-3.31951 7.70659 0.0665976
0.00745636 0.00117826 0.0158803
57
1
-3.32556 7.70427 0.0331947
0.00339034 6.25494e-005 0.0160415
58
1
-3.32732 7.70356 -2.7531e-009
-1.29791e-011 6.7635e-012 0.0160081
59
1
-3.32556 7.70427 -0.0331947
-0.00339034 -6.25493e-005 0.0160415
60
1
-3.31951 7.70659 -0.0665976
-0.00745636 -0.00117826 0.0158803
61
1
-3.30757 7.71013 -0.100121
-0.0113578 -0.00283793 0.0154188
62
1
-3.28901 7.71647 -0.133998
-0.0155224 -0.00409615 0.0157189
63
1
-3.264 7.72546 -0.168147
-0.0187156 -0.00473927 0.0165949
64
1
-3.23386 7.73718 -0.202226
-0.0190789 -0.0061705 0.0162988
65
1
-3.20009 7.75167 -0.23583
-0.0184388 -0.00855505 0.0157511
66
1
-3.16401 7.76901 -0.269878
-0.0194652 -0.0111425 0.0173476
67
1
-3.12621 7.78928 -0.30543
-0.0208613 -0.0125583 0.0204465
68
1
-3.08709 7.81208 -0.342377
-0.0212816 -0.013325 0.0213501
69
1
-3.0469 7.83712 -0.379463
-0.0216174 -0.0147704 0.0192429
70
1
-3.00564 7.86356 -0.414374
-0.020942 -0.015 0.0168493
71
1
-2.96402 7.89064 -0.446396
-0.0205289 -0.0142313 0.0155205
72
1
-2.92232 7.9179 -0.475458
-0.0210994 -0.014438 0.0139105
73
1
-2.88068 7.9446 -0.502153
-0.02084 -0.0144657 0.0123962
74
1
-2.83867 7.97074 -0.527093
-0.0211381 -0.0137079 0.0119103
75
1
-2.79537 7.99618 -0.55059
-0.0224115 -0.0132512 0.011638
76
1
-2.75034 8.02045 -0.572539
-0.0225905 -0.0129656 0.0106465
77
1
-2.70379 8.04329 -0.593261
-0.022895 -0.0116783 0.00981789
78
1
-2.65543 8.06372 -0.61282
-0.0244367 -0.00958678 0.00939464
79
1
-2.60568 8.0809 -0.631081
-0.0248221 -0.00797858 0.00869882
80
1
-2.55517 8.09522 -0.648055
-0.0246044 -0.00669498 0.00802495
81
1
-2.50316 8.1068 -0.663835
-0.0264098 -0.00486811 0.00750861
82
1
-2.44834 8.1152 -0.677969
-0.0289466 -0.00315809 0.00675439
83
1
-2.39139 8.1206 -0.690028
-0.0297334 -0.0018541 0.00572961
84
1
-2.33268 8.12304 -0.700254
-0.0301848 -0.000500619 0.00433516
85
1
-2.27229 8.12234 -0.708666
-0.0308336 0.000962802 0.00285389
86
1
-2.21095 8.11843 -0.714985
-0.0309898 0.00293217 0.00195955
87
1
-2.1487 8.11117 -0.719323
-0.0316872 0.00539849 0.00128433
88
1
-2.08533 8.1002 -0.721895
-0.0319177 0.00707033 0.000156581
89
1
-2.02128 8.08564 -0.722694
-0.0309009 0.00818542 -0.000461247
90
1
-1.95539 8.067 -0.722156
-0.0322502 0.0103043 -0.00022178
91
1
-1.88679 8.04389 -0.720766
-0.035607 0.0129655 -0.000222112
92
1
-1.81593 8.01708 -0.718063
-0.035701 0.0139938 -0.00160468
93
1
-1.7422 7.98687 -0.713572
-0.036378 0.0151896 -0.00235306
94
1
-1.66586 7.95327 -0.707887
-0.0397302 0.0170718 -0.00256807
95
1
-1.58715 7.91643 -0.701546
-0.0401112 0.0186851 -0.00316832
96
1
-1.50249 7.87549 -0.694523
-0.0431027 0.021282 -0.00350974
97
1
-1.41013 7.83329 -0.686456
-0.0517275 0.0228078 -0.00312356
98
1
-1.30852 7.79063 -0.675385
-0.0512436 0.0231639 -0.00495638
99
1
-1.20058 7.74618 -0.656033
-0.0550655 0.0253721 -0.0108994
100
1
-1.08966 7.70068 -0.624633
-0.0562093 0.0225521 -0.0188789
101
1
-0.973488 7.65672 -0.573647
-0.0575162 0.0195267 -0.0313733
102
1
-0.853581 7.61583 -0.49408
-0.0610199 0.018544 -0.0439027
103
1
-0.720976 7.57343 -0.383993
-0.0556664 0.0137373 -0.0525922
104
1
-0.576568 7.52242 -0.201053
-0.0357506 0.0192935 -0.0664944
105
1
-0.542734 5.88768 -0.0689881
-0.00523771 -0.0442642 0.0110884
106
1
-0.0478629 10.5003 -0.716182
-0.000763373 -0.0129796 0.0768297
107
1
0.0478629 10.5003 -0.716182
-0.000763373 0.0129796 -0.0768297
108
1
0.542735 5.88768 -0.0689876
-0.00523758 0.0442641 -0.011088
109
1
0.576568 7.52242 -0.201053
-0.0357506 -0.0192935 0.0664944
110
1
0.720976 7.57343 -0.383993
-0.0556664 -0.0137373 0.0525922
111
1
0.853581 7.61583 -0.49408
-0.0610199 -0.018544 0.0439027
112
1
0.973488 7.65672 -0.573647
-0.0575162 -0.0195267 0.0313733
113
1
1.08966 7.70068 -0.624633
-0.0562093 -0.0225521 0.0188789
114
1
1.20058 7.74618 -0.656033
-0.0550655 -0.0253721 0.0108994
115
1
1.30852 7.79063 -0.675385
-0.0512436 -0.0231639 0.00495638
116
1
1.41013 7.83329 -0.686456
-0.0517275 -0.0228078 0.00312356
117
1
1.50249 7.87549 -0.694523
-0.0431027 -0.021282 0.00350974
118
1
1.58715 7.91643 -0.701546
-0.0401112 -0.0186851 0.00316832
119
1
1.66586 7.95327 -0.707887
-0.0397302 -0.0170718 0.00256807
120
1
1.7422 7.98687 -0.713572
-0.036378 -0.0151896 0.00235306
121
1
1.81593 8.01708 -0.718063
-0.035701 -0.0139938 0.00160468
122
1
1.88679 8.04389 -0.720766
-0.035607 -0.0129655 0.000222112
123
1
1.95539 8.067 -0.722156
-0.0322502 -0.0103043 0.00022178
124
1
2.02128 8.08564 -0.722694
-0.0309009 -0.00818542 0.000461247
125
1
2.08533 8.1002 -0.721895
-0.0319177 -0.00707033 -0.000156581
126
1
2.1487 8.11117 -0.719323
-0.0316872 -0.00539849 -0.00128433
127
1
2.21095 8.11843 -0.714985
-0.0309898 -0.00293217 -0.00195955
128
1
2.27229 8.12234 -0.708666
-0.0308336 -0.000962802 -0.00285389
129
1
2.33268 8.12304 -0.700254
-0.0301848 0.000500619 -0.00433516
130
1
2.39139 8.1206 -0.690028
-0.0297334 0.0018541 -0.00572961
131
1
2.44834 8.1152 -0.677969
-0.0289466 0.00315809 -0.00675439
132
1
2.50316 8.1068 -0.663835
-0.0264098 0.00486811 -0.00750861
133
1
2.55517 8.09522 -0.648055
-0.0246044 0.00669498 -0.00802495
134
1
2.60568 8.0809 -0.631081
-0.0248221 0.00797858 -0.00869882
135
1
2.65543 8.06372 -0.61282
-0.0244367 0.00958678 -0.00939464
136
1
2.70379 8.04329 -0.593261
-0.022895 0.0116783 -0.00981789
137
1
2.75034 8.02045 -0.572539
-0.0225905 0.0129656 -0.0106465
138
1
2.79537 7.99618 -0.55059
-0.0224115 0.0132512 -0.011638
139
1
2.83867 7.97074 -0.527093
-0.0211381 0.0137079 -0.0119103
140
1
2.88068 7.9446 -0.502153
-0.02084 0.0144657 -0.0123962
141
1
2.92232 7.9179 -0.475458
-0.0210994 0.014438 -0.0139105
142
1
2.96402 7.89064 -0.446396
-0.0205289 0.0142313 -0.0155205
143
1
3.00564 7.86356 -0.414374
-0.020942 0.015 -0.0168493
144
1
3.0469 7.83712 -0.379463
-0.0216174 0.0147704 -0.0192429
145
1
3.08709 7.81208 -0.342377
-0.0212816 0.013325 -0.0213501
146
1
3.12621 7.78928 -0.30543
-0.0208613 0.0125583 -0.0204465
147
1
3.16401 7.76901 -0.269878
-0.0194652 0.0111425 -0.0173476
148
1
3.20009 7.75167 -0.23583
-0.0184388 0.00855505 -0.0157511
149
1
3.23386 7.73718 -0.202226
-0.0190789 0.0061705 -0.0162988
150
1
3.264 7.72546 -0.168147
-0.0187156 0.00473927 -0.0165949
151
1
3.28901 7.71647 -0.133998
-0.0155224 0.00409615 -0.0157189
152
1
3.30757 7.71013 -0.100121
-0.0113578 0.00283793 -0.0154188
153
1
3.31951 7.70659 -0.0665976
-0.00745636 0.00117826 -0.0158803
154
1
3.32556 7.70427 -0.0331947
-0.00339034 6.25494e-005 -0.0160415
155
1
3.32732 7.70356 2.72308e-009
1.20411e-011 5.73159e-012 -0.0160081
156
1
3.32556 7.70427 0.0331947
0.00339034 -6.25493e-005 -0.0160415
157
1
3.31951 7.70659 0.0665976
0.00745636 -0.00117826 -0.0158803
158
1
3.30757 7.71013 0.100121
0.0113578 -0.00283793 -0.0154188
159
1
3.28901 7.71647 0.133998
0.0155224 -0.00409615 -0.0157189
160
1
3.264 7.72546 0.168147
0.0187156 -0.00473927 -0.0165949
161
1
3.23386 7.73718 0.202226
0.0190789 -0.0061705 -0.0162988
162
1
3.20009 7.75167 0.23583
0.0184388 -0.00855505 -0.0157511
163
1
3.16401 7.76901 0.269878
0.0194652 -0.0111425 -0.0173476
164
1
3.12621 7.78928 0.30543
0.0208613 -0.0125583 -0.0204465
165
1
3.08709 7.81208 0.342377
0.0212816 -0.013325 -0.0213501
166
1
3.0469 7.83712 0.379463
0.0216174 -0.0147704 -0.0192429
167
1
3.00564 7.86356 0.414374
0.020942 -0.015 -0.0168493
168
1
2.96402 7.89064 0.446396
0.0205289 -0.0142313 -0.0155205
169
1
2.92232 7.9179 0.475458
0.0210994 -0.014438 -0.0139105
170
1
2.88068 7.9446 0.502153
0.02084 -0.0144657 -0.0123962
171
1
2.83867 7.97074 0.527093
0.0211381 -0.0137079 -0.0119103
172
1
2.79537 7.99618 0.55059
0.0224115 -0.0132512 -0.011638
173
1
2.75034 8.02045 0.572539
0.0225905 -0.0129656 -0.0106465
174
1
2.70379 8.04329 0.593261
0.022895 -0.0116783 -0.00981789
175
1
2.65543 8.06372 0.61282
0.0244367 -0.00958678 -0.00939464
176
1
2.60568 8.0809 0.631081
0.0248221 -0.00797858 -0.00869882
177
1
2.55517 8.09522 0.648055
0.0246044 -0.00669498 -0.00802495
178
1
2.50316 8.1068 0.663835
0.0264098 -0.00486811 -0.00750861
179
1
2.44834 8.1152 0.677969
0.0289466 -0.00315809 -0.00675439
180
1
2.39139 8.1206 0.690028
0.0297334 -0.0018541 -0.00572961
181
1
2.33268 8.12304 0.700254
0.0301848 -0.000500619 -0.00433516
182
1
2.27229 8.12234 0.708666
0.0308336 0.000962802 -0.00285389
183
1
2.21095 8.11843 0.714985
0.0309898 0.00293217 -0.00195955
184
1
2.1487 8.11117 0.719323
0.0316872 0.00539849 -0.00128433
185
1
2.08533 8.1002 0.721895
0.0319177 0.00707033 -0.000156581
186
1
2.02128 8.08564 0.722694
0.0309009 0.00818542 0.000461247
187
1
1.95539 8.067 0.722156
0.0322502 0.0103043 0.00022178
188
1
1.88679 8.04389 0.720766
0.035607 0.0129655 0.000222112
189
1
1.81593 8.01708 0.718063
0.035701 0.0139938 0.00160468
190
1
1.7422 7.98687 0.713572
0.036378 0.0151896 0.00235306
191
1
1.66586 7.95327 0.707887
0.0397302 0.0170718 0.00256807
192
1
1.58715 7.91643 0.701546
0.0401112 0.0186851 0.00316832
193
1
1.50249 7.87549 0.694523
0.0431027 0.021282 0.00350974
