194
0
1
1.21927 8.59368 0.668258
0.0557369 0.0143912 0.00442631
1
1
1.1112 8.56478 0.656269
0.0545257 0.0157174 0.00911545
2
1
0.998567 8.53084 0.63058
0.0576429 0.0183077 0.0167224
3
1
0.88378 8.4945 0.589344
0.0579093 0.0198969 0.0239802
4
1
0.763654 8.45516 0.534108
0.0600826 0.0204955 0.0294004
5
1
0.639084 8.40509 0.463384
0.061431 0.0268165 0.0396397
6
1
0.499669 8.33938 0.371932
0.0567634 0.0286062 0.0435475
7
1
0.345378 8.2691 0.203696
0.039619 0.0179261 0.0640109
8
1
0.527599 6.68875 0.0615105
0.00189245 0.046743 -0.0099935
9
1
0.0482271 11.6938 0.465087
0.000775187 -0.023994 -0.0741319
10
1
-0.0482271 11.6938 0.465087
0.000775188 0.023994 0.0741319
11
1
-0.527598 6.68876 0.0615053
0.00189242 -0.0467428 0.00999403
12
1
-0.345378 8.2691 0.203696
0.039619 -0.0179261 -0.0640109
13
1
-0.499669 8.33938 0.371932
0.0567634 -0.0286062 -0.0435475
14
1
-0.639084 8.40509 0.463384
0.061431 -0.0268165 -0.0396397
15
1
-0.763654 8.45516 0.534108
0.0600826 -0.0204955 -0.0294004
16
1
-0.88378 8.4945 0.589344
0.0579093 -0.0198969 -0.0239802
17
1
-0.998567 8.53084 0.63058
0.0576429 -0.0183077 -0.0167224
18
1
-1.1112 8.56478 0.656269
0.0545257 -0.0157174 -0.00911545
19
1
-1.21927 8.59368 0.668258
0.0557369 -0.0143912 -0.00442631
20
1
-1.32039 8.61623 0.670734
0.048094 -0.00932089 0.000486062
21
1
-1.41471 8.63482 0.666691
0.0447929 -0.00824213 0.00299647
22
1
-1.50202 8.65214 0.65704
0.0434127 -0.00821905 0.00714991
23
1
-1.58581 8.66919 0.641586
0.0392891 -0.00756413 0.0102559
24
1
-1.66622 8.68541 0.621666
0.0387703 -0.00771618 0.0107365
25
1
-1.74362 8.70049 0.600044
0.0390589 -0.00815257 0.0112777
26
1
-1.8185 8.7147 0.578528
0.0348756 -0.00783559 0.0105507
27
1
-1.89016 8.728 0.558722
0.0330263 -0.00722513 0.009637
28
1
-1.95989 8.74035 0.541436
0.0345558 -0.00638799 0.0091257
29
1
-2.02924 8.75179 0.526425
0.03476 -0.00559944 0.00803748
30
1
-2.09747 8.7628 0.513954
0.0338562 -0.00538377 0.00592974
31
1
-2.16456 8.77399 0.504636
0.0333521 -0.00554121 0.00423302
32
1
-2.23022 8.78548 0.498961
0.0324745 -0.00527978 0.00224166
33
1
-2.29362 8.79709 0.497101
0.0318438 -0.00525796 -0.000200121
34
1
-2.3549 8.80911 0.498781
0.0308071 -0.00625464 -0.00206644
35
1
-2.41378 8.82204 0.503504
0.0280512 -0.00696416 -0.00377488
36
1
-2.46944 8.83635 0.510091
0.0259604 -0.00689184 -0.005115
37
1
-2.52309 8.85195 0.517091
0.0257774 -0.00793742 -0.00476095
38
1
-2.57546 8.86945 0.523826
0.0252229 -0.00943118 -0.00420586
39
1
-2.62585 8.88955 0.52927
0.0235464 -0.00981534 -0.00479199
40
1
-2.6737 8.91166 0.532535
0.0229648 -0.0113981 -0.00332141
41
1
-2.71924 8.93526 0.532568
0.0225175 -0.0136007 7.38916e-005
42
1
-2.76296 8.95964 0.529513
0.0206564 -0.0128986 0.00125013
43
1
-2.80566 8.98338 0.522427
0.0200167 -0.0118337 0.00263155
44
1
-2.84788 9.0062 0.509658
0.0208181 -0.0122761 0.00816029
45
1
-2.88996 9.02868 0.491009
0.0207657 -0.0126778 0.012977
46
1
-2.9319 9.05036 0.467222
0.0207706 -0.0114779 0.0127777
47
1
-2.97429 9.07045 0.439665
0.0219805 -0.00845614 0.0149402
48
1
-3.01753 9.08717 0.408272
0.0232506 -0.00628788 0.0202284
49
1
-3.05928 9.1007 0.373946
0.0224434 -0.00499953 0.0207046
50
1
-3.0987 9.11194 0.337946
0.019534 -0.00424783 0.0177185
51
1
-3.13556 9.12197 0.299972
0.0180684 -0.00457178 0.0186523
52
1
-3.16987 9.13172 0.259764
0.019321 -0.00520377 0.0225712
53
1
-3.20127 9.14137 0.217317
0.0188443 -0.00653576 0.0244173
54
1
-3.22833 9.15062 0.173989
0.0152561 -0.00677914 0.0228327
55
1
-3.24929 9.15828 0.130571
0.0109129 -0.0051329 0.0218896
56
1
-3.26299 9.16355 0.0871861
0.00612096 -0.00239929 0.0220194
57
1
-3.27111 9.1664 0.0435623
0.00163628 -0.000723126 0.0219816
58
1
-3.27417 9.16694 -1.65094e-009
2.7438e-011 5.23687e-011 0.0219499
59
1
-3.27111 9.1664 -0.0435623
-0.00163628 0.000723126 0.0219816
60
1
-3.26299 9.16355 -0.0871861
-0.00612096 0.00239929 0.0220194
61
1
-3.24929 9.15828 -0.130571
-0.0109129 0.0051329 0.0218896
62
1
-3.22833 9.15062 -0.173989
-0.0152561 0.00677914 0.0228327
63
1
-3.20127 9.14137 -0.217317
-0.0188443 0.00653576 0.0244173
64
1
-3.16987 9.13172 -0.259764
-0.019321 0.00520377 0.0225712
65
1
-3.13556 9.12197 -0.299972
-0.0180684 0.00457178 0.0186523
66
1
-3.0987 9.11194 -0.337946
-0.019534 0.00424783 0.0177185
67
1
-3.05928 9.1007 -0.373946
-0.0224434 0.00499953 0.0207046
68
1
-3.01753 9.08717 -0.408272
-0.0232506 0.00628788 0.0202284
69
1
-2.97429 9.07045 -0.439665
-0.0219805 0.00845614 0.0149402
70
1
-2.9319 9.05036 -0.467222
-0.0207706 0.0114779 0.0127777
71
1
-2.88996 9.02868 -0.491009
-0.0207657 0.0126779 0.012977
72
1
-2.84788 9.0062 -0.509658
-0.0208181 0.0122761 0.00816029
73
1
-2.80566 8.98338 -0.522427
-0.0200167 0.0118337 0.00263155
74
1
-2.76296 8.95964 -0.529513
-0.0206564 0.0128986 0.00125013
75
1
-2.71924 8.93526 -0.532568
-0.0225175 0.0136007 7.38915e-005
76
1
-2.6737 8.91166 -0.532535
-0.0229648 0.0113981 -0.00332141
77
1
-2.62585 8.88955 -0.52927
-0.0235464 0.00981534 -0.00479199
78
1
-2.57546 8.86945 -0.523826
-0.0252229 0.00943118 -0.00420586
79
1
-2.52309 8.85195 -0.517091
-0.0257774 0.00793742 -0.00476095
80
1
-2.46944 8.83635 -0.510091
-0.0259604 0.00689184 -0.005115
81
1
-2.41378 8.82204 -0.503504
-0.0280512 0.00696416 -0.00377488
82
1
-2.3549 8.80911 -0.498781
-0.0308071 0.00625464 -0.00206644
83
1
-2.29362 8.79709 -0.497101
-0.0318438 0.00525796 -0.000200121
84
1
-2.23022 8.78548 -0.498961
-0.0324745 0.00527978 0.00224166
85
1
-2.16456 8.77399 -0.504636
-0.0333521 0.00554121 0.00423302
86
1
-2.09747 8.7628 -0.513954
-0.0338562 0.00538377 0.00592974
87
1
-2.02924 8.75179 -0.526425
-0.03476 0.00559944 0.00803748
88
1
-1.95989 8.74035 -0.541436
-0.0345558 0.00638799 0.0091257
89
1
-1.89016 8.728 -0.558722
-0.0330263 0.00722513 0.009637
90
1
-1.8185 8.7147 -0.578528
-0.0348756 0.00783559 0.0105507
91
1
-1.74362 8.70049 -0.600044
-0.0390589 0.00815257 0.0112777
92
1
-1.66622 8.68541 -0.621666
-0.0387703 0.00771618 0.0107365
93
1
-1.58581 8.66919 -0.641586
-0.0392891 0.00756413 0.0102559
94
1
-1.50202 8.65214 -0.65704
-0.0434127 0.00821905 0.00714991
95
1
-1.41471 8.63482 -0.666691
-0.0447929 0.00824213 0.00299647
96
1
-1.32039 8.61623 -0.670734
-0.048094 0.00932089 0.000486063
97
1
-1.21927 8.59368 -0.668258
-0.0557369 0.0143912 -0.00442631
98
1
-1.1112 8.56478 -0.656269
-0.0545257 0.0157174 -0.00911545
99
1
-0.998567 8.53084 -0.63058
-0.0576429 0.0183077 -0.0167224
100
1
-0.88378 8.4945 -0.589344
-0.0579093 0.0198969 -0.0239802
101
1
-0.763654 8.45516 -0.534108
-0.0600826 0.0204955 -0.0294004
102
1
-0.639084 8.40509 -0.463384
-0.061431 0.0268165 -0.0396397
103
1
-0.499669 8.33938 -0.371932
-0.0567634 0.0286062 -0.0435475
104
1
-0.345378 8.2691 -0.203696
-0.039619 0.0179261 -0.0640109
105
1
-0.527599 6.68875 -0.0615101
-0.00189246 0.046743 0.00999352
106
1
-0.0482271 11.6938 -0.465087
-0.000775187 -0.023994 0.0741319
107
1
0.0482271 11.6938 -0.465087
-0.000775188 0.023994 -0.0741319
108
1
0.527598 6.68876 -0.0615048
-0.00189244 -0.0467427 -0.00999405
109
1
0.345378 8.2691 -0.203696
-0.039619 -0.0179261 0.0640109
110
1
0.499669 8.33938 -0.371932
-0.0567634 -0.0286062 0.0435475
111
1
0.639084 8.40509 -0.463384
-0.061431 -0.0268165 0.0396397
112
1
0.763654 8.45516 -0.534108
-0.0600826 -0.0204955 0.0294004
113
1
0.88378 8.4945 -0.589344
-0.0579093 -0.0198969 0.0239802
114
1
0.998567 8.53084 -0.63058
-0.0576429 -0.0183077 0.0167224
115
1
1.1112 8.56478 -0.656269
-0.0545257 -0.0157174 0.00911545
116
1
1.21927 8.59368 -0.668258
-0.0557369 -0.0143912 0.00442631
117
1
1.32039 8.61623 -0.670734
-0.048094 -0.00932089 -0.000486062
118
1
1.41471 8.63482 -0.666691
-0.0447929 -0.00824213 -0.00299647
119
1
1.50202 8.65214 -0.65704
-0.0434127 -0.00821905 -0.00714991
120
1
1.58581 8.66919 -0.641586
-0.0392891 -0.00756413 -0.0102559
121
1
1.66622 8.68541 -0.621666
-0.0387703 -0.00771618 -0.0107365
122
1
1.74362 8.70049 -0.600044
-0.0390589 -0.00815257 -0.0112777
123
1
1.8185 8.7147 -0.578528
-0.0348756 -0.00783559 -0.0105507
124
1
1.89016 8.728 -0.558722
-0.0330263 -0.00722513 -0.009637
125
1
1.95989 8.74035 -0.541436
-0.0345558 -0.00638799 -0.0091257
126
1
2.02924 8.75179 -0.526425
-0.03476 -0.00559944 -0.00803748
127
1
2.09747 8.7628 -0.513954
-0.0338562 -0.00538377 -0.00592974
128
1
2.16456 8.77399 -0.504636
-0.0333521 -0.00554121 -0.00423301
129
1
2.23022 8.78548 -0.498961
-0.0324745 -0.00527978 -0.00224166
130
1
2.29362 8.79709 -0.497101
-0.0318438 -0.00525796 0.000200121
131
1
2.3549 8.80911 -0.498781
-0.0308071 -0.00625464 0.00206644
132
1
2.41378 8.82204 -0.503504
-0.0280512 -0.00696416 0.00377488
133
1
2.46944 8.83635 -0.510091
-0.0259604 -0.00689184 0.005115
134
1
2.52309 8.85195 -0.517091
-0.0257774 -0.00793742 0.00476095
135
1
2.57546 8.86945 -0.523826
-0.0252229 -0.00943118 0.00420586
136
1
2.62585 8.88955 -0.52927
-0.0235464 -0.00981534 0.00479199
137
1
2.6737 8.91166 -0.532535
-0.0229648 -0.0113981 0.00332141
138
1
2.71924 8.93526 -0.532568
-0.0225175 -0.0136007 -7.38916e-005
139
1
2.76296 8.95964 -0.529513
-0.0206564 -0.0128986 -0.00125013
140
1
2.80566 8.98338 -0.522427
-0.0200167 -0.0118337 -0.00263155
141
1
2.84788 9.0062 -0.509658
-0.0208181 -0.0122761 -0.00816029
142
1
2.88996 9.02868 -0.491009
-0.0207657 -0.0126778 -0.012977
143
1
2.9319 9.05036 -0.467222
-0.0207706 -0.0114779 -0.0127777
144
1
2.97429 9.07045 -0.439665
-0.0219805 -0.00845614 -0.0149402
145
1
3.01753 9.08717 -0.408272
-0.0232506 -0.00628788 -0.0202284
146
1
3.05928 9.1007 -0.373946
-0.0224434 -0.00499953 -0.0207046
147
1
3.0987 9.11194 -0.337946
-0.019534 -0.00424783 -0.0177185
148
1
3.13556 9.12197 -0.299972
-0.0180684 -0.00457178 -0.0186523
149
1
3.16987 9.13172 -0.259764
-0.019321 -0.00520377 -0.0225712
150
1
3.20127 9.14137 -0.217317
-0.0188443 -0.00653576 -0.0244173
151
1
3.22833 9.15062 -0.173989
-0.0152561 -0.00677914 -0.0228327
152
1
3.24929 9.15828 -0.130571
-0.0109129 -0.0051329 -0.0218896
153
1
3.26299 9.16355 -0.0871861
-0.00612096 -0.00239929 -0.0220194
154
1
3.27111 9.1664 -0.0435623
-0.00163628 -0.000723126 -0.0219816
155
1
3.27417 9.16694 2.90971e-009
-3.59596e-011 7.11826e-011 -0.0219499
156
1
3.27111 9.1664 0.0435623
0.00163628 0.000723126 -0.0219816
157
1
3.26299 9.16355 0.0871861
0.00612096 0.00239929 -0.0220194
158
1
3.24929 9.15828 0.130571
0.0109129 0.0051329 -0.0218896
159
1
3.22833 9.15062 0.173989
0.0152561 0.00677914 -0.0228327
160
1
3.20127 9.14137 0.217317
0.0188443 0.00653576 -0.0244173
161
1
3.16987 9.13172 0.259764
0.019321 0.00520377 -0.0225712
162
1
3.13556 9.12197 0.299972
0.0180684 0.00457178 -0.0186523
163
1
3.0987 9.11194 0.337946
0.019534 0.00424783 -0.0177185
164
1
3.05928 9.1007 0.373946
0.0224434 0.00499953 -0.0207046
165
1
3.01753 9.08717 0.408272
0.0232506 0.00628788 -0.0202284
166
1
2.97429 9.07045 0.439665
0.0219805 0.00845614 -0.0149402
167
1
2.9319 9.05036 0.467222
0.0207706 0.0114779 -0.0127777
168
1
2.88996 9.02868 0.491009
0.0207657 0.0126779 -0.012977
169
1
2.84788 9.0062 0.509658
0.0208181 0.0122761 -0.00816029
170
1
2.80566 8.98338 0.522427
0.0200167 0.0118337 -0.00263155
171
1
2.76296 8.95964 0.529513
0.0206564 0.0128986 -0.00125013
172
1
2.71924 8.93526 0.532568
0.0225175 0.0136007 -7.38915e-005
173
1
2.6737 8.91166 0.532535
0.0229648 0.0113981 0.00332141
174
1
2.62585 8.88955 0.52927
0.0235464 0.00981534 0.00479199
175
1
2.57546 8.86945 0.523826
0.0252229 0.00943118 0.00420586
176
1
2.52309 8.85195 0.517091
0.0257774 0.00793742 0.00476095
177
1
2.46944 8.83635 0.510091
0.0259604 0.00689184 0.005115
178
1
2.41378 8.82204 0.503504
0.0280512 0.00696416 0.00377488
179
1
2.3549 8.80911 0.498781
0.0308071 0.00625464 0.00206644
180
1
2.29362 8.79709 0.497101
0.0318438 0.00525796 0.000200121
181
1
2.23022 8.78548 0.498961
0.0324745 0.00527978 -0.00224166
182
1
2.16456 8.77399 0.504636
0.0333521 0.00554121 -0.00423302
183
1
2.09747 8.7628 0.513954
0.0338562 0.00538377 -0.00592974
184
1
2.02924 8.75179 0.526425
0.03476 0.00559944 -0.00803748
185
1
1.95989 8.74035 0.541436
0.0345558 0.00638799 -0.0091257
186
1
1.89016 8.728 0.558722
0.0330263 0.00722513 -0.009637
187
1
1.8185 8.7147 0.578528
0.0348756 0.00783559 -0.0105507
188
1
1.74362 8.70049 0.600044
0.0390589 0.00815257 -0.0112777
189
1
1.66622 8.68541 0.621666
0.0387703 0.00771618 -0.0107365
190
1
1.58581 8.66919 0.641586
0.0392891 0.00756413 -0.0102559
191
1
1.50202 8.65214 0.65704
0.0434127 0.00821905 -0.00714991
192
1
1.41471 8.63482 0.666691
0.0447929 0.00824213 -0.00299647
193
1
1.32039 8.61623 0.670734
0.048094 0.00932089 -0.000486063
