194
0
1
0.923085 5.13544 0.847483
0.0316099 -0.015437 0.026446
1
1
0.864083 5.17053 0.792467
0.0288526 -0.0207337 0.0287803
2
1
0.810226 5.21607 0.729443
0.025381 -0.0281922 0.0314279
3
1
0.76406 5.27049 0.65862
0.0200118 -0.0314091 0.0364197
4
1
0.727954 5.33328 0.57638
0.0126209 -0.0353341 0.0432321
5
1
0.706914 5.40121 0.477694
0.00342082 -0.0350803 0.0563165
6
1
0.705107 5.47197 0.351972
-0.00850703 -0.0337624 0.0697107
7
1
0.727806 5.54076 0.174209
-0.0189809 -0.0213884 0.0724853
8
1
0.757457 5.79889 0.0708313
0.0141313 -0.0342072 -0.0204751
9
1
0.0678623 6.37592 0.116966
0.00992137 0.0369938 -0.0517497
10
1
-0.0678623 6.37592 0.116966
0.00992137 -0.0369938 0.0517497
11
1
-0.757457 5.79889 0.0708313
0.0141313 0.0342072 0.0204751
12
1
-0.727806 5.54076 0.174209
-0.0189809 0.0213884 -0.0724853
13
1
-0.705107 5.47197 0.351972
-0.00850703 0.0337624 -0.0697107
14
1
-0.706914 5.40121 0.477694
0.00342082 0.0350803 -0.0563165
15
1
-0.727954 5.33328 0.57638
0.0126209 0.0353341 -0.0432321
16
1
-0.76406 5.27049 0.65862
0.0200118 0.0314091 -0.0364197
17
1
-0.810226 5.21607 0.729443
0.025381 0.0281922 -0.0314279
18
1
-0.864083 5.17053 0.792467
0.0288526 0.0207337 -0.0287803
19
1
-0.923085 5.13544 0.847483
0.0316099 0.015437 -0.026446
20
1
-0.985293 5.10956 0.894249
0.0326067 0.0102719 -0.0215913
21
1
-1.04876 5.09092 0.933257
0.0316734 0.006285 -0.017718
22
1
-1.11263 5.07705 0.964589
0.0327595 0.00488117 -0.013942
23
1
-1.17753 5.06568 0.988949
0.0319857 0.00375098 -0.00980742
24
1
-1.24271 5.05641 1.00701
0.0323269 0.00313758 -0.00726618
25
1
-1.30775 5.04874 1.02024
0.0328573 0.00358688 -0.00517196
26
1
-1.37219 5.042 1.03022
0.0311741 0.00359396 -0.00399321
27
1
-1.43536 5.03556 1.0376
0.0307848 0.00374047 -0.0030669
28
1
-1.49748 5.02941 1.0432
0.0312916 0.00384098 -0.00225861
29
1
-1.55896 5.02427 1.04726
0.0303705 0.00266065 -0.00160267
30
1
-1.61962 5.02027 1.05013
0.0297581 0.00159919 -0.00123968
31
1
-1.67955 5.01698 1.05216
0.0300145 0.00139008 -0.00112301
32
1
-1.73879 5.01436 1.05223
0.0296214 0.000802028 -8.68735e-005
33
1
-1.79706 5.01257 1.04884
0.0287657 -0.000319424 0.00216156
34
1
-1.854 5.01213 1.0414
0.0283068 -0.00125146 0.00391077
35
1
-1.90942 5.0136 1.03047
0.0273908 -0.00214527 0.00522533
36
1
-1.96316 5.01756 1.01629
0.025746 -0.00307063 0.00707554
37
1
-2.0157 5.02368 0.998885
0.0249228 -0.00355843 0.00905145
38
1
-2.06818 5.03078 0.978471
0.0255818 -0.0036585 0.0108725
39
1
-2.12108 5.03799 0.955214
0.0263234 -0.0036491 0.0127414
40
1
-2.17359 5.04484 0.928824
0.0261794 -0.00339547 0.0147887
41
1
-2.22494 5.05118 0.899322
0.0257756 -0.00312049 0.0163377
42
1
-2.27493 5.05751 0.866864
0.0253739 -0.00320398 0.0171382
43
1
-2.32398 5.06394 0.83194
0.0247928 -0.00329183 0.0182489
44
1
-2.37209 5.07077 0.79406
0.0240724 -0.00330012 0.0202731
45
1
-2.41919 5.07779 0.752291
0.0234946 -0.00347105 0.0225652
46
1
-2.46506 5.08422 0.706501
0.0228144 -0.00297646 0.0247747
47
1
-2.50885 5.08869 0.656857
0.0216482 -0.00144417 0.0271696
48
1
-2.54965 5.09098 0.603694
0.0203088 -0.000467906 0.0290957
49
1
-2.58695 5.09252 0.547861
0.0188483 -0.000617051 0.030244
50
1
-2.6203 5.09432 0.490219
0.0166909 -0.0011861 0.0307801
51
1
-2.64929 5.09708 0.431163
0.0140913 -0.00176353 0.0312561
52
1
-2.67437 5.10075 0.370833
0.0120917 -0.00217084 0.0314674
53
1
-2.69588 5.10503 0.30961
0.0107225 -0.00267131 0.0314152
54
1
-2.71378 5.10996 0.248014
0.00897741 -0.00332794 0.0315259
55
1
-2.72745 5.11522 0.186209
0.00651475 -0.00354092 0.0318624
56
1
-2.73669 5.1203 0.124326
0.00382383 -0.00271859 0.0319349
57
1
-2.74192 5.12395 0.0622342
0.00157203 -0.00134631 0.0316088
58
1
-2.74346 5.12534 4.51135e-016
-7.12863e-016 8.02805e-016 0.0313699
59
1
-2.74192 5.12395 -0.0622342
-0.00157203 0.00134631 0.0316088
60
1
-2.73669 5.1203 -0.124326
-0.00382383 0.00271859 0.0319349
61
1
-2.72745 5.11522 -0.186209
-0.00651475 0.00354092 0.0318624
62
1
-2.71378 5.10996 -0.248014
-0.00897741 0.00332794 0.0315259
63
1
-2.69588 5.10503 -0.30961
-0.0107225 0.00267131 0.0314152
64
1
-2.67437 5.10075 -0.370833
-0.0120917 0.00217084 0.0314674
65
1
-2.64929 5.09708 -0.431163
-0.0140913 0.00176353 0.0312561
66
1
-2.6203 5.09432 -0.490219
-0.0166909 0.0011861 0.0307801
67
1
-2.58695 5.09252 -0.547861
-0.0188483 0.000617051 0.030244
68
1
-2.54965 5.09098 -0.603694
-0.0203088 0.000467906 0.0290957
69
1
-2.50885 5.08869 -0.656857
-0.0216482 0.00144417 0.0271696
70
1
-2.46506 5.08422 -0.706501
-0.0228144 0.00297646 0.0247747
71
1
-2.41919 5.07779 -0.752291
-0.0234946 0.00347105 0.0225652
72
1
-2.37209 5.07077 -0.79406
-0.0240724 0.00330012 0.0202731
73
1
-2.32398 5.06394 -0.83194
-0.0247928 0.00329183 0.0182489
74
1
-2.27493 5.05751 -0.866864
-0.0253739 0.00320398 0.0171382
75
1
-2.22494 5.05118 -0.899322
-0.0257756 0.00312049 0.0163377
76
1
-2.17359 5.04484 -0.928824
-0.0261794 0.00339547 0.0147887
77
1
-2.12108 5.03799 -0.955214
-0.0263234 0.0036491 0.0127414
78
1
-2.06818 5.03078 -0.978471
-0.0255818 0.0036585 0.0108725
79
1
-2.0157 5.02368 -0.998885
-0.0249228 0.00355843 0.00905145
80
1
-1.96316 5.01756 -1.01629
-0.025746 0.00307063 0.00707554
81
1
-1.90942 5.0136 -1.03047
-0.0273908 0.00214527 0.00522533
82
1
-1.854 5.01213 -1.0414
-0.0283068 0.00125146 0.00391077
83
1
-1.79706 5.01257 -1.04884
-0.0287657 0.000319424 0.00216156
84
1
-1.73879 5.01436 -1.05223
-0.0296214 -0.000802028 -8.68735e-005
85
1
-1.67955 5.01698 -1.05216
-0.0300145 -0.00139008 -0.00112301
86
1
-1.61962 5.02027 -1.05013
-0.0297581 -0.00159919 -0.00123968
87
1
-1.55896 5.02427 -1.04726
-0.0303705 -0.00266065 -0.00160267
88
1
-1.49748 5.02941 -1.0432
-0.0312916 -0.00384098 -0.00225861
89
1
-1.43536 5.03556 -1.0376
-0.0307848 -0.00374047 -0.0030669
90
1
-1.37219 5.042 -1.03022
-0.0311741 -0.00359396 -0.00399321
91
1
-1.30775 5.04874 -1.02024
-0.0328573 -0.00358688 -0.00517196
92
1
-1.24271 5.05641 -1.00701
-0.0323269 -0.00313758 -0.00726618
93
1
-1.17753 5.06568 -0.988949
-0.0319857 -0.00375098 -0.00980742
94
1
-1.11263 5.07705 -0.964589
-0.0327595 -0.00488117 -0.013942
95
1
-1.04876 5.09092 -0.933257
-0.0316734 -0.006285 -0.017718
96
1
-0.985293 5.10956 -0.894249
-0.0326067 -0.0102719 -0.0215913
97
1
-0.923085 5.13544 -0.847483
-0.0316099 -0.015437 -0.026446
98
1
-0.864083 5.17053 -0.792467
-0.0288526 -0.0207337 -0.0287803
99
1
-0.810226 5.21607 -0.729443
-0.025381 -0.0281922 -0.0314279
100
1
-0.76406 5.27049 -0.65862
-0.0200118 -0.0314091 -0.0364197
101
1
-0.727954 5.33328 -0.57638
-0.0126209 -0.0353341 -0.0432321
102
1
-0.706914 5.40121 -0.477694
-0.00342082 -0.0350803 -0.0563165
103
1
-0.705107 5.47197 -0.351972
0.00850703 -0.0337624 -0.0697107
104
1
-0.727806 5.54076 -0.174209
0.0189809 -0.0213884 -0.0724853
105
1
-0.757457 5.79889 -0.0708313
-0.0141313 -0.0342072 0.0204751
106
1
-0.0678623 6.37592 -0.116966
-0.00992137 0.0369938 0.0517497
107
1
0.0678623 6.37592 -0.116966
-0.00992137 -0.0369938 -0.0517497
108
1
0.757457 5.79889 -0.0708313
-0.0141313 0.0342072 -0.0204751
109
1
0.727806 5.54076 -0.174209
0.0189809 0.0213884 0.0724853
110
1
0.705107 5.47197 -0.351972
0.00850703 0.0337624 0.0697107
111
1
0.706914 5.40121 -0.477694
-0.00342082 0.0350803 0.0563165
112
1
0.727954 5.33328 -0.57638
-0.0126209 0.0353341 0.0432321
113
1
0.76406 5.27049 -0.65862
-0.0200118 0.0314091 0.0364197
114
1
0.810226 5.21607 -0.729443
-0.025381 0.0281922 0.0314279
115
1
0.864083 5.17053 -0.792467
-0.0288526 0.0207337 0.0287803
116
1
0.923085 5.13544 -0.847483
-0.0316099 0.015437 0.026446
117
1
0.985293 5.10956 -0.894249
-0.0326067 0.0102719 0.0215913
118
1
1.04876 5.09092 -0.933257
-0.0316734 0.006285 0.017718
119
1
1.11263 5.07705 -0.964589
-0.0327595 0.00488117 0.013942
120
1
1.17753 5.06568 -0.988949
-0.0319857 0.00375098 0.00980742
121
1
1.24271 5.05641 -1.00701
-0.0323269 0.00313758 0.00726618
122
1
1.30775 5.04874 -1.02024
-0.0328573 0.00358688 0.00517196
123
1
1.37219 5.042 -1.03022
-0.0311741 0.00359396 0.00399321
124
1
1.43536 5.03556 -1.0376
-0.0307848 0.00374047 0.0030669
125
1
1.49748 5.02941 -1.0432
-0.0312916 0.00384098 0.00225861
126
1
1.55896 5.02427 -1.04726
-0.0303705 0.00266065 0.00160267
127
1
1.61962 5.02027 -1.05013
-0.0297581 0.00159919 0.00123968
128
1
1.67955 5.01698 -1.05216
-0.0300145 0.00139008 0.00112301
129
1
1.73879 5.01436 -1.05223
-0.0296214 0.000802028 8.68735e-005
130
1
1.79706 5.01257 -1.04884
-0.0287657 -0.000319424 -0.00216156
131
1
1.854 5.01213 -1.0414
-0.0283068 -0.00125146 -0.00391077
132
1
1.90942 5.0136 -1.03047
-0.0273908 -0.00214527 -0.00522533
133
1
1.96316 5.01756 -1.01629
-0.025746 -0.00307063 -0.00707554
134
1
2.0157 5.02368 -0.998885
-0.0249228 -0.00355843 -0.00905145
135
1
2.06818 5.03078 -0.978471
-0.0255818 -0.0036585 -0.0108725
136
1
2.12108 5.03799 -0.955214
-0.0263234 -0.0036491 -0.0127414
137
1
2.17359 5.04484 -0.928824
-0.0261794 -0.00339547 -0.0147887
138
1
2.22494 5.05118 -0.899322
-0.0257756 -0.00312049 -0.0163377
139
1
2.27493 5.05751 -0.866864
-0.0253739 -0.00320398 -0.0171382
140
1
2.32398 5.06394 -0.83194
-0.0247928 -0.00329183 -0.0182489
141
1
2.37209 5.07077 -0.79406
-0.0240724 -0.00330012 -0.0202731
142
1
2.41919 5.07779 -0.752291
-0.0234946 -0.00347105 -0.0225652
143
1
2.46506 5.08422 -0.706501
-0.0228144 -0.00297646 -0.0247747
144
1
2.50885 5.08869 -0.656857
-0.0216482 -0.00144417 -0.0271696
145
1
2.54965 5.09098 -0.603694
-0.0203088 -0.000467906 -0.0290957
146
1
2.58695 5.09252 -0.547861
-0.0188483 -0.000617051 -0.030244
147
1
2.6203 5.09432 -0.490219
-0.0166909 -0.0011861 -0.0307801
148
1
2.64929 5.09708 -0.431163
-0.0140913 -0.00176353 -0.0312561
149
1
2.67437 5.10075 -0.370833
-0.0120917 -0.00217084 -0.0314674
150
1
2.69588 5.10503 -0.30961
-0.0107225 -0.00267131 -0.0314152
151
1
2.71378 5.10996 -0.248014
-0.00897741 -0.00332794 -0.0315259
152
1
2.72745 5.11522 -0.186209
-0.00651475 -0.00354092 -0.0318624
153
1
2.73669 5.1203 -0.124326
-0.00382383 -0.00271859 -0.0319349
154
1
2.74192 5.12395 -0.0622342
-0.00157203 -0.00134631 -0.0316088
155
1
2.74346 5.12534 -4.60108e-015
-5.82435e-016 2.33249e-017 -0.0313699
156
1
2.74192 5.12395 0.0622342
0.00157203 0.00134631 -0.0316088
157
1
2.73669 5.1203 0.124326
0.00382383 0.00271859 -0.0319349
158
1
2.72745 5.11522 0.186209
0.00651475 0.00354092 -0.0318624
159
1
2.71378 5.10996 0.248014
0.00897741 0.00332794 -0.0315259
160
1
2.69588 5.10503 0.30961
0.0107225 0.00267131 -0.0314152
161
1
2.67437 5.10075 0.370833
0.0120917 0.00217084 -0.0314674
162
1
2.64929 5.09708 0.431163
0.0140913 0.00176353 -0.0312561
163
1
2.6203 5.09432 0.490219
0.0166909 0.0011861 -0.0307801
164
1
2.58695 5.09252 0.547861
0.0188483 0.000617051 -0.030244
165
1
2.54965 5.09098 0.603694
0.0203088 0.000467906 -0.0290957
166
1
2.50885 5.08869 0.656857
0.0216482 0.00144417 -0.0271696
167
1
2.46506 5.08422 0.706501
0.0228144 0.00297646 -0.0247747
168
1
2.41919 5.07779 0.752291
0.0234946 0.00347105 -0.0225652
169
1
2.37209 5.07077 0.79406
0.0240724 0.00330012 -0.0202731
170
1
2.32398 5.06394 0.83194
0.0247928 0.00329183 -0.0182489
171
1
2.27493 5.05751 0.866864
0.0253739 0.00320398 -0.0171382
172
1
2.22494 5.05118 0.899322
0.0257756 0.00312049 -0.0163377
173
1
2.17359 5.04484 0.928824
0.0261794 0.00339547 -0.0147887
174
1
2.12108 5.03799 0.955214
0.0263234 0.0036491 -0.0127414
175
1
2.06818 5.03078 0.978471
0.0255818 0.0036585 -0.0108725
176
1
2.0157 5.02368 0.998885
0.0249228 0.00355843 -0.00905145
177
1
1.96316 5.01756 1.01629
0.025746 0.00307063 -0.00707554
178
1
1.90942 5.0136 1.03047
0.0273908 0.00214527 -0.00522533
179
1
1.854 5.01213 1.0414
0.0283068 0.00125146 -0.00391077
180
1
1.79706 5.01257 1.04884
0.0287657 0.000319424 -0.00216156
181
1
1.73879 5.01436 1.05223
0.0296214 -0.000802028 8.68735e-005
182
1
1.67955 5.01698 1.05216
0.0300145 -0.00139008 0.00112301
183
1
1.61962 5.02027 1.05013
0.0297581 -0.00159919 0.00123968
184
1
1.55896 5.02427 1.04726
0.0303705 -0.00266065 0.00160267
185
1
1.49748 5.02941 1.0432
0.0312916 -0.00384098 0.00225861
186
1
1.43536 5.03556 1.0376
0.0307848 -0.00374047 0.0030669
187
1
1.37219 5.042 1.03022
0.0311741 -0.00359396 0.00399321
188
1
1.30775 5.04874 1.02024
0.0328573 -0.00358688 0.00517196
189
1
1.24271 5.05641 1.00701
0.0323269 -0.00313758 0.00726618
190
1
1.17753 5.06568 0.988949
0.0319857 -0.00375098 0.00980742
191
1
1.11263 5.07705 0.964589
0.0327595 -0.00488117 0.013942
192
1
1.04876 5.09092 0.933257
0.0316734 -0.006285 0.017718
193
1
0.985293 5.10956 0.894249
0.0326067 -0.0102719 0.0215913
