194
0
1
0.751752 9.78144 0.718588
-2.32621e-005 0.0441202 0.0106364
1
1
0.746076 9.70131 0.696333
-0.00343533 0.038266 0.00786078
2
1
0.732342 9.61633 0.679412
0.00652668 0.0434677 0.00471309
3
1
0.696896 9.52723 0.667153
0.0214371 0.0509373 0.00183776
4
1
0.641109 9.44644 0.655987
0.0331705 0.0352298 0.00723141
5
1
0.558268 9.38157 0.641381
0.0484669 0.0214679 0.0114642
6
1
0.430589 9.34415 0.627427
0.0690116 0.00335577 0.0033582
7
1
0.218578 9.3397 0.651839
0.0678104 -0.0137475 -0.0247212
8
1
0.695859 6.77979 0.056548
0.0247565 0.0417888 -0.00923822
9
1
1.22926 12.8786 0.0566124
-0.0654123 -0.00772425 0.00776668
10
1
-1.22926 12.8786 0.0566144
-0.0654124 0.0077242 -0.00776643
11
1
-0.695871 6.77983 0.0562487
0.0247496 -0.0417826 0.0092733
12
1
-0.218578 9.3397 0.651839
0.0678104 0.0137475 0.0247212
13
1
-0.430589 9.34415 0.627427
0.0690116 -0.00335578 -0.00335819
14
1
-0.558268 9.38157 0.641381
0.0484669 -0.0214679 -0.0114642
15
1
-0.641109 9.44644 0.655987
0.0331705 -0.0352298 -0.00723141
16
1
-0.696897 9.52723 0.667153
0.0214371 -0.0509373 -0.00183775
17
1
-0.732342 9.61633 0.679412
0.00652669 -0.0434677 -0.00471308
18
1
-0.746076 9.70131 0.696333
-0.00343533 -0.038266 -0.00786077
19
1
-0.751752 9.78144 0.718588
-2.32656e-005 -0.0441202 -0.0106364
20
1
-0.758757 9.85356 0.747486
0.00378413 -0.0340333 -0.0185726
21
1
-0.769476 9.91474 0.783964
0.00640721 -0.021694 -0.0227663
22
1
-0.783493 9.96589 0.826376
0.00804001 -0.0215819 -0.0251336
23
1
-0.80151 10.0114 0.872358
0.0092944 -0.0201966 -0.0238903
24
1
-0.822829 10.0527 0.917085
0.0112273 -0.0174188 -0.0233841
25
1
-0.84488 10.0915 0.95792
0.0108604 -0.0176649 -0.0217314
26
1
-0.866119 10.1302 0.992954
0.00918613 -0.0167932 -0.0166757
27
1
-0.887105 10.1687 1.02195
0.00975028 -0.0164745 -0.013946
28
1
-0.909197 10.2077 1.04612
0.0114719 -0.0181472 -0.0127642
29
1
-0.934271 10.2478 1.06544
0.0123814 -0.0209547 -0.00822453
30
1
-0.961705 10.2885 1.07809
0.0132212 -0.0217911 -0.00356602
31
1
-0.990585 10.3301 1.08356
0.0147338 -0.0216434 0.000879969
32
1
-1.02067 10.372 1.08335
0.0161613 -0.0209818 0.00355786
33
1
-1.05223 10.4129 1.07869
0.0178129 -0.0192085 0.00390975
34
1
-1.08555 10.4519 1.07046
0.0200171 -0.0186244 0.0061412
35
1
-1.12014 10.4895 1.05777
0.018265 -0.0187704 0.00859748
36
1
-1.15421 10.5257 1.04244
0.0152178 -0.0174327 0.00777476
37
1
-1.18743 10.5608 1.0248
0.0170215 -0.0170662 0.00856119
38
1
-1.22103 10.596 1.00546
0.0179532 -0.0174044 0.0107967
39
1
-1.25456 10.6309 0.984834
0.0141675 -0.0162813 0.0100945
40
1
-1.28626 10.6645 0.962123
0.0139527 -0.0169599 0.0103636
41
1
-1.31544 10.6971 0.936193
0.0159552 -0.0175627 0.0136962
42
1
-1.34302 10.7286 0.907153
0.013429 -0.0144622 0.0157868
43
1
-1.36844 10.7584 0.874858
0.0105827 -0.0125288 0.0158879
44
1
-1.39261 10.7863 0.838199
0.011257 -0.0138178 0.0192213
45
1
-1.41665 10.8123 0.795765
0.0126579 -0.0146349 0.0258512
46
1
-1.4415 10.8361 0.748419
0.0122041 -0.010953 0.025836
47
1
-1.46797 10.855 0.698018
0.0137054 -0.00704836 0.0245112
48
1
-1.49614 10.8697 0.644201
0.0172906 -0.00539869 0.0302417
49
1
-1.52403 10.8806 0.588734
0.0156308 -0.00452332 0.0309839
50
1
-1.55007 10.8889 0.531854
0.0124639 -0.0025801 0.0283666
51
1
-1.57428 10.8949 0.471498
0.0127442 -0.0013809 0.0318072
52
1
-1.59527 10.8985 0.408137
0.0115523 -0.00161396 0.035431
53
1
-1.61209 10.9005 0.341454
0.00784635 -0.000323635 0.0389316
54
1
-1.62487 10.9013 0.272746
0.00579859 0.000453403 0.0398398
55
1
-1.63421 10.9015 0.203538
0.00331143 -0.000300494 0.0379123
56
1
-1.64029 10.9008 0.13527
0.00191288 0.000323052 0.0357343
57
1
-1.64361 10.8999 0.0666771
0.000351078 0.00135353 0.0342136
58
1
-1.64446 10.8997 -7.16699e-008
1.48649e-009 1.44769e-009 0.0337046
59
1
-1.64361 10.8999 -0.0666773
-0.000351075 -0.00135353 0.0342136
60
1
-1.64029 10.9008 -0.135271
-0.00191288 -0.000323049 0.0357343
61
1
-1.63421 10.9015 -0.203538
-0.00331143 0.000300497 0.0379123
62
1
-1.62487 10.9013 -0.272746
-0.00579859 -0.0004534 0.0398398
63
1
-1.61209 10.9005 -0.341454
-0.00784634 0.000323638 0.0389316
64
1
-1.59527 10.8985 -0.408137
-0.0115523 0.00161396 0.035431
65
1
-1.57428 10.8949 -0.471498
-0.0127442 0.0013809 0.0318072
66
1
-1.55007 10.8889 -0.531854
-0.0124639 0.0025801 0.0283666
67
1
-1.52403 10.8806 -0.588734
-0.0156308 0.00452332 0.0309839
68
1
-1.49614 10.8697 -0.644201
-0.0172906 0.00539869 0.0302417
69
1
-1.46797 10.855 -0.698018
-0.0137054 0.00704836 0.0245112
70
1
-1.4415 10.8361 -0.74842
-0.0122041 0.010953 0.025836
71
1
-1.41665 10.8123 -0.795766
-0.0126579 0.0146349 0.0258512
72
1
-1.39261 10.7863 -0.8382
-0.011257 0.0138178 0.0192213
73
1
-1.36844 10.7584 -0.874858
-0.0105827 0.0125288 0.0158879
74
1
-1.34302 10.7286 -0.907153
-0.013429 0.0144622 0.0157868
75
1
-1.31544 10.6971 -0.936193
-0.0159552 0.0175627 0.0136962
76
1
-1.28626 10.6645 -0.962124
-0.0139527 0.0169599 0.0103636
77
1
-1.25456 10.6309 -0.984834
-0.0141675 0.0162813 0.0100945
78
1
-1.22103 10.596 -1.00546
-0.0179532 0.0174044 0.0107967
79
1
-1.18743 10.5608 -1.0248
-0.0170215 0.0170662 0.00856119
80
1
-1.15421 10.5257 -1.04244
-0.0152178 0.0174327 0.00777476
81
1
-1.12014 10.4895 -1.05777
-0.018265 0.0187704 0.00859748
82
1
-1.08555 10.4519 -1.07046
-0.0200171 0.0186244 0.0061412
83
1
-1.05223 10.4129 -1.07869
-0.0178129 0.0192085 0.00390975
84
1
-1.02067 10.372 -1.08335
-0.0161613 0.0209818 0.00355786
85
1
-0.990585 10.3301 -1.08356
-0.0147338 0.0216434 0.00087997
86
1
-0.961705 10.2885 -1.07809
-0.0132212 0.0217911 -0.00356602
87
1
-0.934271 10.2478 -1.06544
-0.0123814 0.0209547 -0.00822453
88
1
-0.909197 10.2077 -1.04612
-0.0114719 0.0181472 -0.0127642
89
1
-0.887105 10.1687 -1.02195
-0.00975029 0.0164745 -0.013946
90
1
-0.866119 10.1302 -0.992954
-0.00918614 0.0167932 -0.0166757
91
1
-0.84488 10.0915 -0.95792
-0.0108604 0.0176649 -0.0217314
92
1
-0.822829 10.0527 -0.917086
-0.0112273 0.0174188 -0.0233841
93
1
-0.80151 10.0114 -0.872358
-0.00929441 0.0201966 -0.0238903
94
1
-0.783493 9.96589 -0.826376
-0.00804002 0.0215819 -0.0251336
95
1
-0.769476 9.91474 -0.783964
-0.00640722 0.021694 -0.0227663
96
1
-0.758757 9.85356 -0.747487
-0.00378414 0.0340333 -0.0185726
97
1
-0.751752 9.78144 -0.718588
2.32615e-005 0.0441202 -0.0106364
98
1
-0.746076 9.70131 -0.696333
0.00343533 0.038266 -0.00786078
99
1
-0.732342 9.61633 -0.679412
-0.00652668 0.0434677 -0.00471309
100
1
-0.696896 9.52723 -0.667153
-0.0214371 0.0509373 -0.00183776
101
1
-0.641109 9.44644 -0.655987
-0.0331705 0.0352298 -0.00723141
102
1
-0.558268 9.38157 -0.641381
-0.0484669 0.0214679 -0.0114642
103
1
-0.430589 9.34415 -0.627427
-0.0690116 0.00335577 -0.0033582
104
1
-0.218578 9.3397 -0.651839
-0.0678104 -0.0137475 0.0247212
105
1
-0.69586 6.77979 -0.0565438
-0.0247564 0.0417887 0.00923866
106
1
-1.22926 12.8786 -0.0566124
0.0654123 -0.00772425 -0.00776668
107
1
1.22926 12.8786 -0.0566145
0.0654124 0.0077242 0.00776643
108
1
0.695872 6.77983 -0.0562445
-0.0247495 -0.0417824 -0.00927373
109
1
0.218578 9.3397 -0.651839
-0.0678104 0.0137475 -0.0247212
110
1
0.430589 9.34415 -0.627427
-0.0690116 -0.00335578 0.00335819
111
1
0.558268 9.38157 -0.641381
-0.0484669 -0.0214679 0.0114642
112
1
0.641109 9.44644 -0.655987
-0.0331705 -0.0352298 0.00723141
113
1
0.696897 9.52723 -0.667153
-0.0214371 -0.0509373 0.00183775
114
1
0.732342 9.61633 -0.679412
-0.00652669 -0.0434677 0.00471308
115
1
0.746076 9.70131 -0.696333
0.00343533 -0.038266 0.00786077
116
1
0.751752 9.78144 -0.718588
2.32651e-005 -0.0441202 0.0106364
117
1
0.758757 9.85356 -0.747486
-0.00378413 -0.0340333 0.0185726
118
1
0.769476 9.91474 -0.783964
-0.00640721 -0.021694 0.0227663
119
1
0.783493 9.96589 -0.826376
-0.00804001 -0.0215819 0.0251336
120
1
0.80151 10.0114 -0.872358
-0.0092944 -0.0201966 0.0238903
121
1
0.822829 10.0527 -0.917085
-0.0112273 -0.0174188 0.0233841
122
1
0.84488 10.0915 -0.95792
-0.0108604 -0.0176649 0.0217314
123
1
0.866119 10.1302 -0.992954
-0.00918613 -0.0167932 0.0166757
124
1
0.887105 10.1687 -1.02195
-0.00975028 -0.0164745 0.013946
125
1
0.909197 10.2077 -1.04612
-0.0114719 -0.0181472 0.0127642
126
1
0.934271 10.2478 -1.06544
-0.0123814 -0.0209547 0.00822453
127
1
0.961705 10.2885 -1.07809
-0.0132212 -0.0217911 0.00356602
128
1
0.990585 10.3301 -1.08356
-0.0147338 -0.0216434 -0.000879969
129
1
1.02067 10.372 -1.08335
-0.0161613 -0.0209818 -0.00355786
130
1
1.05223 10.4129 -1.07869
-0.0178129 -0.0192085 -0.00390975
131
1
1.08555 10.4519 -1.07046
-0.0200171 -0.0186244 -0.0061412
132
1
1.12014 10.4895 -1.05777
-0.018265 -0.0187704 -0.00859748
133
1
1.15421 10.5257 -1.04244
-0.0152178 -0.0174327 -0.00777476
134
1
1.18743 10.5608 -1.0248
-0.0170215 -0.0170662 -0.00856119
135
1
1.22103 10.596 -1.00546
-0.0179532 -0.0174044 -0.0107967
136
1
1.25456 10.6309 -0.984834
-0.0141675 -0.0162813 -0.0100945
137
1
1.28626 10.6645 -0.962123
-0.0139527 -0.0169599 -0.0103636
138
1
1.31544 10.6971 -0.936193
-0.0159552 -0.0175627 -0.0136962
139
1
1.34302 10.7286 -0.907153
-0.013429 -0.0144622 -0.0157868
140
1
1.36844 10.7584 -0.874858
-0.0105827 -0.0125288 -0.0158879
141
1
1.39261 10.7863 -0.838199
-0.011257 -0.0138178 -0.0192213
142
1
1.41665 10.8123 -0.795765
-0.0126579 -0.0146349 -0.0258512
143
1
1.4415 10.8361 -0.748419
-0.0122041 -0.010953 -0.025836
144
1
1.46797 10.855 -0.698018
-0.0137054 -0.00704836 -0.0245112
145
1
1.49614 10.8697 -0.644201
-0.0172906 -0.00539869 -0.0302417
146
1
1.52403 10.8806 -0.588734
-0.0156308 -0.00452331 -0.0309839
147
1
1.55007 10.8889 -0.531854
-0.0124639 -0.0025801 -0.0283666
148
1
1.57428 10.8949 -0.471498
-0.0127442 -0.0013809 -0.0318072
149
1
1.59527 10.8985 -0.408137
-0.0115523 -0.00161396 -0.035431
150
1
1.61209 10.9005 -0.341454
-0.00784635 -0.000323635 -0.0389316
151
1
1.62487 10.9013 -0.272746
-0.00579859 0.000453403 -0.0398398
152
1
1.63421 10.9015 -0.203537
-0.00331143 -0.000300494 -0.0379123
153
1
1.64029 10.9008 -0.13527
-0.00191288 0.000323052 -0.0357343
154
1
1.64361 10.8999 -0.0666771
-0.000351078 0.00135353 -0.0342136
155
1
1.64446 10.8997 7.90767e-008
-1.31186e-009 1.5315e-009 -0.0337046
156
1
1.64361 10.8999 0.0666773
0.000351075 -0.00135353 -0.0342136
157
1
1.64029 10.9008 0.135271
0.00191288 -0.000323049 -0.0357343
158
1
1.63421 10.9015 0.203538
0.00331143 0.000300497 -0.0379123
159
1
1.62487 10.9013 0.272746
0.00579859 -0.0004534 -0.0398398
160
1
1.61209 10.9005 0.341454
0.00784634 0.000323638 -0.0389316
161
1
1.59527 10.8985 0.408137
0.0115523 0.00161396 -0.035431
162
1
1.57428 10.8949 0.471498
0.0127442 0.0013809 -0.0318072
163
1
1.55007 10.8889 0.531854
0.0124639 0.0025801 -0.0283666
164
1
1.52403 10.8806 0.588734
0.0156308 0.00452332 -0.0309839
165
1
1.49614 10.8697 0.644201
0.0172906 0.00539869 -0.0302417
166
1
1.46797 10.855 0.698018
0.0137054 0.00704836 -0.0245112
167
1
1.4415 10.8361 0.74842
0.0122041 0.010953 -0.025836
168
1
1.41665 10.8123 0.795766
0.0126579 0.0146349 -0.0258512
169
1
1.39261 10.7863 0.8382
0.011257 0.0138178 -0.0192213
170
1
1.36844 10.7584 0.874858
0.0105827 0.0125288 -0.0158879
171
1
1.34302 10.7286 0.907154
0.013429 0.0144622 -0.0157868
172
1
1.31544 10.6971 0.936193
0.0159552 0.0175627 -0.0136962
173
1
1.28626 10.6645 0.962124
0.0139527 0.0169599 -0.0103636
174
1
1.25456 10.6309 0.984834
0.0141675 0.0162813 -0.0100945
175
1
1.22103 10.596 1.00546
0.0179532 0.0174044 -0.0107967
176
1
1.18743 10.5608 1.0248
0.0170215 0.0170662 -0.00856119
177
1
1.15421 10.5257 1.04244
0.0152178 0.0174327 -0.00777476
178
1
1.12014 10.4895 1.05777
0.018265 0.0187704 -0.00859748
179
1
1.08555 10.4519 1.07046
0.0200171 0.0186244 -0.0061412
180
1
1.05223 10.4129 1.07869
0.0178129 0.0192085 -0.00390975
181
1
1.02067 10.372 1.08335
0.0161613 0.0209818 -0.00355786
182
1
0.990585 10.3301 1.08356
0.0147338 0.0216434 -0.00087997
183
1
0.961705 10.2885 1.07809
0.0132212 0.0217911 0.00356602
184
1
0.934271 10.2478 1.06544
0.0123814 0.0209547 0.00822453
185
1
0.909197 10.2077 1.04612
0.0114719 0.0181472 0.0127642
186
1
0.887105 10.1687 1.02195
0.00975029 0.0164745 0.013946
187
1
0.866119 10.1302 0.992954
0.00918614 0.0167932 0.0166757
188
1
0.84488 10.0915 0.95792
0.0108604 0.0176649 0.0217314
189
1
0.822829 10.0527 0.917086
0.0112273 0.0174188 0.0233841
190
1
0.80151 10.0114 0.872358
0.00929441 0.0201966 0.0238903
191
1
0.783493 9.96589 0.826376
0.00804002 0.0215819 0.0251336
192
1
0.769476 9.91474 0.783964
0.00640722 0.021694 0.0227663
193
1
0.758757 9.85356 0.747487
0.00378414 0.0340333 0.0185726
