194
0
1
0.950906 3.58509 0.77447
0.0330287 -0.0276954 -0.0203698
1
1
0.881909 3.63698 0.813355
0.037681 -0.0249128 -0.0203844
2
1
0.803365 3.68468 0.852159
0.0420177 -0.0221636 -0.0193482
3
1
0.715774 3.72749 0.88929
0.0468264 -0.0191426 -0.0181954
4
1
0.619924 3.76476 0.923891
0.0498413 -0.0164869 -0.0163525
5
1
0.516974 3.79653 0.954493
0.0527857 -0.0140888 -0.013593
6
1
0.408308 3.82277 0.980501
0.0554724 -0.0117628 -0.0114471
7
1
0.29506 3.84295 1.00126
0.0575342 -0.00835183 -0.00882217
8
1
0.178352 3.856 1.01556
0.0589349 -0.00436454 -0.00562578
9
1
0.0596714 3.86247 1.0228
0.0596675 -0.00146749 -0.00186924
10
1
-0.0596714 3.86247 1.0228
0.0596675 0.00146749 0.00186924
11
1
-0.178352 3.856 1.01556
0.0589349 0.00436454 0.00562578
12
1
-0.29506 3.84295 1.00126
0.0575342 0.00835183 0.00882217
13
1
-0.408308 3.82277 0.980501
0.0554724 0.0117628 0.0114471
14
1
-0.516974 3.79653 0.954493
0.0527857 0.0140888 0.013593
15
1
-0.619924 3.76476 0.923891
0.0498413 0.0164869 0.0163525
16
1
-0.715774 3.72749 0.88929
0.0468264 0.0191426 0.0181954
17
1
-0.803365 3.68468 0.852159
0.0420177 0.0221636 0.0193482
18
1
-0.881909 3.63698 0.813355
0.037681 0.0249128 0.0203844
19
1
-0.950906 3.58509 0.77447
0.0330287 0.0276954 0.0203698
20
1
-1.01054 3.53053 0.737311
0.0276158 0.0283646 0.019025
21
1
-1.06216 3.47415 0.703188
0.0238167 0.02828 0.0174551
22
1
-1.10708 3.41717 0.673522
0.0205015 0.0283034 0.0148037
23
1
-1.14683 3.35984 0.649023
0.0176761 0.0280137 0.0124025
24
1
-1.18237 3.30319 0.630281
0.0158946 0.0278475 0.00889614
25
1
-1.21461 3.24742 0.617475
0.0145382 0.0275793 0.00514596
26
1
-1.24449 3.19281 0.610798
0.0129929 0.0266503 0.0018798
27
1
-1.27333 3.14024 0.60949
0.0125757 0.0255426 -0.00121532
28
1
-1.30193 3.08963 0.612765
0.0132353 0.0246343 -0.00405188
29
1
-1.33144 3.04129 0.620146
0.0137508 0.0233273 -0.00590306
30
1
-1.36288 2.99574 0.630143
0.0146829 0.0217693 -0.00674587
31
1
-1.39663 2.95283 0.641176
0.0165937 0.0204464 -0.00688879
32
1
-1.43265 2.91214 0.652327
0.0184731 0.0193186 -0.00648546
33
1
-1.47098 2.87355 0.662946
0.019897 0.0182101 -0.00559201
34
1
-1.51165 2.83698 0.671942
0.021339 0.0170768 -0.00415825
35
1
-1.55423 2.80213 0.678322
0.0224304 0.0156546 -0.00245964
36
1
-1.5983 2.76889 0.681778
0.0228277 0.0140585 -0.00106594
37
1
-1.64401 2.73729 0.682365
0.0235674 0.0130042 0.000317264
38
1
-1.69173 2.7071 0.679614
0.0249403 0.0130861 0.00225427
39
1
-1.74089 2.67765 0.673128
0.0254771 0.0142246 0.00419377
40
1
-1.78993 2.64827 0.663473
0.0247232 0.0153933 0.00537007
41
1
-1.83784 2.61893 0.651666
0.0237031 0.0156094 0.00612206
42
1
-1.88434 2.58988 0.637714
0.0229378 0.0151193 0.00709376
43
1
-1.92993 2.5614 0.621288
0.0224796 0.0148277 0.0085116
44
1
-1.97481 2.53339 0.60123
0.0222625 0.0150543 0.0103202
45
1
-2.01914 2.5058 0.577126
0.022334 0.0150876 0.0122951
46
1
-2.0629 2.47961 0.549122
0.0223628 0.0140505 0.0143956
47
1
-2.10591 2.45629 0.517586
0.021948 0.0119236 0.0167875
48
1
-2.14782 2.43715 0.482493
0.021097 0.00916361 0.0193497
49
1
-2.18787 2.42259 0.443719
0.0200279 0.00635939 0.0216136
50
1
-2.22512 2.41223 0.401659
0.0185962 0.00420607 0.0229675
51
1
-2.25906 2.40476 0.357
0.0167786 0.00296176 0.0239439
52
1
-2.28938 2.39884 0.309897
0.0146694 0.00232904 0.0249805
53
1
-2.31589 2.39393 0.260836
0.0124681 0.00195482 0.0259695
54
1
-2.33845 2.38941 0.210386
0.0101668 0.00166738 0.0267172
55
1
-2.3567 2.38516 0.158855
0.00757145 0.00136603 0.0272343
56
1
-2.37 2.38141 0.106444
0.00475143 0.000921344 0.0273966
57
1
-2.37796 2.37885 0.0533794
0.00216303 0.000387021 0.0271762
58
1
-2.3807 2.37784 -1.03999e-015
-1.28676e-016 -3.55353e-016 0.0269991
59
1
-2.37796 2.37885 -0.0533794
-0.00216303 -0.000387021 0.0271762
60
1
-2.37 2.38141 -0.106444
-0.00475143 -0.000921344 0.0273966
61
1
-2.3567 2.38516 -0.158855
-0.00757145 -0.00136603 0.0272343
62
1
-2.33845 2.38941 -0.210386
-0.0101668 -0.00166738 0.0267172
63
1
-2.31589 2.39393 -0.260836
-0.0124681 -0.00195482 0.0259695
64
1
-2.28938 2.39884 -0.309897
-0.0146694 -0.00232904 0.0249805
65
1
-2.25906 2.40476 -0.357
-0.0167786 -0.00296176 0.0239439
66
1
-2.22512 2.41223 -0.401659
-0.0185962 -0.00420607 0.0229675
67
1
-2.18787 2.42259 -0.443719
-0.0200279 -0.00635939 0.0216136
68
1
-2.14782 2.43715 -0.482493
-0.021097 -0.00916361 0.0193497
69
1
-2.10591 2.45629 -0.517586
-0.021948 -0.0119236 0.0167875
70
1
-2.0629 2.47961 -0.549122
-0.0223628 -0.0140505 0.0143956
71
1
-2.01914 2.5058 -0.577126
-0.022334 -0.0150876 0.0122951
72
1
-1.97481 2.53339 -0.60123
-0.0222625 -0.0150543 0.0103202
73
1
-1.92993 2.5614 -0.621288
-0.0224796 -0.0148277 0.0085116
74
1
-1.88434 2.58988 -0.637714
-0.0229378 -0.0151193 0.00709376
75
1
-1.83784 2.61893 -0.651666
-0.0237031 -0.0156094 0.00612206
76
1
-1.78993 2.64827 -0.663473
-0.0247232 -0.0153933 0.00537007
77
1
-1.74089 2.67765 -0.673128
-0.0254771 -0.0142246 0.00419377
78
1
-1.69173 2.7071 -0.679614
-0.0249403 -0.0130861 0.00225427
79
1
-1.64401 2.73729 -0.682365
-0.0235674 -0.0130042 0.000317264
80
1
-1.5983 2.76889 -0.681778
-0.0228277 -0.0140585 -0.00106594
81
1
-1.55423 2.80213 -0.678322
-0.0224304 -0.0156546 -0.00245964
82
1
-1.51165 2.83698 -0.671942
-0.021339 -0.0170768 -0.00415825
83
1
-1.47098 2.87355 -0.662946
-0.019897 -0.0182101 -0.00559201
84
1
-1.43265 2.91214 -0.652327
-0.0184731 -0.0193186 -0.00648546
85
1
-1.39663 2.95283 -0.641176
-0.0165937 -0.0204464 -0.00688879
86
1
-1.36288 2.99574 -0.630143
-0.0146829 -0.0217693 -0.00674587
87
1
-1.33144 3.04129 -0.620146
-0.0137508 -0.0233273 -0.00590306
88
1
-1.30193 3.08963 -0.612765
-0.0132353 -0.0246343 -0.00405188
89
1
-1.27333 3.14024 -0.60949
-0.0125757 -0.0255426 -0.00121532
90
1
-1.24449 3.19281 -0.610798
-0.0129929 -0.0266503 0.0018798
91
1
-1.21461 3.24742 -0.617475
-0.0145382 -0.0275793 0.00514596
92
1
-1.18237 3.30319 -0.630281
-0.0158946 -0.0278475 0.00889614
93
1
-1.14683 3.35984 -0.649023
-0.0176761 -0.0280137 0.0124025
94
1
-1.10708 3.41717 -0.673522
-0.0205015 -0.0283034 0.0148037
95
1
-1.06216 3.47415 -0.703188
-0.0238167 -0.02828 0.0174551
96
1
-1.01054 3.53053 -0.737311
-0.0276158 -0.0283646 0.019025
97
1
-0.950906 3.58509 -0.77447
-0.0330287 -0.0276954 0.0203698
98
1
-0.881909 3.63698 -0.813355
-0.037681 -0.0249128 0.0203844
99
1
-0.803365 3.68468 -0.852159
-0.0420177 -0.0221636 0.0193482
100
1
-0.715774 3.72749 -0.88929
-0.0468264 -0.0191426 0.0181954
101
1
-0.619924 3.76476 -0.923891
-0.0498413 -0.0164869 0.0163525
102
1
-0.516974 3.79653 -0.954493
-0.0527857 -0.0140888 0.013593
103
1
-0.408308 3.82277 -0.980501
-0.0554724 -0.0117628 0.0114471
104
1
-0.29506 3.84295 -1.00126
-0.0575342 -0.00835183 0.00882217
105
1
-0.178352 3.856 -1.01556
-0.0589349 -0.00436454 0.00562578
106
1
-0.0596714 3.86247 -1.0228
-0.0596675 -0.00146749 0.00186924
107
1
0.0596714 3.86247 -1.0228
-0.0596675 0.00146749 -0.00186924
108
1
0.178352 3.856 -1.01556
-0.0589349 0.00436454 -0.00562578
109
1
0.29506 3.84295 -1.00126
-0.0575342 0.00835183 -0.00882217
110
1
0.408308 3.82277 -0.980501
-0.0554724 0.0117628 -0.0114471
111
1
0.516974 3.79653 -0.954493
-0.0527857 0.0140888 -0.013593
112
1
0.619924 3.76476 -0.923891
-0.0498413 0.0164869 -0.0163525
113
1
0.715774 3.72749 -0.88929
-0.0468264 0.0191426 -0.0181954
114
1
0.803365 3.68468 -0.852159
-0.0420177 0.0221636 -0.0193482
115
1
0.881909 3.63698 -0.813355
-0.037681 0.0249128 -0.0203844
116
1
0.950906 3.58509 -0.77447
-0.0330287 0.0276954 -0.0203698
117
1
1.01054 3.53053 -0.737311
-0.0276158 0.0283646 -0.019025
118
1
1.06216 3.47415 -0.703188
-0.0238167 0.02828 -0.0174551
119
1
1.10708 3.41717 -0.673522
-0.0205015 0.0283034 -0.0148037
120
1
1.14683 3.35984 -0.649023
-0.0176761 0.0280137 -0.0124025
121
1
1.18237 3.30319 -0.630281
-0.0158946 0.0278475 -0.00889614
122
1
1.21461 3.24742 -0.617475
-0.0145382 0.0275793 -0.00514596
123
1
1.24449 3.19281 -0.610798
-0.0129929 0.0266503 -0.0018798
124
1
1.27333 3.14024 -0.60949
-0.0125757 0.0255426 0.00121532
125
1
1.30193 3.08963 -0.612765
-0.0132353 0.0246343 0.00405188
126
1
1.33144 3.04129 -0.620146
-0.0137508 0.0233273 0.00590306
127
1
1.36288 2.99574 -0.630143
-0.0146829 0.0217693 0.00674587
128
1
1.39663 2.95283 -0.641176
-0.0165937 0.0204464 0.00688879
129
1
1.43265 2.91214 -0.652327
-0.0184731 0.0193186 0.00648546
130
1
1.47098 2.87355 -0.662946
-0.019897 0.0182101 0.00559201
131
1
1.51165 2.83698 -0.671942
-0.021339 0.0170768 0.00415825
132
1
1.55423 2.80213 -0.678322
-0.0224304 0.0156546 0.00245964
133
1
1.5983 2.76889 -0.681778
-0.0228277 0.0140585 0.00106594
134
1
1.64401 2.73729 -0.682365
-0.0235674 0.0130042 -0.000317264
135
1
1.69173 2.7071 -0.679614
-0.0249403 0.0130861 -0.00225427
136
1
1.74089 2.67765 -0.673128
-0.0254771 0.0142246 -0.00419377
137
1
1.78993 2.64827 -0.663473
-0.0247232 0.0153933 -0.00537007
138
1
1.83784 2.61893 -0.651666
-0.0237031 0.0156094 -0.00612206
139
1
1.88434 2.58988 -0.637714
-0.0229378 0.0151193 -0.00709376
140
1
1.92993 2.5614 -0.621288
-0.0224796 0.0148277 -0.0085116
141
1
1.97481 2.53339 -0.60123
-0.0222625 0.0150543 -0.0103202
142
1
2.01914 2.5058 -0.577126
-0.022334 0.0150876 -0.0122951
143
1
2.0629 2.47961 -0.549122
-0.0223628 0.0140505 -0.0143956
144
1
2.10591 2.45629 -0.517586
-0.021948 0.0119236 -0.0167875
145
1
2.14782 2.43715 -0.482493
-0.021097 0.00916361 -0.0193497
146
1
2.18787 2.42259 -0.443719
-0.0200279 0.00635939 -0.0216136
147
1
2.22512 2.41223 -0.401659
-0.0185962 0.00420607 -0.0229675
148
1
2.25906 2.40476 -0.357
-0.0167786 0.00296176 -0.0239439
149
1
2.28938 2.39884 -0.309897
-0.0146694 0.00232904 -0.0249805
150
1
2.31589 2.39393 -0.260836
-0.0124681 0.00195482 -0.0259695
151
1
2.33845 2.38941 -0.210386
-0.0101668 0.00166738 -0.0267172
152
1
2.3567 2.38516 -0.158855
-0.00757145 0.00136603 -0.0272343
153
1
2.37 2.38141 -0.106444
-0.00475143 0.000921344 -0.0273966
154
1
2.37796 2.37885 -0.0533794
-0.00216303 0.000387021 -0.0271762
155
1
2.3807 2.37784 -3.42553e-015
-4.17914e-016 3.37635e-016 -0.0269991
156
1
2.37796 2.37885 0.0533794
0.00216303 -0.000387021 -0.0271762
157
1
2.37 2.38141 0.106444
0.00475143 -0.000921344 -0.0273966
158
1
2.3567 2.38516 0.158855
0.00757145 -0.00136603 -0.0272343
159
1
2.33845 2.38941 0.210386
0.0101668 -0.00166738 -0.0267172
160
1
2.31589 2.39393 0.260836
0.0124681 -0.00195482 -0.0259695
161
1
2.28938 2.39884 0.309897
0.0146694 -0.00232904 -0.0249805
162
1
2.25906 2.40476 0.357
0.0167786 -0.00296176 -0.0239439
163
1
2.22512 2.41223 0.401659
0.0185962 -0.00420607 -0.0229675
164
1
2.18787 2.42259 0.443719
0.0200279 -0.00635939 -0.0216136
165
1
2.14782 2.43715 0.482493
0.021097 -0.00916361 -0.0193497
166
1
2.10591 2.45629 0.517586
0.021948 -0.0119236 -0.0167875
167
1
2.0629 2.47961 0.549122
0.0223628 -0.0140505 -0.0143956
168
1
2.01914 2.5058 0.577126
0.022334 -0.0150876 -0.0122951
169
1
1.97481 2.53339 0.60123
0.0222625 -0.0150543 -0.0103202
170
1
1.92993 2.5614 0.621288
0.0224796 -0.0148277 -0.0085116
171
1
1.88434 2.58988 0.637714
0.0229378 -0.0151193 -0.00709376
172
1
1.83784 2.61893 0.651666
0.0237031 -0.0156094 -0.00612206
173
1
1.78993 2.64827 0.663473
0.0247232 -0.0153933 -0.00537007
174
1
1.74089 2.67765 0.673128
0.0254771 -0.0142246 -0.00419377
175
1
1.69173 2.7071 0.679614
0.0249403 -0.0130861 -0.00225427
176
1
1.64401 2.73729 0.682365
0.0235674 -0.0130042 -0.000317264
177
1
1.5983 2.76889 0.681778
0.0228277 -0.0140585 0.00106594
178
1
1.55423 2.80213 0.678322
0.0224304 -0.0156546 0.00245964
179
1
1.51165 2.83698 0.671942
0.021339 -0.0170768 0.00415825
180
1
1.47098 2.87355 0.662946
0.019897 -0.0182101 0.00559201
181
1
1.43265 2.91214 0.652327
0.0184731 -0.0193186 0.00648546
182
1
1.39663 2.95283 0.641176
0.0165937 -0.0204464 0.00688879
183
1
1.36288 2.99574 0.630143
0.0146829 -0.0217693 0.00674587
184
1
1.33144 3.04129 0.620146
0.0137508 -0.0233273 0.00590306
185
1
1.30193 3.08963 0.612765
0.0132353 -0.0246343 0.00405188
186
1
1.27333 3.14024 0.60949
0.0125757 -0.0255426 0.00121532
187
1
1.24449 3.19281 0.610798
0.0129929 -0.0266503 -0.0018798
188
1
1.21461 3.24742 0.617475
0.0145382 -0.0275793 -0.00514596
189
1
1.18237 3.30319 0.630281
0.0158946 -0.0278475 -0.00889614
190
1
1.14683 3.35984 0.649023
0.0176761 -0.0280137 -0.0124025
191
1
1.10708 3.41717 0.673522
0.0205015 -0.0283034 -0.0148037
192
1
1.06216 3.47415 0.703188
0.0238167 -0.02828 -0.0174551
193
1
1.01054 3.53053 0.737311
0.0276158 -0.0283646 -0.019025
