194
0
1
0.652567 1.34447 2.56232
0.0164837 -0.0251118 -0.0253215
1
1
0.615126 1.39168 2.61093
0.0209061 -0.0247768 -0.0231025
2
1
0.568709 1.43788 2.65589
0.0255926 -0.0234046 -0.0205362
3
1
0.513547 1.48198 2.69645
0.030647 -0.0215243 -0.0181906
4
1
0.449961 1.52319 2.73114
0.0339138 -0.019749 -0.0150969
5
1
0.379132 1.56055 2.75918
0.0369182 -0.0175885 -0.0111815
6
1
0.302087 1.5926 2.78042
0.039971 -0.0144251 -0.00770996
7
1
0.21982 1.61824 2.79512
0.0423351 -0.0106241 -0.00512457
8
1
0.133479 1.63601 2.80405
0.0439569 -0.00653889 -0.0029025
9
1
0.0447416 1.64501 2.80813
0.0447973 -0.00220119 -0.000917681
10
1
-0.0447416 1.64501 2.80813
0.0447973 0.00220119 0.000917681
11
1
-0.133479 1.63601 2.80405
0.0439569 0.00653889 0.0029025
12
1
-0.21982 1.61824 2.79512
0.0423351 0.0106241 0.00512457
13
1
-0.302087 1.5926 2.78042
0.039971 0.0144251 0.00770996
14
1
-0.379132 1.56055 2.75918
0.0369182 0.0175885 0.0111815
15
1
-0.449961 1.52319 2.73114
0.0339138 0.019749 0.0150969
16
1
-0.513547 1.48198 2.69645
0.030647 0.0215243 0.0181906
17
1
-0.568709 1.43788 2.65589
0.0255926 0.0234046 0.0205362
18
1
-0.615126 1.39168 2.61093
0.0209061 0.0247768 0.0231025
19
1
-0.652567 1.34447 2.56232
0.0164837 0.0251118 0.0253215
20
1
-0.681782 1.29786 2.51097
0.0123919 0.0237874 0.0265289
21
1
-0.704927 1.25295 2.45776
0.010399 0.0218738 0.0274387
22
1
-0.723656 1.21081 2.40278
0.00891845 0.0199596 0.0280218
23
1
-0.738257 1.17127 2.34644
0.00742756 0.0182545 0.0288014
24
1
-0.749082 1.13369 2.28954
0.00521591 0.0172373 0.0290927
25
1
-0.756089 1.09768 2.23246
0.00296467 0.0171114 0.0287197
26
1
-0.758751 1.06245 2.1757
0.000994549 0.0169163 0.0283758
27
1
-0.75784 1.02786 2.1196
-0.00114172 0.0161646 0.028293
28
1
-0.754167 0.994879 2.06355
-0.00360373 0.0151104 0.0283201
29
1
-0.747759 0.965015 2.00655
-0.00597688 0.0139018 0.028439
30
1
-0.73784 0.939312 1.94826
-0.00786509 0.012438 0.0286696
31
1
-0.724077 0.917914 1.88907
-0.00917342 0.0106556 0.0289935
32
1
-0.706985 0.900332 1.82945
-0.00995198 0.00864701 0.0294153
33
1
-0.687767 0.885929 1.76943
-0.0102722 0.00659191 0.029949
34
1
-0.667833 0.874329 1.70866
-0.0102083 0.0046637 0.0305712
35
1
-0.648307 0.865485 1.64677
-0.00982811 0.00297885 0.031229
36
1
-0.629874 0.85937 1.58357
-0.00920486 0.00159416 0.0318769
37
1
-0.612845 0.855778 1.51908
-0.00841503 0.000515191 0.0324929
38
1
-0.597358 0.854301 1.45339
-0.00752905 -0.000284675 0.0330723
39
1
-0.583464 0.854453 1.3866
-0.00661006 -0.000846283 0.0336158
40
1
-0.571162 0.85575 1.3188
-0.00570996 -0.0012137 0.0341227
41
1
-0.560435 0.857786 1.25005
-0.00486619 -0.00142831 0.0345913
42
1
-0.551205 0.860257 1.18042
-0.00410136 -0.00152627 0.0350199
43
1
-0.54336 0.862935 1.10998
-0.00342574 -0.00153839 0.0354084
44
1
-0.536765 0.865659 1.03881
-0.00284053 -0.00149012 0.0357577
45
1
-0.531266 0.868321 0.966979
-0.00234105 -0.00140184 0.0360697
46
1
-0.526716 0.870842 0.894558
-0.00191929 -0.00128918 0.0363465
47
1
-0.522972 0.873173 0.821618
-0.00156612 -0.00116378 0.0365905
48
1
-0.519908 0.875287 0.748219
-0.00127216 -0.00103392 0.0368041
49
1
-0.517415 0.877173 0.674422
-0.00102832 -0.000905255 0.0369895
50
1
-0.515396 0.878825 0.60028
-0.0008262 -0.000780934 0.037149
51
1
-0.513774 0.880253 0.525843
-0.000658676 -0.000662933 0.0372846
52
1
-0.512485 0.881459 0.451158
-0.000519023 -0.000551677 0.0373981
53
1
-0.511474 0.882457 0.376265
-0.000401942 -0.000447402 0.0374912
54
1
-0.510699 0.883255 0.301206
-0.00030227 -0.000349349 0.0375654
55
1
-0.510127 0.883866 0.226016
-0.000216291 -0.000257019 0.0376218
56
1
-0.509735 0.884293 0.15073
-0.000139397 -0.000168649 0.0376615
57
1
-0.509504 0.884548 0.0753805
-6.84124e-005 -8.35154e-005 0.037685
58
1
-0.509429 0.88463 -2.6911e-017
4.87713e-017 -7.84335e-018 0.0376928
59
1
-0.509504 0.884548 -0.0753805
6.84124e-005 8.35154e-005 0.037685
60
1
-0.509735 0.884293 -0.15073
0.000139397 0.000168649 0.0376615
61
1
-0.510127 0.883866 -0.226016
0.000216291 0.000257019 0.0376218
62
1
-0.510699 0.883255 -0.301206
0.00030227 0.000349349 0.0375654
63
1
-0.511474 0.882457 -0.376265
0.000401942 0.000447402 0.0374912
64
1
-0.512485 0.881459 -0.451158
0.000519023 0.000551677 0.0373981
65
1
-0.513774 0.880253 -0.525843
0.000658676 0.000662933 0.0372846
66
1
-0.515396 0.878825 -0.60028
0.0008262 0.000780934 0.037149
67
1
-0.517415 0.877173 -0.674422
0.00102832 0.000905255 0.0369895
68
1
-0.519908 0.875287 -0.748219
0.00127216 0.00103392 0.0368041
69
1
-0.522972 0.873173 -0.821618
0.00156612 0.00116378 0.0365905
70
1
-0.526716 0.870842 -0.894558
0.00191929 0.00128918 0.0363465
71
1
-0.531266 0.868321 -0.966979
0.00234105 0.00140184 0.0360697
72
1
-0.536765 0.865659 -1.03881
0.00284053 0.00149012 0.0357577
73
1
-0.54336 0.862935 -1.10998
0.00342574 0.00153839 0.0354084
74
1
-0.551205 0.860257 -1.18042
0.00410136 0.00152627 0.0350199
75
1
-0.560435 0.857786 -1.25005
0.00486619 0.00142831 0.0345913
76
1
-0.571162 0.85575 -1.3188
0.00570996 0.0012137 0.0341227
77
1
-0.583464 0.854453 -1.3866
0.00661006 0.000846283 0.0336158
78
1
-0.597358 0.854301 -1.45339
0.00752905 0.000284675 0.0330723
79
1
-0.612845 0.855778 -1.51908
0.00841503 -0.000515191 0.0324929
80
1
-0.629874 0.85937 -1.58357
0.00920486 -0.00159416 0.0318769
81
1
-0.648307 0.865485 -1.64677
0.00982811 -0.00297885 0.031229
82
1
-0.667833 0.874329 -1.70866
0.0102083 -0.0046637 0.0305712
83
1
-0.687767 0.885929 -1.76943
0.0102722 -0.00659191 0.029949
84
1
-0.706985 0.900332 -1.82945
0.00995198 -0.00864701 0.0294153
85
1
-0.724077 0.917914 -1.88907
0.00917342 -0.0106556 0.0289935
86
1
-0.73784 0.939312 -1.94826
0.00786509 -0.012438 0.0286696
87
1
-0.747759 0.965015 -2.00655
0.00597688 -0.0139018 0.028439
88
1
-0.754167 0.994879 -2.06355
0.00360373 -0.0151104 0.0283201
89
1
-0.75784 1.02786 -2.1196
0.00114172 -0.0161646 0.028293
90
1
-0.758751 1.06245 -2.1757
-0.000994549 -0.0169163 0.0283758
91
1
-0.756089 1.09768 -2.23246
-0.00296467 -0.0171114 0.0287197
92
1
-0.749082 1.13369 -2.28954
-0.00521591 -0.0172373 0.0290927
93
1
-0.738257 1.17127 -2.34644
-0.00742756 -0.0182545 0.0288014
94
1
-0.723656 1.21081 -2.40278
-0.00891845 -0.0199596 0.0280218
95
1
-0.704927 1.25295 -2.45776
-0.010399 -0.0218738 0.0274387
96
1
-0.681782 1.29786 -2.51097
-0.0123919 -0.0237874 0.0265289
97
1
-0.652567 1.34447 -2.56232
-0.0164837 -0.0251118 0.0253215
98
1
-0.615126 1.39168 -2.61093
-0.0209061 -0.0247768 0.0231025
99
1
-0.568709 1.43788 -2.65589
-0.0255926 -0.0234046 0.0205362
100
1
-0.513547 1.48198 -2.69645
-0.030647 -0.0215243 0.0181906
101
1
-0.449961 1.52319 -2.73114
-0.0339138 -0.019749 0.0150969
102
1
-0.379132 1.56055 -2.75918
-0.0369182 -0.0175885 0.0111815
103
1
-0.302087 1.5926 -2.78042
-0.039971 -0.0144251 0.00770996
104
1
-0.21982 1.61824 -2.79512
-0.0423351 -0.0106241 0.00512457
105
1
-0.133479 1.63601 -2.80405
-0.0439569 -0.00653889 0.0029025
106
1
-0.0447416 1.64501 -2.80813
-0.0447973 -0.00220119 0.000917681
107
1
0.0447416 1.64501 -2.80813
-0.0447973 0.00220119 -0.000917681
108
1
0.133479 1.63601 -2.80405
-0.0439569 0.00653889 -0.0029025
109
1
0.21982 1.61824 -2.79512
-0.0423351 0.0106241 -0.00512457
110
1
0.302087 1.5926 -2.78042
-0.039971 0.0144251 -0.00770996
111
1
0.379132 1.56055 -2.75918
-0.0369182 0.0175885 -0.0111815
112
1
0.449961 1.52319 -2.73114
-0.0339138 0.019749 -0.0150969
113
1
0.513547 1.48198 -2.69645
-0.030647 0.0215243 -0.0181906
114
1
0.568709 1.43788 -2.65589
-0.0255926 0.0234046 -0.0205362
115
1
0.615126 1.39168 -2.61093
-0.0209061 0.0247768 -0.0231025
116
1
0.652567 1.34447 -2.56232
-0.0164837 0.0251118 -0.0253215
117
1
0.681782 1.29786 -2.51097
-0.0123919 0.0237874 -0.0265289
118
1
0.704927 1.25295 -2.45776
-0.010399 0.0218738 -0.0274387
119
1
0.723656 1.21081 -2.40278
-0.00891845 0.0199596 -0.0280218
120
1
0.738257 1.17127 -2.34644
-0.00742756 0.0182545 -0.0288014
121
1
0.749082 1.13369 -2.28954
-0.00521591 0.0172373 -0.0290927
122
1
0.756089 1.09768 -2.23246
-0.00296467 0.0171114 -0.0287197
123
1
0.758751 1.06245 -2.1757
-0.000994549 0.0169163 -0.0283758
124
1
0.75784 1.02786 -2.1196
0.00114172 0.0161646 -0.028293
125
1
0.754167 0.994879 -2.06355
0.00360373 0.0151104 -0.0283201
126
1
0.747759 0.965015 -2.00655
0.00597688 0.0139018 -0.028439
127
1
0.73784 0.939312 -1.94826
0.00786509 0.012438 -0.0286696
128
1
0.724077 0.917914 -1.88907
0.00917342 0.0106556 -0.0289935
129
1
0.706985 0.900332 -1.82945
0.00995198 0.00864701 -0.0294153
130
1
0.687767 0.885929 -1.76943
0.0102722 0.00659191 -0.029949
131
1
0.667833 0.874329 -1.70866
0.0102083 0.0046637 -0.0305712
132
1
0.648307 0.865485 -1.64677
0.00982811 0.00297885 -0.031229
133
1
0.629874 0.85937 -1.58357
0.00920486 0.00159416 -0.0318769
134
1
0.612845 0.855778 -1.51908
0.00841503 0.000515191 -0.0324929
135
1
0.597358 0.854301 -1.45339
0.00752905 -0.000284675 -0.0330723
136
1
0.583464 0.854453 -1.3866
0.00661006 -0.000846283 -0.0336158
137
1
0.571162 0.85575 -1.3188
0.00570996 -0.0012137 -0.0341227
138
1
0.560435 0.857786 -1.25005
0.00486619 -0.00142831 -0.0345913
139
1
0.551205 0.860257 -1.18042
0.00410136 -0.00152627 -0.0350199
140
1
0.54336 0.862935 -1.10998
0.00342574 -0.00153839 -0.0354084
141
1
0.536765 0.865659 -1.03881
0.00284053 -0.00149012 -0.0357577
142
1
0.531266 0.868321 -0.966979
0.00234105 -0.00140184 -0.0360697
143
1
0.526716 0.870842 -0.894558
0.00191929 -0.00128918 -0.0363465
144
1
0.522972 0.873173 -0.821618
0.00156612 -0.00116378 -0.0365905
145
1
0.519908 0.875287 -0.748219
0.00127216 -0.00103392 -0.0368041
146
1
0.517415 0.877173 -0.674422
0.00102832 -0.000905255 -0.0369895
147
1
0.515396 0.878825 -0.60028
0.0008262 -0.000780934 -0.037149
148
1
0.513774 0.880253 -0.525843
0.000658676 -0.000662933 -0.0372846
149
1
0.512485 0.881459 -0.451158
0.000519023 -0.000551677 -0.0373981
150
1
0.511474 0.882457 -0.376265
0.000401942 -0.000447402 -0.0374912
151
1
0.510699 0.883255 -0.301206
0.00030227 -0.000349349 -0.0375654
152
1
0.510127 0.883866 -0.226016
0.000216291 -0.000257019 -0.0376218
153
1
0.509735 0.884293 -0.15073
0.000139397 -0.000168649 -0.0376615
154
1
0.509504 0.884548 -0.0753805
6.84124e-005 -8.35154e-005 -0.037685
155
1
0.509429 0.88463 -1.61101e-017
1.44886e-017 5.31925e-017 -0.0376928
156
1
0.509504 0.884548 0.0753805
-6.84124e-005 8.35154e-005 -0.037685
157
1
0.509735 0.884293 0.15073
-0.000139397 0.000168649 -0.0376615
158
1
0.510127 0.883866 0.226016
-0.000216291 0.000257019 -0.0376218
159
1
0.510699 0.883255 0.301206
-0.00030227 0.000349349 -0.0375654
160
1
0.511474 0.882457 0.376265
-0.000401942 0.000447402 -0.0374912
161
1
0.512485 0.881459 0.451158
-0.000519023 0.000551677 -0.0373981
162
1
0.513774 0.880253 0.525843
-0.000658676 0.000662933 -0.0372846
163
1
0.515396 0.878825 0.60028
-0.0008262 0.000780934 -0.037149
164
1
0.517415 0.877173 0.674422
-0.00102832 0.000905255 -0.0369895
165
1
0.519908 0.875287 0.748219
-0.00127216 0.00103392 -0.0368041
166
1
0.522972 0.873173 0.821618
-0.00156612 0.00116378 -0.0365905
167
1
0.526716 0.870842 0.894558
-0.00191929 0.00128918 -0.0363465
168
1
0.531266 0.868321 0.966979
-0.00234105 0.00140184 -0.0360697
169
1
0.536765 0.865659 1.03881
-0.00284053 0.00149012 -0.0357577
170
1
0.54336 0.862935 1.10998
-0.00342574 0.00153839 -0.0354084
171
1
0.551205 0.860257 1.18042
-0.00410136 0.00152627 -0.0350199
172
1
0.560435 0.857786 1.25005
-0.00486619 0.00142831 -0.0345913
173
1
0.571162 0.85575 1.3188
-0.00570996 0.0012137 -0.0341227
174
1
0.583464 0.854453 1.3866
-0.00661006 0.000846283 -0.0336158
175
1
0.597358 0.854301 1.45339
-0.00752905 0.000284675 -0.0330723
176
1
0.612845 0.855778 1.51908
-0.00841503 -0.000515191 -0.0324929
177
1
0.629874 0.85937 1.58357
-0.00920486 -0.00159416 -0.0318769
178
1
0.648307 0.865485 1.64677
-0.00982811 -0.00297885 -0.031229
179
1
0.667833 0.874329 1.70866
-0.0102083 -0.0046637 -0.0305712
180
1
0.687767 0.885929 1.76943
-0.0102722 -0.00659191 -0.029949
181
1
0.706985 0.900332 1.82945
-0.00995198 -0.00864701 -0.0294153
182
1
0.724077 0.917914 1.88907
-0.00917342 -0.0106556 -0.0289935
183
1
0.73784 0.939312 1.94826
-0.00786509 -0.012438 -0.0286696
184
1
0.747759 0.965015 2.00655
-0.00597688 -0.0139018 -0.028439
185
1
0.754167 0.994879 2.06355
-0.00360373 -0.0151104 -0.0283201
186
1
0.75784 1.02786 2.1196
-0.00114172 -0.0161646 -0.028293
187
1
0.758751 1.06245 2.1757
0.000994549 -0.0169163 -0.0283758
188
1
0.756089 1.09768 2.23246
0.00296467 -0.0171114 -0.0287197
189
1
0.749082 1.13369 2.28954
0.00521591 -0.0172373 -0.0290927
190
1
0.738257 1.17127 2.34644
0.00742756 -0.0182545 -0.0288014
191
1
0.723656 1.21081 2.40278
0.00891845 -0.0199596 -0.0280218
192
1
0.704927 1.25295 2.45776
0.010399 -0.0218738 -0.0274387
193
1
0.681782 1.29786 2.51097
0.0123919 -0.0237874 -0.0265289
