194
0
1
0.507891 0.564616 2.9437
0.0120603 -0.0167155 -0.0358812
1
1
0.480116 0.596456 3.01335
0.0146535 -0.0153838 -0.0360619
2
1
0.446586 0.626392 3.08236
0.016423 -0.0139818 -0.0353635
3
1
0.406973 0.652692 3.149
0.019437 -0.0127512 -0.0335411
4
1
0.360879 0.67543 3.21123
0.0232241 -0.0108375 -0.0307487
5
1
0.307976 0.694612 3.26731
0.0272336 -0.00865394 -0.0269844
6
1
0.248018 0.709812 3.31486
0.0309718 -0.00651 -0.022202
7
1
0.182002 0.72107 3.35229
0.0340605 -0.0044768 -0.0165863
8
1
0.111213 0.728479 3.37808
0.0362545 -0.0026129 -0.0102737
9
1
0.0374094 0.732139 3.39119
0.0373909 -0.000858454 -0.00348124
10
1
-0.0374094 0.732139 3.39119
0.0373909 0.000858454 0.00348124
11
1
-0.111213 0.728479 3.37808
0.0362545 0.0026129 0.0102737
12
1
-0.182002 0.72107 3.35229
0.0340605 0.0044768 0.0165863
13
1
-0.248018 0.709812 3.31486
0.0309718 0.00651 0.022202
14
1
-0.307976 0.694612 3.26731
0.0272336 0.00865394 0.0269844
15
1
-0.360879 0.67543 3.21123
0.0232241 0.0108375 0.0307487
16
1
-0.406973 0.652692 3.149
0.019437 0.0127512 0.0335411
17
1
-0.446586 0.626392 3.08236
0.016423 0.0139818 0.0353635
18
1
-0.480116 0.596456 3.01335
0.0146535 0.0153838 0.0360619
19
1
-0.507891 0.564616 2.9437
0.0120603 0.0167155 0.0358812
20
1
-0.529879 0.533125 2.87429
0.00836306 0.0161465 0.0353023
21
1
-0.545952 0.503317 2.80491
0.00471088 0.0144902 0.0352589
22
1
-0.556403 0.476953 2.73474
0.000906335 0.0128292 0.0352585
23
1
-0.561064 0.45502 2.66342
-0.00134969 0.0113992 0.0353585
24
1
-0.560524 0.43674 2.59148
-0.00238006 0.00969427 0.0355496
25
1
-0.556596 0.421009 2.51936
-0.00284524 0.00785517 0.0358445
26
1
-0.551146 0.407525 2.44697
-0.00300705 0.00618368 0.0361936
27
1
-0.54534 0.396198 2.37412
-0.00295419 0.00480974 0.0365368
28
1
-0.539781 0.386944 2.30071
-0.00276221 0.00373645 0.0368408
29
1
-0.534707 0.379541 2.22677
-0.00249749 0.00291919 0.0370988
30
1
-0.530162 0.373679 2.15236
-0.002207 0.00230384 0.0373167
31
1
-0.526139 0.369027 2.07754
-0.00191909 0.00184014 0.0375029
32
1
-0.522614 0.365298 2.00237
-0.0016512 0.00148899 0.0376642
33
1
-0.519551 0.362281 1.9269
-0.00141059 0.00122025 0.0378054
34
1
-0.516911 0.359808 1.85116
-0.00120012 0.00101222 0.0379297
35
1
-0.514645 0.35776 1.77519
-0.00101876 0.000849202 0.0380395
36
1
-0.512708 0.356045 1.69901
-0.000864137 0.00071988 0.0381367
37
1
-0.511055 0.354594 1.62265
-0.000733057 0.000615997 0.0382227
38
1
-0.509647 0.353356 1.54613
-0.000622301 0.00053149 0.0382989
39
1
-0.508447 0.352291 1.46947
-0.000528868 0.000461894 0.0383662
40
1
-0.507423 0.351368 1.39267
-0.000450036 0.00040389 0.0384257
41
1
-0.50655 0.350564 1.31577
-0.000383497 0.00035494 0.0384782
42
1
-0.505804 0.34986 1.23876
-0.000327226 0.000313119 0.0385244
43
1
-0.505168 0.349241 1.16167
-0.000279525 0.000277024 0.0385651
44
1
-0.504623 0.348696 1.08451
-0.000238931 0.000245587 0.0386008
45
1
-0.504157 0.348215 1.00727
-0.000204257 0.00021776 0.0386322
46
1
-0.503759 0.34779 0.929981
-0.000174547 0.000192895 0.0386595
47
1
-0.503418 0.347415 0.852638
-0.000148939 0.000170466 0.0386834
48
1
-0.503128 0.347085 0.77525
-0.00012676 0.000150028 0.0387041
49
1
-0.502881 0.346795 0.697823
-0.000107466 0.000131265 0.038722
50
1
-0.502671 0.346543 0.620364
-9.07591e-005 0.000113955 0.0387373
51
1
-0.502496 0.346326 0.542876
-7.59311e-005 9.75768e-005 0.0387503
52
1
-0.502351 0.346143 0.465364
-6.25292e-005 8.21252e-005 0.0387612
53
1
-0.502234 0.345992 0.387832
-5.03063e-005 6.7266e-005 0.0387702
54
1
-0.50214 0.345867 0.310284
-3.88851e-005 5.3081e-005 0.0387773
55
1
-0.502069 0.345772 0.232724
-2.83876e-005 3.93656e-005 0.0387827
56
1
-0.502019 0.345705 0.155154
-1.8586e-005 2.60428e-005 0.0387866
57
1
-0.50199 0.345665 0.0775787
-9.20115e-006 1.29675e-005 0.0387889
58
1
-0.50198 0.345651 1.63356e-018
-7.10657e-018 1.43238e-017 0.0387896
59
1
-0.50199 0.345665 -0.0775787
9.20115e-006 -1.29675e-005 0.0387889
60
1
-0.502019 0.345705 -0.155154
1.8586e-005 -2.60428e-005 0.0387866
61
1
-0.502069 0.345772 -0.232724
2.83876e-005 -3.93656e-005 0.0387827
62
1
-0.50214 0.345867 -0.310284
3.88851e-005 -5.3081e-005 0.0387773
63
1
-0.502234 0.345992 -0.387832
5.03063e-005 -6.7266e-005 0.0387702
64
1
-0.502351 0.346143 -0.465364
6.25292e-005 -8.21252e-005 0.0387612
65
1
-0.502496 0.346326 -0.542876
7.59311e-005 -9.75768e-005 0.0387503
66
1
-0.502671 0.346543 -0.620364
9.07591e-005 -0.000113955 0.0387373
67
1
-0.502881 0.346795 -0.697823
0.000107466 -0.000131265 0.038722
68
1
-0.503128 0.347085 -0.77525
0.00012676 -0.000150028 0.0387041
69
1
-0.503418 0.347415 -0.852638
0.000148939 -0.000170466 0.0386834
70
1
-0.503759 0.34779 -0.929981
0.000174547 -0.000192895 0.0386595
71
1
-0.504157 0.348215 -1.00727
0.000204257 -0.00021776 0.0386322
72
1
-0.504623 0.348696 -1.08451
0.000238931 -0.000245587 0.0386008
73
1
-0.505168 0.349241 -1.16167
0.000279525 -0.000277024 0.0385651
74
1
-0.505804 0.34986 -1.23876
0.000327226 -0.000313119 0.0385244
75
1
-0.50655 0.350564 -1.31577
0.000383497 -0.00035494 0.0384782
76
1
-0.507423 0.351368 -1.39267
0.000450036 -0.00040389 0.0384257
77
1
-0.508447 0.352291 -1.46947
0.000528868 -0.000461894 0.0383662
78
1
-0.509647 0.353356 -1.54613
0.000622301 -0.00053149 0.0382989
79
1
-0.511055 0.354594 -1.62265
0.000733057 -0.000615997 0.0382227
80
1
-0.512708 0.356045 -1.69901
0.000864137 -0.00071988 0.0381367
81
1
-0.514645 0.35776 -1.77519
0.00101876 -0.000849202 0.0380395
82
1
-0.516911 0.359808 -1.85116
0.00120012 -0.00101222 0.0379297
83
1
-0.519551 0.362281 -1.9269
0.00141059 -0.00122025 0.0378054
84
1
-0.522614 0.365298 -2.00237
0.0016512 -0.00148899 0.0376642
85
1
-0.526139 0.369027 -2.07754
0.00191909 -0.00184014 0.0375029
86
1
-0.530162 0.373679 -2.15236
0.002207 -0.00230384 0.0373167
87
1
-0.534707 0.379541 -2.22677
0.00249749 -0.00291919 0.0370988
88
1
-0.539781 0.386944 -2.30071
0.00276221 -0.00373645 0.0368408
89
1
-0.54534 0.396198 -2.37412
0.00295419 -0.00480974 0.0365368
90
1
-0.551146 0.407525 -2.44697
0.00300705 -0.00618368 0.0361936
91
1
-0.556596 0.421009 -2.51936
0.00284524 -0.00785517 0.0358445
92
1
-0.560524 0.43674 -2.59148
0.00238006 -0.00969427 0.0355496
93
1
-0.561064 0.45502 -2.66342
0.00134969 -0.0113992 0.0353585
94
1
-0.556403 0.476953 -2.73474
-0.000906335 -0.0128292 0.0352585
95
1
-0.545952 0.503317 -2.80491
-0.00471088 -0.0144902 0.0352589
96
1
-0.529879 0.533125 -2.87429
-0.00836306 -0.0161465 0.0353023
97
1
-0.507891 0.564616 -2.9437
-0.0120603 -0.0167155 0.0358812
98
1
-0.480116 0.596456 -3.01335
-0.0146535 -0.0153838 0.0360619
99
1
-0.446586 0.626392 -3.08236
-0.016423 -0.0139818 0.0353635
100
1
-0.406973 0.652692 -3.149
-0.019437 -0.0127512 0.0335411
101
1
-0.360879 0.67543 -3.21123
-0.0232241 -0.0108375 0.0307487
102
1
-0.307976 0.694612 -3.26731
-0.0272336 -0.00865394 0.0269844
103
1
-0.248018 0.709812 -3.31486
-0.0309718 -0.00651 0.022202
104
1
-0.182002 0.72107 -3.35229
-0.0340605 -0.0044768 0.0165863
105
1
-0.111213 0.728479 -3.37808
-0.0362545 -0.0026129 0.0102737
106
1
-0.0374094 0.732139 -3.39119
-0.0373909 -0.000858454 0.00348124
107
1
0.0374094 0.732139 -3.39119
-0.0373909 0.000858454 -0.00348124
108
1
0.111213 0.728479 -3.37808
-0.0362545 0.0026129 -0.0102737
109
1
0.182002 0.72107 -3.35229
-0.0340605 0.0044768 -0.0165863
110
1
0.248018 0.709812 -3.31486
-0.0309718 0.00651 -0.022202
111
1
0.307976 0.694612 -3.26731
-0.0272336 0.00865394 -0.0269844
112
1
0.360879 0.67543 -3.21123
-0.0232241 0.0108375 -0.0307487
113
1
0.406973 0.652692 -3.149
-0.019437 0.0127512 -0.0335411
114
1
0.446586 0.626392 -3.08236
-0.016423 0.0139818 -0.0353635
115
1
0.480116 0.596456 -3.01335
-0.0146535 0.0153838 -0.0360619
116
1
0.507891 0.564616 -2.9437
-0.0120603 0.0167155 -0.0358812
117
1
0.529879 0.533125 -2.87429
-0.00836306 0.0161465 -0.0353023
118
1
0.545952 0.503317 -2.80491
-0.00471088 0.0144902 -0.0352589
119
1
0.556403 0.476953 -2.73474
-0.000906335 0.0128292 -0.0352585
120
1
0.561064 0.45502 -2.66342
0.00134969 0.0113992 -0.0353585
121
1
0.560524 0.43674 -2.59148
0.00238006 0.00969427 -0.0355496
122
1
0.556596 0.421009 -2.51936
0.00284524 0.00785517 -0.0358445
123
1
0.551146 0.407525 -2.44697
0.00300705 0.00618368 -0.0361936
124
1
0.54534 0.396198 -2.37412
0.00295419 0.00480974 -0.0365368
125
1
0.539781 0.386944 -2.30071
0.00276221 0.00373645 -0.0368408
126
1
0.534707 0.379541 -2.22677
0.00249749 0.00291919 -0.0370988
127
1
0.530162 0.373679 -2.15236
0.002207 0.00230384 -0.0373167
128
1
0.526139 0.369027 -2.07754
0.00191909 0.00184014 -0.0375029
129
1
0.522614 0.365298 -2.00237
0.0016512 0.00148899 -0.0376642
130
1
0.519551 0.362281 -1.9269
0.00141059 0.00122025 -0.0378054
131
1
0.516911 0.359808 -1.85116
0.00120012 0.00101222 -0.0379297
132
1
0.514645 0.35776 -1.77519
0.00101876 0.000849202 -0.0380395
133
1
0.512708 0.356045 -1.69901
0.000864137 0.00071988 -0.0381367
134
1
0.511055 0.354594 -1.62265
0.000733057 0.000615997 -0.0382227
135
1
0.509647 0.353356 -1.54613
0.000622301 0.00053149 -0.0382989
136
1
0.508447 0.352291 -1.46947
0.000528868 0.000461894 -0.0383662
137
1
0.507423 0.351368 -1.39267
0.000450036 0.00040389 -0.0384257
138
1
0.50655 0.350564 -1.31577
0.000383497 0.00035494 -0.0384782
139
1
0.505804 0.34986 -1.23876
0.000327226 0.000313119 -0.0385244
140
1
0.505168 0.349241 -1.16167
0.000279525 0.000277024 -0.0385651
141
1
0.504623 0.348696 -1.08451
0.000238931 0.000245587 -0.0386008
142
1
0.504157 0.348215 -1.00727
0.000204257 0.00021776 -0.0386322
143
1
0.503759 0.34779 -0.929981
0.000174547 0.000192895 -0.0386595
144
1
0.503418 0.347415 -0.852638
0.000148939 0.000170466 -0.0386834
145
1
0.503128 0.347085 -0.77525
0.00012676 0.000150028 -0.0387041
146
1
0.502881 0.346795 -0.697823
0.000107466 0.000131265 -0.038722
147
1
0.502671 0.346543 -0.620364
9.07591e-005 0.000113955 -0.0387373
148
1
0.502496 0.346326 -0.542876
7.59311e-005 9.75768e-005 -0.0387503
149
1
0.502351 0.346143 -0.465364
6.25292e-005 8.21252e-005 -0.0387612
150
1
0.502234 0.345992 -0.387832
5.03063e-005 6.7266e-005 -0.0387702
151
1
0.50214 0.345867 -0.310284
3.88851e-005 5.3081e-005 -0.0387773
152
1
0.502069 0.345772 -0.232724
2.83876e-005 3.93656e-005 -0.0387827
153
1
0.502019 0.345705 -0.155154
1.8586e-005 2.60428e-005 -0.0387866
154
1
0.50199 0.345665 -0.0775787
9.20115e-006 1.29675e-005 -0.0387889
155
1
0.50198 0.345651 1.69311e-018
1.49017e-018 2.57842e-017 -0.0387896
156
1
0.50199 0.345665 0.0775787
-9.20115e-006 -1.29675e-005 -0.0387889
157
1
0.502019 0.345705 0.155154
-1.8586e-005 -2.60428e-005 -0.0387866
158
1
0.502069 0.345772 0.232724
-2.83876e-005 -3.93656e-005 -0.0387827
159
1
0.50214 0.345867 0.310284
-3.88851e-005 -5.3081e-005 -0.0387773
160
1
0.502234 0.345992 0.387832
-5.03063e-005 -6.7266e-005 -0.0387702
161
1
0.502351 0.346143 0.465364
-6.25292e-005 -8.21252e-005 -0.0387612
162
1
0.502496 0.346326 0.542876
-7.59311e-005 -9.75768e-005 -0.0387503
163
1
0.502671 0.346543 0.620364
-9.07591e-005 -0.000113955 -0.0387373
164
1
0.502881 0.346795 0.697823
-0.000107466 -0.000131265 -0.038722
165
1
0.503128 0.347085 0.77525
-0.00012676 -0.000150028 -0.0387041
166
1
0.503418 0.347415 0.852638
-0.000148939 -0.000170466 -0.0386834
167
1
0.503759 0.34779 0.929981
-0.000174547 -0.000192895 -0.0386595
168
1
0.504157 0.348215 1.00727
-0.000204257 -0.00021776 -0.0386322
169
1
0.504623 0.348696 1.08451
-0.000238931 -0.000245587 -0.0386008
170
1
0.505168 0.349241 1.16167
-0.000279525 -0.000277024 -0.0385651
171
1
0.505804 0.34986 1.23876
-0.000327226 -0.000313119 -0.0385244
172
1
0.50655 0.350564 1.31577
-0.000383497 -0.00035494 -0.0384782
173
1
0.507423 0.351368 1.39267
-0.000450036 -0.00040389 -0.0384257
174
1
0.508447 0.352291 1.46947
-0.000528868 -0.000461894 -0.0383662
175
1
0.509647 0.353356 1.54613
-0.000622301 -0.00053149 -0.0382989
176
1
0.511055 0.354594 1.62265
-0.000733057 -0.000615997 -0.0382227
177
1
0.512708 0.356045 1.69901
-0.000864137 -0.00071988 -0.0381367
178
1
0.514645 0.35776 1.77519
-0.00101876 -0.000849202 -0.0380395
179
1
0.516911 0.359808 1.85116
-0.00120012 -0.00101222 -0.0379297
180
1
0.519551 0.362281 1.9269
-0.00141059 -0.00122025 -0.0378054
181
1
0.522614 0.365298 2.00237
-0.0016512 -0.00148899 -0.0376642
182
1
0.526139 0.369027 2.07754
-0.00191909 -0.00184014 -0.0375029
183
1
0.530162 0.373679 2.15236
-0.002207 -0.00230384 -0.0373167
184
1
0.534707 0.379541 2.22677
-0.00249749 -0.00291919 -0.0370988
185
1
0.539781 0.386944 2.30071
-0.00276221 -0.00373645 -0.0368408
186
1
0.54534 0.396198 2.37412
-0.00295419 -0.00480974 -0.0365368
187
1
0.551146 0.407525 2.44697
-0.00300705 -0.00618368 -0.0361936
188
1
0.556596 0.421009 2.51936
-0.00284524 -0.00785517 -0.0358445
189
1
0.560524 0.43674 2.59148
-0.00238006 -0.00969427 -0.0355496
190
1
0.561064 0.45502 2.66342
-0.00134969 -0.0113992 -0.0353585
191
1
0.556403 0.476953 2.73474
0.000906335 -0.0128292 -0.0352585
192
1
0.545952 0.503317 2.80491
0.00471088 -0.0144902 -0.0352589
193
1
0.529879 0.533125 2.87429
0.00836306 -0.0161465 -0.0353023
