194
0
1
1.10498 5.88625 1.06644
0.023305 -0.017926 0.0322236
1
1
1.05673 5.91631 0.999933
0.0235799 -0.0143017 0.0367143
2
1
1.00909 5.94129 0.919756
0.0225552 -0.0101631 0.044017
3
1
0.965091 5.95791 0.826271
0.0210477 -0.00433698 0.0513801
4
1
0.927488 5.96611 0.715077
0.0143374 0.000778877 0.0596718
5
1
0.900648 5.96557 0.583631
0.0105428 0.00325857 0.073883
6
1
0.87909 5.94968 0.423348
0.00620019 0.00811708 0.077043
7
1
0.860909 5.92691 0.20744
0.00722531 0.015693 0.074991
8
1
0.670548 5.78855 0.0625533
0.0352318 0.00601857 -0.0183455
9
1
0.0523051 7.44812 0.514297
0.00107683 0.0207419 -0.075103
10
1
-0.0523051 7.44812 0.514297
0.00107683 -0.0207419 0.075103
11
1
-0.670548 5.78855 0.0625533
0.0352318 -0.00601857 0.0183455
12
1
-0.860909 5.92691 0.20744
0.00722531 -0.015693 -0.074991
13
1
-0.87909 5.94968 0.423348
0.00620019 -0.00811708 -0.077043
14
1
-0.900648 5.96557 0.583631
0.0105428 -0.00325857 -0.073883
15
1
-0.927488 5.96611 0.715077
0.0143374 -0.000778877 -0.0596718
16
1
-0.965091 5.95791 0.826271
0.0210477 0.00433698 -0.0513801
17
1
-1.00909 5.94129 0.919756
0.0225552 0.0101631 -0.044017
18
1
-1.05673 5.91631 0.999933
0.0235799 0.0143017 -0.0367143
19
1
-1.10498 5.88625 1.06644
0.023305 0.017926 -0.0322236
20
1
-1.15282 5.85407 1.12091
0.0223164 0.018675 -0.0251857
21
1
-1.2008 5.82291 1.1644
0.0219845 0.0162817 -0.0192044
22
1
-1.24889 5.79466 1.19848
0.0236555 0.0150906 -0.0154019
23
1
-1.29854 5.76956 1.22563
0.0239517 0.0125109 -0.0118109
24
1
-1.34928 5.7482 1.24653
0.0251463 0.0100193 -0.0087454
25
1
-1.40085 5.73025 1.26147
0.0265624 0.00804655 -0.00532408
26
1
-1.45338 5.71526 1.27016
0.0260653 0.00523344 -0.00186271
27
1
-1.5063 5.70357 1.27258
0.026396 0.00323137 0.000556588
28
1
-1.55959 5.69506 1.26929
0.027087 0.00257374 0.0021004
29
1
-1.61296 5.68913 1.26159
0.0265397 0.00217038 0.00447936
30
1
-1.66602 5.68553 1.25038
0.0261651 0.00175307 0.0069915
31
1
-1.71871 5.68369 1.23597
0.0262232 0.000949263 0.00835407
32
1
-1.77113 5.68305 1.21893
0.0259403 -5.63315e-005 0.00951721
33
1
-1.82326 5.6834 1.19964
0.0257662 -0.00046142 0.0109623
34
1
-1.87485 5.68461 1.1783
0.0257929 -0.000886729 0.0113666
35
1
-1.92564 5.68667 1.15517
0.0253138 -0.00166135 0.0112369
36
1
-1.97564 5.68954 1.13087
0.0244077 -0.00181406 0.0115781
37
1
-2.02535 5.69348 1.10537
0.0240751 -0.00169223 0.0123948
38
1
-2.07528 5.6985 1.07782
0.0245965 -0.00236925 0.013803
39
1
-2.1253 5.70396 1.04752
0.0249459 -0.00327738 0.0157159
40
1
-2.17466 5.70932 1.01447
0.0246289 -0.00324872 0.0177306
41
1
-2.2227 5.71458 0.978726
0.023959 -0.00300415 0.0194047
42
1
-2.26931 5.71966 0.940151
0.0230866 -0.00341918 0.0206548
43
1
-2.31429 5.72505 0.898398
0.0224997 -0.00358937 0.0218361
44
1
-2.35804 5.73085 0.853515
0.0223369 -0.00321839 0.0233544
45
1
-2.40111 5.73739 0.805365
0.0218802 -0.00363766 0.0253173
46
1
-2.4426 5.74499 0.753534
0.0207996 -0.0047628 0.0274094
47
1
-2.48128 5.75374 0.698276
0.0194125 -0.00538147 0.0293076
48
1
-2.51663 5.76317 0.640086
0.0174014 -0.00560435 0.0312797
49
1
-2.54834 5.77252 0.579401
0.0152708 -0.00537472 0.033033
50
1
-2.57702 5.78122 0.517258
0.0138082 -0.0042648 0.0335
51
1
-2.60327 5.78837 0.454307
0.0127623 -0.00283134 0.0333494
52
1
-2.62704 5.79368 0.390587
0.0114485 -0.00184908 0.0331773
53
1
-2.64775 5.79701 0.326192
0.00970799 -0.00104815 0.0331712
54
1
-2.6649 5.79847 0.261276
0.00793409 2.75839e-005 0.0334374
55
1
-2.67894 5.79863 0.196056
0.00663631 0.000771753 0.033825
56
1
-2.68981 5.79819 0.130749
0.00541486 0.000733866 0.0338045
57
1
-2.69706 5.79797 0.0653602
0.00323616 0.00027974 0.0332733
58
1
-2.69971 5.79781 -1.62319e-014
-1.459e-015 -1.13105e-015 0.0329179
59
1
-2.69706 5.79797 -0.0653602
-0.00323616 -0.00027974 0.0332733
60
1
-2.68981 5.79819 -0.130749
-0.00541486 -0.000733866 0.0338045
61
1
-2.67894 5.79863 -0.196056
-0.00663631 -0.000771753 0.033825
62
1
-2.6649 5.79847 -0.261276
-0.00793409 -2.75839e-005 0.0334374
63
1
-2.64775 5.79701 -0.326192
-0.00970799 0.00104815 0.0331712
64
1
-2.62704 5.79368 -0.390587
-0.0114485 0.00184908 0.0331773
65
1
-2.60327 5.78837 -0.454307
-0.0127623 0.00283134 0.0333494
66
1
-2.57702 5.78122 -0.517258
-0.0138082 0.0042648 0.0335
67
1
-2.54834 5.77252 -0.579401
-0.0152708 0.00537472 0.033033
68
1
-2.51663 5.76317 -0.640086
-0.0174014 0.00560435 0.0312797
69
1
-2.48128 5.75374 -0.698276
-0.0194125 0.00538147 0.0293076
70
1
-2.4426 5.74499 -0.753534
-0.0207996 0.0047628 0.0274094
71
1
-2.40111 5.73739 -0.805365
-0.0218802 0.00363766 0.0253173
72
1
-2.35804 5.73085 -0.853515
-0.0223369 0.00321839 0.0233544
73
1
-2.31429 5.72505 -0.898398
-0.0224997 0.00358937 0.0218361
74
1
-2.26931 5.71966 -0.940151
-0.0230866 0.00341918 0.0206548
75
1
-2.2227 5.71458 -0.978726
-0.023959 0.00300415 0.0194047
76
1
-2.17466 5.70932 -1.01447
-0.0246289 0.00324872 0.0177306
77
1
-2.1253 5.70396 -1.04752
-0.0249459 0.00327738 0.0157159
78
1
-2.07528 5.6985 -1.07782
-0.0245965 0.00236925 0.013803
79
1
-2.02535 5.69348 -1.10537
-0.0240751 0.00169223 0.0123948
80
1
-1.97564 5.68954 -1.13087
-0.0244077 0.00181406 0.0115781
81
1
-1.92564 5.68667 -1.15517
-0.0253138 0.00166135 0.0112369
82
1
-1.87485 5.68461 -1.1783
-0.0257929 0.000886729 0.0113666
83
1
-1.82326 5.6834 -1.19964
-0.0257662 0.00046142 0.0109623
84
1
-1.77113 5.68305 -1.21893
-0.0259403 5.63315e-005 0.00951721
85
1
-1.71871 5.68369 -1.23597
-0.0262232 -0.000949263 0.00835407
86
1
-1.66602 5.68553 -1.25038
-0.0261651 -0.00175307 0.0069915
87
1
-1.61296 5.68913 -1.26159
-0.0265397 -0.00217038 0.00447936
88
1
-1.55959 5.69506 -1.26929
-0.027087 -0.00257374 0.0021004
89
1
-1.5063 5.70357 -1.27258
-0.026396 -0.00323137 0.000556588
90
1
-1.45338 5.71526 -1.27016
-0.0260653 -0.00523344 -0.00186271
91
1
-1.40085 5.73025 -1.26147
-0.0265624 -0.00804655 -0.00532408
92
1
-1.34928 5.7482 -1.24653
-0.0251463 -0.0100193 -0.0087454
93
1
-1.29854 5.76956 -1.22563
-0.0239517 -0.0125109 -0.0118109
94
1
-1.24889 5.79466 -1.19848
-0.0236555 -0.0150906 -0.0154019
95
1
-1.2008 5.82291 -1.1644
-0.0219845 -0.0162817 -0.0192044
96
1
-1.15282 5.85407 -1.12091
-0.0223164 -0.018675 -0.0251857
97
1
-1.10498 5.88625 -1.06644
-0.023305 -0.017926 -0.0322236
98
1
-1.05673 5.91631 -0.999933
-0.0235799 -0.0143017 -0.0367143
99
1
-1.00909 5.94129 -0.919756
-0.0225552 -0.0101631 -0.044017
100
1
-0.965091 5.95791 -0.826271
-0.0210477 -0.00433698 -0.0513801
101
1
-0.927488 5.96611 -0.715077
-0.0143374 0.000778877 -0.0596718
102
1
-0.900648 5.96557 -0.583631
-0.0105428 0.00325857 -0.073883
103
1
-0.87909 5.94968 -0.423348
-0.00620019 0.00811708 -0.077043
104
1
-0.860909 5.92691 -0.20744
-0.00722531 0.015693 -0.074991
105
1
-0.670548 5.78855 -0.0625533
-0.0352318 0.00601857 0.0183455
106
1
-0.0523051 7.44812 -0.514297
-0.00107683 0.0207419 0.075103
107
1
0.0523051 7.44812 -0.514297
-0.00107683 -0.0207419 -0.075103
108
1
0.670548 5.78855 -0.0625533
-0.0352318 -0.00601857 -0.0183455
109
1
0.860909 5.92691 -0.20744
-0.00722531 -0.015693 0.074991
110
1
0.87909 5.94968 -0.423348
-0.00620019 -0.00811708 0.077043
111
1
0.900648 5.96557 -0.583631
-0.0105428 -0.00325857 0.073883
112
1
0.927488 5.96611 -0.715077
-0.0143374 -0.000778877 0.0596718
113
1
0.965091 5.95791 -0.826271
-0.0210477 0.00433698 0.0513801
114
1
1.00909 5.94129 -0.919756
-0.0225552 0.0101631 0.044017
115
1
1.05673 5.91631 -0.999933
-0.0235799 0.0143017 0.0367143
116
1
1.10498 5.88625 -1.06644
-0.023305 0.017926 0.0322236
117
1
1.15282 5.85407 -1.12091
-0.0223164 0.018675 0.0251857
118
1
1.2008 5.82291 -1.1644
-0.0219845 0.0162817 0.0192044
119
1
1.24889 5.79466 -1.19848
-0.0236555 0.0150906 0.0154019
120
1
1.29854 5.76956 -1.22563
-0.0239517 0.0125109 0.0118109
121
1
1.34928 5.7482 -1.24653
-0.0251463 0.0100193 0.0087454
122
1
1.40085 5.73025 -1.26147
-0.0265624 0.00804655 0.00532408
123
1
1.45338 5.71526 -1.27016
-0.0260653 0.00523344 0.00186271
124
1
1.5063 5.70357 -1.27258
-0.026396 0.00323137 -0.000556588
125
1
1.55959 5.69506 -1.26929
-0.027087 0.00257374 -0.0021004
126
1
1.61296 5.68913 -1.26159
-0.0265397 0.00217038 -0.00447936
127
1
1.66602 5.68553 -1.25038
-0.0261651 0.00175307 -0.0069915
128
1
1.71871 5.68369 -1.23597
-0.0262232 0.000949263 -0.00835407
129
1
1.77113 5.68305 -1.21893
-0.0259403 -5.63315e-005 -0.00951721
130
1
1.82326 5.6834 -1.19964
-0.0257662 -0.00046142 -0.0109623
131
1
1.87485 5.68461 -1.1783
-0.0257929 -0.000886729 -0.0113666
132
1
1.92564 5.68667 -1.15517
-0.0253138 -0.00166135 -0.0112369
133
1
1.97564 5.68954 -1.13087
-0.0244077 -0.00181406 -0.0115781
134
1
2.02535 5.69348 -1.10537
-0.0240751 -0.00169223 -0.0123948
135
1
2.07528 5.6985 -1.07782
-0.0245965 -0.00236925 -0.013803
136
1
2.1253 5.70396 -1.04752
-0.0249459 -0.00327738 -0.0157159
137
1
2.17466 5.70932 -1.01447
-0.0246289 -0.00324872 -0.0177306
138
1
2.2227 5.71458 -0.978726
-0.023959 -0.00300415 -0.0194047
139
1
2.26931 5.71966 -0.940151
-0.0230866 -0.00341918 -0.0206548
140
1
2.31429 5.72505 -0.898398
-0.0224997 -0.00358937 -0.0218361
141
1
2.35804 5.73085 -0.853515
-0.0223369 -0.00321839 -0.0233544
142
1
2.40111 5.73739 -0.805365
-0.0218802 -0.00363766 -0.0253173
143
1
2.4426 5.74499 -0.753534
-0.0207996 -0.0047628 -0.0274094
144
1
2.48128 5.75374 -0.698276
-0.0194125 -0.00538147 -0.0293076
145
1
2.51663 5.76317 -0.640086
-0.0174014 -0.00560435 -0.0312797
146
1
2.54834 5.77252 -0.579401
-0.0152708 -0.00537472 -0.033033
147
1
2.57702 5.78122 -0.517258
-0.0138082 -0.0042648 -0.0335
148
1
2.60327 5.78837 -0.454307
-0.0127623 -0.00283134 -0.0333494
149
1
2.62704 5.79368 -0.390587
-0.0114485 -0.00184908 -0.0331773
150
1
2.64775 5.79701 -0.326192
-0.00970799 -0.00104815 -0.0331712
151
1
2.6649 5.79847 -0.261276
-0.00793409 2.75839e-005 -0.0334374
152
1
2.67894 5.79863 -0.196056
-0.00663631 0.000771753 -0.033825
153
1
2.68981 5.79819 -0.130749
-0.00541486 0.000733866 -0.0338045
154
1
2.69706 5.79797 -0.0653602
-0.00323616 0.00027974 -0.0332733
155
1
2.69971 5.79781 4.72966e-015
1.69704e-016 -6.7473e-017 -0.0329179
156
1
2.69706 5.79797 0.0653602
0.00323616 -0.00027974 -0.0332733
157
1
2.68981 5.79819 0.130749
0.00541486 -0.000733866 -0.0338045
158
1
2.67894 5.79863 0.196056
0.00663631 -0.000771753 -0.033825
159
1
2.6649 5.79847 0.261276
0.00793409 -2.75839e-005 -0.0334374
160
1
2.64775 5.79701 0.326192
0.00970799 0.00104815 -0.0331712
161
1
2.62704 5.79368 0.390587
0.0114485 0.00184908 -0.0331773
162
1
2.60327 5.78837 0.454307
0.0127623 0.00283134 -0.0333494
163
1
2.57702 5.78122 0.517258
0.0138082 0.0042648 -0.0335
164
1
2.54834 5.77252 0.579401
0.0152708 0.00537472 -0.033033
165
1
2.51663 5.76317 0.640086
0.0174014 0.00560435 -0.0312797
166
1
2.48128 5.75374 0.698276
0.0194125 0.00538147 -0.0293076
167
1
2.4426 5.74499 0.753534
0.0207996 0.0047628 -0.0274094
168
1
2.40111 5.73739 0.805365
0.0218802 0.00363766 -0.0253173
169
1
2.35804 5.73085 0.853515
0.0223369 0.00321839 -0.0233544
170
1
2.31429 5.72505 0.898398
0.0224997 0.00358937 -0.0218361
171
1
2.26931 5.71966 0.940151
0.0230866 0.00341918 -0.0206548
172
1
2.2227 5.71458 0.978726
0.023959 0.00300415 -0.0194047
173
1
2.17466 5.70932 1.01447
0.0246289 0.00324872 -0.0177306
174
1
2.1253 5.70396 1.04752
0.0249459 0.00327738 -0.0157159
175
1
2.07528 5.6985 1.07782
0.0245965 0.00236925 -0.013803
176
1
2.02535 5.69348 1.10537
0.0240751 0.00169223 -0.0123948
177
1
1.97564 5.68954 1.13087
0.0244077 0.00181406 -0.0115781
178
1
1.92564 5.68667 1.15517
0.0253138 0.00166135 -0.0112369
179
1
1.87485 5.68461 1.1783
0.0257929 0.000886729 -0.0113666
180
1
1.82326 5.6834 1.19964
0.0257662 0.00046142 -0.0109623
181
1
1.77113 5.68305 1.21893
0.0259403 5.63315e-005 -0.00951721
182
1
1.71871 5.68369 1.23597
0.0262232 -0.000949263 -0.00835407
183
1
1.66602 5.68553 1.25038
0.0261651 -0.00175307 -0.0069915
184
1
1.61296 5.68913 1.26159
0.0265397 -0.00217038 -0.00447936
185
1
1.55959 5.69506 1.26929
0.027087 -0.00257374 -0.0021004
186
1
1.5063 5.70357 1.27258
0.026396 -0.00323137 -0.000556588
187
1
1.45338 5.71526 1.27016
0.0260653 -0.00523344 0.00186271
188
1
1.40085 5.73025 1.26147
0.0265624 -0.00804655 0.00532408
189
1
1.34928 5.7482 1.24653
0.0251463 -0.0100193 0.0087454
190
1
1.29854 5.76956 1.22563
0.0239517 -0.0125109 0.0118109
191
1
1.24889 5.79466 1.19848
0.0236555 -0.0150906 0.0154019
192
1
1.2008 5.82291 1.1644
0.0219845 -0.0162817 0.0192044
193
1
1.15282 5.85407 1.12091
0.0223164 -0.018675 0.0251857
