194
0
1
0.501574 10.5502 1.65528
0.0274074 0.0375878 -0.0311079
1
1
0.447307 10.4779 1.71098
0.0307757 0.0330365 -0.0220519
2
1
0.38853 10.397 1.75636
0.0303841 0.0423545 -0.0191538
3
1
0.332543 10.3032 1.79915
0.0313416 0.0500417 -0.0210182
4
1
0.296918 10.2105 1.84098
0.00137302 0.0453384 -0.0168622
5
1
0.279754 10.1254 1.88631
0.000892647 0.0293159 -0.0117565
6
1
0.235952 10.0386 1.96082
0.023791 0.0392436 -0.0583157
7
1
0.126973 9.92173 2.04991
0.0543819 0.0455296 -0.00721732
8
1
0.548492 6.07713 0.0566427
0.00667082 -0.0490221 -0.00914258
9
1
0.373715 13.3792 0.0811694
0.052285 -0.0177064 0.00865624
10
1
-0.373935 13.3796 0.0799643
0.0522421 0.0176063 -0.00852469
11
1
-0.550163 6.07733 0.0533824
0.00652833 0.0488154 0.00906715
12
1
-0.126978 9.92173 2.04991
0.0543819 -0.0455293 0.00721748
13
1
-0.235957 10.0386 1.96082
0.0237909 -0.0392438 0.0583159
14
1
-0.279758 10.1254 1.88631
0.000892585 -0.0293159 0.0117565
15
1
-0.296922 10.2105 1.84098
0.00137302 -0.0453384 0.0168622
16
1
-0.332548 10.3032 1.79915
0.0313416 -0.0500417 0.0210183
17
1
-0.388534 10.397 1.75635
0.0303841 -0.0423544 0.019154
18
1
-0.447312 10.4779 1.71098
0.0307756 -0.0330365 0.022052
19
1
-0.501578 10.5502 1.65528
0.0274073 -0.0375878 0.031108
20
1
-0.545306 10.6188 1.5941
0.02231 -0.0362266 0.0333341
21
1
-0.579285 10.6884 1.52846
0.0112785 -0.0293875 0.0296657
22
1
-0.600072 10.755 1.45857
0.00282924 -0.0354328 0.0422234
23
1
-0.613141 10.8185 1.38444
0.00347859 -0.0319946 0.0418376
24
1
-0.622342 10.8748 1.3148
0.00328803 -0.0199253 0.0278086
25
1
-0.626104 10.9244 1.2532
0.00248628 -0.0224266 0.029038
26
1
-0.627187 10.9708 1.19466
-0.000377674 -0.0242709 0.0290834
27
1
-0.627466 11.0145 1.13774
-0.00173362 -0.0204503 0.0260665
28
1
-0.627826 11.0569 1.08135
0.000401543 -0.0182704 0.0248304
29
1
-0.630041 11.1013 1.02567
0.00431831 -0.021415 0.0298588
30
1
-0.632866 11.1467 0.974528
0.00105163 -0.0202739 0.0227147
31
1
-0.632526 11.1928 0.926972
-0.00145884 -0.0212969 0.020019
32
1
-0.627642 11.242 0.881264
-0.00292632 -0.026517 0.0246663
33
1
-0.620298 11.2925 0.838664
-0.00577951 -0.0292134 0.0235987
34
1
-0.611696 11.3432 0.798508
-0.0057829 -0.0285378 0.019783
35
1
-0.60242 11.3957 0.759151
-0.00439761 -0.0274877 0.0199937
36
1
-0.592857 11.4472 0.720328
-0.00536906 -0.0261912 0.0194975
37
1
-0.582546 11.4975 0.683729
-0.00640512 -0.0261207 0.0184388
38
1
-0.571621 11.5469 0.649522
-0.00558721 -0.0238206 0.0160882
39
1
-0.561768 11.5943 0.619182
-0.00475395 -0.0191248 0.0119416
40
1
-0.553286 11.6385 0.593624
-0.00492451 -0.0189841 0.00950337
41
1
-0.545488 11.6809 0.571152
-0.00401557 -0.0206722 0.0084316
42
1
-0.539079 11.7239 0.549577
-0.00290231 -0.0201626 0.00943425
43
1
-0.534391 11.7674 0.528131
-0.00277064 -0.0209232 0.0113256
44
1
-0.531613 11.8117 0.50593
-0.00161873 -0.0246775 0.012026
45
1
-0.531181 11.8576 0.482861
0.00118288 -0.0251772 0.0106808
46
1
-0.534226 11.9035 0.458456
0.0021312 -0.0216008 0.00918687
47
1
-0.539588 11.9471 0.432869
0.0024295 -0.0219528 0.0104044
48
1
-0.547832 11.9892 0.404367
0.00451051 -0.0233323 0.0154753
49
1
-0.559473 12.0289 0.373865
0.00641011 -0.0205113 0.0176772
50
1
-0.574408 12.0647 0.341261
0.00808428 -0.0167317 0.0165439
51
1
-0.592851 12.0977 0.305663
0.0112179 -0.0153507 0.0191983
52
1
-0.61474 12.1272 0.267118
0.0143994 -0.013381 0.0221071
53
1
-0.638191 12.1517 0.225888
0.0168164 -0.0117833 0.0232234
54
1
-0.660135 12.1713 0.182151
0.0162586 -0.0109479 0.0239657
55
1
-0.67806 12.1858 0.136465
0.0096983 -0.00605493 0.0241672
56
1
-0.69076 12.1952 0.0910542
0.00700774 -0.00382942 0.0238437
57
1
-0.697698 12.2003 0.0448588
0.00450758 -0.00237986 0.0228097
58
1
-0.699789 12.2015 -2.39348e-006
-2.10869e-008 3.87516e-008 0.0222579
59
1
-0.697698 12.2003 -0.0448636
-0.00450763 0.00237994 0.0228097
60
1
-0.69076 12.1952 -0.0910589
-0.00700779 0.0038295 0.0238437
61
1
-0.678059 12.1858 -0.136469
-0.00969835 0.006055 0.0241672
62
1
-0.660134 12.1713 -0.182155
-0.0162586 0.010948 0.0239657
63
1
-0.63819 12.1517 -0.225893
-0.0168164 0.0117834 0.0232234
64
1
-0.614739 12.1272 -0.267122
-0.0143995 0.0133811 0.0221071
65
1
-0.59285 12.0977 -0.305668
-0.0112179 0.0153508 0.0191982
66
1
-0.574407 12.0647 -0.341265
-0.00808434 0.0167318 0.0165438
67
1
-0.559471 12.0289 -0.373869
-0.00641016 0.0205114 0.0176771
68
1
-0.54783 11.9892 -0.40437
-0.00451057 0.0233324 0.0154752
69
1
-0.539586 11.9471 -0.432872
-0.00242954 0.0219529 0.0104043
70
1
-0.534224 11.9035 -0.458459
-0.00213124 0.0216009 0.00918678
71
1
-0.531178 11.8576 -0.482864
-0.00118291 0.0251772 0.0106807
72
1
-0.531611 11.8117 -0.505933
0.00161872 0.0246775 0.0120259
73
1
-0.534389 11.7674 -0.528133
0.00277063 0.0209232 0.0113255
74
1
-0.539076 11.7239 -0.54958
0.00290231 0.0201626 0.00943421
75
1
-0.545486 11.6809 -0.571155
0.00401556 0.0206722 0.00843157
76
1
-0.553284 11.6385 -0.593627
0.00492451 0.0189841 0.00950334
77
1
-0.561766 11.5943 -0.619184
0.00475394 0.0191248 0.0119415
78
1
-0.571619 11.5469 -0.649525
0.0055872 0.0238206 0.0160882
79
1
-0.582544 11.4975 -0.683731
0.0064051 0.0261207 0.0184388
80
1
-0.592855 11.4472 -0.72033
0.00536903 0.0261912 0.0194975
81
1
-0.602417 11.3957 -0.759153
0.00439758 0.0274877 0.0199937
82
1
-0.611693 11.3432 -0.79851
0.00578288 0.0285378 0.019783
83
1
-0.620295 11.2925 -0.838666
0.00577948 0.0292134 0.0235987
84
1
-0.627639 11.242 -0.881266
0.0029263 0.026517 0.0246662
85
1
-0.632523 11.1928 -0.926974
0.00145882 0.0212969 0.020019
86
1
-0.632863 11.1467 -0.974531
-0.00105165 0.0202739 0.0227147
87
1
-0.630038 11.1013 -1.02567
-0.00431834 0.021415 0.0298588
88
1
-0.627822 11.0569 -1.08135
-0.000401566 0.0182704 0.0248303
89
1
-0.627463 11.0145 -1.13774
0.00173359 0.0204503 0.0260665
90
1
-0.627183 10.9708 -1.19466
0.000377639 0.0242709 0.0290834
91
1
-0.6261 10.9244 -1.2532
-0.00248632 0.0224266 0.029038
92
1
-0.622338 10.8748 -1.3148
-0.00328807 0.0199252 0.0278086
93
1
-0.613137 10.8185 -1.38444
-0.00347865 0.0319946 0.0418376
94
1
-0.600068 10.755 -1.45857
-0.00282931 0.0354328 0.0422234
95
1
-0.579281 10.6884 -1.52846
-0.0112785 0.0293875 0.0296657
96
1
-0.545302 10.6188 -1.5941
-0.0223101 0.0362266 0.033334
97
1
-0.501574 10.5502 -1.65528
-0.0274074 0.0375878 0.0311079
98
1
-0.447307 10.4779 -1.71098
-0.0307757 0.0330365 0.0220519
99
1
-0.38853 10.397 -1.75636
-0.0303841 0.0423545 0.0191538
100
1
-0.332543 10.3032 -1.79915
-0.0313416 0.0500417 0.0210182
101
1
-0.296918 10.2105 -1.84098
-0.00137302 0.0453384 0.0168622
102
1
-0.279754 10.1254 -1.88631
-0.000892647 0.0293159 0.0117565
103
1
-0.235952 10.0386 -1.96082
-0.023791 0.0392436 0.0583157
104
1
-0.126973 9.92173 -2.04991
-0.0543819 0.0455296 0.00721732
105
1
-0.548487 6.07713 -0.0566534
-0.00667155 -0.0490226 0.00914225
106
1
-0.373715 13.3792 -0.0811706
-0.052285 -0.0177065 -0.0086564
107
1
0.373934 13.3796 -0.0799655
-0.0522422 0.0176064 0.00852485
108
1
0.550159 6.07733 -0.0533933
-0.00652907 0.048816 -0.00906683
109
1
0.126978 9.92173 -2.04991
-0.0543819 -0.0455293 -0.00721748
110
1
0.235957 10.0386 -1.96082
-0.0237909 -0.0392438 -0.0583159
111
1
0.279758 10.1254 -1.88631
-0.000892585 -0.0293159 -0.0117565
112
1
0.296922 10.2105 -1.84098
-0.00137302 -0.0453384 -0.0168622
113
1
0.332548 10.3032 -1.79915
-0.0313416 -0.0500417 -0.0210183
114
1
0.388534 10.397 -1.75635
-0.0303841 -0.0423544 -0.019154
115
1
0.447312 10.4779 -1.71098
-0.0307756 -0.0330365 -0.022052
116
1
0.501578 10.5502 -1.65528
-0.0274073 -0.0375878 -0.031108
117
1
0.545306 10.6188 -1.5941
-0.02231 -0.0362266 -0.0333341
118
1
0.579285 10.6884 -1.52846
-0.0112785 -0.0293875 -0.0296657
119
1
0.600072 10.755 -1.45857
-0.00282924 -0.0354328 -0.0422234
120
1
0.613141 10.8185 -1.38444
-0.00347859 -0.0319946 -0.0418376
121
1
0.622342 10.8748 -1.3148
-0.00328803 -0.0199253 -0.0278086
122
1
0.626104 10.9244 -1.2532
-0.00248628 -0.0224266 -0.029038
123
1
0.627187 10.9708 -1.19466
0.000377674 -0.0242709 -0.0290834
124
1
0.627466 11.0145 -1.13774
0.00173362 -0.0204503 -0.0260665
125
1
0.627826 11.0569 -1.08135
-0.000401542 -0.0182704 -0.0248304
126
1
0.630041 11.1013 -1.02567
-0.00431831 -0.021415 -0.0298588
127
1
0.632866 11.1467 -0.974529
-0.00105163 -0.0202739 -0.0227147
128
1
0.632526 11.1928 -0.926972
0.00145884 -0.0212969 -0.020019
129
1
0.627642 11.242 -0.881264
0.00292632 -0.026517 -0.0246663
130
1
0.620298 11.2925 -0.838664
0.0057795 -0.0292134 -0.0235987
131
1
0.611696 11.3432 -0.798508
0.0057829 -0.0285378 -0.019783
132
1
0.60242 11.3957 -0.759151
0.00439761 -0.0274877 -0.0199937
133
1
0.592857 11.4472 -0.720328
0.00536905 -0.0261912 -0.0194975
134
1
0.582546 11.4975 -0.683729
0.00640511 -0.0261207 -0.0184388
135
1
0.571621 11.5469 -0.649522
0.00558721 -0.0238206 -0.0160882
136
1
0.561768 11.5943 -0.619182
0.00475395 -0.0191248 -0.0119416
137
1
0.553286 11.6385 -0.593624
0.00492451 -0.0189841 -0.00950337
138
1
0.545488 11.6809 -0.571152
0.00401557 -0.0206722 -0.0084316
139
1
0.539079 11.7239 -0.549577
0.00290231 -0.0201626 -0.00943425
140
1
0.534392 11.7674 -0.528131
0.00277064 -0.0209232 -0.0113256
141
1
0.531613 11.8117 -0.50593
0.00161873 -0.0246775 -0.012026
142
1
0.531181 11.8576 -0.482861
-0.00118288 -0.0251772 -0.0106808
143
1
0.534226 11.9035 -0.458456
-0.0021312 -0.0216008 -0.00918687
144
1
0.539588 11.9471 -0.432869
-0.0024295 -0.0219528 -0.0104044
145
1
0.547832 11.9892 -0.404367
-0.00451051 -0.0233323 -0.0154753
146
1
0.559473 12.0289 -0.373866
-0.00641011 -0.0205113 -0.0176772
147
1
0.574408 12.0647 -0.341261
-0.00808428 -0.0167317 -0.0165439
148
1
0.592851 12.0977 -0.305663
-0.0112179 -0.0153507 -0.0191983
149
1
0.61474 12.1272 -0.267118
-0.0143994 -0.013381 -0.0221071
150
1
0.638191 12.1517 -0.225888
-0.0168164 -0.0117833 -0.0232234
151
1
0.660135 12.1713 -0.182151
-0.0162586 -0.0109479 -0.0239657
152
1
0.67806 12.1858 -0.136465
-0.0096983 -0.00605493 -0.0241672
153
1
0.69076 12.1952 -0.0910542
-0.00700774 -0.00382942 -0.0238437
154
1
0.697698 12.2003 -0.0448588
-0.00450758 -0.00237986 -0.0228097
155
1
0.699789 12.2015 2.38448e-006
2.17e-008 3.73968e-008 -0.0222579
156
1
0.697698 12.2003 0.0448635
0.00450763 0.00237994 -0.0228097
157
1
0.69076 12.1952 0.0910589
0.00700779 0.0038295 -0.0238437
158
1
0.678059 12.1858 0.136469
0.00969835 0.006055 -0.0241672
159
1
0.660134 12.1713 0.182155
0.0162586 0.010948 -0.0239657
160
1
0.63819 12.1517 0.225893
0.0168164 0.0117834 -0.0232234
161
1
0.614739 12.1272 0.267122
0.0143995 0.0133811 -0.0221071
162
1
0.59285 12.0977 0.305668
0.0112179 0.0153508 -0.0191982
163
1
0.574407 12.0647 0.341265
0.00808434 0.0167318 -0.0165438
164
1
0.559471 12.0289 0.373869
0.00641016 0.0205114 -0.0176771
165
1
0.54783 11.9892 0.40437
0.00451057 0.0233324 -0.0154752
166
1
0.539586 11.9471 0.432872
0.00242954 0.0219529 -0.0104043
167
1
0.534224 11.9035 0.458459
0.00213124 0.0216009 -0.00918678
168
1
0.531178 11.8576 0.482864
0.00118291 0.0251772 -0.0106807
169
1
0.531611 11.8117 0.505933
-0.00161872 0.0246775 -0.0120259
170
1
0.534389 11.7674 0.528133
-0.00277063 0.0209232 -0.0113255
171
1
0.539076 11.7239 0.54958
-0.00290231 0.0201626 -0.00943421
172
1
0.545486 11.6809 0.571155
-0.00401556 0.0206722 -0.00843157
173
1
0.553284 11.6385 0.593627
-0.00492451 0.0189841 -0.00950334
174
1
0.561766 11.5943 0.619184
-0.00475394 0.0191248 -0.0119415
175
1
0.571619 11.5469 0.649525
-0.0055872 0.0238206 -0.0160882
176
1
0.582544 11.4975 0.683731
-0.0064051 0.0261207 -0.0184388
177
1
0.592855 11.4472 0.72033
-0.00536903 0.0261912 -0.0194975
178
1
0.602417 11.3957 0.759153
-0.00439758 0.0274877 -0.0199937
179
1
0.611693 11.3432 0.79851
-0.00578288 0.0285378 -0.019783
180
1
0.620295 11.2925 0.838666
-0.00577948 0.0292134 -0.0235987
181
1
0.627639 11.242 0.881266
-0.0029263 0.026517 -0.0246662
182
1
0.632523 11.1928 0.926974
-0.00145882 0.0212969 -0.020019
183
1
0.632863 11.1467 0.974531
0.00105165 0.0202739 -0.0227147
184
1
0.630038 11.1013 1.02567
0.00431834 0.021415 -0.0298588
185
1
0.627822 11.0569 1.08135
0.000401566 0.0182704 -0.0248303
186
1
0.627463 11.0145 1.13774
-0.00173359 0.0204503 -0.0260665
187
1
0.627183 10.9708 1.19466
-0.000377638 0.0242709 -0.0290834
188
1
0.6261 10.9244 1.2532
0.00248632 0.0224266 -0.029038
189
1
0.622338 10.8748 1.3148
0.00328807 0.0199252 -0.0278086
190
1
0.613137 10.8185 1.38444
0.00347865 0.0319946 -0.0418376
191
1
0.600068 10.755 1.45857
0.00282931 0.0354328 -0.0422234
192
1
0.579281 10.6884 1.52846
0.0112785 0.0293875 -0.0296657
193
1
0.545302 10.6188 1.5941
0.0223101 0.0362266 -0.033334
