194
0
1
0.943219 3.68647 0.701314
0.0313552 -0.0301123 -0.017475
1
1
0.876844 3.74265 0.735478
0.0359227 -0.0271171 -0.0194456
2
1
0.800658 3.79401 0.772472
0.0403545 -0.0241082 -0.0198642
3
1
0.714983 3.83948 0.809903
0.0452716 -0.0208154 -0.0197757
4
1
0.620673 3.87883 0.84588
0.0487387 -0.0177859 -0.0179488
5
1
0.518648 3.91213 0.877862
0.0523233 -0.0145537 -0.0148693
6
1
0.41017 3.93975 0.90444
0.055531 -0.012101 -0.0119943
7
1
0.296531 3.96129 0.925279
0.0577898 -0.00901653 -0.00920061
8
1
0.179239 3.97537 0.940209
0.0591721 -0.00519394 -0.00629591
9
1
0.0599496 3.98224 0.947987
0.0599123 -0.00181136 -0.00214063
10
1
-0.0599496 3.98224 0.947987
0.0599123 0.00181136 0.00214063
11
1
-0.179239 3.97537 0.940209
0.0591721 0.00519394 0.00629591
12
1
-0.296531 3.96129 0.925279
0.0577898 0.00901653 0.00920061
13
1
-0.41017 3.93975 0.90444
0.055531 0.012101 0.0119943
14
1
-0.518648 3.91213 0.877862
0.0523233 0.0145537 0.0148693
15
1
-0.620673 3.87883 0.84588
0.0487387 0.0177859 0.0179488
16
1
-0.714983 3.83948 0.809903
0.0452716 0.0208154 0.0197757
17
1
-0.800658 3.79401 0.772472
0.0403545 0.0241082 0.0198642
18
1
-0.876844 3.74265 0.735478
0.0359227 0.0271171 0.0194456
19
1
-0.943219 3.68647 0.701314
0.0313552 0.0301123 0.017475
20
1
-1.00017 3.62754 0.671601
0.0258168 0.0309007 0.014567
21
1
-1.04926 3.56731 0.647081
0.0216931 0.0307132 0.0120294
22
1
-1.09212 3.50742 0.628323
0.0184841 0.0304625 0.00849182
23
1
-1.13074 3.4483 0.615553
0.016087 0.0294791 0.00556569
24
1
-1.16651 3.39119 0.608926
0.0154592 0.028305 0.00191524
25
1
-1.20081 3.33652 0.608426
0.0156634 0.0268252 -0.00173295
26
1
-1.23489 3.28492 0.613668
0.0154442 0.0247485 -0.00447775
27
1
-1.26967 3.23688 0.623025
0.0163068 0.0226904 -0.00670406
28
1
-1.3057 3.19193 0.635554
0.0181767 0.0210278 -0.00849191
29
1
-1.34383 3.15013 0.650164
0.019155 0.0193271 -0.00926834
30
1
-1.38432 3.1113 0.664988
0.0199833 0.0178106 -0.00908576
31
1
-1.42707 3.07485 0.678793
0.0216099 0.0168355 -0.00819181
32
1
-1.47191 3.04055 0.691028
0.0228951 0.0162065 -0.00693209
33
1
-1.51865 3.00839 0.701229
0.0234704 0.0156995 -0.00545
34
1
-1.56692 2.97812 0.708654
0.0240146 0.0152921 -0.00343945
35
1
-1.61605 2.94915 0.712969
0.0242511 0.0146385 -0.00105689
36
1
-1.66562 2.92122 0.714239
0.0239784 0.0136332 0.00098192
37
1
-1.71588 2.89413 0.712408
0.0243311 0.0129356 0.00281919
38
1
-1.76717 2.86723 0.706961
0.0256287 0.0131111 0.00471567
39
1
-1.81907 2.84 0.698023
0.0264248 0.0138245 0.00574801
40
1
-1.87055 2.81265 0.686845
0.0261562 0.0140486 0.00562356
41
1
-1.92111 2.78626 0.674541
0.0256093 0.0132391 0.00556981
42
1
-1.97066 2.7613 0.660969
0.0251902 0.0119779 0.00626292
43
1
-2.01965 2.73798 0.64555
0.0249698 0.0111764 0.00742071
44
1
-2.06817 2.71563 0.627198
0.0249849 0.0109451 0.00879537
45
1
-2.11635 2.69411 0.605308
0.0252193 0.010601 0.0104766
46
1
-2.16364 2.67415 0.579315
0.0249931 0.00967337 0.0127695
47
1
-2.20898 2.65663 0.548778
0.0236119 0.00844834 0.0158681
48
1
-2.25112 2.64196 0.513165
0.0213071 0.0070891 0.0194487
49
1
-2.28909 2.62994 0.472373
0.0188184 0.00550203 0.0227456
50
1
-2.32242 2.62041 0.427159
0.0165124 0.00390669 0.0247693
51
1
-2.3515 2.61302 0.378709
0.014484 0.00267843 0.0259753
52
1
-2.37685 2.60743 0.3276
0.0126497 0.00186992 0.0269283
53
1
-2.3988 2.60399 0.274587
0.0109418 0.00130148 0.0276864
54
1
-2.41762 2.60241 0.220526
0.00916045 0.000927997 0.0281799
55
1
-2.43315 2.60216 0.165877
0.00701808 0.000732251 0.028476
56
1
-2.44477 2.60239 0.110841
0.00451699 0.00055115 0.0284754
57
1
-2.45191 2.60274 0.0554933
0.00209502 0.000255288 0.0281622
58
1
-2.45442 2.60283 -1.35549e-015
5.77317e-017 -1.80632e-016 0.0279562
59
1
-2.45191 2.60274 -0.0554933
-0.00209502 -0.000255288 0.0281622
60
1
-2.44477 2.60239 -0.110841
-0.00451699 -0.00055115 0.0284754
61
1
-2.43315 2.60216 -0.165877
-0.00701808 -0.000732251 0.028476
62
1
-2.41762 2.60241 -0.220526
-0.00916045 -0.000927997 0.0281799
63
1
-2.3988 2.60399 -0.274587
-0.0109418 -0.00130148 0.0276864
64
1
-2.37685 2.60743 -0.3276
-0.0126497 -0.00186992 0.0269283
65
1
-2.3515 2.61302 -0.378709
-0.014484 -0.00267843 0.0259753
66
1
-2.32242 2.62041 -0.427159
-0.0165124 -0.00390669 0.0247693
67
1
-2.28909 2.62994 -0.472373
-0.0188184 -0.00550203 0.0227456
68
1
-2.25112 2.64196 -0.513165
-0.0213071 -0.0070891 0.0194487
69
1
-2.20898 2.65663 -0.548778
-0.0236119 -0.00844834 0.0158681
70
1
-2.16364 2.67415 -0.579315
-0.0249931 -0.00967337 0.0127695
71
1
-2.11635 2.69411 -0.605308
-0.0252193 -0.010601 0.0104766
72
1
-2.06817 2.71563 -0.627198
-0.0249849 -0.0109451 0.00879537
73
1
-2.01965 2.73798 -0.64555
-0.0249698 -0.0111764 0.00742071
74
1
-1.97066 2.7613 -0.660969
-0.0251902 -0.0119779 0.00626292
75
1
-1.92111 2.78626 -0.674541
-0.0256093 -0.0132391 0.00556981
76
1
-1.87055 2.81265 -0.686845
-0.0261562 -0.0140486 0.00562356
77
1
-1.81907 2.84 -0.698023
-0.0264248 -0.0138245 0.00574801
78
1
-1.76717 2.86723 -0.706961
-0.0256287 -0.0131111 0.00471567
79
1
-1.71588 2.89413 -0.712408
-0.0243311 -0.0129356 0.00281919
80
1
-1.66562 2.92122 -0.714239
-0.0239784 -0.0136332 0.00098192
81
1
-1.61605 2.94915 -0.712969
-0.0242511 -0.0146385 -0.00105689
82
1
-1.56692 2.97812 -0.708654
-0.0240146 -0.0152921 -0.00343945
83
1
-1.51865 3.00839 -0.701229
-0.0234704 -0.0156995 -0.00545
84
1
-1.47191 3.04055 -0.691028
-0.0228951 -0.0162065 -0.00693209
85
1
-1.42707 3.07485 -0.678793
-0.0216099 -0.0168355 -0.00819181
86
1
-1.38432 3.1113 -0.664988
-0.0199833 -0.0178106 -0.00908576
87
1
-1.34383 3.15013 -0.650164
-0.019155 -0.0193271 -0.00926834
88
1
-1.3057 3.19193 -0.635554
-0.0181767 -0.0210278 -0.00849191
89
1
-1.26967 3.23688 -0.623025
-0.0163068 -0.0226904 -0.00670406
90
1
-1.23489 3.28492 -0.613668
-0.0154442 -0.0247485 -0.00447775
91
1
-1.20081 3.33652 -0.608426
-0.0156634 -0.0268252 -0.00173295
92
1
-1.16651 3.39119 -0.608926
-0.0154592 -0.028305 0.00191524
93
1
-1.13074 3.4483 -0.615553
-0.016087 -0.0294791 0.00556569
94
1
-1.09212 3.50742 -0.628323
-0.0184841 -0.0304625 0.00849182
95
1
-1.04926 3.56731 -0.647081
-0.0216931 -0.0307132 0.0120294
96
1
-1.00017 3.62754 -0.671601
-0.0258168 -0.0309007 0.014567
97
1
-0.943219 3.68647 -0.701314
-0.0313552 -0.0301123 0.017475
98
1
-0.876844 3.74265 -0.735478
-0.0359227 -0.0271171 0.0194456
99
1
-0.800658 3.79401 -0.772472
-0.0403545 -0.0241082 0.0198642
100
1
-0.714983 3.83948 -0.809903
-0.0452716 -0.0208154 0.0197757
101
1
-0.620673 3.87883 -0.84588
-0.0487387 -0.0177859 0.0179488
102
1
-0.518648 3.91213 -0.877862
-0.0523233 -0.0145537 0.0148693
103
1
-0.41017 3.93975 -0.90444
-0.055531 -0.012101 0.0119943
104
1
-0.296531 3.96129 -0.925279
-0.0577898 -0.00901653 0.00920061
105
1
-0.179239 3.97537 -0.940209
-0.0591721 -0.00519394 0.00629591
106
1
-0.0599496 3.98224 -0.947987
-0.0599123 -0.00181136 0.00214063
107
1
0.0599496 3.98224 -0.947987
-0.0599123 0.00181136 -0.00214063
108
1
0.179239 3.97537 -0.940209
-0.0591721 0.00519394 -0.00629591
109
1
0.296531 3.96129 -0.925279
-0.0577898 0.00901653 -0.00920061
110
1
0.41017 3.93975 -0.90444
-0.055531 0.012101 -0.0119943
111
1
0.518648 3.91213 -0.877862
-0.0523233 0.0145537 -0.0148693
112
1
0.620673 3.87883 -0.84588
-0.0487387 0.0177859 -0.0179488
113
1
0.714983 3.83948 -0.809903
-0.0452716 0.0208154 -0.0197757
114
1
0.800658 3.79401 -0.772472
-0.0403545 0.0241082 -0.0198642
115
1
0.876844 3.74265 -0.735478
-0.0359227 0.0271171 -0.0194456
116
1
0.943219 3.68647 -0.701314
-0.0313552 0.0301123 -0.017475
117
1
1.00017 3.62754 -0.671601
-0.0258168 0.0309007 -0.014567
118
1
1.04926 3.56731 -0.647081
-0.0216931 0.0307132 -0.0120294
119
1
1.09212 3.50742 -0.628323
-0.0184841 0.0304625 -0.00849182
120
1
1.13074 3.4483 -0.615553
-0.016087 0.0294791 -0.00556569
121
1
1.16651 3.39119 -0.608926
-0.0154592 0.028305 -0.00191524
122
1
1.20081 3.33652 -0.608426
-0.0156634 0.0268252 0.00173295
123
1
1.23489 3.28492 -0.613668
-0.0154442 0.0247485 0.00447775
124
1
1.26967 3.23688 -0.623025
-0.0163068 0.0226904 0.00670406
125
1
1.3057 3.19193 -0.635554
-0.0181767 0.0210278 0.00849191
126
1
1.34383 3.15013 -0.650164
-0.019155 0.0193271 0.00926834
127
1
1.38432 3.1113 -0.664988
-0.0199833 0.0178106 0.00908576
128
1
1.42707 3.07485 -0.678793
-0.0216099 0.0168355 0.00819181
129
1
1.47191 3.04055 -0.691028
-0.0228951 0.0162065 0.00693209
130
1
1.51865 3.00839 -0.701229
-0.0234704 0.0156995 0.00545
131
1
1.56692 2.97812 -0.708654
-0.0240146 0.0152921 0.00343945
132
1
1.61605 2.94915 -0.712969
-0.0242511 0.0146385 0.00105689
133
1
1.66562 2.92122 -0.714239
-0.0239784 0.0136332 -0.00098192
134
1
1.71588 2.89413 -0.712408
-0.0243311 0.0129356 -0.00281919
135
1
1.76717 2.86723 -0.706961
-0.0256287 0.0131111 -0.00471567
136
1
1.81907 2.84 -0.698023
-0.0264248 0.0138245 -0.00574801
137
1
1.87055 2.81265 -0.686845
-0.0261562 0.0140486 -0.00562356
138
1
1.92111 2.78626 -0.674541
-0.0256093 0.0132391 -0.00556981
139
1
1.97066 2.7613 -0.660969
-0.0251902 0.0119779 -0.00626292
140
1
2.01965 2.73798 -0.64555
-0.0249698 0.0111764 -0.00742071
141
1
2.06817 2.71563 -0.627198
-0.0249849 0.0109451 -0.00879537
142
1
2.11635 2.69411 -0.605308
-0.0252193 0.010601 -0.0104766
143
1
2.16364 2.67415 -0.579315
-0.0249931 0.00967337 -0.0127695
144
1
2.20898 2.65663 -0.548778
-0.0236119 0.00844834 -0.0158681
145
1
2.25112 2.64196 -0.513165
-0.0213071 0.0070891 -0.0194487
146
1
2.28909 2.62994 -0.472373
-0.0188184 0.00550203 -0.0227456
147
1
2.32242 2.62041 -0.427159
-0.0165124 0.00390669 -0.0247693
148
1
2.3515 2.61302 -0.378709
-0.014484 0.00267843 -0.0259753
149
1
2.37685 2.60743 -0.3276
-0.0126497 0.00186992 -0.0269283
150
1
2.3988 2.60399 -0.274587
-0.0109418 0.00130148 -0.0276864
151
1
2.41762 2.60241 -0.220526
-0.00916045 0.000927997 -0.0281799
152
1
2.43315 2.60216 -0.165877
-0.00701808 0.000732251 -0.028476
153
1
2.44477 2.60239 -0.110841
-0.00451699 0.00055115 -0.0284754
154
1
2.45191 2.60274 -0.0554933
-0.00209502 0.000255288 -0.0281622
155
1
2.45442 2.60283 -3.53908e-015
-4.87139e-016 -1.16687e-016 -0.0279562
156
1
2.45191 2.60274 0.0554933
0.00209502 -0.000255288 -0.0281622
157
1
2.44477 2.60239 0.110841
0.00451699 -0.00055115 -0.0284754
158
1
2.43315 2.60216 0.165877
0.00701808 -0.000732251 -0.028476
159
1
2.41762 2.60241 0.220526
0.00916045 -0.000927997 -0.0281799
160
1
2.3988 2.60399 0.274587
0.0109418 -0.00130148 -0.0276864
161
1
2.37685 2.60743 0.3276
0.0126497 -0.00186992 -0.0269283
162
1
2.3515 2.61302 0.378709
0.014484 -0.00267843 -0.0259753
163
1
2.32242 2.62041 0.427159
0.0165124 -0.00390669 -0.0247693
164
1
2.28909 2.62994 0.472373
0.0188184 -0.00550203 -0.0227456
165
1
2.25112 2.64196 0.513165
0.0213071 -0.0070891 -0.0194487
166
1
2.20898 2.65663 0.548778
0.0236119 -0.00844834 -0.0158681
167
1
2.16364 2.67415 0.579315
0.0249931 -0.00967337 -0.0127695
168
1
2.11635 2.69411 0.605308
0.0252193 -0.010601 -0.0104766
169
1
2.06817 2.71563 0.627198
0.0249849 -0.0109451 -0.00879537
170
1
2.01965 2.73798 0.64555
0.0249698 -0.0111764 -0.00742071
171
1
1.97066 2.7613 0.660969
0.0251902 -0.0119779 -0.00626292
172
1
1.92111 2.78626 0.674541
0.0256093 -0.0132391 -0.00556981
173
1
1.87055 2.81265 0.686845
0.0261562 -0.0140486 -0.00562356
174
1
1.81907 2.84 0.698023
0.0264248 -0.0138245 -0.00574801
175
1
1.76717 2.86723 0.706961
0.0256287 -0.0131111 -0.00471567
176
1
1.71588 2.89413 0.712408
0.0243311 -0.0129356 -0.00281919
177
1
1.66562 2.92122 0.714239
0.0239784 -0.0136332 -0.00098192
178
1
1.61605 2.94915 0.712969
0.0242511 -0.0146385 0.00105689
179
1
1.56692 2.97812 0.708654
0.0240146 -0.0152921 0.00343945
180
1
1.51865 3.00839 0.701229
0.0234704 -0.0156995 0.00545
181
1
1.47191 3.04055 0.691028
0.0228951 -0.0162065 0.00693209
182
1
1.42707 3.07485 0.678793
0.0216099 -0.0168355 0.00819181
183
1
1.38432 3.1113 0.664988
0.0199833 -0.0178106 0.00908576
184
1
1.34383 3.15013 0.650164
0.019155 -0.0193271 0.00926834
185
1
1.3057 3.19193 0.635554
0.0181767 -0.0210278 0.00849191
186
1
1.26967 3.23688 0.623025
0.0163068 -0.0226904 0.00670406
187
1
1.23489 3.28492 0.613668
0.0154442 -0.0247485 0.00447775
188
1
1.20081 3.33652 0.608426
0.0156634 -0.0268252 0.00173295
189
1
1.16651 3.39119 0.608926
0.0154592 -0.028305 -0.00191524
190
1
1.13074 3.4483 0.615553
0.016087 -0.0294791 -0.00556569
191
1
1.09212 3.50742 0.628323
0.0184841 -0.0304625 -0.00849182
192
1
1.04926 3.56731 0.647081
0.0216931 -0.0307132 -0.0120294
193
1
1.00017 3.62754 0.671601
0.0258168 -0.0309007 -0.014567
