194
0
1
0.503707 11.0581 1.99546
-0.0113326 0.0232988 -0.0387979
1
1
0.508829 11.0129 2.06979
-0.00531174 0.016632 -0.0294097
2
1
0.497769 10.977 2.166
0.0196652 0.0111353 -0.0646563
3
1
0.472199 10.9418 2.27015
0.0120905 0.0193217 -0.0483451
4
1
0.438169 10.8912 2.36186
0.0207278 0.0347065 -0.0398486
5
1
0.401054 10.84 2.43901
0.0105514 0.0116587 -0.0225234
6
1
0.330215 10.8034 2.55153
0.0367364 0.00622819 -0.0660354
7
1
0.169964 10.7673 2.6722
0.0754145 0.0125557 -0.0149358
8
1
0.774623 6.73364 0.0612756
0.0367399 0.0334215 -0.00834523
9
1
1.33612 13.8698 0.0894421
-0.0192965 -0.0573155 0.00703206
10
1
-1.33793 13.8723 0.0693471
-0.0194053 0.0571249 -0.00948829
11
1
-0.775501 6.73519 0.0482231
0.0363891 -0.033251 0.00976554
12
1
-0.169987 10.7673 2.6722
0.0754145 -0.0125549 0.0149366
13
1
-0.330239 10.8034 2.55152
0.0367362 -0.00622847 0.0660355
14
1
-0.401078 10.84 2.439
0.0105516 -0.0116587 0.0225237
15
1
-0.438193 10.8912 2.36185
0.0207281 -0.0347067 0.0398491
16
1
-0.472223 10.9418 2.27015
0.0120905 -0.0193215 0.0483453
17
1
-0.497793 10.977 2.16599
0.0196648 -0.0111352 0.0646561
18
1
-0.508853 11.0129 2.06978
-0.00531181 -0.0166322 0.0294097
19
1
-0.503731 11.0581 1.99545
-0.0113323 -0.0232991 0.038798
20
1
-0.498937 11.1126 1.92506
-0.000806456 -0.0303094 0.0367532
21
1
-0.504103 11.179 1.86063
0.00541954 -0.0339634 0.021307
22
1
-0.52079 11.2527 1.80645
0.0141151 -0.0432511 0.0236235
23
1
-0.545259 11.3286 1.75436
0.0153495 -0.0401419 0.0280908
24
1
-0.571477 11.3956 1.70318
0.0117052 -0.0236519 0.0211052
25
1
-0.595621 11.4507 1.65356
0.0134013 -0.0247051 0.0227063
26
1
-0.617516 11.501 1.6055
0.0128235 -0.0254846 0.0228192
27
1
-0.635528 11.548 1.55883
0.00858481 -0.0210262 0.0209453
28
1
-0.647914 11.5915 1.50987
0.00303721 -0.0196007 0.0208942
29
1
-0.653686 11.6346 1.45696
0.000298036 -0.0224006 0.0273225
30
1
-0.654546 11.6776 1.40501
-0.00287881 -0.0175528 0.0257596
31
1
-0.653389 11.7207 1.35302
-0.00218769 -0.0178203 0.0245767
32
1
-0.65008 11.7663 1.30096
-0.000129472 -0.0257956 0.0283392
33
1
-0.645064 11.8122 1.25073
-0.00281189 -0.0266358 0.0288494
34
1
-0.63653 11.8562 1.20208
-0.00562441 -0.0225534 0.0263965
35
1
-0.625084 11.8998 1.15301
-0.00577953 -0.0216777 0.02587
36
1
-0.610603 11.9418 1.10499
-0.00817259 -0.0208156 0.0245663
37
1
-0.594261 11.9829 1.05937
-0.0107427 -0.0210387 0.0229943
38
1
-0.576311 12.024 1.01619
-0.00923738 -0.0203615 0.0199377
39
1
-0.558898 12.0644 0.976817
-0.00682431 -0.0163641 0.0166592
40
1
-0.542228 12.1023 0.942608
-0.00780596 -0.0150315 0.0156494
41
1
-0.525749 12.1385 0.911598
-0.00886895 -0.0159469 0.014022
42
1
-0.508796 12.1753 0.882213
-0.00779876 -0.0171441 0.0134263
43
1
-0.490933 12.2136 0.85445
-0.0078547 -0.0197261 0.0142997
44
1
-0.471174 12.2537 0.828211
-0.0106603 -0.0232755 0.0144217
45
1
-0.449132 12.2964 0.80399
-0.0115027 -0.0226083 0.0125555
46
1
-0.425844 12.3406 0.782333
-0.0101919 -0.0196314 0.00997251
47
1
-0.402083 12.385 0.765526
-0.0114529 -0.0218944 0.00736467
48
1
-0.376397 12.4311 0.752948
-0.012613 -0.0261759 0.00549561
49
1
-0.349791 12.4783 0.745455
-0.0135182 -0.0263783 0.00106569
50
1
-0.322271 12.526 0.7431
-0.0131871 -0.0246884 -0.00357933
51
1
-0.289927 12.5758 0.749679
-0.0130693 -0.0263181 -0.00445182
52
1
-0.245867 12.6225 0.761525
-0.0175611 -0.027877 -0.0028125
53
1
-0.184636 12.662 0.770942
-0.0521906 -0.0268107 -0.00227471
54
1
-0.121371 12.7257 0.770749
-0.0707626 -0.0148134 -0.02907
55
1
-0.0798686 12.8188 0.82865
0.0253197 -0.0472389 0.00271411
56
1
-0.00971396 12.7969 0.590004
0.00528949 -0.0581855 0.0515589
57
1
-0.0408691 13.1724 0.271851
0.00873778 0.00218265 0.0766106
58
1
-0.0422503 13.2745 7.29702e-006
7.8735e-006 2.36227e-006 0.0779221
59
1
-0.0408474 13.1724 -0.271851
-0.00875969 -0.0021931 0.0766108
60
1
-0.00967933 12.7969 -0.589981
-0.00529932 0.058183 0.0515607
61
1
-0.0798249 12.8188 -0.828651
-0.0253694 0.0472325 0.00274658
62
1
-0.121296 12.7257 -0.770742
0.0707648 0.0148164 -0.0290631
63
1
-0.184551 12.662 -0.770939
0.0522081 0.026817 -0.00226952
64
1
-0.245799 12.6225 -0.761525
0.0175636 0.0278763 -0.00280939
65
1
-0.289864 12.5758 -0.749682
0.0130701 0.0263171 -0.00444948
66
1
-0.32221 12.526 -0.743106
0.0131877 0.0246877 -0.0035778
67
1
-0.349732 12.4783 -0.745463
0.0135189 0.0263777 0.00106688
68
1
-0.37634 12.4311 -0.752958
0.012614 0.0261754 0.00549657
69
1
-0.402027 12.385 -0.765537
0.0114538 0.0218941 0.00736545
70
1
-0.425791 12.3406 -0.782346
0.0101926 0.0196312 0.00997318
71
1
-0.44908 12.2964 -0.804004
0.0115035 0.0226081 0.0125562
72
1
-0.471124 12.2537 -0.828226
0.0106611 0.0232754 0.0144222
73
1
-0.490884 12.2136 -0.854466
0.00785537 0.019726 0.0143001
74
1
-0.508749 12.1753 -0.88223
0.00779935 0.017144 0.0134266
75
1
-0.525703 12.1385 -0.911615
0.00886952 0.0159469 0.0140223
76
1
-0.542184 12.1023 -0.942626
0.00780648 0.0150315 0.0156496
77
1
-0.558854 12.0644 -0.976836
0.0068248 0.016364 0.0166593
78
1
-0.576269 12.024 -1.01621
0.00923794 0.0203614 0.0199378
79
1
-0.59422 11.9829 -1.05939
0.0107432 0.0210386 0.0229944
80
1
-0.610563 11.9418 -1.10501
0.00817311 0.0208155 0.0245663
81
1
-0.625045 11.8998 -1.15303
0.00578003 0.0216776 0.02587
82
1
-0.636492 11.8562 -1.2021
0.0056249 0.0225534 0.0263965
83
1
-0.645028 11.8122 -1.25075
0.00281236 0.0266357 0.0288492
84
1
-0.650044 11.7663 -1.30098
0.000129858 0.0257956 0.0283391
85
1
-0.653354 11.7207 -1.35304
0.00218803 0.0178203 0.0245766
86
1
-0.654512 11.6776 -1.40503
0.00287916 0.0175528 0.0257595
87
1
-0.653652 11.6346 -1.45697
-0.00029771 0.0224005 0.0273222
88
1
-0.647881 11.5915 -1.50988
-0.00303694 0.0196007 0.0208938
89
1
-0.635496 11.548 -1.55885
-0.0085845 0.0210261 0.0209448
90
1
-0.617484 11.501 -1.60552
-0.0128232 0.0254846 0.0228186
91
1
-0.59559 11.4507 -1.65358
-0.0134009 0.0247051 0.0227057
92
1
-0.571447 11.3956 -1.7032
-0.0117048 0.023652 0.0211047
93
1
-0.545231 11.3286 -1.75437
-0.0153488 0.0401419 0.0280899
94
1
-0.520763 11.2527 -1.80646
-0.0141143 0.0432509 0.0236226
95
1
-0.504077 11.179 -1.86064
-0.00541899 0.0339632 0.0213065
96
1
-0.498912 11.1126 -1.92507
0.000806989 0.0303091 0.036753
97
1
-0.503707 11.0581 -1.99546
0.0113326 0.0232988 0.0387979
98
1
-0.508829 11.0129 -2.06979
0.00531174 0.016632 0.0294097
99
1
-0.497769 10.977 -2.166
-0.0196652 0.0111353 0.0646563
100
1
-0.472199 10.9418 -2.27015
-0.0120905 0.0193217 0.0483451
101
1
-0.438169 10.8912 -2.36186
-0.0207278 0.0347065 0.0398486
102
1
-0.401054 10.84 -2.43901
-0.0105514 0.0116587 0.0225234
103
1
-0.330215 10.8034 -2.55153
-0.0367364 0.00622819 0.0660354
104
1
-0.169964 10.7673 -2.6722
-0.0754145 0.0125558 0.0149358
105
1
-0.774617 6.73363 -0.0613261
-0.0367411 0.0334223 0.00833957
106
1
-1.33611 13.8698 -0.0894843
0.0192976 -0.0573161 -0.00703092
107
1
1.33793 13.8723 -0.0693895
0.0194065 0.0571255 0.00948717
108
1
0.775496 6.73519 -0.0482738
-0.0363904 -0.0332519 -0.00975994
109
1
0.169987 10.7673 -2.6722
-0.0754145 -0.0125549 -0.0149366
110
1
0.330239 10.8034 -2.55152
-0.0367362 -0.00622847 -0.0660355
111
1
0.401078 10.84 -2.439
-0.0105516 -0.0116587 -0.0225237
112
1
0.438193 10.8912 -2.36185
-0.0207281 -0.0347067 -0.0398491
113
1
0.472223 10.9418 -2.27015
-0.0120905 -0.0193215 -0.0483453
114
1
0.497793 10.977 -2.16599
-0.0196648 -0.0111352 -0.0646561
115
1
0.508853 11.0129 -2.06978
0.00531181 -0.0166322 -0.0294097
116
1
0.503731 11.0581 -1.99545
0.0113323 -0.0232991 -0.038798
117
1
0.498937 11.1126 -1.92506
0.000806455 -0.0303094 -0.0367532
118
1
0.504103 11.179 -1.86063
-0.00541955 -0.0339634 -0.021307
119
1
0.52079 11.2527 -1.80645
-0.0141151 -0.0432511 -0.0236235
120
1
0.545259 11.3286 -1.75436
-0.0153495 -0.0401419 -0.0280908
121
1
0.571477 11.3956 -1.70318
-0.0117052 -0.0236519 -0.0211052
122
1
0.595621 11.4507 -1.65356
-0.0134013 -0.0247051 -0.0227063
123
1
0.617516 11.501 -1.6055
-0.0128235 -0.0254846 -0.0228192
124
1
0.635528 11.548 -1.55883
-0.00858481 -0.0210262 -0.0209453
125
1
0.647914 11.5915 -1.50987
-0.00303721 -0.0196007 -0.0208942
126
1
0.653686 11.6346 -1.45696
-0.000298036 -0.0224006 -0.0273225
127
1
0.654546 11.6776 -1.40501
0.00287881 -0.0175528 -0.0257596
128
1
0.653389 11.7207 -1.35302
0.00218769 -0.0178203 -0.0245767
129
1
0.65008 11.7663 -1.30096
0.000129472 -0.0257956 -0.0283392
130
1
0.645064 11.8122 -1.25073
0.00281189 -0.0266358 -0.0288494
131
1
0.63653 11.8562 -1.20208
0.00562441 -0.0225534 -0.0263965
132
1
0.625084 11.8998 -1.15301
0.00577953 -0.0216777 -0.02587
133
1
0.610603 11.9418 -1.10499
0.00817259 -0.0208156 -0.0245663
134
1
0.594261 11.9829 -1.05937
0.0107427 -0.0210387 -0.0229943
135
1
0.576311 12.024 -1.01619
0.00923738 -0.0203615 -0.0199377
136
1
0.558898 12.0644 -0.976818
0.00682431 -0.0163641 -0.0166592
137
1
0.542228 12.1023 -0.942608
0.00780596 -0.0150315 -0.0156494
138
1
0.525749 12.1385 -0.911598
0.00886895 -0.0159469 -0.014022
139
1
0.508796 12.1753 -0.882214
0.00779876 -0.0171441 -0.0134263
140
1
0.490933 12.2136 -0.85445
0.0078547 -0.0197261 -0.0142997
141
1
0.471174 12.2537 -0.828211
0.0106603 -0.0232755 -0.0144217
142
1
0.449132 12.2964 -0.80399
0.0115027 -0.0226083 -0.0125555
143
1
0.425844 12.3406 -0.782333
0.0101919 -0.0196314 -0.00997251
144
1
0.402083 12.385 -0.765526
0.0114529 -0.0218944 -0.00736467
145
1
0.376397 12.4311 -0.752948
0.012613 -0.0261759 -0.00549561
146
1
0.349791 12.4783 -0.745455
0.0135182 -0.0263783 -0.00106569
147
1
0.322271 12.526 -0.7431
0.0131871 -0.0246884 0.00357933
148
1
0.289927 12.5758 -0.749679
0.0130693 -0.0263181 0.00445182
149
1
0.245867 12.6225 -0.761525
0.0175611 -0.027877 0.0028125
150
1
0.184636 12.662 -0.770942
0.0521906 -0.0268107 0.00227473
151
1
0.121371 12.7257 -0.770749
0.0707626 -0.0148133 0.02907
152
1
0.0798688 12.8188 -0.82865
-0.0253196 -0.0472389 -0.00271396
153
1
0.00971394 12.7969 -0.590004
-0.00528946 -0.0581855 -0.0515589
154
1
0.040869 13.1724 -0.271852
-0.00873778 0.00218265 -0.0766106
155
1
0.0422503 13.2745 -7.49323e-006
-7.88697e-006 2.36712e-006 -0.0779221
156
1
0.0408474 13.1724 0.27185
0.00875969 -0.00219311 -0.0766108
157
1
0.00967936 12.7969 0.589981
0.00529934 0.058183 -0.0515607
158
1
0.0798248 12.8188 0.828651
0.0253695 0.0472325 -0.00274673
159
1
0.121295 12.7257 0.770741
-0.0707648 0.0148164 0.029063
160
1
0.184551 12.662 0.770939
-0.0522082 0.026817 0.00226951
161
1
0.245799 12.6225 0.761525
-0.0175636 0.0278763 0.00280939
162
1
0.289864 12.5758 0.749682
-0.0130702 0.0263171 0.00444948
163
1
0.32221 12.526 0.743106
-0.0131877 0.0246877 0.0035778
164
1
0.349732 12.4783 0.745463
-0.0135189 0.0263777 -0.00106687
165
1
0.37634 12.4311 0.752957
-0.012614 0.0261754 -0.00549657
166
1
0.402027 12.385 0.765537
-0.0114538 0.0218941 -0.00736544
167
1
0.42579 12.3406 0.782346
-0.0101927 0.0196312 -0.00997318
168
1
0.44908 12.2964 0.804004
-0.0115035 0.0226081 -0.0125562
169
1
0.471123 12.2537 0.828226
-0.0106611 0.0232754 -0.0144222
170
1
0.490884 12.2136 0.854466
-0.00785537 0.019726 -0.0143001
171
1
0.508749 12.1753 0.88223
-0.00779935 0.017144 -0.0134266
172
1
0.525703 12.1385 0.911615
-0.00886952 0.0159469 -0.0140223
173
1
0.542184 12.1023 0.942626
-0.00780648 0.0150315 -0.0156496
174
1
0.558854 12.0644 0.976836
-0.0068248 0.016364 -0.0166593
175
1
0.576269 12.024 1.01621
-0.00923794 0.0203614 -0.0199378
176
1
0.59422 11.9829 1.05939
-0.0107432 0.0210386 -0.0229944
177
1
0.610563 11.9418 1.10501
-0.00817311 0.0208155 -0.0245663
178
1
0.625045 11.8998 1.15303
-0.00578003 0.0216776 -0.02587
179
1
0.636492 11.8562 1.2021
-0.0056249 0.0225534 -0.0263965
180
1
0.645028 11.8122 1.25075
-0.00281236 0.0266357 -0.0288492
181
1
0.650044 11.7663 1.30098
-0.000129858 0.0257956 -0.0283391
182
1
0.653354 11.7207 1.35304
-0.00218803 0.0178203 -0.0245766
183
1
0.654512 11.6776 1.40503
-0.00287916 0.0175528 -0.0257595
184
1
0.653652 11.6346 1.45697
0.00029771 0.0224005 -0.0273222
185
1
0.647881 11.5915 1.50988
0.00303694 0.0196007 -0.0208938
186
1
0.635496 11.548 1.55885
0.0085845 0.0210261 -0.0209448
187
1
0.617484 11.501 1.60552
0.0128232 0.0254846 -0.0228186
188
1
0.59559 11.4507 1.65358
0.0134009 0.0247051 -0.0227057
189
1
0.571447 11.3956 1.7032
0.0117048 0.023652 -0.0211047
190
1
0.545231 11.3286 1.75437
0.0153488 0.0401419 -0.0280899
191
1
0.520763 11.2527 1.80646
0.0141143 0.0432509 -0.0236226
192
1
0.504077 11.179 1.86064
0.00541898 0.0339632 -0.0213065
193
1
0.498912 11.1126 1.92507
-0.000806989 0.0303091 -0.036753
