194
0
1
0.506691 10.5339 1.64237
0.0272625 0.0372502 -0.0317018
1
1
0.451467 10.4628 1.69872
0.0309854 0.0323926 -0.0227877
2
1
0.392113 10.383 1.74515
0.0313306 0.0415169 -0.0196776
3
1
0.334525 10.2898 1.7878
0.0327998 0.0497306 -0.0209028
4
1
0.296502 10.1969 1.82741
0.00316901 0.0456548 -0.0147195
5
1
0.276995 10.1112 1.87076
0.00157626 0.0298053 -0.0108458
6
1
0.235795 10.0197 1.93903
0.0184172 0.0423243 -0.0578274
7
1
0.128857 9.90245 2.02362
0.0566402 0.0421994 -0.00462425
8
1
0.525773 6.07396 0.056317
0.00366145 -0.0493236 -0.00922313
9
1
0.362688 13.3454 0.0809094
0.0526982 -0.0152188 0.00862635
10
1
-0.362875 13.3458 0.0798621
0.0526549 0.015128 -0.00850037
11
1
-0.527332 6.07422 0.0537466
0.00352644 0.0491019 0.00899493
12
1
-0.128862 9.90245 2.02362
0.0566401 -0.0421991 0.00462442
13
1
-0.2358 10.0197 1.93903
0.018417 -0.0423245 0.0578275
14
1
-0.277 10.1112 1.87076
0.00157621 -0.0298053 0.0108458
15
1
-0.296506 10.1969 1.82741
0.00316903 -0.0456548 0.0147196
16
1
-0.334529 10.2898 1.7878
0.0327998 -0.0497305 0.0209029
17
1
-0.392117 10.383 1.74515
0.0313305 -0.0415169 0.0196777
18
1
-0.45147 10.4628 1.69872
0.0309853 -0.0323925 0.0227878
19
1
-0.506695 10.5339 1.64237
0.0272625 -0.0372502 0.031702
20
1
-0.551207 10.6017 1.58061
0.0223734 -0.035974 0.0337308
21
1
-0.584657 10.6713 1.51477
0.0114312 -0.0294627 0.0295607
22
1
-0.604168 10.7394 1.44598
0.0026278 -0.0360996 0.0414563
23
1
-0.615808 10.8046 1.37351
0.00312479 -0.0324201 0.0412895
24
1
-0.623663 10.8619 1.30489
0.00298504 -0.0200326 0.027598
25
1
-0.626541 10.911 1.24303
0.00221909 -0.0225925 0.0287836
26
1
-0.627443 10.9572 1.18454
-0.000604491 -0.0245869 0.0287532
27
1
-0.627922 11.0015 1.1283
-0.00204419 -0.0207083 0.0258094
28
1
-0.628491 11.0442 1.07235
-4.40859e-005 -0.0182701 0.0247633
29
1
-0.629963 11.0884 1.01673
0.00376948 -0.0211352 0.0299768
30
1
-0.631455 11.1338 0.96582
0.000899756 -0.0200928 0.0227464
31
1
-0.630839 11.1801 0.918694
-0.00133307 -0.0212815 0.0198716
32
1
-0.62626 11.229 0.873117
-0.00265659 -0.0266378 0.024335
33
1
-0.619177 11.2794 0.830811
-0.00532197 -0.0294277 0.0231604
34
1
-0.611299 11.3304 0.791267
-0.00527523 -0.0287364 0.0193877
35
1
-0.602701 11.3831 0.752601
-0.00402945 -0.0275805 0.0196441
36
1
-0.594241 11.435 0.714704
-0.00514634 -0.0262265 0.019094
37
1
-0.584819 11.4855 0.678993
-0.0062055 -0.0261672 0.0179308
38
1
-0.574905 11.535 0.645632
-0.00532645 -0.0238733 0.0155475
39
1
-0.565984 11.5827 0.616521
-0.00439898 -0.0191722 0.0114547
40
1
-0.558535 11.6271 0.592274
-0.00440708 -0.0190472 0.00901472
41
1
-0.552012 11.6696 0.570744
-0.00334157 -0.0207763 0.00793052
42
1
-0.546842 11.7126 0.550103
-0.00221336 -0.0202353 0.00890745
43
1
-0.543269 11.7561 0.529546
-0.00204009 -0.0209275 0.0107262
44
1
-0.541965 11.8003 0.508154
-0.000654276 -0.02464 0.0114059
45
1
-0.543328 11.8459 0.485754
0.00236599 -0.025136 0.0101701
46
1
-0.548611 11.8916 0.462421
0.00324593 -0.0215391 0.00874511
47
1
-0.556304 11.9348 0.437591
0.00354631 -0.0218354 0.00987208
48
1
-0.566701 11.9763 0.409855
0.00561931 -0.0230986 0.0148753
49
1
-0.579457 12.0154 0.379961
0.00729849 -0.0201399 0.0172432
50
1
-0.595099 12.0507 0.34781
0.00871595 -0.0162552 0.0163796
51
1
-0.613808 12.0827 0.312041
0.0117196 -0.0145553 0.0193806
52
1
-0.635598 12.1109 0.272834
0.0147985 -0.0121719 0.0226986
53
1
-0.65927 12.1339 0.230762
0.0171531 -0.0102769 0.0240226
54
1
-0.681716 12.1515 0.185977
0.0164902 -0.00943629 0.024687
55
1
-0.700475 12.1638 0.139296
0.0098692 -0.00503107 0.0247832
56
1
-0.714033 12.1715 0.0929581
0.00709245 -0.00310034 0.024397
57
1
-0.721764 12.1753 0.045805
0.00452417 -0.00195371 0.0233065
58
1
-0.724443 12.176 -1.95002e-006
-9.91822e-009 4.15773e-008 0.0227639
59
1
-0.721763 12.1753 -0.0458089
-0.00452419 0.0019538 0.0233065
60
1
-0.714033 12.1715 -0.092962
-0.00709247 0.00310043 0.024397
61
1
-0.700475 12.1638 -0.1393
-0.00986922 0.00503115 0.0247832
62
1
-0.681715 12.1515 -0.185981
-0.0164902 0.0094364 0.024687
63
1
-0.659269 12.1339 -0.230766
-0.0171531 0.010277 0.0240226
64
1
-0.635597 12.1109 -0.272837
-0.0147985 0.012172 0.0226985
65
1
-0.613807 12.0827 -0.312044
-0.0117197 0.0145553 0.0193805
66
1
-0.595098 12.0507 -0.347814
-0.008716 0.0162553 0.0163796
67
1
-0.579456 12.0154 -0.379965
-0.00729855 0.02014 0.0172431
68
1
-0.5667 11.9763 -0.409858
-0.00561937 0.0230987 0.0148752
69
1
-0.556303 11.9348 -0.437594
-0.00354635 0.0218355 0.009872
70
1
-0.548609 11.8916 -0.462424
-0.00324597 0.0215391 0.00874504
71
1
-0.543327 11.8459 -0.485756
-0.00236602 0.025136 0.0101701
72
1
-0.541963 11.8003 -0.508157
0.000654256 0.02464 0.0114058
73
1
-0.543267 11.7561 -0.529548
0.00204007 0.0209275 0.0107261
74
1
-0.54684 11.7126 -0.550105
0.00221335 0.0202353 0.00890742
75
1
-0.55201 11.6696 -0.570746
0.00334156 0.0207763 0.0079305
76
1
-0.558533 11.6271 -0.592276
0.00440707 0.0190472 0.0090147
77
1
-0.565982 11.5827 -0.616523
0.00439897 0.0191722 0.0114547
78
1
-0.574903 11.535 -0.645634
0.00532644 0.0238732 0.0155475
79
1
-0.584816 11.4855 -0.678995
0.00620548 0.0261672 0.0179308
80
1
-0.594239 11.435 -0.714706
0.00514632 0.0262265 0.019094
81
1
-0.602699 11.3831 -0.752603
0.00402943 0.0275805 0.0196441
82
1
-0.611297 11.3304 -0.791269
0.0052752 0.0287364 0.0193877
83
1
-0.619175 11.2794 -0.830812
0.00532194 0.0294277 0.0231604
84
1
-0.626257 11.229 -0.873119
0.00265656 0.0266377 0.024335
85
1
-0.630837 11.1801 -0.918696
0.00133304 0.0212814 0.0198716
86
1
-0.631452 11.1338 -0.965821
-0.00089978 0.0200928 0.0227464
87
1
-0.62996 11.0884 -1.01673
-0.00376951 0.0211352 0.0299768
88
1
-0.628488 11.0442 -1.07236
4.40634e-005 0.0182701 0.0247633
89
1
-0.627919 11.0015 -1.1283
0.00204416 0.0207083 0.0258094
90
1
-0.62744 10.9572 -1.18454
0.000604458 0.0245869 0.0287532
91
1
-0.626538 10.911 -1.24304
-0.00221913 0.0225925 0.0287836
92
1
-0.62366 10.8619 -1.30489
-0.00298507 0.0200326 0.027598
93
1
-0.615805 10.8046 -1.37351
-0.00312484 0.0324201 0.0412895
94
1
-0.604165 10.7394 -1.44598
-0.00262787 0.0360996 0.0414562
95
1
-0.584654 10.6713 -1.51477
-0.0114313 0.0294627 0.0295607
96
1
-0.551203 10.6017 -1.58061
-0.0223735 0.035974 0.0337307
97
1
-0.506691 10.5339 -1.64237
-0.0272625 0.0372502 0.0317018
98
1
-0.451467 10.4628 -1.69872
-0.0309854 0.0323926 0.0227877
99
1
-0.392113 10.383 -1.74515
-0.0313306 0.0415169 0.0196776
100
1
-0.334525 10.2898 -1.7878
-0.0327998 0.0497306 0.0209028
101
1
-0.296502 10.1969 -1.82741
-0.00316901 0.0456548 0.0147195
102
1
-0.276995 10.1112 -1.87076
-0.00157626 0.0298053 0.0108458
103
1
-0.235795 10.0197 -1.93903
-0.0184172 0.0423243 0.0578274
104
1
-0.128857 9.90245 -2.02362
-0.0566402 0.0421994 0.00462426
105
1
-0.525769 6.07396 -0.0563259
-0.00366214 -0.0493242 0.00922305
106
1
-0.362688 13.3454 -0.0809104
-0.0526982 -0.0152189 -0.0086265
107
1
0.362875 13.3458 -0.0798631
-0.052655 0.0151281 0.00850052
108
1
0.527328 6.07422 -0.0537557
-0.00352713 0.0491025 -0.00899486
109
1
0.128862 9.90245 -2.02362
-0.0566401 -0.0421991 -0.00462442
110
1
0.2358 10.0197 -1.93903
-0.018417 -0.0423245 -0.0578275
111
1
0.277 10.1112 -1.87076
-0.00157621 -0.0298053 -0.0108458
112
1
0.296506 10.1969 -1.82741
-0.00316903 -0.0456548 -0.0147196
113
1
0.334529 10.2898 -1.7878
-0.0327998 -0.0497305 -0.0209029
114
1
0.392117 10.383 -1.74515
-0.0313305 -0.0415169 -0.0196777
115
1
0.45147 10.4628 -1.69872
-0.0309853 -0.0323925 -0.0227878
116
1
0.506695 10.5339 -1.64237
-0.0272625 -0.0372502 -0.031702
117
1
0.551207 10.6017 -1.58061
-0.0223735 -0.035974 -0.0337308
118
1
0.584657 10.6713 -1.51477
-0.0114312 -0.0294627 -0.0295607
119
1
0.604168 10.7394 -1.44598
-0.0026278 -0.0360996 -0.0414563
120
1
0.615808 10.8046 -1.37351
-0.00312479 -0.0324201 -0.0412895
121
1
0.623663 10.8619 -1.30489
-0.00298504 -0.0200326 -0.027598
122
1
0.626541 10.911 -1.24303
-0.00221909 -0.0225925 -0.0287836
123
1
0.627443 10.9572 -1.18454
0.000604492 -0.0245869 -0.0287532
124
1
0.627922 11.0015 -1.1283
0.00204419 -0.0207083 -0.0258094
125
1
0.628491 11.0442 -1.07235
4.40862e-005 -0.0182701 -0.0247633
126
1
0.629963 11.0884 -1.01673
-0.00376948 -0.0211352 -0.0299768
127
1
0.631455 11.1338 -0.96582
-0.000899756 -0.0200928 -0.0227464
128
1
0.630839 11.1801 -0.918694
0.00133307 -0.0212815 -0.0198716
129
1
0.62626 11.229 -0.873117
0.00265659 -0.0266378 -0.024335
130
1
0.619177 11.2794 -0.830811
0.00532197 -0.0294277 -0.0231604
131
1
0.611299 11.3304 -0.791267
0.00527523 -0.0287364 -0.0193877
132
1
0.602701 11.3831 -0.752601
0.00402945 -0.0275805 -0.0196441
133
1
0.594241 11.435 -0.714704
0.00514634 -0.0262265 -0.019094
134
1
0.584819 11.4855 -0.678993
0.0062055 -0.0261672 -0.0179308
135
1
0.574905 11.535 -0.645632
0.00532645 -0.0238733 -0.0155475
136
1
0.565984 11.5827 -0.616521
0.00439898 -0.0191722 -0.0114547
137
1
0.558535 11.6271 -0.592274
0.00440708 -0.0190472 -0.00901472
138
1
0.552012 11.6696 -0.570744
0.00334157 -0.0207763 -0.00793052
139
1
0.546842 11.7126 -0.550103
0.00221336 -0.0202353 -0.00890745
140
1
0.543269 11.7561 -0.529546
0.00204009 -0.0209275 -0.0107262
141
1
0.541965 11.8003 -0.508154
0.000654276 -0.02464 -0.0114059
142
1
0.543328 11.8459 -0.485754
-0.00236599 -0.025136 -0.0101701
143
1
0.548611 11.8916 -0.462421
-0.00324593 -0.0215391 -0.00874511
144
1
0.556304 11.9348 -0.437591
-0.00354631 -0.0218354 -0.00987208
145
1
0.566701 11.9763 -0.409855
-0.00561931 -0.0230986 -0.0148753
146
1
0.579457 12.0154 -0.379961
-0.00729849 -0.02014 -0.0172432
147
1
0.595099 12.0507 -0.34781
-0.00871595 -0.0162552 -0.0163796
148
1
0.613808 12.0827 -0.312041
-0.0117196 -0.0145553 -0.0193806
149
1
0.635598 12.1109 -0.272834
-0.0147985 -0.0121719 -0.0226986
150
1
0.65927 12.1339 -0.230762
-0.0171531 -0.0102769 -0.0240226
151
1
0.681716 12.1515 -0.185977
-0.0164902 -0.00943629 -0.024687
152
1
0.700475 12.1638 -0.139296
-0.0098692 -0.00503107 -0.0247832
153
1
0.714033 12.1715 -0.0929581
-0.00709244 -0.00310035 -0.024397
154
1
0.721764 12.1753 -0.045805
-0.00452417 -0.00195371 -0.0233065
155
1
0.724443 12.176 1.94229e-006
1.04709e-008 4.02968e-008 -0.0227639
156
1
0.721763 12.1753 0.0458089
0.00452419 0.0019538 -0.0233065
157
1
0.714033 12.1715 0.092962
0.00709247 0.00310043 -0.024397
158
1
0.700475 12.1638 0.1393
0.00986922 0.00503115 -0.0247832
159
1
0.681715 12.1515 0.185981
0.0164902 0.0094364 -0.024687
160
1
0.659269 12.1339 0.230766
0.0171531 0.010277 -0.0240226
161
1
0.635597 12.1109 0.272837
0.0147985 0.012172 -0.0226985
162
1
0.613807 12.0827 0.312044
0.0117197 0.0145553 -0.0193805
163
1
0.595098 12.0507 0.347814
0.008716 0.0162553 -0.0163796
164
1
0.579456 12.0154 0.379965
0.00729855 0.02014 -0.0172431
165
1
0.5667 11.9763 0.409858
0.00561937 0.0230987 -0.0148752
166
1
0.556303 11.9348 0.437594
0.00354635 0.0218355 -0.009872
167
1
0.548609 11.8916 0.462424
0.00324597 0.0215391 -0.00874504
168
1
0.543327 11.8459 0.485756
0.00236602 0.025136 -0.0101701
169
1
0.541963 11.8003 0.508157
-0.000654256 0.02464 -0.0114058
170
1
0.543267 11.7561 0.529548
-0.00204007 0.0209275 -0.0107261
171
1
0.54684 11.7126 0.550105
-0.00221335 0.0202353 -0.00890742
172
1
0.55201 11.6696 0.570746
-0.00334156 0.0207763 -0.0079305
173
1
0.558533 11.6271 0.592276
-0.00440707 0.0190472 -0.0090147
174
1
0.565982 11.5827 0.616523
-0.00439897 0.0191722 -0.0114547
175
1
0.574903 11.535 0.645634
-0.00532644 0.0238732 -0.0155475
176
1
0.584816 11.4855 0.678995
-0.00620548 0.0261672 -0.0179308
177
1
0.594239 11.435 0.714706
-0.00514632 0.0262265 -0.019094
178
1
0.602699 11.3831 0.752603
-0.00402943 0.0275805 -0.0196441
179
1
0.611297 11.3304 0.791269
-0.0052752 0.0287364 -0.0193877
180
1
0.619175 11.2794 0.830812
-0.00532194 0.0294277 -0.0231604
181
1
0.626257 11.229 0.873119
-0.00265656 0.0266377 -0.024335
182
1
0.630837 11.1801 0.918696
-0.00133304 0.0212814 -0.0198716
183
1
0.631452 11.1338 0.965821
0.00089978 0.0200928 -0.0227464
184
1
0.62996 11.0884 1.01673
0.00376951 0.0211352 -0.0299768
185
1
0.628488 11.0442 1.07236
-4.40631e-005 0.0182701 -0.0247633
186
1
0.627919 11.0015 1.1283
-0.00204416 0.0207083 -0.0258094
187
1
0.62744 10.9572 1.18454
-0.000604457 0.0245869 -0.0287532
188
1
0.626538 10.911 1.24304
0.00221913 0.0225925 -0.0287836
189
1
0.62366 10.8619 1.30489
0.00298507 0.0200326 -0.027598
190
1
0.615805 10.8046 1.37351
0.00312484 0.0324201 -0.0412895
191
1
0.604165 10.7394 1.44598
0.00262787 0.0360996 -0.0414562
192
1
0.584654 10.6713 1.51477
0.0114313 0.0294627 -0.0295607
193
1
0.551203 10.6017 1.58061
0.0223735 0.035974 -0.0337307
