194
0
1
0.829246 11.8875 2.44587
0.00916688 0.0067116 -0.0370239
1
1
0.798057 11.8707 2.5173
0.0165111 0.00736672 -0.0236642
2
1
0.731707 11.8459 2.60132
0.0554059 0.013324 -0.046904
3
1
0.652202 11.8122 2.68346
0.0423431 0.0220994 -0.0406057
4
1
0.582217 11.7642 2.76546
0.0311513 0.0304385 -0.0400478
5
1
0.517748 11.7231 2.83278
0.0192873 0.00949337 -0.0146129
6
1
0.402802 11.6839 2.93771
0.0555415 0.00558018 -0.0532466
7
1
0.191845 11.6632 3.07012
0.0725158 0.0003694 -0.0285162
8
1
0.122487 6.32728 0.0610099
-0.0454768 -0.0115147 -0.00689689
9
1
1.50613 12.4747 -0.0686367
-0.0355656 0.0491099 0.0292234
10
1
-1.48681 12.5127 0.207358
-0.0394107 -0.0450742 0.0137726
11
1
-0.121862 6.32659 0.0590045
-0.0454205 0.0115131 0.00717328
12
1
-0.192399 11.6632 3.07008
0.0725194 -0.000381 0.0285069
13
1
-0.403327 11.6839 2.93767
0.0555571 -0.00558605 0.0532404
14
1
-0.518256 11.7231 2.83274
0.019285 -0.00949088 0.0146095
15
1
-0.582703 11.7643 2.76541
0.0311433 -0.0304399 0.0400464
16
1
-0.65267 11.8122 2.68342
0.0423441 -0.0221009 0.0405935
17
1
-0.732165 11.8459 2.60131
0.0554117 -0.01332 0.0468854
18
1
-0.798511 11.8707 2.51733
0.0165188 -0.00735282 0.02365
19
1
-0.829707 11.8875 2.44595
0.00918494 -0.00668203 0.0369905
20
1
-0.850511 11.9072 2.36539
0.00155989 -0.00793156 0.0485941
21
1
-0.868489 11.934 2.28373
0.00888919 -0.0108964 0.0357941
22
1
-0.884456 11.9774 2.20777
0.009302 -0.0375371 0.0419706
23
1
-0.895793 12.0277 2.1363
0.0018146 -0.0210357 0.0338307
24
1
-0.90364 12.0691 2.07439
0.00370777 -0.00764676 0.0199576
25
1
-0.908295 12.1028 2.02264
0.00747395 -0.0156414 0.0237659
26
1
-0.908731 12.1391 1.97713
0.0057092 -0.0244251 0.0246407
27
1
-0.90271 12.1764 1.93838
-0.00197103 -0.0180808 0.0186379
28
1
-0.887708 12.211 1.90508
-0.0134563 -0.0131535 0.0152281
29
1
-0.864694 12.2436 1.87473
-0.0209413 -0.0149094 0.0157641
30
1
-0.839072 12.2768 1.8515
-0.0143756 -0.0124054 0.0099664
31
1
-0.813266 12.3073 1.83497
-0.0108328 -0.0119878 0.00455174
32
1
-0.787175 12.3373 1.82545
-0.0112446 -0.0152374 -0.000626194
33
1
-0.761017 12.3654 1.8204
-0.00940839 -0.0126178 -0.000889693
34
1
-0.73457 12.3932 1.81936
-0.0110088 -0.0122278 -0.00471354
35
1
-0.705306 12.4224 1.81888
-0.0147279 -0.0153373 -0.00935554
36
1
-0.675372 12.453 1.81638
-0.0143646 -0.0145198 -0.00136286
37
1
-0.64594 12.4844 1.80801
-0.0164098 -0.0160194 0.00911402
38
1
-0.616623 12.5167 1.79246
-0.0153148 -0.0174838 0.0128571
39
1
-0.589889 12.5477 1.77165
-0.00882842 -0.0131069 0.0111402
40
1
-0.56645 12.5768 1.74721
-0.00789461 -0.0110438 0.0126778
41
1
-0.54528 12.603 1.71761
-0.0102084 -0.0101805 0.0144388
42
1
-0.523501 12.6283 1.68421
-0.00956633 -0.00984668 0.0161538
43
1
-0.498727 12.6558 1.64693
-0.0111941 -0.0121434 0.0203234
44
1
-0.470417 12.6907 1.60656
-0.0204606 -0.0193671 0.0259447
45
1
-0.440469 12.7304 1.55992
-0.0288794 -0.030743 0.029324
46
1
-0.413575 12.7702 1.50582
-0.0217347 -0.036172 0.0307079
47
1
-0.39553 12.8038 1.44692
0.000514344 -0.0232195 0.0375825
48
1
-0.386457 12.8249 1.38315
0.0105746 0.00428218 0.060845
49
1
-0.376444 12.8333 1.32055
-0.0240783 0.00539399 0.0289758
50
1
-0.358812 12.8518 1.25346
-0.0023162 -0.0352255 0.0487872
51
1
-0.337115 12.8667 1.1662
-0.000416935 -0.00171309 0.0779021
52
1
-0.321492 12.8963 1.10485
-0.0250277 -0.00159037 -0.00223102
53
1
-0.331201 12.9461 1.02673
0.035226 -0.0323488 0.0332445
54
1
-0.350747 12.9752 0.970132
-0.00135046 -0.00385866 0.0212811
55
1
-0.386426 13.0155 0.897318
0.0101418 -0.0124034 -0.00926871
56
1
0.0315479 13.9382 1.12226
-0.0635923 -0.0121958 -0.00173825
57
1
-0.0702161 13.9432 0.0541736
0.0230342 0.0324852 -0.0228847
58
1
-0.0676697 15.1334 0.0155449
0.0208398 0.00451734 0.0749476
59
1
-0.0722797 13.9444 -0.0562558
-0.0216873 -0.0343591 -0.0243356
60
1
-0.11484 13.8955 -1.27956
-0.0612148 -0.0480313 0.00419509
61
1
-0.335535 13.0258 -0.880455
-0.0141573 0.00987094 -0.0064676
62
1
-0.305231 13.0016 -0.968298
0.00808365 0.00589782 0.0245588
63
1
-0.292714 12.973 -1.02659
-0.0269088 0.0309241 0.038355
64
1
-0.298019 12.9201 -1.10786
0.0236986 -0.000700061 -0.00159077
65
1
-0.318157 12.8897 -1.16717
0.00183447 0.00358622 0.0744041
66
1
-0.346407 12.8789 -1.24974
0.0128831 0.031246 0.0363603
67
1
-0.370001 12.8597 -1.31449
0.026591 -0.00652182 0.0360718
68
1
-0.382813 12.8492 -1.37839
-0.00962475 0.00160608 0.0624217
69
1
-0.393871 12.8251 -1.44271
0.00208822 0.0260345 0.0369403
70
1
-0.413934 12.7886 -1.50159
0.0216122 0.0363019 0.0301379
71
1
-0.441605 12.7464 -1.5555
0.0272864 0.0310539 0.0288237
72
1
-0.471657 12.7053 -1.60203
0.0199073 0.0201928 0.0257827
73
1
-0.500207 12.6693 -1.64175
0.0112908 0.0128651 0.0201997
74
1
-0.525141 12.6409 -1.67864
0.0098279 0.0103687 0.0160549
75
1
-0.547119 12.6147 -1.71175
0.0104589 0.0105756 0.0142859
76
1
-0.568337 12.5875 -1.74118
0.00811863 0.0112421 0.0125622
77
1
-0.591812 12.5575 -1.76574
0.0089539 0.0133285 0.0110821
78
1
-0.618432 12.5256 -1.78678
0.0151111 0.0178006 0.0127811
79
1
-0.647573 12.4922 -1.80262
0.0160413 0.0165338 0.00928629
80
1
-0.676779 12.4596 -1.81133
0.0142926 0.0153161 -0.000955589
81
1
-0.706468 12.4278 -1.81418
0.0147732 0.016292 -0.00884892
82
1
-0.73547 12.3973 -1.81503
0.0109207 0.0129596 -0.00442662
83
1
-0.761606 12.3684 -1.81649
0.00926554 0.0132871 -0.000806114
84
1
-0.787404 12.3393 -1.82193
0.0111101 0.0158427 -0.000575053
85
1
-0.81312 12.3086 -1.83182
0.0107184 0.0123113 0.00458651
86
1
-0.838649 12.2774 -1.84866
0.0142915 0.0126018 0.0100669
87
1
-0.864166 12.2439 -1.87222
0.0209349 0.0150253 0.015938
88
1
-0.887157 12.211 -1.90284
0.0134843 0.0131852 0.015373
89
1
-0.902181 12.1762 -1.93645
0.00201122 0.0180626 0.0188139
90
1
-0.908137 12.1389 -1.97554
-0.0056622 0.0243257 0.0248737
91
1
-0.907631 12.1027 -2.02141
-0.00745141 0.0155724 0.0239587
92
1
-0.902941 12.0691 -2.07346
-0.00369535 0.00763409 0.0200789
93
1
-0.895148 12.0278 -2.13567
-0.00177762 0.0209906 0.0339644
94
1
-0.883879 11.9775 -2.20735
-0.009239 0.0375263 0.0420521
95
1
-0.867964 11.9341 -2.28345
-0.00885662 0.0109381 0.0358264
96
1
-0.850025 11.9073 -2.36522
-0.00153138 0.00797227 0.0486533
97
1
-0.829246 11.8875 -2.44587
-0.00916685 0.0067116 0.0370239
98
1
-0.798057 11.8707 -2.5173
-0.0165111 0.00736672 0.0236643
99
1
-0.731707 11.8459 -2.60132
-0.0554059 0.013324 0.046904
100
1
-0.652201 11.8122 -2.68346
-0.0423431 0.0220994 0.0406057
101
1
-0.582217 11.7642 -2.76546
-0.0311513 0.0304385 0.0400478
102
1
-0.517748 11.7231 -2.83278
-0.0192872 0.00949337 0.014613
103
1
-0.402802 11.6839 -2.93771
-0.0555415 0.00558018 0.0532466
104
1
-0.191845 11.6632 -3.07012
-0.0725158 0.000369399 0.0285162
105
1
-0.122491 6.32727 -0.0610001
0.0454761 -0.0115122 0.00689265
106
1
-1.50611 12.4747 0.0684737
0.0355738 0.0491136 -0.0291994
107
1
1.48677 12.5127 -0.207507
0.0394077 -0.0450667 -0.0137959
108
1
0.121866 6.32658 -0.0589946
0.0454199 0.0115107 -0.00716909
109
1
0.192399 11.6632 -3.07008
-0.0725194 -0.000381006 -0.028507
110
1
0.403327 11.6839 -2.93767
-0.055557 -0.00558605 -0.0532405
111
1
0.518255 11.7231 -2.83274
-0.019285 -0.00949088 -0.0146095
112
1
0.582703 11.7643 -2.76541
-0.0311432 -0.0304399 -0.0400464
113
1
0.65267 11.8122 -2.68342
-0.042344 -0.0221009 -0.0405935
114
1
0.732164 11.8459 -2.60131
-0.0554116 -0.01332 -0.0468854
115
1
0.798511 11.8707 -2.51733
-0.0165188 -0.00735282 -0.02365
116
1
0.829706 11.8875 -2.44595
-0.00918492 -0.00668205 -0.0369905
117
1
0.850511 11.9072 -2.36539
-0.00155985 -0.00793157 -0.0485942
118
1
0.868489 11.934 -2.28373
-0.00888915 -0.0108964 -0.0357941
119
1
0.884455 11.9774 -2.20777
-0.00930193 -0.0375371 -0.0419706
120
1
0.895793 12.0277 -2.1363
-0.00181454 -0.0210357 -0.0338308
121
1
0.903639 12.0691 -2.07439
-0.00370773 -0.00764676 -0.0199577
122
1
0.908294 12.1028 -2.02264
-0.0074739 -0.0156414 -0.0237659
123
1
0.90873 12.1391 -1.97713
-0.00570913 -0.0244251 -0.0246408
124
1
0.902709 12.1764 -1.93838
0.00197108 -0.0180808 -0.0186379
125
1
0.887706 12.211 -1.90508
0.0134564 -0.0131535 -0.0152281
126
1
0.864693 12.2436 -1.87473
0.0209414 -0.0149094 -0.0157642
127
1
0.83907 12.2768 -1.85149
0.0143757 -0.0124054 -0.00996643
128
1
0.813264 12.3073 -1.83496
0.0108328 -0.0119878 -0.00455177
129
1
0.787174 12.3373 -1.82545
0.0112446 -0.0152374 0.000626121
130
1
0.761016 12.3653 -1.8204
0.00940842 -0.0126178 0.000889617
131
1
0.734568 12.3932 -1.81936
0.0110088 -0.0122278 0.00471345
132
1
0.705304 12.4224 -1.81888
0.0147279 -0.0153373 0.00935544
133
1
0.675371 12.453 -1.81638
0.0143646 -0.0145197 0.00136276
134
1
0.645938 12.4844 -1.808
0.0164097 -0.0160193 -0.00911415
135
1
0.616622 12.5167 -1.79245
0.0153147 -0.0174837 -0.0128573
136
1
0.589888 12.5477 -1.77165
0.00882833 -0.0131068 -0.0111403
137
1
0.566449 12.5768 -1.7472
0.0078945 -0.0110437 -0.0126779
138
1
0.545279 12.603 -1.7176
0.0102082 -0.0101804 -0.0144389
139
1
0.5235 12.6283 -1.68421
0.00956613 -0.00984656 -0.0161539
140
1
0.498727 12.6558 -1.64693
0.0111939 -0.0121433 -0.0203236
141
1
0.470418 12.6907 -1.60656
0.0204601 -0.019367 -0.0259449
142
1
0.440471 12.7304 -1.55992
0.0288787 -0.030743 -0.0293243
143
1
0.413578 12.7702 -1.50582
0.0217341 -0.036172 -0.0307082
144
1
0.395533 12.8038 -1.44692
-0.000514611 -0.0232195 -0.0375824
145
1
0.386461 12.8249 -1.38315
-0.010575 0.00428179 -0.0608447
146
1
0.376448 12.8333 -1.32054
0.0240781 0.00539396 -0.0289766
147
1
0.358816 12.8518 -1.25346
0.00231655 -0.0352251 -0.0487862
148
1
0.33712 12.8667 -1.16619
0.000416637 -0.00171315 -0.0779021
149
1
0.321497 12.8963 -1.10485
0.025027 -0.00159029 0.00223111
150
1
0.331206 12.9461 -1.02672
-0.035226 -0.0323471 -0.0332446
151
1
0.350751 12.9752 -0.970129
0.00135311 -0.00386002 -0.0212819
152
1
0.386433 13.0155 -0.897313
-0.0101432 -0.0124022 0.00926919
153
1
-0.0315271 13.9382 -1.12229
0.063589 -0.0121975 0.00173248
154
1
0.0702169 13.9432 -0.0541759
-0.023034 0.0324856 0.0228853
155
1
0.0676705 15.1334 -0.0155351
-0.0208399 0.00451854 -0.0749475
156
1
0.0722808 13.9444 0.0562535
0.0216875 -0.0343587 0.024335
157
1
0.114843 13.8955 1.27954
0.0612128 -0.0480344 -0.00418826
158
1
0.335516 13.0258 0.880461
0.0141568 0.0098723 0.00646626
159
1
0.305216 13.0016 0.968306
-0.00808272 0.00589648 -0.0245579
160
1
0.2927 12.973 1.0266
0.0269078 0.0309248 -0.0383558
161
1
0.298006 12.9201 1.10787
-0.0236991 -0.000700307 0.00159055
162
1
0.318145 12.8898 1.16718
-0.00183569 0.00358608 -0.0744032
163
1
0.346396 12.8789 1.24975
-0.0128839 0.0312453 -0.0363601
164
1
0.369992 12.8597 1.3145
-0.0265918 -0.00652203 -0.0360717
165
1
0.382805 12.8492 1.37839
0.00962304 0.001606 -0.0624214
166
1
0.393866 12.8251 1.44272
-0.00208934 0.0260343 -0.0369399
167
1
0.41393 12.7886 1.5016
-0.0216129 0.0363016 -0.030137
168
1
0.441603 12.7464 1.5555
-0.027287 0.0310539 -0.0288229
169
1
0.471655 12.7053 1.60203
-0.0199079 0.020193 -0.0257823
170
1
0.500207 12.6693 1.64176
-0.0112912 0.0128654 -0.0201995
171
1
0.525141 12.6409 1.67865
-0.00982822 0.0103689 -0.0160548
172
1
0.54712 12.6147 1.71175
-0.0104592 0.0105759 -0.0142857
173
1
0.568338 12.5875 1.74119
-0.00811881 0.0112423 -0.012562
174
1
0.591813 12.5575 1.76574
-0.00895403 0.0133287 -0.011082
175
1
0.618434 12.5256 1.78678
-0.0151112 0.0178008 -0.0127809
176
1
0.647575 12.4922 1.80262
-0.0160413 0.016534 -0.00928612
177
1
0.676781 12.4596 1.81134
-0.0142926 0.0153162 0.00095568
178
1
0.70647 12.4278 1.81418
-0.0147732 0.0162921 0.008849
179
1
0.735471 12.3973 1.81503
-0.0109206 0.0129597 0.00442671
180
1
0.761608 12.3684 1.81649
-0.0092655 0.0132872 0.000806209
181
1
0.787405 12.3393 1.82193
-0.0111101 0.0158428 0.000575149
182
1
0.813122 12.3086 1.83182
-0.0107184 0.0123113 -0.00458646
183
1
0.838651 12.2774 1.84866
-0.0142915 0.0126018 -0.0100668
184
1
0.864168 12.2439 1.87223
-0.0209348 0.0150254 -0.0159379
185
1
0.887159 12.211 1.90284
-0.0134842 0.0131852 -0.015373
186
1
0.902183 12.1762 1.93645
-0.00201116 0.0180627 -0.0188139
187
1
0.908138 12.1389 1.97555
0.00566227 0.0243258 -0.0248736
188
1
0.907632 12.1027 2.02141
0.00745146 0.0155724 -0.0239586
189
1
0.902942 12.0691 2.07346
0.00369539 0.0076341 -0.0200788
190
1
0.895149 12.0278 2.13567
0.00177768 0.0209906 -0.0339643
191
1
0.883879 11.9775 2.20735
0.00923907 0.0375263 -0.0420521
192
1
0.867964 11.9341 2.28345
0.00885666 0.0109381 -0.0358264
193
1
0.850025 11.9073 2.36522
0.00153142 0.00797228 -0.0486532
