194
0
1
1.4897 7.37803 0.784227
0.0380409 0.025198 0.025261
1
1
1.41072 7.33081 0.733704
0.0384127 0.0265001 0.0275795
2
1
1.32316 7.28029 0.67684
0.0458539 0.0279005 0.0301254
3
1
1.2282 7.22721 0.616578
0.0490797 0.0296593 0.0286341
4
1
1.12406 7.16735 0.555138
0.0537063 0.0310279 0.0281854
5
1
1.00953 7.10365 0.48544
0.0600387 0.0314636 0.038435
6
1
0.887135 7.04065 0.377902
0.0507204 0.0251123 0.0522346
7
1
0.745063 6.98434 0.198342
0.0399623 0.00851782 0.0663029
8
1
0.17992 6.26075 0.0771327
-0.0378276 0.0146344 -0.0121762
9
1
0.0480116 9.64947 0.784958
0.000807654 -0.0049209 -0.0777623
10
1
-0.0480116 9.64947 0.784958
0.000807654 0.0049209 0.0777623
11
1
-0.179919 6.26075 0.0771325
-0.0378276 -0.0146344 0.0121762
12
1
-0.745063 6.98434 0.198342
0.0399623 -0.00851782 -0.0663029
13
1
-0.887135 7.04065 0.377902
0.0507204 -0.0251123 -0.0522346
14
1
-1.00953 7.10365 0.48544
0.0600387 -0.0314636 -0.038435
15
1
-1.12406 7.16735 0.555138
0.0537063 -0.0310279 -0.0281854
16
1
-1.2282 7.22721 0.616578
0.0490797 -0.0296593 -0.0286341
17
1
-1.32316 7.28029 0.67684
0.0458539 -0.0279005 -0.0301254
18
1
-1.41072 7.33081 0.733704
0.0384127 -0.0265001 -0.0275795
19
1
-1.4897 7.37803 0.784227
0.0380409 -0.025198 -0.025261
20
1
-1.56255 7.41854 0.829195
0.0346015 -0.0191873 -0.0217507
21
1
-1.63208 7.45196 0.867994
0.0330318 -0.0158188 -0.017217
22
1
-1.69803 7.47957 0.899961
0.0326823 -0.0136322 -0.0147966
23
1
-1.76292 7.50242 0.927682
0.0310137 -0.00946424 -0.0130878
24
1
-1.82673 7.51974 0.95225
0.0315592 -0.00602177 -0.0117707
25
1
-1.88917 7.53169 0.973458
0.0316576 -0.00406111 -0.00996936
26
1
-1.95049 7.53887 0.990939
0.0291228 -0.00194205 -0.0071077
27
1
-2.01002 7.54177 1.004
0.0284826 -0.000125407 -0.00467793
28
1
-2.06837 7.54136 1.01267
0.0294684 0.000890224 -0.00334481
29
1
-2.12616 7.53852 1.01756
0.0289694 0.00154407 -0.00180272
30
1
-2.18275 7.5337 1.01896
0.0281243 0.00261857 1.09669e-005
31
1
-2.2381 7.5267 1.01652
0.0277468 0.00368258 0.0019372
32
1
-2.29205 7.51731 1.01043
0.026853 0.00480279 0.00397505
33
1
-2.34407 7.50584 1.00119
0.0261546 0.00635342 0.0055584
34
1
-2.3941 7.49267 0.988705
0.02526 0.00737854 0.00683051
35
1
-2.44179 7.47813 0.972783
0.0229472 0.00749125 0.00858275
36
1
-2.48685 7.46277 0.954067
0.0213123 0.00774475 0.0100262
37
1
-2.53024 7.44696 0.932575
0.0213977 0.00817836 0.0110591
38
1
-2.57242 7.43026 0.908238
0.0209255 0.00856484 0.0125516
39
1
-2.61287 7.41207 0.88145
0.0193583 0.0089902 0.0142471
40
1
-2.65064 7.39291 0.852186
0.0187891 0.00953212 0.0155226
41
1
-2.68529 7.37325 0.820472
0.0179169 0.0100577 0.0163743
42
1
-2.71629 7.35238 0.786784
0.0150829 0.0109046 0.0172147
43
1
-2.74334 7.33016 0.751077
0.0128123 0.0120842 0.0184011
44
1
-2.76672 7.30626 0.713186
0.0114131 0.0128054 0.0196979
45
1
-2.78652 7.28034 0.672898
0.00859308 0.0136766 0.021026
46
1
-2.80149 7.25237 0.629978
0.00533976 0.0158139 0.0221786
47
1
-2.81141 7.22287 0.584943
0.00315851 0.0173254 0.0229678
48
1
-2.81711 7.19318 0.538433
0.00115668 0.0168768 0.0240271
49
1
-2.81911 7.16571 0.490361
-0.00104583 0.0152021 0.0255221
50
1
-2.8184 7.1419 0.440747
-0.00283495 0.0118756 0.0263061
51
1
-2.8156 7.12257 0.389648
-0.00365243 0.00835857 0.0267897
52
1
-2.81144 7.10769 0.336928
-0.00387691 0.00597083 0.0274365
53
1
-2.80625 7.09685 0.282735
-0.00424636 0.00408419 0.0279795
54
1
-2.80049 7.08993 0.227475
-0.00433035 0.00218406 0.0283988
55
1
-2.79532 7.08611 0.171473
-0.00321381 0.0004887 0.0289491
56
1
-2.79147 7.08449 0.114903
-0.00138079 -0.000337186 0.0293877
57
1
-2.78955 7.08407 0.0576524
-0.000370575 -0.000447502 0.0293662
58
1
-2.78897 7.08391 2.03812e-010
2.65703e-012 -4.7584e-012 0.0292205
59
1
-2.78955 7.08407 -0.0576524
0.000370575 0.000447502 0.0293662
60
1
-2.79147 7.08449 -0.114903
0.00138079 0.000337186 0.0293877
61
1
-2.79532 7.08611 -0.171473
0.00321381 -0.0004887 0.0289491
62
1
-2.80049 7.08993 -0.227475
0.00433035 -0.00218406 0.0283988
63
1
-2.80625 7.09685 -0.282735
0.00424636 -0.00408419 0.0279795
64
1
-2.81144 7.10769 -0.336928
0.00387691 -0.00597083 0.0274365
65
1
-2.8156 7.12257 -0.389648
0.00365243 -0.00835857 0.0267897
66
1
-2.8184 7.1419 -0.440747
0.00283495 -0.0118756 0.0263061
67
1
-2.81911 7.16571 -0.490361
0.00104583 -0.0152021 0.0255221
68
1
-2.81711 7.19318 -0.538433
-0.00115668 -0.0168768 0.0240271
69
1
-2.81141 7.22287 -0.584943
-0.00315851 -0.0173254 0.0229678
70
1
-2.80149 7.25237 -0.629978
-0.00533976 -0.0158139 0.0221786
71
1
-2.78652 7.28034 -0.672898
-0.00859308 -0.0136766 0.021026
72
1
-2.76672 7.30626 -0.713186
-0.0114131 -0.0128054 0.0196979
73
1
-2.74334 7.33016 -0.751077
-0.0128123 -0.0120842 0.0184011
74
1
-2.71629 7.35238 -0.786784
-0.0150829 -0.0109046 0.0172147
75
1
-2.68529 7.37325 -0.820472
-0.0179169 -0.0100577 0.0163743
76
1
-2.65064 7.39291 -0.852186
-0.0187891 -0.00953212 0.0155226
77
1
-2.61287 7.41207 -0.88145
-0.0193583 -0.0089902 0.0142471
78
1
-2.57242 7.43026 -0.908238
-0.0209255 -0.00856484 0.0125516
79
1
-2.53024 7.44696 -0.932575
-0.0213977 -0.00817836 0.0110591
80
1
-2.48685 7.46277 -0.954067
-0.0213123 -0.00774475 0.0100262
81
1
-2.44179 7.47813 -0.972783
-0.0229472 -0.00749125 0.00858275
82
1
-2.3941 7.49267 -0.988705
-0.02526 -0.00737854 0.00683051
83
1
-2.34407 7.50584 -1.00119
-0.0261546 -0.00635342 0.0055584
84
1
-2.29205 7.51731 -1.01043
-0.026853 -0.00480279 0.00397505
85
1
-2.2381 7.5267 -1.01652
-0.0277468 -0.00368258 0.0019372
86
1
-2.18275 7.5337 -1.01896
-0.0281243 -0.00261857 1.09668e-005
87
1
-2.12616 7.53852 -1.01756
-0.0289694 -0.00154407 -0.00180272
88
1
-2.06837 7.54136 -1.01267
-0.0294684 -0.000890224 -0.00334481
89
1
-2.01002 7.54177 -1.004
-0.0284826 0.000125407 -0.00467793
90
1
-1.95049 7.53887 -0.990939
-0.0291228 0.00194205 -0.0071077
91
1
-1.88917 7.53169 -0.973458
-0.0316576 0.00406111 -0.00996936
92
1
-1.82673 7.51974 -0.95225
-0.0315592 0.00602177 -0.0117707
93
1
-1.76292 7.50242 -0.927682
-0.0310137 0.00946424 -0.0130878
94
1
-1.69803 7.47957 -0.899961
-0.0326823 0.0136322 -0.0147966
95
1
-1.63208 7.45196 -0.867994
-0.0330318 0.0158188 -0.017217
96
1
-1.56255 7.41854 -0.829195
-0.0346015 0.0191873 -0.0217507
97
1
-1.4897 7.37803 -0.784227
-0.0380409 0.025198 -0.025261
98
1
-1.41072 7.33081 -0.733704
-0.0384127 0.0265001 -0.0275795
99
1
-1.32316 7.28029 -0.67684
-0.0458539 0.0279005 -0.0301254
100
1
-1.2282 7.22721 -0.616578
-0.0490797 0.0296593 -0.0286341
101
1
-1.12406 7.16735 -0.555138
-0.0537063 0.0310279 -0.0281854
102
1
-1.00953 7.10365 -0.48544
-0.0600387 0.0314636 -0.038435
103
1
-0.887135 7.04065 -0.377902
-0.0507204 0.0251123 -0.0522346
104
1
-0.745063 6.98434 -0.198342
-0.0399623 0.00851782 -0.0663029
105
1
-0.17992 6.26075 -0.0771327
0.0378276 0.0146344 0.0121762
106
1
-0.0480116 9.64947 -0.784958
-0.000807654 -0.0049209 0.0777623
107
1
0.0480116 9.64947 -0.784958
-0.000807654 0.0049209 -0.0777623
108
1
0.179919 6.26075 -0.0771325
0.0378276 -0.0146344 -0.0121762
109
1
0.745063 6.98434 -0.198342
-0.0399623 -0.00851782 0.0663029
110
1
0.887135 7.04065 -0.377902
-0.0507204 -0.0251123 0.0522346
111
1
1.00953 7.10365 -0.48544
-0.0600387 -0.0314636 0.038435
112
1
1.12406 7.16735 -0.555138
-0.0537063 -0.0310279 0.0281854
113
1
1.2282 7.22721 -0.616578
-0.0490797 -0.0296593 0.0286341
114
1
1.32316 7.28029 -0.67684
-0.0458539 -0.0279005 0.0301254
115
1
1.41072 7.33081 -0.733704
-0.0384127 -0.0265001 0.0275795
116
1
1.4897 7.37803 -0.784227
-0.0380409 -0.025198 0.025261
117
1
1.56255 7.41854 -0.829195
-0.0346015 -0.0191873 0.0217507
118
1
1.63208 7.45196 -0.867994
-0.0330318 -0.0158188 0.017217
119
1
1.69803 7.47957 -0.899961
-0.0326823 -0.0136322 0.0147966
120
1
1.76292 7.50242 -0.927682
-0.0310137 -0.00946424 0.0130878
121
1
1.82673 7.51974 -0.95225
-0.0315592 -0.00602177 0.0117707
122
1
1.88917 7.53169 -0.973458
-0.0316576 -0.00406111 0.00996936
123
1
1.95049 7.53887 -0.990939
-0.0291228 -0.00194205 0.0071077
124
1
2.01002 7.54177 -1.004
-0.0284826 -0.000125407 0.00467793
125
1
2.06837 7.54136 -1.01267
-0.0294684 0.000890224 0.00334481
126
1
2.12616 7.53852 -1.01756
-0.0289694 0.00154407 0.00180272
127
1
2.18275 7.5337 -1.01896
-0.0281243 0.00261857 -1.09669e-005
128
1
2.2381 7.5267 -1.01652
-0.0277468 0.00368258 -0.0019372
129
1
2.29205 7.51731 -1.01043
-0.026853 0.00480279 -0.00397505
130
1
2.34407 7.50584 -1.00119
-0.0261546 0.00635342 -0.0055584
131
1
2.3941 7.49267 -0.988705
-0.02526 0.00737854 -0.00683051
132
1
2.44179 7.47813 -0.972783
-0.0229472 0.00749125 -0.00858275
133
1
2.48685 7.46277 -0.954067
-0.0213123 0.00774475 -0.0100262
134
1
2.53024 7.44696 -0.932575
-0.0213977 0.00817836 -0.0110591
135
1
2.57242 7.43026 -0.908238
-0.0209255 0.00856484 -0.0125516
136
1
2.61287 7.41207 -0.88145
-0.0193583 0.0089902 -0.0142471
137
1
2.65064 7.39291 -0.852186
-0.0187891 0.00953212 -0.0155226
138
1
2.68529 7.37325 -0.820472
-0.0179169 0.0100577 -0.0163743
139
1
2.71629 7.35238 -0.786784
-0.0150829 0.0109046 -0.0172147
140
1
2.74334 7.33016 -0.751077
-0.0128123 0.0120842 -0.0184011
141
1
2.76672 7.30626 -0.713186
-0.0114131 0.0128054 -0.0196979
142
1
2.78652 7.28034 -0.672898
-0.00859308 0.0136766 -0.021026
143
1
2.80149 7.25237 -0.629978
-0.00533976 0.0158139 -0.0221786
144
1
2.81141 7.22287 -0.584943
-0.00315851 0.0173254 -0.0229678
145
1
2.81711 7.19318 -0.538433
-0.00115668 0.0168768 -0.0240271
146
1
2.81911 7.16571 -0.490361
0.00104583 0.0152021 -0.0255221
147
1
2.8184 7.1419 -0.440747
0.00283495 0.0118756 -0.0263061
148
1
2.8156 7.12257 -0.389648
0.00365243 0.00835857 -0.0267897
149
1
2.81144 7.10769 -0.336928
0.00387691 0.00597083 -0.0274365
150
1
2.80625 7.09685 -0.282735
0.00424636 0.00408419 -0.0279795
151
1
2.80049 7.08993 -0.227475
0.00433035 0.00218406 -0.0283988
152
1
2.79532 7.08611 -0.171473
0.00321381 0.0004887 -0.0289491
153
1
2.79147 7.08449 -0.114903
0.00138079 -0.000337186 -0.0293877
154
1
2.78955 7.08407 -0.0576524
0.000370575 -0.000447502 -0.0293662
155
1
2.78897 7.08391 -2.57813e-010
-2.82377e-012 -6.78275e-012 -0.0292205
156
1
2.78955 7.08407 0.0576524
-0.000370575 0.000447502 -0.0293662
157
1
2.79147 7.08449 0.114903
-0.00138079 0.000337186 -0.0293877
158
1
2.79532 7.08611 0.171473
-0.00321381 -0.0004887 -0.0289491
159
1
2.80049 7.08993 0.227475
-0.00433035 -0.00218406 -0.0283988
160
1
2.80625 7.09685 0.282735
-0.00424636 -0.00408419 -0.0279795
161
1
2.81144 7.10769 0.336928
-0.00387691 -0.00597083 -0.0274365
162
1
2.8156 7.12257 0.389648
-0.00365243 -0.00835857 -0.0267897
163
1
2.8184 7.1419 0.440747
-0.00283495 -0.0118756 -0.0263061
164
1
2.81911 7.16571 0.490361
-0.00104583 -0.0152021 -0.0255221
165
1
2.81711 7.19318 0.538433
0.00115668 -0.0168768 -0.0240271
166
1
2.81141 7.22287 0.584943
0.00315851 -0.0173254 -0.0229678
167
1
2.80149 7.25237 0.629978
0.00533976 -0.0158139 -0.0221786
168
1
2.78652 7.28034 0.672898
0.00859308 -0.0136766 -0.021026
169
1
2.76672 7.30626 0.713186
0.0114131 -0.0128054 -0.0196979
170
1
2.74334 7.33016 0.751077
0.0128123 -0.0120842 -0.0184011
171
1
2.71629 7.35238 0.786784
0.0150829 -0.0109046 -0.0172147
172
1
2.68529 7.37325 0.820472
0.0179169 -0.0100577 -0.0163743
173
1
2.65064 7.39291 0.852186
0.0187891 -0.00953212 -0.0155226
174
1
2.61287 7.41207 0.88145
0.0193583 -0.0089902 -0.0142471
175
1
2.57242 7.43026 0.908238
0.0209255 -0.00856484 -0.0125516
176
1
2.53024 7.44696 0.932575
0.0213977 -0.00817836 -0.0110591
177
1
2.48685 7.46277 0.954067
0.0213123 -0.00774475 -0.0100262
178
1
2.44179 7.47813 0.972783
0.0229472 -0.00749125 -0.00858275
179
1
2.3941 7.49267 0.988705
0.02526 -0.00737854 -0.00683051
180
1
2.34407 7.50584 1.00119
0.0261546 -0.00635342 -0.0055584
181
1
2.29205 7.51731 1.01043
0.026853 -0.00480279 -0.00397505
182
1
2.2381 7.5267 1.01652
0.0277468 -0.00368258 -0.0019372
183
1
2.18275 7.5337 1.01896
0.0281243 -0.00261857 -1.09668e-005
184
1
2.12616 7.53852 1.01756
0.0289694 -0.00154407 0.00180272
185
1
2.06837 7.54136 1.01267
0.0294684 -0.000890224 0.00334481
186
1
2.01002 7.54177 1.004
0.0284826 0.000125407 0.00467793
187
1
1.95049 7.53887 0.990939
0.0291228 0.00194205 0.0071077
188
1
1.88917 7.53169 0.973458
0.0316576 0.00406111 0.00996936
189
1
1.82673 7.51974 0.95225
0.0315592 0.00602177 0.0117707
190
1
1.76292 7.50242 0.927682
0.0310137 0.00946424 0.0130878
191
1
1.69803 7.47957 0.899961
0.0326823 0.0136322 0.0147966
192
1
1.63208 7.45196 0.867994
0.0330318 0.0158188 0.017217
193
1
1.56255 7.41854 0.829195
0.0346015 0.0191873 0.0217507
