194
0
1
0.872707 4.43323 0.605915
0.0385566 -0.0198874 0.0263878
1
1
0.79894 4.47624 0.551451
0.0366982 -0.023344 0.0292449
2
1
0.725045 4.527 0.492401
0.0362603 -0.0279243 0.0308555
3
1
0.651547 4.58678 0.432788
0.0346578 -0.0330241 0.0302685
4
1
0.575835 4.65573 0.376302
0.0370347 -0.0367856 0.0274794
5
1
0.494739 4.73021 0.327459
0.0395679 -0.0385342 0.0220049
6
1
0.404493 4.80476 0.28891
0.0458084 -0.0373253 0.0164633
7
1
0.302262 4.87152 0.261946
0.0523151 -0.0316506 0.00958155
8
1
0.187632 4.92261 0.245457
0.0588724 -0.021449 0.00519287
9
1
0.0637454 4.95037 0.237958
0.0628298 -0.00746127 0.00114772
10
1
-0.0637454 4.95037 0.237958
0.0628298 0.00746127 -0.00114772
11
1
-0.187632 4.92261 0.245457
0.0588724 0.021449 -0.00519287
12
1
-0.302262 4.87152 0.261946
0.0523151 0.0316506 -0.00958155
13
1
-0.404493 4.80476 0.28891
0.0458084 0.0373253 -0.0164633
14
1
-0.494739 4.73021 0.327459
0.0395679 0.0385342 -0.0220049
15
1
-0.575835 4.65573 0.376302
0.0370347 0.0367856 -0.0274794
16
1
-0.651547 4.58678 0.432788
0.0346578 0.0330241 -0.0302685
17
1
-0.725045 4.527 0.492401
0.0362603 0.0279243 -0.0308555
18
1
-0.79894 4.47624 0.551451
0.0366982 0.023344 -0.0292449
19
1
-0.872707 4.43323 0.605915
0.0385566 0.0198874 -0.0263878
20
1
-0.94543 4.39606 0.654211
0.0376653 0.0161816 -0.0229966
21
1
-1.01611 4.36337 0.696417
0.034766 0.0141733 -0.0197874
22
1
-1.08475 4.33407 0.732695
0.0346386 0.0135585 -0.0172215
23
1
-1.15212 4.3078 0.764628
0.031992 0.0121819 -0.0153499
24
1
-1.21753 4.28484 0.793363
0.031047 0.0114087 -0.0145105
25
1
-1.28116 4.2651 0.819718
0.0311479 0.0104714 -0.012991
26
1
-1.34325 4.24879 0.843679
0.0294722 0.00798999 -0.0116847
27
1
-1.40382 4.23578 0.865139
0.0290526 0.00585134 -0.0106147
28
1
-1.46368 4.22621 0.883737
0.0297286 0.00449783 -0.00930833
29
1
-1.52318 4.21946 0.899022
0.0291861 0.00288096 -0.00757655
30
1
-1.58227 4.21495 0.911092
0.0288395 0.00136031 -0.00543041
31
1
-1.6412 4.21231 0.919973
0.0293977 0.000517221 -0.00321299
32
1
-1.70011 4.21071 0.92515
0.0295208 -7.63427e-005 -0.00154097
33
1
-1.75871 4.20924 0.926317
0.0291626 -0.000171458 3.62056e-007
34
1
-1.81661 4.20712 0.923528
0.0289076 0.000876025 0.00205832
35
1
-1.87358 4.20423 0.917052
0.0282092 0.00208046 0.00428136
36
1
-1.92942 4.20052 0.906893
0.0268299 0.00236556 0.00593537
37
1
-1.98447 4.19593 0.893118
0.026212 0.00247505 0.00736491
38
1
-2.03967 4.19068 0.876225
0.0271161 0.00320122 0.00905436
39
1
-2.09539 4.18562 0.856712
0.0281082 0.00363126 0.0103477
40
1
-2.15097 4.18153 0.83512
0.0280734 0.00302098 0.0111699
41
1
-2.20566 4.17877 0.811777
0.0276006 0.00224252 0.0121503
42
1
-2.2593 4.17688 0.78663
0.0269882 0.00145007 0.0134506
43
1
-2.31212 4.17609 0.759129
0.0261758 0.000154406 0.0152719
44
1
-2.36426 4.17601 0.728317
0.02558 -0.00107335 0.0175212
45
1
-2.4158 4.17629 0.693333
0.0255399 -0.00124793 0.0195601
46
1
-2.46604 4.17658 0.653848
0.0255111 -0.000771658 0.0212306
47
1
-2.51408 4.1769 0.610698
0.024843 -0.000818723 0.0227616
48
1
-2.55918 4.17741 0.564723
0.023407 -0.000901667 0.0242989
49
1
-2.60042 4.17786 0.516068
0.0210941 -0.000108002 0.0261408
50
1
-2.63709 4.17835 0.464978
0.0182525 0.000663789 0.0275978
51
1
-2.66897 4.17884 0.411815
0.0155177 0.000299085 0.0284172
52
1
-2.69581 4.17954 0.356448
0.0127018 -0.000717981 0.0290375
53
1
-2.7173 4.18064 0.299175
0.00959482 -0.0014931 0.0298373
54
1
-2.73328 4.18199 0.240462
0.006631 -0.00160683 0.0306298
55
1
-2.74435 4.18365 0.180824
0.00432166 -0.0012687 0.0311184
56
1
-2.75128 4.18537 0.120712
0.00256709 -0.000822737 0.031101
57
1
-2.75494 4.18694 0.0603703
0.00114712 -0.000446435 0.0306927
58
1
-2.75617 4.18748 -2.03623e-015
-1.44714e-016 -1.10732e-016 0.0304368
59
1
-2.75494 4.18694 -0.0603703
-0.00114712 0.000446435 0.0306927
60
1
-2.75128 4.18537 -0.120712
-0.00256709 0.000822737 0.031101
61
1
-2.74435 4.18365 -0.180824
-0.00432166 0.0012687 0.0311184
62
1
-2.73328 4.18199 -0.240462
-0.006631 0.00160683 0.0306298
63
1
-2.7173 4.18064 -0.299175
-0.00959482 0.0014931 0.0298373
64
1
-2.69581 4.17954 -0.356448
-0.0127018 0.000717981 0.0290375
65
1
-2.66897 4.17884 -0.411815
-0.0155177 -0.000299085 0.0284172
66
1
-2.63709 4.17835 -0.464978
-0.0182525 -0.000663789 0.0275978
67
1
-2.60042 4.17786 -0.516068
-0.0210941 0.000108002 0.0261408
68
1
-2.55918 4.17741 -0.564723
-0.023407 0.000901667 0.0242989
69
1
-2.51408 4.1769 -0.610698
-0.024843 0.000818723 0.0227616
70
1
-2.46604 4.17658 -0.653848
-0.0255111 0.000771658 0.0212306
71
1
-2.4158 4.17629 -0.693333
-0.0255399 0.00124793 0.0195601
72
1
-2.36426 4.17601 -0.728317
-0.02558 0.00107335 0.0175212
73
1
-2.31212 4.17609 -0.759129
-0.0261758 -0.000154406 0.0152719
74
1
-2.2593 4.17688 -0.78663
-0.0269882 -0.00145007 0.0134506
75
1
-2.20566 4.17877 -0.811777
-0.0276006 -0.00224252 0.0121503
76
1
-2.15097 4.18153 -0.83512
-0.0280734 -0.00302098 0.0111699
77
1
-2.09539 4.18562 -0.856712
-0.0281082 -0.00363126 0.0103477
78
1
-2.03967 4.19068 -0.876225
-0.0271161 -0.00320122 0.00905436
79
1
-1.98447 4.19593 -0.893118
-0.026212 -0.00247505 0.00736491
80
1
-1.92942 4.20052 -0.906893
-0.0268299 -0.00236556 0.00593537
81
1
-1.87358 4.20423 -0.917052
-0.0282092 -0.00208046 0.00428136
82
1
-1.81661 4.20712 -0.923528
-0.0289076 -0.000876025 0.00205832
83
1
-1.75871 4.20924 -0.926317
-0.0291626 0.000171458 3.62056e-007
84
1
-1.70011 4.21071 -0.92515
-0.0295208 7.63427e-005 -0.00154097
85
1
-1.6412 4.21231 -0.919973
-0.0293977 -0.000517221 -0.00321299
86
1
-1.58227 4.21495 -0.911092
-0.0288395 -0.00136031 -0.00543041
87
1
-1.52318 4.21946 -0.899022
-0.0291861 -0.00288096 -0.00757655
88
1
-1.46368 4.22621 -0.883737
-0.0297286 -0.00449783 -0.00930833
89
1
-1.40382 4.23578 -0.865139
-0.0290526 -0.00585134 -0.0106147
90
1
-1.34325 4.24879 -0.843679
-0.0294722 -0.00798999 -0.0116847
91
1
-1.28116 4.2651 -0.819718
-0.0311479 -0.0104714 -0.012991
92
1
-1.21753 4.28484 -0.793363
-0.031047 -0.0114087 -0.0145105
93
1
-1.15212 4.3078 -0.764628
-0.031992 -0.0121819 -0.0153499
94
1
-1.08475 4.33407 -0.732695
-0.0346386 -0.0135585 -0.0172215
95
1
-1.01611 4.36337 -0.696417
-0.034766 -0.0141733 -0.0197874
96
1
-0.94543 4.39606 -0.654211
-0.0376653 -0.0161816 -0.0229966
97
1
-0.872707 4.43323 -0.605915
-0.0385566 -0.0198874 -0.0263878
98
1
-0.79894 4.47624 -0.551451
-0.0366982 -0.023344 -0.0292449
99
1
-0.725045 4.527 -0.492401
-0.0362603 -0.0279243 -0.0308555
100
1
-0.651547 4.58678 -0.432788
-0.0346578 -0.0330241 -0.0302685
101
1
-0.575835 4.65573 -0.376302
-0.0370347 -0.0367856 -0.0274794
102
1
-0.494739 4.73021 -0.327459
-0.0395679 -0.0385342 -0.0220049
103
1
-0.404493 4.80476 -0.28891
-0.0458084 -0.0373253 -0.0164633
104
1
-0.302262 4.87152 -0.261946
-0.0523151 -0.0316506 -0.00958155
105
1
-0.187632 4.92261 -0.245457
-0.0588724 -0.021449 -0.00519287
106
1
-0.0637454 4.95037 -0.237958
-0.0628298 -0.00746127 -0.00114772
107
1
0.0637454 4.95037 -0.237958
-0.0628298 0.00746127 0.00114772
108
1
0.187632 4.92261 -0.245457
-0.0588724 0.021449 0.00519287
109
1
0.302262 4.87152 -0.261946
-0.0523151 0.0316506 0.00958155
110
1
0.404493 4.80476 -0.28891
-0.0458084 0.0373253 0.0164633
111
1
0.494739 4.73021 -0.327459
-0.0395679 0.0385342 0.0220049
112
1
0.575835 4.65573 -0.376302
-0.0370347 0.0367856 0.0274794
113
1
0.651547 4.58678 -0.432788
-0.0346578 0.0330241 0.0302685
114
1
0.725045 4.527 -0.492401
-0.0362603 0.0279243 0.0308555
115
1
0.79894 4.47624 -0.551451
-0.0366982 0.023344 0.0292449
116
1
0.872707 4.43323 -0.605915
-0.0385566 0.0198874 0.0263878
117
1
0.94543 4.39606 -0.654211
-0.0376653 0.0161816 0.0229966
118
1
1.01611 4.36337 -0.696417
-0.034766 0.0141733 0.0197874
119
1
1.08475 4.33407 -0.732695
-0.0346386 0.0135585 0.0172215
120
1
1.15212 4.3078 -0.764628
-0.031992 0.0121819 0.0153499
121
1
1.21753 4.28484 -0.793363
-0.031047 0.0114087 0.0145105
122
1
1.28116 4.2651 -0.819718
-0.0311479 0.0104714 0.012991
123
1
1.34325 4.24879 -0.843679
-0.0294722 0.00798999 0.0116847
124
1
1.40382 4.23578 -0.865139
-0.0290526 0.00585134 0.0106147
125
1
1.46368 4.22621 -0.883737
-0.0297286 0.00449783 0.00930833
126
1
1.52318 4.21946 -0.899022
-0.0291861 0.00288096 0.00757655
127
1
1.58227 4.21495 -0.911092
-0.0288395 0.00136031 0.00543041
128
1
1.6412 4.21231 -0.919973
-0.0293977 0.000517221 0.00321299
129
1
1.70011 4.21071 -0.92515
-0.0295208 -7.63427e-005 0.00154097
130
1
1.75871 4.20924 -0.926317
-0.0291626 -0.000171458 -3.62056e-007
131
1
1.81661 4.20712 -0.923528
-0.0289076 0.000876025 -0.00205832
132
1
1.87358 4.20423 -0.917052
-0.0282092 0.00208046 -0.00428136
133
1
1.92942 4.20052 -0.906893
-0.0268299 0.00236556 -0.00593537
134
1
1.98447 4.19593 -0.893118
-0.026212 0.00247505 -0.00736491
135
1
2.03967 4.19068 -0.876225
-0.0271161 0.00320122 -0.00905436
136
1
2.09539 4.18562 -0.856712
-0.0281082 0.00363126 -0.0103477
137
1
2.15097 4.18153 -0.83512
-0.0280734 0.00302098 -0.0111699
138
1
2.20566 4.17877 -0.811777
-0.0276006 0.00224252 -0.0121503
139
1
2.2593 4.17688 -0.78663
-0.0269882 0.00145007 -0.0134506
140
1
2.31212 4.17609 -0.759129
-0.0261758 0.000154406 -0.0152719
141
1
2.36426 4.17601 -0.728317
-0.02558 -0.00107335 -0.0175212
142
1
2.4158 4.17629 -0.693333
-0.0255399 -0.00124793 -0.0195601
143
1
2.46604 4.17658 -0.653848
-0.0255111 -0.000771658 -0.0212306
144
1
2.51408 4.1769 -0.610698
-0.024843 -0.000818723 -0.0227616
145
1
2.55918 4.17741 -0.564723
-0.023407 -0.000901667 -0.0242989
146
1
2.60042 4.17786 -0.516068
-0.0210941 -0.000108002 -0.0261408
147
1
2.63709 4.17835 -0.464978
-0.0182525 0.000663789 -0.0275978
148
1
2.66897 4.17884 -0.411815
-0.0155177 0.000299085 -0.0284172
149
1
2.69581 4.17954 -0.356448
-0.0127018 -0.000717981 -0.0290375
150
1
2.7173 4.18064 -0.299175
-0.00959482 -0.0014931 -0.0298373
151
1
2.73328 4.18199 -0.240462
-0.006631 -0.00160683 -0.0306298
152
1
2.74435 4.18365 -0.180824
-0.00432166 -0.0012687 -0.0311184
153
1
2.75128 4.18537 -0.120712
-0.00256709 -0.000822737 -0.031101
154
1
2.75494 4.18694 -0.0603703
-0.00114712 -0.000446435 -0.0306927
155
1
2.75617 4.18748 -5.9976e-015
1.00484e-016 -7.49113e-016 -0.0304368
156
1
2.75494 4.18694 0.0603703
0.00114712 0.000446435 -0.0306927
157
1
2.75128 4.18537 0.120712
0.00256709 0.000822737 -0.031101
158
1
2.74435 4.18365 0.180824
0.00432166 0.0012687 -0.0311184
159
1
2.73328 4.18199 0.240462
0.006631 0.00160683 -0.0306298
160
1
2.7173 4.18064 0.299175
0.00959482 0.0014931 -0.0298373
161
1
2.69581 4.17954 0.356448
0.0127018 0.000717981 -0.0290375
162
1
2.66897 4.17884 0.411815
0.0155177 -0.000299085 -0.0284172
163
1
2.63709 4.17835 0.464978
0.0182525 -0.000663789 -0.0275978
164
1
2.60042 4.17786 0.516068
0.0210941 0.000108002 -0.0261408
165
1
2.55918 4.17741 0.564723
0.023407 0.000901667 -0.0242989
166
1
2.51408 4.1769 0.610698
0.024843 0.000818723 -0.0227616
167
1
2.46604 4.17658 0.653848
0.0255111 0.000771658 -0.0212306
168
1
2.4158 4.17629 0.693333
0.0255399 0.00124793 -0.0195601
169
1
2.36426 4.17601 0.728317
0.02558 0.00107335 -0.0175212
170
1
2.31212 4.17609 0.759129
0.0261758 -0.000154406 -0.0152719
171
1
2.2593 4.17688 0.78663
0.0269882 -0.00145007 -0.0134506
172
1
2.20566 4.17877 0.811777
0.0276006 -0.00224252 -0.0121503
173
1
2.15097 4.18153 0.83512
0.0280734 -0.00302098 -0.0111699
174
1
2.09539 4.18562 0.856712
0.0281082 -0.00363126 -0.0103477
175
1
2.03967 4.19068 0.876225
0.0271161 -0.00320122 -0.00905436
176
1
1.98447 4.19593 0.893118
0.026212 -0.00247505 -0.00736491
177
1
1.92942 4.20052 0.906893
0.0268299 -0.00236556 -0.00593537
178
1
1.87358 4.20423 0.917052
0.0282092 -0.00208046 -0.00428136
179
1
1.81661 4.20712 0.923528
0.0289076 -0.000876025 -0.00205832
180
1
1.75871 4.20924 0.926317
0.0291626 0.000171458 -3.62056e-007
181
1
1.70011 4.21071 0.92515
0.0295208 7.63427e-005 0.00154097
182
1
1.6412 4.21231 0.919973
0.0293977 -0.000517221 0.00321299
183
1
1.58227 4.21495 0.911092
0.0288395 -0.00136031 0.00543041
184
1
1.52318 4.21946 0.899022
0.0291861 -0.00288096 0.00757655
185
1
1.46368 4.22621 0.883737
0.0297286 -0.00449783 0.00930833
186
1
1.40382 4.23578 0.865139
0.0290526 -0.00585134 0.0106147
187
1
1.34325 4.24879 0.843679
0.0294722 -0.00798999 0.0116847
188
1
1.28116 4.2651 0.819718
0.0311479 -0.0104714 0.012991
189
1
1.21753 4.28484 0.793363
0.031047 -0.0114087 0.0145105
190
1
1.15212 4.3078 0.764628
0.031992 -0.0121819 0.0153499
191
1
1.08475 4.33407 0.732695
0.0346386 -0.0135585 0.0172215
192
1
1.01611 4.36337 0.696417
0.034766 -0.0141733 0.0197874
193
1
0.94543 4.39606 0.654211
0.0376653 -0.0161816 0.0229966
