194
0
1
0.842546 11.9518 2.4742
0.0139512 0.00354701 -0.0361382
1
1
0.805973 11.9325 2.54305
0.0179855 0.00861946 -0.0232744
2
1
0.735967 11.8997 2.62492
0.0557554 0.0220195 -0.0450146
3
1
0.656705 11.8581 2.70677
0.040862 0.0246727 -0.0421823
4
1
0.585615 11.8064 2.78801
0.0277209 0.0284659 -0.0457218
5
1
0.526142 11.7653 2.86087
0.0180092 0.0094101 -0.0157594
6
1
0.408867 11.7315 2.96382
0.0572677 0.00344906 -0.0510332
7
1
0.19387 11.7144 3.09132
0.072931 0.000932676 -0.0274235
8
1
0.142585 6.25737 0.0598939
-0.0445028 -0.019131 -0.00791253
9
1
1.41531 12.4077 -0.0697608
-0.0250924 0.0541428 0.0360771
10
1
-1.37976 12.4487 0.203591
-0.0317189 -0.0465227 0.0202006
11
1
-0.141791 6.2567 0.0576159
-0.0445763 0.0190539 0.00815993
12
1
-0.194873 11.7144 3.09123
0.0729312 -0.000942744 0.0274226
13
1
-0.409838 11.7315 2.96367
0.0572894 -0.00345122 0.0510404
14
1
-0.527103 11.7653 2.86069
0.01801 -0.00940216 0.0157595
15
1
-0.586558 11.8064 2.7878
0.0277189 -0.0284544 0.0457294
16
1
-0.657644 11.8581 2.70655
0.0408666 -0.0246673 0.0421796
17
1
-0.736898 11.8997 2.6247
0.0557657 -0.0220051 0.04501
18
1
-0.806924 11.9324 2.54285
0.0180012 -0.00860095 0.0232613
19
1
-0.843526 11.9517 2.47406
0.0139866 -0.00351406 0.0360978
20
1
-0.870635 11.9678 2.39603
0.00913911 -0.00320694 0.0456448
21
1
-0.890689 11.9903 2.31664
0.0112941 -0.00940916 0.0339396
22
1
-0.907192 12.0292 2.24237
0.00396066 -0.0386305 0.0407752
23
1
-0.92003 12.0772 2.17241
0.00040469 -0.02245 0.0322816
24
1
-0.928969 12.1195 2.11308
0.00414404 -0.00850998 0.0180415
25
1
-0.932285 12.1588 2.06664
0.00648043 -0.0185699 0.0203003
26
1
-0.932127 12.2 2.02482
0.00322351 -0.0294225 0.0208265
27
1
-0.926055 12.239 1.98596
-0.003102 -0.0205026 0.0177508
28
1
-0.911437 12.2742 1.95034
-0.0122568 -0.0134011 0.0175781
29
1
-0.887498 12.3064 1.9181
-0.0185843 -0.0139938 0.0202202
30
1
-0.859237 12.3347 1.89041
-0.0136842 -0.0111661 0.0130859
31
1
-0.829168 12.3602 1.87215
-0.0115687 -0.00977739 0.00605087
32
1
-0.799039 12.3842 1.86084
-0.0134684 -0.0110358 1.21783e-005
33
1
-0.76857 12.4065 1.85571
-0.0122247 -0.00831612 -5.98032e-005
34
1
-0.73835 12.4286 1.8528
-0.0148878 -0.00735294 -0.00387038
35
1
-0.704818 12.4523 1.85066
-0.019616 -0.00915317 -0.00815634
36
1
-0.670456 12.4774 1.84521
-0.0180599 -0.0103897 0.000229474
37
1
-0.636033 12.5037 1.8344
-0.0185834 -0.014362 0.0103816
38
1
-0.602549 12.5326 1.8178
-0.0157168 -0.0179932 0.0131853
39
1
-0.5729 12.5622 1.79684
-0.00854301 -0.0145149 0.0108198
40
1
-0.547796 12.5904 1.77165
-0.00715284 -0.0127601 0.0121657
41
1
-0.525232 12.6164 1.74227
-0.00905719 -0.011727 0.0141034
42
1
-0.502311 12.642 1.7095
-0.00845065 -0.011049 0.0162048
43
1
-0.478572 12.6693 1.67075
-0.0105205 -0.01243 0.0210003
44
1
-0.449895 12.6971 1.62407
-0.0222573 -0.0158231 0.0287077
45
1
-0.413324 12.7286 1.57273
-0.0379424 -0.0210566 0.0356006
46
1
-0.382694 12.7643 1.51601
-0.0325619 -0.0300049 0.0341138
47
1
-0.366716 12.7953 1.45593
0.00200792 -0.0298898 0.0357901
48
1
-0.357894 12.8195 1.39444
0.0260964 -0.00645638 0.0600905
49
1
-0.354377 12.8432 1.33692
-0.0165572 0.0036548 0.0233796
50
1
-0.357682 12.8628 1.26903
0.00664145 -0.0411046 0.0512987
51
1
-0.350835 12.8928 1.18506
0.0139904 0.00710755 0.0763256
52
1
-0.35084 12.907 1.11811
-0.0247571 -0.00400181 -0.00830654
53
1
-0.365086 12.9328 1.02991
0.0412712 -0.0339539 0.0372008
54
1
-0.367412 12.9632 0.972209
0.00262344 -0.00476913 0.0185696
55
1
-0.395657 13.0252 0.906616
0.00901163 -0.0133326 -0.0100375
56
1
0.0974983 14.0223 1.12915
-0.0654315 -0.0152664 -0.0394653
57
1
-0.0881239 13.9144 0.0351904
0.0108302 0.0278735 -0.0205796
58
1
-0.064947 15.2597 0.0241597
0.0320655 0.00703888 0.070669
59
1
-0.087376 13.9186 -0.0446569
-0.00835979 -0.0319029 -0.0227657
60
1
-0.0944469 13.9973 -1.30075
-0.048811 -0.0530153 -0.029643
61
1
-0.329223 13.0331 -0.888496
-0.0133875 0.0113957 -0.00585783
62
1
-0.316809 12.9841 -0.969813
0.00407449 0.00653071 0.0211283
63
1
-0.317845 12.9593 -1.02956
-0.0304432 0.0311087 0.0389607
64
1
-0.311645 12.9363 -1.12278
0.023103 0.000239081 -0.0058139
65
1
-0.317343 12.9281 -1.19114
-0.00938777 -0.00308484 0.077293
66
1
-0.334659 12.8984 -1.26845
0.00718569 0.0336277 0.0368827
67
1
-0.338162 12.879 -1.33521
0.0190733 -0.00510645 0.0305058
68
1
-0.346829 12.8536 -1.39365
-0.0242293 0.0133903 0.0608981
69
1
-0.358455 12.8269 -1.45482
0.00292385 0.0327063 0.0349068
70
1
-0.377032 12.7911 -1.51485
0.0337214 0.0311961 0.0337586
71
1
-0.410604 12.7515 -1.57079
0.0365692 0.0232675 0.0343093
72
1
-0.448468 12.7172 -1.62137
0.0220689 0.0176727 0.0281095
73
1
-0.477419 12.6869 -1.66722
0.0109006 0.0134531 0.020706
74
1
-0.501845 12.6578 -1.70512
0.0088909 0.0116313 0.0160736
75
1
-0.525117 12.6307 -1.73749
0.00942535 0.0120764 0.0140094
76
1
-0.548074 12.6038 -1.76677
0.00742965 0.0128489 0.0121373
77
1
-0.573444 12.5746 -1.79208
0.00871023 0.0146495 0.0108265
78
1
-0.603024 12.5439 -1.81336
0.0155465 0.0183535 0.0131031
79
1
-0.636364 12.5135 -1.8302
0.0181826 0.0150848 0.0104469
80
1
-0.670725 12.4857 -1.84115
0.0180986 0.0113844 0.000532358
81
1
-0.705107 12.4592 -1.84667
0.0199291 0.0103036 -0.00772598
82
1
-0.738656 12.4341 -1.84888
0.0149384 0.00822787 -0.00367457
83
1
-0.76888 12.4107 -1.85189
0.0122016 0.00907073 -9.27928e-005
84
1
-0.799223 12.3873 -1.8572
0.0134933 0.0117434 -6.61983e-005
85
1
-0.829149 12.3622 -1.8687
0.0115205 0.0101676 0.00599581
86
1
-0.858959 12.336 -1.88728
0.0136198 0.0113918 0.0131567
87
1
-0.887044 12.3071 -1.91533
0.0185741 0.0140835 0.0204389
88
1
-0.910891 12.2745 -1.94788
0.0122394 0.0134063 0.0177847
89
1
-0.925358 12.2391 -1.98383
0.00307261 0.0204862 0.0179968
90
1
-0.93124 12.2001 -2.02312
-0.003273 0.0293284 0.0211388
91
1
-0.931241 12.1589 -2.06537
-0.00652039 0.0185288 0.020537
92
1
-0.927792 12.1196 -2.11218
-0.00415674 0.0085191 0.0181827
93
1
-0.918841 12.0774 -2.17184
-0.000389101 0.0223948 0.0324555
94
1
-0.906062 12.0294 -2.24207
-0.00389234 0.0386094 0.0408958
95
1
-0.889621 11.9905 -2.31652
-0.0112342 0.00946451 0.0339888
96
1
-0.869618 11.968 -2.39606
-0.00908686 0.00324988 0.0457248
97
1
-0.842545 11.9518 -2.4742
-0.0139512 0.00354701 0.0361382
98
1
-0.805972 11.9325 -2.54304
-0.0179855 0.00861946 0.0232744
99
1
-0.735966 11.8997 -2.62492
-0.0557553 0.0220195 0.0450146
100
1
-0.656704 11.8581 -2.70677
-0.040862 0.0246727 0.0421824
101
1
-0.585615 11.8064 -2.78801
-0.0277209 0.0284659 0.0457218
102
1
-0.526142 11.7653 -2.86087
-0.0180092 0.00941009 0.0157594
103
1
-0.408867 11.7315 -2.96382
-0.0572677 0.00344906 0.0510332
104
1
-0.19387 11.7144 -3.09132
-0.072931 0.000932674 0.0274235
105
1
-0.142592 6.25736 -0.0598781
0.044502 -0.0191275 0.00790634
106
1
-1.41529 12.4077 0.0696256
0.0251045 0.0541465 -0.0360543
107
1
1.37971 12.4488 -0.203702
0.0317133 -0.0465133 -0.0202233
108
1
0.141797 6.25669 -0.0576
0.0445756 0.0190505 -0.00815379
109
1
0.194873 11.7144 -3.09123
-0.0729312 -0.000942753 -0.0274226
110
1
0.409838 11.7315 -2.96367
-0.0572894 -0.00345123 -0.0510404
111
1
0.527103 11.7653 -2.86069
-0.01801 -0.00940216 -0.0157595
112
1
0.586558 11.8064 -2.7878
-0.0277189 -0.0284544 -0.0457294
113
1
0.657644 11.8581 -2.70654
-0.0408665 -0.0246673 -0.0421796
114
1
0.736898 11.8997 -2.6247
-0.0557657 -0.0220051 -0.04501
115
1
0.806923 11.9324 -2.54284
-0.0180012 -0.00860096 -0.0232613
116
1
0.843525 11.9517 -2.47406
-0.0139866 -0.00351408 -0.0360979
117
1
0.870634 11.9678 -2.39603
-0.00913905 -0.00320695 -0.0456449
118
1
0.890689 11.9903 -2.31663
-0.011294 -0.00940918 -0.0339396
119
1
0.907192 12.0292 -2.24237
-0.00396057 -0.0386304 -0.0407752
120
1
0.920029 12.0772 -2.17241
-0.000404618 -0.02245 -0.0322817
121
1
0.928968 12.1195 -2.11308
-0.004144 -0.00850999 -0.0180416
122
1
0.932284 12.1588 -2.06664
-0.00648038 -0.0185699 -0.0203004
123
1
0.932126 12.2 -2.02482
-0.00322343 -0.0294224 -0.0208266
124
1
0.926054 12.239 -1.98596
0.00310207 -0.0205025 -0.0177509
125
1
0.911436 12.2742 -1.95034
0.0122569 -0.0134011 -0.0175781
126
1
0.887496 12.3064 -1.9181
0.0185844 -0.0139937 -0.0202202
127
1
0.859235 12.3347 -1.89041
0.0136843 -0.011166 -0.0130859
128
1
0.829166 12.3602 -1.87215
0.0115687 -0.00977737 -0.00605091
129
1
0.799037 12.3842 -1.86083
0.0134684 -0.0110358 -1.22578e-005
130
1
0.768568 12.4065 -1.85571
0.0122247 -0.00831611 5.97196e-005
131
1
0.738347 12.4286 -1.8528
0.0148878 -0.00735293 0.00387028
132
1
0.704816 12.4523 -1.85065
0.019616 -0.00915315 0.00815625
133
1
0.670454 12.4774 -1.8452
0.0180599 -0.0103897 -0.000229575
134
1
0.636031 12.5036 -1.8344
0.0185834 -0.0143619 -0.0103817
135
1
0.602548 12.5326 -1.8178
0.0157167 -0.017993 -0.0131854
136
1
0.572899 12.5622 -1.79684
0.0085429 -0.0145148 -0.0108199
137
1
0.547795 12.5904 -1.77164
0.00715271 -0.01276 -0.0121658
138
1
0.525231 12.6164 -1.74226
0.00905701 -0.0117269 -0.0141035
139
1
0.502311 12.642 -1.7095
0.00845044 -0.011049 -0.0162049
140
1
0.478572 12.6693 -1.67075
0.0105203 -0.01243 -0.0210004
141
1
0.449896 12.697 -1.62406
0.0222568 -0.0158232 -0.0287078
142
1
0.413325 12.7286 -1.57272
0.0379418 -0.021057 -0.0356008
143
1
0.382696 12.7643 -1.51601
0.0325615 -0.0300052 -0.0341142
144
1
0.366718 12.7953 -1.45593
-0.00200795 -0.0298897 -0.03579
145
1
0.357897 12.8195 -1.39444
-0.0260966 -0.00645672 -0.06009
146
1
0.35438 12.8432 -1.33692
0.016557 0.00365477 -0.0233805
147
1
0.357684 12.8628 -1.26902
-0.00664014 -0.0411036 -0.0512971
148
1
0.350837 12.8927 -1.18506
-0.0139896 0.0071073 -0.0763258
149
1
0.350843 12.907 -1.11811
0.0247563 -0.00400144 0.00830588
150
1
0.365091 12.9328 -1.0299
-0.0412705 -0.0339511 -0.0372001
151
1
0.367417 12.9632 -0.972204
-0.00262054 -0.00476999 -0.0185701
152
1
0.395661 13.0252 -0.906609
-0.00901343 -0.013332 0.010038
153
1
-0.0974705 14.0223 -1.12917
0.0654363 -0.0152674 0.0394569
154
1
0.0881249 13.9144 -0.0351912
-0.0108299 0.0278742 0.0205805
155
1
0.0649481 15.2597 -0.024148
-0.0320655 0.00704015 -0.0706689
156
1
0.0873771 13.9186 0.0446562
0.0083601 -0.0319022 0.0227647
157
1
0.09445 13.9973 1.30072
0.0488038 -0.0530169 0.0296521
158
1
0.329205 13.0331 0.888505
0.0133867 0.0113968 0.00585686
159
1
0.316793 12.9841 0.969822
-0.00407295 0.0065296 -0.0211278
160
1
0.31783 12.9593 1.02957
0.0304425 0.0311108 -0.0389625
161
1
0.311633 12.9363 1.12279
-0.0231032 0.00023898 0.00581403
162
1
0.317332 12.9281 1.19116
0.00938743 -0.00308468 -0.077293
163
1
0.334648 12.8984 1.26846
-0.00718608 0.0336276 -0.0368826
164
1
0.338153 12.879 1.33522
-0.0190737 -0.00510651 -0.0305057
165
1
0.346821 12.8536 1.39366
0.0242276 0.0133901 -0.0608981
166
1
0.358448 12.8269 1.45483
-0.00292498 0.032706 -0.0349064
167
1
0.377027 12.7911 1.51486
-0.0337222 0.0311956 -0.0337575
168
1
0.410601 12.7515 1.5708
-0.0365701 0.0232674 -0.0343083
169
1
0.448466 12.7172 1.62138
-0.0220697 0.0176729 -0.0281089
170
1
0.477419 12.6869 1.66722
-0.010901 0.0134533 -0.0207057
171
1
0.501845 12.6578 1.70512
-0.00889128 0.0116316 -0.0160734
172
1
0.525118 12.6307 1.7375
-0.00942567 0.0120766 -0.0140092
173
1
0.548075 12.6038 1.76678
-0.00742987 0.012849 -0.0121371
174
1
0.573446 12.5746 1.79208
-0.0087104 0.0146496 -0.0108263
175
1
0.603025 12.5439 1.81336
-0.0155467 0.0183537 -0.0131029
176
1
0.636366 12.5135 1.83021
-0.0181826 0.015085 -0.0104467
177
1
0.670727 12.4857 1.84115
-0.0180986 0.0113846 -0.000532253
178
1
0.70511 12.4592 1.84667
-0.0199292 0.0103038 0.00772606
179
1
0.738659 12.4341 1.84889
-0.0149384 0.00822797 0.00367467
180
1
0.768882 12.4107 1.85189
-0.0122016 0.00907082 9.29057e-005
181
1
0.799225 12.3873 1.8572
-0.0134933 0.0117435 6.63121e-005
182
1
0.829151 12.3622 1.86871
-0.0115204 0.0101676 -0.00599574
183
1
0.858961 12.336 1.88729
-0.0136197 0.0113919 -0.0131567
184
1
0.887046 12.3071 1.91533
-0.018574 0.0140836 -0.0204389
185
1
0.910893 12.2745 1.94789
-0.0122393 0.0134064 -0.0177846
186
1
0.92536 12.2391 1.98384
-0.00307252 0.0204863 -0.0179968
187
1
0.931242 12.2001 2.02312
0.00327309 0.0293285 -0.0211387
188
1
0.931242 12.1589 2.06537
0.00652045 0.0185288 -0.0205369
189
1
0.927794 12.1196 2.11219
0.00415678 0.0085191 -0.0181827
190
1
0.918842 12.0774 2.17184
0.00038918 0.0223949 -0.0324554
191
1
0.906063 12.0294 2.24207
0.00389244 0.0386095 -0.0408958
192
1
0.889622 11.9905 2.31652
0.0112342 0.00946451 -0.0339888
193
1
0.869619 11.968 2.39606
0.00908693 0.00324988 -0.0457247
