194
0
1
0.521125 0.690139 2.89935
0.0160445 -0.0172966 -0.0345887
1
1
0.490424 0.72365 2.96785
0.0178385 -0.0170044 -0.0344064
2
1
0.454562 0.757104 3.03526
0.0188903 -0.0167259 -0.0332776
3
1
0.413459 0.790186 3.0996
0.0215112 -0.0161617 -0.0314154
4
1
0.365625 0.820799 3.15917
0.0247187 -0.0144451 -0.029012
5
1
0.310576 0.847146 3.21235
0.0280408 -0.0121525 -0.0257762
6
1
0.249298 0.868473 3.25782
0.0313109 -0.00964897 -0.0214821
7
1
0.182514 0.88465 3.29372
0.0341529 -0.00697457 -0.0162261
8
1
0.111381 0.895561 3.31859
0.0362685 -0.00423228 -0.0101316
9
1
0.0374464 0.901026 3.33132
0.0374038 -0.00141988 -0.00344797
10
1
-0.0374464 0.901026 3.33132
0.0374038 0.00141988 0.00344797
11
1
-0.111381 0.895561 3.31859
0.0362685 0.00423228 0.0101316
12
1
-0.182514 0.88465 3.29372
0.0341529 0.00697457 0.0162261
13
1
-0.249298 0.868473 3.25782
0.0313109 0.00964897 0.0214821
14
1
-0.310576 0.847146 3.21235
0.0280408 0.0121525 0.0257762
15
1
-0.365625 0.820799 3.15917
0.0247187 0.0144451 0.029012
16
1
-0.413459 0.790186 3.0996
0.0215112 0.0161617 0.0314154
17
1
-0.454562 0.757104 3.03526
0.0188903 0.0167259 0.0332776
18
1
-0.490424 0.72365 2.96785
0.0178385 0.0170044 0.0344064
19
1
-0.521125 0.690139 2.89935
0.0160445 0.0172966 0.0345887
20
1
-0.54531 0.657024 2.83107
0.0123769 0.0163788 0.0340708
21
1
-0.562442 0.625411 2.76322
0.00812261 0.0150783 0.0338222
22
1
-0.572397 0.595083 2.69583
0.00341876 0.0139717 0.0335143
23
1
-0.576952 0.565868 2.62892
0.000238555 0.0128603 0.0336268
24
1
-0.578494 0.539332 2.56155
-0.00177916 0.011227 0.0340718
25
1
-0.577675 0.517234 2.4929
-0.00317698 0.00938881 0.0345852
26
1
-0.574283 0.499641 2.42299
-0.00400003 0.00769603 0.0350311
27
1
-0.568731 0.485765 2.3522
-0.00427457 0.00621928 0.0354152
28
1
-0.561923 0.474661 2.28076
-0.00416901 0.00494226 0.0357728
29
1
-0.554758 0.46568 2.20874
-0.00386161 0.00386663 0.0361116
30
1
-0.54786 0.458397 2.13615
-0.00347006 0.00299678 0.0364239
31
1
-0.541562 0.452553 2.06301
-0.00305873 0.00231814 0.0367034
32
1
-0.535972 0.447903 1.98935
-0.00266212 0.00180228 0.0369498
33
1
-0.531085 0.444217 1.91523
-0.00229532 0.00141427 0.0371666
34
1
-0.526852 0.441293 1.8407
-0.00196625 0.00112335 0.0373578
35
1
-0.523209 0.438956 1.76582
-0.00167693 0.000904449 0.0375271
36
1
-0.520086 0.437071 1.69061
-0.00142607 0.000738519 0.0376773
37
1
-0.51742 0.43553 1.61512
-0.00121089 0.000611468 0.0378106
38
1
-0.515145 0.434258 1.53938
-0.00102751 0.000513056 0.0379289
39
1
-0.513209 0.433194 1.46341
-0.000871975 0.000435784 0.0380338
40
1
-0.511561 0.432294 1.38725
-0.000740382 0.000374239 0.0381268
41
1
-0.510159 0.431526 1.31091
-0.000629174 0.000324452 0.038209
42
1
-0.508966 0.430863 1.23442
-0.000535168 0.000283498 0.0382816
43
1
-0.50795 0.430287 1.15779
-0.000455581 0.000249298 0.0383455
44
1
-0.507085 0.429784 1.08104
-0.000388046 0.000220306 0.0384017
45
1
-0.506348 0.429342 1.00419
-0.000330591 0.000195183 0.038451
46
1
-0.505721 0.428953 0.927245
-0.000281522 0.000173112 0.0384941
47
1
-0.505187 0.428609 0.850218
-0.000239505 0.000153358 0.0385317
48
1
-0.504734 0.428308 0.773122
-0.000203291 0.000135481 0.0385643
49
1
-0.504349 0.428045 0.695964
-0.000171876 0.00011906 0.0385924
50
1
-0.504027 0.427816 0.618755
-0.000144501 0.000103788 0.0386165
51
1
-0.503755 0.427618 0.541501
-0.000120408 8.91778e-005 0.038637
52
1
-0.503532 0.427449 0.464209
-9.89138e-005 7.52012e-005 0.0386541
53
1
-0.503349 0.427307 0.386886
-7.94267e-005 6.18242e-005 0.0386682
54
1
-0.503205 0.427195 0.309538
-6.13921e-005 4.90003e-005 0.0386794
55
1
-0.503096 0.427108 0.232171
-4.48462e-005 3.64544e-005 0.0386879
56
1
-0.503019 0.427046 0.154788
-2.93746e-005 2.41647e-005 0.0386939
57
1
-0.502974 0.427009 0.0773966
-1.45413e-005 1.20462e-005 0.0386975
58
1
-0.502959 0.426997 4.11137e-018
-1.17451e-017 -5.46602e-018 0.0386987
59
1
-0.502974 0.427009 -0.0773966
1.45413e-005 -1.20462e-005 0.0386975
60
1
-0.503019 0.427046 -0.154788
2.93746e-005 -2.41647e-005 0.0386939
61
1
-0.503096 0.427108 -0.232171
4.48462e-005 -3.64544e-005 0.0386879
62
1
-0.503205 0.427195 -0.309538
6.13921e-005 -4.90003e-005 0.0386794
63
1
-0.503349 0.427307 -0.386886
7.94267e-005 -6.18242e-005 0.0386682
64
1
-0.503532 0.427449 -0.464209
9.89138e-005 -7.52012e-005 0.0386541
65
1
-0.503755 0.427618 -0.541501
0.000120408 -8.91778e-005 0.038637
66
1
-0.504027 0.427816 -0.618755
0.000144501 -0.000103788 0.0386165
67
1
-0.504349 0.428045 -0.695964
0.000171876 -0.00011906 0.0385924
68
1
-0.504734 0.428308 -0.773122
0.000203291 -0.000135481 0.0385643
69
1
-0.505187 0.428609 -0.850218
0.000239505 -0.000153358 0.0385317
70
1
-0.505721 0.428953 -0.927245
0.000281522 -0.000173112 0.0384941
71
1
-0.506348 0.429342 -1.00419
0.000330591 -0.000195183 0.038451
72
1
-0.507085 0.429784 -1.08104
0.000388046 -0.000220306 0.0384017
73
1
-0.50795 0.430287 -1.15779
0.000455581 -0.000249298 0.0383455
74
1
-0.508966 0.430863 -1.23442
0.000535168 -0.000283498 0.0382816
75
1
-0.510159 0.431526 -1.31091
0.000629174 -0.000324452 0.038209
76
1
-0.511561 0.432294 -1.38725
0.000740382 -0.000374239 0.0381268
77
1
-0.513209 0.433194 -1.46341
0.000871975 -0.000435784 0.0380338
78
1
-0.515145 0.434258 -1.53938
0.00102751 -0.000513056 0.0379289
79
1
-0.51742 0.43553 -1.61512
0.00121089 -0.000611468 0.0378106
80
1
-0.520086 0.437071 -1.69061
0.00142607 -0.000738519 0.0376773
81
1
-0.523209 0.438956 -1.76582
0.00167693 -0.000904449 0.0375271
82
1
-0.526852 0.441293 -1.8407
0.00196625 -0.00112335 0.0373578
83
1
-0.531085 0.444217 -1.91523
0.00229532 -0.00141427 0.0371666
84
1
-0.535972 0.447903 -1.98935
0.00266212 -0.00180228 0.0369498
85
1
-0.541562 0.452553 -2.06301
0.00305873 -0.00231814 0.0367034
86
1
-0.54786 0.458397 -2.13615
0.00347006 -0.00299678 0.0364239
87
1
-0.554758 0.46568 -2.20874
0.00386161 -0.00386663 0.0361116
88
1
-0.561923 0.474661 -2.28076
0.00416901 -0.00494226 0.0357728
89
1
-0.568731 0.485765 -2.3522
0.00427457 -0.00621928 0.0354152
90
1
-0.574283 0.499641 -2.42299
0.00400003 -0.00769603 0.0350311
91
1
-0.577675 0.517234 -2.4929
0.00317698 -0.00938881 0.0345852
92
1
-0.578494 0.539332 -2.56155
0.00177916 -0.011227 0.0340718
93
1
-0.576952 0.565868 -2.62892
-0.000238555 -0.0128603 0.0336268
94
1
-0.572397 0.595083 -2.69583
-0.00341876 -0.0139717 0.0335143
95
1
-0.562442 0.625411 -2.76322
-0.00812261 -0.0150783 0.0338222
96
1
-0.54531 0.657024 -2.83107
-0.0123769 -0.0163788 0.0340708
97
1
-0.521125 0.690139 -2.89935
-0.0160445 -0.0172966 0.0345887
98
1
-0.490424 0.72365 -2.96785
-0.0178385 -0.0170044 0.0344064
99
1
-0.454562 0.757104 -3.03526
-0.0188903 -0.0167259 0.0332776
100
1
-0.413459 0.790186 -3.0996
-0.0215112 -0.0161617 0.0314154
101
1
-0.365625 0.820799 -3.15917
-0.0247187 -0.0144451 0.029012
102
1
-0.310576 0.847146 -3.21235
-0.0280408 -0.0121525 0.0257762
103
1
-0.249298 0.868473 -3.25782
-0.0313109 -0.00964897 0.0214821
104
1
-0.182514 0.88465 -3.29372
-0.0341529 -0.00697457 0.0162261
105
1
-0.111381 0.895561 -3.31859
-0.0362685 -0.00423228 0.0101316
106
1
-0.0374464 0.901026 -3.33132
-0.0374038 -0.00141988 0.00344797
107
1
0.0374464 0.901026 -3.33132
-0.0374038 0.00141988 -0.00344797
108
1
0.111381 0.895561 -3.31859
-0.0362685 0.00423228 -0.0101316
109
1
0.182514 0.88465 -3.29372
-0.0341529 0.00697457 -0.0162261
110
1
0.249298 0.868473 -3.25782
-0.0313109 0.00964897 -0.0214821
111
1
0.310576 0.847146 -3.21235
-0.0280408 0.0121525 -0.0257762
112
1
0.365625 0.820799 -3.15917
-0.0247187 0.0144451 -0.029012
113
1
0.413459 0.790186 -3.0996
-0.0215112 0.0161617 -0.0314154
114
1
0.454562 0.757104 -3.03526
-0.0188903 0.0167259 -0.0332776
115
1
0.490424 0.72365 -2.96785
-0.0178385 0.0170044 -0.0344064
116
1
0.521125 0.690139 -2.89935
-0.0160445 0.0172966 -0.0345887
117
1
0.54531 0.657024 -2.83107
-0.0123769 0.0163788 -0.0340708
118
1
0.562442 0.625411 -2.76322
-0.00812261 0.0150783 -0.0338222
119
1
0.572397 0.595083 -2.69583
-0.00341876 0.0139717 -0.0335143
120
1
0.576952 0.565868 -2.62892
-0.000238555 0.0128603 -0.0336268
121
1
0.578494 0.539332 -2.56155
0.00177916 0.011227 -0.0340718
122
1
0.577675 0.517234 -2.4929
0.00317698 0.00938881 -0.0345852
123
1
0.574283 0.499641 -2.42299
0.00400003 0.00769603 -0.0350311
124
1
0.568731 0.485765 -2.3522
0.00427457 0.00621928 -0.0354152
125
1
0.561923 0.474661 -2.28076
0.00416901 0.00494226 -0.0357728
126
1
0.554758 0.46568 -2.20874
0.00386161 0.00386663 -0.0361116
127
1
0.54786 0.458397 -2.13615
0.00347006 0.00299678 -0.0364239
128
1
0.541562 0.452553 -2.06301
0.00305873 0.00231814 -0.0367034
129
1
0.535972 0.447903 -1.98935
0.00266212 0.00180228 -0.0369498
130
1
0.531085 0.444217 -1.91523
0.00229532 0.00141427 -0.0371666
131
1
0.526852 0.441293 -1.8407
0.00196625 0.00112335 -0.0373578
132
1
0.523209 0.438956 -1.76582
0.00167693 0.000904449 -0.0375271
133
1
0.520086 0.437071 -1.69061
0.00142607 0.000738519 -0.0376773
134
1
0.51742 0.43553 -1.61512
0.00121089 0.000611468 -0.0378106
135
1
0.515145 0.434258 -1.53938
0.00102751 0.000513056 -0.0379289
136
1
0.513209 0.433194 -1.46341
0.000871975 0.000435784 -0.0380338
137
1
0.511561 0.432294 -1.38725
0.000740382 0.000374239 -0.0381268
138
1
0.510159 0.431526 -1.31091
0.000629174 0.000324452 -0.038209
139
1
0.508966 0.430863 -1.23442
0.000535168 0.000283498 -0.0382816
140
1
0.50795 0.430287 -1.15779
0.000455581 0.000249298 -0.0383455
141
1
0.507085 0.429784 -1.08104
0.000388046 0.000220306 -0.0384017
142
1
0.506348 0.429342 -1.00419
0.000330591 0.000195183 -0.038451
143
1
0.505721 0.428953 -0.927245
0.000281522 0.000173112 -0.0384941
144
1
0.505187 0.428609 -0.850218
0.000239505 0.000153358 -0.0385317
145
1
0.504734 0.428308 -0.773122
0.000203291 0.000135481 -0.0385643
146
1
0.504349 0.428045 -0.695964
0.000171876 0.00011906 -0.0385924
147
1
0.504027 0.427816 -0.618755
0.000144501 0.000103788 -0.0386165
148
1
0.503755 0.427618 -0.541501
0.000120408 8.91778e-005 -0.038637
149
1
0.503532 0.427449 -0.464209
9.89138e-005 7.52012e-005 -0.0386541
150
1
0.503349 0.427307 -0.386886
7.94267e-005 6.18242e-005 -0.0386682
151
1
0.503205 0.427195 -0.309538
6.13921e-005 4.90003e-005 -0.0386794
152
1
0.503096 0.427108 -0.232171
4.48462e-005 3.64544e-005 -0.0386879
153
1
0.503019 0.427046 -0.154788
2.93746e-005 2.41647e-005 -0.0386939
154
1
0.502974 0.427009 -0.0773966
1.45413e-005 1.20462e-005 -0.0386975
155
1
0.502959 0.426997 1.91237e-018
1.45224e-017 -2.23161e-018 -0.0386987
156
1
0.502974 0.427009 0.0773966
-1.45413e-005 -1.20462e-005 -0.0386975
157
1
0.503019 0.427046 0.154788
-2.93746e-005 -2.41647e-005 -0.0386939
158
1
0.503096 0.427108 0.232171
-4.48462e-005 -3.64544e-005 -0.0386879
159
1
0.503205 0.427195 0.309538
-6.13921e-005 -4.90003e-005 -0.0386794
160
1
0.503349 0.427307 0.386886
-7.94267e-005 -6.18242e-005 -0.0386682
161
1
0.503532 0.427449 0.464209
-9.89138e-005 -7.52012e-005 -0.0386541
162
1
0.503755 0.427618 0.541501
-0.000120408 -8.91778e-005 -0.038637
163
1
0.504027 0.427816 0.618755
-0.000144501 -0.000103788 -0.0386165
164
1
0.504349 0.428045 0.695964
-0.000171876 -0.00011906 -0.0385924
165
1
0.504734 0.428308 0.773122
-0.000203291 -0.000135481 -0.0385643
166
1
0.505187 0.428609 0.850218
-0.000239505 -0.000153358 -0.0385317
167
1
0.505721 0.428953 0.927245
-0.000281522 -0.000173112 -0.0384941
168
1
0.506348 0.429342 1.00419
-0.000330591 -0.000195183 -0.038451
169
1
0.507085 0.429784 1.08104
-0.000388046 -0.000220306 -0.0384017
170
1
0.50795 0.430287 1.15779
-0.000455581 -0.000249298 -0.0383455
171
1
0.508966 0.430863 1.23442
-0.000535168 -0.000283498 -0.0382816
172
1
0.510159 0.431526 1.31091
-0.000629174 -0.000324452 -0.038209
173
1
0.511561 0.432294 1.38725
-0.000740382 -0.000374239 -0.0381268
174
1
0.513209 0.433194 1.46341
-0.000871975 -0.000435784 -0.0380338
175
1
0.515145 0.434258 1.53938
-0.00102751 -0.000513056 -0.0379289
176
1
0.51742 0.43553 1.61512
-0.00121089 -0.000611468 -0.0378106
177
1
0.520086 0.437071 1.69061
-0.00142607 -0.000738519 -0.0376773
178
1
0.523209 0.438956 1.76582
-0.00167693 -0.000904449 -0.0375271
179
1
0.526852 0.441293 1.8407
-0.00196625 -0.00112335 -0.0373578
180
1
0.531085 0.444217 1.91523
-0.00229532 -0.00141427 -0.0371666
181
1
0.535972 0.447903 1.98935
-0.00266212 -0.00180228 -0.0369498
182
1
0.541562 0.452553 2.06301
-0.00305873 -0.00231814 -0.0367034
183
1
0.54786 0.458397 2.13615
-0.00347006 -0.00299678 -0.0364239
184
1
0.554758 0.46568 2.20874
-0.00386161 -0.00386663 -0.0361116
185
1
0.561923 0.474661 2.28076
-0.00416901 -0.00494226 -0.0357728
186
1
0.568731 0.485765 2.3522
-0.00427457 -0.00621928 -0.0354152
187
1
0.574283 0.499641 2.42299
-0.00400003 -0.00769603 -0.0350311
188
1
0.577675 0.517234 2.4929
-0.00317698 -0.00938881 -0.0345852
189
1
0.578494 0.539332 2.56155
-0.00177916 -0.011227 -0.0340718
190
1
0.576952 0.565868 2.62892
0.000238555 -0.0128603 -0.0336268
191
1
0.572397 0.595083 2.69583
0.00341876 -0.0139717 -0.0335143
192
1
0.562442 0.625411 2.76322
0.00812261 -0.0150783 -0.0338222
193
1
0.54531 0.657024 2.83107
0.0123769 -0.0163788 -0.0340708
