194
0
1
0.536585 0.807378 2.85306
0.0162485 -0.0189822 -0.0336789
1
1
0.502725 0.843208 2.91858
0.0180229 -0.019509 -0.0328878
2
1
0.463962 0.880319 2.98203
0.0194002 -0.0201402 -0.0310028
3
1
0.419672 0.917178 3.04181
0.0223619 -0.0200092 -0.0286563
4
1
0.369666 0.952591 3.09694
0.0255084 -0.0183123 -0.0262754
5
1
0.31366 0.985003 3.14639
0.0286118 -0.0158952 -0.0234148
6
1
0.251518 1.01287 3.18815
0.0316925 -0.0130596 -0.0196025
7
1
0.184002 1.03474 3.22101
0.03443 -0.0097439 -0.0148687
8
1
0.11222 1.04973 3.24373
0.0365134 -0.00605106 -0.00930503
9
1
0.0377134 1.0574 3.25532
0.0376472 -0.00205881 -0.00316858
10
1
-0.0377134 1.0574 3.25532
0.0376472 0.00205881 0.00316858
11
1
-0.11222 1.04973 3.24373
0.0365134 0.00605106 0.00930503
12
1
-0.184002 1.03474 3.22101
0.03443 0.0097439 0.0148687
13
1
-0.251518 1.01287 3.18815
0.0316925 0.0130596 0.0196025
14
1
-0.31366 0.985003 3.14639
0.0286118 0.0158952 0.0234148
15
1
-0.369666 0.952591 3.09694
0.0255084 0.0183123 0.0262754
16
1
-0.419672 0.917178 3.04181
0.0223619 0.0200092 0.0286563
17
1
-0.463962 0.880319 2.98203
0.0194002 0.0201402 0.0310028
18
1
-0.502725 0.843208 2.91858
0.0180229 0.019509 0.0328878
19
1
-0.536585 0.807378 2.85306
0.0162485 0.0189822 0.0336789
20
1
-0.565069 0.773421 2.78692
0.0127552 0.0180365 0.033365
21
1
-0.586769 0.740707 2.72072
0.00894037 0.0174953 0.0328844
22
1
-0.601507 0.709087 2.65459
0.00490342 0.0172402 0.0321902
23
1
-0.609326 0.679286 2.58831
0.00221902 0.0164114 0.0319819
24
1
-0.610609 0.651457 2.52214
7.82781e-005 0.0144841 0.0321918
25
1
-0.607102 0.62542 2.45636
-0.00196485 0.0121419 0.0326509
26
1
-0.601067 0.601822 2.39036
-0.00360292 0.00994842 0.0332448
27
1
-0.593859 0.581527 2.32342
-0.00459824 0.00802377 0.033862
28
1
-0.586023 0.565044 2.25522
-0.00501926 0.00635423 0.0344252
29
1
-0.577782 0.552178 2.18585
-0.00503296 0.00495266 0.0349097
30
1
-0.569387 0.542354 2.11554
-0.00477869 0.00381275 0.0353293
31
1
-0.561137 0.534851 2.04444
-0.00436754 0.00290602 0.0357034
32
1
-0.553359 0.529097 1.97266
-0.00388798 0.00219714 0.0360416
33
1
-0.546276 0.524664 1.90026
-0.00339933 0.00165175 0.0363468
34
1
-0.539988 0.521239 1.82728
-0.00293674 0.00123944 0.0366206
35
1
-0.534501 0.5186 1.7538
-0.00251699 0.000932574 0.0368651
36
1
-0.529768 0.516559 1.67985
-0.0021457 0.000706843 0.0370831
37
1
-0.525711 0.51498 1.60549
-0.0018228 0.000541958 0.0372773
38
1
-0.522252 0.513746 1.53077
-0.00154504 0.000421859 0.0374502
39
1
-0.519308 0.512774 1.45571
-0.00130795 0.000334302 0.0376039
40
1
-0.516809 0.511996 1.38037
-0.00110664 0.000270183 0.0377405
41
1
-0.51469 0.511365 1.30476
-0.000936269 0.000222835 0.0378615
42
1
-0.512893 0.510845 1.22893
-0.000792357 0.000187388 0.0379686
43
1
-0.51137 0.510409 1.1529
-0.000670804 0.000160399 0.0380632
44
1
-0.510079 0.510039 1.07669
-0.000568015 0.000139443 0.0381464
45
1
-0.508985 0.509721 1.00032
-0.000481036 0.000122595 0.0382194
46
1
-0.508058 0.509444 0.923818
-0.000407301 0.000108658 0.0382833
47
1
-0.507274 0.509203 0.847195
-0.000344643 9.66185e-005 0.038339
48
1
-0.506612 0.508991 0.770467
-0.000291025 8.58933e-005 0.0383874
49
1
-0.506055 0.508804 0.69365
-0.000244803 7.6158e-005 0.0384291
50
1
-0.505586 0.50864 0.616755
-0.000204784 6.72653e-005 0.0384648
51
1
-0.505198 0.508498 0.539794
-0.000169967 5.86233e-005 0.0384951
52
1
-0.504876 0.508378 0.462778
-0.000139261 5.01844e-005 0.0385205
53
1
-0.504617 0.508279 0.385715
-0.000111763 4.16279e-005 0.0385413
54
1
-0.504412 0.508197 0.308615
-8.64402e-005 3.31843e-005 0.0385578
55
1
-0.504258 0.508134 0.231487
-6.31666e-005 2.47229e-005 0.0385705
56
1
-0.504149 0.508089 0.154336
-4.13394e-005 1.6444e-005 0.0385793
57
1
-0.504085 0.508063 0.0771715
-2.04415e-005 8.22532e-006 0.0385846
58
1
-0.504064 0.508054 8.61877e-019
3.26237e-018 1.44863e-017 0.0385864
59
1
-0.504085 0.508063 -0.0771715
2.04415e-005 -8.22532e-006 0.0385846
60
1
-0.504149 0.508089 -0.154336
4.13394e-005 -1.6444e-005 0.0385793
61
1
-0.504258 0.508134 -0.231487
6.31666e-005 -2.47229e-005 0.0385705
62
1
-0.504412 0.508197 -0.308615
8.64402e-005 -3.31843e-005 0.0385578
63
1
-0.504617 0.508279 -0.385715
0.000111763 -4.16279e-005 0.0385413
64
1
-0.504876 0.508378 -0.462778
0.000139261 -5.01844e-005 0.0385205
65
1
-0.505198 0.508498 -0.539794
0.000169967 -5.86233e-005 0.0384951
66
1
-0.505586 0.50864 -0.616755
0.000204784 -6.72653e-005 0.0384648
67
1
-0.506055 0.508804 -0.69365
0.000244803 -7.6158e-005 0.0384291
68
1
-0.506612 0.508991 -0.770467
0.000291025 -8.58933e-005 0.0383874
69
1
-0.507274 0.509203 -0.847195
0.000344643 -9.66185e-005 0.038339
70
1
-0.508058 0.509444 -0.923818
0.000407301 -0.000108658 0.0382833
71
1
-0.508985 0.509721 -1.00032
0.000481036 -0.000122595 0.0382194
72
1
-0.510079 0.510039 -1.07669
0.000568015 -0.000139443 0.0381464
73
1
-0.51137 0.510409 -1.1529
0.000670804 -0.000160399 0.0380632
74
1
-0.512893 0.510845 -1.22893
0.000792357 -0.000187388 0.0379686
75
1
-0.51469 0.511365 -1.30476
0.000936269 -0.000222835 0.0378615
76
1
-0.516809 0.511996 -1.38037
0.00110664 -0.000270183 0.0377405
77
1
-0.519308 0.512774 -1.45571
0.00130795 -0.000334302 0.0376039
78
1
-0.522252 0.513746 -1.53077
0.00154504 -0.000421859 0.0374502
79
1
-0.525711 0.51498 -1.60549
0.0018228 -0.000541958 0.0372773
80
1
-0.529768 0.516559 -1.67985
0.0021457 -0.000706843 0.0370831
81
1
-0.534501 0.5186 -1.7538
0.00251699 -0.000932574 0.0368651
82
1
-0.539988 0.521239 -1.82728
0.00293674 -0.00123944 0.0366206
83
1
-0.546276 0.524664 -1.90026
0.00339933 -0.00165175 0.0363468
84
1
-0.553359 0.529097 -1.97266
0.00388798 -0.00219714 0.0360416
85
1
-0.561137 0.534851 -2.04444
0.00436754 -0.00290602 0.0357034
86
1
-0.569387 0.542354 -2.11554
0.00477869 -0.00381275 0.0353293
87
1
-0.577782 0.552178 -2.18585
0.00503296 -0.00495266 0.0349097
88
1
-0.586023 0.565044 -2.25522
0.00501926 -0.00635423 0.0344252
89
1
-0.593859 0.581527 -2.32342
0.00459824 -0.00802377 0.033862
90
1
-0.601067 0.601822 -2.39036
0.00360292 -0.00994842 0.0332448
91
1
-0.607102 0.62542 -2.45636
0.00196485 -0.0121419 0.0326509
92
1
-0.610609 0.651457 -2.52214
-7.82781e-005 -0.0144841 0.0321918
93
1
-0.609326 0.679286 -2.58831
-0.00221902 -0.0164114 0.0319819
94
1
-0.601507 0.709087 -2.65459
-0.00490342 -0.0172402 0.0321902
95
1
-0.586769 0.740707 -2.72072
-0.00894037 -0.0174953 0.0328844
96
1
-0.565069 0.773421 -2.78692
-0.0127552 -0.0180365 0.033365
97
1
-0.536585 0.807378 -2.85306
-0.0162485 -0.0189822 0.0336789
98
1
-0.502725 0.843208 -2.91858
-0.0180229 -0.019509 0.0328878
99
1
-0.463962 0.880319 -2.98203
-0.0194002 -0.0201402 0.0310028
100
1
-0.419672 0.917178 -3.04181
-0.0223619 -0.0200092 0.0286563
101
1
-0.369666 0.952591 -3.09694
-0.0255084 -0.0183123 0.0262754
102
1
-0.31366 0.985003 -3.14639
-0.0286118 -0.0158952 0.0234148
103
1
-0.251518 1.01287 -3.18815
-0.0316925 -0.0130596 0.0196025
104
1
-0.184002 1.03474 -3.22101
-0.03443 -0.0097439 0.0148687
105
1
-0.11222 1.04973 -3.24373
-0.0365134 -0.00605106 0.00930503
106
1
-0.0377134 1.0574 -3.25532
-0.0376472 -0.00205881 0.00316858
107
1
0.0377134 1.0574 -3.25532
-0.0376472 0.00205881 -0.00316858
108
1
0.11222 1.04973 -3.24373
-0.0365134 0.00605106 -0.00930503
109
1
0.184002 1.03474 -3.22101
-0.03443 0.0097439 -0.0148687
110
1
0.251518 1.01287 -3.18815
-0.0316925 0.0130596 -0.0196025
111
1
0.31366 0.985003 -3.14639
-0.0286118 0.0158952 -0.0234148
112
1
0.369666 0.952591 -3.09694
-0.0255084 0.0183123 -0.0262754
113
1
0.419672 0.917178 -3.04181
-0.0223619 0.0200092 -0.0286563
114
1
0.463962 0.880319 -2.98203
-0.0194002 0.0201402 -0.0310028
115
1
0.502725 0.843208 -2.91858
-0.0180229 0.019509 -0.0328878
116
1
0.536585 0.807378 -2.85306
-0.0162485 0.0189822 -0.0336789
117
1
0.565069 0.773421 -2.78692
-0.0127552 0.0180365 -0.033365
118
1
0.586769 0.740707 -2.72072
-0.00894037 0.0174953 -0.0328844
119
1
0.601507 0.709087 -2.65459
-0.00490342 0.0172402 -0.0321902
120
1
0.609326 0.679286 -2.58831
-0.00221902 0.0164114 -0.0319819
121
1
0.610609 0.651457 -2.52214
-7.82781e-005 0.0144841 -0.0321918
122
1
0.607102 0.62542 -2.45636
0.00196485 0.0121419 -0.0326509
123
1
0.601067 0.601822 -2.39036
0.00360292 0.00994842 -0.0332448
124
1
0.593859 0.581527 -2.32342
0.00459824 0.00802377 -0.033862
125
1
0.586023 0.565044 -2.25522
0.00501926 0.00635423 -0.0344252
126
1
0.577782 0.552178 -2.18585
0.00503296 0.00495266 -0.0349097
127
1
0.569387 0.542354 -2.11554
0.00477869 0.00381275 -0.0353293
128
1
0.561137 0.534851 -2.04444
0.00436754 0.00290602 -0.0357034
129
1
0.553359 0.529097 -1.97266
0.00388798 0.00219714 -0.0360416
130
1
0.546276 0.524664 -1.90026
0.00339933 0.00165175 -0.0363468
131
1
0.539988 0.521239 -1.82728
0.00293674 0.00123944 -0.0366206
132
1
0.534501 0.5186 -1.7538
0.00251699 0.000932574 -0.0368651
133
1
0.529768 0.516559 -1.67985
0.0021457 0.000706843 -0.0370831
134
1
0.525711 0.51498 -1.60549
0.0018228 0.000541958 -0.0372773
135
1
0.522252 0.513746 -1.53077
0.00154504 0.000421859 -0.0374502
136
1
0.519308 0.512774 -1.45571
0.00130795 0.000334302 -0.0376039
137
1
0.516809 0.511996 -1.38037
0.00110664 0.000270183 -0.0377405
138
1
0.51469 0.511365 -1.30476
0.000936269 0.000222835 -0.0378615
139
1
0.512893 0.510845 -1.22893
0.000792357 0.000187388 -0.0379686
140
1
0.51137 0.510409 -1.1529
0.000670804 0.000160399 -0.0380632
141
1
0.510079 0.510039 -1.07669
0.000568015 0.000139443 -0.0381464
142
1
0.508985 0.509721 -1.00032
0.000481036 0.000122595 -0.0382194
143
1
0.508058 0.509444 -0.923818
0.000407301 0.000108658 -0.0382833
144
1
0.507274 0.509203 -0.847195
0.000344643 9.66185e-005 -0.038339
145
1
0.506612 0.508991 -0.770467
0.000291025 8.58933e-005 -0.0383874
146
1
0.506055 0.508804 -0.69365
0.000244803 7.6158e-005 -0.0384291
147
1
0.505586 0.50864 -0.616755
0.000204784 6.72653e-005 -0.0384648
148
1
0.505198 0.508498 -0.539794
0.000169967 5.86233e-005 -0.0384951
149
1
0.504876 0.508378 -0.462778
0.000139261 5.01844e-005 -0.0385205
150
1
0.504617 0.508279 -0.385715
0.000111763 4.16279e-005 -0.0385413
151
1
0.504412 0.508197 -0.308615
8.64402e-005 3.31843e-005 -0.0385578
152
1
0.504258 0.508134 -0.231487
6.31666e-005 2.47229e-005 -0.0385705
153
1
0.504149 0.508089 -0.154336
4.13394e-005 1.6444e-005 -0.0385793
154
1
0.504085 0.508063 -0.0771715
2.04415e-005 8.22532e-006 -0.0385846
155
1
0.504064 0.508054 -2.91305e-019
-2.26212e-017 -2.89599e-017 -0.0385864
156
1
0.504085 0.508063 0.0771715
-2.04415e-005 -8.22532e-006 -0.0385846
157
1
0.504149 0.508089 0.154336
-4.13394e-005 -1.6444e-005 -0.0385793
158
1
0.504258 0.508134 0.231487
-6.31666e-005 -2.47229e-005 -0.0385705
159
1
0.504412 0.508197 0.308615
-8.64402e-005 -3.31843e-005 -0.0385578
160
1
0.504617 0.508279 0.385715
-0.000111763 -4.16279e-005 -0.0385413
161
1
0.504876 0.508378 0.462778
-0.000139261 -5.01844e-005 -0.0385205
162
1
0.505198 0.508498 0.539794
-0.000169967 -5.86233e-005 -0.0384951
163
1
0.505586 0.50864 0.616755
-0.000204784 -6.72653e-005 -0.0384648
164
1
0.506055 0.508804 0.69365
-0.000244803 -7.6158e-005 -0.0384291
165
1
0.506612 0.508991 0.770467
-0.000291025 -8.58933e-005 -0.0383874
166
1
0.507274 0.509203 0.847195
-0.000344643 -9.66185e-005 -0.038339
167
1
0.508058 0.509444 0.923818
-0.000407301 -0.000108658 -0.0382833
168
1
0.508985 0.509721 1.00032
-0.000481036 -0.000122595 -0.0382194
169
1
0.510079 0.510039 1.07669
-0.000568015 -0.000139443 -0.0381464
170
1
0.51137 0.510409 1.1529
-0.000670804 -0.000160399 -0.0380632
171
1
0.512893 0.510845 1.22893
-0.000792357 -0.000187388 -0.0379686
172
1
0.51469 0.511365 1.30476
-0.000936269 -0.000222835 -0.0378615
173
1
0.516809 0.511996 1.38037
-0.00110664 -0.000270183 -0.0377405
174
1
0.519308 0.512774 1.45571
-0.00130795 -0.000334302 -0.0376039
175
1
0.522252 0.513746 1.53077
-0.00154504 -0.000421859 -0.0374502
176
1
0.525711 0.51498 1.60549
-0.0018228 -0.000541958 -0.0372773
177
1
0.529768 0.516559 1.67985
-0.0021457 -0.000706843 -0.0370831
178
1
0.534501 0.5186 1.7538
-0.00251699 -0.000932574 -0.0368651
179
1
0.539988 0.521239 1.82728
-0.00293674 -0.00123944 -0.0366206
180
1
0.546276 0.524664 1.90026
-0.00339933 -0.00165175 -0.0363468
181
1
0.553359 0.529097 1.97266
-0.00388798 -0.00219714 -0.0360416
182
1
0.561137 0.534851 2.04444
-0.00436754 -0.00290602 -0.0357034
183
1
0.569387 0.542354 2.11554
-0.00477869 -0.00381275 -0.0353293
184
1
0.577782 0.552178 2.18585
-0.00503296 -0.00495266 -0.0349097
185
1
0.586023 0.565044 2.25522
-0.00501926 -0.00635423 -0.0344252
186
1
0.593859 0.581527 2.32342
-0.00459824 -0.00802377 -0.033862
187
1
0.601067 0.601822 2.39036
-0.00360292 -0.00994842 -0.0332448
188
1
0.607102 0.62542 2.45636
-0.00196485 -0.0121419 -0.0326509
189
1
0.610609 0.651457 2.52214
7.82781e-005 -0.0144841 -0.0321918
190
1
0.609326 0.679286 2.58831
0.00221902 -0.0164114 -0.0319819
191
1
0.601507 0.709087 2.65459
0.00490342 -0.0172402 -0.0321902
192
1
0.586769 0.740707 2.72072
0.00894037 -0.0174953 -0.0328844
193
1
0.565069 0.773421 2.78692
0.0127552 -0.0180365 -0.033365
