194
0
1
0.763965 9.84904 0.788052
0.00922163 0.0483446 -0.00308745
1
1
0.748202 9.76504 0.787204
0.00574005 0.0392981 -0.00579327
2
1
0.722732 9.67581 0.794477
0.0168145 0.0441712 -0.00867278
3
1
0.674982 9.5796 0.803771
0.0340741 0.0523718 -0.0102014
4
1
0.608528 9.49272 0.807418
0.0366618 0.0404064 0.00125268
5
1
0.523582 9.41868 0.796412
0.0432816 0.030645 0.0124604
6
1
0.406323 9.36356 0.772854
0.0618311 0.0109745 0.011729
7
1
0.209138 9.36573 0.762226
0.0632446 -0.0266 -0.00879272
8
1
0.540759 6.83978 0.0563516
0.00449195 0.0485616 -0.00922104
9
1
1.2301 12.6896 0.0572928
-0.0641532 0.0180186 0.00787941
10
1
-1.23009 12.6896 0.057296
-0.0641532 -0.0180187 -0.00787913
11
1
-0.54078 6.83984 0.0560566
0.00448946 -0.0485556 0.00926271
12
1
-0.209137 9.36573 0.762226
0.0632446 0.0266 0.00879276
13
1
-0.406323 9.36356 0.772854
0.0618311 -0.0109745 -0.011729
14
1
-0.523582 9.41868 0.796412
0.0432816 -0.030645 -0.0124604
15
1
-0.608528 9.49272 0.807418
0.0366618 -0.0404064 -0.00125269
16
1
-0.674982 9.5796 0.803771
0.0340741 -0.0523718 0.0102014
17
1
-0.722732 9.67581 0.794477
0.0168145 -0.0441713 0.00867278
18
1
-0.748202 9.76504 0.787204
0.00574006 -0.0392981 0.00579327
19
1
-0.763965 9.84904 0.788052
0.00922163 -0.0483446 0.00308745
20
1
-0.774363 9.92543 0.800148
0.00122959 -0.0374738 -0.00948448
21
1
-0.777791 9.99154 0.823397
-0.00467172 -0.024198 -0.0163321
22
1
-0.774676 10.0491 0.853186
-0.00597505 -0.0253567 -0.0187067
23
1
-0.768923 10.1029 0.887259
-0.00398796 -0.0241885 -0.0183003
24
1
-0.76572 10.1521 0.922554
-0.0010449 -0.0205069 -0.0185104
25
1
-0.767043 10.1978 0.955024
2.58654e-006 -0.0213868 -0.0172693
26
1
-0.773615 10.2423 0.982071
0.00126335 -0.0205385 -0.0129558
27
1
-0.784175 10.2855 1.00365
0.00368977 -0.0194226 -0.0106938
28
1
-0.797872 10.3286 1.02085
0.00696366 -0.0201458 -0.00977218
29
1
-0.815398 10.3723 1.03553
0.0104689 -0.0217983 -0.00617465
30
1
-0.837959 10.4153 1.04678
0.013974 -0.0213285 -0.00286272
31
1
-0.866287 10.4571 1.05319
0.0170864 -0.0203993 -8.74569e-005
32
1
-0.898916 10.4978 1.05454
0.0184632 -0.019814 0.00104907
33
1
-0.933893 10.5366 1.05238
0.0194571 -0.0187339 0.000304444
34
1
-0.969711 10.5738 1.04762
0.0209646 -0.0183981 0.00211501
35
1
-1.00621 10.6098 1.03982
0.0185454 -0.0182705 0.00588877
36
1
-1.04112 10.645 1.02892
0.0152451 -0.0169985 0.00639409
37
1
-1.07439 10.6796 1.01448
0.0166781 -0.0170253 0.00737726
38
1
-1.10628 10.7148 0.996198
0.0169687 -0.0174744 0.0102282
39
1
-1.13601 10.7508 0.974766
0.0128097 -0.0162783 0.0105886
40
1
-1.16387 10.7852 0.950565
0.0121971 -0.0171064 0.0113893
41
1
-1.19087 10.817 0.92246
0.014322 -0.017572 0.0148542
42
1
-1.21732 10.8465 0.89076
0.0129993 -0.0137972 0.0167299
43
1
-1.24289 10.873 0.855632
0.0109828 -0.0111671 0.0167455
44
1
-1.26878 10.897 0.816825
0.0121938 -0.0116004 0.0204025
45
1
-1.29647 10.9195 0.773029
0.0143411 -0.0120322 0.0273509
46
1
-1.32573 10.9407 0.724578
0.0142439 -0.0099861 0.0266175
47
1
-1.35725 10.9599 0.674332
0.0162167 -0.00850464 0.0241957
48
1
-1.39045 10.9773 0.621512
0.0202148 -0.00909088 0.0290423
49
1
-1.42284 10.9924 0.567617
0.0179725 -0.00818363 0.0298009
50
1
-1.45256 11.0048 0.512425
0.0143872 -0.00532027 0.0272853
51
1
-1.48046 11.0146 0.454081
0.0148389 -0.00391983 0.0305913
52
1
-1.50604 11.021 0.393137
0.0139281 -0.00324474 0.0341429
53
1
-1.52812 11.0242 0.329141
0.0107693 -0.00010607 0.0373704
54
1
-1.5459 11.0252 0.263102
0.00884249 0.00162451 0.0382705
55
1
-1.55957 11.025 0.1964
0.0056304 0.000993288 0.0364666
56
1
-1.56921 11.0242 0.130554
0.00378579 0.00129942 0.0344754
57
1
-1.57475 11.0232 0.0643365
0.00165693 0.00183948 0.0329796
58
1
-1.57626 11.0226 -7.20404e-008
1.94634e-009 1.65759e-009 0.032445
59
1
-1.57475 11.0232 -0.0643367
-0.00165692 -0.00183948 0.0329796
60
1
-1.56921 11.0242 -0.130554
-0.00378579 -0.00129941 0.0344754
61
1
-1.55957 11.025 -0.1964
-0.0056304 -0.000993284 0.0364666
62
1
-1.5459 11.0252 -0.263102
-0.00884248 -0.00162451 0.0382705
63
1
-1.52812 11.0242 -0.329141
-0.0107693 0.000106072 0.0373704
64
1
-1.50604 11.021 -0.393137
-0.0139281 0.00324474 0.0341429
65
1
-1.48046 11.0146 -0.454081
-0.0148389 0.00391983 0.0305913
66
1
-1.45256 11.0048 -0.512425
-0.0143872 0.00532027 0.0272853
67
1
-1.42284 10.9924 -0.567617
-0.0179725 0.00818364 0.029801
68
1
-1.39045 10.9773 -0.621512
-0.0202148 0.00909088 0.0290423
69
1
-1.35725 10.9599 -0.674332
-0.0162167 0.00850464 0.0241957
70
1
-1.32573 10.9407 -0.724578
-0.0142439 0.0099861 0.0266175
71
1
-1.29647 10.9195 -0.773029
-0.0143411 0.0120322 0.0273509
72
1
-1.26878 10.897 -0.816825
-0.0121938 0.0116004 0.0204025
73
1
-1.24289 10.873 -0.855632
-0.0109828 0.0111671 0.0167455
74
1
-1.21732 10.8465 -0.89076
-0.0129993 0.0137972 0.0167299
75
1
-1.19087 10.817 -0.922461
-0.014322 0.017572 0.0148542
76
1
-1.16387 10.7852 -0.950565
-0.0121971 0.0171064 0.0113893
77
1
-1.13601 10.7508 -0.974766
-0.0128097 0.0162783 0.0105886
78
1
-1.10628 10.7148 -0.996199
-0.0169687 0.0174744 0.0102282
79
1
-1.07439 10.6796 -1.01448
-0.0166781 0.0170253 0.00737726
80
1
-1.04112 10.645 -1.02892
-0.0152451 0.0169985 0.0063941
81
1
-1.00621 10.6098 -1.03982
-0.0185454 0.0182705 0.00588877
82
1
-0.969711 10.5738 -1.04762
-0.0209646 0.0183981 0.00211501
83
1
-0.933893 10.5366 -1.05238
-0.0194571 0.0187339 0.000304446
84
1
-0.898916 10.4978 -1.05454
-0.0184632 0.019814 0.00104907
85
1
-0.866287 10.4571 -1.05319
-0.0170864 0.0203993 -8.74549e-005
86
1
-0.837959 10.4153 -1.04678
-0.013974 0.0213285 -0.00286272
87
1
-0.815398 10.3723 -1.03553
-0.0104689 0.0217984 -0.00617465
88
1
-0.797872 10.3286 -1.02085
-0.00696366 0.0201458 -0.00977218
89
1
-0.784175 10.2855 -1.00365
-0.00368977 0.0194226 -0.0106938
90
1
-0.773615 10.2423 -0.982072
-0.00126335 0.0205385 -0.0129558
91
1
-0.767043 10.1978 -0.955025
-2.59385e-006 0.0213868 -0.0172693
92
1
-0.76572 10.1521 -0.922554
0.00104489 0.0205069 -0.0185104
93
1
-0.768923 10.1029 -0.887259
0.00398795 0.0241885 -0.0183003
94
1
-0.774676 10.0491 -0.853187
0.00597504 0.0253567 -0.0187067
95
1
-0.777791 9.99154 -0.823397
0.00467171 0.024198 -0.0163321
96
1
-0.774363 9.92543 -0.800148
-0.0012296 0.0374738 -0.00948448
97
1
-0.763965 9.84904 -0.788052
-0.00922163 0.0483446 0.00308745
98
1
-0.748202 9.76504 -0.787204
-0.00574005 0.0392981 0.00579327
99
1
-0.722732 9.67581 -0.794477
-0.0168145 0.0441712 0.00867278
100
1
-0.674982 9.5796 -0.803771
-0.0340741 0.0523718 0.0102014
101
1
-0.608528 9.49272 -0.807418
-0.0366618 0.0404064 -0.00125268
102
1
-0.523582 9.41868 -0.796412
-0.0432816 0.030645 -0.0124604
103
1
-0.406323 9.36356 -0.772854
-0.0618311 0.0109745 -0.011729
104
1
-0.209138 9.36573 -0.762226
-0.0632446 -0.0266 0.00879272
105
1
-0.540759 6.83979 -0.0563477
-0.00449193 0.0485614 0.00922141
106
1
-1.2301 12.6896 -0.0572928
0.0641532 0.0180186 -0.00787941
107
1
1.23009 12.6896 -0.057296
0.0641532 -0.0180187 0.00787912
108
1
0.54078 6.83984 -0.0560527
-0.00448943 -0.0485554 -0.00926308
109
1
0.209137 9.36573 -0.762226
-0.0632446 0.0266 -0.00879276
110
1
0.406323 9.36356 -0.772854
-0.0618311 -0.0109745 0.011729
111
1
0.523582 9.41868 -0.796412
-0.0432816 -0.030645 0.0124604
112
1
0.608528 9.49272 -0.807418
-0.0366618 -0.0404064 0.00125269
113
1
0.674982 9.5796 -0.803771
-0.0340741 -0.0523718 -0.0102014
114
1
0.722732 9.67581 -0.794477
-0.0168145 -0.0441713 -0.00867278
115
1
0.748202 9.76504 -0.787204
-0.00574006 -0.0392981 -0.00579327
116
1
0.763965 9.84904 -0.788052
-0.00922163 -0.0483446 -0.00308745
117
1
0.774363 9.92543 -0.800147
-0.00122959 -0.0374738 0.00948448
118
1
0.777791 9.99154 -0.823397
0.00467172 -0.024198 0.0163321
119
1
0.774676 10.0491 -0.853186
0.00597505 -0.0253567 0.0187067
120
1
0.768923 10.1029 -0.887259
0.00398796 -0.0241885 0.0183003
121
1
0.76572 10.1521 -0.922554
0.0010449 -0.0205069 0.0185104
122
1
0.767043 10.1978 -0.955024
-2.58659e-006 -0.0213868 0.0172693
123
1
0.773615 10.2423 -0.982071
-0.00126335 -0.0205385 0.0129558
124
1
0.784175 10.2855 -1.00365
-0.00368977 -0.0194226 0.0106938
125
1
0.797872 10.3286 -1.02085
-0.00696366 -0.0201458 0.00977218
126
1
0.815398 10.3723 -1.03553
-0.0104689 -0.0217983 0.00617465
127
1
0.837959 10.4153 -1.04678
-0.013974 -0.0213285 0.00286272
128
1
0.866287 10.4571 -1.05319
-0.0170864 -0.0203993 8.74569e-005
129
1
0.898916 10.4978 -1.05454
-0.0184632 -0.019814 -0.00104907
130
1
0.933893 10.5366 -1.05238
-0.0194571 -0.0187339 -0.000304444
131
1
0.969711 10.5738 -1.04762
-0.0209646 -0.0183981 -0.00211501
132
1
1.00621 10.6098 -1.03982
-0.0185454 -0.0182705 -0.00588877
133
1
1.04112 10.645 -1.02892
-0.0152451 -0.0169985 -0.00639409
134
1
1.07439 10.6796 -1.01448
-0.0166781 -0.0170253 -0.00737726
135
1
1.10628 10.7148 -0.996198
-0.0169687 -0.0174744 -0.0102282
136
1
1.13601 10.7508 -0.974766
-0.0128097 -0.0162783 -0.0105886
137
1
1.16387 10.7852 -0.950565
-0.0121971 -0.0171064 -0.0113893
138
1
1.19087 10.817 -0.92246
-0.014322 -0.017572 -0.0148542
139
1
1.21732 10.8465 -0.89076
-0.0129993 -0.0137972 -0.0167299
140
1
1.24289 10.873 -0.855632
-0.0109828 -0.0111671 -0.0167455
141
1
1.26878 10.897 -0.816825
-0.0121938 -0.0116004 -0.0204025
142
1
1.29647 10.9195 -0.773029
-0.0143411 -0.0120322 -0.0273509
143
1
1.32573 10.9407 -0.724578
-0.0142439 -0.0099861 -0.0266175
144
1
1.35725 10.9599 -0.674332
-0.0162167 -0.00850464 -0.0241957
145
1
1.39045 10.9773 -0.621512
-0.0202148 -0.00909088 -0.0290423
146
1
1.42284 10.9924 -0.567617
-0.0179725 -0.00818363 -0.0298009
147
1
1.45256 11.0048 -0.512425
-0.0143872 -0.00532027 -0.0272853
148
1
1.48046 11.0146 -0.454081
-0.0148389 -0.00391983 -0.0305913
149
1
1.50604 11.021 -0.393137
-0.0139281 -0.00324474 -0.0341429
150
1
1.52812 11.0242 -0.329141
-0.0107693 -0.00010607 -0.0373704
151
1
1.5459 11.0252 -0.263102
-0.00884249 0.00162451 -0.0382705
152
1
1.55957 11.025 -0.1964
-0.0056304 0.000993288 -0.0364666
153
1
1.56921 11.0242 -0.130554
-0.00378579 0.00129942 -0.0344754
154
1
1.57475 11.0232 -0.0643365
-0.00165693 0.00183948 -0.0329796
155
1
1.57626 11.0226 8.09707e-008
-1.7991e-009 1.80544e-009 -0.032445
156
1
1.57475 11.0232 0.0643367
0.00165692 -0.00183948 -0.0329796
157
1
1.56921 11.0242 0.130554
0.00378579 -0.00129941 -0.0344754
158
1
1.55957 11.025 0.1964
0.0056304 -0.000993284 -0.0364666
159
1
1.5459 11.0252 0.263102
0.00884248 -0.00162451 -0.0382705
160
1
1.52812 11.0242 0.329141
0.0107693 0.000106072 -0.0373704
161
1
1.50604 11.021 0.393137
0.0139281 0.00324474 -0.0341429
162
1
1.48046 11.0146 0.454081
0.0148389 0.00391983 -0.0305913
163
1
1.45256 11.0048 0.512425
0.0143872 0.00532027 -0.0272853
164
1
1.42284 10.9924 0.567617
0.0179725 0.00818364 -0.029801
165
1
1.39045 10.9773 0.621512
0.0202148 0.00909088 -0.0290423
166
1
1.35725 10.9599 0.674332
0.0162167 0.00850464 -0.0241957
167
1
1.32573 10.9407 0.724578
0.0142439 0.0099861 -0.0266175
168
1
1.29647 10.9195 0.773029
0.0143411 0.0120322 -0.0273509
169
1
1.26878 10.897 0.816825
0.0121938 0.0116004 -0.0204025
170
1
1.24289 10.873 0.855632
0.0109828 0.0111671 -0.0167455
171
1
1.21732 10.8465 0.89076
0.0129993 0.0137972 -0.0167299
172
1
1.19087 10.817 0.922461
0.014322 0.017572 -0.0148542
173
1
1.16387 10.7852 0.950565
0.0121971 0.0171064 -0.0113893
174
1
1.13601 10.7508 0.974766
0.0128097 0.0162783 -0.0105886
175
1
1.10628 10.7148 0.996199
0.0169687 0.0174744 -0.0102282
176
1
1.07439 10.6796 1.01448
0.0166781 0.0170253 -0.00737726
177
1
1.04112 10.645 1.02892
0.0152451 0.0169985 -0.0063941
178
1
1.00621 10.6098 1.03982
0.0185454 0.0182705 -0.00588877
179
1
0.969711 10.5738 1.04762
0.0209646 0.0183981 -0.00211501
180
1
0.933893 10.5366 1.05238
0.0194571 0.0187339 -0.000304446
181
1
0.898916 10.4978 1.05454
0.0184632 0.019814 -0.00104907
182
1
0.866287 10.4571 1.05319
0.0170864 0.0203993 8.74549e-005
183
1
0.837959 10.4153 1.04678
0.013974 0.0213285 0.00286272
184
1
0.815398 10.3723 1.03553
0.0104689 0.0217984 0.00617465
185
1
0.797872 10.3286 1.02085
0.00696366 0.0201458 0.00977218
186
1
0.784175 10.2855 1.00365
0.00368977 0.0194226 0.0106938
187
1
0.773615 10.2423 0.982072
0.00126335 0.0205385 0.0129558
188
1
0.767043 10.1978 0.955025
2.59379e-006 0.0213868 0.0172693
189
1
0.76572 10.1521 0.922554
-0.00104489 0.0205069 0.0185104
190
1
0.768923 10.1029 0.887259
-0.00398795 0.0241885 0.0183003
191
1
0.774676 10.0491 0.853187
-0.00597504 0.0253567 0.0187067
192
1
0.777791 9.99154 0.823397
-0.00467171 0.024198 0.0163321
193
1
0.774363 9.92543 0.800148
0.0012296 0.0374738 0.00948448
