194
0
1
0.530333 10.454 1.57721
0.0255822 0.0363286 -0.0342018
1
1
0.476964 10.3841 1.63569
0.0301742 0.03006 -0.0261484
2
1
0.415003 10.3109 1.68732
0.0331292 0.0383172 -0.022392
3
1
0.349612 10.2239 1.73201
0.0383196 0.0481746 -0.0209969
4
1
0.299308 10.1322 1.76299
0.014227 0.0450011 -0.0056535
5
1
0.266329 10.0398 1.78396
0.00826561 0.0325338 -0.00420665
6
1
0.241717 9.93032 1.82868
0.000268718 0.0592708 -0.0382219
7
1
0.139299 9.8082 1.88983
0.0670208 0.0236181 -0.00755679
8
1
0.412521 6.07885 0.0551869
-0.011413 -0.0480671 -0.00947738
9
1
0.327762 13.1685 0.0793918
0.0529748 -0.00216211 0.00845903
10
1
-0.327833 13.1687 0.0789084
0.0529361 0.00211195 -0.00836848
11
1
-0.413394 6.07932 0.0551556
-0.0115105 0.0478201 0.0087966
12
1
-0.139301 9.8082 1.88983
0.0670207 -0.0236179 0.00755691
13
1
-0.241718 9.93032 1.82868
0.000268744 -0.0592709 0.0382218
14
1
-0.266331 10.0398 1.78396
0.00826563 -0.0325339 0.00420666
15
1
-0.29931 10.1322 1.76299
0.014227 -0.0450011 0.00565355
16
1
-0.349614 10.2239 1.73201
0.0383196 -0.0481745 0.020997
17
1
-0.415004 10.3109 1.68732
0.0331292 -0.0383172 0.0223921
18
1
-0.476966 10.3841 1.63568
0.0301741 -0.03006 0.0261484
19
1
-0.530335 10.454 1.57721
0.0255821 -0.0363286 0.0342019
20
1
-0.573151 10.5228 1.51525
0.0216874 -0.0354318 0.0351775
21
1
-0.605836 10.5929 1.44898
0.0121266 -0.0309041 0.0282274
22
1
-0.621911 10.663 1.3817
0.00315597 -0.0407503 0.0360473
23
1
-0.627768 10.731 1.31265
0.00188984 -0.035655 0.0368445
24
1
-0.630813 10.7898 1.24726
0.00105214 -0.0208937 0.0258731
25
1
-0.634532 10.8408 1.18924
0.000574126 -0.0232812 0.0274471
26
1
-0.635421 10.8902 1.1349
-0.00142424 -0.025741 0.0272162
27
1
-0.632611 10.9377 1.08281
-0.00316268 -0.021731 0.0244002
28
1
-0.628878 10.9837 1.03111
-0.00234898 -0.0184531 0.023944
29
1
-0.626556 11.0282 0.977508
0.00018598 -0.0203165 0.0294705
30
1
-0.624649 11.0711 0.926117
-0.000745641 -0.0196356 0.0222855
31
1
-0.621725 11.1161 0.879703
-0.00128379 -0.0213287 0.0190258
32
1
-0.618896 11.1655 0.836495
-0.00167859 -0.0269612 0.0228719
33
1
-0.615806 11.2164 0.796587
-0.00314216 -0.0299844 0.0213292
34
1
-0.611669 11.2681 0.760125
-0.00268488 -0.0292158 0.0176667
35
1
-0.607317 11.3215 0.725168
-0.00200055 -0.0277108 0.0178953
36
1
-0.601708 11.3745 0.692554
-0.00368988 -0.0262285 0.0167695
37
1
-0.595984 11.4261 0.662919
-0.00474515 -0.0262899 0.0148928
38
1
-0.590711 11.4768 0.636561
-0.00354788 -0.0240041 0.0123526
39
1
-0.586464 11.5249 0.613512
-0.00227456 -0.0192579 0.00873123
40
1
-0.583955 11.5692 0.594357
-0.00156783 -0.019177 0.0064917
41
1
-0.583851 11.6119 0.577898
0.000222804 -0.0210741 0.00547129
42
1
-0.586139 11.6545 0.561568
0.00130532 -0.0203457 0.00639738
43
1
-0.59119 11.6968 0.544712
0.00153883 -0.0205811 0.00796948
44
1
-0.599094 11.7396 0.527424
0.00399015 -0.0238765 0.00874742
45
1
-0.610722 11.7836 0.509486
0.00813979 -0.0241808 0.00835141
46
1
-0.625142 11.8276 0.490055
0.0088511 -0.0206001 0.00744679
47
1
-0.642059 11.8695 0.469154
0.00917094 -0.0209241 0.00824094
48
1
-0.660774 11.9092 0.444183
0.0111352 -0.0222626 0.0129594
49
1
-0.680843 11.9443 0.414793
0.0112111 -0.0192502 0.0156385
50
1
-0.701067 11.9743 0.381585
0.0106808 -0.0151602 0.0155324
51
1
-0.722655 11.9995 0.343959
0.0118491 -0.0123684 0.0197894
52
1
-0.745499 12.0192 0.30186
0.0131253 -0.00814804 0.0249076
53
1
-0.768125 12.0337 0.255861
0.0145762 -0.00457272 0.0273376
54
1
-0.789434 12.0438 0.206927
0.0137966 -0.00341165 0.0280853
55
1
-0.807454 12.0508 0.155806
0.00801325 -0.000891425 0.0283574
56
1
-0.820258 12.0551 0.104319
0.0056762 -0.00015867 0.0277363
57
1
-0.828286 12.0577 0.0516406
0.00366991 -0.000210877 0.0264387
58
1
-0.830714 12.0587 -1.96805e-007
2.98858e-008 4.69393e-008 0.0258472
59
1
-0.828286 12.0577 -0.051641
-0.00366985 0.000210977 0.0264387
60
1
-0.820258 12.0551 -0.104319
-0.00567614 0.00015877 0.0277363
61
1
-0.807455 12.0508 -0.155807
-0.00801319 0.000891523 0.0283575
62
1
-0.789434 12.0438 -0.206928
-0.0137966 0.00341177 0.0280853
63
1
-0.768126 12.0337 -0.255862
-0.0145762 0.00457283 0.0273377
64
1
-0.745499 12.0192 -0.301861
-0.0131253 0.00814813 0.0249077
65
1
-0.722656 11.9995 -0.34396
-0.0118491 0.0123685 0.0197894
66
1
-0.701067 11.9743 -0.381586
-0.0106808 0.0151603 0.0155324
67
1
-0.680843 11.9443 -0.414793
-0.0112111 0.0192503 0.0156385
68
1
-0.660774 11.9092 -0.444184
-0.0111352 0.0222626 0.0129594
69
1
-0.642058 11.8695 -0.469155
-0.00917099 0.0209241 0.00824093
70
1
-0.625142 11.8276 -0.490056
-0.00885115 0.0206001 0.00744677
71
1
-0.610722 11.7836 -0.509487
-0.00813984 0.0241808 0.0083514
72
1
-0.599093 11.7396 -0.527425
-0.00399018 0.0238765 0.0087474
73
1
-0.59119 11.6968 -0.544712
-0.00153885 0.0205811 0.00796947
74
1
-0.586139 11.6545 -0.561569
-0.00130534 0.0203456 0.00639738
75
1
-0.58385 11.6119 -0.577899
-0.000222822 0.021074 0.00547128
76
1
-0.583954 11.5692 -0.594357
0.00156781 0.019177 0.0064917
77
1
-0.586463 11.5249 -0.613512
0.00227454 0.0192579 0.00873123
78
1
-0.59071 11.4768 -0.636562
0.00354786 0.024004 0.0123526
79
1
-0.595983 11.4261 -0.66292
0.00474513 0.0262899 0.0148928
80
1
-0.601708 11.3745 -0.692554
0.00368986 0.0262285 0.0167695
81
1
-0.607317 11.3215 -0.725169
0.00200053 0.0277108 0.0178953
82
1
-0.611669 11.2681 -0.760126
0.00268485 0.0292158 0.0176667
83
1
-0.615805 11.2164 -0.796588
0.00314214 0.0299844 0.0213292
84
1
-0.618895 11.1655 -0.836496
0.00167857 0.0269612 0.0228719
85
1
-0.621724 11.1161 -0.879704
0.00128378 0.0213287 0.0190258
86
1
-0.624648 11.0711 -0.926118
0.000745627 0.0196356 0.0222855
87
1
-0.626555 11.0282 -0.977509
-0.000185995 0.0203164 0.0294705
88
1
-0.628877 10.9837 -1.03111
0.00234896 0.0184531 0.023944
89
1
-0.63261 10.9377 -1.08281
0.00316267 0.021731 0.0244002
90
1
-0.63542 10.8902 -1.1349
0.00142422 0.025741 0.0272162
91
1
-0.634531 10.8408 -1.18924
-0.000574146 0.0232812 0.0274471
92
1
-0.630811 10.7898 -1.24726
-0.00105216 0.0208937 0.0258731
93
1
-0.627767 10.731 -1.31265
-0.00188987 0.035655 0.0368445
94
1
-0.62191 10.663 -1.3817
-0.00315602 0.0407503 0.0360473
95
1
-0.605835 10.5929 -1.44898
-0.0121266 0.0309041 0.0282274
96
1
-0.573149 10.5228 -1.51525
-0.0216875 0.0354318 0.0351775
97
1
-0.530333 10.454 -1.57721
-0.0255822 0.0363286 0.0342018
98
1
-0.476964 10.3841 -1.63569
-0.0301742 0.03006 0.0261484
99
1
-0.415003 10.3109 -1.68732
-0.0331292 0.0383172 0.022392
100
1
-0.349612 10.2239 -1.73201
-0.0383196 0.0481746 0.0209969
101
1
-0.299308 10.1322 -1.76299
-0.014227 0.0450011 0.0056535
102
1
-0.266329 10.0398 -1.78396
-0.00826561 0.0325338 0.00420665
103
1
-0.241717 9.93032 -1.82868
-0.000268719 0.0592708 0.0382219
104
1
-0.139299 9.8082 -1.88983
-0.0670208 0.0236181 0.00755679
105
1
-0.412518 6.07885 -0.0551884
0.0114125 -0.0480676 0.0094783
106
1
-0.327762 13.1685 -0.0793923
-0.0529748 -0.00216217 -0.00845913
107
1
0.327833 13.1687 -0.0789089
-0.0529361 0.00211201 0.00836858
108
1
0.41339 6.07932 -0.0551572
0.01151 0.0478206 -0.00879751
109
1
0.139301 9.8082 -1.88983
-0.0670207 -0.0236179 -0.00755691
110
1
0.241718 9.93032 -1.82868
-0.000268745 -0.0592708 -0.0382218
111
1
0.266331 10.0398 -1.78396
-0.00826563 -0.0325339 -0.00420666
112
1
0.29931 10.1322 -1.76299
-0.014227 -0.0450011 -0.00565355
113
1
0.349614 10.2239 -1.73201
-0.0383196 -0.0481745 -0.020997
114
1
0.415004 10.3109 -1.68732
-0.0331292 -0.0383172 -0.0223921
115
1
0.476966 10.3841 -1.63568
-0.0301741 -0.03006 -0.0261484
116
1
0.530335 10.454 -1.57721
-0.0255821 -0.0363286 -0.0342019
117
1
0.573151 10.5228 -1.51525
-0.0216874 -0.0354318 -0.0351775
118
1
0.605836 10.5929 -1.44898
-0.0121266 -0.0309041 -0.0282274
119
1
0.621911 10.663 -1.3817
-0.00315597 -0.0407503 -0.0360473
120
1
0.627768 10.731 -1.31265
-0.00188984 -0.035655 -0.0368445
121
1
0.630813 10.7898 -1.24726
-0.00105214 -0.0208937 -0.0258731
122
1
0.634532 10.8408 -1.18924
-0.000574126 -0.0232812 -0.0274471
123
1
0.635421 10.8902 -1.1349
0.00142424 -0.025741 -0.0272162
124
1
0.632611 10.9377 -1.08281
0.00316268 -0.021731 -0.0244002
125
1
0.628878 10.9837 -1.03111
0.00234898 -0.0184531 -0.023944
126
1
0.626556 11.0282 -0.977508
-0.00018598 -0.0203165 -0.0294705
127
1
0.624649 11.0711 -0.926117
0.000745641 -0.0196356 -0.0222855
128
1
0.621725 11.1161 -0.879703
0.00128379 -0.0213287 -0.0190258
129
1
0.618896 11.1655 -0.836495
0.00167859 -0.0269612 -0.0228719
130
1
0.615806 11.2164 -0.796587
0.00314216 -0.0299844 -0.0213292
131
1
0.611669 11.2681 -0.760125
0.00268487 -0.0292158 -0.0176667
132
1
0.607317 11.3215 -0.725168
0.00200055 -0.0277108 -0.0178953
133
1
0.601708 11.3745 -0.692554
0.00368988 -0.0262285 -0.0167695
134
1
0.595984 11.4261 -0.662919
0.00474515 -0.0262899 -0.0148928
135
1
0.590711 11.4768 -0.636561
0.00354788 -0.0240041 -0.0123526
136
1
0.586464 11.5249 -0.613512
0.00227456 -0.0192579 -0.00873123
137
1
0.583955 11.5692 -0.594357
0.00156783 -0.019177 -0.0064917
138
1
0.583851 11.6119 -0.577898
-0.000222804 -0.0210741 -0.00547129
139
1
0.586139 11.6545 -0.561568
-0.00130532 -0.0203457 -0.00639738
140
1
0.59119 11.6968 -0.544712
-0.00153883 -0.0205811 -0.00796948
141
1
0.599094 11.7396 -0.527424
-0.00399015 -0.0238765 -0.00874742
142
1
0.610722 11.7836 -0.509486
-0.0081398 -0.0241808 -0.00835141
143
1
0.625142 11.8276 -0.490055
-0.0088511 -0.0206001 -0.00744679
144
1
0.642059 11.8695 -0.469154
-0.00917094 -0.0209241 -0.00824094
145
1
0.660774 11.9092 -0.444183
-0.0111352 -0.0222626 -0.0129594
146
1
0.680843 11.9443 -0.414793
-0.0112111 -0.0192502 -0.0156385
147
1
0.701067 11.9743 -0.381585
-0.0106808 -0.0151602 -0.0155324
148
1
0.722655 11.9995 -0.343959
-0.0118491 -0.0123684 -0.0197894
149
1
0.745499 12.0192 -0.30186
-0.0131253 -0.00814804 -0.0249076
150
1
0.768125 12.0337 -0.255861
-0.0145762 -0.00457273 -0.0273376
151
1
0.789434 12.0438 -0.206927
-0.0137966 -0.00341165 -0.0280853
152
1
0.807454 12.0508 -0.155806
-0.00801325 -0.000891426 -0.0283574
153
1
0.820258 12.0551 -0.104319
-0.0056762 -0.000158671 -0.0277363
154
1
0.828286 12.0577 -0.0516406
-0.00366991 -0.000210878 -0.0264387
155
1
0.830714 12.0587 1.93356e-007
-2.95495e-008 4.59827e-008 -0.0258472
156
1
0.828286 12.0577 0.051641
0.00366985 0.000210976 -0.0264387
157
1
0.820258 12.0551 0.104319
0.00567614 0.000158769 -0.0277363
158
1
0.807455 12.0508 0.155807
0.00801319 0.000891522 -0.0283575
159
1
0.789434 12.0438 0.206928
0.0137966 0.00341177 -0.0280853
160
1
0.768126 12.0337 0.255862
0.0145762 0.00457283 -0.0273377
161
1
0.745499 12.0192 0.301861
0.0131253 0.00814813 -0.0249077
162
1
0.722656 11.9995 0.34396
0.0118491 0.0123685 -0.0197894
163
1
0.701067 11.9743 0.381586
0.0106808 0.0151603 -0.0155324
164
1
0.680843 11.9443 0.414793
0.0112111 0.0192503 -0.0156385
165
1
0.660774 11.9092 0.444184
0.0111352 0.0222626 -0.0129594
166
1
0.642058 11.8695 0.469155
0.00917099 0.0209241 -0.00824093
167
1
0.625142 11.8276 0.490056
0.00885115 0.0206001 -0.00744677
168
1
0.610722 11.7836 0.509487
0.00813984 0.0241808 -0.0083514
169
1
0.599093 11.7396 0.527425
0.00399018 0.0238765 -0.0087474
170
1
0.59119 11.6968 0.544712
0.00153885 0.0205811 -0.00796947
171
1
0.586139 11.6545 0.561569
0.00130534 0.0203456 -0.00639738
172
1
0.58385 11.6119 0.577899
0.000222822 0.021074 -0.00547128
173
1
0.583954 11.5692 0.594357
-0.00156781 0.019177 -0.0064917
174
1
0.586463 11.5249 0.613512
-0.00227455 0.0192579 -0.00873123
175
1
0.59071 11.4768 0.636562
-0.00354786 0.024004 -0.0123526
176
1
0.595983 11.4261 0.66292
-0.00474513 0.0262899 -0.0148928
177
1
0.601708 11.3745 0.692554
-0.00368986 0.0262285 -0.0167695
178
1
0.607317 11.3215 0.725169
-0.00200053 0.0277108 -0.0178953
179
1
0.611669 11.2681 0.760126
-0.00268485 0.0292158 -0.0176667
180
1
0.615805 11.2164 0.796588
-0.00314214 0.0299844 -0.0213292
181
1
0.618895 11.1655 0.836496
-0.00167857 0.0269612 -0.0228719
182
1
0.621724 11.1161 0.879704
-0.00128378 0.0213287 -0.0190258
183
1
0.624648 11.0711 0.926118
-0.000745627 0.0196356 -0.0222855
184
1
0.626555 11.0282 0.977509
0.000185995 0.0203164 -0.0294705
185
1
0.628877 10.9837 1.03111
-0.00234896 0.0184531 -0.023944
186
1
0.63261 10.9377 1.08281
-0.00316266 0.021731 -0.0244002
187
1
0.63542 10.8902 1.1349
-0.00142422 0.025741 -0.0272162
188
1
0.634531 10.8408 1.18924
0.000574147 0.0232812 -0.0274471
189
1
0.630811 10.7898 1.24726
0.00105216 0.0208937 -0.0258731
190
1
0.627767 10.731 1.31265
0.00188987 0.035655 -0.0368445
191
1
0.62191 10.663 1.3817
0.00315602 0.0407503 -0.0360473
192
1
0.605835 10.5929 1.44898
0.0121266 0.0309041 -0.0282274
193
1
0.573149 10.5228 1.51525
0.0216875 0.0354318 -0.0351775
