194
0
1
0.923547 5.07043 0.816647
0.0315304 -0.0163245 0.0274144
1
1
0.861995 5.10535 0.76133
0.0296581 -0.0212039 0.0294065
2
1
0.803022 5.15098 0.699682
0.0274903 -0.0279381 0.0316075
3
1
0.750984 5.20702 0.631302
0.0228405 -0.03083 0.036431
4
1
0.710676 5.27273 0.551779
0.0158409 -0.0352247 0.0424447
5
1
0.687787 5.34394 0.456406
0.00541308 -0.0364041 0.0541102
6
1
0.68651 5.41849 0.336339
-0.00859056 -0.0374479 0.0677917
7
1
0.712195 5.49572 0.17144
-0.0221512 -0.0255395 0.0702062
8
1
0.760631 5.73875 0.0729257
0.0107477 -0.0439922 -0.018456
9
1
0.0879769 6.25869 0.0772999
0.0304964 0.0383751 -0.0274682
10
1
-0.0879769 6.25869 0.0772999
0.0304964 -0.0383751 0.0274682
11
1
-0.760631 5.73875 0.0729257
0.0107477 0.0439922 0.018456
12
1
-0.712195 5.49572 0.17144
-0.0221512 0.0255395 -0.0702062
13
1
-0.68651 5.41849 0.336339
-0.00859056 0.0374479 -0.0677917
14
1
-0.687787 5.34394 0.456406
0.00541308 0.0364041 -0.0541102
15
1
-0.710676 5.27273 0.551779
0.0158409 0.0352247 -0.0424447
16
1
-0.750984 5.20702 0.631302
0.0228405 0.03083 -0.036431
17
1
-0.803022 5.15098 0.699682
0.0274903 0.0279381 -0.0316075
18
1
-0.861995 5.10535 0.76133
0.0296581 0.0212039 -0.0294065
19
1
-0.923547 5.07043 0.816647
0.0315304 0.0163245 -0.0274144
20
1
-0.986131 5.0442 0.865038
0.0320667 0.0110903 -0.0229
21
1
-1.04921 5.02548 0.906149
0.0310114 0.0068239 -0.0191153
22
1
-1.1122 5.0121 0.94019
0.0321562 0.00493564 -0.0152538
23
1
-1.17599 5.00205 0.967946
0.0315984 0.00320749 -0.0109361
24
1
-1.24024 4.99399 0.989289
0.0321387 0.00217787 -0.00824755
25
1
-1.30474 4.9869 1.00484
0.0327947 0.00245737 -0.00587311
26
1
-1.36897 4.98031 1.01569
0.0311954 0.00263099 -0.00434154
27
1
-1.43209 4.97387 1.02336
0.0308591 0.003044 -0.00311044
28
1
-1.49435 4.96782 1.02871
0.0314049 0.00348528 -0.00211385
29
1
-1.55601 4.96221 1.0322
0.0304944 0.00277503 -0.00144673
30
1
-1.61691 4.95752 1.03439
0.0298555 0.00222742 -0.00103601
31
1
-1.6771 4.95415 1.03538
0.0300753 0.00245398 -0.000703816
32
1
-1.73653 4.95172 1.03482
0.0296409 0.00195577 0.000480691
33
1
-1.79505 4.95014 1.03228
0.0288 0.000595166 0.00263925
34
1
-1.85253 4.94963 1.02721
0.0284275 -0.000612299 0.0041862
35
1
-1.90881 4.95073 1.01894
0.0276284 -0.00176509 0.00519305
36
1
-1.96357 4.95335 1.00686
0.026091 -0.00296947 0.00669263
37
1
-2.01713 4.95744 0.990852
0.0253247 -0.00366176 0.00840323
38
1
-2.07035 4.9632 0.971263
0.0259983 -0.00379757 0.0100756
39
1
-2.12348 4.97029 0.948264
0.0266872 -0.00373961 0.0119384
40
1
-2.17605 4.97762 0.922261
0.026448 -0.00344935 0.0140956
41
1
-2.2276 4.98455 0.893573
0.0260129 -0.00306044 0.0157653
42
1
-2.27815 4.99072 0.862255
0.0256876 -0.0029175 0.0166091
43
1
-2.32756 4.9969 0.82806
0.0252185 -0.00282993 0.0176693
44
1
-2.37565 5.00313 0.790361
0.024578 -0.00280763 0.0195789
45
1
-2.42242 5.00922 0.74861
0.023984 -0.00301082 0.0217923
46
1
-2.46743 5.01493 0.702648
0.0230439 -0.0025847 0.0241284
47
1
-2.51024 5.01969 0.653035
0.0214016 -0.00120932 0.0268967
48
1
-2.55049 5.0231 0.600242
0.0197036 -0.000341759 0.0292018
49
1
-2.58742 5.02548 0.544644
0.018206 -0.000502933 0.0304852
50
1
-2.62064 5.02775 0.487142
0.016258 -0.0011669 0.0309679
51
1
-2.64996 5.0302 0.428264
0.0139398 -0.00188027 0.0313454
52
1
-2.67566 5.03322 0.368116
0.0121923 -0.00222724 0.031476
53
1
-2.69825 5.03696 0.307183
0.0111023 -0.00249908 0.0313568
54
1
-2.71742 5.04129 0.245912
0.00968195 -0.00302872 0.031375
55
1
-2.73264 5.04569 0.184529
0.00742141 -0.00335344 0.0316145
56
1
-2.74311 5.04935 0.123076
0.00462495 -0.0027521 0.0316028
57
1
-2.74903 5.05182 0.0615412
0.00201212 -0.00146101 0.0312229
58
1
-2.75093 5.05254 -2.37778e-015
6.43986e-016 7.02765e-016 0.0309712
59
1
-2.74903 5.05182 -0.0615412
-0.00201212 0.00146101 0.0312229
60
1
-2.74311 5.04935 -0.123076
-0.00462495 0.0027521 0.0316028
61
1
-2.73264 5.04569 -0.184529
-0.00742141 0.00335344 0.0316145
62
1
-2.71742 5.04129 -0.245912
-0.00968195 0.00302872 0.031375
63
1
-2.69825 5.03696 -0.307183
-0.0111023 0.00249908 0.0313568
64
1
-2.67566 5.03322 -0.368116
-0.0121923 0.00222724 0.031476
65
1
-2.64996 5.0302 -0.428264
-0.0139398 0.00188027 0.0313454
66
1
-2.62064 5.02775 -0.487142
-0.016258 0.0011669 0.0309679
67
1
-2.58742 5.02548 -0.544644
-0.018206 0.000502933 0.0304852
68
1
-2.55049 5.0231 -0.600242
-0.0197036 0.000341759 0.0292018
69
1
-2.51024 5.01969 -0.653035
-0.0214016 0.00120932 0.0268967
70
1
-2.46743 5.01493 -0.702648
-0.0230439 0.0025847 0.0241284
71
1
-2.42242 5.00922 -0.74861
-0.023984 0.00301082 0.0217923
72
1
-2.37565 5.00313 -0.790361
-0.024578 0.00280763 0.0195789
73
1
-2.32756 4.9969 -0.82806
-0.0252185 0.00282993 0.0176693
74
1
-2.27815 4.99072 -0.862255
-0.0256876 0.0029175 0.0166091
75
1
-2.2276 4.98455 -0.893573
-0.0260129 0.00306044 0.0157653
76
1
-2.17605 4.97762 -0.922261
-0.026448 0.00344935 0.0140956
77
1
-2.12348 4.97029 -0.948264
-0.0266872 0.00373961 0.0119384
78
1
-2.07035 4.9632 -0.971263
-0.0259983 0.00379757 0.0100756
79
1
-2.01713 4.95744 -0.990852
-0.0253247 0.00366176 0.00840323
80
1
-1.96357 4.95335 -1.00686
-0.026091 0.00296947 0.00669263
81
1
-1.90881 4.95073 -1.01894
-0.0276284 0.00176509 0.00519305
82
1
-1.85253 4.94963 -1.02721
-0.0284275 0.000612299 0.0041862
83
1
-1.79505 4.95014 -1.03228
-0.0288 -0.000595166 0.00263925
84
1
-1.73653 4.95172 -1.03482
-0.0296409 -0.00195577 0.000480691
85
1
-1.6771 4.95415 -1.03538
-0.0300753 -0.00245398 -0.000703816
86
1
-1.61691 4.95752 -1.03439
-0.0298555 -0.00222742 -0.00103601
87
1
-1.55601 4.96221 -1.0322
-0.0304944 -0.00277503 -0.00144673
88
1
-1.49435 4.96782 -1.02871
-0.0314049 -0.00348528 -0.00211385
89
1
-1.43209 4.97387 -1.02336
-0.0308591 -0.003044 -0.00311044
90
1
-1.36897 4.98031 -1.01569
-0.0311954 -0.00263099 -0.00434154
91
1
-1.30474 4.9869 -1.00484
-0.0327947 -0.00245737 -0.00587311
92
1
-1.24024 4.99399 -0.989289
-0.0321387 -0.00217787 -0.00824755
93
1
-1.17599 5.00205 -0.967946
-0.0315984 -0.00320749 -0.0109361
94
1
-1.1122 5.0121 -0.94019
-0.0321562 -0.00493564 -0.0152538
95
1
-1.04921 5.02548 -0.906149
-0.0310114 -0.0068239 -0.0191153
96
1
-0.986131 5.0442 -0.865038
-0.0320667 -0.0110903 -0.0229
97
1
-0.923547 5.07043 -0.816647
-0.0315304 -0.0163245 -0.0274144
98
1
-0.861995 5.10535 -0.76133
-0.0296581 -0.0212039 -0.0294065
99
1
-0.803022 5.15098 -0.699682
-0.0274903 -0.0279381 -0.0316075
100
1
-0.750984 5.20702 -0.631302
-0.0228405 -0.03083 -0.036431
101
1
-0.710676 5.27273 -0.551779
-0.0158409 -0.0352247 -0.0424447
102
1
-0.687787 5.34394 -0.456406
-0.00541308 -0.0364041 -0.0541102
103
1
-0.68651 5.41849 -0.336339
0.00859056 -0.0374479 -0.0677917
104
1
-0.712195 5.49572 -0.17144
0.0221512 -0.0255395 -0.0702062
105
1
-0.760631 5.73875 -0.0729257
-0.0107477 -0.0439922 0.018456
106
1
-0.0879769 6.25869 -0.0772999
-0.0304964 0.0383751 0.0274682
107
1
0.0879769 6.25869 -0.0772999
-0.0304964 -0.0383751 -0.0274682
108
1
0.760631 5.73875 -0.0729257
-0.0107477 0.0439922 -0.018456
109
1
0.712195 5.49572 -0.17144
0.0221512 0.0255395 0.0702062
110
1
0.68651 5.41849 -0.336339
0.00859056 0.0374479 0.0677917
111
1
0.687787 5.34394 -0.456406
-0.00541308 0.0364041 0.0541102
112
1
0.710676 5.27273 -0.551779
-0.0158409 0.0352247 0.0424447
113
1
0.750984 5.20702 -0.631302
-0.0228405 0.03083 0.036431
114
1
0.803022 5.15098 -0.699682
-0.0274903 0.0279381 0.0316075
115
1
0.861995 5.10535 -0.76133
-0.0296581 0.0212039 0.0294065
116
1
0.923547 5.07043 -0.816647
-0.0315304 0.0163245 0.0274144
117
1
0.986131 5.0442 -0.865038
-0.0320667 0.0110903 0.0229
118
1
1.04921 5.02548 -0.906149
-0.0310114 0.0068239 0.0191153
119
1
1.1122 5.0121 -0.94019
-0.0321562 0.00493564 0.0152538
120
1
1.17599 5.00205 -0.967946
-0.0315984 0.00320749 0.0109361
121
1
1.24024 4.99399 -0.989289
-0.0321387 0.00217787 0.00824755
122
1
1.30474 4.9869 -1.00484
-0.0327947 0.00245737 0.00587311
123
1
1.36897 4.98031 -1.01569
-0.0311954 0.00263099 0.00434154
124
1
1.43209 4.97387 -1.02336
-0.0308591 0.003044 0.00311044
125
1
1.49435 4.96782 -1.02871
-0.0314049 0.00348528 0.00211385
126
1
1.55601 4.96221 -1.0322
-0.0304944 0.00277503 0.00144673
127
1
1.61691 4.95752 -1.03439
-0.0298555 0.00222742 0.00103601
128
1
1.6771 4.95415 -1.03538
-0.0300753 0.00245398 0.000703816
129
1
1.73653 4.95172 -1.03482
-0.0296409 0.00195577 -0.000480691
130
1
1.79505 4.95014 -1.03228
-0.0288 0.000595166 -0.00263925
131
1
1.85253 4.94963 -1.02721
-0.0284275 -0.000612299 -0.0041862
132
1
1.90881 4.95073 -1.01894
-0.0276284 -0.00176509 -0.00519305
133
1
1.96357 4.95335 -1.00686
-0.026091 -0.00296947 -0.00669263
134
1
2.01713 4.95744 -0.990852
-0.0253247 -0.00366176 -0.00840323
135
1
2.07035 4.9632 -0.971263
-0.0259983 -0.00379757 -0.0100756
136
1
2.12348 4.97029 -0.948264
-0.0266872 -0.00373961 -0.0119384
137
1
2.17605 4.97762 -0.922261
-0.026448 -0.00344935 -0.0140956
138
1
2.2276 4.98455 -0.893573
-0.0260129 -0.00306044 -0.0157653
139
1
2.27815 4.99072 -0.862255
-0.0256876 -0.0029175 -0.0166091
140
1
2.32756 4.9969 -0.82806
-0.0252185 -0.00282993 -0.0176693
141
1
2.37565 5.00313 -0.790361
-0.024578 -0.00280763 -0.0195789
142
1
2.42242 5.00922 -0.74861
-0.023984 -0.00301082 -0.0217923
143
1
2.46743 5.01493 -0.702648
-0.0230439 -0.0025847 -0.0241284
144
1
2.51024 5.01969 -0.653035
-0.0214016 -0.00120932 -0.0268967
145
1
2.55049 5.0231 -0.600242
-0.0197036 -0.000341759 -0.0292018
146
1
2.58742 5.02548 -0.544644
-0.018206 -0.000502933 -0.0304852
147
1
2.62064 5.02775 -0.487142
-0.016258 -0.0011669 -0.0309679
148
1
2.64996 5.0302 -0.428264
-0.0139398 -0.00188027 -0.0313454
149
1
2.67566 5.03322 -0.368116
-0.0121923 -0.00222724 -0.031476
150
1
2.69825 5.03696 -0.307183
-0.0111023 -0.00249908 -0.0313568
151
1
2.71742 5.04129 -0.245912
-0.00968195 -0.00302872 -0.031375
152
1
2.73264 5.04569 -0.184529
-0.00742141 -0.00335344 -0.0316145
153
1
2.74311 5.04935 -0.123076
-0.00462495 -0.0027521 -0.0316028
154
1
2.74903 5.05182 -0.0615412
-0.00201212 -0.00146101 -0.0312229
155
1
2.75093 5.05254 -2.96526e-015
-5.35818e-016 9.48281e-017 -0.0309712
156
1
2.74903 5.05182 0.0615412
0.00201212 0.00146101 -0.0312229
157
1
2.74311 5.04935 0.123076
0.00462495 0.0027521 -0.0316028
158
1
2.73264 5.04569 0.184529
0.00742141 0.00335344 -0.0316145
159
1
2.71742 5.04129 0.245912
0.00968195 0.00302872 -0.031375
160
1
2.69825 5.03696 0.307183
0.0111023 0.00249908 -0.0313568
161
1
2.67566 5.03322 0.368116
0.0121923 0.00222724 -0.031476
162
1
2.64996 5.0302 0.428264
0.0139398 0.00188027 -0.0313454
163
1
2.62064 5.02775 0.487142
0.016258 0.0011669 -0.0309679
164
1
2.58742 5.02548 0.544644
0.018206 0.000502933 -0.0304852
165
1
2.55049 5.0231 0.600242
0.0197036 0.000341759 -0.0292018
166
1
2.51024 5.01969 0.653035
0.0214016 0.00120932 -0.0268967
167
1
2.46743 5.01493 0.702648
0.0230439 0.0025847 -0.0241284
168
1
2.42242 5.00922 0.74861
0.023984 0.00301082 -0.0217923
169
1
2.37565 5.00313 0.790361
0.024578 0.00280763 -0.0195789
170
1
2.32756 4.9969 0.82806
0.0252185 0.00282993 -0.0176693
171
1
2.27815 4.99072 0.862255
0.0256876 0.0029175 -0.0166091
172
1
2.2276 4.98455 0.893573
0.0260129 0.00306044 -0.0157653
173
1
2.17605 4.97762 0.922261
0.026448 0.00344935 -0.0140956
174
1
2.12348 4.97029 0.948264
0.0266872 0.00373961 -0.0119384
175
1
2.07035 4.9632 0.971263
0.0259983 0.00379757 -0.0100756
176
1
2.01713 4.95744 0.990852
0.0253247 0.00366176 -0.00840323
177
1
1.96357 4.95335 1.00686
0.026091 0.00296947 -0.00669263
178
1
1.90881 4.95073 1.01894
0.0276284 0.00176509 -0.00519305
179
1
1.85253 4.94963 1.02721
0.0284275 0.000612299 -0.0041862
180
1
1.79505 4.95014 1.03228
0.0288 -0.000595166 -0.00263925
181
1
1.73653 4.95172 1.03482
0.0296409 -0.00195577 -0.000480691
182
1
1.6771 4.95415 1.03538
0.0300753 -0.00245398 0.000703816
183
1
1.61691 4.95752 1.03439
0.0298555 -0.00222742 0.00103601
184
1
1.55601 4.96221 1.0322
0.0304944 -0.00277503 0.00144673
185
1
1.49435 4.96782 1.02871
0.0314049 -0.00348528 0.00211385
186
1
1.43209 4.97387 1.02336
0.0308591 -0.003044 0.00311044
187
1
1.36897 4.98031 1.01569
0.0311954 -0.00263099 0.00434154
188
1
1.30474 4.9869 1.00484
0.0327947 -0.00245737 0.00587311
189
1
1.24024 4.99399 0.989289
0.0321387 -0.00217787 0.00824755
190
1
1.17599 5.00205 0.967946
0.0315984 -0.00320749 0.0109361
191
1
1.1122 5.0121 0.94019
0.0321562 -0.00493564 0.0152538
192
1
1.04921 5.02548 0.906149
0.0310114 -0.0068239 0.0191153
193
1
0.986131 5.0442 0.865038
0.0320667 -0.0110903 0.0229
