194
0
1
0.496374 0.0552979 3.03835
0.00269834 -0.00345966 -0.0392012
1
1
0.483084 0.0572862 3.11526
0.00873604 -0.0028067 -0.0381455
2
1
0.458832 0.0599837 3.18936
0.0146243 -0.00196349 -0.036234
3
1
0.423526 0.0624452 3.25886
0.0201863 -0.00132512 -0.033456
4
1
0.377917 0.0646024 3.32214
0.0252502 -0.000871235 -0.0298618
5
1
0.322957 0.066254 3.37756
0.0296697 -0.000569193 -0.0255284
6
1
0.259882 0.0672323 3.42356
0.0333247 -0.000385173 -0.0205466
7
1
0.190373 0.0678776 3.4591
0.0361453 -0.000249643 -0.015051
8
1
0.116146 0.0682727 3.48331
0.0380643 -0.000140875 -0.00918183
9
1
0.039038 0.0684613 3.49556
0.0390354 -4.55836e-005 -0.00308595
10
1
-0.039038 0.0684613 3.49556
0.0390354 4.55836e-005 0.00308595
11
1
-0.116146 0.0682727 3.48331
0.0380643 0.000140875 0.00918183
12
1
-0.190373 0.0678776 3.4591
0.0361453 0.000249643 0.015051
13
1
-0.259882 0.0672323 3.42356
0.0333247 0.000385173 0.0205466
14
1
-0.322957 0.066254 3.37756
0.0296697 0.000569193 0.0255284
15
1
-0.377917 0.0646024 3.32214
0.0252502 0.000871235 0.0298618
16
1
-0.423526 0.0624452 3.25886
0.0201863 0.00132512 0.033456
17
1
-0.458832 0.0599837 3.18936
0.0146243 0.00196349 0.036234
18
1
-0.483084 0.0572862 3.11526
0.00873604 0.0028067 0.0381455
19
1
-0.496374 0.0552979 3.03835
0.00269834 0.00345966 0.0392012
20
1
-0.501214 0.0539277 2.96042
-0.000338811 0.00335912 0.0390883
21
1
-0.502021 0.0515041 2.88246
-0.000277491 0.00271089 0.0390113
22
1
-0.501839 0.0482761 2.80452
-0.0002219 0.00196109 0.0389565
23
1
-0.50155 0.0454622 2.72663
-0.00018207 0.00141162 0.0389379
24
1
-0.501286 0.043226 2.64876
-0.000149127 0.00104128 0.0389337
25
1
-0.501063 0.0414784 2.57089
-0.000120972 0.000790219 0.0389342
26
1
-0.500884 0.0401122 2.49302
-9.75373e-005 0.000616241 0.0389361
27
1
-0.500738 0.0390252 2.41515
-7.84295e-005 0.000491201 0.0389382
28
1
-0.500615 0.0381438 2.33727
-6.31466e-005 0.000398159 0.0389404
29
1
-0.500514 0.0374212 2.25939
-5.10877e-005 0.000327489 0.0389423
30
1
-0.500432 0.0368226 2.1815
-4.15923e-005 0.000272745 0.0389441
31
1
-0.500365 0.0363212 2.10361
-3.40455e-005 0.000229546 0.0389458
32
1
-0.50031 0.0358974 2.02572
-2.79978e-005 0.000194922 0.0389473
33
1
-0.500264 0.0355361 1.94782
-2.31378e-005 0.000166795 0.0389487
34
1
-0.500225 0.0352259 1.86992
-1.92172e-005 0.000143672 0.03895
35
1
-0.500193 0.034958 1.79202
-1.60316e-005 0.000124471 0.0389511
36
1
-0.500167 0.0347254 1.71412
-1.34181e-005 0.000108377 0.0389521
37
1
-0.500144 0.0345225 1.63621
-1.12887e-005 9.47722e-005 0.038953
38
1
-0.500125 0.0343447 1.5583
-9.52308e-006 8.31833e-005 0.0389538
39
1
-0.500109 0.0341885 1.4804
-8.03698e-006 7.32406e-005 0.0389545
40
1
-0.500095 0.0340508 1.40249
-6.81013e-006 6.46461e-005 0.0389552
41
1
-0.500084 0.0339291 1.32458
-5.80029e-006 5.71672e-005 0.0389557
42
1
-0.500074 0.0338214 1.24666
-4.94605e-006 5.06203e-005 0.0389562
43
1
-0.500065 0.0337261 1.16875
-4.22821e-006 4.48515e-005 0.0389567
44
1
-0.500058 0.0336416 1.09084
-3.61191e-006 3.97373e-005 0.038957
45
1
-0.500052 0.0335668 1.01292
-3.09006e-006 3.51722e-005 0.0389574
46
1
-0.500047 0.0335007 0.935008
-2.64447e-006 3.10744e-005 0.0389577
47
1
-0.500043 0.0334423 0.857092
-2.25249e-006 2.73717e-005 0.0389579
48
1
-0.500039 0.0333911 0.779176
-1.92255e-006 2.40012e-005 0.0389582
49
1
-0.500036 0.0333462 0.70126
-1.63782e-006 2.09127e-005 0.0389584
50
1
-0.500033 0.0333073 0.623343
-1.38119e-006 1.80619e-005 0.0389585
51
1
-0.500031 0.0332739 0.545426
-1.15627e-006 1.54105e-005 0.0389587
52
1
-0.500029 0.0332457 0.467508
-9.43651e-007 1.2926e-005 0.0389588
53
1
-0.500027 0.0332222 0.38959
-7.53974e-007 1.05769e-005 0.0389589
54
1
-0.500026 0.0332033 0.311672
-5.90122e-007 8.33584e-006 0.038959
55
1
-0.500025 0.0331888 0.233754
-4.32479e-007 6.18014e-006 0.038959
56
1
-0.500024 0.0331786 0.155836
-2.86717e-007 4.08624e-006 0.0389591
57
1
-0.500024 0.0331725 0.0779182
-1.42013e-007 2.03312e-006 0.0389591
58
1
-0.500024 0.0331705 -3.84177e-020
-9.77808e-020 -9.20301e-021 0.0389591
59
1
-0.500024 0.0331725 -0.0779182
1.42013e-007 -2.03312e-006 0.0389591
60
1
-0.500024 0.0331786 -0.155836
2.86717e-007 -4.08624e-006 0.0389591
61
1
-0.500025 0.0331888 -0.233754
4.32479e-007 -6.18014e-006 0.038959
62
1
-0.500026 0.0332033 -0.311672
5.90122e-007 -8.33584e-006 0.038959
63
1
-0.500027 0.0332222 -0.38959
7.53974e-007 -1.05769e-005 0.0389589
64
1
-0.500029 0.0332457 -0.467508
9.43651e-007 -1.2926e-005 0.0389588
65
1
-0.500031 0.0332739 -0.545426
1.15627e-006 -1.54105e-005 0.0389587
66
1
-0.500033 0.0333073 -0.623343
1.38119e-006 -1.80619e-005 0.0389585
67
1
-0.500036 0.0333462 -0.70126
1.63782e-006 -2.09127e-005 0.0389584
68
1
-0.500039 0.0333911 -0.779176
1.92255e-006 -2.40012e-005 0.0389582
69
1
-0.500043 0.0334423 -0.857092
2.25249e-006 -2.73717e-005 0.0389579
70
1
-0.500047 0.0335007 -0.935008
2.64447e-006 -3.10744e-005 0.0389577
71
1
-0.500052 0.0335668 -1.01292
3.09006e-006 -3.51722e-005 0.0389574
72
1
-0.500058 0.0336416 -1.09084
3.61191e-006 -3.97373e-005 0.038957
73
1
-0.500065 0.0337261 -1.16875
4.22821e-006 -4.48515e-005 0.0389567
74
1
-0.500074 0.0338214 -1.24666
4.94605e-006 -5.06203e-005 0.0389562
75
1
-0.500084 0.0339291 -1.32458
5.80029e-006 -5.71672e-005 0.0389557
76
1
-0.500095 0.0340508 -1.40249
6.81013e-006 -6.46461e-005 0.0389552
77
1
-0.500109 0.0341885 -1.4804
8.03698e-006 -7.32406e-005 0.0389545
78
1
-0.500125 0.0343447 -1.5583
9.52308e-006 -8.31833e-005 0.0389538
79
1
-0.500144 0.0345225 -1.63621
1.12887e-005 -9.47722e-005 0.038953
80
1
-0.500167 0.0347254 -1.71412
1.34181e-005 -0.000108377 0.0389521
81
1
-0.500193 0.034958 -1.79202
1.60316e-005 -0.000124471 0.0389511
82
1
-0.500225 0.0352259 -1.86992
1.92172e-005 -0.000143672 0.03895
83
1
-0.500264 0.0355361 -1.94782
2.31378e-005 -0.000166795 0.0389487
84
1
-0.50031 0.0358974 -2.02572
2.79978e-005 -0.000194922 0.0389473
85
1
-0.500365 0.0363212 -2.10361
3.40455e-005 -0.000229546 0.0389458
86
1
-0.500432 0.0368226 -2.1815
4.15923e-005 -0.000272745 0.0389441
87
1
-0.500514 0.0374212 -2.25939
5.10877e-005 -0.000327489 0.0389423
88
1
-0.500615 0.0381438 -2.33727
6.31466e-005 -0.000398159 0.0389404
89
1
-0.500738 0.0390252 -2.41515
7.84295e-005 -0.000491201 0.0389382
90
1
-0.500884 0.0401122 -2.49302
9.75373e-005 -0.000616241 0.0389361
91
1
-0.501063 0.0414784 -2.57089
0.000120972 -0.000790219 0.0389342
92
1
-0.501286 0.043226 -2.64876
0.000149127 -0.00104128 0.0389337
93
1
-0.50155 0.0454622 -2.72663
0.00018207 -0.00141162 0.0389379
94
1
-0.501839 0.0482761 -2.80452
0.0002219 -0.00196109 0.0389565
95
1
-0.502021 0.0515041 -2.88246
0.000277491 -0.00271089 0.0390113
96
1
-0.501214 0.0539277 -2.96042
0.000338811 -0.00335912 0.0390883
97
1
-0.496374 0.0552979 -3.03835
-0.00269834 -0.00345966 0.0392012
98
1
-0.483084 0.0572862 -3.11526
-0.00873604 -0.0028067 0.0381455
99
1
-0.458832 0.0599837 -3.18936
-0.0146243 -0.00196349 0.036234
100
1
-0.423526 0.0624452 -3.25886
-0.0201863 -0.00132512 0.033456
101
1
-0.377917 0.0646024 -3.32214
-0.0252502 -0.000871235 0.0298618
102
1
-0.322957 0.066254 -3.37756
-0.0296697 -0.000569193 0.0255284
103
1
-0.259882 0.0672323 -3.42356
-0.0333247 -0.000385173 0.0205466
104
1
-0.190373 0.0678776 -3.4591
-0.0361453 -0.000249643 0.015051
105
1
-0.116146 0.0682727 -3.48331
-0.0380643 -0.000140875 0.00918183
106
1
-0.039038 0.0684613 -3.49556
-0.0390354 -4.55836e-005 0.00308595
107
1
0.039038 0.0684613 -3.49556
-0.0390354 4.55836e-005 -0.00308595
108
1
0.116146 0.0682727 -3.48331
-0.0380643 0.000140875 -0.00918183
109
1
0.190373 0.0678776 -3.4591
-0.0361453 0.000249643 -0.015051
110
1
0.259882 0.0672323 -3.42356
-0.0333247 0.000385173 -0.0205466
111
1
0.322957 0.066254 -3.37756
-0.0296697 0.000569193 -0.0255284
112
1
0.377917 0.0646024 -3.32214
-0.0252502 0.000871235 -0.0298618
113
1
0.423526 0.0624452 -3.25886
-0.0201863 0.00132512 -0.033456
114
1
0.458832 0.0599837 -3.18936
-0.0146243 0.00196349 -0.036234
115
1
0.483084 0.0572862 -3.11526
-0.00873604 0.0028067 -0.0381455
116
1
0.496374 0.0552979 -3.03835
-0.00269834 0.00345966 -0.0392012
117
1
0.501214 0.0539277 -2.96042
0.000338811 0.00335912 -0.0390883
118
1
0.502021 0.0515041 -2.88246
0.000277491 0.00271089 -0.0390113
119
1
0.501839 0.0482761 -2.80452
0.0002219 0.00196109 -0.0389565
120
1
0.50155 0.0454622 -2.72663
0.00018207 0.00141162 -0.0389379
121
1
0.501286 0.043226 -2.64876
0.000149127 0.00104128 -0.0389337
122
1
0.501063 0.0414784 -2.57089
0.000120972 0.000790219 -0.0389342
123
1
0.500884 0.0401122 -2.49302
9.75373e-005 0.000616241 -0.0389361
124
1
0.500738 0.0390252 -2.41515
7.84295e-005 0.000491201 -0.0389382
125
1
0.500615 0.0381438 -2.33727
6.31466e-005 0.000398159 -0.0389404
126
1
0.500514 0.0374212 -2.25939
5.10877e-005 0.000327489 -0.0389423
127
1
0.500432 0.0368226 -2.1815
4.15923e-005 0.000272745 -0.0389441
128
1
0.500365 0.0363212 -2.10361
3.40455e-005 0.000229546 -0.0389458
129
1
0.50031 0.0358974 -2.02572
2.79978e-005 0.000194922 -0.0389473
130
1
0.500264 0.0355361 -1.94782
2.31378e-005 0.000166795 -0.0389487
131
1
0.500225 0.0352259 -1.86992
1.92172e-005 0.000143672 -0.03895
132
1
0.500193 0.034958 -1.79202
1.60316e-005 0.000124471 -0.0389511
133
1
0.500167 0.0347254 -1.71412
1.34181e-005 0.000108377 -0.0389521
134
1
0.500144 0.0345225 -1.63621
1.12887e-005 9.47722e-005 -0.038953
135
1
0.500125 0.0343447 -1.5583
9.52308e-006 8.31833e-005 -0.0389538
136
1
0.500109 0.0341885 -1.4804
8.03698e-006 7.32406e-005 -0.0389545
137
1
0.500095 0.0340508 -1.40249
6.81013e-006 6.46461e-005 -0.0389552
138
1
0.500084 0.0339291 -1.32458
5.80029e-006 5.71672e-005 -0.0389557
139
1
0.500074 0.0338214 -1.24666
4.94605e-006 5.06203e-005 -0.0389562
140
1
0.500065 0.0337261 -1.16875
4.22821e-006 4.48515e-005 -0.0389567
141
1
0.500058 0.0336416 -1.09084
3.61191e-006 3.97373e-005 -0.038957
142
1
0.500052 0.0335668 -1.01292
3.09006e-006 3.51722e-005 -0.0389574
143
1
0.500047 0.0335007 -0.935008
2.64447e-006 3.10744e-005 -0.0389577
144
1
0.500043 0.0334423 -0.857092
2.25249e-006 2.73717e-005 -0.0389579
145
1
0.500039 0.0333911 -0.779176
1.92255e-006 2.40012e-005 -0.0389582
146
1
0.500036 0.0333462 -0.70126
1.63782e-006 2.09127e-005 -0.0389584
147
1
0.500033 0.0333073 -0.623343
1.38119e-006 1.80619e-005 -0.0389585
148
1
0.500031 0.0332739 -0.545426
1.15627e-006 1.54105e-005 -0.0389587
149
1
0.500029 0.0332457 -0.467508
9.43651e-007 1.2926e-005 -0.0389588
150
1
0.500027 0.0332222 -0.38959
7.53974e-007 1.05769e-005 -0.0389589
151
1
0.500026 0.0332033 -0.311672
5.90122e-007 8.33584e-006 -0.038959
152
1
0.500025 0.0331888 -0.233754
4.32479e-007 6.18014e-006 -0.038959
153
1
0.500024 0.0331786 -0.155836
2.86717e-007 4.08624e-006 -0.0389591
154
1
0.500024 0.0331725 -0.0779182
1.42013e-007 2.03312e-006 -0.0389591
155
1
0.500024 0.0331705 3.17204e-020
7.523e-020 1.49105e-021 -0.0389591
156
1
0.500024 0.0331725 0.0779182
-1.42013e-007 -2.03312e-006 -0.0389591
157
1
0.500024 0.0331786 0.155836
-2.86717e-007 -4.08624e-006 -0.0389591
158
1
0.500025 0.0331888 0.233754
-4.32479e-007 -6.18014e-006 -0.038959
159
1
0.500026 0.0332033 0.311672
-5.90122e-007 -8.33584e-006 -0.038959
160
1
0.500027 0.0332222 0.38959
-7.53974e-007 -1.05769e-005 -0.0389589
161
1
0.500029 0.0332457 0.467508
-9.43651e-007 -1.2926e-005 -0.0389588
162
1
0.500031 0.0332739 0.545426
-1.15627e-006 -1.54105e-005 -0.0389587
163
1
0.500033 0.0333073 0.623343
-1.38119e-006 -1.80619e-005 -0.0389585
164
1
0.500036 0.0333462 0.70126
-1.63782e-006 -2.09127e-005 -0.0389584
165
1
0.500039 0.0333911 0.779176
-1.92255e-006 -2.40012e-005 -0.0389582
166
1
0.500043 0.0334423 0.857092
-2.25249e-006 -2.73717e-005 -0.0389579
167
1
0.500047 0.0335007 0.935008
-2.64447e-006 -3.10744e-005 -0.0389577
168
1
0.500052 0.0335668 1.01292
-3.09006e-006 -3.51722e-005 -0.0389574
169
1
0.500058 0.0336416 1.09084
-3.61191e-006 -3.97373e-005 -0.038957
170
1
0.500065 0.0337261 1.16875
-4.22821e-006 -4.48515e-005 -0.0389567
171
1
0.500074 0.0338214 1.24666
-4.94605e-006 -5.06203e-005 -0.0389562
172
1
0.500084 0.0339291 1.32458
-5.80029e-006 -5.71672e-005 -0.0389557
173
1
0.500095 0.0340508 1.40249
-6.81013e-006 -6.46461e-005 -0.0389552
174
1
0.500109 0.0341885 1.4804
-8.03698e-006 -7.32406e-005 -0.0389545
175
1
0.500125 0.0343447 1.5583
-9.52308e-006 -8.31833e-005 -0.0389538
176
1
0.500144 0.0345225 1.63621
-1.12887e-005 -9.47722e-005 -0.038953
177
1
0.500167 0.0347254 1.71412
-1.34181e-005 -0.000108377 -0.0389521
178
1
0.500193 0.034958 1.79202
-1.60316e-005 -0.000124471 -0.0389511
179
1
0.500225 0.0352259 1.86992
-1.92172e-005 -0.000143672 -0.03895
180
1
0.500264 0.0355361 1.94782
-2.31378e-005 -0.000166795 -0.0389487
181
1
0.50031 0.0358974 2.02572
-2.79978e-005 -0.000194922 -0.0389473
182
1
0.500365 0.0363212 2.10361
-3.40455e-005 -0.000229546 -0.0389458
183
1
0.500432 0.0368226 2.1815
-4.15923e-005 -0.000272745 -0.0389441
184
1
0.500514 0.0374212 2.25939
-5.10877e-005 -0.000327489 -0.0389423
185
1
0.500615 0.0381438 2.33727
-6.31466e-005 -0.000398159 -0.0389404
186
1
0.500738 0.0390252 2.41515
-7.84295e-005 -0.000491201 -0.0389382
187
1
0.500884 0.0401122 2.49302
-9.75373e-005 -0.000616241 -0.0389361
188
1
0.501063 0.0414784 2.57089
-0.000120972 -0.000790219 -0.0389342
189
1
0.501286 0.043226 2.64876
-0.000149127 -0.00104128 -0.0389337
190
1
0.50155 0.0454622 2.72663
-0.00018207 -0.00141162 -0.0389379
191
1
0.501839 0.0482761 2.80452
-0.0002219 -0.00196109 -0.0389565
192
1
0.502021 0.0515041 2.88246
-0.000277491 -0.00271089 -0.0390113
193
1
0.501214 0.0539277 2.96042
-0.000338811 -0.00335912 -0.0390883
