194
0
1
1.06588 5.79348 1.05371
0.0253109 -0.018553 0.0289025
1
1
1.01704 5.82658 0.991523
0.0243621 -0.0148532 0.0344947
2
1
0.970688 5.85401 0.914258
0.021731 -0.0110659 0.0427311
3
1
0.930304 5.87372 0.822333
0.0186846 -0.00615352 0.0508024
4
1
0.898617 5.88533 0.711735
0.0111529 -0.00309952 0.059362
5
1
0.874993 5.88997 0.581425
0.00773616 -0.00146269 0.0736878
6
1
0.853038 5.89289 0.421333
0.00511511 0.00334447 0.077682
7
1
0.840138 5.87869 0.201688
0.00803061 0.0111383 0.0766447
8
1
0.614755 5.77719 0.0606939
0.0277435 -0.00306194 -0.0197088
9
1
0.052972 7.31688 0.474705
0.00109794 0.0226016 -0.0745641
10
1
-0.052972 7.31688 0.474705
0.00109794 -0.0226016 0.0745641
11
1
-0.614755 5.77719 0.0606939
0.0277435 0.00306194 0.0197088
12
1
-0.840138 5.87869 0.201688
0.00803061 -0.0111383 -0.0766447
13
1
-0.853038 5.89289 0.421333
0.00511511 -0.00334447 -0.077682
14
1
-0.874993 5.88997 0.581425
0.00773616 0.00146269 -0.0736878
15
1
-0.898617 5.88533 0.711735
0.0111529 0.00309952 -0.059362
16
1
-0.930304 5.87372 0.822333
0.0186846 0.00615352 -0.0508024
17
1
-0.970688 5.85401 0.914258
0.021731 0.0110659 -0.0427311
18
1
-1.01704 5.82658 0.991523
0.0243621 0.0148532 -0.0344947
19
1
-1.06588 5.79348 1.05371
0.0253109 0.018553 -0.0289025
20
1
-1.11582 5.75786 1.10272
0.0248782 0.019369 -0.0216094
21
1
-1.16648 5.72323 1.14077
0.0243459 0.016845 -0.0162016
22
1
-1.21792 5.69243 1.1699
0.0257498 0.0156408 -0.0129975
23
1
-1.27095 5.66561 1.19283
0.0255444 0.0130477 -0.0102109
24
1
-1.32495 5.64364 1.21012
0.0263084 0.0103899 -0.00796593
25
1
-1.37943 5.62688 1.22256
0.0273736 0.0080425 -0.00536374
26
1
-1.43417 5.61479 1.2311
0.026625 0.00472269 -0.00263973
27
1
-1.48857 5.6062 1.23607
0.0269136 0.00233364 -0.000619944
28
1
-1.54305 5.59966 1.23747
0.0277033 0.00136023 0.000974314
29
1
-1.59776 5.59481 1.23424
0.0272093 0.00059449 0.00356451
30
1
-1.65217 5.59163 1.22583
0.0268646 -0.000211624 0.00616495
31
1
-1.70618 5.5904 1.21326
0.0269797 -0.00112247 0.0074409
32
1
-1.75984 5.59129 1.1975
0.0266907 -0.00195872 0.00852859
33
1
-1.81305 5.59368 1.17929
0.026414 -0.00206559 0.0100063
34
1
-1.86578 5.59682 1.15945
0.0263789 -0.00201288 0.0105512
35
1
-1.91804 5.60015 1.13865
0.0258785 -0.00223209 0.0105771
36
1
-1.96948 5.60364 1.11642
0.0249038 -0.00197184 0.0110925
37
1
-2.02019 5.60712 1.09184
0.0245362 -0.00158987 0.0120098
38
1
-2.07079 5.6109 1.06452
0.0251037 -0.00205002 0.0133601
39
1
-2.12141 5.61576 1.03456
0.0254693 -0.00284498 0.0151801
40
1
-2.17121 5.62175 1.00198
0.0250523 -0.00285178 0.0172357
41
1
-2.21956 5.62814 0.966773
0.0242336 -0.00268611 0.0190559
42
1
-2.26651 5.63486 0.928946
0.0232438 -0.00311507 0.0204412
43
1
-2.31253 5.64134 0.888547
0.0225635 -0.00320977 0.021793
44
1
-2.35763 5.64763 0.844993
0.0223389 -0.00272602 0.0235041
45
1
-2.40157 5.65422 0.797417
0.0220204 -0.00310081 0.0254418
46
1
-2.44411 5.6618 0.746154
0.0213339 -0.0043105 0.0272417
47
1
-2.48452 5.67048 0.691891
0.0203895 -0.00513961 0.028806
48
1
-2.52184 5.68 0.634909
0.0186888 -0.00573596 0.0304873
49
1
-2.55563 5.68972 0.575633
0.0166239 -0.00579717 0.0320856
50
1
-2.58543 5.6984 0.514516
0.0148893 -0.00461811 0.0326207
51
1
-2.61157 5.70537 0.452204
0.0133924 -0.00287923 0.0326628
52
1
-2.63452 5.7103 0.388976
0.011675 -0.0016406 0.0326632
53
1
-2.6543 5.7134 0.325099
0.00955405 -0.000788795 0.0328013
54
1
-2.67089 5.71476 0.260739
0.0073731 0.000283119 0.0332369
55
1
-2.68392 5.71459 0.195831
0.00581543 0.00122597 0.0337554
56
1
-2.69353 5.71353 0.130652
0.00465293 0.00145318 0.0337891
57
1
-2.69952 5.71226 0.0653063
0.00279899 0.000874544 0.0332617
58
1
-2.70154 5.71185 1.71109e-014
-5.35659e-016 4.00165e-016 0.0329007
59
1
-2.69952 5.71226 -0.0653063
-0.00279899 -0.000874544 0.0332617
60
1
-2.69353 5.71353 -0.130652
-0.00465293 -0.00145318 0.0337891
61
1
-2.68392 5.71459 -0.195831
-0.00581543 -0.00122597 0.0337554
62
1
-2.67089 5.71476 -0.260739
-0.0073731 -0.000283119 0.0332369
63
1
-2.6543 5.7134 -0.325099
-0.00955405 0.000788795 0.0328013
64
1
-2.63452 5.7103 -0.388976
-0.011675 0.0016406 0.0326632
65
1
-2.61157 5.70537 -0.452204
-0.0133924 0.00287923 0.0326628
66
1
-2.58543 5.6984 -0.514516
-0.0148893 0.00461811 0.0326207
67
1
-2.55563 5.68972 -0.575633
-0.0166239 0.00579717 0.0320856
68
1
-2.52184 5.68 -0.634909
-0.0186888 0.00573596 0.0304873
69
1
-2.48452 5.67048 -0.691891
-0.0203895 0.00513961 0.028806
70
1
-2.44411 5.6618 -0.746154
-0.0213339 0.0043105 0.0272417
71
1
-2.40157 5.65422 -0.797417
-0.0220204 0.00310081 0.0254418
72
1
-2.35763 5.64763 -0.844993
-0.0223389 0.00272602 0.0235041
73
1
-2.31253 5.64134 -0.888547
-0.0225635 0.00320977 0.021793
74
1
-2.26651 5.63486 -0.928946
-0.0232438 0.00311507 0.0204412
75
1
-2.21956 5.62814 -0.966773
-0.0242336 0.00268611 0.0190559
76
1
-2.17121 5.62175 -1.00198
-0.0250523 0.00285178 0.0172357
77
1
-2.12141 5.61576 -1.03456
-0.0254693 0.00284498 0.0151801
78
1
-2.07079 5.6109 -1.06452
-0.0251037 0.00205002 0.0133601
79
1
-2.02019 5.60712 -1.09184
-0.0245362 0.00158987 0.0120098
80
1
-1.96948 5.60364 -1.11642
-0.0249038 0.00197184 0.0110925
81
1
-1.91804 5.60015 -1.13865
-0.0258785 0.00223209 0.0105771
82
1
-1.86578 5.59682 -1.15945
-0.0263789 0.00201288 0.0105512
83
1
-1.81305 5.59368 -1.17929
-0.026414 0.00206559 0.0100063
84
1
-1.75984 5.59129 -1.1975
-0.0266907 0.00195872 0.00852859
85
1
-1.70618 5.5904 -1.21326
-0.0269797 0.00112247 0.0074409
86
1
-1.65217 5.59163 -1.22583
-0.0268646 0.000211624 0.00616495
87
1
-1.59776 5.59481 -1.23424
-0.0272093 -0.00059449 0.00356451
88
1
-1.54305 5.59966 -1.23747
-0.0277033 -0.00136023 0.000974314
89
1
-1.48857 5.6062 -1.23607
-0.0269136 -0.00233364 -0.000619944
90
1
-1.43417 5.61479 -1.2311
-0.026625 -0.00472269 -0.00263973
91
1
-1.37943 5.62688 -1.22256
-0.0273736 -0.0080425 -0.00536374
92
1
-1.32495 5.64364 -1.21012
-0.0263084 -0.0103899 -0.00796593
93
1
-1.27095 5.66561 -1.19283
-0.0255444 -0.0130477 -0.0102109
94
1
-1.21792 5.69243 -1.1699
-0.0257498 -0.0156408 -0.0129975
95
1
-1.16648 5.72323 -1.14077
-0.0243459 -0.016845 -0.0162016
96
1
-1.11582 5.75786 -1.10272
-0.0248782 -0.019369 -0.0216094
97
1
-1.06588 5.79348 -1.05371
-0.0253109 -0.018553 -0.0289025
98
1
-1.01704 5.82658 -0.991523
-0.0243621 -0.0148532 -0.0344947
99
1
-0.970688 5.85401 -0.914258
-0.021731 -0.0110659 -0.0427311
100
1
-0.930304 5.87372 -0.822333
-0.0186846 -0.00615352 -0.0508024
101
1
-0.898617 5.88533 -0.711735
-0.0111529 -0.00309952 -0.059362
102
1
-0.874993 5.88997 -0.581425
-0.00773616 -0.00146269 -0.0736878
103
1
-0.853038 5.89289 -0.421333
-0.00511511 0.00334447 -0.077682
104
1
-0.840138 5.87869 -0.201688
-0.00803061 0.0111383 -0.0766447
105
1
-0.614755 5.77719 -0.0606939
-0.0277435 -0.00306194 0.0197088
106
1
-0.052972 7.31688 -0.474705
-0.00109794 0.0226016 0.0745641
107
1
0.052972 7.31688 -0.474705
-0.00109794 -0.0226016 -0.0745641
108
1
0.614755 5.77719 -0.0606939
-0.0277435 0.00306194 -0.0197088
109
1
0.840138 5.87869 -0.201688
-0.00803061 -0.0111383 0.0766447
110
1
0.853038 5.89289 -0.421333
-0.00511511 -0.00334447 0.077682
111
1
0.874993 5.88997 -0.581425
-0.00773616 0.00146269 0.0736878
112
1
0.898617 5.88533 -0.711735
-0.0111529 0.00309952 0.059362
113
1
0.930304 5.87372 -0.822333
-0.0186846 0.00615352 0.0508024
114
1
0.970688 5.85401 -0.914258
-0.021731 0.0110659 0.0427311
115
1
1.01704 5.82658 -0.991523
-0.0243621 0.0148532 0.0344947
116
1
1.06588 5.79348 -1.05371
-0.0253109 0.018553 0.0289025
117
1
1.11582 5.75786 -1.10272
-0.0248782 0.019369 0.0216094
118
1
1.16648 5.72323 -1.14077
-0.0243459 0.016845 0.0162016
119
1
1.21792 5.69243 -1.1699
-0.0257498 0.0156408 0.0129975
120
1
1.27095 5.66561 -1.19283
-0.0255444 0.0130477 0.0102109
121
1
1.32495 5.64364 -1.21012
-0.0263084 0.0103899 0.00796593
122
1
1.37943 5.62688 -1.22256
-0.0273736 0.0080425 0.00536374
123
1
1.43417 5.61479 -1.2311
-0.026625 0.00472269 0.00263973
124
1
1.48857 5.6062 -1.23607
-0.0269136 0.00233364 0.000619944
125
1
1.54305 5.59966 -1.23747
-0.0277033 0.00136023 -0.000974314
126
1
1.59776 5.59481 -1.23424
-0.0272093 0.00059449 -0.00356451
127
1
1.65217 5.59163 -1.22583
-0.0268646 -0.000211624 -0.00616495
128
1
1.70618 5.5904 -1.21326
-0.0269797 -0.00112247 -0.0074409
129
1
1.75984 5.59129 -1.1975
-0.0266907 -0.00195872 -0.00852859
130
1
1.81305 5.59368 -1.17929
-0.026414 -0.00206559 -0.0100063
131
1
1.86578 5.59682 -1.15945
-0.0263789 -0.00201288 -0.0105512
132
1
1.91804 5.60015 -1.13865
-0.0258785 -0.00223209 -0.0105771
133
1
1.96948 5.60364 -1.11642
-0.0249038 -0.00197184 -0.0110925
134
1
2.02019 5.60712 -1.09184
-0.0245362 -0.00158987 -0.0120098
135
1
2.07079 5.6109 -1.06452
-0.0251037 -0.00205002 -0.0133601
136
1
2.12141 5.61576 -1.03456
-0.0254693 -0.00284498 -0.0151801
137
1
2.17121 5.62175 -1.00198
-0.0250523 -0.00285178 -0.0172357
138
1
2.21956 5.62814 -0.966773
-0.0242336 -0.00268611 -0.0190559
139
1
2.26651 5.63486 -0.928946
-0.0232438 -0.00311507 -0.0204412
140
1
2.31253 5.64134 -0.888547
-0.0225635 -0.00320977 -0.021793
141
1
2.35763 5.64763 -0.844993
-0.0223389 -0.00272602 -0.0235041
142
1
2.40157 5.65422 -0.797417
-0.0220204 -0.00310081 -0.0254418
143
1
2.44411 5.6618 -0.746154
-0.0213339 -0.0043105 -0.0272417
144
1
2.48452 5.67048 -0.691891
-0.0203895 -0.00513961 -0.028806
145
1
2.52184 5.68 -0.634909
-0.0186888 -0.00573596 -0.0304873
146
1
2.55563 5.68972 -0.575633
-0.0166239 -0.00579717 -0.0320856
147
1
2.58543 5.6984 -0.514516
-0.0148893 -0.00461811 -0.0326207
148
1
2.61157 5.70537 -0.452204
-0.0133924 -0.00287923 -0.0326628
149
1
2.63452 5.7103 -0.388976
-0.011675 -0.0016406 -0.0326632
150
1
2.6543 5.7134 -0.325099
-0.00955405 -0.000788795 -0.0328013
151
1
2.67089 5.71476 -0.260739
-0.0073731 0.000283119 -0.0332369
152
1
2.68392 5.71459 -0.195831
-0.00581543 0.00122597 -0.0337554
153
1
2.69353 5.71353 -0.130652
-0.00465293 0.00145318 -0.0337891
154
1
2.69952 5.71226 -0.0653063
-0.00279899 0.000874544 -0.0332617
155
1
2.70154 5.71185 -2.7578e-014
-8.06879e-016 -2.83916e-016 -0.0329007
156
1
2.69952 5.71226 0.0653063
0.00279899 -0.000874544 -0.0332617
157
1
2.69353 5.71353 0.130652
0.00465293 -0.00145318 -0.0337891
158
1
2.68392 5.71459 0.195831
0.00581543 -0.00122597 -0.0337554
159
1
2.67089 5.71476 0.260739
0.0073731 -0.000283119 -0.0332369
160
1
2.6543 5.7134 0.325099
0.00955405 0.000788795 -0.0328013
161
1
2.63452 5.7103 0.388976
0.011675 0.0016406 -0.0326632
162
1
2.61157 5.70537 0.452204
0.0133924 0.00287923 -0.0326628
163
1
2.58543 5.6984 0.514516
0.0148893 0.00461811 -0.0326207
164
1
2.55563 5.68972 0.575633
0.0166239 0.00579717 -0.0320856
165
1
2.52184 5.68 0.634909
0.0186888 0.00573596 -0.0304873
166
1
2.48452 5.67048 0.691891
0.0203895 0.00513961 -0.028806
167
1
2.44411 5.6618 0.746154
0.0213339 0.0043105 -0.0272417
168
1
2.40157 5.65422 0.797417
0.0220204 0.00310081 -0.0254418
169
1
2.35763 5.64763 0.844993
0.0223389 0.00272602 -0.0235041
170
1
2.31253 5.64134 0.888547
0.0225635 0.00320977 -0.021793
171
1
2.26651 5.63486 0.928946
0.0232438 0.00311507 -0.0204412
172
1
2.21956 5.62814 0.966773
0.0242336 0.00268611 -0.0190559
173
1
2.17121 5.62175 1.00198
0.0250523 0.00285178 -0.0172357
174
1
2.12141 5.61576 1.03456
0.0254693 0.00284498 -0.0151801
175
1
2.07079 5.6109 1.06452
0.0251037 0.00205002 -0.0133601
176
1
2.02019 5.60712 1.09184
0.0245362 0.00158987 -0.0120098
177
1
1.96948 5.60364 1.11642
0.0249038 0.00197184 -0.0110925
178
1
1.91804 5.60015 1.13865
0.0258785 0.00223209 -0.0105771
179
1
1.86578 5.59682 1.15945
0.0263789 0.00201288 -0.0105512
180
1
1.81305 5.59368 1.17929
0.026414 0.00206559 -0.0100063
181
1
1.75984 5.59129 1.1975
0.0266907 0.00195872 -0.00852859
182
1
1.70618 5.5904 1.21326
0.0269797 0.00112247 -0.0074409
183
1
1.65217 5.59163 1.22583
0.0268646 0.000211624 -0.00616495
184
1
1.59776 5.59481 1.23424
0.0272093 -0.00059449 -0.00356451
185
1
1.54305 5.59966 1.23747
0.0277033 -0.00136023 -0.000974314
186
1
1.48857 5.6062 1.23607
0.0269136 -0.00233364 0.000619944
187
1
1.43417 5.61479 1.2311
0.026625 -0.00472269 0.00263973
188
1
1.37943 5.62688 1.22256
0.0273736 -0.0080425 0.00536374
189
1
1.32495 5.64364 1.21012
0.0263084 -0.0103899 0.00796593
190
1
1.27095 5.66561 1.19283
0.0255444 -0.0130477 0.0102109
191
1
1.21792 5.69243 1.1699
0.0257498 -0.0156408 0.0129975
192
1
1.16648 5.72323 1.14077
0.0243459 -0.016845 0.0162016
193
1
1.11582 5.75786 1.10272
0.0248782 -0.019369 0.0216094
