194
0
1
0.496922 0 3.03911
0.00307791 0 -0.0391086
1
1
0.484686 0 3.11636
0.00915796 0 -0.0381456
2
1
0.460516 0 3.19075
0.0150125 0 -0.0362434
3
1
0.425006 0 3.26044
0.0204974 0 -0.0334487
4
1
0.379031 0 3.32372
0.0254776 0 -0.0298304
5
1
0.323723 0 3.37903
0.0298304 0 -0.0254776
6
1
0.260444 0 3.42501
0.0334487 0 -0.0204974
7
1
0.190752 0 3.46052
0.0362434 0 -0.0150125
8
1
0.116363 0 3.48469
0.0381456 0 -0.00915796
9
1
0.0391086 0 3.49692
0.0391086 0 -0.00307791
10
1
-0.0391086 0 3.49692
0.0391086 0 0.00307791
11
1
-0.116363 0 3.48469
0.0381456 0 0.00915796
12
1
-0.190752 0 3.46052
0.0362434 0 0.0150125
13
1
-0.260444 0 3.42501
0.0334487 0 0.0204974
14
1
-0.323723 0 3.37903
0.0298304 0 0.0254776
15
1
-0.379031 0 3.32372
0.0254776 0 0.0298304
16
1
-0.425006 0 3.26044
0.0204974 0 0.0334487
17
1
-0.460516 0 3.19075
0.0150125 0 0.0362434
18
1
-0.484686 0 3.11636
0.00915796 0 0.0381456
19
1
-0.496922 0 3.03911
0.00307791 0 0.0391086
20
1
-0.5 0 2.96104
0 0 0.038961
21
1
-0.5 0 2.88312
0 0 0.038961
22
1
-0.5 0 2.80519
0 0 0.038961
23
1
-0.5 0 2.72727
0 0 0.038961
24
1
-0.5 0 2.64935
0 0 0.038961
25
1
-0.5 0 2.57143
0 0 0.038961
26
1
-0.5 0 2.49351
0 0 0.038961
27
1
-0.5 0 2.41558
0 0 0.038961
28
1
-0.5 0 2.33766
0 0 0.038961
29
1
-0.5 0 2.25974
0 0 0.038961
30
1
-0.5 0 2.18182
0 0 0.038961
31
1
-0.5 0 2.1039
0 0 0.038961
32
1
-0.5 0 2.02597
0 0 0.038961
33
1
-0.5 0 1.94805
0 0 0.038961
34
1
-0.5 0 1.87013
0 0 0.038961
35
1
-0.5 0 1.79221
0 0 0.038961
36
1
-0.5 0 1.71429
0 0 0.038961
37
1
-0.5 0 1.63636
0 0 0.038961
38
1
-0.5 0 1.55844
0 0 0.038961
39
1
-0.5 0 1.48052
0 0 0.038961
40
1
-0.5 0 1.4026
0 0 0.038961
41
1
-0.5 0 1.32468
0 0 0.038961
42
1
-0.5 0 1.24675
0 0 0.038961
43
1
-0.5 0 1.16883
0 0 0.038961
44
1
-0.5 0 1.09091
0 0 0.038961
45
1
-0.5 0 1.01299
0 0 0.038961
46
1
-0.5 0 0.935065
0 0 0.038961
47
1
-0.5 0 0.857143
0 0 0.038961
48
1
-0.5 0 0.779221
0 0 0.038961
49
1
-0.5 0 0.701299
0 0 0.038961
50
1
-0.5 0 0.623377
0 0 0.038961
51
1
-0.5 0 0.545455
0 0 0.038961
52
1
-0.5 0 0.467532
0 0 0.038961
53
1
-0.5 0 0.38961
0 0 0.038961
54
1
-0.5 0 0.311688
0 0 0.038961
55
1
-0.5 0 0.233766
0 0 0.038961
56
1
-0.5 0 0.155844
0 0 0.038961
57
1
-0.5 0 0.0779221
0 0 0.038961
58
1
-0.5 0 0
0 0 0.038961
59
1
-0.5 0 -0.0779221
0 0 0.038961
60
1
-0.5 0 -0.155844
0 0 0.038961
61
1
-0.5 0 -0.233766
0 0 0.038961
62
1
-0.5 0 -0.311688
0 0 0.038961
63
1
-0.5 0 -0.38961
0 0 0.038961
64
1
-0.5 0 -0.467532
0 0 0.038961
65
1
-0.5 0 -0.545455
0 0 0.038961
66
1
-0.5 0 -0.623377
0 0 0.038961
67
1
-0.5 0 -0.701299
0 0 0.038961
68
1
-0.5 0 -0.779221
0 0 0.038961
69
1
-0.5 0 -0.857143
0 0 0.038961
70
1
-0.5 0 -0.935065
0 0 0.038961
71
1
-0.5 0 -1.01299
0 0 0.038961
72
1
-0.5 0 -1.09091
0 0 0.038961
73
1
-0.5 0 -1.16883
0 0 0.038961
74
1
-0.5 0 -1.24675
0 0 0.038961
75
1
-0.5 0 -1.32468
0 0 0.038961
76
1
-0.5 0 -1.4026
0 0 0.038961
77
1
-0.5 0 -1.48052
0 0 0.038961
78
1
-0.5 0 -1.55844
0 0 0.038961
79
1
-0.5 0 -1.63636
0 0 0.038961
80
1
-0.5 0 -1.71429
0 0 0.038961
81
1
-0.5 0 -1.79221
0 0 0.038961
82
1
-0.5 0 -1.87013
0 0 0.038961
83
1
-0.5 0 -1.94805
0 0 0.038961
84
1
-0.5 0 -2.02597
0 0 0.038961
85
1
-0.5 0 -2.1039
0 0 0.038961
86
1
-0.5 0 -2.18182
0 0 0.038961
87
1
-0.5 0 -2.25974
0 0 0.038961
88
1
-0.5 0 -2.33766
0 0 0.038961
89
1
-0.5 0 -2.41558
0 0 0.038961
90
1
-0.5 0 -2.49351
0 0 0.038961
91
1
-0.5 0 -2.57143
0 0 0.038961
92
1
-0.5 0 -2.64935
0 0 0.038961
93
1
-0.5 0 -2.72727
0 0 0.038961
94
1
-0.5 0 -2.80519
0 0 0.038961
95
1
-0.5 0 -2.88312
0 0 0.038961
96
1
-0.5 0 -2.96104
0 0 0.038961
97
1
-0.496922 0 -3.03911
-0.00307791 -0 0.0391086
98
1
-0.484686 0 -3.11636
-0.00915796 -0 0.0381456
99
1
-0.460516 0 -3.19075
-0.0150125 -0 0.0362434
100
1
-0.425006 0 -3.26044
-0.0204974 -0 0.0334487
101
1
-0.379031 0 -3.32372
-0.0254776 -0 0.0298304
102
1
-0.323723 0 -3.37903
-0.0298304 -0 0.0254776
103
1
-0.260444 0 -3.42501
-0.0334487 -0 0.0204974
104
1
-0.190752 0 -3.46052
-0.0362434 -0 0.0150125
105
1
-0.116363 0 -3.48469
-0.0381456 -0 0.00915796
106
1
-0.0391086 0 -3.49692
-0.0391086 -0 0.00307791
107
1
0.0391086 0 -3.49692
-0.0391086 -0 -0.00307791
108
1
0.116363 0 -3.48469
-0.0381456 -0 -0.00915796
109
1
0.190752 0 -3.46052
-0.0362434 -0 -0.0150125
110
1
0.260444 0 -3.42501
-0.0334487 -0 -0.0204974
111
1
0.323723 0 -3.37903
-0.0298304 -0 -0.0254776
112
1
0.379031 0 -3.32372
-0.0254776 -0 -0.0298304
113
1
0.425006 0 -3.26044
-0.0204974 -0 -0.0334487
114
1
0.460516 0 -3.19075
-0.0150125 -0 -0.0362434
115
1
0.484686 0 -3.11636
-0.00915796 -0 -0.0381456
116
1
0.496922 0 -3.03911
-0.00307791 -0 -0.0391086
117
1
0.5 0 -2.96104
0 0 -0.038961
118
1
0.5 0 -2.88312
0 0 -0.038961
119
1
0.5 0 -2.80519
0 0 -0.038961
120
1
0.5 0 -2.72727
0 0 -0.038961
121
1
0.5 0 -2.64935
0 0 -0.038961
122
1
0.5 0 -2.57143
0 0 -0.038961
123
1
0.5 0 -2.49351
0 0 -0.038961
124
1
0.5 0 -2.41558
0 0 -0.038961
125
1
0.5 0 -2.33766
0 0 -0.038961
126
1
0.5 0 -2.25974
0 0 -0.038961
127
1
0.5 0 -2.18182
0 0 -0.038961
128
1
0.5 0 -2.1039
0 0 -0.038961
129
1
0.5 0 -2.02597
0 0 -0.038961
130
1
0.5 0 -1.94805
0 0 -0.038961
131
1
0.5 0 -1.87013
0 0 -0.038961
132
1
0.5 0 -1.79221
0 0 -0.038961
133
1
0.5 0 -1.71429
0 0 -0.038961
134
1
0.5 0 -1.63636
0 0 -0.038961
135
1
0.5 0 -1.55844
0 0 -0.038961
136
1
0.5 0 -1.48052
0 0 -0.038961
137
1
0.5 0 -1.4026
0 0 -0.038961
138
1
0.5 0 -1.32468
0 0 -0.038961
139
1
0.5 0 -1.24675
0 0 -0.038961
140
1
0.5 0 -1.16883
0 0 -0.038961
141
1
0.5 0 -1.09091
0 0 -0.038961
142
1
0.5 0 -1.01299
0 0 -0.038961
143
1
0.5 0 -0.935065
0 0 -0.038961
144
1
0.5 0 -0.857143
0 0 -0.038961
145
1
0.5 0 -0.779221
0 0 -0.038961
146
1
0.5 0 -0.701299
0 0 -0.038961
147
1
0.5 0 -0.623377
0 0 -0.038961
148
1
0.5 0 -0.545455
0 0 -0.038961
149
1
0.5 0 -0.467532
0 0 -0.038961
150
1
0.5 0 -0.38961
0 0 -0.038961
151
1
0.5 0 -0.311688
0 0 -0.038961
152
1
0.5 0 -0.233766
0 0 -0.038961
153
1
0.5 0 -0.155844
0 0 -0.038961
154
1
0.5 0 -0.0779221
0 0 -0.038961
155
1
0.5 0 0
0 0 -0.038961
156
1
0.5 0 0.0779221
0 0 -0.038961
157
1
0.5 0 0.155844
0 0 -0.038961
158
1
0.5 0 0.233766
0 0 -0.038961
159
1
0.5 0 0.311688
0 0 -0.038961
160
1
0.5 0 0.38961
0 0 -0.038961
161
1
0.5 0 0.467532
0 0 -0.038961
162
1
0.5 0 0.545455
0 0 -0.038961
163
1
0.5 0 0.623377
0 0 -0.038961
164
1
0.5 0 0.701299
0 0 -0.038961
165
1
0.5 0 0.779221
0 0 -0.038961
166
1
0.5 0 0.857143
0 0 -0.038961
167
1
0.5 0 0.935065
0 0 -0.038961
168
1
0.5 0 1.01299
0 0 -0.038961
169
1
0.5 0 1.09091
0 0 -0.038961
170
1
0.5 0 1.16883
0 0 -0.038961
171
1
0.5 0 1.24675
0 0 -0.038961
172
1
0.5 0 1.32468
0 0 -0.038961
173
1
0.5 0 1.4026
0 0 -0.038961
174
1
0.5 0 1.48052
0 0 -0.038961
175
1
0.5 0 1.55844
0 0 -0.038961
176
1
0.5 0 1.63636
0 0 -0.038961
177
1
0.5 0 1.71429
0 0 -0.038961
178
1
0.5 0 1.79221
0 0 -0.038961
179
1
0.5 0 1.87013
0 0 -0.038961
180
1
0.5 0 1.94805
0 0 -0.038961
181
1
0.5 0 2.02597
0 0 -0.038961
182
1
0.5 0 2.1039
0 0 -0.038961
183
1
0.5 0 2.18182
0 0 -0.038961
184
1
0.5 0 2.25974
0 0 -0.038961
185
1
0.5 0 2.33766
0 0 -0.038961
186
1
0.5 0 2.41558
0 0 -0.038961
187
1
0.5 0 2.49351
0 0 -0.038961
188
1
0.5 0 2.57143
0 0 -0.038961
189
1
0.5 0 2.64935
0 0 -0.038961
190
1
0.5 0 2.72727
0 0 -0.038961
191
1
0.5 0 2.80519
0 0 -0.038961
192
1
0.5 0 2.88312
0 0 -0.038961
193
1
0.5 0 2.96104
0 0 -0.038961
