194
0
1
1.07543 5.81666 1.05748
0.0247369 -0.0184215 0.0298295
1
1
1.02667 5.84938 0.994351
0.0241759 -0.0146475 0.0351346
2
1
0.980007 5.87637 0.916306
0.022015 -0.0106921 0.0431201
3
1
0.938688 5.89538 0.8239
0.0193931 -0.00553406 0.0510091
4
1
0.905942 5.90627 0.712922
0.0120068 -0.00201458 0.059475
5
1
0.882205 5.90895 0.58214
0.00829064 -0.000309194 0.0737587
6
1
0.858716 5.90658 0.422135
0.00523231 0.0045401 0.0776029
7
1
0.845289 5.89064 0.203099
0.00792321 0.0123185 0.07635
8
1
0.628764 5.77657 0.0610844
0.0297343 -0.00116983 -0.0194172
9
1
0.0527959 7.34979 0.484911
0.00109246 0.0221318 -0.074705
10
1
-0.0527959 7.34979 0.484911
0.00109246 -0.0221318 0.074705
11
1
-0.628764 5.77657 0.0610844
0.0297343 0.00116983 0.0194172
12
1
-0.845289 5.89064 0.203099
0.00792321 -0.0123185 -0.07635
13
1
-0.858716 5.90658 0.422135
0.00523231 -0.0045401 -0.0776029
14
1
-0.882205 5.90895 0.58214
0.00829064 0.000309194 -0.0737587
15
1
-0.905942 5.90627 0.712922
0.0120068 0.00201458 -0.059475
16
1
-0.938688 5.89538 0.8239
0.0193931 0.00553406 -0.0510091
17
1
-0.980007 5.87637 0.916306
0.022015 0.0106921 -0.0431201
18
1
-1.02667 5.84938 0.994351
0.0241759 0.0146475 -0.0351346
19
1
-1.07543 5.81666 1.05748
0.0247369 0.0184215 -0.0298295
20
1
-1.12496 5.78155 1.10758
0.0241156 0.0192913 -0.0225919
21
1
-1.17499 5.74743 1.14666
0.0236247 0.0168234 -0.0170164
22
1
-1.22559 5.71716 1.17687
0.0251003 0.0156284 -0.0136466
23
1
-1.27774 5.69079 1.20078
0.0250374 0.0130074 -0.0106397
24
1
-1.33093 5.6693 1.21896
0.0259141 0.0103365 -0.00816223
25
1
-1.38465 5.65279 1.23222
0.0270846 0.00800325 -0.00532569
26
1
-1.43873 5.64035 1.24127
0.0264538 0.00473372 -0.00241433
27
1
-1.49267 5.63091 1.24604
0.0268145 0.00240053 -0.000311559
28
1
-1.5468 5.6233 1.2464
0.0276217 0.00149928 0.00124725
29
1
-1.60121 5.61766 1.24188
0.0271179 0.000842427 0.00376525
30
1
-1.65528 5.61427 1.2323
0.0267417 0.000156443 0.00632599
31
1
-1.70889 5.61298 1.21878
0.026822 -0.000695428 0.00761957
32
1
-1.76219 5.61374 1.20244
0.0265239 -0.00154952 0.0087341
33
1
-1.81511 5.61593 1.18387
0.0262693 -0.0017163 0.0102095
34
1
-1.86758 5.61875 1.16368
0.0262528 -0.0017773 0.0107237
35
1
-1.91953 5.62158 1.14237
0.0257646 -0.0021265 0.0107086
36
1
-1.97069 5.62472 1.11971
0.0248109 -0.00195223 0.0111748
37
1
-2.02112 5.62835 1.09481
0.0244477 -0.0016163 0.0120634
38
1
-2.07142 5.63257 1.0672
0.0249846 -0.0021196 0.0134361
39
1
-2.12181 5.6377 1.03711
0.0253172 -0.00293991 0.0153042
40
1
-2.17156 5.6437 1.0046
0.0249008 -0.00293788 0.0173866
41
1
-2.21993 5.64998 0.969465
0.0241027 -0.0027595 0.019202
42
1
-2.26698 5.65641 0.931713
0.0231405 -0.00319825 0.0205685
43
1
-2.31292 5.66242 0.891125
0.0224911 -0.00331711 0.0218755
44
1
-2.35782 5.66827 0.847295
0.0222938 -0.00285723 0.0235265
45
1
-2.40157 5.67481 0.799564
0.0219531 -0.00324282 0.0254545
46
1
-2.44388 5.68242 0.74816
0.0211761 -0.00444346 0.0273156
47
1
-2.48388 5.69106 0.693632
0.0201231 -0.0052353 0.0289561
48
1
-2.52072 5.70055 0.636324
0.0183424 -0.00574246 0.0307067
49
1
-2.55402 5.71013 0.576687
0.0162638 -0.00571155 0.0323408
50
1
-2.58342 5.71893 0.515256
0.0146127 -0.00451115 0.0328485
51
1
-2.60943 5.72622 0.452743
0.0132449 -0.0028116 0.0328383
52
1
-2.63246 5.7315 0.389362
0.011632 -0.0016186 0.032795
53
1
-2.65248 5.73476 0.325355
0.00960076 -0.000776616 0.0328987
54
1
-2.66934 5.73601 0.260877
0.00752112 0.000297695 0.0332947
55
1
-2.68271 5.73584 0.195894
0.00604094 0.00119245 0.03378
56
1
-2.6927 5.73489 0.130678
0.00487826 0.00134246 0.0337964
57
1
-2.69891 5.73392 0.0653089
0.00293671 0.000767107 0.0332589
58
1
-2.7011 5.73366 1.22328e-014
-9.97971e-016 1.22706e-016 0.0328969
59
1
-2.69891 5.73392 -0.0653089
-0.00293671 -0.000767107 0.0332589
60
1
-2.6927 5.73489 -0.130678
-0.00487826 -0.00134246 0.0337964
61
1
-2.68271 5.73584 -0.195894
-0.00604094 -0.00119245 0.03378
62
1
-2.66934 5.73601 -0.260877
-0.00752112 -0.000297695 0.0332947
63
1
-2.65248 5.73476 -0.325355
-0.00960076 0.000776616 0.0328987
64
1
-2.63246 5.7315 -0.389362
-0.011632 0.0016186 0.032795
65
1
-2.60943 5.72622 -0.452743
-0.0132449 0.0028116 0.0328383
66
1
-2.58342 5.71893 -0.515256
-0.0146127 0.00451115 0.0328485
67
1
-2.55402 5.71013 -0.576687
-0.0162638 0.00571155 0.0323408
68
1
-2.52072 5.70055 -0.636324
-0.0183424 0.00574246 0.0307067
69
1
-2.48388 5.69106 -0.693632
-0.0201231 0.0052353 0.0289561
70
1
-2.44388 5.68242 -0.74816
-0.0211761 0.00444346 0.0273156
71
1
-2.40157 5.67481 -0.799564
-0.0219531 0.00324282 0.0254545
72
1
-2.35782 5.66827 -0.847295
-0.0222938 0.00285723 0.0235265
73
1
-2.31292 5.66242 -0.891125
-0.0224911 0.00331711 0.0218755
74
1
-2.26698 5.65641 -0.931713
-0.0231405 0.00319825 0.0205685
75
1
-2.21993 5.64998 -0.969465
-0.0241027 0.0027595 0.019202
76
1
-2.17156 5.6437 -1.0046
-0.0249008 0.00293788 0.0173866
77
1
-2.12181 5.6377 -1.03711
-0.0253172 0.00293991 0.0153042
78
1
-2.07142 5.63257 -1.0672
-0.0249846 0.0021196 0.0134361
79
1
-2.02112 5.62835 -1.09481
-0.0244477 0.0016163 0.0120634
80
1
-1.97069 5.62472 -1.11971
-0.0248109 0.00195223 0.0111748
81
1
-1.91953 5.62158 -1.14237
-0.0257646 0.0021265 0.0107086
82
1
-1.86758 5.61875 -1.16368
-0.0262528 0.0017773 0.0107237
83
1
-1.81511 5.61593 -1.18387
-0.0262693 0.0017163 0.0102095
84
1
-1.76219 5.61374 -1.20244
-0.0265239 0.00154952 0.0087341
85
1
-1.70889 5.61298 -1.21878
-0.026822 0.000695428 0.00761957
86
1
-1.65528 5.61427 -1.2323
-0.0267417 -0.000156443 0.00632599
87
1
-1.60121 5.61766 -1.24188
-0.0271179 -0.000842427 0.00376525
88
1
-1.5468 5.6233 -1.2464
-0.0276217 -0.00149928 0.00124725
89
1
-1.49267 5.63091 -1.24604
-0.0268145 -0.00240053 -0.000311559
90
1
-1.43873 5.64035 -1.24127
-0.0264538 -0.00473372 -0.00241433
91
1
-1.38465 5.65279 -1.23222
-0.0270846 -0.00800325 -0.00532569
92
1
-1.33093 5.6693 -1.21896
-0.0259141 -0.0103365 -0.00816223
93
1
-1.27774 5.69079 -1.20078
-0.0250374 -0.0130074 -0.0106397
94
1
-1.22559 5.71716 -1.17687
-0.0251003 -0.0156284 -0.0136466
95
1
-1.17499 5.74743 -1.14666
-0.0236247 -0.0168234 -0.0170164
96
1
-1.12496 5.78155 -1.10758
-0.0241156 -0.0192913 -0.0225919
97
1
-1.07543 5.81666 -1.05748
-0.0247369 -0.0184215 -0.0298295
98
1
-1.02667 5.84938 -0.994351
-0.0241759 -0.0146475 -0.0351346
99
1
-0.980007 5.87637 -0.916306
-0.022015 -0.0106921 -0.0431201
100
1
-0.938688 5.89538 -0.8239
-0.0193931 -0.00553406 -0.0510091
101
1
-0.905942 5.90627 -0.712922
-0.0120068 -0.00201458 -0.059475
102
1
-0.882205 5.90895 -0.58214
-0.00829064 -0.000309194 -0.0737587
103
1
-0.858716 5.90658 -0.422135
-0.00523231 0.0045401 -0.0776029
104
1
-0.845289 5.89064 -0.203099
-0.00792321 0.0123185 -0.07635
105
1
-0.628764 5.77657 -0.0610844
-0.0297343 -0.00116983 0.0194172
106
1
-0.0527959 7.34979 -0.484911
-0.00109246 0.0221318 0.074705
107
1
0.0527959 7.34979 -0.484911
-0.00109246 -0.0221318 -0.074705
108
1
0.628764 5.77657 -0.0610844
-0.0297343 0.00116983 -0.0194172
109
1
0.845289 5.89064 -0.203099
-0.00792321 -0.0123185 0.07635
110
1
0.858716 5.90658 -0.422135
-0.00523231 -0.0045401 0.0776029
111
1
0.882205 5.90895 -0.58214
-0.00829064 0.000309194 0.0737587
112
1
0.905942 5.90627 -0.712922
-0.0120068 0.00201458 0.059475
113
1
0.938688 5.89538 -0.8239
-0.0193931 0.00553406 0.0510091
114
1
0.980007 5.87637 -0.916306
-0.022015 0.0106921 0.0431201
115
1
1.02667 5.84938 -0.994351
-0.0241759 0.0146475 0.0351346
116
1
1.07543 5.81666 -1.05748
-0.0247369 0.0184215 0.0298295
117
1
1.12496 5.78155 -1.10758
-0.0241156 0.0192913 0.0225919
118
1
1.17499 5.74743 -1.14666
-0.0236247 0.0168234 0.0170164
119
1
1.22559 5.71716 -1.17687
-0.0251003 0.0156284 0.0136466
120
1
1.27774 5.69079 -1.20078
-0.0250374 0.0130074 0.0106397
121
1
1.33093 5.6693 -1.21896
-0.0259141 0.0103365 0.00816223
122
1
1.38465 5.65279 -1.23222
-0.0270846 0.00800325 0.00532569
123
1
1.43873 5.64035 -1.24127
-0.0264538 0.00473372 0.00241433
124
1
1.49267 5.63091 -1.24604
-0.0268145 0.00240053 0.000311559
125
1
1.5468 5.6233 -1.2464
-0.0276217 0.00149928 -0.00124725
126
1
1.60121 5.61766 -1.24188
-0.0271179 0.000842427 -0.00376525
127
1
1.65528 5.61427 -1.2323
-0.0267417 0.000156443 -0.00632599
128
1
1.70889 5.61298 -1.21878
-0.026822 -0.000695428 -0.00761957
129
1
1.76219 5.61374 -1.20244
-0.0265239 -0.00154952 -0.0087341
130
1
1.81511 5.61593 -1.18387
-0.0262693 -0.0017163 -0.0102095
131
1
1.86758 5.61875 -1.16368
-0.0262528 -0.0017773 -0.0107237
132
1
1.91953 5.62158 -1.14237
-0.0257646 -0.0021265 -0.0107086
133
1
1.97069 5.62472 -1.11971
-0.0248109 -0.00195223 -0.0111748
134
1
2.02112 5.62835 -1.09481
-0.0244477 -0.0016163 -0.0120634
135
1
2.07142 5.63257 -1.0672
-0.0249846 -0.0021196 -0.0134361
136
1
2.12181 5.6377 -1.03711
-0.0253172 -0.00293991 -0.0153042
137
1
2.17156 5.6437 -1.0046
-0.0249008 -0.00293788 -0.0173866
138
1
2.21993 5.64998 -0.969465
-0.0241027 -0.0027595 -0.019202
139
1
2.26698 5.65641 -0.931713
-0.0231405 -0.00319825 -0.0205685
140
1
2.31292 5.66242 -0.891125
-0.0224911 -0.00331711 -0.0218755
141
1
2.35782 5.66827 -0.847295
-0.0222938 -0.00285723 -0.0235265
142
1
2.40157 5.67481 -0.799564
-0.0219531 -0.00324282 -0.0254545
143
1
2.44388 5.68242 -0.74816
-0.0211761 -0.00444346 -0.0273156
144
1
2.48388 5.69106 -0.693632
-0.0201231 -0.0052353 -0.0289561
145
1
2.52072 5.70055 -0.636324
-0.0183424 -0.00574246 -0.0307067
146
1
2.55402 5.71013 -0.576687
-0.0162638 -0.00571155 -0.0323408
147
1
2.58342 5.71893 -0.515256
-0.0146127 -0.00451115 -0.0328485
148
1
2.60943 5.72622 -0.452743
-0.0132449 -0.0028116 -0.0328383
149
1
2.63246 5.7315 -0.389362
-0.011632 -0.0016186 -0.032795
150
1
2.65248 5.73476 -0.325355
-0.00960076 -0.000776616 -0.0328987
151
1
2.66934 5.73601 -0.260877
-0.00752112 0.000297695 -0.0332947
152
1
2.68271 5.73584 -0.195894
-0.00604094 0.00119245 -0.03378
153
1
2.6927 5.73489 -0.130678
-0.00487826 0.00134246 -0.0337964
154
1
2.69891 5.73392 -0.0653089
-0.00293671 0.000767107 -0.0332589
155
1
2.7011 5.73366 -2.27666e-014
-8.55772e-016 -9.89073e-017 -0.0328969
156
1
2.69891 5.73392 0.0653089
0.00293671 -0.000767107 -0.0332589
157
1
2.6927 5.73489 0.130678
0.00487826 -0.00134246 -0.0337964
158
1
2.68271 5.73584 0.195894
0.00604094 -0.00119245 -0.03378
159
1
2.66934 5.73601 0.260877
0.00752112 -0.000297695 -0.0332947
160
1
2.65248 5.73476 0.325355
0.00960076 0.000776616 -0.0328987
161
1
2.63246 5.7315 0.389362
0.011632 0.0016186 -0.032795
162
1
2.60943 5.72622 0.452743
0.0132449 0.0028116 -0.0328383
163
1
2.58342 5.71893 0.515256
0.0146127 0.00451115 -0.0328485
164
1
2.55402 5.71013 0.576687
0.0162638 0.00571155 -0.0323408
165
1
2.52072 5.70055 0.636324
0.0183424 0.00574246 -0.0307067
166
1
2.48388 5.69106 0.693632
0.0201231 0.0052353 -0.0289561
167
1
2.44388 5.68242 0.74816
0.0211761 0.00444346 -0.0273156
168
1
2.40157 5.67481 0.799564
0.0219531 0.00324282 -0.0254545
169
1
2.35782 5.66827 0.847295
0.0222938 0.00285723 -0.0235265
170
1
2.31292 5.66242 0.891125
0.0224911 0.00331711 -0.0218755
171
1
2.26698 5.65641 0.931713
0.0231405 0.00319825 -0.0205685
172
1
2.21993 5.64998 0.969465
0.0241027 0.0027595 -0.019202
173
1
2.17156 5.6437 1.0046
0.0249008 0.00293788 -0.0173866
174
1
2.12181 5.6377 1.03711
0.0253172 0.00293991 -0.0153042
175
1
2.07142 5.63257 1.0672
0.0249846 0.0021196 -0.0134361
176
1
2.02112 5.62835 1.09481
0.0244477 0.0016163 -0.0120634
177
1
1.97069 5.62472 1.11971
0.0248109 0.00195223 -0.0111748
178
1
1.91953 5.62158 1.14237
0.0257646 0.0021265 -0.0107086
179
1
1.86758 5.61875 1.16368
0.0262528 0.0017773 -0.0107237
180
1
1.81511 5.61593 1.18387
0.0262693 0.0017163 -0.0102095
181
1
1.76219 5.61374 1.20244
0.0265239 0.00154952 -0.0087341
182
1
1.70889 5.61298 1.21878
0.026822 0.000695428 -0.00761957
183
1
1.65528 5.61427 1.2323
0.0267417 -0.000156443 -0.00632599
184
1
1.60121 5.61766 1.24188
0.0271179 -0.000842427 -0.00376525
185
1
1.5468 5.6233 1.2464
0.0276217 -0.00149928 -0.00124725
186
1
1.49267 5.63091 1.24604
0.0268145 -0.00240053 0.000311559
187
1
1.43873 5.64035 1.24127
0.0264538 -0.00473372 0.00241433
188
1
1.38465 5.65279 1.23222
0.0270846 -0.00800325 0.00532569
189
1
1.33093 5.6693 1.21896
0.0259141 -0.0103365 0.00816223
190
1
1.27774 5.69079 1.20078
0.0250374 -0.0130074 0.0106397
191
1
1.22559 5.71716 1.17687
0.0251003 -0.0156284 0.0136466
192
1
1.17499 5.74743 1.14666
0.0236247 -0.0168234 0.0170164
193
1
1.12496 5.78155 1.10758
0.0241156 -0.0192913 0.0225919
