194
0
1
0.689661 10.068 1.17807
0.00564906 0.0496266 -0.015674
1
1
0.672974 9.98178 1.20792
0.00848653 0.0381605 -0.0133732
2
1
0.639423 9.89431 1.23014
0.021379 0.0434473 -0.00830168
3
1
0.582068 9.80202 1.24605
0.0396918 0.0506889 -0.00554864
4
1
0.506437 9.72208 1.26055
0.0436962 0.0333795 -0.00870752
5
1
0.412494 9.66021 1.27708
0.0478011 0.0219861 -0.00869717
6
1
0.292367 9.60868 1.26824
0.0592682 0.0121645 0.014552
7
1
0.131388 9.54374 1.19865
0.0379724 0.0244034 0.0410941
8
1
0.139752 6.5843 0.0596918
-0.0461631 0.0133695 -0.008007
9
1
0.788736 12.3884 0.0640307
-0.00892866 0.0652787 0.00814301
10
1
-0.788736 12.3884 0.0640408
-0.00892906 -0.0652787 -0.00814102
11
1
-0.139734 6.58426 0.0595571
-0.0461517 -0.0133621 0.00801321
12
1
-0.131387 9.54374 1.19865
0.0379724 -0.0244034 -0.0410941
13
1
-0.292367 9.60868 1.26824
0.0592682 -0.0121645 -0.014552
14
1
-0.412494 9.66021 1.27708
0.0478011 -0.0219862 0.00869719
15
1
-0.506437 9.72208 1.26055
0.0436962 -0.0333795 0.00870753
16
1
-0.582068 9.80202 1.24605
0.0396918 -0.050689 0.00554863
17
1
-0.639423 9.89431 1.23014
0.021379 -0.0434473 0.00830167
18
1
-0.672974 9.98178 1.20792
0.00848654 -0.0381605 0.0133732
19
1
-0.689661 10.068 1.17807
0.00564906 -0.0496266 0.015674
20
1
-0.696252 10.1504 1.14039
-0.00145821 -0.0421841 0.0218819
21
1
-0.698238 10.2273 1.09411
-0.000746661 -0.0305111 0.0226447
22
1
-0.699727 10.3002 1.04802
0.00261527 -0.0381817 0.0277343
23
1
-0.699544 10.3725 1.00652
-0.000927747 -0.0360722 0.0230936
24
1
-0.694961 10.4377 0.973148
-0.00548671 -0.0245263 0.0114679
25
1
-0.68743 10.4955 0.946112
-0.00544543 -0.0266585 0.0114717
26
1
-0.678534 10.5509 0.923114
-0.00333214 -0.0281449 0.0116006
27
1
-0.669792 10.6052 0.905277
-0.00326237 -0.0258275 0.00723367
28
1
-0.662399 10.6592 0.893687
-0.00469494 -0.0247176 0.00256322
29
1
-0.656425 10.7134 0.88599
-0.00571748 -0.0262355 0.0017298
30
1
-0.651654 10.7655 0.880649
-0.00401924 -0.0240872 -0.000189666
31
1
-0.648783 10.8162 0.877218
-0.0018012 -0.0231934 0.000244533
32
1
-0.64974 10.8663 0.873792
-0.00122223 -0.0255337 0.00230498
33
1
-0.654952 10.9142 0.86918
0.000270997 -0.0264171 0.0020875
34
1
-0.664427 10.959 0.862727
0.00522764 -0.0240672 0.00228652
35
1
-0.67841 11.0019 0.8554
0.00896977 -0.0206676 0.00379644
36
1
-0.69672 11.0415 0.847112
0.0100664 -0.018049 0.00271314
37
1
-0.719444 11.0778 0.839251
0.0137144 -0.0172478 0.00185856
38
1
-0.746806 11.1116 0.830353
0.0166948 -0.0149994 0.00394497
39
1
-0.777386 11.1423 0.818714
0.01479 -0.0113025 0.0059998
40
1
-0.809162 11.1699 0.804336
0.0155414 -0.0107302 0.0077316
41
1
-0.84268 11.1959 0.787331
0.019797 -0.0114664 0.0103048
42
1
-0.878247 11.2204 0.766571
0.0194462 -0.0103689 0.0109631
43
1
-0.914964 11.2431 0.743158
0.0173028 -0.00988755 0.0104893
44
1
-0.952368 11.2648 0.716773
0.019693 -0.0113525 0.0127936
45
1
-0.991113 11.2869 0.686329
0.0224743 -0.0119686 0.0183754
46
1
-1.03039 11.309 0.650784
0.0190329 -0.0107066 0.0200791
47
1
-1.0675 11.3317 0.610716
0.016964 -0.0111477 0.0207641
48
1
-1.10267 11.3545 0.565086
0.0178615 -0.0123055 0.0278439
49
1
-1.13493 11.3763 0.515835
0.0160291 -0.0102188 0.0296506
50
1
-1.16454 11.3959 0.464274
0.0142563 -0.00793437 0.0262892
51
1
-1.19225 11.4151 0.409485
0.0149842 -0.0095111 0.0286813
52
1
-1.2177 11.4347 0.352693
0.0142487 -0.0119607 0.0317946
53
1
-1.24088 11.4536 0.294312
0.0132379 -0.0107736 0.0330876
54
1
-1.26083 11.4706 0.235049
0.0118199 -0.00984034 0.0331594
55
1
-1.27671 11.4852 0.175383
0.00708551 -0.00845716 0.032272
56
1
-1.28822 11.4964 0.116707
0.00488483 -0.00582704 0.0308163
57
1
-1.29542 11.5034 0.057585
0.00270773 -0.00220292 0.029285
58
1
-1.29794 11.5055 -4.43349e-008
3.21846e-009 7.02576e-010 0.0287639
59
1
-1.29542 11.5034 -0.0575851
-0.00270773 0.00220292 0.029285
60
1
-1.28822 11.4964 -0.116707
-0.00488482 0.00582704 0.0308163
61
1
-1.27671 11.4852 -0.175384
-0.00708551 0.00845716 0.032272
62
1
-1.26083 11.4706 -0.235049
-0.0118199 0.00984034 0.0331594
63
1
-1.24088 11.4536 -0.294313
-0.0132379 0.0107736 0.0330876
64
1
-1.2177 11.4347 -0.352694
-0.0142487 0.0119607 0.0317946
65
1
-1.19225 11.4151 -0.409485
-0.0149842 0.00951111 0.0286813
66
1
-1.16454 11.3959 -0.464274
-0.0142563 0.00793437 0.0262892
67
1
-1.13493 11.3763 -0.515836
-0.0160291 0.0102189 0.0296506
68
1
-1.10267 11.3545 -0.565086
-0.0178615 0.0123055 0.0278439
69
1
-1.0675 11.3317 -0.610716
-0.016964 0.0111477 0.0207641
70
1
-1.03039 11.309 -0.650784
-0.0190329 0.0107066 0.0200791
71
1
-0.991113 11.2869 -0.686329
-0.0224743 0.0119686 0.0183755
72
1
-0.952368 11.2648 -0.716773
-0.019693 0.0113525 0.0127936
73
1
-0.914964 11.2431 -0.743159
-0.0173028 0.00988755 0.0104893
74
1
-0.878247 11.2204 -0.766571
-0.0194462 0.0103689 0.0109631
75
1
-0.84268 11.1959 -0.787331
-0.019797 0.0114664 0.0103048
76
1
-0.809162 11.1699 -0.804336
-0.0155414 0.0107302 0.00773161
77
1
-0.777386 11.1423 -0.818714
-0.01479 0.0113025 0.0059998
78
1
-0.746807 11.1116 -0.830354
-0.0166948 0.0149994 0.00394497
79
1
-0.719444 11.0778 -0.839251
-0.0137144 0.0172478 0.00185856
80
1
-0.69672 11.0415 -0.847112
-0.0100664 0.018049 0.00271315
81
1
-0.678411 11.0019 -0.8554
-0.00896977 0.0206676 0.00379644
82
1
-0.664427 10.959 -0.862727
-0.00522764 0.0240672 0.00228652
83
1
-0.654953 10.9142 -0.869181
-0.000270998 0.0264171 0.0020875
84
1
-0.64974 10.8663 -0.873792
0.00122223 0.0255337 0.00230497
85
1
-0.648783 10.8162 -0.877218
0.0018012 0.0231934 0.000244528
86
1
-0.651654 10.7655 -0.880649
0.00401924 0.0240872 -0.000189672
87
1
-0.656425 10.7134 -0.88599
0.00571748 0.0262355 0.00172979
88
1
-0.662399 10.6592 -0.893687
0.00469495 0.0247176 0.00256321
89
1
-0.669792 10.6052 -0.905277
0.00326237 0.0258275 0.00723367
90
1
-0.678535 10.5509 -0.923114
0.00333215 0.0281449 0.0116006
91
1
-0.68743 10.4955 -0.946112
0.00544544 0.0266585 0.0114717
92
1
-0.694961 10.4377 -0.973148
0.00548671 0.0245263 0.0114679
93
1
-0.699544 10.3725 -1.00652
0.000927758 0.0360722 0.0230936
94
1
-0.699727 10.3002 -1.04802
-0.00261526 0.0381817 0.0277343
95
1
-0.698238 10.2273 -1.09411
0.000746672 0.0305111 0.0226447
96
1
-0.696252 10.1504 -1.14039
0.00145822 0.0421841 0.0218819
97
1
-0.689661 10.068 -1.17807
-0.00564906 0.0496266 0.015674
98
1
-0.672974 9.98178 -1.20792
-0.00848653 0.0381605 0.0133732
99
1
-0.639423 9.89431 -1.23014
-0.021379 0.0434473 0.00830168
100
1
-0.582068 9.80202 -1.24605
-0.0396918 0.0506889 0.00554864
101
1
-0.506437 9.72208 -1.26055
-0.0436962 0.0333795 0.00870752
102
1
-0.412494 9.66021 -1.27708
-0.0478011 0.0219861 0.00869717
103
1
-0.292367 9.60868 -1.26824
-0.0592682 0.0121645 -0.014552
104
1
-0.131388 9.54374 -1.19865
-0.0379724 0.0244034 -0.0410941
105
1
-0.139751 6.5843 -0.0596875
0.0461629 0.0133694 0.00800739
106
1
-0.788736 12.3884 -0.0640307
0.00892866 0.0652787 -0.00814301
107
1
0.788736 12.3884 -0.0640408
0.00892906 -0.0652787 0.00814102
108
1
0.139733 6.58426 -0.0595527
0.0461515 -0.013362 -0.00801359
109
1
0.131387 9.54374 -1.19865
-0.0379724 -0.0244034 0.0410941
110
1
0.292367 9.60868 -1.26824
-0.0592682 -0.0121645 0.014552
111
1
0.412494 9.66021 -1.27708
-0.0478011 -0.0219862 -0.00869719
112
1
0.506437 9.72208 -1.26055
-0.0436962 -0.0333795 -0.00870753
113
1
0.582068 9.80202 -1.24605
-0.0396918 -0.050689 -0.00554863
114
1
0.639423 9.89431 -1.23014
-0.021379 -0.0434473 -0.00830167
115
1
0.672974 9.98178 -1.20792
-0.00848654 -0.0381605 -0.0133732
116
1
0.689661 10.068 -1.17807
-0.00564906 -0.0496266 -0.015674
117
1
0.696252 10.1504 -1.14039
0.00145821 -0.0421841 -0.0218819
118
1
0.698238 10.2273 -1.09411
0.000746662 -0.0305111 -0.0226447
119
1
0.699727 10.3002 -1.04802
-0.00261527 -0.0381817 -0.0277343
120
1
0.699544 10.3725 -1.00652
0.000927747 -0.0360722 -0.0230936
121
1
0.694961 10.4377 -0.973148
0.00548671 -0.0245263 -0.0114679
122
1
0.68743 10.4955 -0.946112
0.00544543 -0.0266585 -0.0114717
123
1
0.678534 10.5509 -0.923114
0.00333214 -0.0281449 -0.0116006
124
1
0.669792 10.6052 -0.905277
0.00326237 -0.0258275 -0.00723367
125
1
0.662399 10.6592 -0.893687
0.00469494 -0.0247176 -0.00256322
126
1
0.656425 10.7134 -0.88599
0.00571748 -0.0262355 -0.0017298
127
1
0.651654 10.7655 -0.880649
0.00401924 -0.0240872 0.000189666
128
1
0.648783 10.8162 -0.877218
0.0018012 -0.0231934 -0.000244533
129
1
0.64974 10.8663 -0.873792
0.00122223 -0.0255337 -0.00230498
130
1
0.654952 10.9142 -0.86918
-0.000270997 -0.0264171 -0.0020875
131
1
0.664427 10.959 -0.862727
-0.00522764 -0.0240672 -0.00228652
132
1
0.67841 11.0019 -0.8554
-0.00896977 -0.0206676 -0.00379644
133
1
0.69672 11.0415 -0.847112
-0.0100664 -0.018049 -0.00271314
134
1
0.719444 11.0778 -0.839251
-0.0137144 -0.0172478 -0.00185856
135
1
0.746806 11.1116 -0.830353
-0.0166948 -0.0149994 -0.00394497
136
1
0.777386 11.1423 -0.818714
-0.01479 -0.0113025 -0.0059998
137
1
0.809162 11.1699 -0.804336
-0.0155414 -0.0107302 -0.0077316
138
1
0.84268 11.1959 -0.787331
-0.019797 -0.0114664 -0.0103048
139
1
0.878247 11.2204 -0.766571
-0.0194462 -0.0103689 -0.0109631
140
1
0.914964 11.2431 -0.743158
-0.0173028 -0.00988755 -0.0104893
141
1
0.952368 11.2648 -0.716773
-0.019693 -0.0113525 -0.0127936
142
1
0.991113 11.2869 -0.686329
-0.0224743 -0.0119686 -0.0183754
143
1
1.03039 11.309 -0.650784
-0.0190329 -0.0107066 -0.0200791
144
1
1.0675 11.3317 -0.610716
-0.016964 -0.0111477 -0.0207641
145
1
1.10267 11.3545 -0.565086
-0.0178615 -0.0123055 -0.0278439
146
1
1.13493 11.3763 -0.515835
-0.0160291 -0.0102188 -0.0296506
147
1
1.16454 11.3959 -0.464274
-0.0142563 -0.00793437 -0.0262892
148
1
1.19225 11.4151 -0.409485
-0.0149842 -0.0095111 -0.0286813
149
1
1.2177 11.4347 -0.352693
-0.0142487 -0.0119607 -0.0317946
150
1
1.24088 11.4536 -0.294312
-0.0132379 -0.0107736 -0.0330876
151
1
1.26083 11.4706 -0.235049
-0.0118199 -0.00984034 -0.0331594
152
1
1.27671 11.4852 -0.175383
-0.00708551 -0.00845716 -0.032272
153
1
1.28822 11.4964 -0.116707
-0.00488483 -0.00582704 -0.0308163
154
1
1.29542 11.5034 -0.057585
-0.00270773 -0.00220292 -0.029285
155
1
1.29794 11.5055 4.93073e-008
-3.31853e-009 7.99562e-010 -0.0287639
156
1
1.29542 11.5034 0.0575851
0.00270773 0.00220292 -0.029285
157
1
1.28822 11.4964 0.116707
0.00488482 0.00582704 -0.0308163
158
1
1.27671 11.4852 0.175384
0.00708551 0.00845716 -0.032272
159
1
1.26083 11.4706 0.235049
0.0118199 0.00984034 -0.0331594
160
1
1.24088 11.4536 0.294313
0.0132379 0.0107736 -0.0330876
161
1
1.2177 11.4347 0.352694
0.0142487 0.0119607 -0.0317946
162
1
1.19225 11.4151 0.409485
0.0149842 0.00951111 -0.0286813
163
1
1.16454 11.3959 0.464274
0.0142563 0.00793437 -0.0262892
164
1
1.13493 11.3763 0.515836
0.0160291 0.0102189 -0.0296506
165
1
1.10267 11.3545 0.565086
0.0178615 0.0123055 -0.0278439
166
1
1.0675 11.3317 0.610716
0.016964 0.0111477 -0.0207641
167
1
1.03039 11.309 0.650784
0.0190329 0.0107066 -0.0200791
168
1
0.991113 11.2869 0.686329
0.0224743 0.0119686 -0.0183755
169
1
0.952368 11.2648 0.716773
0.019693 0.0113525 -0.0127936
170
1
0.914964 11.2431 0.743159
0.0173028 0.00988755 -0.0104893
171
1
0.878247 11.2204 0.766571
0.0194462 0.0103689 -0.0109631
172
1
0.84268 11.1959 0.787331
0.019797 0.0114664 -0.0103048
173
1
0.809162 11.1699 0.804336
0.0155414 0.0107302 -0.00773161
174
1
0.777386 11.1423 0.818714
0.01479 0.0113025 -0.0059998
175
1
0.746807 11.1116 0.830354
0.0166948 0.0149994 -0.00394497
176
1
0.719444 11.0778 0.839251
0.0137144 0.0172478 -0.00185856
177
1
0.69672 11.0415 0.847112
0.0100664 0.018049 -0.00271315
178
1
0.678411 11.0019 0.8554
0.00896977 0.0206676 -0.00379644
179
1
0.664427 10.959 0.862727
0.00522764 0.0240672 -0.00228652
180
1
0.654953 10.9142 0.869181
0.000270998 0.0264171 -0.0020875
181
1
0.64974 10.8663 0.873792
-0.00122223 0.0255337 -0.00230497
182
1
0.648783 10.8162 0.877218
-0.0018012 0.0231934 -0.000244527
183
1
0.651654 10.7655 0.880649
-0.00401924 0.0240872 0.000189672
184
1
0.656425 10.7134 0.88599
-0.00571748 0.0262355 -0.00172979
185
1
0.662399 10.6592 0.893687
-0.00469495 0.0247176 -0.00256321
186
1
0.669792 10.6052 0.905277
-0.00326237 0.0258275 -0.00723367
187
1
0.678535 10.5509 0.923114
-0.00333215 0.0281449 -0.0116006
188
1
0.68743 10.4955 0.946112
-0.00544544 0.0266585 -0.0114717
189
1
0.694961 10.4377 0.973148
-0.00548671 0.0245263 -0.0114679
190
1
0.699544 10.3725 1.00652
-0.000927757 0.0360722 -0.0230936
191
1
0.699727 10.3002 1.04802
0.00261526 0.0381817 -0.0277343
192
1
0.698238 10.2273 1.09411
-0.000746671 0.0305111 -0.0226447
193
1
0.696252 10.1504 1.14039
-0.00145822 0.0421841 -0.0218819
