194
0
1
0.829144 2.2404 1.81741
0.0302305 -0.0240187 -0.0213314
1
1
0.767218 2.28579 1.85815
0.0337322 -0.022325 -0.0205353
2
1
0.697617 2.32858 1.89774
0.0371432 -0.0200026 -0.0195219
3
1
0.62066 2.36741 1.9352
0.0405919 -0.0181854 -0.0188382
4
1
0.537164 2.40253 1.96958
0.0429054 -0.0165769 -0.0163727
5
1
0.447945 2.43395 1.99876
0.0451741 -0.0150878 -0.0135998
6
1
0.353979 2.46149 2.02177
0.0476165 -0.0131085 -0.0101818
7
1
0.256005 2.48419 2.03839
0.0497513 -0.00968867 -0.00694142
8
1
0.154792 2.50002 2.04908
0.0511119 -0.00593352 -0.00464712
9
1
0.0517629 2.50785 2.05444
0.0517463 -0.00210356 -0.00177098
10
1
-0.0517629 2.50785 2.05444
0.0517463 0.00210356 0.00177098
11
1
-0.154792 2.50002 2.04908
0.0511119 0.00593352 0.00464712
12
1
-0.256005 2.48419 2.03839
0.0497513 0.00968867 0.00694142
13
1
-0.353979 2.46149 2.02177
0.0476165 0.0131085 0.0101818
14
1
-0.447945 2.43395 1.99876
0.0451741 0.0150878 0.0135998
15
1
-0.537164 2.40253 1.96958
0.0429054 0.0165769 0.0163727
16
1
-0.62066 2.36741 1.9352
0.0405919 0.0181854 0.0188382
17
1
-0.697617 2.32858 1.89774
0.0371432 0.0200026 0.0195219
18
1
-0.767218 2.28579 1.85815
0.0337322 0.022325 0.0205353
19
1
-0.829144 2.2404 1.81741
0.0302305 0.0240187 0.0213314
20
1
-0.883511 2.19401 1.77608
0.0257037 0.0240591 0.0211136
21
1
-0.931078 2.14776 1.73394
0.0222441 0.0232905 0.0217621
22
1
-0.97249 2.10208 1.6914
0.0192797 0.0224911 0.0218322
23
1
-1.0086 2.05703 1.6487
0.0167653 0.0220351 0.0216789
24
1
-1.03918 2.01237 1.60612
0.0139388 0.0218831 0.0214685
25
1
-1.06428 1.96746 1.56433
0.0114446 0.0221673 0.0210854
26
1
-1.08482 1.92243 1.52339
0.00879504 0.0226851 0.0201416
27
1
-1.10044 1.87772 1.48268
0.00613347 0.0230633 0.0192646
28
1
-1.11099 1.83356 1.44201
0.00392999 0.0228424 0.0192913
29
1
-1.11674 1.79056 1.40082
0.00153777 0.0219507 0.0199307
30
1
-1.1175 1.74942 1.35853
-0.00138939 0.0208162 0.020571
31
1
-1.11293 1.71034 1.31512
-0.00403646 0.0197567 0.0211153
32
1
-1.10351 1.67298 1.27106
-0.0057801 0.0186976 0.0217742
33
1
-1.09067 1.63722 1.22637
-0.00690176 0.0174546 0.0226487
34
1
-1.07543 1.60339 1.18065
-0.00787774 0.0161141 0.0235559
35
1
-1.05797 1.57179 1.13378
-0.008856 0.0149204 0.0242472
36
1
-1.03797 1.54222 1.08624
-0.00982549 0.013976 0.0246276
37
1
-1.01555 1.51397 1.03872
-0.0108537 0.0132023 0.0247302
38
1
-0.991245 1.48652 0.991511
-0.0120553 0.012474 0.0245891
39
1
-0.965603 1.46017 0.944362
-0.0134704 0.011717 0.0242318
40
1
-0.938574 1.43591 0.896905
-0.0150094 0.0108556 0.0237383
41
1
-0.90956 1.41493 0.849136
-0.0165089 0.00976085 0.023217
42
1
-0.877865 1.39798 0.801606
-0.0178188 0.00833336 0.0227266
43
1
-0.843307 1.38511 0.755005
-0.0188325 0.00656084 0.0223044
44
1
-0.806365 1.3759 0.709636
-0.0194969 0.0045066 0.0220101
45
1
-0.768052 1.3699 0.665132
-0.0197947 0.00230372 0.0219036
46
1
-0.729535 1.36693 0.620697
-0.0197146 0.000123112 0.0220061
47
1
-0.691847 1.36713 0.575594
-0.0192397 -0.00187542 0.0223013
48
1
-0.655778 1.37059 0.529422
-0.0183714 -0.0035749 0.0227544
49
1
-0.621887 1.37707 0.482071
-0.0171435 -0.00490382 0.0233354
50
1
-0.590601 1.38597 0.433514
-0.0156162 -0.0058229 0.0240218
51
1
-0.562281 1.39643 0.383685
-0.0138644 -0.00631679 0.0247877
52
1
-0.537249 1.40754 0.332489
-0.0119633 -0.0063867 0.0255946
53
1
-0.51579 1.41844 0.279862
-0.00997948 -0.00605037 0.0263938
54
1
-0.49811 1.42841 0.225843
-0.00796185 -0.00534118 0.0271332
55
1
-0.484331 1.43681 0.170578
-0.0059446 -0.00431025 0.0277651
56
1
-0.474496 1.44317 0.114307
-0.00394292 -0.00302182 0.0282484
57
1
-0.468606 1.44713 0.0573335
-0.00196432 -0.00155531 0.0285515
58
1
-0.466647 1.44848 -3.08904e-016
5.60442e-017 -6.10476e-017 0.0286549
59
1
-0.468606 1.44713 -0.0573335
0.00196432 0.00155531 0.0285515
60
1
-0.474496 1.44317 -0.114307
0.00394292 0.00302182 0.0282484
61
1
-0.484331 1.43681 -0.170578
0.0059446 0.00431025 0.0277651
62
1
-0.49811 1.42841 -0.225843
0.00796185 0.00534118 0.0271332
63
1
-0.51579 1.41844 -0.279862
0.00997948 0.00605037 0.0263938
64
1
-0.537249 1.40754 -0.332489
0.0119633 0.0063867 0.0255946
65
1
-0.562281 1.39643 -0.383685
0.0138644 0.00631679 0.0247877
66
1
-0.590601 1.38597 -0.433514
0.0156162 0.0058229 0.0240218
67
1
-0.621887 1.37707 -0.482071
0.0171435 0.00490382 0.0233354
68
1
-0.655778 1.37059 -0.529422
0.0183714 0.0035749 0.0227544
69
1
-0.691847 1.36713 -0.575594
0.0192397 0.00187542 0.0223013
70
1
-0.729535 1.36693 -0.620697
0.0197146 -0.000123112 0.0220061
71
1
-0.768052 1.3699 -0.665132
0.0197947 -0.00230372 0.0219036
72
1
-0.806365 1.3759 -0.709636
0.0194969 -0.0045066 0.0220101
73
1
-0.843307 1.38511 -0.755005
0.0188325 -0.00656084 0.0223044
74
1
-0.877865 1.39798 -0.801606
0.0178188 -0.00833336 0.0227266
75
1
-0.90956 1.41493 -0.849136
0.0165089 -0.00976085 0.023217
76
1
-0.938574 1.43591 -0.896905
0.0150094 -0.0108556 0.0237383
77
1
-0.965603 1.46017 -0.944362
0.0134704 -0.011717 0.0242318
78
1
-0.991245 1.48652 -0.991511
0.0120553 -0.012474 0.0245891
79
1
-1.01555 1.51397 -1.03872
0.0108537 -0.0132023 0.0247302
80
1
-1.03797 1.54222 -1.08624
0.00982549 -0.013976 0.0246276
81
1
-1.05797 1.57179 -1.13378
0.008856 -0.0149204 0.0242472
82
1
-1.07543 1.60339 -1.18065
0.00787774 -0.0161141 0.0235559
83
1
-1.09067 1.63722 -1.22637
0.00690176 -0.0174546 0.0226487
84
1
-1.10351 1.67298 -1.27106
0.0057801 -0.0186976 0.0217742
85
1
-1.11293 1.71034 -1.31512
0.00403646 -0.0197567 0.0211153
86
1
-1.1175 1.74942 -1.35853
0.00138939 -0.0208162 0.020571
87
1
-1.11674 1.79056 -1.40082
-0.00153777 -0.0219507 0.0199307
88
1
-1.11099 1.83356 -1.44201
-0.00392999 -0.0228424 0.0192913
89
1
-1.10044 1.87772 -1.48268
-0.00613347 -0.0230633 0.0192646
90
1
-1.08482 1.92243 -1.52339
-0.00879504 -0.0226851 0.0201416
91
1
-1.06428 1.96746 -1.56433
-0.0114446 -0.0221673 0.0210854
92
1
-1.03918 2.01237 -1.60612
-0.0139388 -0.0218831 0.0214685
93
1
-1.0086 2.05703 -1.6487
-0.0167653 -0.0220351 0.0216789
94
1
-0.97249 2.10208 -1.6914
-0.0192797 -0.0224911 0.0218322
95
1
-0.931078 2.14776 -1.73394
-0.0222441 -0.0232905 0.0217621
96
1
-0.883511 2.19401 -1.77608
-0.0257037 -0.0240591 0.0211136
97
1
-0.829144 2.2404 -1.81741
-0.0302305 -0.0240187 0.0213314
98
1
-0.767218 2.28579 -1.85815
-0.0337322 -0.022325 0.0205353
99
1
-0.697617 2.32858 -1.89774
-0.0371432 -0.0200026 0.0195219
100
1
-0.62066 2.36741 -1.9352
-0.0405919 -0.0181854 0.0188382
101
1
-0.537164 2.40253 -1.96958
-0.0429054 -0.0165769 0.0163727
102
1
-0.447945 2.43395 -1.99876
-0.0451741 -0.0150878 0.0135998
103
1
-0.353979 2.46149 -2.02177
-0.0476165 -0.0131085 0.0101818
104
1
-0.256005 2.48419 -2.03839
-0.0497513 -0.00968867 0.00694142
105
1
-0.154792 2.50002 -2.04908
-0.0511119 -0.00593352 0.00464712
106
1
-0.0517629 2.50785 -2.05444
-0.0517463 -0.00210356 0.00177098
107
1
0.0517629 2.50785 -2.05444
-0.0517463 0.00210356 -0.00177098
108
1
0.154792 2.50002 -2.04908
-0.0511119 0.00593352 -0.00464712
109
1
0.256005 2.48419 -2.03839
-0.0497513 0.00968867 -0.00694142
110
1
0.353979 2.46149 -2.02177
-0.0476165 0.0131085 -0.0101818
111
1
0.447945 2.43395 -1.99876
-0.0451741 0.0150878 -0.0135998
112
1
0.537164 2.40253 -1.96958
-0.0429054 0.0165769 -0.0163727
113
1
0.62066 2.36741 -1.9352
-0.0405919 0.0181854 -0.0188382
114
1
0.697617 2.32858 -1.89774
-0.0371432 0.0200026 -0.0195219
115
1
0.767218 2.28579 -1.85815
-0.0337322 0.022325 -0.0205353
116
1
0.829144 2.2404 -1.81741
-0.0302305 0.0240187 -0.0213314
117
1
0.883511 2.19401 -1.77608
-0.0257037 0.0240591 -0.0211136
118
1
0.931078 2.14776 -1.73394
-0.0222441 0.0232905 -0.0217621
119
1
0.97249 2.10208 -1.6914
-0.0192797 0.0224911 -0.0218322
120
1
1.0086 2.05703 -1.6487
-0.0167653 0.0220351 -0.0216789
121
1
1.03918 2.01237 -1.60612
-0.0139388 0.0218831 -0.0214685
122
1
1.06428 1.96746 -1.56433
-0.0114446 0.0221673 -0.0210854
123
1
1.08482 1.92243 -1.52339
-0.00879504 0.0226851 -0.0201416
124
1
1.10044 1.87772 -1.48268
-0.00613347 0.0230633 -0.0192646
125
1
1.11099 1.83356 -1.44201
-0.00392999 0.0228424 -0.0192913
126
1
1.11674 1.79056 -1.40082
-0.00153777 0.0219507 -0.0199307
127
1
1.1175 1.74942 -1.35853
0.00138939 0.0208162 -0.020571
128
1
1.11293 1.71034 -1.31512
0.00403646 0.0197567 -0.0211153
129
1
1.10351 1.67298 -1.27106
0.0057801 0.0186976 -0.0217742
130
1
1.09067 1.63722 -1.22637
0.00690176 0.0174546 -0.0226487
131
1
1.07543 1.60339 -1.18065
0.00787774 0.0161141 -0.0235559
132
1
1.05797 1.57179 -1.13378
0.008856 0.0149204 -0.0242472
133
1
1.03797 1.54222 -1.08624
0.00982549 0.013976 -0.0246276
134
1
1.01555 1.51397 -1.03872
0.0108537 0.0132023 -0.0247302
135
1
0.991245 1.48652 -0.991511
0.0120553 0.012474 -0.0245891
136
1
0.965603 1.46017 -0.944362
0.0134704 0.011717 -0.0242318
137
1
0.938574 1.43591 -0.896905
0.0150094 0.0108556 -0.0237383
138
1
0.90956 1.41493 -0.849136
0.0165089 0.00976085 -0.023217
139
1
0.877865 1.39798 -0.801606
0.0178188 0.00833336 -0.0227266
140
1
0.843307 1.38511 -0.755005
0.0188325 0.00656084 -0.0223044
141
1
0.806365 1.3759 -0.709636
0.0194969 0.0045066 -0.0220101
142
1
0.768052 1.3699 -0.665132
0.0197947 0.00230372 -0.0219036
143
1
0.729535 1.36693 -0.620697
0.0197146 0.000123112 -0.0220061
144
1
0.691847 1.36713 -0.575594
0.0192397 -0.00187542 -0.0223013
145
1
0.655778 1.37059 -0.529422
0.0183714 -0.0035749 -0.0227544
146
1
0.621887 1.37707 -0.482071
0.0171435 -0.00490382 -0.0233354
147
1
0.590601 1.38597 -0.433514
0.0156162 -0.0058229 -0.0240218
148
1
0.562281 1.39643 -0.383685
0.0138644 -0.00631679 -0.0247877
149
1
0.537249 1.40754 -0.332489
0.0119633 -0.0063867 -0.0255946
150
1
0.51579 1.41844 -0.279862
0.00997948 -0.00605037 -0.0263938
151
1
0.49811 1.42841 -0.225843
0.00796185 -0.00534118 -0.0271332
152
1
0.484331 1.43681 -0.170578
0.0059446 -0.00431025 -0.0277651
153
1
0.474496 1.44317 -0.114307
0.00394292 -0.00302182 -0.0282484
154
1
0.468606 1.44713 -0.0573335
0.00196432 -0.00155531 -0.0285515
155
1
0.466647 1.44848 -1.56298e-016
1.07613e-016 -1.82417e-017 -0.0286549
156
1
0.468606 1.44713 0.0573335
-0.00196432 0.00155531 -0.0285515
157
1
0.474496 1.44317 0.114307
-0.00394292 0.00302182 -0.0282484
158
1
0.484331 1.43681 0.170578
-0.0059446 0.00431025 -0.0277651
159
1
0.49811 1.42841 0.225843
-0.00796185 0.00534118 -0.0271332
160
1
0.51579 1.41844 0.279862
-0.00997948 0.00605037 -0.0263938
161
1
0.537249 1.40754 0.332489
-0.0119633 0.0063867 -0.0255946
162
1
0.562281 1.39643 0.383685
-0.0138644 0.00631679 -0.0247877
163
1
0.590601 1.38597 0.433514
-0.0156162 0.0058229 -0.0240218
164
1
0.621887 1.37707 0.482071
-0.0171435 0.00490382 -0.0233354
165
1
0.655778 1.37059 0.529422
-0.0183714 0.0035749 -0.0227544
166
1
0.691847 1.36713 0.575594
-0.0192397 0.00187542 -0.0223013
167
1
0.729535 1.36693 0.620697
-0.0197146 -0.000123112 -0.0220061
168
1
0.768052 1.3699 0.665132
-0.0197947 -0.00230372 -0.0219036
169
1
0.806365 1.3759 0.709636
-0.0194969 -0.0045066 -0.0220101
170
1
0.843307 1.38511 0.755005
-0.0188325 -0.00656084 -0.0223044
171
1
0.877865 1.39798 0.801606
-0.0178188 -0.00833336 -0.0227266
172
1
0.90956 1.41493 0.849136
-0.0165089 -0.00976085 -0.023217
173
1
0.938574 1.43591 0.896905
-0.0150094 -0.0108556 -0.0237383
174
1
0.965603 1.46017 0.944362
-0.0134704 -0.011717 -0.0242318
175
1
0.991245 1.48652 0.991511
-0.0120553 -0.012474 -0.0245891
176
1
1.01555 1.51397 1.03872
-0.0108537 -0.0132023 -0.0247302
177
1
1.03797 1.54222 1.08624
-0.00982549 -0.013976 -0.0246276
178
1
1.05797 1.57179 1.13378
-0.008856 -0.0149204 -0.0242472
179
1
1.07543 1.60339 1.18065
-0.00787774 -0.0161141 -0.0235559
180
1
1.09067 1.63722 1.22637
-0.00690176 -0.0174546 -0.0226487
181
1
1.10351 1.67298 1.27106
-0.0057801 -0.0186976 -0.0217742
182
1
1.11293 1.71034 1.31512
-0.00403646 -0.0197567 -0.0211153
183
1
1.1175 1.74942 1.35853
-0.00138939 -0.0208162 -0.020571
184
1
1.11674 1.79056 1.40082
0.00153777 -0.0219507 -0.0199307
185
1
1.11099 1.83356 1.44201
0.00392999 -0.0228424 -0.0192913
186
1
1.10044 1.87772 1.48268
0.00613347 -0.0230633 -0.0192646
187
1
1.08482 1.92243 1.52339
0.00879504 -0.0226851 -0.0201416
188
1
1.06428 1.96746 1.56433
0.0114446 -0.0221673 -0.0210854
189
1
1.03918 2.01237 1.60612
0.0139388 -0.0218831 -0.0214685
190
1
1.0086 2.05703 1.6487
0.0167653 -0.0220351 -0.0216789
191
1
0.97249 2.10208 1.6914
0.0192797 -0.0224911 -0.0218322
192
1
0.931078 2.14776 1.73394
0.0222441 -0.0232905 -0.0217621
193
1
0.883511 2.19401 1.77608
0.0257037 -0.0240591 -0.0211136
