194
0
1
0.899975 3.88694 0.572704
0.028418 -0.0344615 -0.00426251
1
1
0.839446 3.95313 0.58398
0.0310171 -0.033823 -0.00986996
2
1
0.771631 4.01805 0.604602
0.0351554 -0.0317535 -0.0136849
3
1
0.695235 4.07851 0.632335
0.0402904 -0.0283574 -0.0169648
4
1
0.609267 4.13211 0.664406
0.0449219 -0.0240449 -0.0174943
5
1
0.513627 4.17645 0.697138
0.0494867 -0.0185144 -0.0170668
6
1
0.409126 4.21086 0.726918
0.0539688 -0.0140614 -0.0143445
7
1
0.297338 4.23639 0.750661
0.0573897 -0.0100271 -0.0102804
8
1
0.180399 4.25375 0.767206
0.0593703 -0.00643492 -0.00621185
9
1
0.0604473 4.26283 0.775459
0.0604184 -0.00222386 -0.0018683
10
1
-0.0604473 4.26283 0.775459
0.0604184 0.00222386 0.0018683
11
1
-0.180399 4.25375 0.767206
0.0593703 0.00643492 0.00621185
12
1
-0.297338 4.23639 0.750661
0.0573897 0.0100271 0.0102804
13
1
-0.409126 4.21086 0.726918
0.0539688 0.0140614 0.0143445
14
1
-0.513627 4.17645 0.697138
0.0494867 0.0185144 0.0170668
15
1
-0.609267 4.13211 0.664406
0.0449219 0.0240449 0.0174943
16
1
-0.695235 4.07851 0.632335
0.0402904 0.0283574 0.0169648
17
1
-0.771631 4.01805 0.604602
0.0351554 0.0317535 0.0136849
18
1
-0.839446 3.95313 0.58398
0.0310171 0.033823 0.00986996
19
1
-0.899975 3.88694 0.572704
0.028418 0.0344615 0.00426251
20
1
-0.954671 3.82275 0.571079
0.0252076 0.0324358 -0.00138317
21
1
-1.00501 3.76219 0.578083
0.022953 0.0295066 -0.00541999
22
1
-1.05247 3.70638 0.59215
0.022327 0.0267868 -0.00977721
23
1
-1.09886 3.65493 0.6115
0.0213264 0.0237998 -0.0116789
24
1
-1.14534 3.60835 0.633732
0.0223009 0.0213825 -0.0126701
25
1
-1.19318 3.56644 0.656797
0.0241168 0.0191158 -0.0126527
26
1
-1.24286 3.52911 0.679125
0.0241175 0.0169782 -0.0116497
27
1
-1.29433 3.49583 0.698991
0.0250459 0.0154566 -0.0100696
28
1
-1.34741 3.46555 0.716203
0.0271172 0.014488 -0.00813559
29
1
-1.40202 3.43791 0.731065
0.027423 0.0133939 -0.00654428
30
1
-1.4576 3.41225 0.743517
0.0272712 0.012451 -0.00521601
31
1
-1.51365 3.38751 0.753794
0.0281384 0.0121142 -0.00368082
32
1
-1.56996 3.36323 0.76214
0.0286603 0.0118114 -0.00256351
33
1
-1.62629 3.33956 0.768587
0.0284866 0.0112758 -0.00206485
34
1
-1.68233 3.31644 0.772828
0.028272 0.0110002 -0.00155984
35
1
-1.7376 3.29363 0.774953
0.0275405 0.0108906 -0.000912444
36
1
-1.79186 3.27136 0.775304
0.026214 0.0106307 -0.000336817
37
1
-1.8456 3.25017 0.773945
0.0257119 0.0104098 0.000551385
38
1
-1.89954 3.23014 0.770323
0.0265504 0.010125 0.00195486
39
1
-1.95379 3.21161 0.763983
0.0274283 0.00911021 0.0031519
40
1
-2.00763 3.19538 0.754766
0.0273866 0.00729854 0.00418564
41
1
-2.06049 3.18228 0.742433
0.0266704 0.00548001 0.00624661
42
1
-2.11202 3.17202 0.726061
0.0257331 0.00436374 0.00917747
43
1
-2.1625 3.16391 0.70536
0.0249567 0.0039598 0.011822
44
1
-2.21201 3.15688 0.679839
0.0244806 0.00370456 0.0141238
45
1
-2.26079 3.15037 0.649471
0.0242744 0.00311058 0.0167934
46
1
-2.30856 3.1444 0.614316
0.0239147 0.00247445 0.0197047
47
1
-2.35463 3.13841 0.575038
0.0231225 0.00291034 0.0218778
48
1
-2.39825 3.13143 0.532481
0.0220196 0.00443461 0.0231495
49
1
-2.43867 3.12278 0.487358
0.0205101 0.00555956 0.0242621
50
1
-2.47533 3.11287 0.440335
0.0181931 0.00563517 0.0252292
51
1
-2.50787 3.10216 0.391532
0.0152917 0.00524142 0.0263386
52
1
-2.5359 3.09151 0.340278
0.0122348 0.0047558 0.027636
53
1
-2.55895 3.08221 0.286491
0.00937415 0.00405013 0.0288308
54
1
-2.57661 3.07483 0.230664
0.00692286 0.00317319 0.0296207
55
1
-2.58916 3.06945 0.173553
0.00487414 0.00237139 0.0299937
56
1
-2.59709 3.06563 0.115826
0.00303416 0.00166419 0.0299125
57
1
-2.60132 3.0634 0.0579033
0.00139966 0.000845866 0.0294797
58
1
-2.60267 3.06254 -1.54547e-015
-6.87539e-016 3.89603e-016 0.0292183
59
1
-2.60132 3.0634 -0.0579033
-0.00139966 -0.000845866 0.0294797
60
1
-2.59709 3.06563 -0.115826
-0.00303416 -0.00166419 0.0299125
61
1
-2.58916 3.06945 -0.173553
-0.00487414 -0.00237139 0.0299937
62
1
-2.57661 3.07483 -0.230664
-0.00692286 -0.00317319 0.0296207
63
1
-2.55895 3.08221 -0.286491
-0.00937415 -0.00405013 0.0288308
64
1
-2.5359 3.09151 -0.340278
-0.0122348 -0.0047558 0.027636
65
1
-2.50787 3.10216 -0.391532
-0.0152917 -0.00524142 0.0263386
66
1
-2.47533 3.11287 -0.440335
-0.0181931 -0.00563517 0.0252292
67
1
-2.43867 3.12278 -0.487358
-0.0205101 -0.00555956 0.0242621
68
1
-2.39825 3.13143 -0.532481
-0.0220196 -0.00443461 0.0231495
69
1
-2.35463 3.13841 -0.575038
-0.0231225 -0.00291034 0.0218778
70
1
-2.30856 3.1444 -0.614316
-0.0239147 -0.00247445 0.0197047
71
1
-2.26079 3.15037 -0.649471
-0.0242744 -0.00311058 0.0167934
72
1
-2.21201 3.15688 -0.679839
-0.0244806 -0.00370456 0.0141238
73
1
-2.1625 3.16391 -0.70536
-0.0249567 -0.0039598 0.011822
74
1
-2.11202 3.17202 -0.726061
-0.0257331 -0.00436374 0.00917747
75
1
-2.06049 3.18228 -0.742433
-0.0266704 -0.00548001 0.00624661
76
1
-2.00763 3.19538 -0.754766
-0.0273866 -0.00729854 0.00418564
77
1
-1.95379 3.21161 -0.763983
-0.0274283 -0.00911021 0.0031519
78
1
-1.89954 3.23014 -0.770323
-0.0265504 -0.010125 0.00195486
79
1
-1.8456 3.25017 -0.773945
-0.0257119 -0.0104098 0.000551385
80
1
-1.79186 3.27136 -0.775304
-0.026214 -0.0106307 -0.000336817
81
1
-1.7376 3.29363 -0.774953
-0.0275405 -0.0108906 -0.000912444
82
1
-1.68233 3.31644 -0.772828
-0.028272 -0.0110002 -0.00155984
83
1
-1.62629 3.33956 -0.768587
-0.0284866 -0.0112758 -0.00206485
84
1
-1.56996 3.36323 -0.76214
-0.0286603 -0.0118114 -0.00256351
85
1
-1.51365 3.38751 -0.753794
-0.0281384 -0.0121142 -0.00368082
86
1
-1.4576 3.41225 -0.743517
-0.0272712 -0.012451 -0.00521601
87
1
-1.40202 3.43791 -0.731065
-0.027423 -0.0133939 -0.00654428
88
1
-1.34741 3.46555 -0.716203
-0.0271172 -0.014488 -0.00813559
89
1
-1.29433 3.49583 -0.698991
-0.0250459 -0.0154566 -0.0100696
90
1
-1.24286 3.52911 -0.679125
-0.0241175 -0.0169782 -0.0116497
91
1
-1.19318 3.56644 -0.656797
-0.0241168 -0.0191158 -0.0126527
92
1
-1.14534 3.60835 -0.633732
-0.0223009 -0.0213825 -0.0126701
93
1
-1.09886 3.65493 -0.6115
-0.0213264 -0.0237998 -0.0116789
94
1
-1.05247 3.70638 -0.59215
-0.022327 -0.0267868 -0.00977721
95
1
-1.00501 3.76219 -0.578083
-0.022953 -0.0295066 -0.00541999
96
1
-0.954671 3.82275 -0.571079
-0.0252076 -0.0324358 -0.00138317
97
1
-0.899975 3.88694 -0.572704
-0.028418 -0.0344615 0.00426251
98
1
-0.839446 3.95313 -0.58398
-0.0310171 -0.033823 0.00986996
99
1
-0.771631 4.01805 -0.604602
-0.0351554 -0.0317535 0.0136849
100
1
-0.695235 4.07851 -0.632335
-0.0402904 -0.0283574 0.0169648
101
1
-0.609267 4.13211 -0.664406
-0.0449219 -0.0240449 0.0174943
102
1
-0.513627 4.17645 -0.697138
-0.0494867 -0.0185144 0.0170668
103
1
-0.409126 4.21086 -0.726918
-0.0539688 -0.0140614 0.0143445
104
1
-0.297338 4.23639 -0.750661
-0.0573897 -0.0100271 0.0102804
105
1
-0.180399 4.25375 -0.767206
-0.0593703 -0.00643492 0.00621185
106
1
-0.0604473 4.26283 -0.775459
-0.0604184 -0.00222386 0.0018683
107
1
0.0604473 4.26283 -0.775459
-0.0604184 0.00222386 -0.0018683
108
1
0.180399 4.25375 -0.767206
-0.0593703 0.00643492 -0.00621185
109
1
0.297338 4.23639 -0.750661
-0.0573897 0.0100271 -0.0102804
110
1
0.409126 4.21086 -0.726918
-0.0539688 0.0140614 -0.0143445
111
1
0.513627 4.17645 -0.697138
-0.0494867 0.0185144 -0.0170668
112
1
0.609267 4.13211 -0.664406
-0.0449219 0.0240449 -0.0174943
113
1
0.695235 4.07851 -0.632335
-0.0402904 0.0283574 -0.0169648
114
1
0.771631 4.01805 -0.604602
-0.0351554 0.0317535 -0.0136849
115
1
0.839446 3.95313 -0.58398
-0.0310171 0.033823 -0.00986996
116
1
0.899975 3.88694 -0.572704
-0.028418 0.0344615 -0.00426251
117
1
0.954671 3.82275 -0.571079
-0.0252076 0.0324358 0.00138317
118
1
1.00501 3.76219 -0.578083
-0.022953 0.0295066 0.00541999
119
1
1.05247 3.70638 -0.59215
-0.022327 0.0267868 0.00977721
120
1
1.09886 3.65493 -0.6115
-0.0213264 0.0237998 0.0116789
121
1
1.14534 3.60835 -0.633732
-0.0223009 0.0213825 0.0126701
122
1
1.19318 3.56644 -0.656797
-0.0241168 0.0191158 0.0126527
123
1
1.24286 3.52911 -0.679125
-0.0241175 0.0169782 0.0116497
124
1
1.29433 3.49583 -0.698991
-0.0250459 0.0154566 0.0100696
125
1
1.34741 3.46555 -0.716203
-0.0271172 0.014488 0.00813559
126
1
1.40202 3.43791 -0.731065
-0.027423 0.0133939 0.00654428
127
1
1.4576 3.41225 -0.743517
-0.0272712 0.012451 0.00521601
128
1
1.51365 3.38751 -0.753794
-0.0281384 0.0121142 0.00368082
129
1
1.56996 3.36323 -0.76214
-0.0286603 0.0118114 0.00256351
130
1
1.62629 3.33956 -0.768587
-0.0284866 0.0112758 0.00206485
131
1
1.68233 3.31644 -0.772828
-0.028272 0.0110002 0.00155984
132
1
1.7376 3.29363 -0.774953
-0.0275405 0.0108906 0.000912444
133
1
1.79186 3.27136 -0.775304
-0.026214 0.0106307 0.000336817
134
1
1.8456 3.25017 -0.773945
-0.0257119 0.0104098 -0.000551385
135
1
1.89954 3.23014 -0.770323
-0.0265504 0.010125 -0.00195486
136
1
1.95379 3.21161 -0.763983
-0.0274283 0.00911021 -0.0031519
137
1
2.00763 3.19538 -0.754766
-0.0273866 0.00729854 -0.00418564
138
1
2.06049 3.18228 -0.742433
-0.0266704 0.00548001 -0.00624661
139
1
2.11202 3.17202 -0.726061
-0.0257331 0.00436374 -0.00917747
140
1
2.1625 3.16391 -0.70536
-0.0249567 0.0039598 -0.011822
141
1
2.21201 3.15688 -0.679839
-0.0244806 0.00370456 -0.0141238
142
1
2.26079 3.15037 -0.649471
-0.0242744 0.00311058 -0.0167934
143
1
2.30856 3.1444 -0.614316
-0.0239147 0.00247445 -0.0197047
144
1
2.35463 3.13841 -0.575038
-0.0231225 0.00291034 -0.0218778
145
1
2.39825 3.13143 -0.532481
-0.0220196 0.00443461 -0.0231495
146
1
2.43867 3.12278 -0.487358
-0.0205101 0.00555956 -0.0242621
147
1
2.47533 3.11287 -0.440335
-0.0181931 0.00563517 -0.0252292
148
1
2.50787 3.10216 -0.391532
-0.0152917 0.00524142 -0.0263386
149
1
2.5359 3.09151 -0.340278
-0.0122348 0.0047558 -0.027636
150
1
2.55895 3.08221 -0.286491
-0.00937415 0.00405013 -0.0288308
151
1
2.57661 3.07483 -0.230664
-0.00692286 0.00317319 -0.0296207
152
1
2.58916 3.06945 -0.173553
-0.00487414 0.00237139 -0.0299937
153
1
2.59709 3.06563 -0.115826
-0.00303416 0.00166419 -0.0299125
154
1
2.60132 3.0634 -0.0579033
-0.00139966 0.000845866 -0.0294797
155
1
2.60267 3.06254 -4.09133e-015
-1.01462e-016 3.99076e-017 -0.0292183
156
1
2.60132 3.0634 0.0579033
0.00139966 -0.000845866 -0.0294797
157
1
2.59709 3.06563 0.115826
0.00303416 -0.00166419 -0.0299125
158
1
2.58916 3.06945 0.173553
0.00487414 -0.00237139 -0.0299937
159
1
2.57661 3.07483 0.230664
0.00692286 -0.00317319 -0.0296207
160
1
2.55895 3.08221 0.286491
0.00937415 -0.00405013 -0.0288308
161
1
2.5359 3.09151 0.340278
0.0122348 -0.0047558 -0.027636
162
1
2.50787 3.10216 0.391532
0.0152917 -0.00524142 -0.0263386
163
1
2.47533 3.11287 0.440335
0.0181931 -0.00563517 -0.0252292
164
1
2.43867 3.12278 0.487358
0.0205101 -0.00555956 -0.0242621
165
1
2.39825 3.13143 0.532481
0.0220196 -0.00443461 -0.0231495
166
1
2.35463 3.13841 0.575038
0.0231225 -0.00291034 -0.0218778
167
1
2.30856 3.1444 0.614316
0.0239147 -0.00247445 -0.0197047
168
1
2.26079 3.15037 0.649471
0.0242744 -0.00311058 -0.0167934
169
1
2.21201 3.15688 0.679839
0.0244806 -0.00370456 -0.0141238
170
1
2.1625 3.16391 0.70536
0.0249567 -0.0039598 -0.011822
171
1
2.11202 3.17202 0.726061
0.0257331 -0.00436374 -0.00917747
172
1
2.06049 3.18228 0.742433
0.0266704 -0.00548001 -0.00624661
173
1
2.00763 3.19538 0.754766
0.0273866 -0.00729854 -0.00418564
174
1
1.95379 3.21161 0.763983
0.0274283 -0.00911021 -0.0031519
175
1
1.89954 3.23014 0.770323
0.0265504 -0.010125 -0.00195486
176
1
1.8456 3.25017 0.773945
0.0257119 -0.0104098 -0.000551385
177
1
1.79186 3.27136 0.775304
0.026214 -0.0106307 0.000336817
178
1
1.7376 3.29363 0.774953
0.0275405 -0.0108906 0.000912444
179
1
1.68233 3.31644 0.772828
0.028272 -0.0110002 0.00155984
180
1
1.62629 3.33956 0.768587
0.0284866 -0.0112758 0.00206485
181
1
1.56996 3.36323 0.76214
0.0286603 -0.0118114 0.00256351
182
1
1.51365 3.38751 0.753794
0.0281384 -0.0121142 0.00368082
183
1
1.4576 3.41225 0.743517
0.0272712 -0.012451 0.00521601
184
1
1.40202 3.43791 0.731065
0.027423 -0.0133939 0.00654428
185
1
1.34741 3.46555 0.716203
0.0271172 -0.014488 0.00813559
186
1
1.29433 3.49583 0.698991
0.0250459 -0.0154566 0.0100696
187
1
1.24286 3.52911 0.679125
0.0241175 -0.0169782 0.0116497
188
1
1.19318 3.56644 0.656797
0.0241168 -0.0191158 0.0126527
189
1
1.14534 3.60835 0.633732
0.0223009 -0.0213825 0.0126701
190
1
1.09886 3.65493 0.6115
0.0213264 -0.0237998 0.0116789
191
1
1.05247 3.70638 0.59215
0.022327 -0.0267868 0.00977721
192
1
1.00501 3.76219 0.578083
0.022953 -0.0295066 0.00541999
193
1
0.954671 3.82275 0.571079
0.0252076 -0.0324358 0.00138317
