194
0
1
0.910799 2.94372 1.24628
0.0342181 -0.0241535 -0.0209568
1
1
0.840488 2.98861 1.28585
0.0380172 -0.0220962 -0.019613
2
1
0.762197 3.03023 1.32373
0.0415622 -0.0191327 -0.0186989
3
1
0.676391 3.06779 1.35895
0.0452803 -0.0171315 -0.0173062
4
1
0.583972 3.10145 1.39118
0.0477237 -0.014839 -0.0154398
5
1
0.486073 3.13123 1.41967
0.0498899 -0.0133649 -0.0130871
6
1
0.383454 3.15672 1.4437
0.0522989 -0.0114395 -0.0102242
7
1
0.276869 3.17724 1.46209
0.054109 -0.00876827 -0.00774284
8
1
0.167277 3.19149 1.47452
0.0552731 -0.00502041 -0.00507687
9
1
0.055952 3.19853 1.48113
0.0559773 -0.00130144 -0.00184782
10
1
-0.055952 3.19853 1.48113
0.0559773 0.00130144 0.00184782
11
1
-0.167277 3.19149 1.47452
0.0552731 0.00502041 0.00507687
12
1
-0.276869 3.17724 1.46209
0.054109 0.00876827 0.00774284
13
1
-0.383454 3.15672 1.4437
0.0522989 0.0114395 0.0102242
14
1
-0.486073 3.13123 1.41967
0.0498899 0.0133649 0.0130871
15
1
-0.583972 3.10145 1.39118
0.0477237 0.014839 0.0154398
16
1
-0.676391 3.06779 1.35895
0.0452803 0.0171315 0.0173062
17
1
-0.762197 3.03023 1.32373
0.0415622 0.0191327 0.0186989
18
1
-0.840488 2.98861 1.28585
0.0380172 0.0220962 0.019613
19
1
-0.910799 2.94372 1.24628
0.0342181 0.0241535 0.0209568
20
1
-0.973123 2.89755 1.20536
0.0295669 0.0240404 0.0212711
21
1
-1.0284 2.85101 1.16322
0.0259483 0.0237851 0.0217445
22
1
-1.07709 2.80471 1.12012
0.0228026 0.0231387 0.0220781
23
1
-1.12017 2.75865 1.07631
0.0203627 0.0224728 0.0224304
24
1
-1.15774 2.71277 1.03236
0.0176998 0.0226349 0.0219977
25
1
-1.18993 2.66638 0.98884
0.0152187 0.0230566 0.0218263
26
1
-1.21758 2.61929 0.946254
0.0128213 0.0232648 0.0214999
27
1
-1.24092 2.57187 0.904414
0.0104942 0.0236603 0.0207236
28
1
-1.25983 2.52386 0.863486
0.00820937 0.0241736 0.0203859
29
1
-1.2749 2.47543 0.823377
0.00609653 0.0242115 0.0204557
30
1
-1.28653 2.42717 0.783607
0.00431793 0.0238477 0.0203369
31
1
-1.29457 2.37934 0.744037
0.00244915 0.0234793 0.0201473
32
1
-1.29898 2.33164 0.705231
0.000463891 0.023374 0.0199321
33
1
-1.30064 2.2836 0.667897
-0.000879967 0.0236319 0.0191803
34
1
-1.3006 2.23494 0.63236
-0.00130566 0.0241692 0.0178921
35
1
-1.2993 2.18559 0.598963
-0.00150606 0.0245862 0.0166077
36
1
-1.29681 2.13576 0.568251
-0.00207932 0.0246753 0.0152771
37
1
-1.29339 2.08556 0.540925
-0.00284686 0.0247011 0.0133541
38
1
-1.28937 2.03517 0.517186
-0.00338918 0.0249197 0.0108251
39
1
-1.28475 1.98478 0.49683
-0.0035861 0.0252281 0.00826099
40
1
-1.27919 1.93452 0.479771
-0.00360856 0.0252906 0.00611708
41
1
-1.27281 1.88441 0.466123
-0.00359344 0.0249883 0.00444045
42
1
-1.26631 1.83448 0.455682
-0.00346873 0.0245255 0.0031639
43
1
-1.26092 1.78481 0.447444
-0.00301922 0.0241837 0.00235777
44
1
-1.2574 1.73559 0.439717
-0.00206385 0.024045 0.00224599
45
1
-1.25609 1.68704 0.430847
-0.000598316 0.0239864 0.00301796
46
1
-1.25693 1.63936 0.419644
0.00120977 0.0237663 0.00470942
47
1
-1.2604 1.59277 0.405371
0.00313683 0.0232022 0.0071474
48
1
-1.26677 1.54781 0.387322
0.00495296 0.0221458 0.0100376
49
1
-1.27623 1.50533 0.364827
0.00643962 0.0205848 0.013033
50
1
-1.28815 1.46632 0.337544
0.00733985 0.018589 0.0157838
51
1
-1.30137 1.4316 0.305597
0.0075147 0.0164071 0.0181774
52
1
-1.31461 1.40169 0.26934
0.00681777 0.0141433 0.0201251
53
1
-1.32652 1.37662 0.229325
0.00541068 0.0118381 0.0217436
54
1
-1.336 1.35646 0.18634
0.00372236 0.00941588 0.0230863
55
1
-1.34283 1.34104 0.141277
0.00230219 0.0068248 0.0240408
56
1
-1.34734 1.33022 0.094882
0.00136614 0.00420223 0.0244078
57
1
-1.34984 1.32361 0.0476664
0.000677759 0.00188291 0.0242944
58
1
-1.35057 1.32147 -2.86271e-015
6.54972e-017 -3.26882e-016 0.0241532
59
1
-1.34984 1.32361 -0.0476664
-0.000677759 -0.00188291 0.0242944
60
1
-1.34734 1.33022 -0.094882
-0.00136614 -0.00420223 0.0244078
61
1
-1.34283 1.34104 -0.141277
-0.00230219 -0.0068248 0.0240408
62
1
-1.336 1.35646 -0.18634
-0.00372236 -0.00941588 0.0230863
63
1
-1.32652 1.37662 -0.229325
-0.00541068 -0.0118381 0.0217436
64
1
-1.31461 1.40169 -0.26934
-0.00681777 -0.0141433 0.0201251
65
1
-1.30137 1.4316 -0.305597
-0.0075147 -0.0164071 0.0181774
66
1
-1.28815 1.46632 -0.337544
-0.00733985 -0.018589 0.0157838
67
1
-1.27623 1.50533 -0.364827
-0.00643962 -0.0205848 0.013033
68
1
-1.26677 1.54781 -0.387322
-0.00495296 -0.0221458 0.0100376
69
1
-1.2604 1.59277 -0.405371
-0.00313683 -0.0232022 0.0071474
70
1
-1.25693 1.63936 -0.419644
-0.00120977 -0.0237663 0.00470942
71
1
-1.25609 1.68704 -0.430847
0.000598316 -0.0239864 0.00301796
72
1
-1.2574 1.73559 -0.439717
0.00206385 -0.024045 0.00224599
73
1
-1.26092 1.78481 -0.447444
0.00301922 -0.0241837 0.00235777
74
1
-1.26631 1.83448 -0.455682
0.00346873 -0.0245255 0.0031639
75
1
-1.27281 1.88441 -0.466123
0.00359344 -0.0249883 0.00444045
76
1
-1.27919 1.93452 -0.479771
0.00360856 -0.0252906 0.00611708
77
1
-1.28475 1.98478 -0.49683
0.0035861 -0.0252281 0.00826099
78
1
-1.28937 2.03517 -0.517186
0.00338918 -0.0249197 0.0108251
79
1
-1.29339 2.08556 -0.540925
0.00284686 -0.0247011 0.0133541
80
1
-1.29681 2.13576 -0.568251
0.00207932 -0.0246753 0.0152771
81
1
-1.2993 2.18559 -0.598963
0.00150606 -0.0245862 0.0166077
82
1
-1.3006 2.23494 -0.63236
0.00130566 -0.0241692 0.0178921
83
1
-1.30064 2.2836 -0.667897
0.000879967 -0.0236319 0.0191803
84
1
-1.29898 2.33164 -0.705231
-0.000463891 -0.023374 0.0199321
85
1
-1.29457 2.37934 -0.744037
-0.00244915 -0.0234793 0.0201473
86
1
-1.28653 2.42717 -0.783607
-0.00431793 -0.0238477 0.0203369
87
1
-1.2749 2.47543 -0.823377
-0.00609653 -0.0242115 0.0204557
88
1
-1.25983 2.52386 -0.863486
-0.00820937 -0.0241736 0.0203859
89
1
-1.24092 2.57187 -0.904414
-0.0104942 -0.0236603 0.0207236
90
1
-1.21758 2.61929 -0.946254
-0.0128213 -0.0232648 0.0214999
91
1
-1.18993 2.66638 -0.98884
-0.0152187 -0.0230566 0.0218263
92
1
-1.15774 2.71277 -1.03236
-0.0176998 -0.0226349 0.0219977
93
1
-1.12017 2.75865 -1.07631
-0.0203627 -0.0224728 0.0224304
94
1
-1.07709 2.80471 -1.12012
-0.0228026 -0.0231387 0.0220781
95
1
-1.0284 2.85101 -1.16322
-0.0259483 -0.0237851 0.0217445
96
1
-0.973123 2.89755 -1.20536
-0.0295669 -0.0240404 0.0212711
97
1
-0.910799 2.94372 -1.24628
-0.0342181 -0.0241535 0.0209568
98
1
-0.840488 2.98861 -1.28585
-0.0380172 -0.0220962 0.019613
99
1
-0.762197 3.03023 -1.32373
-0.0415622 -0.0191327 0.0186989
100
1
-0.676391 3.06779 -1.35895
-0.0452803 -0.0171315 0.0173062
101
1
-0.583972 3.10145 -1.39118
-0.0477237 -0.014839 0.0154398
102
1
-0.486073 3.13123 -1.41967
-0.0498899 -0.0133649 0.0130871
103
1
-0.383454 3.15672 -1.4437
-0.0522989 -0.0114395 0.0102242
104
1
-0.276869 3.17724 -1.46209
-0.054109 -0.00876827 0.00774284
105
1
-0.167277 3.19149 -1.47452
-0.0552731 -0.00502041 0.00507687
106
1
-0.055952 3.19853 -1.48113
-0.0559773 -0.00130144 0.00184782
107
1
0.055952 3.19853 -1.48113
-0.0559773 0.00130144 -0.00184782
108
1
0.167277 3.19149 -1.47452
-0.0552731 0.00502041 -0.00507687
109
1
0.276869 3.17724 -1.46209
-0.054109 0.00876827 -0.00774284
110
1
0.383454 3.15672 -1.4437
-0.0522989 0.0114395 -0.0102242
111
1
0.486073 3.13123 -1.41967
-0.0498899 0.0133649 -0.0130871
112
1
0.583972 3.10145 -1.39118
-0.0477237 0.014839 -0.0154398
113
1
0.676391 3.06779 -1.35895
-0.0452803 0.0171315 -0.0173062
114
1
0.762197 3.03023 -1.32373
-0.0415622 0.0191327 -0.0186989
115
1
0.840488 2.98861 -1.28585
-0.0380172 0.0220962 -0.019613
116
1
0.910799 2.94372 -1.24628
-0.0342181 0.0241535 -0.0209568
117
1
0.973123 2.89755 -1.20536
-0.0295669 0.0240404 -0.0212711
118
1
1.0284 2.85101 -1.16322
-0.0259483 0.0237851 -0.0217445
119
1
1.07709 2.80471 -1.12012
-0.0228026 0.0231387 -0.0220781
120
1
1.12017 2.75865 -1.07631
-0.0203627 0.0224728 -0.0224304
121
1
1.15774 2.71277 -1.03236
-0.0176998 0.0226349 -0.0219977
122
1
1.18993 2.66638 -0.98884
-0.0152187 0.0230566 -0.0218263
123
1
1.21758 2.61929 -0.946254
-0.0128213 0.0232648 -0.0214999
124
1
1.24092 2.57187 -0.904414
-0.0104942 0.0236603 -0.0207236
125
1
1.25983 2.52386 -0.863486
-0.00820937 0.0241736 -0.0203859
126
1
1.2749 2.47543 -0.823377
-0.00609653 0.0242115 -0.0204557
127
1
1.28653 2.42717 -0.783607
-0.00431793 0.0238477 -0.0203369
128
1
1.29457 2.37934 -0.744037
-0.00244915 0.0234793 -0.0201473
129
1
1.29898 2.33164 -0.705231
-0.000463891 0.023374 -0.0199321
130
1
1.30064 2.2836 -0.667897
0.000879967 0.0236319 -0.0191803
131
1
1.3006 2.23494 -0.63236
0.00130566 0.0241692 -0.0178921
132
1
1.2993 2.18559 -0.598963
0.00150606 0.0245862 -0.0166077
133
1
1.29681 2.13576 -0.568251
0.00207932 0.0246753 -0.0152771
134
1
1.29339 2.08556 -0.540925
0.00284686 0.0247011 -0.0133541
135
1
1.28937 2.03517 -0.517186
0.00338918 0.0249197 -0.0108251
136
1
1.28475 1.98478 -0.49683
0.0035861 0.0252281 -0.00826099
137
1
1.27919 1.93452 -0.479771
0.00360856 0.0252906 -0.00611708
138
1
1.27281 1.88441 -0.466123
0.00359344 0.0249883 -0.00444045
139
1
1.26631 1.83448 -0.455682
0.00346873 0.0245255 -0.0031639
140
1
1.26092 1.78481 -0.447444
0.00301922 0.0241837 -0.00235777
141
1
1.2574 1.73559 -0.439717
0.00206385 0.024045 -0.00224599
142
1
1.25609 1.68704 -0.430847
0.000598316 0.0239864 -0.00301796
143
1
1.25693 1.63936 -0.419644
-0.00120977 0.0237663 -0.00470942
144
1
1.2604 1.59277 -0.405371
-0.00313683 0.0232022 -0.0071474
145
1
1.26677 1.54781 -0.387322
-0.00495296 0.0221458 -0.0100376
146
1
1.27623 1.50533 -0.364827
-0.00643962 0.0205848 -0.013033
147
1
1.28815 1.46632 -0.337544
-0.00733985 0.018589 -0.0157838
148
1
1.30137 1.4316 -0.305597
-0.0075147 0.0164071 -0.0181774
149
1
1.31461 1.40169 -0.26934
-0.00681777 0.0141433 -0.0201251
150
1
1.32652 1.37662 -0.229325
-0.00541068 0.0118381 -0.0217436
151
1
1.336 1.35646 -0.18634
-0.00372236 0.00941588 -0.0230863
152
1
1.34283 1.34104 -0.141277
-0.00230219 0.0068248 -0.0240408
153
1
1.34734 1.33022 -0.094882
-0.00136614 0.00420223 -0.0244078
154
1
1.34984 1.32361 -0.0476664
-0.000677759 0.00188291 -0.0242944
155
1
1.35057 1.32147 -2.41652e-015
3.15515e-017 6.96615e-017 -0.0241532
156
1
1.34984 1.32361 0.0476664
0.000677759 -0.00188291 -0.0242944
157
1
1.34734 1.33022 0.094882
0.00136614 -0.00420223 -0.0244078
158
1
1.34283 1.34104 0.141277
0.00230219 -0.0068248 -0.0240408
159
1
1.336 1.35646 0.18634
0.00372236 -0.00941588 -0.0230863
160
1
1.32652 1.37662 0.229325
0.00541068 -0.0118381 -0.0217436
161
1
1.31461 1.40169 0.26934
0.00681777 -0.0141433 -0.0201251
162
1
1.30137 1.4316 0.305597
0.0075147 -0.0164071 -0.0181774
163
1
1.28815 1.46632 0.337544
0.00733985 -0.018589 -0.0157838
164
1
1.27623 1.50533 0.364827
0.00643962 -0.0205848 -0.013033
165
1
1.26677 1.54781 0.387322
0.00495296 -0.0221458 -0.0100376
166
1
1.2604 1.59277 0.405371
0.00313683 -0.0232022 -0.0071474
167
1
1.25693 1.63936 0.419644
0.00120977 -0.0237663 -0.00470942
168
1
1.25609 1.68704 0.430847
-0.000598316 -0.0239864 -0.00301796
169
1
1.2574 1.73559 0.439717
-0.00206385 -0.024045 -0.00224599
170
1
1.26092 1.78481 0.447444
-0.00301922 -0.0241837 -0.00235777
171
1
1.26631 1.83448 0.455682
-0.00346873 -0.0245255 -0.0031639
172
1
1.27281 1.88441 0.466123
-0.00359344 -0.0249883 -0.00444045
173
1
1.27919 1.93452 0.479771
-0.00360856 -0.0252906 -0.00611708
174
1
1.28475 1.98478 0.49683
-0.0035861 -0.0252281 -0.00826099
175
1
1.28937 2.03517 0.517186
-0.00338918 -0.0249197 -0.0108251
176
1
1.29339 2.08556 0.540925
-0.00284686 -0.0247011 -0.0133541
177
1
1.29681 2.13576 0.568251
-0.00207932 -0.0246753 -0.0152771
178
1
1.2993 2.18559 0.598963
-0.00150606 -0.0245862 -0.0166077
179
1
1.3006 2.23494 0.63236
-0.00130566 -0.0241692 -0.0178921
180
1
1.30064 2.2836 0.667897
-0.000879967 -0.0236319 -0.0191803
181
1
1.29898 2.33164 0.705231
0.000463891 -0.023374 -0.0199321
182
1
1.29457 2.37934 0.744037
0.00244915 -0.0234793 -0.0201473
183
1
1.28653 2.42717 0.783607
0.00431793 -0.0238477 -0.0203369
184
1
1.2749 2.47543 0.823377
0.00609653 -0.0242115 -0.0204557
185
1
1.25983 2.52386 0.863486
0.00820937 -0.0241736 -0.0203859
186
1
1.24092 2.57187 0.904414
0.0104942 -0.0236603 -0.0207236
187
1
1.21758 2.61929 0.946254
0.0128213 -0.0232648 -0.0214999
188
1
1.18993 2.66638 0.98884
0.0152187 -0.0230566 -0.0218263
189
1
1.15774 2.71277 1.03236
0.0176998 -0.0226349 -0.0219977
190
1
1.12017 2.75865 1.07631
0.0203627 -0.0224728 -0.0224304
191
1
1.07709 2.80471 1.12012
0.0228026 -0.0231387 -0.0220781
192
1
1.0284 2.85101 1.16322
0.0259483 -0.0237851 -0.0217445
193
1
0.973123 2.89755 1.20536
0.0295669 -0.0240404 -0.0212711
