194
0
1
0.601835 10.2296 1.37513
0.0120774 0.0423229 -0.0328914
1
1
0.573554 10.1529 1.43349
0.0146792 0.0335508 -0.0279026
2
1
0.534139 10.0737 1.48253
0.0198234 0.040943 -0.0233135
3
1
0.477669 9.98894 1.51853
0.0319166 0.0481482 -0.018524
4
1
0.410108 9.91196 1.53459
0.0378241 0.0311394 0.00149261
5
1
0.332692 9.84163 1.53117
0.0411355 0.0225284 0.0106542
6
1
0.238552 9.76305 1.50402
0.0380974 0.0381892 0.0243137
7
1
0.112564 9.62583 1.48318
0.0384906 0.0571308 -0.0124459
8
1
0.160406 6.27921 0.0583383
-0.0442844 -0.0206136 -0.00855723
9
1
0.453087 12.6322 0.0718384
0.0328008 0.0411532 0.00813965
10
1
-0.453082 12.6322 0.0718286
0.0327935 -0.041154 -0.00812454
11
1
-0.160161 6.27919 0.0581637
-0.0443242 0.0206359 0.00866781
12
1
-0.112562 9.62583 1.48318
0.0384906 -0.0571308 0.0124459
13
1
-0.238551 9.76305 1.50402
0.0380975 -0.0381891 -0.0243137
14
1
-0.332692 9.84163 1.53117
0.0411356 -0.0225285 -0.0106542
15
1
-0.410108 9.91196 1.53459
0.0378242 -0.0311394 -0.00149258
16
1
-0.477669 9.98894 1.51853
0.0319166 -0.0481482 0.018524
17
1
-0.534138 10.0737 1.48253
0.0198233 -0.040943 0.0233136
18
1
-0.573554 10.1529 1.43349
0.0146792 -0.0335508 0.0279026
19
1
-0.601835 10.2296 1.37513
0.0120774 -0.0423229 0.0328914
20
1
-0.622836 10.3043 1.31315
0.0102373 -0.038135 0.0351084
21
1
-0.641414 10.3791 1.24974
0.00995004 -0.0316835 0.027333
22
1
-0.659884 10.4534 1.1915
0.0100393 -0.0439156 0.0289215
23
1
-0.673153 10.5272 1.13639
0.00312298 -0.0391541 0.0281726
24
1
-0.676418 10.5927 1.08647
-0.00340736 -0.0234127 0.0195509
25
1
-0.671151 10.6496 1.04224
-0.00340666 -0.0255856 0.0210314
26
1
-0.663682 10.7044 1.00185
-0.00232653 -0.028268 0.0207349
27
1
-0.655159 10.7575 0.964566
-0.00464069 -0.025042 0.0170188
28
1
-0.644399 10.8083 0.928178
-0.00783735 -0.0220581 0.0151829
29
1
-0.631486 10.8581 0.89232
-0.0095155 -0.0232447 0.0183606
30
1
-0.620233 10.9067 0.859586
-0.00688704 -0.0211571 0.0145767
31
1
-0.613479 10.9547 0.829069
-0.00345155 -0.0213704 0.0133678
32
1
-0.610201 11.0037 0.799129
-0.00171042 -0.0255417 0.0168586
33
1
-0.60976 11.0528 0.771738
-3.26389e-005 -0.0275806 0.0154747
34
1
-0.61253 11.1017 0.748568
0.00293877 -0.0266133 0.0116967
35
1
-0.618446 11.1512 0.728512
0.0041375 -0.0249509 0.00999171
36
1
-0.626778 11.1995 0.713015
0.00342224 -0.0235329 0.00631851
37
1
-0.637175 11.2457 0.700653
0.0048216 -0.0239062 0.00281413
38
1
-0.650667 11.2901 0.690623
0.00737858 -0.021549 0.00174752
39
1
-0.667524 11.3319 0.682643
0.00789253 -0.0165072 0.00180327
40
1
-0.687613 11.3696 0.675784
0.00966243 -0.0158362 0.00166286
41
1
-0.710758 11.4045 0.668381
0.0135949 -0.0173098 0.00196684
42
1
-0.736222 11.4389 0.659744
0.0138524 -0.0161615 0.00334401
43
1
-0.762994 11.4726 0.648584
0.0127493 -0.0154895 0.00474114
44
1
-0.791687 11.505 0.633906
0.0156048 -0.0173972 0.00698283
45
1
-0.823353 11.536 0.614303
0.0196398 -0.0165681 0.0114191
46
1
-0.85761 11.5651 0.59009
0.0183853 -0.0126723 0.0134063
47
1
-0.893158 11.5909 0.561263
0.017775 -0.0117862 0.0145868
48
1
-0.929026 11.6149 0.527361
0.020102 -0.0117773 0.0205057
49
1
-0.962584 11.637 0.48923
0.0184975 -0.0101463 0.0222961
50
1
-0.992482 11.6581 0.448138
0.015216 -0.00904959 0.0204172
51
1
-1.01864 11.6791 0.402702
0.0129345 -0.010234 0.0243883
52
1
-1.03954 11.6991 0.352315
0.00888046 -0.0107987 0.0300625
53
1
-1.0552 11.7174 0.297574
0.00643077 -0.00901597 0.0327691
54
1
-1.0666 11.7331 0.239789
0.00484018 -0.00770076 0.0333963
55
1
-1.07409 11.7451 0.179776
0.000906352 -0.00567245 0.0335387
56
1
-1.07816 11.7531 0.119826
0.000520728 -0.00367229 0.0320958
57
1
-1.08029 11.7574 0.0591138
0.000833967 -0.00134656 0.0302697
58
1
-1.0809 11.7589 4.07523e-007
1.97624e-008 1.24249e-008 0.0296227
59
1
-1.08029 11.7574 -0.059113
-0.000833928 0.00134659 0.0302697
60
1
-1.07816 11.7531 -0.119825
-0.000520691 0.00367232 0.0320959
61
1
-1.07409 11.7451 -0.179775
-0.000906319 0.00567248 0.0335387
62
1
-1.0666 11.7331 -0.239789
-0.00484015 0.00770078 0.0333963
63
1
-1.0552 11.7174 -0.297573
-0.00643075 0.009016 0.0327691
64
1
-1.03954 11.6991 -0.352314
-0.00888045 0.0107988 0.0300626
65
1
-1.01864 11.6791 -0.402701
-0.0129345 0.010234 0.0243883
66
1
-0.992483 11.6581 -0.448137
-0.015216 0.00904961 0.0204172
67
1
-0.962585 11.637 -0.489229
-0.0184975 0.0101463 0.0222962
68
1
-0.929026 11.6149 -0.527361
-0.020102 0.0117773 0.0205057
69
1
-0.893159 11.5909 -0.561263
-0.017775 0.0117862 0.0145868
70
1
-0.85761 11.5651 -0.590089
-0.0183853 0.0126723 0.0134063
71
1
-0.823353 11.536 -0.614303
-0.0196398 0.0165681 0.0114191
72
1
-0.791687 11.505 -0.633906
-0.0156048 0.0173972 0.00698284
73
1
-0.762994 11.4726 -0.648584
-0.0127493 0.0154895 0.00474115
74
1
-0.736222 11.4389 -0.659744
-0.0138524 0.0161615 0.00334402
75
1
-0.710758 11.4045 -0.668381
-0.0135949 0.0173098 0.00196685
76
1
-0.687613 11.3696 -0.675784
-0.00966244 0.0158362 0.00166286
77
1
-0.667524 11.3319 -0.682643
-0.00789254 0.0165072 0.00180328
78
1
-0.650667 11.2901 -0.690623
-0.00737859 0.021549 0.00174753
79
1
-0.637175 11.2457 -0.700653
-0.00482161 0.0239062 0.00281413
80
1
-0.626779 11.1995 -0.713015
-0.00342224 0.0235329 0.00631852
81
1
-0.618447 11.1512 -0.728512
-0.0041375 0.0249509 0.00999171
82
1
-0.612531 11.1017 -0.748568
-0.00293877 0.0266133 0.0116967
83
1
-0.609761 11.0528 -0.771738
3.26421e-005 0.0275806 0.0154747
84
1
-0.610201 11.0037 -0.799129
0.00171043 0.0255417 0.0168586
85
1
-0.613479 10.9547 -0.829069
0.00345155 0.0213704 0.0133678
86
1
-0.620233 10.9067 -0.859586
0.00688705 0.0211571 0.0145767
87
1
-0.631486 10.8581 -0.89232
0.00951551 0.0232447 0.0183606
88
1
-0.6444 10.8083 -0.928178
0.00783736 0.0220581 0.0151829
89
1
-0.65516 10.7575 -0.964566
0.0046407 0.025042 0.0170188
90
1
-0.663683 10.7044 -1.00185
0.00232654 0.028268 0.0207349
91
1
-0.671152 10.6496 -1.04224
0.00340667 0.0255856 0.0210314
92
1
-0.676419 10.5927 -1.08647
0.00340737 0.0234127 0.0195509
93
1
-0.673153 10.5272 -1.13639
-0.00312296 0.0391541 0.0281726
94
1
-0.659884 10.4534 -1.1915
-0.0100393 0.0439155 0.0289215
95
1
-0.641415 10.3791 -1.24974
-0.00995003 0.0316835 0.0273331
96
1
-0.622837 10.3043 -1.31315
-0.0102373 0.038135 0.0351084
97
1
-0.601835 10.2296 -1.37513
-0.0120774 0.0423229 0.0328914
98
1
-0.573554 10.1529 -1.43349
-0.0146792 0.0335508 0.0279026
99
1
-0.534139 10.0737 -1.48253
-0.0198234 0.040943 0.0233135
100
1
-0.477669 9.98894 -1.51853
-0.0319166 0.0481482 0.018524
101
1
-0.410108 9.91196 -1.53459
-0.0378241 0.0311394 -0.00149261
102
1
-0.332692 9.84163 -1.53117
-0.0411355 0.0225284 -0.0106542
103
1
-0.238552 9.76305 -1.50402
-0.0380974 0.0381892 -0.0243137
104
1
-0.112564 9.62583 -1.48318
-0.0384906 0.0571308 0.0124459
105
1
-0.160404 6.27921 -0.0583316
0.0442843 -0.0206137 0.00855851
106
1
-0.453087 12.6322 -0.0718384
-0.0328008 0.0411532 -0.00813967
107
1
0.453082 12.6322 -0.0718286
-0.0327936 -0.041154 0.00812456
108
1
0.16016 6.27919 -0.058157
0.0443241 0.020636 -0.00866909
109
1
0.112562 9.62583 -1.48318
-0.0384906 -0.0571308 -0.0124459
110
1
0.238551 9.76305 -1.50402
-0.0380975 -0.0381891 0.0243137
111
1
0.332692 9.84163 -1.53117
-0.0411356 -0.0225285 0.0106542
112
1
0.410108 9.91196 -1.53459
-0.0378242 -0.0311394 0.00149258
113
1
0.477669 9.98894 -1.51853
-0.0319166 -0.0481482 -0.018524
114
1
0.534138 10.0737 -1.48253
-0.0198233 -0.040943 -0.0233135
115
1
0.573554 10.1529 -1.43349
-0.0146792 -0.0335508 -0.0279026
116
1
0.601835 10.2296 -1.37513
-0.0120774 -0.0423229 -0.0328914
117
1
0.622836 10.3043 -1.31315
-0.0102373 -0.038135 -0.0351084
118
1
0.641414 10.3791 -1.24974
-0.00995004 -0.0316835 -0.027333
119
1
0.659884 10.4534 -1.1915
-0.0100393 -0.0439156 -0.0289215
120
1
0.673153 10.5272 -1.13639
-0.00312298 -0.0391541 -0.0281726
121
1
0.676418 10.5927 -1.08647
0.00340736 -0.0234127 -0.0195509
122
1
0.671151 10.6496 -1.04224
0.00340666 -0.0255856 -0.0210314
123
1
0.663682 10.7044 -1.00185
0.00232653 -0.028268 -0.0207349
124
1
0.655159 10.7575 -0.964566
0.00464069 -0.025042 -0.0170188
125
1
0.644399 10.8083 -0.928178
0.00783735 -0.0220581 -0.0151829
126
1
0.631486 10.8581 -0.89232
0.0095155 -0.0232447 -0.0183606
127
1
0.620233 10.9067 -0.859586
0.00688704 -0.0211571 -0.0145767
128
1
0.613479 10.9547 -0.829069
0.00345155 -0.0213704 -0.0133678
129
1
0.610201 11.0037 -0.799129
0.00171042 -0.0255417 -0.0168586
130
1
0.60976 11.0528 -0.771738
3.2639e-005 -0.0275806 -0.0154747
131
1
0.61253 11.1017 -0.748568
-0.00293877 -0.0266133 -0.0116967
132
1
0.618446 11.1512 -0.728512
-0.0041375 -0.0249509 -0.00999171
133
1
0.626778 11.1995 -0.713015
-0.00342224 -0.0235329 -0.00631851
134
1
0.637175 11.2457 -0.700653
-0.0048216 -0.0239062 -0.00281413
135
1
0.650667 11.2901 -0.690623
-0.00737858 -0.021549 -0.00174752
136
1
0.667524 11.3319 -0.682643
-0.00789253 -0.0165072 -0.00180327
137
1
0.687613 11.3696 -0.675784
-0.00966243 -0.0158362 -0.00166286
138
1
0.710758 11.4045 -0.668381
-0.0135949 -0.0173098 -0.00196684
139
1
0.736222 11.4389 -0.659744
-0.0138524 -0.0161615 -0.00334401
140
1
0.762994 11.4726 -0.648584
-0.0127493 -0.0154895 -0.00474114
141
1
0.791687 11.505 -0.633906
-0.0156048 -0.0173972 -0.00698283
142
1
0.823353 11.536 -0.614303
-0.0196398 -0.0165681 -0.0114191
143
1
0.85761 11.5651 -0.59009
-0.0183853 -0.0126723 -0.0134063
144
1
0.893158 11.5909 -0.561263
-0.017775 -0.0117862 -0.0145868
145
1
0.929026 11.6149 -0.527361
-0.020102 -0.0117773 -0.0205057
146
1
0.962584 11.637 -0.48923
-0.0184975 -0.0101463 -0.0222961
147
1
0.992482 11.6581 -0.448138
-0.015216 -0.00904959 -0.0204172
148
1
1.01864 11.6791 -0.402702
-0.0129345 -0.010234 -0.0243883
149
1
1.03954 11.6991 -0.352315
-0.00888046 -0.0107987 -0.0300625
150
1
1.0552 11.7174 -0.297574
-0.00643078 -0.00901597 -0.0327691
151
1
1.0666 11.7331 -0.239789
-0.00484018 -0.00770076 -0.0333963
152
1
1.07409 11.7451 -0.179776
-0.000906352 -0.00567245 -0.0335387
153
1
1.07816 11.7531 -0.119826
-0.000520728 -0.00367229 -0.0320958
154
1
1.08029 11.7574 -0.0591138
-0.000833967 -0.00134656 -0.0302697
155
1
1.0809 11.7589 -4.06858e-007
-1.98164e-008 1.22163e-008 -0.0296227
156
1
1.08029 11.7574 0.059113
0.000833928 0.00134659 -0.0302697
157
1
1.07816 11.7531 0.119825
0.000520691 0.00367232 -0.0320959
158
1
1.07409 11.7451 0.179775
0.000906319 0.00567248 -0.0335387
159
1
1.0666 11.7331 0.239789
0.00484015 0.00770078 -0.0333963
160
1
1.0552 11.7174 0.297573
0.00643075 0.009016 -0.0327691
161
1
1.03954 11.6991 0.352314
0.00888045 0.0107988 -0.0300626
162
1
1.01864 11.6791 0.402701
0.0129345 0.010234 -0.0243883
163
1
0.992483 11.6581 0.448137
0.015216 0.00904961 -0.0204172
164
1
0.962585 11.637 0.489229
0.0184975 0.0101463 -0.0222962
165
1
0.929026 11.6149 0.527361
0.020102 0.0117773 -0.0205057
166
1
0.893159 11.5909 0.561263
0.017775 0.0117862 -0.0145868
167
1
0.85761 11.5651 0.590089
0.0183853 0.0126723 -0.0134063
168
1
0.823353 11.536 0.614303
0.0196398 0.0165681 -0.0114191
169
1
0.791687 11.505 0.633906
0.0156048 0.0173972 -0.00698284
170
1
0.762994 11.4726 0.648583
0.0127493 0.0154895 -0.00474115
171
1
0.736222 11.4389 0.659744
0.0138524 0.0161615 -0.00334402
172
1
0.710758 11.4045 0.668381
0.0135949 0.0173098 -0.00196685
173
1
0.687613 11.3696 0.675784
0.00966244 0.0158362 -0.00166286
174
1
0.667524 11.3319 0.682643
0.00789254 0.0165072 -0.00180328
175
1
0.650667 11.2901 0.690623
0.00737859 0.021549 -0.00174752
176
1
0.637175 11.2457 0.700653
0.00482161 0.0239062 -0.00281413
177
1
0.626779 11.1995 0.713015
0.00342224 0.0235329 -0.00631852
178
1
0.618447 11.1512 0.728512
0.0041375 0.0249509 -0.00999171
179
1
0.612531 11.1017 0.748568
0.00293877 0.0266133 -0.0116967
180
1
0.609761 11.0528 0.771738
-3.2642e-005 0.0275806 -0.0154747
181
1
0.610201 11.0037 0.799129
-0.00171043 0.0255417 -0.0168586
182
1
0.613479 10.9547 0.829069
-0.00345155 0.0213704 -0.0133678
183
1
0.620233 10.9067 0.859586
-0.00688705 0.0211571 -0.0145767
184
1
0.631486 10.8581 0.89232
-0.00951551 0.0232447 -0.0183606
185
1
0.6444 10.8083 0.928178
-0.00783736 0.0220581 -0.0151829
186
1
0.65516 10.7575 0.964566
-0.0046407 0.025042 -0.0170188
187
1
0.663683 10.7044 1.00185
-0.00232654 0.028268 -0.0207349
188
1
0.671152 10.6496 1.04224
-0.00340667 0.0255856 -0.0210314
189
1
0.676419 10.5927 1.08647
-0.00340737 0.0234127 -0.0195509
190
1
0.673153 10.5272 1.13639
0.00312296 0.0391541 -0.0281726
191
1
0.659884 10.4534 1.1915
0.0100393 0.0439155 -0.0289215
192
1
0.641415 10.3791 1.24974
0.00995003 0.0316835 -0.0273331
193
1
0.622837 10.3043 1.31315
0.0102373 0.038135 -0.0351084
