194
0
1
1.38387 6.77893 0.9977
0.0327893 0.00698882 0.0340558
1
1
1.32295 6.7598 0.926847
0.0290945 0.0113007 0.0379227
2
1
1.2651 6.73175 0.844116
0.0267596 0.0191209 0.0440176
3
1
1.21292 6.69718 0.74853
0.0235461 0.0216481 0.051068
4
1
1.16179 6.65633 0.637782
0.0240395 0.0231734 0.0571565
5
1
1.10426 6.60432 0.515575
0.031105 0.0295488 0.0650476
6
1
1.02421 6.53507 0.379898
0.039961 0.0328967 0.0582475
7
1
0.91071 6.45306 0.199596
0.0409742 0.0248468 0.0595465
8
1
0.679405 6.23738 0.0849832
0.0357891 0.0319678 -0.0109853
9
1
0.0489301 8.66027 0.748629
0.00090575 0.00543505 -0.077727
10
1
-0.0489301 8.66027 0.748629
0.00090575 -0.00543505 0.077727
11
1
-0.679405 6.23738 0.0849832
0.0357891 -0.0319678 0.0109853
12
1
-0.91071 6.45306 0.199596
0.0409742 -0.0248468 -0.0595465
13
1
-1.02421 6.53507 0.379898
0.039961 -0.0328967 -0.0582475
14
1
-1.10426 6.60432 0.515575
0.031105 -0.0295488 -0.0650476
15
1
-1.16179 6.65633 0.637782
0.0240395 -0.0231734 -0.0571565
16
1
-1.21292 6.69718 0.74853
0.0235461 -0.0216481 -0.051068
17
1
-1.2651 6.73175 0.844116
0.0267596 -0.0191209 -0.0440176
18
1
-1.32295 6.7598 0.926847
0.0290945 -0.0113007 -0.0379227
19
1
-1.38387 6.77893 0.9977
0.0327893 -0.00698882 -0.0340558
20
1
-1.44578 6.78947 1.05881
0.0323921 -0.00274533 -0.027718
21
1
-1.507 6.79227 1.11159
0.0301784 1.0073e-005 -0.0232885
22
1
-1.56617 6.78908 1.15578
0.0293624 0.00237974 -0.0211757
23
1
-1.62531 6.78316 1.19339
0.0284191 0.00300301 -0.0176772
24
1
-1.68391 6.77655 1.22511
0.0289736 0.00283617 -0.0151392
25
1
-1.7409 6.76935 1.25185
0.0283865 0.00347434 -0.0137793
26
1
-1.79603 6.76102 1.27392
0.025592 0.00402185 -0.0109835
27
1
-1.84865 6.75124 1.29063
0.0247243 0.00446034 -0.00788836
28
1
-1.89961 6.74021 1.30207
0.0254157 0.00536459 -0.00572222
29
1
-1.94964 6.72776 1.30831
0.0248511 0.0063569 -0.00290443
30
1
-1.99831 6.71389 1.3095
0.0240433 0.00751068 -9.3495e-005
31
1
-2.04573 6.69933 1.30633
0.023574 0.00814258 0.00195158
32
1
-2.09159 6.68417 1.29892
0.0225003 0.00845469 0.00408475
33
1
-2.13514 6.66805 1.2874
0.0214284 0.0094318 0.00634232
34
1
-2.17612 6.65109 1.27203
0.0201966 0.00987238 0.00809976
35
1
-2.21432 6.63396 1.25296
0.0178199 0.00916969 0.0101474
36
1
-2.24939 6.61685 1.23012
0.0157677 0.00885905 0.0121275
37
1
-2.28214 6.59986 1.20377
0.0149204 0.00894424 0.0137784
38
1
-2.31325 6.58375 1.17328
0.0139638 0.00824545 0.0163645
39
1
-2.34251 6.56925 1.13819
0.0126469 0.00686192 0.0194897
40
1
-2.36988 6.55658 1.0993
0.012143 0.00564132 0.0214806
41
1
-2.39585 6.54574 1.05745
0.0116736 0.0042663 0.0228249
42
1
-2.42008 6.53705 1.01221
0.0103747 0.00279584 0.0247006
43
1
-2.44287 6.53067 0.963455
0.00969498 0.00203768 0.0264668
44
1
-2.46479 6.5263 0.911177
0.0103166 0.00159747 0.0277097
45
1
-2.4868 6.52349 0.85534
0.0110885 0.000863295 0.029342
46
1
-2.50956 6.52288 0.796384
0.0116689 -7.38284e-005 0.0310963
47
1
-2.53284 6.52442 0.735183
0.0124039 -0.0013815 0.0321254
48
1
-2.55571 6.52778 0.672205
0.0126393 -0.00278261 0.0330388
49
1
-2.57736 6.53271 0.607904
0.0117549 -0.00349473 0.0341452
50
1
-2.59672 6.5382 0.54265
0.0100514 -0.00337756 0.0345419
51
1
-2.6132 6.54349 0.47665
0.00807693 -0.00255 0.0346594
52
1
-2.62667 6.54786 0.409762
0.00606653 -0.0016467 0.0348146
53
1
-2.63712 6.55112 0.342146
0.00454339 -0.00130667 0.0348071
54
1
-2.645 6.55339 0.274225
0.00355049 -0.00103748 0.0348044
55
1
-2.65042 6.55461 0.206102
0.0023729 -0.000254604 0.0351984
56
1
-2.65358 6.55515 0.137798
0.000753243 0.00067364 0.0355568
57
1
-2.65493 6.55513 0.069041
-0.00032987 0.000682246 0.0353098
58
1
-2.65512 6.55514 -1.98863e-011
-4.76578e-013 4.58542e-013 0.0350124
59
1
-2.65493 6.55513 -0.069041
0.00032987 -0.000682246 0.0353098
60
1
-2.65358 6.55515 -0.137798
-0.000753243 -0.00067364 0.0355568
61
1
-2.65042 6.55461 -0.206102
-0.0023729 0.000254604 0.0351984
62
1
-2.645 6.55339 -0.274225
-0.00355049 0.00103748 0.0348044
63
1
-2.63712 6.55112 -0.342146
-0.00454339 0.00130667 0.0348071
64
1
-2.62667 6.54786 -0.409762
-0.00606653 0.0016467 0.0348146
65
1
-2.6132 6.54349 -0.47665
-0.00807693 0.00255 0.0346594
66
1
-2.59672 6.5382 -0.54265
-0.0100514 0.00337756 0.0345419
67
1
-2.57736 6.53271 -0.607904
-0.0117549 0.00349473 0.0341452
68
1
-2.55571 6.52778 -0.672205
-0.0126393 0.00278261 0.0330388
69
1
-2.53284 6.52442 -0.735183
-0.0124039 0.0013815 0.0321254
70
1
-2.50956 6.52288 -0.796384
-0.0116689 7.38284e-005 0.0310963
71
1
-2.4868 6.52349 -0.85534
-0.0110885 -0.000863295 0.029342
72
1
-2.46479 6.5263 -0.911177
-0.0103166 -0.00159747 0.0277097
73
1
-2.44287 6.53067 -0.963455
-0.00969498 -0.00203768 0.0264668
74
1
-2.42008 6.53705 -1.01221
-0.0103747 -0.00279584 0.0247006
75
1
-2.39585 6.54574 -1.05745
-0.0116736 -0.0042663 0.0228249
76
1
-2.36988 6.55658 -1.0993
-0.012143 -0.00564132 0.0214806
77
1
-2.34251 6.56925 -1.13819
-0.0126469 -0.00686192 0.0194897
78
1
-2.31325 6.58375 -1.17328
-0.0139638 -0.00824545 0.0163645
79
1
-2.28214 6.59986 -1.20377
-0.0149204 -0.00894424 0.0137784
80
1
-2.24939 6.61685 -1.23012
-0.0157677 -0.00885905 0.0121275
81
1
-2.21432 6.63396 -1.25296
-0.0178199 -0.00916969 0.0101474
82
1
-2.17612 6.65109 -1.27203
-0.0201966 -0.00987238 0.00809976
83
1
-2.13514 6.66805 -1.2874
-0.0214284 -0.0094318 0.00634232
84
1
-2.09159 6.68417 -1.29892
-0.0225003 -0.00845469 0.00408475
85
1
-2.04573 6.69933 -1.30633
-0.023574 -0.00814258 0.00195158
86
1
-1.99831 6.71389 -1.3095
-0.0240433 -0.00751068 -9.3495e-005
87
1
-1.94964 6.72776 -1.30831
-0.0248511 -0.0063569 -0.00290443
88
1
-1.89961 6.74021 -1.30207
-0.0254157 -0.00536459 -0.00572222
89
1
-1.84865 6.75124 -1.29063
-0.0247243 -0.00446034 -0.00788836
90
1
-1.79603 6.76102 -1.27392
-0.025592 -0.00402185 -0.0109835
91
1
-1.7409 6.76935 -1.25185
-0.0283865 -0.00347434 -0.0137793
92
1
-1.68391 6.77655 -1.22511
-0.0289736 -0.00283617 -0.0151392
93
1
-1.62531 6.78316 -1.19339
-0.0284191 -0.00300301 -0.0176772
94
1
-1.56617 6.78908 -1.15578
-0.0293624 -0.00237974 -0.0211757
95
1
-1.507 6.79227 -1.11159
-0.0301784 -1.0073e-005 -0.0232885
96
1
-1.44578 6.78947 -1.05881
-0.0323921 0.00274533 -0.027718
97
1
-1.38387 6.77893 -0.9977
-0.0327893 0.00698882 -0.0340558
98
1
-1.32295 6.7598 -0.926847
-0.0290945 0.0113007 -0.0379227
99
1
-1.2651 6.73175 -0.844116
-0.0267596 0.0191209 -0.0440176
100
1
-1.21292 6.69718 -0.74853
-0.0235461 0.0216481 -0.051068
101
1
-1.16179 6.65633 -0.637782
-0.0240395 0.0231734 -0.0571565
102
1
-1.10426 6.60432 -0.515575
-0.031105 0.0295488 -0.0650476
103
1
-1.02421 6.53507 -0.379898
-0.039961 0.0328967 -0.0582475
104
1
-0.91071 6.45306 -0.199596
-0.0409742 0.0248468 -0.0595465
105
1
-0.679405 6.23738 -0.0849832
-0.0357891 0.0319678 0.0109853
106
1
-0.0489301 8.66027 -0.748629
-0.00090575 0.00543505 0.077727
107
1
0.0489301 8.66027 -0.748629
-0.00090575 -0.00543505 -0.077727
108
1
0.679405 6.23738 -0.0849832
-0.0357891 -0.0319678 -0.0109853
109
1
0.91071 6.45306 -0.199596
-0.0409742 -0.0248468 0.0595465
110
1
1.02421 6.53507 -0.379898
-0.039961 -0.0328967 0.0582475
111
1
1.10426 6.60432 -0.515575
-0.031105 -0.0295488 0.0650476
112
1
1.16179 6.65633 -0.637782
-0.0240395 -0.0231734 0.0571565
113
1
1.21292 6.69718 -0.74853
-0.0235461 -0.0216481 0.051068
114
1
1.2651 6.73175 -0.844116
-0.0267596 -0.0191209 0.0440176
115
1
1.32295 6.7598 -0.926847
-0.0290945 -0.0113007 0.0379227
116
1
1.38387 6.77893 -0.9977
-0.0327893 -0.00698882 0.0340558
117
1
1.44578 6.78947 -1.05881
-0.0323921 -0.00274533 0.027718
118
1
1.507 6.79227 -1.11159
-0.0301784 1.0073e-005 0.0232885
119
1
1.56617 6.78908 -1.15578
-0.0293624 0.00237974 0.0211757
120
1
1.62531 6.78316 -1.19339
-0.0284191 0.00300301 0.0176772
121
1
1.68391 6.77655 -1.22511
-0.0289736 0.00283617 0.0151392
122
1
1.7409 6.76935 -1.25185
-0.0283865 0.00347434 0.0137793
123
1
1.79603 6.76102 -1.27392
-0.025592 0.00402185 0.0109835
124
1
1.84865 6.75124 -1.29063
-0.0247243 0.00446034 0.00788836
125
1
1.89961 6.74021 -1.30207
-0.0254157 0.00536459 0.00572222
126
1
1.94964 6.72776 -1.30831
-0.0248511 0.0063569 0.00290443
127
1
1.99831 6.71389 -1.3095
-0.0240433 0.00751068 9.3495e-005
128
1
2.04573 6.69933 -1.30633
-0.023574 0.00814258 -0.00195158
129
1
2.09159 6.68417 -1.29892
-0.0225003 0.00845469 -0.00408475
130
1
2.13514 6.66805 -1.2874
-0.0214284 0.0094318 -0.00634232
131
1
2.17612 6.65109 -1.27203
-0.0201966 0.00987238 -0.00809976
132
1
2.21432 6.63396 -1.25296
-0.0178199 0.00916969 -0.0101474
133
1
2.24939 6.61685 -1.23012
-0.0157677 0.00885905 -0.0121275
134
1
2.28214 6.59986 -1.20377
-0.0149204 0.00894424 -0.0137784
135
1
2.31325 6.58375 -1.17328
-0.0139638 0.00824545 -0.0163645
136
1
2.34251 6.56925 -1.13819
-0.0126469 0.00686192 -0.0194897
137
1
2.36988 6.55658 -1.0993
-0.012143 0.00564132 -0.0214806
138
1
2.39585 6.54574 -1.05745
-0.0116736 0.0042663 -0.0228249
139
1
2.42008 6.53705 -1.01221
-0.0103747 0.00279584 -0.0247006
140
1
2.44287 6.53067 -0.963455
-0.00969498 0.00203768 -0.0264668
141
1
2.46479 6.5263 -0.911177
-0.0103166 0.00159747 -0.0277097
142
1
2.4868 6.52349 -0.85534
-0.0110885 0.000863295 -0.029342
143
1
2.50956 6.52288 -0.796384
-0.0116689 -7.38284e-005 -0.0310963
144
1
2.53284 6.52442 -0.735183
-0.0124039 -0.0013815 -0.0321254
145
1
2.55571 6.52778 -0.672205
-0.0126393 -0.00278261 -0.0330388
146
1
2.57736 6.53271 -0.607904
-0.0117549 -0.00349473 -0.0341452
147
1
2.59672 6.5382 -0.54265
-0.0100514 -0.00337756 -0.0345419
148
1
2.6132 6.54349 -0.47665
-0.00807693 -0.00255 -0.0346594
149
1
2.62667 6.54786 -0.409762
-0.00606653 -0.0016467 -0.0348146
150
1
2.63712 6.55112 -0.342146
-0.00454339 -0.00130667 -0.0348071
151
1
2.645 6.55339 -0.274225
-0.00355049 -0.00103748 -0.0348044
152
1
2.65042 6.55461 -0.206102
-0.0023729 -0.000254604 -0.0351984
153
1
2.65358 6.55515 -0.137798
-0.000753243 0.00067364 -0.0355568
154
1
2.65493 6.55513 -0.069041
0.00032987 0.000682246 -0.0353098
155
1
2.65512 6.55514 2.4009e-011
5.67263e-013 6.10632e-013 -0.0350124
156
1
2.65493 6.55513 0.069041
-0.00032987 -0.000682246 -0.0353098
157
1
2.65358 6.55515 0.137798
0.000753243 -0.00067364 -0.0355568
158
1
2.65042 6.55461 0.206102
0.0023729 0.000254604 -0.0351984
159
1
2.645 6.55339 0.274225
0.00355049 0.00103748 -0.0348044
160
1
2.63712 6.55112 0.342146
0.00454339 0.00130667 -0.0348071
161
1
2.62667 6.54786 0.409762
0.00606653 0.0016467 -0.0348146
162
1
2.6132 6.54349 0.47665
0.00807693 0.00255 -0.0346594
163
1
2.59672 6.5382 0.54265
0.0100514 0.00337756 -0.0345419
164
1
2.57736 6.53271 0.607904
0.0117549 0.00349473 -0.0341452
165
1
2.55571 6.52778 0.672205
0.0126393 0.00278261 -0.0330388
166
1
2.53284 6.52442 0.735183
0.0124039 0.0013815 -0.0321254
167
1
2.50956 6.52288 0.796384
0.0116689 7.38284e-005 -0.0310963
168
1
2.4868 6.52349 0.85534
0.0110885 -0.000863295 -0.029342
169
1
2.46479 6.5263 0.911177
0.0103166 -0.00159747 -0.0277097
170
1
2.44287 6.53067 0.963455
0.00969498 -0.00203768 -0.0264668
171
1
2.42008 6.53705 1.01221
0.0103747 -0.00279584 -0.0247006
172
1
2.39585 6.54574 1.05745
0.0116736 -0.0042663 -0.0228249
173
1
2.36988 6.55658 1.0993
0.012143 -0.00564132 -0.0214806
174
1
2.34251 6.56925 1.13819
0.0126469 -0.00686192 -0.0194897
175
1
2.31325 6.58375 1.17328
0.0139638 -0.00824545 -0.0163645
176
1
2.28214 6.59986 1.20377
0.0149204 -0.00894424 -0.0137784
177
1
2.24939 6.61685 1.23012
0.0157677 -0.00885905 -0.0121275
178
1
2.21432 6.63396 1.25296
0.0178199 -0.00916969 -0.0101474
179
1
2.17612 6.65109 1.27203
0.0201966 -0.00987238 -0.00809976
180
1
2.13514 6.66805 1.2874
0.0214284 -0.0094318 -0.00634232
181
1
2.09159 6.68417 1.29892
0.0225003 -0.00845469 -0.00408475
182
1
2.04573 6.69933 1.30633
0.023574 -0.00814258 -0.00195158
183
1
1.99831 6.71389 1.3095
0.0240433 -0.00751068 9.3495e-005
184
1
1.94964 6.72776 1.30831
0.0248511 -0.0063569 0.00290443
185
1
1.89961 6.74021 1.30207
0.0254157 -0.00536459 0.00572222
186
1
1.84865 6.75124 1.29063
0.0247243 -0.00446034 0.00788836
187
1
1.79603 6.76102 1.27392
0.025592 -0.00402185 0.0109835
188
1
1.7409 6.76935 1.25185
0.0283865 -0.00347434 0.0137793
189
1
1.68391 6.77655 1.22511
0.0289736 -0.00283617 0.0151392
190
1
1.62531 6.78316 1.19339
0.0284191 -0.00300301 0.0176772
191
1
1.56617 6.78908 1.15578
0.0293624 -0.00237974 0.0211757
192
1
1.507 6.79227 1.11159
0.0301784 -1.0073e-005 0.0232885
193
1
1.44578 6.78947 1.05881
0.0323921 0.00274533 0.027718
