194
0
1
0.687345 11.444 2.21608
0.0192136 0.0198714 -0.036892
1
1
0.660363 11.4047 2.29122
0.00859451 0.0149016 -0.0276771
2
1
0.628594 11.3583 2.38696
0.0177238 0.0405635 -0.0627252
3
1
0.585941 11.3238 2.48497
0.0270983 0.00627763 -0.0430132
4
1
0.532055 11.3165 2.57182
0.0296905 -0.00704136 -0.0378456
5
1
0.476511 11.313 2.64463
0.017147 -0.00384789 -0.0191442
6
1
0.366068 11.2928 2.74453
0.0597412 0.0265139 -0.0424247
7
1
0.170203 11.2327 2.87761
0.064326 0.0141319 -0.041645
8
1
0.311041 6.82543 0.0571008
-0.0241263 0.0436116 -0.00917382
9
1
1.81844 13.298 0.0616523
-0.0602845 -0.0149074 0.0055786
10
1
-1.81886 13.3125 0.0899429
-0.0619414 0.013383 -0.00961498
11
1
-0.312257 6.82608 0.0530422
-0.0241021 -0.0432667 0.00904679
12
1
-0.17006 11.2327 2.87762
0.064327 -0.0141347 0.0416424
13
1
-0.365918 11.2928 2.74456
0.0597406 -0.0265184 0.0424227
14
1
-0.476359 11.313 2.64468
0.0171457 0.00384678 0.0191417
15
1
-0.531898 11.3165 2.57188
0.0296883 0.00704055 0.0378396
16
1
-0.585775 11.3238 2.48504
0.0270935 -0.0062789 0.0430056
17
1
-0.628415 11.3583 2.38705
0.0177157 -0.0405719 0.0627195
18
1
-0.660171 11.4047 2.29133
0.00858815 -0.014905 0.0276714
19
1
-0.68714 11.444 2.2162
0.0192065 -0.0198734 0.0368822
20
1
-0.709585 11.4886 2.13897
0.0124232 -0.0287562 0.0405445
21
1
-0.713718 11.5312 2.06048
-0.0078853 -0.0108503 0.0372999
22
1
-0.703765 11.569 1.98425
-0.00802262 -0.0145026 0.0461162
23
1
-0.689222 11.6128 1.91628
-0.00998852 -0.0266099 0.0288242
24
1
-0.673875 11.6624 1.86554
-0.00778617 -0.0211145 0.0127365
25
1
-0.65817 11.7135 1.82804
-0.0102529 -0.0254629 0.0137055
26
1
-0.64587 11.7648 1.79339
-0.0096736 -0.0278961 0.016332
27
1
-0.640224 11.8146 1.75897
-0.00195427 -0.0224667 0.0154052
28
1
-0.641025 11.8636 1.7249
0.00249294 -0.0215784 0.0140359
29
1
-0.648226 11.9142 1.6904
0.00961706 -0.0261974 0.0165051
30
1
-0.660484 11.9626 1.65531
0.00935312 -0.0206391 0.0156974
31
1
-0.671644 12.0094 1.619
0.00645184 -0.0194248 0.0170293
32
1
-0.680773 12.0562 1.57978
0.00428878 -0.0251808 0.0226205
33
1
-0.68698 12.1011 1.53938
0.00209874 -0.0238899 0.0249789
34
1
-0.692347 12.1437 1.49917
0.00293314 -0.0210166 0.0219959
35
1
-0.696988 12.1868 1.45961
0.00555802 -0.023075 0.0195624
36
1
-0.700828 12.2295 1.42306
0.00419251 -0.0220462 0.0175616
37
1
-0.701852 12.2716 1.39107
0.000541711 -0.021003 0.0150572
38
1
-0.700316 12.3142 1.36408
-0.00089433 -0.0215691 0.0108364
39
1
-0.695949 12.3557 1.34213
0.000117235 -0.017933 0.00819055
40
1
-0.688668 12.3936 1.32444
-0.00161499 -0.0157115 0.00723703
41
1
-0.677368 12.4283 1.30958
-0.00590142 -0.0157 0.00554077
42
1
-0.661219 12.4609 1.29584
-0.00767005 -0.0153057 0.00509181
43
1
-0.640185 12.4921 1.2825
-0.0108618 -0.0155685 0.00551404
44
1
-0.614174 12.5226 1.26912
-0.0198525 -0.0161162 0.00538346
45
1
-0.580247 12.5514 1.254
-0.0231233 -0.0126989 0.00491896
46
1
-0.540573 12.5787 1.237
-0.0201956 -0.00870809 0.00446627
47
1
-0.497807 12.6037 1.2179
-0.0233078 -0.00864434 0.0032493
48
1
-0.454177 12.6308 1.19281
-0.023372 -0.0140126 0.0100713
49
1
-0.413165 12.6607 1.15793
-0.0229797 -0.0256953 0.0312561
50
1
-0.373557 12.6922 1.10754
-0.0265038 -0.0293069 0.0671603
51
1
-0.329992 12.7262 1.05598
-0.0382854 0.00132413 0.0358285
52
1
-0.273316 12.7504 1.01131
-0.0302647 -0.0205533 -9.23894e-005
53
1
-0.229228 12.8055 0.942407
-0.00627527 -0.0659419 0.0410382
54
1
-0.169518 12.883 0.92843
-0.0425268 -0.0165583 0.0146245
55
1
-0.165888 12.9871 0.910861
0.0287127 -0.016334 0.00220145
56
1
-0.0599991 13.2845 1.20039
0.00114864 -0.00675507 0.0320948
57
1
-0.0260853 13.574 0.168338
0.00472657 0.0281592 0.0552008
58
1
-0.0679911 14.1209 0.000467533
0.000617645 0.000126534 0.0778678
59
1
-0.0258412 13.574 -0.168429
-0.00491358 -0.0281972 0.0552041
60
1
-0.0666253 13.2838 -1.20131
-0.00406252 0.00561023 0.0327307
61
1
-0.165369 13.0007 -0.91029
-0.0259769 0.0142524 0.0024116
62
1
-0.164721 12.8916 -0.926567
0.0387446 0.0190422 0.0150405
63
1
-0.226509 12.8148 -0.939748
0.00762967 0.0671258 0.03883
64
1
-0.272184 12.7587 -1.00847
0.0317507 0.0195361 -0.00081851
65
1
-0.329545 12.7336 -1.05219
0.0393898 0.00038588 0.0368101
66
1
-0.373645 12.6977 -1.10381
0.026924 0.0309442 0.0662526
67
1
-0.413696 12.6649 -1.15407
0.0231409 0.0262846 0.0310909
68
1
-0.454815 12.6339 -1.18895
0.0233673 0.0143864 0.0103344
69
1
-0.49845 12.6062 -1.21408
0.0231978 0.00894771 0.00351444
70
1
-0.541128 12.5807 -1.23335
0.0200718 0.00896464 0.00467194
71
1
-0.58074 12.553 -1.25048
0.0229972 0.0129358 0.00511526
72
1
-0.614609 12.5239 -1.26597
0.0198099 0.0162677 0.00557763
73
1
-0.640608 12.4932 -1.27965
0.010882 0.0156615 0.00567004
74
1
-0.661613 12.4618 -1.29324
0.00769129 0.015366 0.00522851
75
1
-0.677736 12.429 -1.30722
0.00592159 0.0157423 0.00567138
76
1
-0.689018 12.3942 -1.32233
0.00165124 0.0157519 0.00735362
77
1
-0.696296 12.3562 -1.34026
-8.39195e-005 0.0179634 0.00830736
78
1
-0.700694 12.3146 -1.36246
0.000917738 0.021593 0.0109713
79
1
-0.702263 12.2719 -1.38968
-0.000523619 0.0210372 0.0151792
80
1
-0.701258 12.2298 -1.42188
-0.0041776 0.0220837 0.0176627
81
1
-0.697428 12.187 -1.45861
-0.0055482 0.0231079 0.0196501
82
1
-0.692794 12.1438 -1.49832
-0.00293471 0.0210426 0.0220713
83
1
-0.68743 12.1012 -1.53866
-0.00210872 0.0239103 0.0250481
84
1
-0.681219 12.0563 -1.57917
-0.00430077 0.0251948 0.0226752
85
1
-0.67208 12.0095 -1.61848
-0.00646229 0.0194351 0.0170659
86
1
-0.660905 11.9626 -1.65486
-0.00936409 0.020649 0.0157306
87
1
-0.648628 11.9142 -1.69002
-0.00963109 0.0262061 0.0165386
88
1
-0.641406 11.8636 -1.72457
-0.0025075 0.0215831 0.0140577
89
1
-0.640584 11.8146 -1.75868
0.00193836 0.0224703 0.0154234
90
1
-0.646209 11.7648 -1.79313
0.00965503 0.027898 0.0163482
91
1
-0.658488 11.7135 -1.82781
0.0102387 0.0254652 0.0137185
92
1
-0.674174 11.6624 -1.86533
0.0077765 0.0211167 0.0127466
93
1
-0.689501 11.6128 -1.9161
0.00997548 0.0266111 0.0288365
94
1
-0.704022 11.569 -1.98408
0.00801141 0.0145025 0.0461222
95
1
-0.713955 11.5311 -2.06033
0.00787781 0.0108485 0.0373044
96
1
-0.709805 11.4885 -2.13884
-0.0124315 0.0287536 0.0405552
97
1
-0.687345 11.444 -2.21609
-0.0192136 0.0198714 0.036892
98
1
-0.660363 11.4047 -2.29122
-0.00859451 0.0149016 0.0276771
99
1
-0.628594 11.3583 -2.38696
-0.0177238 0.0405635 0.0627252
100
1
-0.585941 11.3238 -2.48497
-0.0270983 0.00627763 0.0430132
101
1
-0.532055 11.3165 -2.57182
-0.0296905 -0.00704136 0.0378456
102
1
-0.476511 11.313 -2.64463
-0.017147 -0.00384789 0.0191442
103
1
-0.366068 11.2928 -2.74453
-0.0597412 0.0265139 0.0424247
104
1
-0.170203 11.2327 -2.87761
-0.064326 0.0141319 0.041645
105
1
-0.311038 6.82543 -0.0571221
0.0241261 0.0436126 0.00917223
106
1
-1.81842 13.298 -0.0617899
0.0602863 -0.0149067 -0.00556946
107
1
1.81885 13.3125 -0.090079
0.0619438 0.0133828 0.00960543
108
1
0.312255 6.82607 -0.0530636
0.0241019 -0.0432678 -0.00904522
109
1
0.17006 11.2327 -2.87762
-0.064327 -0.0141347 -0.0416424
110
1
0.365918 11.2928 -2.74456
-0.0597406 -0.0265184 -0.0424227
111
1
0.476359 11.313 -2.64468
-0.0171457 0.00384678 -0.0191417
112
1
0.531898 11.3165 -2.57188
-0.0296883 0.00704055 -0.0378396
113
1
0.585775 11.3238 -2.48504
-0.0270935 -0.0062789 -0.0430056
114
1
0.628415 11.3583 -2.38705
-0.0177157 -0.0405719 -0.0627195
115
1
0.660171 11.4047 -2.29133
-0.00858815 -0.014905 -0.0276714
116
1
0.68714 11.444 -2.2162
-0.0192065 -0.0198733 -0.0368822
117
1
0.709585 11.4886 -2.13897
-0.0124232 -0.0287562 -0.0405445
118
1
0.713718 11.5312 -2.06048
0.0078853 -0.0108503 -0.0372999
119
1
0.703765 11.569 -1.98425
0.00802263 -0.0145027 -0.0461162
120
1
0.689222 11.6128 -1.91628
0.00998852 -0.0266099 -0.0288242
121
1
0.673875 11.6624 -1.86554
0.00778617 -0.0211145 -0.0127365
122
1
0.65817 11.7135 -1.82804
0.0102528 -0.0254629 -0.0137055
123
1
0.64587 11.7648 -1.79339
0.0096736 -0.0278961 -0.016332
124
1
0.640224 11.8146 -1.75897
0.00195426 -0.0224667 -0.0154052
125
1
0.641025 11.8636 -1.7249
-0.00249294 -0.0215784 -0.0140359
126
1
0.648226 11.9142 -1.6904
-0.00961706 -0.0261974 -0.0165051
127
1
0.660484 11.9626 -1.65531
-0.00935312 -0.0206391 -0.0156974
128
1
0.671644 12.0094 -1.619
-0.00645184 -0.0194248 -0.0170293
129
1
0.680773 12.0562 -1.57978
-0.00428878 -0.0251808 -0.0226205
130
1
0.68698 12.1011 -1.53938
-0.00209873 -0.0238899 -0.024979
131
1
0.692347 12.1437 -1.49917
-0.00293314 -0.0210166 -0.0219959
132
1
0.696988 12.1868 -1.45961
-0.00555802 -0.023075 -0.0195624
133
1
0.700828 12.2295 -1.42306
-0.00419251 -0.0220462 -0.0175616
134
1
0.701852 12.2716 -1.39107
-0.000541703 -0.021003 -0.0150572
135
1
0.700316 12.3142 -1.36409
0.000894337 -0.0215691 -0.0108364
136
1
0.695949 12.3557 -1.34213
-0.000117228 -0.017933 -0.00819057
137
1
0.688668 12.3936 -1.32444
0.001615 -0.0157115 -0.00723705
138
1
0.677368 12.4283 -1.30958
0.00590143 -0.0157 -0.00554079
139
1
0.661219 12.4609 -1.29584
0.00767005 -0.0153057 -0.00509183
140
1
0.640185 12.4921 -1.2825
0.0108618 -0.0155684 -0.00551407
141
1
0.614174 12.5226 -1.26912
0.0198525 -0.0161162 -0.0053835
142
1
0.580247 12.5514 -1.254
0.0231233 -0.0126989 -0.00491901
143
1
0.540573 12.5787 -1.237
0.0201956 -0.00870807 -0.00446632
144
1
0.497808 12.6037 -1.2179
0.0233077 -0.00864432 -0.00324936
145
1
0.454177 12.6308 -1.19281
0.0233719 -0.0140126 -0.0100713
146
1
0.413166 12.6607 -1.15793
0.0229795 -0.0256953 -0.0312562
147
1
0.373558 12.6922 -1.10754
0.0265034 -0.0293072 -0.0671603
148
1
0.329994 12.7262 -1.05598
0.0382851 0.00132385 -0.0358288
149
1
0.273317 12.7504 -1.01131
0.0302644 -0.0205531 9.24798e-005
150
1
0.22923 12.8055 -0.942407
0.00627525 -0.0659423 -0.0410376
151
1
0.169521 12.883 -0.92843
0.042526 -0.0165588 -0.0146247
152
1
0.165892 12.9871 -0.910862
-0.0287121 -0.0163337 -0.00220083
153
1
0.0599998 13.2845 -1.2004
-0.00114831 -0.00675565 -0.0320944
154
1
0.0260852 13.574 -0.168339
-0.00472657 0.0281592 -0.0552008
155
1
0.0679911 14.1209 -0.000466904
-0.000617705 0.000126862 -0.0778678
156
1
0.0258412 13.574 0.168429
0.00491358 -0.0281973 -0.0552041
157
1
0.0666252 13.2838 1.2013
0.00406291 0.00560961 -0.0327311
158
1
0.165365 13.0007 0.910289
0.0259774 0.0142522 -0.00241243
159
1
0.164718 12.8916 0.926567
-0.0387451 0.0190422 -0.0150404
160
1
0.226506 12.8148 0.939749
-0.00762994 0.0671255 -0.0388305
161
1
0.272182 12.7587 1.00847
-0.0317511 0.0195362 0.00081845
162
1
0.329543 12.7336 1.05219
-0.0393903 0.00038574 -0.0368099
163
1
0.373644 12.6977 1.10381
-0.0269245 0.030944 -0.0662525
164
1
0.413696 12.6649 1.15407
-0.0231411 0.0262846 -0.0310908
165
1
0.454814 12.634 1.18895
-0.0233674 0.0143865 -0.0103344
166
1
0.49845 12.6062 1.21408
-0.0231978 0.00894775 -0.0035144
167
1
0.541128 12.5807 1.23335
-0.0200718 0.00896467 -0.00467191
168
1
0.58074 12.553 1.25048
-0.0229972 0.0129358 -0.00511522
169
1
0.614609 12.5239 1.26597
-0.0198099 0.0162677 -0.0055776
170
1
0.640608 12.4932 1.27965
-0.010882 0.0156616 -0.00567003
171
1
0.661613 12.4618 1.29324
-0.00769129 0.015366 -0.00522849
172
1
0.677736 12.429 1.30722
-0.00592159 0.0157423 -0.00567137
173
1
0.689018 12.3942 1.32233
-0.00165123 0.0157519 -0.00735361
174
1
0.696296 12.3562 1.34026
8.39226e-005 0.0179635 -0.00830735
175
1
0.700694 12.3146 1.36246
-0.000917734 0.021593 -0.0109713
176
1
0.702263 12.2719 1.38968
0.000523624 0.0210372 -0.0151792
177
1
0.701259 12.2298 1.42188
0.00417761 0.0220837 -0.0176627
178
1
0.697429 12.187 1.45861
0.0055482 0.0231079 -0.0196501
179
1
0.692794 12.1438 1.49832
0.00293472 0.0210426 -0.0220713
180
1
0.68743 12.1012 1.53866
0.00210872 0.0239103 -0.0250481
181
1
0.681219 12.0563 1.57917
0.00430077 0.0251948 -0.0226752
182
1
0.67208 12.0095 1.61848
0.00646229 0.0194351 -0.0170659
183
1
0.660905 11.9626 1.65486
0.00936409 0.020649 -0.0157306
184
1
0.648628 11.9142 1.69002
0.00963109 0.0262061 -0.0165386
185
1
0.641406 11.8636 1.72457
0.0025075 0.0215831 -0.0140577
186
1
0.640584 11.8146 1.75868
-0.00193837 0.0224703 -0.0154234
187
1
0.646209 11.7648 1.79313
-0.00965504 0.027898 -0.0163482
188
1
0.658488 11.7135 1.82781
-0.0102387 0.0254652 -0.0137185
189
1
0.674174 11.6624 1.86533
-0.00777651 0.0211167 -0.0127466
190
1
0.689501 11.6128 1.91609
-0.00997548 0.0266111 -0.0288365
191
1
0.704022 11.569 1.98408
-0.00801141 0.0145025 -0.0461222
192
1
0.713955 11.5311 2.06033
-0.0078778 0.0108485 -0.0373044
193
1
0.709805 11.4885 2.13884
0.0124315 0.0287536 -0.0405552
