194
0
1
0.837332 2.30503 1.76215
0.0313229 -0.0237838 -0.0209847
1
1
0.773807 2.34954 1.80328
0.0344957 -0.0222718 -0.020419
2
1
0.702958 2.39153 1.84347
0.0375019 -0.0201355 -0.019696
3
1
0.625601 2.4306 1.88159
0.0407234 -0.0184658 -0.0190169
4
1
0.541806 2.46646 1.91578
0.0431256 -0.0166108 -0.0161763
5
1
0.452463 2.49896 1.94455
0.0456582 -0.0146919 -0.0128908
6
1
0.357997 2.52694 1.96711
0.0483422 -0.0123053 -0.00918608
7
1
0.259025 2.54877 1.98373
0.0505365 -0.00884927 -0.00607984
8
1
0.156715 2.56406 1.99506
0.0518407 -0.00552462 -0.00400701
9
1
0.0524518 2.57236 2.00092
0.0524686 -0.00203773 -0.00148221
10
1
-0.0524518 2.57236 2.00092
0.0524686 0.00203773 0.00148221
11
1
-0.156715 2.56406 1.99506
0.0518407 0.00552462 0.00400701
12
1
-0.259025 2.54877 1.98373
0.0505365 0.00884927 0.00607984
13
1
-0.357997 2.52694 1.96711
0.0483422 0.0123053 0.00918608
14
1
-0.452463 2.49896 1.94455
0.0456582 0.0146919 0.0128908
15
1
-0.541806 2.46646 1.91578
0.0431256 0.0166108 0.0161763
16
1
-0.625601 2.4306 1.88159
0.0407234 0.0184658 0.0190169
17
1
-0.702958 2.39153 1.84347
0.0375019 0.0201355 0.019696
18
1
-0.773807 2.34954 1.80328
0.0344957 0.0222718 0.020419
19
1
-0.837332 2.30503 1.76215
0.0313229 0.0237838 0.0209847
20
1
-0.893224 2.25922 1.72069
0.0267975 0.0237734 0.0207436
21
1
-0.941968 2.21305 1.67861
0.0230527 0.0231209 0.0215898
22
1
-0.984123 2.16753 1.63558
0.0198104 0.0223823 0.0219818
23
1
-1.02032 2.12242 1.59191
0.0171811 0.0218852 0.0221035
24
1
-1.0513 2.07777 1.54833
0.0144468 0.0216833 0.0220483
25
1
-1.07736 2.03353 1.50501
0.0123199 0.021848 0.0217476
26
1
-1.09846 1.98881 1.46268
0.0101829 0.0221703 0.0207535
27
1
-1.11534 1.94364 1.42196
0.00786804 0.0224061 0.0197541
28
1
-1.128 1.89884 1.38205
0.00562329 0.0222138 0.0196697
29
1
-1.13596 1.85488 1.34216
0.00287281 0.0216301 0.020009
30
1
-1.13907 1.81197 1.30197
-0.000492296 0.0210558 0.0201383
31
1
-1.13767 1.77042 1.26101
-0.00348963 0.0205801 0.0202546
32
1
-1.132 1.73086 1.21863
-0.0055212 0.0198859 0.0207012
33
1
-1.12209 1.69368 1.17476
-0.00695842 0.0187536 0.0214632
34
1
-1.10838 1.65882 1.12976
-0.00824821 0.0173842 0.0223089
35
1
-1.09162 1.62609 1.08383
-0.00940623 0.0161385 0.0230347
36
1
-1.07252 1.5955 1.0369
-0.0103265 0.0151638 0.0235827
37
1
-1.05109 1.56718 0.989098
-0.0110742 0.014375 0.0239656
38
1
-1.02698 1.541 0.941015
-0.0118379 0.01362 0.024165
39
1
-0.999972 1.51639 0.893561
-0.0127882 0.0127976 0.0241231
40
1
-0.970374 1.4927 0.847307
-0.0139981 0.0118538 0.0238218
41
1
-0.938868 1.46977 0.802161
-0.0154358 0.0107596 0.0233172
42
1
-0.90603 1.44829 0.757491
-0.0169798 0.00949473 0.0227135
43
1
-0.871931 1.42949 0.712743
-0.018437 0.00802595 0.0221225
44
1
-0.836317 1.41455 0.667865
-0.0196163 0.00632923 0.0216206
45
1
-0.799 1.40407 0.623279
-0.0203887 0.00444534 0.0212413
46
1
-0.760234 1.39787 0.579374
-0.0207023 0.00245517 0.0210249
47
1
-0.720747 1.39533 0.53609
-0.0205649 0.00046823 0.0210156
48
1
-0.681547 1.39582 0.4929
-0.020016 -0.00138161 0.0212285
49
1
-0.643689 1.39885 0.449112
-0.0190948 -0.00296145 0.0216401
50
1
-0.608096 1.40409 0.404204
-0.017832 -0.00417178 0.0222056
51
1
-0.575483 1.41112 0.357932
-0.0162597 -0.00495775 0.0228783
52
1
-0.546364 1.41933 0.310245
-0.0144161 -0.0053002 0.0236162
53
1
-0.521107 1.42799 0.261185
-0.0123458 -0.00520939 0.0243784
54
1
-0.500005 1.43631 0.210828
-0.0100907 -0.00471733 0.0251169
55
1
-0.483303 1.44356 0.159299
-0.00769175 -0.00387586 0.0257768
56
1
-0.471208 1.44915 0.106792
-0.0051831 -0.0027505 0.0263009
57
1
-0.463876 1.45267 0.0535808
-0.00260809 -0.00142467 0.0266389
58
1
-0.461417 1.45386 -3.20611e-016
1.66971e-016 -2.58289e-017 0.0267559
59
1
-0.463876 1.45267 -0.0535808
0.00260809 0.00142467 0.0266389
60
1
-0.471208 1.44915 -0.106792
0.0051831 0.0027505 0.0263009
61
1
-0.483303 1.44356 -0.159299
0.00769175 0.00387586 0.0257768
62
1
-0.500005 1.43631 -0.210828
0.0100907 0.00471733 0.0251169
63
1
-0.521107 1.42799 -0.261185
0.0123458 0.00520939 0.0243784
64
1
-0.546364 1.41933 -0.310245
0.0144161 0.0053002 0.0236162
65
1
-0.575483 1.41112 -0.357932
0.0162597 0.00495775 0.0228783
66
1
-0.608096 1.40409 -0.404204
0.017832 0.00417178 0.0222056
67
1
-0.643689 1.39885 -0.449112
0.0190948 0.00296145 0.0216401
68
1
-0.681547 1.39582 -0.4929
0.020016 0.00138161 0.0212285
69
1
-0.720747 1.39533 -0.53609
0.0205649 -0.00046823 0.0210156
70
1
-0.760234 1.39787 -0.579374
0.0207023 -0.00245517 0.0210249
71
1
-0.799 1.40407 -0.623279
0.0203887 -0.00444534 0.0212413
72
1
-0.836317 1.41455 -0.667865
0.0196163 -0.00632923 0.0216206
73
1
-0.871931 1.42949 -0.712743
0.018437 -0.00802595 0.0221225
74
1
-0.90603 1.44829 -0.757491
0.0169798 -0.00949473 0.0227135
75
1
-0.938868 1.46977 -0.802161
0.0154358 -0.0107596 0.0233172
76
1
-0.970374 1.4927 -0.847307
0.0139981 -0.0118538 0.0238218
77
1
-0.999972 1.51639 -0.893561
0.0127882 -0.0127976 0.0241231
78
1
-1.02698 1.541 -0.941015
0.0118379 -0.01362 0.024165
79
1
-1.05109 1.56718 -0.989098
0.0110742 -0.014375 0.0239656
80
1
-1.07252 1.5955 -1.0369
0.0103265 -0.0151638 0.0235827
81
1
-1.09162 1.62609 -1.08383
0.00940623 -0.0161385 0.0230347
82
1
-1.10838 1.65882 -1.12976
0.00824821 -0.0173842 0.0223089
83
1
-1.12209 1.69368 -1.17476
0.00695842 -0.0187536 0.0214632
84
1
-1.132 1.73086 -1.21863
0.0055212 -0.0198859 0.0207012
85
1
-1.13767 1.77042 -1.26101
0.00348963 -0.0205801 0.0202546
86
1
-1.13907 1.81197 -1.30197
0.000492296 -0.0210558 0.0201383
87
1
-1.13596 1.85488 -1.34216
-0.00287281 -0.0216301 0.020009
88
1
-1.128 1.89884 -1.38205
-0.00562329 -0.0222138 0.0196697
89
1
-1.11534 1.94364 -1.42196
-0.00786804 -0.0224061 0.0197541
90
1
-1.09846 1.98881 -1.46268
-0.0101829 -0.0221703 0.0207535
91
1
-1.07736 2.03353 -1.50501
-0.0123199 -0.021848 0.0217476
92
1
-1.0513 2.07777 -1.54833
-0.0144468 -0.0216833 0.0220483
93
1
-1.02032 2.12242 -1.59191
-0.0171811 -0.0218852 0.0221035
94
1
-0.984123 2.16753 -1.63558
-0.0198104 -0.0223823 0.0219818
95
1
-0.941968 2.21305 -1.67861
-0.0230527 -0.0231209 0.0215898
96
1
-0.893224 2.25922 -1.72069
-0.0267975 -0.0237734 0.0207436
97
1
-0.837332 2.30503 -1.76215
-0.0313229 -0.0237838 0.0209847
98
1
-0.773807 2.34954 -1.80328
-0.0344957 -0.0222718 0.020419
99
1
-0.702958 2.39153 -1.84347
-0.0375019 -0.0201355 0.019696
100
1
-0.625601 2.4306 -1.88159
-0.0407234 -0.0184658 0.0190169
101
1
-0.541806 2.46646 -1.91578
-0.0431256 -0.0166108 0.0161763
102
1
-0.452463 2.49896 -1.94455
-0.0456582 -0.0146919 0.0128908
103
1
-0.357997 2.52694 -1.96711
-0.0483422 -0.0123053 0.00918608
104
1
-0.259025 2.54877 -1.98373
-0.0505365 -0.00884927 0.00607984
105
1
-0.156715 2.56406 -1.99506
-0.0518407 -0.00552462 0.00400701
106
1
-0.0524518 2.57236 -2.00092
-0.0524686 -0.00203773 0.00148221
107
1
0.0524518 2.57236 -2.00092
-0.0524686 0.00203773 -0.00148221
108
1
0.156715 2.56406 -1.99506
-0.0518407 0.00552462 -0.00400701
109
1
0.259025 2.54877 -1.98373
-0.0505365 0.00884927 -0.00607984
110
1
0.357997 2.52694 -1.96711
-0.0483422 0.0123053 -0.00918608
111
1
0.452463 2.49896 -1.94455
-0.0456582 0.0146919 -0.0128908
112
1
0.541806 2.46646 -1.91578
-0.0431256 0.0166108 -0.0161763
113
1
0.625601 2.4306 -1.88159
-0.0407234 0.0184658 -0.0190169
114
1
0.702958 2.39153 -1.84347
-0.0375019 0.0201355 -0.019696
115
1
0.773807 2.34954 -1.80328
-0.0344957 0.0222718 -0.020419
116
1
0.837332 2.30503 -1.76215
-0.0313229 0.0237838 -0.0209847
117
1
0.893224 2.25922 -1.72069
-0.0267975 0.0237734 -0.0207436
118
1
0.941968 2.21305 -1.67861
-0.0230527 0.0231209 -0.0215898
119
1
0.984123 2.16753 -1.63558
-0.0198104 0.0223823 -0.0219818
120
1
1.02032 2.12242 -1.59191
-0.0171811 0.0218852 -0.0221035
121
1
1.0513 2.07777 -1.54833
-0.0144468 0.0216833 -0.0220483
122
1
1.07736 2.03353 -1.50501
-0.0123199 0.021848 -0.0217476
123
1
1.09846 1.98881 -1.46268
-0.0101829 0.0221703 -0.0207535
124
1
1.11534 1.94364 -1.42196
-0.00786804 0.0224061 -0.0197541
125
1
1.128 1.89884 -1.38205
-0.00562329 0.0222138 -0.0196697
126
1
1.13596 1.85488 -1.34216
-0.00287281 0.0216301 -0.020009
127
1
1.13907 1.81197 -1.30197
0.000492296 0.0210558 -0.0201383
128
1
1.13767 1.77042 -1.26101
0.00348963 0.0205801 -0.0202546
129
1
1.132 1.73086 -1.21863
0.0055212 0.0198859 -0.0207012
130
1
1.12209 1.69368 -1.17476
0.00695842 0.0187536 -0.0214632
131
1
1.10838 1.65882 -1.12976
0.00824821 0.0173842 -0.0223089
132
1
1.09162 1.62609 -1.08383
0.00940623 0.0161385 -0.0230347
133
1
1.07252 1.5955 -1.0369
0.0103265 0.0151638 -0.0235827
134
1
1.05109 1.56718 -0.989098
0.0110742 0.014375 -0.0239656
135
1
1.02698 1.541 -0.941015
0.0118379 0.01362 -0.024165
136
1
0.999972 1.51639 -0.893561
0.0127882 0.0127976 -0.0241231
137
1
0.970374 1.4927 -0.847307
0.0139981 0.0118538 -0.0238218
138
1
0.938868 1.46977 -0.802161
0.0154358 0.0107596 -0.0233172
139
1
0.90603 1.44829 -0.757491
0.0169798 0.00949473 -0.0227135
140
1
0.871931 1.42949 -0.712743
0.018437 0.00802595 -0.0221225
141
1
0.836317 1.41455 -0.667865
0.0196163 0.00632923 -0.0216206
142
1
0.799 1.40407 -0.623279
0.0203887 0.00444534 -0.0212413
143
1
0.760234 1.39787 -0.579374
0.0207023 0.00245517 -0.0210249
144
1
0.720747 1.39533 -0.53609
0.0205649 0.00046823 -0.0210156
145
1
0.681547 1.39582 -0.4929
0.020016 -0.00138161 -0.0212285
146
1
0.643689 1.39885 -0.449112
0.0190948 -0.00296145 -0.0216401
147
1
0.608096 1.40409 -0.404204
0.017832 -0.00417178 -0.0222056
148
1
0.575483 1.41112 -0.357932
0.0162597 -0.00495775 -0.0228783
149
1
0.546364 1.41933 -0.310245
0.0144161 -0.0053002 -0.0236162
150
1
0.521107 1.42799 -0.261185
0.0123458 -0.00520939 -0.0243784
151
1
0.500005 1.43631 -0.210828
0.0100907 -0.00471733 -0.0251169
152
1
0.483303 1.44356 -0.159299
0.00769175 -0.00387586 -0.0257768
153
1
0.471208 1.44915 -0.106792
0.0051831 -0.0027505 -0.0263009
154
1
0.463876 1.45267 -0.0535808
0.00260809 -0.00142467 -0.0266389
155
1
0.461417 1.45386 -2.81976e-016
1.16103e-016 3.21993e-017 -0.0267559
156
1
0.463876 1.45267 0.0535808
-0.00260809 0.00142467 -0.0266389
157
1
0.471208 1.44915 0.106792
-0.0051831 0.0027505 -0.0263009
158
1
0.483303 1.44356 0.159299
-0.00769175 0.00387586 -0.0257768
159
1
0.500005 1.43631 0.210828
-0.0100907 0.00471733 -0.0251169
160
1
0.521107 1.42799 0.261185
-0.0123458 0.00520939 -0.0243784
161
1
0.546364 1.41933 0.310245
-0.0144161 0.0053002 -0.0236162
162
1
0.575483 1.41112 0.357932
-0.0162597 0.00495775 -0.0228783
163
1
0.608096 1.40409 0.404204
-0.017832 0.00417178 -0.0222056
164
1
0.643689 1.39885 0.449112
-0.0190948 0.00296145 -0.0216401
165
1
0.681547 1.39582 0.4929
-0.020016 0.00138161 -0.0212285
166
1
0.720747 1.39533 0.53609
-0.0205649 -0.00046823 -0.0210156
167
1
0.760234 1.39787 0.579374
-0.0207023 -0.00245517 -0.0210249
168
1
0.799 1.40407 0.623279
-0.0203887 -0.00444534 -0.0212413
169
1
0.836317 1.41455 0.667865
-0.0196163 -0.00632923 -0.0216206
170
1
0.871931 1.42949 0.712743
-0.018437 -0.00802595 -0.0221225
171
1
0.90603 1.44829 0.757491
-0.0169798 -0.00949473 -0.0227135
172
1
0.938868 1.46977 0.802161
-0.0154358 -0.0107596 -0.0233172
173
1
0.970374 1.4927 0.847307
-0.0139981 -0.0118538 -0.0238218
174
1
0.999972 1.51639 0.893561
-0.0127882 -0.0127976 -0.0241231
175
1
1.02698 1.541 0.941015
-0.0118379 -0.01362 -0.024165
176
1
1.05109 1.56718 0.989098
-0.0110742 -0.014375 -0.0239656
177
1
1.07252 1.5955 1.0369
-0.0103265 -0.0151638 -0.0235827
178
1
1.09162 1.62609 1.08383
-0.00940623 -0.0161385 -0.0230347
179
1
1.10838 1.65882 1.12976
-0.00824821 -0.0173842 -0.0223089
180
1
1.12209 1.69368 1.17476
-0.00695842 -0.0187536 -0.0214632
181
1
1.132 1.73086 1.21863
-0.0055212 -0.0198859 -0.0207012
182
1
1.13767 1.77042 1.26101
-0.00348963 -0.0205801 -0.0202546
183
1
1.13907 1.81197 1.30197
-0.000492296 -0.0210558 -0.0201383
184
1
1.13596 1.85488 1.34216
0.00287281 -0.0216301 -0.020009
185
1
1.128 1.89884 1.38205
0.00562329 -0.0222138 -0.0196697
186
1
1.11534 1.94364 1.42196
0.00786804 -0.0224061 -0.0197541
187
1
1.09846 1.98881 1.46268
0.0101829 -0.0221703 -0.0207535
188
1
1.07736 2.03353 1.50501
0.0123199 -0.021848 -0.0217476
189
1
1.0513 2.07777 1.54833
0.0144468 -0.0216833 -0.0220483
190
1
1.02032 2.12242 1.59191
0.0171811 -0.0218852 -0.0221035
191
1
0.984123 2.16753 1.63558
0.0198104 -0.0223823 -0.0219818
192
1
0.941968 2.21305 1.67861
0.0230527 -0.0231209 -0.0215898
193
1
0.893224 2.25922 1.72069
0.0267975 -0.0237734 -0.0207436
